0.0710923033 0.0743996700 0.0780615136 
 0.0667448951 0.0701382238 0.0739145609 
 0.0627739197 0.0662244713 0.0700845420 
 0.0592260392 0.0627091454 0.0666255094 
 0.0561322206 0.0596283823 0.0635782993 
 0.0535100811 0.0570053718 0.0609714845 
 0.0513670831 0.0548529613 0.0588233359 
 0.0497039594 0.0531766477 0.0571443007 
 0.0485178936 0.0519774837 0.0559395490 
 0.0478051597 0.0512545705 0.0552112401 
 0.0475630643 0.0510069356 0.0549602780 
 0.0477911317 0.0512346973 0.0551874172 
 0.0484915157 0.0519394721 0.0558936508 
 0.0496686321 0.0531240085 0.0570798558 
 0.0513280054 0.0547910521 0.0587457076 
 0.0534743349 0.0569414711 0.0608879216 
 0.0561088320 0.0595717357 0.0634979496 
 0.0592259759 0.0626709434 0.0665593645 
 0.0628099910 0.0662177290 0.0700452867 
 0.0668315346 0.0701775475 0.0739163241 
 0.0712452460 0.0745009326 0.0781195510 
 0.0759888642 0.0791233159 0.0825889793 
 0.0809844721 0.0839668074 0.0872477630 
 0.0861420523 0.0889439554 0.0920120166 
 0.0913649987 0.0939630396 0.0967957489 
 0.0965567068 0.0989340419 0.1015161185 
 0.1016270656 0.1037742649 0.1060981495 
 0.1064977347 0.1084126939 0.1104782096 
 0.1111054715 0.1127925688 0.1146058973 
 0.1154033143 0.1168720958 0.1184443603 
 0.1193599102 0.1206236096 0.1219693590 
 0.1229575657 0.1240317106 0.1251675320 
 0.1261896640 0.1270909223 0.1280343181 
 0.1290579864 0.1298033188 0.1305718941 
 0.1315703008 0.1321764099 0.1327873559 
 0.1337383969 0.1342214280 0.1346912497 
 0.1355766114 0.1359520406 0.1362964674 
 0.1371007974 0.1373834474 0.1376174650 
 0.1383276541 0.1385317851 0.1386697402 
 0.1392743215 0.1394137593 0.1394694998 
 0.1399581593 0.1400464326 0.1400334562 
 0.1403966413 0.1404471120 0.1403787072 
 0.1406073217 0.1406332950 0.1405226630 
 0.1406078390 0.1406226476 0.1404829981 
 0.1404159386 0.1404329959 0.1402776130 
 0.1400495022 0.1400823221 0.1399245958 
 0.1395265764 0.1395887557 0.1394421787 
 0.1388653957 0.1389705597 0.1388486856 
 0.1380843975 0.1382461052 0.1381624697 
 0.1372022245 0.1374338359 0.1374018391 
 0.1362377137 0.1365522188 0.1365849707 
 0.1352098658 0.1356196786 0.1357298119 
 0.1341377929 0.1346545151 0.1348539686 
 0.1330406373 0.1336748002 0.1339745797 
 0.1319374591 0.1326982515 0.1331081782 
 0.1308470869 0.1317420818 0.1322705378 
 0.1297879309 0.1308228243 0.1314765064 
 0.1287777569 0.1299561323 0.1307398278 
 0.1278334271 0.1291565597 0.1300729557 
 0.1269706119 0.1284373248 0.1294868623 
 0.1262034845 0.1278100672 0.1289908488 
 0.1255444115 0.1272846052 0.1285923636 
 0.1250036511 0.1268687066 0.1282968363 
 0.1245890768 0.1265678806 0.1281075332 
 0.1243059384 0.1263852038 0.1280254434 
 0.1241566725 0.1263211877 0.1280491998 
 0.1241407723 0.1263736945 0.1281750407 
 0.1242547237 0.1265379082 0.1283968141 
 0.1244920093 0.1268063610 0.1287060275 
 0.1248431843 0.1271690166 0.1290919413 
 0.1252960189 0.1276134095 0.1295417044 
 0.1258357058 0.1281248336 0.1300405285 
 0.1264451247 0.1286865763 0.1305718947 
 0.1271051542 0.1292801888 0.1311177874 
 0.1277950211 0.1298857840 0.1316589457 
 0.1284926740 0.1304823504 0.1321751266 
 0.1291751663 0.1310480727 0.1326453690 
 0.1298190359 0.1315606463 0.1330482531 
 0.1304006696 0.1319975786 0.1333621455 
 0.1308966392 0.1323364677 0.1335654274 
 0.1312840051 0.1325552552 0.1336367017 
 0.1315405827 0.1326324503 0.1335549785 
 0.1316451720 0.1325473290 0.1332998432 
 0.1315777585 0.1322801131 0.1328516144 
 0.1313196934 0.1318121423 0.1321915041 
 0.1308538698 0.1311260539 0.1313017988 
 0.1301649139 0.1302059936 0.1301660884 
 0.1292394168 0.1290378869 0.1287695765 
 0.1280662351 0.1276098040 0.1270995157 
 0.1266368918 0.1259124579 0.1251458129 
 0.1249461069 0.1239398706 0.1229018480 
 0.1229924775 0.1216902304 0.1203655335 
 0.1207793088 0.1191669384 0.1175406020 
 0.1183155659 0.1163797970 0.1144380594 
 0.1156168704 0.1133462387 0.1110776589 
 0.1127064213 0.1100924261 0.1074891732 
 0.1096156721 0.1066540042 0.1037131801 
 0.1063845729 0.1030762611 0.0998010600 
 0.1030612056 0.0994134930 0.0958139746 
 0.0997007026 0.0957274687 0.0918207467 
 0.0963634504 0.0920850521 0.0878947837 
 0.0931127182 0.0885552153 0.0841104083 
 0.0900119685 0.0852058204 0.0805391135 
 0.0871221809 0.0821006044 0.0772462831 
 0.0844995117 0.0792967495 0.0742888027 
 0.0821935292 0.0768432835 0.0717137766 
 0.0802461371 0.0747803719 0.0695583260 
 0.0786911557 0.0731393870 0.0678502504 
 0.0775544177 0.0719435231 0.0666092224 
 0.0768541707 0.0712086713 0.0658481570 
 0.0766015653 0.0709442775 0.0655744392 
 0.0768010367 0.0711539606 0.0657907698 
 0.0774504537 0.0718357470 0.0664954810 
 0.0785409825 0.0729818676 0.0676822686 
 0.0800567019 0.0745781550 0.0693393799 
 0.0819740830 0.0766031721 0.0714483918 
 0.0842615143 0.0790272808 0.0739828051 
 0.0868790894 0.0818119217 0.0769067605 
 0.0897788686 0.0849093879 0.0801742300 
 0.0929057717 0.0882633400 0.0837290192 
 0.0961991505 0.0918101912 0.0875058186 
 0.0995949528 0.0954813318 0.0914323555 
 0.1030282585 0.0992059752 0.0954324689 
 0.1064358730 0.1029142594 0.0994297062 
 0.1097586486 0.1065401740 0.1033509164 
 0.1129432597 0.1100239255 0.1071293134 
 0.1159432751 0.1133134814 0.1107066239 
 0.1187195050 0.1163652151 0.1140341467 
 0.1212397158 0.1191437308 0.1170727747 
 0.1234778801 0.1216210646 0.1197921946 
 0.1254131497 0.1237754999 0.1221695570 
 0.1270287264 0.1255902240 0.1241879081 
 0.1283107588 0.1270520020 0.1258346156 
 0.1292473518 0.1281499819 0.1270999436 
 0.1298277276 0.1288746898 0.1279758570 
 0.1300415507 0.1292172305 0.1284550784 
 0.1298784139 0.1291686868 0.1285303896 
 0.1293274825 0.1287197089 0.1281941572 
 0.1283773064 0.1278602940 0.1274380768 
 0.1270158346 0.1265797834 0.1262531479 
 0.1252307016 0.1248671377 0.1246299319 
 0.1230098858 0.1227115864 0.1225591795 
 0.1203428744 0.1201037783 0.1200329449 
 0.1172224712 0.1170375686 0.1170463152 
 0.1136473489 0.1135125382 0.1135998476 
 0.1096253361 0.1095372388 0.1097027087 
 0.1051772312 0.1051329595 0.1053763255 
 0.1003406545 0.1003375364 0.1006580958 
 0.0951731375 0.0952084208 0.0956044123 
 0.0897534428 0.0898240177 0.0902920526 
 0.0841801624 0.0842823541 0.0848170256 
 0.0785670922 0.0786965739 0.0792903611 
 0.0730356853 0.0731875408 0.0738310722 
 0.0677057944 0.0678747236 0.0685573749 
 0.0626865246 0.0628671470 0.0635778593 
 0.0580690341 0.0582562216 0.0589843686 
 0.0539225121 0.0541116842 0.0548478230 
 0.0502936393 0.0504809719 0.0512173663 
 0.0472089773 0.0473915108 0.0481223875 
 0.0446792449 0.0448549003 0.0455764650 
 0.0427043571 0.0428718854 0.0435821619 
 0.0412783107 0.0414372067 0.0421357698 
 0.0403933272 0.0405437319 0.0412313947 
 0.0400429524 0.0401855630 0.0408640584 
 0.0402240118 0.0403600088 0.0410316861 
 0.0409374183 0.0410684122 0.0417359541 
 0.0421878472 0.0423158421 0.0429819971 
 0.0439822865 0.0441096516 0.0447769761 
 0.0463274716 0.0464569089 0.0471275126 
 0.0492262734 0.0493607665 0.0500360638 
 0.0526732545 0.0528159807 0.0534964621 
 0.0566498509 0.0568040443 0.0574890942 
 0.0611199371 0.0612886953 0.0619764913 
 0.0660267780 0.0662128203 0.0669003504 
 0.0712924131 0.0714978168 0.0721810340 
 0.0768202090 0.0770461612 0.0777202657 
 0.0825006247 0.0827472350 0.0834070394 
 0.0882193631 0.0884855706 0.0891258731 
 0.0938663543 0.0941499397 0.0947658273 
 0.0993437844 0.0996414714 0.1002284956 
 0.1045717468 0.1048793585 0.1054335644 
 0.1094908656 0.1098034957 0.1103213240 
 0.1140620699 0.1143742351 0.1148523419 
 0.1182642719 0.1185700296 0.1190050748 
 0.1220909104 0.1223839360 0.1227723821 
 0.1255462141 0.1258198466 0.1261577951 
 0.1286417790 0.1288890456 0.1291721237 
 0.1313937694 0.1316074020 0.1318306997 
 0.1338208254 0.1339932782 0.1341513329 
 0.1359426206 0.1360660980 0.1361529165 
 0.1377789459 0.1378454437 0.1378545572 
 0.1393491818 0.1393505458 0.1392750890 
 0.1406720357 0.1406000375 0.1404328499 
 0.1417654465 0.1416118780 0.1413456233 
 0.1426465891 0.1424033742 0.1420306763 
 0.1433319302 0.1429912539 0.1425048494 
 0.1438373084 0.1433917615 0.1427846670 
 0.1441780193 0.1436207578 0.1428864529 
 0.1443688950 0.1436938121 0.1428264357 
 0.1444243719 0.1436262797 0.1426208384 
 0.1443585414 0.1434333586 0.1422859433 
 0.1441851787 0.1431301208 0.1418381276 
 0.1439177487 0.1427315137 0.1412938625 
 0.1435693858 0.1422523294 0.1406696718 
 0.1431528451 0.1417071377 0.1399820465 
 0.1426804271 0.1411101853 0.1392473138 
 0.1421638761 0.1404752591 0.1384814614 
 0.1416142554 0.1398155213 0.1376999235 
 0.1410418062 0.1391433203 0.1369173354 
 0.1404557964 0.1384699888 0.1361472701 
 0.1398643685 0.1378056399 0.1354019710 
 0.1392743968 0.1371589728 0.1346920979 
 0.1386913647 0.1365371045 0.1340265016 
 0.1381192700 0.1359454355 0.1334120447 
 0.1375605701 0.1353875641 0.1328534791 
 0.1370161698 0.1348652546 0.1323533917 
 0.1364854601 0.1343784652 0.1319122216 
 0.1359664066 0.1339254373 0.1315283510 
 0.1354556891 0.1335028441 0.1311982663 
 0.1349488878 0.1331059934 0.1309167822 
 0.1344407133 0.1327290796 0.1306773208 
 0.1339252719 0.1323654732 0.1304722336 
 0.1333963614 0.1320080416 0.1302931535 
 0.1328477878 0.1316494884 0.1301313666 
 0.1322736959 0.1312827019 0.1299781874 
 0.1316689062 0.1309011030 0.1298253287 
 0.1310292479 0.1304989818 0.1296652525 
 0.1303518804 0.1300718137 0.1294914926 
 0.1296355923 0.1296165445 0.1292989382 
 0.1288810658 0.1291318353 0.1290840698 
 0.1280910940 0.1286182543 0.1288451390 
 0.1272707341 0.1280784065 0.1285822825 
 0.1264273804 0.1275169876 0.1282975652 
 0.1255707401 0.1269407517 0.1279949425 
 0.1247126964 0.1263583844 0.1276801408 
 0.1238670498 0.1257802732 0.1273604502 
 0.1230491328 0.1252181766 0.1270444350 
 0.1222753056 0.1246847982 0.1267415658 
 0.1215623489 0.1241932774 0.1264617871 
 0.1209267831 0.1237566214 0.1262150381 
 0.1203841484 0.1233871060 0.1260107500 
 0.1199482894 0.1230956782 0.1258573461 
 0.1196306886 0.1228913975 0.1257617741 
 0.1194398889 0.1227809500 0.1257290993 
 0.1193810432 0.1227682666 0.1257621826 
 0.1194556177 0.1228542690 0.1258614659 
 0.1196612668 0.1230367612 0.1260248773 
 0.1199918870 0.1233104705 0.1262478629 
 0.1204378454 0.1236672390 0.1265235419 
 0.1209863695 0.1240963485 0.1268429764 
 0.1216220728 0.1245849622 0.1271955371 
 0.1223275841 0.1251186522 0.1275693427 
 0.1230842433 0.1256819815 0.1279517469 
 0.1238728197 0.1262591078 0.1283298454 
 0.1246742146 0.1268343736 0.1286909763 
 0.1254701093 0.1273928553 0.1290231907 
 0.1262435297 0.1279208473 0.1293156753 
 0.1269793078 0.1284062655 0.1295591122 
 0.1276644297 0.1288389605 0.1297459689 
 0.1282882691 0.1292109399 0.1298707142 
 0.1288427138 0.1295165012 0.1299299597 
 0.1293221952 0.1297522830 0.1299225299 
 0.1297236367 0.1299172425 0.1298494642 
 0.1300463347 0.1300125684 0.1297139551 
 0.1302917861 0.1300415380 0.1295212265 
 0.1304634727 0.1300093252 0.1292783576 
 0.1305666150 0.1299227692 0.1289940560 
 0.1306079021 0.1297901075 0.1286783866 
 0.1305952048 0.1296206837 0.1283424618 
 0.1305372815 0.1294246357 0.1279981034 
 0.1304434810 0.1292125734 0.1276574840 
 0.1303234519 0.1289952554 0.1273327624 
 0.1301868645 0.1287832751 0.1270357228 
 0.1300431545 0.1285867655 0.1267774344 
 0.1299012932 0.1284151330 0.1265679414 
 0.1297695931 0.1282768295 0.1264159964 
 0.1296555507 0.1281791682 0.1263288469 
 0.1295657331 0.1281281902 0.1263120809 
 0.1295057060 0.1281285823 0.1263695353 
 0.1294800035 0.1281836468 0.1265032687 
 0.1294921362 0.1282953192 0.1267135939 
 0.1295446308 0.1284642290 0.1269991657 
 0.1296390944 0.1286897940 0.1273571142 
 0.1297762943 0.1289703404 0.1277832122 
 0.1299562440 0.1293032353 0.1282720652 
 0.1301782860 0.1296850229 0.1288173091 
 0.1304411625 0.1301115525 0.1294118037 
 0.1307430671 0.1305780896 0.1300478093 
 0.1310816729 0.1310794029 0.1307171379 
 0.1314541335 0.1316098231 0.1314112709 
 0.1318570591 0.1321632735 0.1321214423 
 0.1322864698 0.1327332708 0.1328386849 
 0.1327377317 0.1333129045 0.1335538460 
 0.1332054849 0.1338947991 0.1342575763 
 0.1336835713 0.1344710672 0.1349403008 
 0.1341649725 0.1350332639 0.1355921812 
 0.1346417662 0.1355723491 0.1362030773 
 0.1351051095 0.1360786674 0.1367625164 
 0.1355452555 0.1365419502 0.1372596772 
 0.1359516057 0.1369513448 0.1376833942 
 0.1363128004 0.1372954737 0.1380221841 
 0.1366168453 0.1375625226 0.1382642979 
 0.1368512711 0.1377403567 0.1383977964 
 0.1370033207 0.1378166633 0.1384106507 
 0.1370601599 0.1377791151 0.1382908642 
 0.1370091034 0.1376155539 0.1380266161 
 0.1368378547 0.1373141905 0.1376064255 
 0.1365347541 0.1368638207 0.1370193386 
 0.1360890354 0.1362540589 0.1362551419 
 0.1354910921 0.1354755936 0.1353046093 
 0.1347327567 0.1345204701 0.1341597928 
 0.1338075999 0.1333824107 0.1328143696 
 0.1327112551 0.1320571817 0.1312640609 
 0.1314417757 0.1305430163 0.1295071347 
 0.1300000272 0.1288410965 0.1275449973 
 0.1283901108 0.1269560905 0.1253828676 
 0.1266198043 0.1248967238 0.1230305049 
 0.1247009929 0.1226763454 0.1205029341 
 0.1226500453 0.1203134273 0.1178210843 
 0.1204880800 0.1178319186 0.1150122292 
 0.1182410530 0.1152613628 0.1121101105 
 0.1159396065 0.1126366955 0.1091546355 
 0.1136186265 0.1099976640 0.1061910833 
 0.1113164922 0.1073878533 0.1032688217 
 0.1090740355 0.1048533647 0.1004396162 
 0.1069332714 0.1024412441 0.0977556897 
 0.1049359966 0.1001978028 0.0952677346 
 0.1031223668 0.0981669861 0.0930230834 
 0.1015295645 0.0963889272 0.0910642033 
 0.1001906440 0.0948987816 0.0894276054 
 0.0991336036 0.0937258786 0.0881431792 
 0.0983806964 0.0928931720 0.0872338841 
 0.0979479596 0.0924169294 0.0867156885 
 0.0978449205 0.0923065817 0.0865976285 
 0.0980744389 0.0925646606 0.0868818770 
 0.0986326538 0.0931867714 0.0875637518 
 0.0995090261 0.0941615922 0.0886316459 
 0.1006864926 0.0954709218 0.0900669192 
 0.1021417641 0.0970898373 0.0918438371 
 0.1038458094 0.0989870352 0.0939296745 
 0.1057645570 0.1011254287 0.0962851051 
 0.1078598229 0.1034630421 0.0988649699 
 0.1100904398 0.1059542024 0.1016194581 
 0.1124135215 0.1085509638 0.1044956589 
 0.1147857705 0.1112046578 0.1074393610 
 0.1171647160 0.1138674212 0.1103969184 
 0.1195097801 0.1164935567 0.1133169800 
 0.1217830932 0.1190406028 0.1161519016 
 0.1239500133 0.1214700405 0.1188587180 
 0.1259793518 0.1237476184 0.1213996307 
 0.1278433357 0.1258433318 0.1237420403 
 0.1295173638 0.1277311260 0.1258582102 
 0.1309796237 0.1293884121 0.1277246738 
 0.1322106303 0.1307954792 0.1293215023 
 0.1331927412 0.1319348779 0.1306315315 
 0.1339096844 0.1327908240 0.1316396186 
 0.1343461241 0.1333486581 0.1323319737 
 0.1344872772 0.1335943747 0.1326955871 
 0.1343185869 0.1335142289 0.1327177592 
 0.1338254600 0.1330944243 0.1323857338 
 0.1329930814 0.1323208929 0.1316864401 
 0.1318063284 0.1311791874 0.1306063640 
 0.1302498303 0.1296545325 0.1291315877 
 0.1283082424 0.1277321032 0.1272480687 
 0.1259668330 0.1253976331 0.1249422587 
 0.1232125050 0.1226384793 0.1222021919 
 0.1200353818 0.1194452763 0.1190191762 
 0.1164310566 0.1158142807 0.1153901901 
 0.1124035174 0.1117504144 0.1113209887 
 0.1079685904 0.1072708332 0.1068297393 
 0.1031575053 0.1024085958 0.1019507439 
 0.0980199058 0.0972157147 0.0967375089 
 0.0926254168 0.0917646560 0.0912642064 
 0.0870628737 0.0861473667 0.0856245912 
 0.0814366476 0.0804712726 0.0799278255 
 0.0758601609 0.0748524030 0.0742913986 
 0.0704475087 0.0694066533 0.0688322090 
 0.0653047381 0.0642408400 0.0636575121 
 0.0605225001 0.0594453202 0.0588575347 
 0.0561713775 0.0550894740 0.0545010500 
 0.0523004090 0.0512205090 0.0506343357 
 0.0489385178 0.0478652090 0.0472830937 
 0.0460980026 0.0450337120 0.0444563763 
 0.0437790688 0.0427242533 0.0421514380 
 0.0419745036 0.0409279690 0.0403586021 
 0.0406738689 0.0396331470 0.0390655406 
 0.0398668738 0.0388286131 0.0382606667 
 0.0395458015 0.0385061510 0.0379355524 
 0.0397069909 0.0386619749 0.0380864001 
 0.0403514106 0.0392973050 0.0387146237 
 0.0414843518 0.0404180763 0.0398265727 
 0.0431142331 0.0420337706 0.0414323862 
 0.0452504868 0.0441553296 0.0435439284 
 0.0479005146 0.0467921179 0.0461717633 
 0.0510657921 0.0499479896 0.0493212053 
 0.0547373805 0.0536166862 0.0529876569 
 0.0588913605 0.0577770629 0.0571517158 
 0.0634849842 0.0623889375 0.0617748446 
 0.0684545187 0.0673905722 0.0667966337 
 0.0737156867 0.0726987714 0.0721346842 
 0.0791671962 0.0782121824 0.0776877611 
 0.0846971271 0.0838176546 0.0833421242 
 0.0901911407 0.0893986525 0.0889800567 
 0.0955409337 0.0948440976 0.0944889413 
 0.1006513191 0.1000559176 0.0997690975 
 0.1054448018 0.1049540488 0.1047390522 
 0.1098632817 0.1094784367 0.1093377301 
 0.1138672390 0.1135883584 0.1135238671 
 0.1174331921 0.1172598771 0.1172734670 
 0.1205503227 0.1204823708 0.1205762734 
 0.1232170090 0.1232549274 0.1234320813 
 0.1254377542 0.1255831336 0.1258474399 
 0.1272207397 0.1274765095 0.1278330132 
 0.1285760473 0.1289466409 0.1294016575 
 0.1295144801 0.1300059393 0.1305671411 
 0.1300468696 0.1306669080 0.1313433848 
 0.1301837516 0.1309417908 0.1317440887 
 0.1299353186 0.1308424981 0.1317826387 
 0.1293115867 0.1303807406 0.1314722101 
 0.1283227439 0.1295683271 0.1308260224 
 0.1269796714 0.1284176080 0.1298577165 
 0.1252946399 0.1269420610 0.1285818465 
 0.1232821806 0.1251570135 0.1270144779 
 0.1209601133 0.1230804909 0.1251738813 
 0.1183506825 0.1207341504 0.1230812938 
 0.1154817019 0.1181442335 0.1207616971 
 0.1123875634 0.1153424257 0.1182445341 
 0.1091099239 0.1123664865 0.1155642579 
 0.1056978722 0.1092604922 0.1127605978 
 0.1022074134 0.1060745588 0.1098784301 
 0.0987001957 0.1028639607 0.1069671799 
 0.0952415313 0.0996876563 0.1040797358 
 0.0918979078 0.0966063346 0.1012709422 
 0.0887342953 0.0936801942 0.0985958033 
 0.0858116015 0.0909667152 0.0961075874 
 0.0831845862 0.0885186848 0.0938560336 
 0.0809004392 0.0863826693 0.0918858299 
 0.0789980770 0.0845980257 0.0902354710 
 0.0775080770 0.0831964380 0.0889365206 
 0.0764530624 0.0822018680 0.0880132333 
 0.0758483099 0.0816307624 0.0874824360 
 0.0757023504 0.0814923419 0.0873535550 
 0.0760173854 0.0817888292 0.0876286802 
 0.0767894061 0.0825155226 0.0883026010 
 0.0780079887 0.0836606953 0.0893627968 
 0.0796558254 0.0852053672 0.0907894199 
 0.0817081301 0.0871230692 0.0925553598 
 0.0841321218 0.0893797578 0.0946265030 
 0.0868868249 0.0919340582 0.0969623050 
 0.0899234103 0.0947379847 0.0995167581 
 0.0931862355 0.0977382185 0.1022397784 
 0.0966146204 0.1008779204 0.1050789521 
 0.1001452473 0.1040989420 0.1079815068 
 0.1037149281 0.1073442083 0.1108963159 
 0.1072633973 0.1105599959 0.1137757288 
 0.1107357735 0.1136978527 0.1165770516 
 0.1140844140 0.1167159736 0.1192635639 
 0.1172700107 0.1195799562 0.1218050382 
 0.1202619266 0.1222629624 0.1241778047 
 0.1230378886 0.1247453942 0.1263644523 
 0.1255832215 0.1270142342 0.1283532863 
 0.1278898265 0.1290622058 0.1301376571 
 0.1299550802 0.1308868829 0.1317152569 
 0.1317807822 0.1324898451 0.1330874521 
 0.1333722307 0.1338759310 0.1342586886 
 0.1347374551 0.1350526131 0.1352359865 
 0.1358866078 0.1360294910 0.1360285196 
 0.1368314931 0.1368178867 0.1366472680 
 0.1375852060 0.1374305209 0.1371047266 
 0.1381618517 0.1378812472 0.1374146525 
 0.1385763202 0.1381848251 0.1375918355 
 0.1388440966 0.1383567153 0.1376518799 
 0.1389810913 0.1384128870 0.1376109887 
 0.1390034805 0.1383696288 0.1374857444 
 0.1389275513 0.1382433588 0.1372928830 
 0.1387695471 0.1380504327 0.1370490619 
 0.1385455129 0.1378069493 0.1367706236 
 0.1382711406 0.1375285566 0.1364733581 
 0.1379616162 0.1372302611 0.1361722707 
 0.1376314701 0.1369262443 0.1358813601 
 0.1372944334 0.1366296897 0.1356134135 
 0.1369633023 0.1363526257 0.1353798248 
 0.1366498111 0.1361057857 0.1351904398 
 0.1363645170 0.1358984900 0.1350534336 
 0.1361166957 0.1357385486 0.1349752210 
 0.1359142490 0.1356321871 0.1349604016 
 0.1357636236 0.1355839944 0.1350117372 
 0.1356697423 0.1355968914 0.1351301596 
 0.1356359456 0.1356721179 0.1353148052 
 0.1356639460 0.1358092373 0.1355630713 
 0.1357537937 0.1360061559 0.1358706907 
 0.1359038564 0.1362591556 0.1362318182 
 0.1361108137 0.1365629386 0.1366391266 
 0.1363696682 0.1369106838 0.1370839082 
 0.1366737754 0.1372941139 0.1375561788 
 0.1370148933 0.1377035732 0.1380447842 
 0.1373832542 0.1381281167 0.1385375063 
 0.1377676576 0.1385556104 0.1390211700 
 0.1381555851 0.1389728409 0.1394817503 
 0.1385333342 0.1393656361 0.1399044796 
 0.1388861702 0.1397189936 0.1402739549 
 0.1391984906 0.1400172148 0.1405742445 
 0.1394540001 0.1402440438 0.1407889930 
 0.1396358892 0.1403828068 0.1409015252 
 0.1397270144 0.1404165511 0.1408949454 
 0.1397100753 0.1403281803 0.1407522338 
 0.1395677856 0.1401005856 0.1404563393 
 0.1392830388 0.1397167731 0.1399902703 
 0.1388390682 0.1391599908 0.1393371869 
 0.1382196066 0.1384138594 0.1384805038 
 0.1374090532 0.1374625177 0.1374040126 
 0.1363926605 0.1362907983 0.1360920456 
 0.1351567591 0.1348844554 0.1345297069 
 0.1336890444 0.1332304750 0.1327032096 
 0.1319789565 0.1313175071 0.1306003655 
 0.1300181870 0.1291364622 0.1282112841 
 0.1278013461 0.1266813132 0.1255293282 
 0.1253268113 0.1239501312 0.1225523597 
 0.1225977581 0.1209463480 0.1192842629 
 0.1196233302 0.1176801874 0.1157366638 
 0.1164198542 0.1141701357 0.1119306704 
 0.1130119415 0.1104442393 0.1078983579 
 0.1094332674 0.1065409556 0.1036836462 
 0.1057267929 0.1025092600 0.0993422071 
 0.1019442261 0.0984077717 0.0949401340 
 0.0981446109 0.0943027976 0.0905513086 
 0.0943920869 0.0902654105 0.0862536872 
 0.0907530322 0.0863678956 0.0821249975 
 0.0872929488 0.0826800645 0.0782385030 
 0.0840735113 0.0792659718 0.0746594859 
 0.0811501635 0.0761814769 0.0714429161 
 0.0785705163 0.0734728876 0.0686324950 
 0.0763736251 0.0711766923 0.0662609684 
 0.0745900554 0.0693201867 0.0643513960 
 0.0732425190 0.0679226800 0.0629189598 
 0.0723468073 0.0669969328 0.0619728996 
 0.0719127503 0.0665505065 0.0615182281 
 0.0719449718 0.0665867799 0.0615569781 
 0.0724432866 0.0671054685 0.0620888289 
 0.0734026605 0.0681025723 0.0631110411 
 0.0748127416 0.0695697583 0.0646177104 
 0.0766570484 0.0714932678 0.0665984199 
 0.0789119831 0.0738525232 0.0690364632 
 0.0815459017 0.0766186900 0.0719068970 
 0.0845185102 0.0797535149 0.0751747799 
 0.0877808516 0.0832087812 0.0787940064 
 0.0912760803 0.0869266756 0.0827071339 
 0.0949410899 0.0908412282 0.0868464838 
 0.0987088919 0.0948807840 0.0911365715 
 0.1025114752 0.0989712404 0.0954976380 
 0.1062827623 0.1030395964 0.0998497871 
 0.1099612532 0.1070172914 0.1041170821 
 0.1134920277 0.1108428631 0.1082309771 
 0.1168279216 0.1144636322 0.1121326409 
 0.1199298590 0.1178363335 0.1157740019 
 0.1227664671 0.1209268162 0.1191176132 
 0.1253131788 0.1237090601 0.1221356192 
 0.1275510511 0.1261637957 0.1248081826 
 0.1294654995 0.1282769921 0.1271217079 
 0.1310450939 0.1300384060 0.1290671175 
 0.1322805023 0.1314403121 0.1306383394 
 0.1331636190 0.1324764632 0.1318310758 
 0.1336868784 0.1331412848 0.1326418615 
 0.1338427365 0.1334292799 0.1330673810 
 0.1336232992 0.1333346150 0.1331040042 
 0.1330200852 0.1328508605 0.1327475045 
 0.1320239258 0.1319708818 0.1319929393 
 0.1306250313 0.1306868970 0.1308346992 
 0.1288132827 0.1289907489 0.1292667603 
 0.1265788364 0.1268744689 0.1272832025 
 0.1239131576 0.1243312337 0.1248790838 
 0.1208106039 0.1213568267 0.1220517650 
 0.1172706494 0.1179516882 0.1188027667 
 0.1133007545 0.1141235645 0.1151401688 
 0.1089197226 0.1098906230 0.1110814505 
 0.1041611499 0.1052846922 0.1066564786 
 0.0990763135 0.1003540448 0.1019101496 
 0.0937356413 0.0951649555 0.0969040097 
 0.0882279166 0.0898012450 0.0917161376 
 0.0826566870 0.0843612772 0.0864387686 
 0.0771339886 0.0789524250 0.0811735846 
 0.0717722706 0.0736837195 0.0760252055 
 0.0666760087 0.0686579788 0.0710939666 
 0.0619346423 0.0639649229 0.0664693221 
 0.0576180779 0.0596764940 0.0622250469 
 0.0537752580 0.0558449749 0.0584169031 
 0.0504355237 0.0525037786 0.0550827988 
 0.0476119738 0.0496702551 0.0522449487 
 0.0453058472 0.0473496368 0.0499132762 
 0.0435110655 0.0455392911 0.0480892823 
 0.0422183294 0.0442326635 0.0467697596 
 0.0414184326 0.0434225348 0.0459499418 
 0.0411046626 0.0431034202 0.0456258704 
 0.0412742777 0.0432730632 0.0457958886 
 0.0419290877 0.0439330289 0.0464612405 
 0.0430751582 0.0450884053 0.0476257720 
 0.0447216240 0.0467466061 0.0492947322 
 0.0468785811 0.0489152592 0.0514726839 
 0.0495540453 0.0515992051 0.0541605830 
 0.0527500626 0.0547967278 0.0573521976 
 0.0564582352 0.0584953258 0.0610302141 
 0.0606551905 0.0626675723 0.0651625950 
 0.0652987946 0.0672678498 0.0696999401 
 0.0703260862 0.0722308618 0.0745746544 
 0.0756538312 0.0774726924 0.0797025390 
 0.0811821679 0.0828947341 0.0849869631 
 0.0868010878 0.0883901152 0.0903251390 
 0.0923986937 0.0938515525 0.0956154378 
 0.0978696469 0.0991791394 0.1007643860 
 0.1031221935 0.1042866369 0.1056921187 
 0.1080826586 0.1091053390 0.1103355573 
 0.1126970663 0.1135852897 0.1146492080 
 0.1169302616 0.1176942568 0.1186040048 
 0.1207633343 0.1214152174 0.1221848922 
 0.1241902355 0.1247431654 0.1253878656 
 0.1272143228 0.1276818973 0.1282170376 
 0.1298453077 0.1302411909 0.1306820815 
 0.1320968263 0.1324345668 0.1327962086 
 0.1339846674 0.1342776553 0.1345746908 
 0.1355255807 0.1357870943 0.1360338595 
 0.1367365433 0.1369798464 0.1371904783 
 0.1376343589 0.1378728179 0.1380613847 
 0.1382354801 0.1384826826 0.1386633141 
 0.1385559754 0.1388258354 0.1390128395 
 0.1386115836 0.1389184258 0.1391263814 
 0.1384178221 0.1387764377 0.1390202586 
 0.1379901280 0.1384157984 0.1387107625 
 0.1373440241 0.1378525055 0.1382142455 
 0.1364953023 0.1371027662 0.1375472176 
 0.1354602242 0.1361831478 0.1367264497 
 0.1342557360 0.1351107341 0.1357690781 
 0.1328996914 0.1339032861 0.1346927097 
 0.1314110746 0.1325793976 0.1335155200 
 0.1298102095 0.1311586356 0.1322563371 
 0.1281189328 0.1296616519 0.1309347003 
 0.1263607077 0.1281102459 0.1295708814 
 0.1245606474 0.1265273585 0.1281858529 
 0.1227454241 0.1249369790 0.1268011894 
 0.1209430378 0.1233639461 0.1254388916 
 0.1191824369 0.1218336370 0.1241211251 
 0.1174929931 0.1203715433 0.1228698748 
 0.1159038507 0.1190027483 0.1217065234 
 0.1144431855 0.1177513285 0.1206513697 
 0.1131374195 0.1166397121 0.1197231113 
 0.1120104417 0.1156880319 0.1189383174 
 0.1110828805 0.1149135094 0.1183109218 
 0.1103714678 0.1143299027 0.1178517640 
 0.1098885188 0.1139470457 0.1175681995 
 0.1096415441 0.1137704954 0.1174638006 
 0.1096329957 0.1138012980 0.1175381589 
 0.1098601493 0.1140358816 0.1177867983 
 0.1103151177 0.1144660755 0.1182012038 
 0.1109849983 0.1150792582 0.1187689653 
 0.1118521524 0.1158586323 0.1194740358 
 0.1128946212 0.1167836225 0.1202970958 
 0.1140866741 0.1178303881 0.1212160130 
 0.1153994821 0.1189724349 0.1222063817 
 0.1168018937 0.1201813031 0.1232421177 
 0.1182612830 0.1214273017 0.1242960840 
 0.1197444261 0.1226802528 0.1253407169 
 0.1212183588 0.1239102093 0.1263486250 
 0.1226511678 0.1250881119 0.1272931370 
 0.1240126768 0.1261863580 0.1281487780 
 0.1252750017 0.1271792678 0.1288916668 
 0.1264129637 0.1280434411 0.1294998315 
 0.1274043668 0.1287580139 0.1299534504 
 0.1282301582 0.1293048286 0.1302350320 
 0.1288744972 0.1296685401 0.1303295523 
 0.1293247647 0.1298366821 0.1302245689 
 0.1295715407 0.1297997164 0.1299103320 
 0.1296085780 0.1295510875 0.1293799136 
 0.1294327893 0.1290872994 0.1286293692 
 0.1290442634 0.1284080263 0.1276579462 
 0.1284463154 0.1275162636 0.1264683435 
 0.1276455692 0.1264185158 0.1250670177 
 0.1266520649 0.1251250101 0.1234645202 
 0.1254793701 0.1236499102 0.1216758305 
 0.1241446713 0.1220114973 0.1197206394 
 0.1226688103 0.1202322706 0.1176235186 
 0.1210762280 0.1183389191 0.1154139100 
 0.1193947787 0.1163621154 0.1131258737 
 0.1176553856 0.1143360963 0.1107975523 
 0.1158915214 0.1122980164 0.1084703420 
 0.1141385180 0.1102870867 0.1061878045 
 0.1124327291 0.1083435436 0.1039943904 
 0.1108105919 0.1065075154 0.1019340768 
 0.1093076426 0.1048178673 0.1000490327 
 0.1079575475 0.1033111056 0.0983784139 
 0.1067912059 0.1020204057 0.0969573607 
 0.1058359626 0.1009748055 0.0958162305 
 0.1051149576 0.1001985748 0.0949800580 
 0.1046466154 0.0997107515 0.0944682009 
 0.1044442707 0.0995248159 0.0942941168 
 0.1045159174 0.0996484743 0.0944652143 
 0.1048640720 0.1000835291 0.0949827394 
 0.1054857490 0.1008258301 0.0958416871 
 0.1063725561 0.1018653190 0.0970307558 
 0.1075109231 0.1031861970 0.0985323961 
 0.1088824832 0.1047672543 0.1003230180 
 0.1104646173 0.1065823942 0.1023734255 
 0.1122311591 0.1086013702 0.1046495251 
 0.1141532386 0.1107907235 0.1071133198 
 0.1162002190 0.1131148765 0.1097241481 
 0.1183406649 0.1155373047 0.1124400811 
 0.1205432697 0.1180216938 0.1152193525 
 0.1227776746 0.1205329809 0.1180216843 
 0.1250151213 0.1230381993 0.1208093860 
 0.1272289094 0.1255070730 0.1235481425 
 0.1293946479 0.1279123441 0.1262074559 
 0.1314903192 0.1302298505 0.1287607561 
 0.1334961875 0.1324383956 0.1311852350 
 0.1353945946 0.1345194691 0.1334614793 
 0.1371696844 0.1364568753 0.1355729834 
 0.1388070975 0.1382363240 0.1375056132 
 0.1402936632 0.1398450229 0.1392470775 
 0.1416171097 0.1412712985 0.1407864411 
 0.1427658062 0.1425042614 0.1421137001 
 0.1437285393 0.1435335195 0.1432194240 
 0.1444943239 0.1443489392 0.1440944604 
 0.1450522467 0.1449404466 0.1447296949 
 0.1453913364 0.1452978648 0.1451158552 
 0.1455004563 0.1454107788 0.1452433499 
 0.1453682154 0.1452684222 0.1451021352 
 0.1449828971 0.1448595843 0.1446816030 
 0.1443324037 0.1441725363 0.1439704918 
 0.1434042259 0.1431949829 0.1429568249 
 0.1421854465 0.1419140536 0.1416278919 
 0.1406628030 0.1403163595 0.1399703014 
 0.1388228472 0.1383881580 0.1379701536 
 0.1366522557 0.1361156893 0.1356134026 
 0.1341383697 0.1334857723 0.1328865066 
 0.1312700560 0.1304867649 0.1297774820 
 0.1280389883 0.1271099989 0.1262774827 
 0.1244414237 0.1233517729 0.1223829928 
 0.1204804910 0.1192159106 0.1180986329 
 0.1161688868 0.1147167563 0.1134404213 
 0.1115317075 0.1098822752 0.1084391045 
 0.1066089471 0.1047567044 0.1031429169 
 0.1014570205 0.0994020154 0.0976189446 
 0.0961486375 0.0938974379 0.0919522772 
 0.0907705257 0.0883365328 0.0862424457 
 0.0854189181 0.0828218253 0.0805972615 
 0.0801932969 0.0774576710 0.0751249138 
 0.0751894024 0.0723425905 0.0699257641 
 0.0704927763 0.0675625086 0.0650854134 
 0.0661739680 0.0631860843 0.0606702457 
 0.0622860691 0.0592627202 0.0567259394 
 0.0588646414 0.0558231591 0.0532786962 
 0.0559296045 0.0528820611 0.0503384253 
 0.0534883747 0.0504417282 0.0479029494 
 0.0515395187 0.0484961754 0.0459623952 
 0.0500763215 0.0470349506 0.0445031825 
 0.0490898690 0.0460463360 0.0435112877 
 0.0485714360 0.0455197719 0.0429746675 
 0.0485141043 0.0454474705 0.0428848510 
 0.0489136121 0.0458252543 0.0432377639 
 0.0497684608 0.0466526621 0.0440338401 
 0.0510793093 0.0479323535 0.0452774523 
 0.0528476771 0.0496688182 0.0469756568 
 0.0550739915 0.0518663960 0.0491362302 
 0.0577550529 0.0545266426 0.0517649960 
 0.0608810831 0.0576451571 0.0548625095 
 0.0644326442 0.0612081260 0.0584203128 
 0.0683778606 0.0651890049 0.0624171569 
 0.0726704892 0.0695459256 0.0668157990 
 0.0772493926 0.0742204853 0.0715611114 
 0.0820398229 0.0791384763 0.0765802031 
 0.0869566045 0.0842128060 0.0817849691 
 0.0919088722 0.0893483713 0.0870769693 
 0.0968056280 0.0944481524 0.0923539396 
 0.1015611634 0.0994194573 0.0975167822 
 0.1060994578 0.1041792296 0.1024757634 
 0.1103569685 0.1086576347 0.1071549219 
 0.1142836505 0.1127996221 0.1114942262 
 0.1178424271 0.1165646395 0.1154495884 
 0.1210075682 0.1199249933 0.1189912534 
 0.1237624931 0.1228634588 0.1221012447 
 0.1260974490 0.1253706802 0.1247705036 
 0.1280073743 0.1274427463 0.1269961832 
 0.1294901172 0.1290791586 0.1287793669 
 0.1305450627 0.1302812636 0.1301233054 
 0.1311721488 0.1310511349 0.1310321619 
 0.1313712197 0.1313908405 0.1315101922 
 0.1311416580 0.1313020256 0.1315612769 
 0.1304822594 0.1307857550 0.1311887318 
 0.1293913359 0.1298425873 0.1303953541 
 0.1278670718 0.1284728858 0.1291836909 
 0.1259081820 0.1266774000 0.1275565493 
 0.1235149439 0.1244581739 0.1255177875 
 0.1206906699 0.1218198356 0.1230734312 
 0.1174436531 0.1187713001 0.1202331430 
 0.1137895349 0.1153278511 0.1170120234 
 0.1097539149 0.1115134594 0.1134326359 
 0.1053748518 0.1073630591 0.1095270381 
 0.1007047393 0.1029243555 0.1053384782 
 0.0958109520 0.0982586502 0.1009223309 
 0.0907747211 0.0934401962 0.0963458474 
 0.0856879737 0.0885537936 0.0916864278 
 0.0806483307 0.0836906967 0.0870283958 
 0.0757529546 0.0789433318 0.0824586036 
 0.0710923033 0.0743996700 0.0780615136 
 