0.1194023461 0.1225761242 0.1254075284 
 0.1175305069 0.1209253188 0.1239600628 
 0.1157546826 0.1193629040 0.1225950558 
 0.1141071713 0.1179172046 0.1213371539 
 0.1126185965 0.1166150134 0.1202095367 
 0.1113170712 0.1154808784 0.1192333189 
 0.1102274201 0.1145364213 0.1184269685 
 0.1093704979 0.1137997209 0.1178057707 
 0.1087626275 0.1132847882 0.1173813631 
 0.1084151677 0.1130011504 0.1171613610 
 0.1083342110 0.1129535524 0.1171490873 
 0.1085204052 0.1131417816 0.1173434165 
 0.1089688957 0.1135606176 0.1177387380 
 0.1096693888 0.1141999105 0.1183250430 
 0.1106063430 0.1150447905 0.1190881366 
 0.1117593007 0.1160760134 0.1200099726 
 0.1131033682 0.1172704407 0.1210691062 
 0.1146098506 0.1186016468 0.1222412494 
 0.1162470290 0.1200406352 0.1234999103 
 0.1179810553 0.1215566359 0.1248170873 
 0.1197769196 0.1231179423 0.1261639853 
 0.1215994350 0.1246927441 0.1275117162 
 0.1234141774 0.1262499084 0.1288319511 
 0.1251883226 0.1277596703 0.1300974950 
 0.1268913385 0.1291942021 0.1312827645 
 0.1284955061 0.1305280493 0.1323641619 
 0.1299762656 0.1317384314 0.1333203455 
 0.1313124027 0.1328054222 0.1341324098 
 0.1324861026 0.1337120321 0.1347839924 
 0.1334829080 0.1344442181 0.1352613269 
 0.1342916161 0.1349908497 0.1355532655 
 0.1349041481 0.1353436547 0.1356512876 
 0.1353154159 0.1354971650 0.1355495131 
 0.1355232045 0.1354486771 0.1352447323 
 0.1355280802 0.1351982359 0.1347364618 
 0.1353333300 0.1347486476 0.1340270304 
 0.1349449290 0.1341055185 0.1331216967 
 0.1343715318 0.1332773174 0.1320287906 
 0.1336244758 0.1322754474 0.1307598675 
 0.1327177843 0.1311143131 0.1293298537 
 0.1316681495 0.1298113596 0.1277571537 
 0.1304948762 0.1283870570 0.1260636851 
 0.1292197632 0.1268648017 0.1242748009 
 0.1278669018 0.1252707067 0.1224190646 
 0.1264623748 0.1236332602 0.1205278500 
 0.1250338461 0.1219828410 0.1186347561 
 0.1236100423 0.1203510957 0.1167748473 
 0.1222201391 0.1187701979 0.1149837519 
 0.1208930752 0.1172720250 0.1132966718 
 0.1196568276 0.1158872971 0.1117473673 
 0.1185376849 0.1146447296 0.1103671823 
 0.1175595566 0.1135702447 0.1091841664 
 0.1167433510 0.1126862813 0.1082223358 
 0.1161064483 0.1120112273 0.1075010921 
 0.1156622854 0.1115589883 0.1070348035 
 0.1154200618 0.1113386949 0.1068325365 
 0.1153845678 0.1113545430 0.1068979243 
 0.1155561350 0.1116057614 0.1072291547 
 0.1159307035 0.1120866993 0.1078190699 
 0.1165000008 0.1127870307 0.1086553764 
 0.1172518269 0.1136920705 0.1097209693 
 0.1181704338 0.1147832010 0.1109943765 
 0.1192369890 0.1160383968 0.1124503248 
 0.1204301019 0.1174328347 0.1140604177 
 0.1217263913 0.1189395616 0.1157939032 
 0.1231010637 0.1205301879 0.1176184915 
 0.1245284744 0.1221755679 0.1195011765 
 0.1259826404 0.1238464273 0.1214090071 
 0.1274376826 0.1255139055 0.1233097585 
 0.1288681797 0.1271499851 0.1251724678 
 0.1302494268 0.1287277989 0.1269678105 
 0.1315575974 0.1302218119 0.1286683167 
 0.1327698205 0.1316078904 0.1302484379 
 0.1338641821 0.1328632756 0.1316844906 
 0.1348196692 0.1339664836 0.1329545051 
 0.1356160707 0.1348971542 0.1340380121 
 0.1362338493 0.1356358676 0.1349157932 
 0.1366539952 0.1361639445 0.1355696168 
 0.1368578712 0.1364632414 0.1359819757 
 0.1368270549 0.1365159494 0.1361358366 
 0.1365431840 0.1363044018 0.1360144070 
 0.1359878135 0.1358109005 0.1356009284 
 0.1351422961 0.1350175704 0.1348785060 
 0.1339877063 0.1339062634 0.1338299920 
 0.1325048455 0.1324585467 0.1324379581 
 0.1306743824 0.1306558313 0.1306848090 
 0.1284772122 0.1284797228 0.1285531187 
 0.1258951473 0.1259127075 0.1260262981 
 0.1229120734 0.1229393084 0.1230897271 
 0.1195157082 0.1195478481 0.1197324870 
 0.1157000600 0.1157329179 0.1159497889 
 0.1114685771 0.1114985408 0.1117460916 
 0.1068377892 0.1068618290 0.1071387136 
 0.1018409698 0.1018566626 0.1021614779 
 0.0965310611 0.0965366209 0.0968676388 
 0.0909818982 0.0909762013 0.0913311388 
 0.0852868252 0.0852694116 0.0856452912 
 0.0795542157 0.0795252498 0.0799183929 
 0.0739001695 0.0738603512 0.0742665226 
 0.0684395222 0.0683899520 0.0688046328 
 0.0632768987 0.0632189145 0.0636376469 
 0.0584995762 0.0584345871 0.0588533176 
 0.0541733714 0.0541027132 0.0545180675 
 0.0503418866 0.0502667169 0.0506761680 
 0.0470286310 0.0469498685 0.0473517912 
 0.0442410403 0.0441593459 0.0445529768 
 0.0419753252 0.0418911149 0.0422764480 
 0.0402212683 0.0401347466 0.0405123982 
 0.0389664009 0.0388776072 0.0392486714 
 0.0381992808 0.0381081420 0.0384740557 
 0.0379118007 0.0378181875 0.0381806088 
 0.0381005571 0.0380043443 0.0383650443 
 0.0387673344 0.0386684662 0.0390292317 
 0.0399187329 0.0398172948 0.0401798349 
 0.0415649206 0.0414612203 0.0418270719 
 0.0437174608 0.0436121150 0.0439825456 
 0.0463861765 0.0462802010 0.0466561095 
 0.0495751037 0.0494699958 0.0498518203 
 0.0532777710 0.0531755700 0.0535632190 
 0.0574723207 0.0573756287 0.0577684569 
 0.0621172985 0.0620292439 0.0624260973 
 0.0671491555 0.0670732897 0.0674726377 
 0.0724824681 0.0724226015 0.0728227568 
 0.0780134585 0.0779734598 0.0783728659 
 0.0836266284 0.0836102286 0.0840077696 
 0.0892034338 0.0892140786 0.0896093593 
 0.0946313069 0.0946720922 0.0950656419 
 0.0998112644 0.0998849661 0.1002783422 
 0.1046628501 0.1047720394 0.1051678368 
 0.1091259980 0.1092732131 0.1096750054 
 0.1131601889 0.1133481336 0.1137603833 
 0.1167417576 0.1169735001 0.1174014709 
 0.1198603148 0.1201394709 0.1205891642 
 0.1225150828 0.1228459770 0.1233241056 
 0.1247116630 0.1250994698 0.1256134686 
 0.1264594764 0.1269103447 0.1274684159 
 0.1277699171 0.1282910848 0.1289022681 
 0.1286551393 0.1292550406 0.1299293020 
 0.1291273537 0.1298157219 0.1305640518 
 0.1291985084 0.1299864701 0.1308209803 
 0.1288802531 0.1297804071 0.1307144169 
 0.1281841205 0.1292105867 0.1302586831 
 0.1271218889 0.1282903072 0.1294683605 
 0.1257061158 0.1270335658 0.1283586760 
 0.1239508420 0.1254556479 0.1269459933 
 0.1218724654 0.1235738484 0.1252484045 
 0.1194907646 0.1214083075 0.1232864059 
 0.1168300199 0.1189829216 0.1210836289 
 0.1139201314 0.1163262563 0.1186675721 
 0.1107975876 0.1134723505 0.1160702519 
 0.1075060975 0.1104612734 0.1133286699 
 0.1040966936 0.1073392836 0.1104849811 
 0.1006271502 0.1041584626 0.1075862636 
 0.0971606520 0.1009757546 0.1046838228 
 0.0937637801 0.0978514364 0.1018320323 
 0.0905040191 0.0948471435 0.0990867841 
 0.0874470959 0.0920236683 0.0965036923 
 0.0846544951 0.0894387890 0.0941362358 
 0.0821814481 0.0871453707 0.0920340307 
 0.0800755744 0.0851899129 0.0902413830 
 0.0783762109 0.0836116102 0.0887962042 
 0.0771143209 0.0824418878 0.0877292959 
 0.0763127869 0.0817042900 0.0870639408 
 0.0759868477 0.0814145544 0.0868156965 
 0.0761444605 0.0815807084 0.0869922818 
 0.0767864224 0.0822030603 0.0875934668 
 0.0779061726 0.0832740251 0.0886109283 
 0.0794892939 0.0847778064 0.0900280886 
 0.0815128341 0.0866900344 0.0918200187 
 0.0839446558 0.0889775278 0.0939535289 
 0.0867430776 0.0915983789 0.0963875827 
 0.0898570806 0.0945025514 0.0990741528 
 0.0932272864 0.0976331084 0.1019595687 
 0.0967877854 0.1009280801 0.1049863193 
 0.1004687157 0.1043228406 0.1080951742 
 0.1041993186 0.1077527436 0.1112274097 
 0.1079110736 0.1111556989 0.1143268964 
 0.1115404942 0.1144743800 0.1173418242 
 0.1150312458 0.1176578301 0.1202259154 
 0.1183353996 0.1206623593 0.1229390669 
 0.1214138125 0.1234517545 0.1254474593 
 0.1242357702 0.1259969238 0.1277232359 
 0.1267781096 0.1282751513 0.1297438893 
 0.1290240627 0.1302691474 0.1314914976 
 0.1309620262 0.1319660510 0.1329519248 
 0.1325844111 0.1333564970 0.1341140741 
 0.1338866589 0.1344338187 0.1349692435 
 0.1348664657 0.1351934135 0.1355106100 
 0.1355232142 0.1356322771 0.1357328491 
 0.1358575974 0.1357486977 0.1356318880 
 0.1358714114 0.1355420963 0.1352047900 
 0.1355674954 0.1350130064 0.1344497751 
 0.1349498067 0.1341631907 0.1333663841 
 0.1340236247 0.1329959013 0.1319558076 
 0.1327958851 0.1315162930 0.1302213977 
 0.1312756449 0.1297319988 0.1281693784 
 0.1294746731 0.1276538636 0.1258097543 
 0.1274081475 0.1252968111 0.1231573808 
 0.1250954111 0.1226807833 0.1202331154 
 0.1225607146 0.1198316493 0.1170649104 
 0.1198338372 0.1167819409 0.1136886563 
 0.1169504571 0.1135712432 0.1101485517 
 0.1139521396 0.1102460710 0.1064967920 
 0.1108858352 0.1068591083 0.1027924404 
 0.1078028425 0.1034677734 0.0990994755 
 0.1047572690 0.1001321963 0.0954841745 
 0.1018041203 0.0969128085 0.0920121379 
 0.0989972174 0.0938678365 0.0887453510 
 0.0963871805 0.0910510091 0.0857396712 
 0.0940196999 0.0885097416 0.0830430331 
 0.0919342539 0.0862839571 0.0806945061 
 0.0901633432 0.0844055785 0.0787241747 
 0.0887322212 0.0828986080 0.0771536780 
 0.0876590244 0.0817796352 0.0759971698 
 0.0869551694 0.0810585765 0.0752624461 
 0.0866258687 0.0807394609 0.0749520176 
 0.0866706445 0.0808211113 0.0750639594 
 0.0870837510 0.0812976237 0.0755924391 
 0.0878544643 0.0821586053 0.0765278876 
 0.0889672454 0.0833891861 0.0778568384 
 0.0904018219 0.0849698682 0.0795615122 
 0.0921332629 0.0868763145 0.0816192706 
 0.0941321381 0.0890792027 0.0840020936 
 0.0963648509 0.0915442737 0.0866762543 
 0.0987942096 0.0942326871 0.0896023537 
 0.1013802679 0.0971017502 0.0927358358 
 0.1040814107 0.1001060262 0.0960280344 
 0.1068556158 0.1031987526 0.0994277016 
 0.1096617781 0.1063334384 0.1028828782 
 0.1124609664 0.1094654650 0.1063428879 
 0.1152174907 0.1125535149 0.1097602111 
 0.1178996854 0.1155606786 0.1130920184 
 0.1204803631 0.1184551536 0.1163012133 
 0.1229369381 0.1212105146 0.1193569275 
 0.1252512634 0.1238055960 0.1222345003 
 0.1274092474 0.1262240738 0.1249150444 
 0.1294003304 0.1284538467 0.1273847293 
 0.1312168916 0.1304863197 0.1296339205 
 0.1328536493 0.1323156730 0.1316562873 
 0.1343070958 0.1339381746 0.1334479641 
 0.1355749936 0.1353515736 0.1350068121 
 0.1366559445 0.1365545887 0.1363318057 
 0.1375490346 0.1375464944 0.1374225413 
 0.1382535525 0.1383267974 0.1382788608 
 0.1387687737 0.1388949925 0.1389005718 
 0.1390938060 0.1392503897 0.1392872509 
 0.1392274897 0.1393920005 0.1394381138 
 0.1391683498 0.1393184795 0.1393519455 
 0.1389145956 0.1390281155 0.1390270818 
 0.1384641690 0.1385188718 0.1384614431 
 0.1378148406 0.1377884778 0.1376526218 
 0.1369643590 0.1368345773 0.1365980310 
 0.1359106564 0.1356549411 0.1352951296 
 0.1346521204 0.1342477591 0.1337417393 
 0.1331879421 0.1326120264 0.1319364801 
 0.1315185489 0.1307480399 0.1298793465 
 0.1296461337 0.1286580211 0.1275724456 
 0.1275752781 0.1263468663 0.1250209047 
 0.1253136600 0.1238230123 0.1222339280 
 0.1228728111 0.1210993713 0.1192259430 
 0.1202688678 0.1181942573 0.1160177314 
 0.1175232296 0.1151321869 0.1126373820 
 0.1146630175 0.1119444096 0.1091208757 
 0.1117212183 0.1086690141 0.1055121025 
 0.1087364151 0.1053504888 0.1018621620 
 0.1057520469 0.1020386747 0.0982278975 
 0.1028152057 0.0987871514 0.0946697520 
 0.0999750566 0.0956511989 0.0912491763 
 0.0972810350 0.0926855677 0.0880259223 
 0.0947810156 0.0899423250 0.0850555775 
 0.0925196482 0.0874690270 0.0823876420 
 0.0905370111 0.0853073874 0.0800643195 
 0.0888676667 0.0834925064 0.0781200488 
 0.0875401202 0.0820526188 0.0765816599 
 0.0865766146 0.0810092309 0.0754689540 
 0.0859931517 0.0803774768 0.0747954669 
 0.0857996115 0.0801665153 0.0745691894 
 0.0859998587 0.0803798195 0.0747930634 
 0.0865917597 0.0810152607 0.0754651400 
 0.0875670823 0.0820649511 0.0765783593 
 0.0889113048 0.0835148798 0.0781199889 
 0.0906034109 0.0853444383 0.0800708355 
 0.0926157841 0.0875259865 0.0824044111 
 0.0949143316 0.0900246377 0.0850862810 
 0.0974589526 0.0927984422 0.0880738409 
 0.1002044235 0.0957990998 0.0913167299 
 0.1031017016 0.0989732502 0.0947579985 
 0.1060995646 0.1022642803 0.0983360115 
 0.1091464334 0.1056144730 0.1019869111 
 0.1121921772 0.1089672468 0.1056473366 
 0.1151897010 0.1122692083 0.1092570354 
 0.1180961557 0.1154717800 0.1127610264 
 0.1208736806 0.1185322546 0.1161110771 
 0.1234896687 0.1214142332 0.1192664050 
 0.1259166138 0.1240875098 0.1221936520 
 0.1281316412 0.1265275277 0.1248662853 
 0.1301158407 0.1287145640 0.1272636244 
 0.1318535106 0.1306327904 0.1293696938 
 0.1333314017 0.1322693291 0.1311720592 
 0.1345380178 0.1336133837 0.1326607571 
 0.1354630046 0.1346554865 0.1338273759 
 0.1360966366 0.1353868754 0.1346643040 
 0.1364293992 0.1357989948 0.1351641386 
 0.1364516562 0.1358831058 0.1353192323 
 0.1361533930 0.1356299902 0.1351213567 
 0.1355240337 0.1350297413 0.1345614694 
 0.1345523381 0.1340716460 0.1336295827 
 0.1332264032 0.1327441810 0.1323147575 
 0.1315338133 0.1310351707 0.1306052692 
 0.1294620090 0.1289321815 0.1284890255 
 0.1269989714 0.1264232581 0.1259543455 
 0.1241343382 0.1234981272 0.1229912336 
 0.1208610665 0.1201499905 0.1195932782 
 0.1171777194 0.1163779902 0.1157602557 
 0.1130913573 0.1121903140 0.1115014031 
 0.1086208442 0.1076077239 0.1068391158 
 0.1038001495 0.1026670338 0.1018125534 
 0.0986809756 0.0974237912 0.0964803523 
 0.0933338784 0.0919532591 0.0909214803 
 0.0878470985 0.0863488698 0.0852333810 
 0.0823226760 0.0807177543 0.0795270396 
 0.0768700669 0.0751736769 0.0739193922 
 0.0715982095 0.0698284921 0.0685243358 
 0.0666075123 0.0647837632 0.0634440989 
 0.0619833001 0.0601241687 0.0587626598 
 0.0577918244 0.0559137843 0.0545422747 
 0.0540792156 0.0521955126 0.0508232929 
 0.0508730423 0.0489931825 0.0476266718 
 0.0481856790 0.0463154008 0.0449581853 
 0.0460185538 0.0441601594 0.0428132846 
 0.0443664676 0.0425193770 0.0411817877 
 0.0432214264 0.0413828396 0.0400518830 
 0.0425756766 0.0407412686 0.0394132081 
 0.0424238190 0.0405884318 0.0392589507 
 0.0427639845 0.0409223084 0.0395870023 
 0.0435980848 0.0417453413 0.0404002117 
 0.0449311508 0.0430637896 0.0417057552 
 0.0467697503 0.0448861658 0.0435135975 
 0.0491194877 0.0472207358 0.0458340071 
 0.0519816452 0.0500721065 0.0486741213 
 0.0553491593 0.0534370532 0.0520336820 
 0.0592023346 0.0572999547 0.0559002773 
 0.0635049487 0.0616284778 0.0602447177 
 0.0682015964 0.0663703969 0.0650174517 
 0.0732171546 0.0714525188 0.0701470570 
 0.0784589820 0.0767824675 0.0755416696 
 0.0838219082 0.0822535193 0.0810936543 
 0.0891953392 0.0877518929 0.0866869990 
 0.0944711930 0.0931651840 0.0922061126 
 0.0995511486 0.0983902981 0.0975442884 
 0.1043519501 0.1033394425 0.1026102502 
 0.1088081227 0.1079433796 0.1073318520 
 0.1128721610 0.1121519178 0.1116568330 
 0.1165127677 0.1159322226 0.1155512032 
 0.1197119510 0.1192658111 0.1189961711 
 0.1224617388 0.1221450713 0.1219845128 
 0.1247610705 0.1245699330 0.1245170708 
 0.1266131828 0.1265450549 0.1265997820 
 0.1280236078 0.1280776660 0.1282413944 
 0.1289987616 0.1291760451 0.1294518590 
 0.1295450384 0.1298485464 0.1302412993 
 0.1296683041 0.1301030529 0.1306194327 
 0.1293737009 0.1299467558 0.1305953284 
 0.1286657024 0.1293861858 0.1301774175 
 0.1275483967 0.1284274587 0.1293737055 
 0.1260260049 0.1270767289 0.1281921687 
 0.1241036663 0.1253408693 0.1266413400 
 0.1217885278 0.1232284035 0.1247311025 
 0.1190911600 0.1207507095 0.1224737025 
 0.1160272748 0.1179234786 0.1198849750 
 0.1126196470 0.1147683584 0.1169857273 
 0.1089000354 0.1113146257 0.1138031680 
 0.1049107938 0.1076006486 0.1103721998 
 0.1007057829 0.1036748293 0.1067363341 
 0.0963501978 0.0995957026 0.1029479659 
 0.0919190393 0.0954309394 0.0990677848 
 0.0874942044 0.0912551742 0.0951632176 
 0.0831604781 0.0871468157 0.0913059699 
 0.0790009978 0.0831842450 0.0875689361 
 0.0750929173 0.0794419662 0.0840228942 
 0.0715039492 0.0759872955 0.0807334627 
 0.0682902462 0.0728780375 0.0777587287 
 0.0654957586 0.0701613671 0.0751477987 
 0.0631529041 0.0678738704 0.0729403181 
 0.0612841735 0.0660424962 0.0711668210 
 0.0599042178 0.0646860555 0.0698496448 
 0.0590219797 0.0638168859 0.0690040976 
 0.0586425179 0.0634423457 0.0686395776 
 0.0587682815 0.0635658854 0.0687604048 
 0.0593996838 0.0641875367 0.0693662052 
 0.0605349158 0.0653037486 0.0704517753 
 0.0621690130 0.0669065890 0.0720064482 
 0.0642922690 0.0689824201 0.0740130723 
 0.0668881900 0.0715102516 0.0764468074 
 0.0699312897 0.0744600750 0.0792740176 
 0.0733851369 0.0777915562 0.0824515876 
 0.0772011326 0.0814534911 0.0859269803 
 0.0813184753 0.0853843636 0.0896392616 
 0.0856656204 0.0895141815 0.0935211565 
 0.0901632655 0.0937675102 0.0975019845 
 0.0947285494 0.0980673500 0.1015111182 
 0.0992798446 0.1023392916 0.1054814797 
 0.1037413741 0.1065153196 0.1093525844 
 0.1080469433 0.1105367313 0.1130727535 
 0.1121423245 0.1143558673 0.1166003145 
 0.1159861664 0.1179366169 0.1199038153 
 0.1195496030 0.1212538918 0.1229614355 
 0.1228149292 0.1242923831 0.1257598644 
 0.1257737659 0.1270449492 0.1282929176 
 0.1284250867 0.1295109273 0.1305601192 
 0.1307733739 0.1316945724 0.1325654008 
 0.1328270543 0.1336037373 0.1343160027 
 0.1345972688 0.1352488300 0.1358215976 
 0.1360969619 0.1366420338 0.1370936265 
 0.1373402452 0.1377967498 0.1381448100 
 0.1383419719 0.1387272114 0.1389887975 
 0.1391174644 0.1394482237 0.1396399136 
 0.1396823478 0.1399749879 0.1401129740 
 0.1400524506 0.1403229814 0.1404231437 
 0.1402437478 0.1405078721 0.1405858238 
 0.1402723296 0.1405454541 0.1406165541 
 0.1401543834 0.1404515937 0.1405309242 
 0.1399061824 0.1402421819 0.1403444906 
 0.1395440763 0.1399330879 0.1400726944 
 0.1390844784 0.1395401115 0.1397307806 
 0.1385438467 0.1390789314 0.1393337152 
 0.1379386545 0.1385650473 0.1388961007 
 0.1372853451 0.1380137120 0.1384320884 
 0.1366002675 0.1374398514 0.1379552840 
 0.1358995860 0.1368579683 0.1374786483 
 0.1351991611 0.1362820279 0.1370143871 
 0.1345143969 0.1357253229 0.1365738336 
 0.1338600558 0.1352003172 0.1361673195 
 0.1332500389 0.1347184693 0.1358040366 
 0.1326971399 0.1342900395 0.1354918928 
 0.1322127777 0.1339238856 0.1352373630 
 0.1318067204 0.1336272560 0.1350453434 
 0.1314868133 0.1334055897 0.1349190144 
 0.1312587273 0.1332623334 0.1348597192 
 0.1311257419 0.1331987901 0.1348668682 
 0.1310885786 0.1332140062 0.1349378748 
 0.1311452978 0.1333047100 0.1350681302 
 0.1312912670 0.1334653077 0.1352510231 
 0.1315192093 0.1336879403 0.1354780057 
 0.1318193296 0.1339626034 0.1357387080 
 0.1321795183 0.1342773271 0.1360210969 
 0.1325856232 0.1346184087 0.1363116770 
 0.1330217780 0.1349706906 0.1365957250 
 0.1334707736 0.1353178718 0.1368575496 
 0.1339144554 0.1356428403 0.1370807699 
 0.1343341309 0.1359280145 0.1372485997 
 0.1347109717 0.1361556830 0.1373441333 
 0.1350263985 0.1363083321 0.1373506238 
 0.1352624377 0.1363689559 0.1372517509 
 0.1354020472 0.1363213443 0.1370318754 
 0.1354294069 0.1361503503 0.1366762838 
 0.1353301795 0.1358421383 0.1361714238 
 0.1350917445 0.1353844204 0.1355051410 
 0.1347034165 0.1347666888 0.1346669250 
 0.1341566540 0.1339804544 0.1336481777 
 0.1334452728 0.1330195038 0.1324425160 
 0.1325656693 0.1318801832 0.1310461237 
 0.1315170642 0.1305617194 0.1294581604 
 0.1303017670 0.1290665778 0.1276812296 
 0.1289254567 0.1274008514 0.1257218944 
 0.1273974676 0.1255746612 0.1235912138 
 0.1257310526 0.1236025321 0.1213052476 
 0.1239435903 0.1215036948 0.1188854623 
 0.1220566896 0.1193022512 0.1163589506 
 0.1200961435 0.1170271376 0.1137583792 
 0.1180916860 0.1147118272 0.1111215908 
 0.1160765210 0.1123937355 0.1084908249 
 0.1140866123 0.1101133276 0.1059115691 
 0.1121597545 0.1079129632 0.1034311131 
 0.1103344715 0.1058355589 0.1010969238 
 0.1086488133 0.1039231684 0.0989549897 
 0.1071391328 0.1022155936 0.0970482795 
 0.1058389226 0.1007491231 0.0954154309 
 0.1047777764 0.0995554678 0.0940897326 
 0.1039805153 0.0986609230 0.0930984071 
 0.1034664982 0.0980857523 0.0924621538 
 0.1032491105 0.0978437624 0.0921948804 
 0.1033354199 0.0979420272 0.0923035467 
 0.1037259822 0.0983807270 0.0927880597 
 0.1044147932 0.0991530873 0.0936411921 
 0.1053893895 0.1002454242 0.0948485362 
 0.1066311179 0.1016373307 0.0963885448 
 0.1081155910 0.1033020473 0.0982327364 
 0.1098133469 0.1052070632 0.1003461487 
 0.1116907092 0.1073149720 0.1026881090 
 0.1137108211 0.1095845752 0.1052133425 
 0.1158347967 0.1119721800 0.1078733854 
 0.1180229121 0.1144330025 0.1106182036 
 0.1202357448 0.1169225578 0.1133978724 
 0.1224351728 0.1193979156 0.1161641508 
 0.1245851657 0.1218187170 0.1188717983 
 0.1266523269 0.1241478862 0.1214795259 
 0.1286061789 0.1263520144 0.1239505343 
 0.1304192150 0.1284014375 0.1262526531 
 0.1320667586 0.1302700609 0.1283581439 
 0.1335266848 0.1319350008 0.1302432581 
 0.1347790554 0.1333761151 0.1318876474 
 0.1358057155 0.1345754861 0.1332737121 
 0.1365898845 0.1355169039 0.1343859537 
 0.1371157664 0.1361853818 0.1352103768 
 0.1373681912 0.1365667195 0.1357339591 
 0.1373322945 0.1366471237 0.1359442018 
 0.1369932394 0.1364128841 0.1358287566 
 0.1363359852 0.1358501125 0.1353751306 
 0.1353451183 0.1349445512 0.1345704744 
 0.1340047706 0.1336814770 0.1334014716 
 0.1322986732 0.1320457436 0.1318543690 
 0.1302104205 0.1300220332 0.1299152142 
 0.1277240485 0.1275954212 0.1275703942 
 0.1248250619 0.1247523804 0.1248076003 
 0.1215020513 0.1214823668 0.1216173501 
 0.1177490178 0.1177801000 0.1179951800 
 0.1135684314 0.1136485668 0.1139445360 
 0.1089748750 0.1091026047 0.1094802342 
 0.1039988651 0.1041726709 0.1046321193 
 0.0986901323 0.0989080977 0.0994482645 
 0.0931194010 0.0933788964 0.0939968182 
 0.0873776825 0.0876751394 0.0883655612 
 0.0815724390 0.0819032771 0.0826585287 
 0.0758206951 0.0761794393 0.0769896985 
 0.0702400799 0.0706206597 0.0714745900 
 0.0649394947 0.0653356668 0.0662213165 
 0.0600112810 0.0604170868 0.0613228663 
 0.0555263072 0.0559364722 0.0568520228 
 0.0515325199 0.0519427323 0.0528595476 
 0.0480566115 0.0484636557 0.0493754030 
 0.0451078632 0.0455096208 0.0464121830 
 0.0426830482 0.0430784023 0.0439697077 
 0.0407714357 0.0411601165 0.0420398393 
 0.0393592465 0.0397416543 0.0406108566 
 0.0384332303 0.0388102588 0.0396710239 
 0.0379832679 0.0383561394 0.0392112222 
 0.0380040275 0.0383741439 0.0392266450 
 0.0384957463 0.0388645521 0.0397176105 
 0.0394641831 0.0398330356 0.0406895273 
 0.0409197398 0.0412897797 0.0421520102 
 0.0428757001 0.0432477192 0.0441171041 
 0.0453455161 0.0457198243 0.0465965635 
 0.0483391229 0.0487154220 0.0495981912 
 0.0518583971 0.0522356807 0.0531213853 
 0.0558921232 0.0562686286 0.0571522855 
 0.0604111510 0.0607843948 0.0616592151 
 0.0653647339 0.0657316567 0.0665893886 
 0.0706791627 0.0710363916 0.0718679384 
 0.0762595907 0.0766037994 0.0774000588 
 0.0819953129 0.0823236285 0.0830764254 
 0.0877678471 0.0880782323 0.0887811762 
 0.0934603237 0.0937518674 0.0944009726 
 0.0989662952 0.0992393684 0.0998333435 
 0.1041963248 0.1044525986 0.1049928014 
 0.1090814711 0.1093238268 0.1098139611 
 0.1135736806 0.1138060608 0.1142517323 
 0.1176437920 0.1178710399 0.1182792877 
 0.1212781486 0.1215058723 0.1218847587 
 0.1244747625 0.1247092425 0.1250675458 
 0.1272397139 0.1274878587 0.1278348777 
 0.1295841640 0.1298535071 0.1301989657 
 0.1315221042 0.1318208351 0.1321748633 
 0.1330688043 0.1334058211 0.1337789882 
 0.1342398356 0.1346248107 0.1350281898 
 0.1350505291 0.1354939789 0.1359392247 
 0.1355157362 0.1360290888 0.1365285165 
 0.1356497949 0.1362454486 0.1368121031 
 0.1354666290 0.1361579948 0.1368057034 
 0.1349799402 0.1357814601 0.1365248590 
 0.1342034710 0.1351306012 0.1359851277 
 0.1331513294 0.1342204745 0.1352023140 
 0.1318383751 0.1330667571 0.1341927323 
 0.1302806658 0.1316861091 0.1329734975 
 0.1284959583 0.1300965735 0.1315628390 
 0.1265042479 0.1283179986 0.1299804270 
 0.1243283146 0.1263724616 0.1282476937 
 0.1219942241 0.1242846560 0.1263881236 
 0.1195317195 0.1220821945 0.1244274774 
 0.1169744242 0.1197957710 0.1223939088 
 0.1143597826 0.1174591258 0.1203179326 
 0.1117286807 0.1151087688 0.1182322091 
 0.1091247261 0.1127834372 0.1161711248 
 0.1065932102 0.1105232981 0.1141701699 
 0.1041798289 0.1083689393 0.1122651394 
 0.1019292723 0.1063602238 0.1104912055 
 0.0998838181 0.1045351012 0.1088819276 
 0.0980820500 0.1029284720 0.1074682704 
 0.0965577964 0.1015711815 0.1062776938 
 0.0953393340 0.1004891985 0.1053333662 
 0.0944488551 0.0997029932 0.1046535264 
 0.0939021568 0.0992271062 0.1042510055 
 0.0937084893 0.0990698788 0.1041329014 
 0.0938704976 0.0992333090 0.1043003922 
 0.0943842108 0.0997130082 0.1047486795 
 0.0952390576 0.1004982470 0.1054670567 
 0.0964179284 0.1015721040 0.1064391103 
 0.0978973270 0.1029117441 0.1076430694 
 0.0996476818 0.1044888678 0.1090523212 
 0.1016338853 0.1062703634 0.1106361014 
 0.1038161109 0.1082191813 0.1123603570 
 0.1061509207 0.1102954156 0.1141887524 
 0.1085926262 0.1124575454 0.1160837710 
 0.1110948136 0.1146637577 0.1180078453 
 0.1136119090 0.1168732515 0.1199244389 
 0.1161006434 0.1190474222 0.1217990087 
 0.1185212936 0.1211508434 0.1235997934 
 0.1208386093 0.1231519908 0.1252983947 
 0.1230223896 0.1250236918 0.1268701461 
 0.1250477224 0.1267433193 0.1282942899 
 0.1268949370 0.1282927732 0.1295539946 
 0.1285493484 0.1296583068 0.1306362593 
 0.1300008723 0.1308302597 0.1315317470 
 0.1312435826 0.1318027473 0.1322345865 
 0.1322752692 0.1325733496 0.1327421715 
 0.1330970303 0.1331428226 0.1330549748 
 0.1337129183 0.1335148478 0.1331763892 
 0.1341296423 0.1336958196 0.1331125945 
 0.1343563225 0.1336946678 0.1328724464 
 0.1344042837 0.1335227038 0.1324673784 
 0.1342868737 0.1331934779 0.1319113034 
 0.1340192924 0.1327226341 0.1312204996 
 0.1336184153 0.1321277460 0.1304134651 
 0.1331026003 0.1314281228 0.1295107257 
 0.1324914662 0.1306445712 0.1285345812 
 0.1318056348 0.1297991068 0.1275087810 
 0.1310664345 0.1289146098 0.1264581253 
 0.1302955629 0.1280144273 0.1254079955 
 0.1295147163 0.1271219295 0.1243838233 
 0.1287451927 0.1262600310 0.1234105182 
 0.1280074816 0.1254506978 0.1225118764 
 0.1273208564 0.1247144560 0.1217099961 
 0.1267029847 0.1240699266 0.1210247290 
 0.1261695728 0.1235334053 0.1204731892 
 0.1257340595 0.1231185047 0.1200693428 
 0.1254073695 0.1228358742 0.1198236924 
 0.1251977367 0.1226930059 0.1197430671 
 0.1251106012 0.1226941337 0.1198305232 
 0.1251485816 0.1228402252 0.1200853565 
 0.1253115199 0.1231290639 0.1205032227 
 0.1255965942 0.1235554154 0.1210763578 
 0.1259984891 0.1241112655 0.1217938881 
 0.1265096128 0.1247861172 0.1226422108 
 0.1271203485 0.1255673285 0.1236054281 
 0.1278193244 0.1264404732 0.1246658083 
 0.1285936881 0.1273897046 0.1258042507 
 0.1294293737 0.1283981036 0.1270007283 
 0.1303113473 0.1294479965 0.1282346886 
 0.1312238260 0.1305212297 0.1294853937 
 0.1321504626 0.1315993938 0.1307321914 
 0.1330744958 0.1326639969 0.1319547134 
 0.1339788665 0.1336965860 0.1331330029 
 0.1348463043 0.1346788247 0.1342475807 
 0.1356593872 0.1355925317 0.1352794587 
 0.1364005819 0.1364196907 0.1362101145 
 0.1370522681 0.1371424376 0.1370214363 
 0.1375967509 0.1377430320 0.1376956500 
 0.1380162659 0.1382038190 0.1382152346 
 0.1382929773 0.1385071844 0.1385628318 
 0.1384089717 0.1386355060 0.1387211539 
 0.1383462486 0.1385711023 0.1386728917 
 0.1380867089 0.1382961827 0.1384006259 
 0.1376121440 0.1377927998 0.1378867444 
 0.1369042339 0.1370428141 0.1371133744 
 0.1359445624 0.1360278802 0.1360623422 
 0.1347146720 0.1347294801 0.1347151841 
 0.1331961890 0.1331290366 0.1330532497 
 0.1313710664 0.1312081627 0.1310579573 
 0.1292220140 0.1289491245 0.1287112856 
 0.1267331992 0.1263356135 0.1259966131 
 0.1238913186 0.1233539394 0.1229000234 
 0.1206871261 0.1199947427 0.1194121870 
 0.1171174691 0.1162552745 0.1155308664 
 0.1131877870 0.1121421873 0.1112639720 
 0.1089148892 0.1076746063 0.1066328954 
 0.1043296355 0.1028870362 0.1016756059 
 0.0994789601 0.0978314447 0.0964487603 
 0.0944265698 0.0925777645 0.0910279855 
 0.0892517183 0.0872121647 0.0855056478 
 0.0840457606 0.0818328363 0.0799859098 
 0.0789067011 0.0765436485 0.0745775738 
 0.0739325125 0.0714466621 0.0693859060 
 0.0692143942 0.0666348777 0.0645049972 
 0.0648311884 0.0621865524 0.0600120818 
 0.0608458477 0.0581619698 0.0559646605 
 0.0573042977 0.0546028829 0.0524005141 
 0.0542364787 0.0515342440 0.0493400597 
 0.0516589686 0.0489674709 0.0467901679 
 0.0495784526 0.0469044199 0.0447485416 
 0.0479953670 0.0453413645 0.0432079412 
 0.0469072219 0.0442725020 0.0421598080 
 0.0463112937 0.0436927217 0.0415970626 
 0.0462065353 0.0435995302 0.0415160152 
 0.0465946420 0.0439941071 0.0419173973 
 0.0474802494 0.0448814934 0.0428065322 
 0.0488702507 0.0462699015 0.0441926432 
 0.0507722158 0.0481691227 0.0460872612 
 0.0531919247 0.0505880138 0.0485016944 
 0.0561301002 0.0535311087 0.0514435704 
 0.0595785668 0.0569945390 0.0549125950 
 0.0635162717 0.0609616679 0.0588958978 
 0.0679058257 0.0653990968 0.0633636191 
 0.0726913814 0.0702539239 0.0682656493 
 0.0777986374 0.0754531603 0.0735305262 
 0.0831374525 0.0809059509 0.0790672677 
 0.0886069937 0.0865086611 0.0847703367 
 0.0941026683 0.0921521409 0.0905271194 
 0.0995235785 0.0977298385 0.0962265546 
 0.1047791032 0.1031451972 0.1017672140 
 0.1097935166 0.1083170417 0.1070633588 
 0.1145081543 0.1131822990 0.1120481672 
 0.1188812693 0.1176961271 0.1166741333 
 0.1228861632 0.1218300599 0.1209112518 
 0.1265083485 0.1255690014 0.1247438869 
 0.1297424282 0.1289078474 0.1281671848 
 0.1325891841 0.1318483040 0.1311836629 
 0.1350531439 0.1343962178 0.1338003380 
 0.1371407141 0.1365595271 0.1360265210 
 0.1388588473 0.1383468041 0.1378722493 
 0.1402141500 0.1397662868 0.1393472531 
 0.1412123222 0.1408252790 0.1404603206 
 0.1418578262 0.1415298058 0.1412189416 
 0.1421537058 0.1418844352 0.1416291314 
 0.1421014977 0.1418922015 0.1416953648 
 0.1417012020 0.1415545923 0.1414205774 
 0.1409512958 0.1408715785 0.1408062116 
 0.1398487908 0.1398416882 0.1398523029 
 0.1383893551 0.1384621360 0.1385576171 
 0.1365675355 0.1367290429 0.1369198652 
 0.1343771385 0.1346377943 0.1349360376 
 0.1318118502 0.1321836062 0.1326029167 
 0.1288661915 0.1293623837 0.1299178388 
 0.1255369051 0.1261719567 0.1268797794 
 0.1218248490 0.1226137600 0.1234908196 
 0.1177373964 0.1186949643 0.1197580076 
 0.1132912217 0.1144309639 0.1156955415 
 0.1085151707 0.1098479760 0.1113270820 
 0.1034527157 0.1049853349 0.1066878565 
 0.0981633396 0.0998969227 0.1018260926 
 0.0927221773 0.0946511441 0.0968032707 
 0.0872174593 0.0893290040 0.0916927861 
 0.0817457467 0.0840201987 0.0865768716 
 0.0764055346 0.0788176242 0.0815420327 
 0.0712902976 0.0738111586 0.0766736454 
 0.0664822569 0.0690818193 0.0720506224 
 0.0620479518 0.0646973060 0.0677410566 
 0.0580361991 0.0607095644 0.0637994923 
 0.0544784230 0.0571544958 0.0602660659 
 0.0513908637 0.0540534884 0.0571673536 
 0.0487779390 0.0514161805 0.0545184838 
 0.0466360395 0.0492438094 0.0523259607 
 0.0449571908 0.0475325950 0.0505906862 
 0.0437322273 0.0462767775 0.0493107863 
 0.0429533030 0.0454710902 0.0484839858 
 0.0426156911 0.0451125745 0.0481093964 
 0.0427188858 0.0452017141 0.0481886526 
 0.0432670303 0.0457428851 0.0487263680 
 0.0442686690 0.0467441129 0.0497298845 
 0.0457357920 0.0482160984 0.0512082841 
 0.0476821069 0.0501704675 0.0531706294 
 0.0501204801 0.0526172115 0.0556234340 
 0.0530595459 0.0555613556 0.0585674464 
 0.0564996205 0.0589990389 0.0619939754 
 0.0604282741 0.0629133981 0.0658811838 
 0.0648161839 0.0672708886 0.0701909837 
 0.0696141305 0.0720188679 0.0748672938 
 0.0747520726 0.0770852753 0.0798363668 
 0.0801410208 0.0823809786 0.0850095894 
 0.0856778797 0.0878048072 0.0902886225 
 0.0912526701 0.0932505945 0.0955721360 
 0.0967568521 0.0986149757 0.1007629463 
 0.1020911515 0.1038044817 0.1057742655 
 0.1071714963 0.1087407286 0.1105340766 
 0.1119322869 0.1133630986 0.1149872040 
 0.1163269725 0.1176289763 0.1190952269 
 0.1203264917 0.1215121042 0.1228347840 
 0.1239164160 0.1249998302 0.1261949683 
 0.1270936076 0.1280899785 0.1291744513 
 0.1298630095 0.1307878827 0.1317787926 
 0.1322349223 0.1331038877 0.1340181901 
 0.1342229084 0.1350514320 0.1359057583 
 0.1358423082 0.1366456909 0.1374563085 
 0.1371092752 0.1379026911 0.1386855482 
 0.1380402092 0.1388387856 0.1396096008 
 0.1386514731 0.1394703852 0.1402447507 
 0.1389592999 0.1398138606 0.1406073404 
 0.1389798231 0.1398855542 0.1407137634 
 0.1387291846 0.1397018609 0.1405805166 
 0.1382236949 0.1392793518 0.1402242897 
 0.1374800272 0.1386349264 0.1396620758 
 0.1365154399 0.1377859827 0.1389112962 
 0.1353480180 0.1367506012 0.1379899321 
 0.1339969280 0.1355477338 0.1369166581 
 0.1324826739 0.1341973908 0.1357109693 
 0.1308273398 0.1327208120 0.1343932937 
 0.1290547938 0.1311406058 0.1329850770 
 0.1271908263 0.1294808367 0.1315088250 
 0.1252631911 0.1277670361 0.1299880864 
 0.1233015176 0.1260261162 0.1284473616 
 0.1213370706 0.1242861664 0.1269119212 
 0.1194023461 0.1225761242 0.1254075284 
 