0.1191077916 0.1173921982 0.1158234591 
 0.1150515934 0.1131635794 0.1114476840 
 0.1106715591 0.1085977107 0.1067230747 
 0.1060075798 0.1037389388 0.1016983823 
 0.1011149856 0.0986484435 0.0964404249 
 0.0960644125 0.0934037573 0.0910332186 
 0.0909397383 0.0880960523 0.0855745961 
 0.0858340114 0.0828252033 0.0801704277 
 0.0808437901 0.0776932260 0.0749272336 
 0.0760627751 0.0727971949 0.0699445039 
 0.0715758543 0.0682229331 0.0653081687 
 0.0674545786 0.0640405630 0.0610863364 
 0.0637546970 0.0603024841 0.0573277746 
 0.0605158583 0.0570437355 0.0540629331 
 0.0577631304 0.0542842262 0.0513068299 
 0.0555097206 0.0520320833 0.0490629388 
 0.0537602281 0.0502873780 0.0473272933 
 0.0525138543 0.0490456461 0.0460922310 
 0.0517671682 0.0483008269 0.0453494400 
 0.0515161859 0.0480474243 0.0450921574 
 0.0517576521 0.0482818177 0.0453164872 
 0.0524894874 0.0490027131 0.0460218535 
 0.0537104060 0.0502107499 0.0472106112 
 0.0554187375 0.0519072845 0.0488868266 
 0.0576105179 0.0540923906 0.0510542397 
 0.0602769826 0.0567621666 0.0537134600 
 0.0634016896 0.0599055418 0.0568585388 
 0.0669576364 0.0635009171 0.0604732216 
 0.0709048607 0.0675131466 0.0645273773 
 0.0751890874 0.0718914886 0.0689742815 
 0.0797419307 0.0765691652 0.0737495025 
 0.0844829422 0.0814649771 0.0787719965 
 0.0893234212 0.0864870364 0.0839476340 
 0.0941714842 0.0915381721 0.0891748102 
 0.0989375561 0.0965221176 0.0943512301 
 0.1035393482 0.1013493830 0.0993806322 
 0.1079055533 0.1059418331 0.1041782618 
 0.1119778534 0.1102353862 0.1086743104 
 0.1157112444 0.1141807409 0.1128151081 
 0.1190730092 0.1177424588 0.1165623716 
 0.1220408278 0.1208969560 0.1198911177 
 0.1246005140 0.1236299892 0.1227869206 
 0.1267437684 0.1259341108 0.1252430793 
 0.1284661946 0.1278064034 0.1272580732 
 0.1297656927 0.1292466439 0.1288334939 
 0.1306412496 0.1302559256 0.1299724974 
 0.1310920894 0.1308356993 0.1306787323 
 0.1311171263 0.1309871626 0.1309556641 
 0.1307146692 0.1307109317 0.1308062123 
 0.1298823493 0.1300069503 0.1302326400 
 0.1286172729 0.1288746220 0.1292366667 
 0.1269164378 0.1273131875 0.1278198063 
 0.1247774794 0.1253223960 0.1259839659 
 0.1221998316 0.1229035401 0.1237323583 
 0.1191863813 0.1200609211 0.1210707808 
 0.1157456456 0.1168037721 0.1180092887 
 0.1118944043 0.1131485892 0.1145642243 
 0.1076605611 0.1091216885 0.1107604622 
 0.1030858125 0.1047616427 0.1066335917 
 0.0982275215 0.1001210934 0.1022316283 
 0.0931591104 0.0952673491 0.0976157575 
 0.0879684060 0.0902812504 0.0928596541 
 0.0827537281 0.0852540574 0.0880471143 
 0.0776180631 0.0802825589 0.0832680844 
 0.0726622210 0.0754630891 0.0786135802 
 0.0679782139 0.0708854789 0.0741703095 
 0.0636440545 0.0666280137 0.0700159197 
 0.0597207766 0.0627541960 0.0662156303 
 0.0562518888 0.0593116397 0.0628206540 
 0.0532649305 0.0563329315 0.0598683915 
 0.0507744661 0.0538379504 0.0573840494 
 0.0487857613 0.0518369959 0.0553831529 
 0.0472984961 0.0503341151 0.0538744028 
 0.0463100496 0.0493301562 0.0528624131 
 0.0458180892 0.0488252402 0.0523499959 
 0.0458223341 0.0488204778 0.0523397800 
 0.0463254408 0.0493188434 0.0528350408 
 0.0473329902 0.0503251622 0.0538396774 
 0.0488525509 0.0518451843 0.0553573097 
 0.0508918011 0.0538837454 0.0573895096 
 0.0534557264 0.0564420624 0.0599332553 
 0.0565430082 0.0595143254 0.0629778063 
 0.0601418924 0.0630839161 0.0665013663 
 0.0642260667 0.0671197950 0.0704680749 
 0.0687513107 0.0715737930 0.0748260086 
 0.0736538177 0.0763796070 0.0795068699 
 0.0788509841 0.0814541407 0.0844278381 
 0.0842450462 0.0867014025 0.0894956305 
 0.0897292710 0.0920185565 0.0946122821 
 0.0951957017 0.0973031246 0.0996816803 
 0.1005429975 0.1024600137 0.1046156909 
 0.1056829174 0.1074071282 0.1093388591 
 0.1105444612 0.1120787858 0.1137911057 
 0.1150753710 0.1164267704 0.1179283652 
 0.1192413432 0.1204193961 0.1217215461 
 0.1230236770 0.1240392502 0.1251544113 
 0.1264161719 0.1272803328 0.1282209937 
 0.1294219459 0.1301451706 0.1309230314 
 0.1320506130 0.1326422766 0.1332677282 
 0.1343160277 0.1347841290 0.1352659770 
 0.1362346341 0.1365856912 0.1369310596 
 0.1378243493 0.1380634126 0.1382777675 
 0.1391038731 0.1392346068 0.1393218536 
 0.1400923021 0.1401171053 0.1400797259 
 0.1408089485 0.1407290945 0.1405683037 
 0.1412732844 0.1410890664 0.1408049782 
 0.1415049537 0.1412158336 0.1408076305 
 0.1415238163 0.1411285749 0.1405946816 
 0.1413499984 0.1408468880 0.1401851503 
 0.1410039357 0.1403908370 0.1395987082 
 0.1405063980 0.1397809835 0.1388557199 
 0.1398784891 0.1390383934 0.1379772607 
 0.1391416180 0.1381846153 0.1369851038 
 0.1383174369 0.1372416237 0.1359016709 
 0.1374277435 0.1362317244 0.1347499394 
 0.1364943471 0.1351774182 0.1335533023 
 0.1355388976 0.1341012221 0.1323353764 
 0.1345826786 0.1330254493 0.1311197616 
 0.1336463698 0.1319719501 0.1299297519 
 0.1327497827 0.1309618214 0.1287880074 
 0.1319115779 0.1300150915 0.1277161967 
 0.1311489734 0.1291503939 0.1267346237 
 0.1304774546 0.1283846385 0.1258618531 
 0.1299104967 0.1277326968 0.1251143503 
 0.1294593098 0.1272071106 0.1245061488 
 0.1291326188 0.1268178368 0.1240485593 
 0.1289364833 0.1265720371 0.1237499269 
 0.1288741680 0.1264739196 0.1236154472 
 0.1289460649 0.1265246385 0.1236470428 
 0.1291496735 0.1267222536 0.1238433050 
 0.1294796370 0.1270617529 0.1241995024 
 0.1299278366 0.1275351376 0.1247076565 
 0.1304835394 0.1281315679 0.1253566853 
 0.1311335966 0.1288375677 0.1261326129 
 0.1318626862 0.1296372817 0.1270188418 
 0.1326535927 0.1305127789 0.1279964822 
 0.1334875140 0.1314443928 0.1290447289 
 0.1343443868 0.1324110865 0.1301412738 
 0.1352032180 0.1333908305 0.1312627380 
 0.1360424125 0.1343609795 0.1323851077 
 0.1368400867 0.1352986344 0.1334841566 
 0.1375743600 0.1361809805 0.1345358393 
 0.1382236171 0.1369855902 0.1355166442 
 0.1387667382 0.1376906873 0.1364038972 
 0.1391832961 0.1382753706 0.1371760144 
 0.1394537217 0.1387197973 0.1378127042 
 0.1395594435 0.1390053334 0.1382951246 
 0.1394830073 0.1391146774 0.1386060061 
 0.1392081868 0.1390319677 0.1387297501 
 0.1387200965 0.1387428869 0.1386525169 
 0.1380053247 0.1382347771 0.1383623171 
 0.1370521033 0.1374967820 0.1378491224 
 0.1358505405 0.1365200373 0.1371050108 
 0.1343929404 0.1352979276 0.1361243649 
 0.1326742396 0.1338264329 0.1349041375 
 0.1306925823 0.1321045814 0.1334441974 
 0.1284500450 0.1301350167 0.1317477632 
 0.1259535009 0.1279246719 0.1298219156 
 0.1232155737 0.1254855143 0.1276781652 
 0.1202555897 0.1228352951 0.1253330238 
 0.1171003878 0.1199981978 0.1228085056 
 0.1137848105 0.1170052561 0.1201324591 
 0.1103516899 0.1138943960 0.1173386220 
 0.1068511803 0.1107099807 0.1144663017 
 0.1033393700 0.1075017897 0.1115596191 
 0.0998762325 0.1043234513 0.1086663122 
 0.0965231094 0.1012304460 0.1058361686 
 0.0933400219 0.0982778891 0.1031192240 
 0.0903831506 0.0955183417 0.1005639086 
 0.0877027822 0.0929998997 0.0982153350 
 0.0853419195 0.0907647423 0.0961138856 
 0.0833356112 0.0888482301 0.0942942006 
 0.0817109285 0.0872785393 0.0927845907 
 0.0804874166 0.0860767334 0.0916068296 
 0.0796778107 0.0852571240 0.0907762353 
 0.0792888031 0.0848277610 0.0903019261 
 0.0793216940 0.0847909101 0.0901871431 
 0.0797728119 0.0851434210 0.0904295599 
 0.0806336603 0.0858769384 0.0910215330 
 0.0818908138 0.0869779681 0.0919502933 
 0.0835256427 0.0884278529 0.0931981116 
 0.0855139944 0.0902027546 0.0947425005 
 0.0878259871 0.0922737530 0.0965565248 
 0.0904260724 0.0946071682 0.0986092855 
 0.0932734935 0.0971651841 0.1008666174 
 0.0963232049 0.0999067975 0.1032920013 
 0.0995272317 0.1027890553 0.1058476469 
 0.1028363579 0.1057684764 0.1084956617 
 0.1062019572 0.1088025148 0.1111991993 
 0.1095777455 0.1118509020 0.1139234730 
 0.1129212487 0.1148767296 0.1166365439 
 0.1161948351 0.1178471758 0.1193098268 
 0.1193662478 0.1207338452 0.1219182999 
 0.1224086537 0.1235127455 0.1244404453 
 0.1253002948 0.1261639709 0.1268579744 
 0.1280238620 0.1286711846 0.1291554073 
 0.1305657186 0.1310209929 0.1313195750 
 0.1329150835 0.1332022941 0.1333391054 
 0.1350632579 0.1352056614 0.1352039351 
 0.1370029429 0.1370227972 0.1369048777 
 0.1387276728 0.1386460764 0.1384332605 
 0.1402313646 0.1400681807 0.1397806331 
 0.1415079726 0.1412818159 0.1409385419 
 0.1425512317 0.1422795009 0.1418983632 
 0.1433544688 0.1430534125 0.1426511829 
 0.1439104668 0.1435952747 0.1431877137 
 0.1442113655 0.1438962795 0.1434982395 
 0.1442485882 0.1439470311 0.1435725810 
 0.1440127882 0.1437375080 0.1434000771 
 0.1434938100 0.1432570394 0.1429695799 
 0.1426806701 0.1424942997 0.1422694658 
 0.1415615656 0.1414373289 0.1412876701 
 0.1401239311 0.1400735977 0.1400117612 
 0.1383545819 0.1383901482 0.1384290818 
 0.1362399958 0.1363738599 0.1365269970 
 0.1337668144 0.1340119078 0.1342933110 
 0.1309226639 0.1312925029 0.1317169248 
 0.1276974071 0.1282060135 0.1287888238 
 0.1240849277 0.1247465554 0.1255034702 
 0.1200854921 0.1209140987 0.1218606450 
 0.1157086230 0.1167170385 0.1178677042 
 0.1109762366 0.1121750280 0.1135420868 
 0.1059255724 0.1073216770 0.1089137534 
 0.1006112292 0.1022065295 0.1040270649 
 0.0951055251 0.0968956314 0.0989415156 
 0.0894965354 0.0914700905 0.0937307783 
 0.0838835849 0.0860223599 0.0884797695 
 0.0783706161 0.0806505157 0.0832798699 
 0.0730584929 0.0754513717 0.0782229343 
 0.0680376737 0.0705136559 0.0733950912 
 0.0633826041 0.0659124839 0.0688714263 
 0.0591486788 0.0617060026 0.0647124043 
 0.0553719363 0.0579344935 0.0609624259 
 0.0520710374 0.0546216642 0.0576504167 
 0.0492507360 0.0517774903 0.0547919771 
 0.0469060028 0.0494018566 0.0523924566 
 0.0450261123 0.0474883402 0.0504503424 
 0.0435982518 0.0460276679 0.0489604899 
 0.0426104301 0.0450105861 0.0479168959 
 0.0420536335 0.0444300407 0.0473148632 
 0.0419232597 0.0442826595 0.0471525059 
 0.0422198878 0.0445695648 0.0474315907 
 0.0429494232 0.0452965408 0.0481577191 
 0.0441226144 0.0464735465 0.0493398343 
 0.0457538920 0.0481135317 0.0509890198 
 0.0478594496 0.0502304926 0.0531165452 
 0.0504544900 0.0528367187 0.0557311490 
 0.0535496240 0.0559392606 0.0588356284 
 0.0571465627 0.0595357996 0.0624229676 
 0.0612334744 0.0636103276 0.0664724387 
 0.0657806697 0.0681293049 0.0709463360 
 0.0707375280 0.0730391602 0.0757881363 
 0.0760316448 0.0782660073 0.0809228246 
 0.0815709343 0.0837181580 0.0862597987 
 0.0872488176 0.0892914229 0.0916981960 
 0.0929518203 0.0948764502 0.0971338486 
 0.0985681904 0.1003667640 0.1024666037 
 0.1039958560 0.1056659721 0.1076066702 
 0.1091483047 0.1106929235 0.1124789838 
 0.1139576444 0.1153842362 0.1170251774 
 0.1183748966 0.1196943196 0.1212033456 
 0.1223681562 0.1235935119 0.1249861937 
 0.1259195079 0.1270651502 0.1283583042 
 0.1290215351 0.1301023219 0.1313131722 
 0.1316740285 0.1327048326 0.1338504680 
 0.1338812355 0.1348766864 0.1359737742 
 0.1356497667 0.1366241726 0.1376888722 
 0.1369871275 0.1379545271 0.1390025440 
 0.1379007703 0.1388750697 0.1399218006 
 0.1383975447 0.1393927050 0.1404534362 
 0.1384834329 0.1395136845 0.1406038166 
 0.1381634892 0.1392435549 0.1403788355 
 0.1374419358 0.1385872480 0.1397839962 
 0.1363223979 0.1375492923 0.1388246011 
 0.1348082912 0.1361341555 0.1375060504 
 0.1329033960 0.1343467413 0.1358342695 
 0.1306126655 0.1321930784 0.1338162901 
 0.1279433142 0.1296812380 0.1314610151 
 0.1249062118 0.1268225008 0.1287801832 
 0.1215175580 0.1236327576 0.1257895224 
 0.1178007346 0.1201340649 0.1225100336 
 0.1137881287 0.1163561994 0.1189692893 
 0.1095226140 0.1123379685 0.1152025593 
 0.1050583075 0.1081279724 0.1112535303 
 0.1004602261 0.1037845077 0.1071743682 
 0.0958025966 0.0993743851 0.1030249251 
 0.0911658180 0.0949706102 0.0988710151 
 0.0866323858 0.0906491157 0.0947818580 
 0.0822823655 0.0864849670 0.0908269819 
 0.0781891381 0.0825486058 0.0870730048 
 0.0744160820 0.0789027005 0.0835807598 
 0.0710146225 0.0756000253 0.0804031456 
 0.0680237632 0.0726825526 0.0775839211 
 0.0654709186 0.0701816970 0.0751574686 
 0.0633736728 0.0681194555 0.0731493737 
 0.0617420238 0.0665100937 0.0715775660 
 0.0605807009 0.0653620177 0.0704537216 
 0.0598912348 0.0646795245 0.0697846527 
 0.0596735624 0.0644642010 0.0695734605 
 0.0599270383 0.0647158260 0.0698202974 
 0.0606507904 0.0654326940 0.0705226525 
 0.0618434040 0.0666113427 0.0716751324 
 0.0635019606 0.0682457121 0.0732687749 
 0.0656204982 0.0703258227 0.0752899863 
 0.0681880293 0.0728361253 0.0777192626 
 0.0711863338 0.0757537484 0.0805299121 
 0.0745878417 0.0790469438 0.0836870472 
 0.0783540033 0.0826740747 0.0871471237 
 0.0824345674 0.0865834754 0.0908582678 
 0.0867681196 0.0907144146 0.0947615195 
 0.0912840438 0.0949992124 0.0987929613 
 0.0959057872 0.0993663241 0.1028865163 
 0.1005550126 0.1037439848 0.1069770507 
 0.1051560005 0.1080638769 0.1110033487 
 0.1096396127 0.1122642880 0.1149105647 
 0.1139462610 0.1162923630 0.1186518883 
 0.1180275867 0.1201052772 0.1221893326 
 0.1218468513 0.1236703805 0.1254937182 
 0.1253782755 0.1269645260 0.1285440424 
 0.1286056810 0.1299728807 0.1313264668 
 0.1315208056 0.1326875043 0.1338331463 
 0.1341215904 0.1351059289 0.1360610742 
 0.1364106402 0.1372298903 0.1380110547 
 0.1383939579 0.1390642863 0.1396868578 
 0.1400799781 0.1406163764 0.1410945667 
 0.1414788744 0.1418952043 0.1422421006 
 0.1426020927 0.1429112010 0.1431388818 
 0.1434620549 0.1436759265 0.1437956126 
 0.1440719834 0.1442019101 0.1442241305 
 0.1444458050 0.1445025546 0.1444373160 
 0.1445981044 0.1445920815 0.1444490319 
 0.1445441051 0.1444854970 0.1442740786 
 0.1442996625 0.1441985663 0.1439281535 
 0.1438812590 0.1437477878 0.1434278068 
 0.1433059938 0.1431503571 0.1427903842 
 0.1425915617 0.1424241192 0.1420339540 
 0.1417562184 0.1415875025 0.1411772124 
 0.1408187277 0.1406594329 0.1402393660 
 0.1397982887 0.1396592251 0.1392399871 
 0.1387144412 0.1386064511 0.1381988450 
 0.1375869479 0.1375207843 0.1371357108 
 0.1364356502 0.1364218201 0.1360701401 
 0.1352803000 0.1353288746 0.1350212355 
 0.1341403637 0.1342607632 0.1340073955 
 0.1330348024 0.1332355628 0.1330460529 
 0.1319818293 0.1322703612 0.1321534117 
 0.1309986477 0.1313810006 0.1313441886 
 0.1301011766 0.1305818204 0.1306313666 
 0.1293037713 0.1298854078 0.1300259691 
 0.1286189481 0.1293023641 0.1295368613 
 0.1280571233 0.1288410958 0.1291705864 
 0.1276263794 0.1285076374 0.1289312414 
 0.1273322665 0.1283055151 0.1288203985 
 0.1271776507 0.1282356562 0.1288370725 
 0.1271626170 0.1282963490 0.1289777380 
 0.1272844306 0.1284832558 0.1292363929 
 0.1275375616 0.1287894788 0.1296046678 
 0.1279137716 0.1292056769 0.1300719758 
 0.1284022609 0.1297202300 0.1306256974 
 0.1289898698 0.1303194447 0.1312513954 
 0.1296613287 0.1309877953 0.1319330519 
 0.1303995468 0.1317081908 0.1326533200 
 0.1311859300 0.1324622608 0.1333937845 
 0.1320007164 0.1332306507 0.1341352237 
 0.1328233191 0.1339933177 0.1348578658 
 0.1336326636 0.1347298195 0.1355416350 
 0.1344075131 0.1354195892 0.1361663832 
 0.1351267705 0.1360421906 0.1367121019 
 0.1357697533 0.1365775495 0.1371591143 
 0.1363164374 0.1370061605 0.1374882462 
 0.1367476694 0.1373092680 0.1376809761 
 0.1370453489 0.1374690250 0.1377195680 
 0.1371925854 0.1374686328 0.1375871916 
 0.1371738365 0.1372924689 0.1372680363 
 0.1369750354 0.1369262125 0.1367474289 
 0.1365837194 0.1363569772 0.1360119683 
 0.1359891707 0.1355734679 0.1350496941 
 0.1351825861 0.1345661773 0.1338503104 
 0.1341572903 0.1333276439 0.1324054925 
 0.1329090110 0.1318527940 0.1307093027 
 0.1314362329 0.1301393878 0.1287587451 
 0.1297406388 0.1281885847 0.1265544751 
 0.1278276411 0.1260056270 0.1241016633 
 0.1257069852 0.1236006185 0.1214109794 
 0.1233933836 0.1209893426 0.1184996177 
 0.1209071147 0.1181940237 0.1153922370 
 0.1182744890 0.1152439060 0.1121216418 
 0.1155280711 0.1121754991 0.1087290114 
 0.1127065464 0.1090323485 0.1052635020 
 0.1098541444 0.1058642320 0.1017811133 
 0.1070195862 0.1027257614 0.0983428321 
 0.1042545921 0.0996744706 0.0950121990 
 0.1016120634 0.0967685684 0.0918525695 
 0.0991441077 0.0940646033 0.0889244090 
 0.0969001077 0.0916152990 0.0862829459 
 0.0949250096 0.0894677746 0.0839764224 
 0.0932579610 0.0876622748 0.0820450437 
 0.0919313495 0.0862314285 0.0805205864 
 0.0909702209 0.0851999581 0.0794265153 
 0.0903920024 0.0845847028 0.0787783941 
 0.0902064263 0.0843947951 0.0785843735 
 0.0904155574 0.0846318509 0.0788455733 
 0.0910138540 0.0852900799 0.0795562457 
 0.0919882384 0.0863562870 0.0807036875 
 0.0933182011 0.0878098028 0.0822679510 
 0.0949760035 0.0896224380 0.0842214797 
 0.0969270649 0.0917585962 0.0865288475 
 0.0991306196 0.0941756814 0.0891468024 
 0.1015406955 0.0968249122 0.0920247912 
 0.1041074164 0.0996525855 0.0951060747 
 0.1067785620 0.1026017479 0.0983294325 
 0.1095012622 0.1056141406 0.1016313310 
 0.1122236647 0.1086322194 0.1049483217 
 0.1148964111 0.1116010227 0.1082193758 
 0.1174737853 0.1144696898 0.1113878718 
 0.1199144558 0.1171924924 0.1144030251 
 0.1221817958 0.1197293350 0.1172206585 
 0.1242438237 0.1220457591 0.1198033341 
 0.1260728459 0.1241125491 0.1221199545 
 0.1276449011 0.1259050671 0.1241449930 
 0.1289391014 0.1274024460 0.1258575234 
 0.1299369507 0.1285867465 0.1272401936 
 0.1306216959 0.1294421593 0.1282782502 
 0.1309777483 0.1299542984 0.1289586797 
 0.1309901936 0.1301096114 0.1292695000 
 0.1306444053 0.1298949193 0.1291992125 
 0.1299257745 0.1292970955 0.1287364211 
 0.1288195871 0.1283029070 0.1278696318 
 0.1273110943 0.1268990590 0.1265872650 
 0.1253858587 0.1250725150 0.1248779422 
 0.1230304813 0.1228111919 0.1227311355 
 0.1202338407 0.1201051534 0.1201382941 
 0.1169889682 0.1169484211 0.1170945594 
 0.1132956324 0.1133414746 0.1136011378 
 0.1091635823 0.1092943957 0.1096682947 
 0.1046161908 0.1048304149 0.1053187519 
 0.0996939657 0.0999893529 0.1005910222 
 0.0944571139 0.0948301839 0.0955419625 
 0.0889862038 0.0894317933 0.0902476707 
 0.0833800941 0.0838911190 0.0848019382 
 0.0777508079 0.0783183280 0.0793118791 
 0.0722158235 0.0728294382 0.0738910562 
 0.0668890698 0.0675375885 0.0686511768 
 0.0618723901 0.0625446453 0.0636939319 
 0.0572491255 0.0579347650 0.0591045445 
 0.0530808281 0.0537709449 0.0549480876 
 0.0494072326 0.0500947538 0.0512688497 
 0.0462488704 0.0469286932 0.0480923076 
 0.0436113159 0.0442802344 0.0454288312 
 0.0414900375 0.0421465280 0.0432781616 
 0.0398750503 0.0405189823 0.0416338612 
 0.0387548768 0.0393872030 0.0404872072 
 0.0381195918 0.0387420499 0.0398302541 
 0.0379629073 0.0385777472 0.0396579734 
 0.0382833326 0.0388930719 0.0399694727 
 0.0390844583 0.0396916572 0.0407683205 
 0.0403743752 0.0409814221 0.0420619817 
 0.0421641987 0.0427730985 0.0438603396 
 0.0444656471 0.0450778093 0.0461732698 
 0.0472876516 0.0479036867 0.0490072742 
 0.0506320949 0.0512516396 0.0523613073 
 0.0544889857 0.0551105923 0.0562221433 
 0.0588316789 0.0594528115 0.0605599140 
 0.0636130469 0.0642302268 0.0653247139 
 0.0687636714 0.0693727938 0.0704452822 
 0.0741929861 0.0747897911 0.0758305781 
 0.0797937619 0.0803744008 0.0813745166 
 0.0854494900 0.0860110908 0.0869633215 
 0.0910433671 0.0915844972 0.0924841879 
 0.0964671016 0.0969880523 0.0978335600 
 0.1016278698 0.1021307395 0.1029234990 
 0.1064523914 0.1069409946 0.1076852622 
 0.1108879553 0.1113676199 0.1120700145 
 0.1149009490 0.1153782714 0.1160472459 
 0.1184738160 0.1189564311 0.1196017802 
 0.1216013821 0.1220977834 0.1227302496 
 0.1242872758 0.1248066982 0.1254376984 
 0.1265408754 0.1270932392 0.1277347057 
 0.1283749578 0.1289708612 0.1296351747 
 0.1298040445 0.1304547910 0.1311547785 
 0.1308433419 0.1315609882 0.1323099611 
 0.1315081456 0.1323055565 0.1331173672 
 0.1318135797 0.1327044787 0.1335935776 
 0.1317745706 0.1327735743 0.1337550546 
 0.1314059855 0.1325286096 0.1336182254 
 0.1307228909 0.1319855130 0.1331996593 
 0.1297409076 0.1311606711 0.1325163102 
 0.1284766499 0.1300712886 0.1315858099 
 0.1269482386 0.1287358026 0.1304267987 
 0.1251758709 0.1271743378 0.1290592846 
 0.1231824198 0.1254091808 0.1275050123 
 0.1209940153 0.1234652389 0.1257878177 
 0.1186405424 0.1213704372 0.1239339336 
 0.1161559758 0.1191559946 0.1219722041 
 0.1135784677 0.1168565158 0.1199341607 
 0.1109501164 0.1145098426 0.1178539158 
 0.1083163740 0.1121566265 0.1157678423 
 0.1057250980 0.1098396145 0.1137140265 
 0.1032253038 0.1076026791 0.1117315079 
 0.1008657250 0.1054896584 0.1098593470 
 0.0986933155 0.1035431003 0.1081355832 
 0.0967518346 0.1018030141 0.1065961589 
 0.0950806265 0.1003057229 0.1052738823 
 0.0937136629 0.0990828848 0.1041974915 
 0.0926788632 0.0981607148 0.1033908590 
 0.0919976575 0.0975594063 0.1028723549 
 0.0916847279 0.0972927243 0.1026543684 
 0.0917478527 0.0973677325 0.1027429747 
 0.0921877931 0.0977846219 0.1031377375 
 0.0929981918 0.0985366250 0.1038316444 
 0.0941654924 0.0996100286 0.1048111850 
 0.0956689323 0.1009843189 0.1060565960 
 0.0974806913 0.1026325153 0.1075423025 
 0.0995662906 0.1045217449 0.1092375801 
 0.1018853253 0.1066140988 0.1111074456 
 0.1043925730 0.1088677725 0.1131137570 
 0.1070394569 0.1112384490 0.1152164716 
 0.1097757783 0.1136808361 0.1173749807 
 0.1125515699 0.1161502356 0.1195494249 
 0.1153188927 0.1186040100 0.1217018889 
 0.1180334038 0.1210028253 0.1237973963 
 0.1206555625 0.1233115865 0.1258046484 
 0.1231514044 0.1255000277 0.1276964921 
 0.1254928853 0.1275429685 0.1294501329 
 0.1276578474 0.1294202885 0.1310471339 
 0.1296297043 0.1311166904 0.1324732581 
 0.1313969458 0.1326213313 0.1337182100 
 0.1329525604 0.1339273914 0.1347753296 
 0.1342934501 0.1350316363 0.1356412774 
 0.1354198889 0.1359340075 0.1363157368 
 0.1363350506 0.1366372625 0.1368011489 
 0.1370446141 0.1371466671 0.1371024818 
 0.1375564410 0.1374697389 0.1372270336 
 0.1378803132 0.1376160305 0.1371842593 
 0.1380277156 0.1375969411 0.1369856142 
 0.1380116480 0.1374255456 0.1366444008 
 0.1378464543 0.1371164268 0.1361756107 
 0.1375476551 0.1366855036 0.1355957498 
 0.1371317767 0.1361498446 0.1349226397 
 0.1366161698 0.1355274625 0.1341751884 
 0.1360188119 0.1348370844 0.1333731268 
 0.1353580944 0.1340978981 0.1325367105 
 0.1346525928 0.1333292750 0.1316863899 
 0.1339208232 0.1325504747 0.1308424557 
 0.1331809906 0.1317803378 0.1300246687 
 0.1324507325 0.1310369755 0.1292518860 
 0.1317468673 0.1303374660 0.1285416980 
 0.1310851519 0.1296975664 0.1279100888 
 0.1304800564 0.1291314516 0.1273711322 
 0.1299445623 0.1286514864 0.1269367358 
 0.1294899869 0.1282680393 0.1266164400 
 0.1291258401 0.1279893405 0.1264172779 
 0.1288597132 0.1278213877 0.1263436984 
 0.1286972022 0.1277679000 0.1263975517 
 0.1286418635 0.1278303170 0.1265781350 
 0.1286952016 0.1280078402 0.1268822904 
 0.1288566863 0.1282975116 0.1273045498 
 0.1291237953 0.1286943240 0.1278373160 
 0.1294920810 0.1291913552 0.1284710699 
 0.1299552552 0.1297799196 0.1291945934 
 0.1305052920 0.1304497318 0.1299951976 
 0.1311325434 0.1311890748 0.1308589482 
 0.1318258658 0.1319849691 0.1317708790 
 0.1325727563 0.1328233387 0.1327151904 
 0.1333594973 0.1336891721 0.1336754286 
 0.1341713065 0.1345666772 0.1346346449 
 0.1349924939 0.1354394288 0.1355755362 
 0.1358066225 0.1362905111 0.1364805678 
 0.1365966720 0.1371026528 0.1373320814 
 0.1373452041 0.1378583572 0.1381123906 
 0.1380345268 0.1385400270 0.1388038668 
 0.1386468552 0.1391300821 0.1393890151 
 0.1391644669 0.1396110723 0.1398505450 
 0.1395698508 0.1399657829 0.1401714341 
 0.1398458463 0.1401773341 0.1403349872 
 0.1399757749 0.1402292749 0.1403248925 
 0.1399435631 0.1401056732 0.1401252778 
 0.1397338625 0.1397912062 0.1397207708 
 0.1393321686 0.1392712574 0.1390965699 
 0.1387249501 0.1385320284 0.1382385389 
 0.1378997973 0.1375606814 0.1371333400 
 0.1368456068 0.1363455296 0.1357686305 
 0.1355528226 0.1348763024 0.1341333545 
 0.1340137577 0.1331445171 0.1322181700 
 0.1322230241 0.1311439913 0.1300160570 
 0.1301780963 0.1288715298 0.1275231457 
 0.1278800251 0.1263278063 0.1247397928 
 0.1253342963 0.1235184327 0.1216718920 
 0.1225518019 0.1204551674 0.1183323506 
 0.1195498410 0.1171571533 0.1147425868 
 0.1163530249 0.1136520131 0.1109338168 
 0.1129939164 0.1099765773 0.1069478397 
 0.1095132122 0.1061769998 0.1028370146 
 0.1059593028 0.1023080605 0.0986631947 
 0.1023871132 0.0984315595 0.0944955448 
 0.0988562428 0.0946138757 0.0904073955 
 0.0954285639 0.0909229440 0.0864725181 
 0.0921655512 0.0874250411 0.0827613553 
 0.0891256815 0.0841818259 0.0793377625 
 0.0863622217 0.0812480153 0.0762566888 
 0.0839216353 0.0786699293 0.0735630074 
 0.0818427015 0.0764849522 0.0712914565 
 0.0801563018 0.0747217828 0.0694674622 
 0.0788857180 0.0734012312 0.0681084997 
 0.0780472304 0.0725372734 0.0672256353 
 0.0776507902 0.0721380882 0.0668249301 
 0.0777005780 0.0722068550 0.0669084710 
 0.0781953141 0.0727421683 0.0674748802 
 0.0791282602 0.0737380030 0.0685192423 
 0.0804869253 0.0751832501 0.0700324699 
 0.0822525614 0.0770609187 0.0720002076 
 0.0843995968 0.0793471753 0.0744014570 
 0.0868951959 0.0820104510 0.0772071794 
 0.0896991523 0.0850108793 0.0803791920 
 0.0927642887 0.0883003160 0.0838696883 
 0.0960374699 0.0918231245 0.0876216573 
 0.0994612215 0.0955177783 0.0915703462 
 0.1029758231 0.0993191741 0.0956457080 
 0.1065216402 0.1031613871 0.0997755622 
 0.1100413974 0.1069804985 0.1038890240 
 0.1134821141 0.1107171076 0.1079196977 
 0.1167964905 0.1143182190 0.1118081920 
 0.1199436513 0.1177383364 0.1155036862 
 0.1228892651 0.1209397542 0.1189644859 
 0.1256051521 0.1238921693 0.1221576933 
 0.1280685363 0.1265718127 0.1250582323 
 0.1302611088 0.1289603160 0.1276475084 
 0.1321680417 0.1310435036 0.1299119503 
 0.1337770546 0.1328102443 0.1318416175 
 0.1350775906 0.1342514463 0.1334289835 
 0.1360601258 0.1353592244 0.1346679387 
 0.1367156110 0.1361262405 0.1355530139 
 0.1370350289 0.1365451945 0.1360787961 
 0.1370090501 0.1366084418 0.1362395028 
 0.1366277727 0.1363077128 0.1360286833 
 0.1358805414 0.1356339269 0.1354390270 
 0.1347558607 0.1345771046 0.1344622790 
 0.1332414358 0.1331264106 0.1330892855 
 0.1313244062 0.1312703854 0.1313102220 
 0.1289918686 0.1289974563 0.1291150859 
 0.1262318161 0.1262968492 0.1264945661 
 0.1230346364 0.1231600381 0.1234414178 
 0.1193952981 0.1195828551 0.1199524591 
 0.1153162770 0.1155683143 0.1160312414 
 0.1108111223 0.1111300571 0.1116913138 
 0.1059083136 0.1062960916 0.1069597858 
 0.1006547572 0.1011122105 0.1018806251 
 0.0951179941 0.0956442060 0.0965168745 
 0.0893861097 0.0899779093 0.0909508745 
 0.0835645885 0.0842163110 0.0852817667 
 0.0777700127 0.0784736248 0.0796200929 
 0.0721213995 0.0728670088 0.0740800858 
 0.0667307657 0.0675074291 0.0687709897 
 0.0616948206 0.0624914881 0.0637891083 
 0.0570893552 0.0578957619 0.0592120833 
 0.0529670767 0.0537744310 0.0550962360 
 0.0493587085 0.0501601014 0.0514769758 
 0.0462765002 0.0470670369 0.0483716117 
 0.0437190314 0.0444957412 0.0457835885 
 0.0416762944 0.0424378942 0.0437071899 
 0.0401343349 0.0408809210 0.0421319817 
 0.0390790612 0.0398117811 0.0410465605 
 0.0384990863 0.0392198248 0.0404414165 
 0.0383876196 0.0390987105 0.0403108813 
 0.0387434807 0.0394474441 0.0406541958 
 0.0395712947 0.0402705912 0.0414757385 
 0.0408808806 0.0415776722 0.0427844214 
 0.0426857906 0.0433816979 0.0445922147 
 0.0450009230 0.0456967791 0.0469117470 
 0.0478391540 0.0485347626 0.0497529544 
 0.0512070367 0.0519009605 0.0531188719 
 0.0550998270 0.0557892465 0.0570008695 
 0.0594964032 0.0601770987 0.0613739273 
 0.0643549814 0.0650214875 0.0661928428 
 0.0696107459 0.0702567071 0.0713904213 
 0.0751764417 0.0757951525 0.0768785711 
 0.0809464779 0.0815315381 0.0825527006 
 0.0868042362 0.0873502052 0.0882989946 
 0.0926313378 0.0931342652 0.0940033033 
 0.0983170195 0.0987747595 0.0995598936 
 0.1037657844 0.1041780622 0.1048784010 
 0.1089021100 0.1092703768 0.1098879497 
 0.1136719146 0.1139990665 0.1145382496 
 0.1180412897 0.1183313384 0.1187982061 
 0.1219934560 0.1222512215 0.1226529484 
 0.1255249553 0.1257558238 0.1261002090 
 0.1286418769 0.1288516382 0.1291467781 
 0.1313566073 0.1315513676 0.1318054658 
 0.1336853070 0.1338714623 0.1340927498 
 0.1356461189 0.1358303706 0.1360271036 
 0.1372580011 0.1374473974 0.1376279029 
 0.1385400408 0.1387420297 0.1389147759 
 0.1395111053 0.1397335890 0.1399072621 
 0.1401897137 0.1404410963 0.1406246736 
 0.1405940427 0.1408832668 0.1410860757 
 0.1407420094 0.1410785749 0.1413103348 
 0.1406513933 0.1410453563 0.1413161973 
 0.1403399766 0.1408019238 0.1411223803 
 0.1398256932 0.1403666868 0.1407476610 
 0.1391267764 0.1397582661 0.1402109599 
 0.1382619047 0.1389956021 0.1395314131 
 0.1372503393 0.1380980509 0.1387284298 
 0.1361120499 0.1370854651 0.1378217344 
 0.1348678205 0.1359782549 0.1368313863 
 0.1335393258 0.1347974204 0.1357777758 
 0.1321491657 0.1335645491 0.1346815872 
 0.1307208444 0.1323017661 0.1335637260 
 0.1292786780 0.1310316298 0.1324452007 
 0.1278476198 0.1297769625 0.1313469571 
 0.1264529938 0.1285606113 0.1302896585 
 0.1251201342 0.1274051386 0.1292934155 
 0.1238739387 0.1263324461 0.1283774671 
 0.1227383487 0.1253633445 0.1275598225 
 0.1217357809 0.1245170851 0.1268568784 
 0.1208865376 0.1238108765 0.1262830259 
 0.1202082282 0.1232594097 0.1258502694 
 0.1197152326 0.1228744174 0.1255678749 
 0.1194182352 0.1226642930 0.1254420698 
 0.1193238526 0.1226337878 0.1254758095 
 0.1194343748 0.1227838066 0.1256686273 
 0.1197476312 0.1231113112 0.1260165767 
 0.1202569919 0.1236093417 0.1265122727 
 0.1209515055 0.1242671575 0.1271450339 
 0.1218161736 0.1250704938 0.1279011218 
 0.1228323546 0.1260019281 0.1287640678 
 0.1239782814 0.1270413388 0.1297150761 
 0.1252296738 0.1281664384 0.1307334833 
 0.1265604162 0.1293533554 0.1317972546 
 0.1279432667 0.1305772365 0.1328834938 
 0.1293505621 0.1318128415 0.1339689448 
 0.1307548848 0.1330351039 0.1350304639 
 0.1321296589 0.1342196343 0.1360454479 
 0.1334496584 0.1353431536 0.1369922052 
 0.1346914117 0.1363838458 0.1378502668 
 0.1358335043 0.1373216319 0.1386006345 
 0.1368567862 0.1381383702 0.1392259744 
 0.1377444980 0.1388179950 0.1397107610 
 0.1384823340 0.1393466048 0.1400413848 
 0.1390584611 0.1397125175 0.1402062329 
 0.1394635104 0.1399063041 0.1401957561 
 0.1396905577 0.1399208147 0.1400025315 
 0.1397351041 0.1397512066 0.1396213320 
 0.1395950663 0.1393949835 0.1390492108 
 0.1392707814 0.1388520511 0.1382856079 
 0.1387650294 0.1381247942 0.1373324831 
 0.1380830733 0.1372181729 0.1361944780 
 0.1372327122 0.1361398385 0.1348791030 
 0.1362243422 0.1349002581 0.1333969402 
 0.1350710121 0.1335128353 0.1317618449 
 0.1337884591 0.1319940078 0.1299911189 
 0.1323951060 0.1303632951 0.1281056210 
 0.1309119961 0.1286432671 0.1261297746 
 0.1293626442 0.1268594029 0.1240914299 
 0.1277727834 0.1250398128 0.1220215477 
 0.1261699934 0.1232148066 0.1199536823 
 0.1245832071 0.1214163056 0.1179232658 
 0.1230421024 0.1196771119 0.1159667185 
 0.1215764023 0.1180300677 0.1141204337 
 0.1202151124 0.1165071499 0.1124197031 
 0.1189857391 0.1151385543 0.1108976550 
 0.1179135258 0.1139518215 0.1095842720 
 0.1170207507 0.1129710525 0.1085055414 
 0.1163261144 0.1122162462 0.1076827684 
 0.1158442425 0.1117027798 0.1071320642 
 0.1155853169 0.1114410372 0.1068640013 
 0.1155548394 0.1114361855 0.1068834219 
 0.1157535312 0.1116880919 0.1071893815 
 0.1161773633 0.1121913744 0.1077752164 
 0.1168177138 0.1129355831 0.1086287318 
 0.1176616472 0.1139055070 0.1097325126 
 0.1186923047 0.1150816045 0.1110643651 
 0.1198893946 0.1164405492 0.1125978921 
 0.1212297627 0.1179558752 0.1143031951 
 0.1226880162 0.1195986972 0.1161476822 
 0.1242371732 0.1213384699 0.1180969457 
 0.1258493001 0.1231437458 0.1201156565 
 0.1274961076 0.1249828871 0.1221684205 
 0.1291494734 0.1268246916 0.1242205402 
 0.1307818735 0.1286389051 0.1262386378 
 0.1323667083 0.1303965995 0.1281911122 
 0.1338785259 0.1320704176 0.1300484222 
 0.1352931471 0.1336346906 0.1317832059 
 0.1365877076 0.1350654497 0.1333702618 
 0.1377406346 0.1363403541 0.1347864218 
 0.1387315743 0.1374385592 0.1360103512 
 0.1395412874 0.1383405495 0.1370223064 
 0.1401515255 0.1390279518 0.1378038733 
 0.1405448993 0.1394833440 0.1383377075 
 0.1407047462 0.1396900695 0.1386072862 
 0.1406150048 0.1396320629 0.1385966811 
 0.1402601022 0.1392936968 0.1382903595 
 0.1396248652 0.1386596578 0.1376730235 
 0.1386944687 0.1377148676 0.1367295041 
 0.1374544454 0.1364444764 0.1354447376 
 0.1358907934 0.1348339689 0.1338038706 
 0.1339902319 0.1328694417 0.1317925598 
 0.1317406782 0.1305381347 0.1293975578 
 0.1291320259 0.1278293105 0.1266076919 
 0.1261573141 0.1247355820 0.1234153464 
 0.1228143499 0.1212547564 0.1198185210 
 0.1191077916 0.1173921982 0.1158234591 
 