0.0751966451 0.0764126600 0.0780593243 
 0.0808599316 0.0820198182 0.0835836462 
 0.0865994785 0.0876926424 0.0891595368 
 0.0922992294 0.0933181897 0.0946783001 
 0.0978502499 0.0987912247 0.1000396224 
 0.1031579399 0.1040209374 0.1051576413 
 0.1081464813 0.1089349665 0.1099644295 
 0.1127602354 0.1134805265 0.1144107886 
 0.1169625557 0.1176231211 0.1184648544 
 0.1207329027 0.1213437009 0.1221093230 
 0.1240632073 0.1246351543 0.1253381173 
 0.1269542367 0.1274988357 0.1281531281 
 0.1294124353 0.1299415613 0.1305614106 
 0.1314474424 0.1319732561 0.1325729978 
 0.1330703029 0.1336052608 0.1341993284 
 0.1342922796 0.1348492102 0.1354522063 
 0.1351241362 0.1357163564 0.1363431721 
 0.1355757620 0.1362172160 0.1368831760 
 0.1356560355 0.1363614429 0.1370824580 
 0.1353728555 0.1361578575 0.1369505735 
 0.1347333001 0.1356145916 0.1364965232 
 0.1337438996 0.1347393351 0.1357289710 
 0.1324110346 0.1335396844 0.1346565476 
 0.1307414786 0.1320236099 0.1332882502 
 0.1287431180 0.1302000627 0.1316339498 
 0.1264258710 0.1280797377 0.1297050204 
 0.1238028109 0.1256759970 0.1275150918 
 0.1208914593 0.1230059292 0.1250809060 
 0.1177151609 0.1200914779 0.1224232305 
 0.1143043838 0.1169605257 0.1195677434 
 0.1106977302 0.1136477689 0.1165457676 
 0.1069424034 0.1101951906 0.1133947106 
 0.1030939004 0.1066519443 0.1101580603 
 0.0992147821 0.1030735153 0.1068848263 
 0.0953725329 0.0995201358 0.1036283836 
 0.0916367068 0.0960545669 0.1004447794 
 0.0880757245 0.0927394954 0.0973906600 
 0.0847537741 0.0896348811 0.0945210590 
 0.0817282424 0.0867955981 0.0918873103 
 0.0790479775 0.0842696450 0.0895353184 
 0.0767524915 0.0820970675 0.0875043366 
 0.0748720289 0.0803095913 0.0858262984 
 0.0734282800 0.0789308368 0.0845256423 
 0.0724354532 0.0779769122 0.0836195014 
 0.0719014155 0.0774571561 0.0831180928 
 0.0718286587 0.0773748256 0.0830251483 
 0.0722149217 0.0777275783 0.0833382613 
 0.0730533833 0.0785076688 0.0840490817 
 0.0743324233 0.0797018526 0.0851433490 
 0.0760350281 0.0812910640 0.0866008158 
 0.0781379917 0.0832499979 0.0883951616 
 0.0806111222 0.0855467686 0.0904940281 
 0.0834167016 0.0881428382 0.0928593134 
 0.0865094452 0.0909933896 0.0954478335 
 0.0898371520 0.0940482564 0.0982124066 
 0.0933421279 0.0972534270 0.1011033330 
 0.0969633164 0.1005530234 0.1040701652 
 0.1006389137 0.1038915494 0.1070635904 
 0.1043091362 0.1072161375 0.1100372210 
 0.1079187659 0.1104785208 0.1129490984 
 0.1114191543 0.1136365135 0.1157627715 
 0.1147694861 0.1166548795 0.1184478852 
 0.1179372533 0.1195055853 0.1209802934 
 0.1208980281 0.1221675203 0.1233417742 
 0.1236347071 0.1246258264 0.1255194556 
 0.1261364359 0.1268709961 0.1275050726 
 0.1283974046 0.1288978797 0.1292941574 
 0.1304156629 0.1307047115 0.1308852413 
 0.1321920493 0.1322922234 0.1322791203 
 0.1337292809 0.1336628797 0.1334782075 
 0.1350312134 0.1348202413 0.1344859790 
 0.1361022598 0.1357684504 0.1353065115 
 0.1369469421 0.1365118199 0.1359440979 
 0.1375695529 0.1370545111 0.1364029344 
 0.1379739022 0.1374002817 0.1366868663 
 0.1381631319 0.1375522955 0.1367991886 
 0.1381395872 0.1375129834 0.1367424958 
 0.1379047342 0.1372839520 0.1365185789 
 0.1374591229 0.1368659376 0.1361283705 
 0.1368023937 0.1362588059 0.1355719367 
 0.1359333298 0.1354616000 0.1348485209 
 0.1348499626 0.1344726393 0.1339566391 
 0.1335497381 0.1332896782 0.1328942327 
 0.1320297586 0.1319101314 0.1316588839 
 0.1302871163 0.1303313785 0.1302481007 
 0.1283193401 0.1285511619 0.1286596779 
 0.1261249765 0.1265680914 0.1268921456 
 0.1237043193 0.1243822670 0.1249453082 
 0.1210602936 0.1219960206 0.1228208744 
 0.1181994705 0.1194147635 0.1205231682 
 0.1151331603 0.1166478983 0.1180598909 
 0.1118784845 0.1137097277 0.1154428854 
 0.1084592891 0.1106202572 0.1126888294 
 0.1049067300 0.1074057668 0.1098197669 
 0.1012593604 0.1040990192 0.1068633758 
 0.0975625912 0.1007389940 0.1038528846 
 0.0938674794 0.0973700911 0.1008265781 
 0.0902289152 0.0940408256 0.0978268898 
 0.0867033994 0.0908021280 0.0948991393 
 0.0833466915 0.0877054396 0.0920900353 
 0.0802116386 0.0848008335 0.0894461062 
 0.0773464521 0.0821353820 0.0870122268 
 0.0747936031 0.0797519345 0.0848303842 
 0.0725893790 0.0776883845 0.0829387712 
 0.0707640252 0.0759774062 0.0813712237 
 0.0693423072 0.0746465623 0.0801569564 
 0.0683442835 0.0737186300 0.0793204952 
 0.0677860680 0.0732119696 0.0788816803 
 0.0676803874 0.0731407680 0.0788556070 
 0.0680367743 0.0735150148 0.0792523936 
 0.0688612887 0.0743401179 0.0800767018 
 0.0701557195 0.0756161244 0.0813269943 
 0.0719162948 0.0773365864 0.0829945795 
 0.0741320145 0.0794871994 0.0850625704 
 0.0767828251 0.0820444272 0.0875049545 
 0.0798379569 0.0849744051 0.0902860197 
 0.0832548147 0.0882324471 0.0933603864 
 0.0869788157 0.0917634491 0.0966738411 
 0.0909444730 0.0955033659 0.1001650467 
 0.0950778108 0.0993817428 0.1037680391 
 0.0992999224 0.1033250565 0.1074152503 
 0.1035312063 0.1072604316 0.1110406733 
 0.1076956497 0.1111192027 0.1145827536 
 0.1117245204 0.1148398412 0.1179866557 
 0.1155589935 0.1183699209 0.1212057001 
 0.1191515037 0.1216670188 0.1242019327 
 0.1224658850 0.1246986475 0.1269459407 
 0.1254765613 0.1274414596 0.1294161173 
 0.1281671406 0.1298800129 0.1315976098 
 0.1305287597 0.1320053687 0.1334811601 
 0.1325584489 0.1338137334 0.1350619943 
 0.1342576936 0.1353052724 0.1363388616 
 0.1356312753 0.1364831590 0.1373132637 
 0.1366864070 0.1373528665 0.1379888832 
 0.1374321372 0.1379216814 0.1383711916 
 0.1378789740 0.1381983999 0.1384672090 
 0.1380386803 0.1381931669 0.1382853859 
 0.1379241915 0.1379174245 0.1378355808 
 0.1375496213 0.1373839385 0.1371291122 
 0.1369303262 0.1366068826 0.1361788696 
 0.1360830070 0.1356019623 0.1349994683 
 0.1350258320 0.1343865643 0.1336074375 
 0.1337785661 0.1329799170 0.1320214263 
 0.1323626927 0.1314032468 0.1302624097 
 0.1308015113 0.1296799116 0.1283538719 
 0.1291201954 0.1278354879 0.1263219380 
 0.1273457902 0.1258977895 0.1241954202 
 0.1255071310 0.1238967889 0.1220057447 
 0.1236346651 0.1218644207 0.1197867296 
 0.1217601636 0.1198342497 0.1175741928 
 0.1199163169 0.1178409976 0.1154053851 
 0.1181362184 0.1159199363 0.1133182638 
 0.1164527490 0.1141061696 0.1113506396 
 0.1148978883 0.1124338369 0.1095392459 
 0.1135019828 0.1109352818 0.1079187889 
 0.1122930083 0.1096402311 0.1065210328 
 0.1112958613 0.1085750250 0.1053739709 
 0.1105317134 0.1077619328 0.1045011142 
 0.1100174550 0.1072185805 0.1039209169 
 0.1097652503 0.1069575024 0.1036463435 
 0.1097822174 0.1069858280 0.1036845737 
 0.1100702452 0.1073051068 0.1040368412 
 0.1106259532 0.1079112743 0.1046984040 
 0.1114407984 0.1087947648 0.1056586513 
 0.1125013309 0.1099407743 0.1069013561 
 0.1137895929 0.1113296746 0.1084050858 
 0.1152836517 0.1129375751 0.1101437762 
 0.1169582446 0.1147370170 0.1120874646 
 0.1187855100 0.1166977729 0.1142031603 
 0.1207357661 0.1187877136 0.1164558119 
 0.1227782957 0.1209736932 0.1188093164 
 0.1248820975 0.1232224023 0.1212275053 
 0.1270165647 0.1255011416 0.1236750463 
 0.1291520641 0.1277784772 0.1261182067 
 0.1312603986 0.1300247568 0.1285254468 
 0.1333151498 0.1322124778 0.1308678295 
 0.1352919051 0.1343165158 0.1331192556 
 0.1371683861 0.1363142325 0.1352565483 
 0.1389244956 0.1381854871 0.1372594197 
 0.1405423037 0.1399125787 0.1391103557 
 0.1420059925 0.1414801442 0.1407944529 
 0.1433017758 0.1428750330 0.1422992335 
 0.1444178059 0.1440861740 0.1436144593 
 0.1453440781 0.1451044463 0.1447319584 
 0.1460723398 0.1459225607 0.1456454709 
 0.1465960084 0.1465349565 0.1463505190 
 0.1469101017 0.1469377162 0.1468443009 
 0.1470111841 0.1471284986 0.1471256088 
 0.1468973288 0.1471064918 0.1471947706 
 0.1465680995 0.1468723850 0.1470536119 
 0.1460245523 0.1464283615 0.1467054393 
 0.1452692605 0.1457781113 0.1461550425 
 0.1443063644 0.1449268651 0.1454087147 
 0.1431416468 0.1438814491 0.1444742895 
 0.1417826388 0.1426503619 0.1433611945 
 0.1402387543 0.1412438708 0.1420805173 
 0.1385214520 0.1396741272 0.1406450832 
 0.1366444211 0.1379552943 0.1390695368 
 0.1346237785 0.1361036789 0.1373704232 
 0.1324782602 0.1341378533 0.1355662540 
 0.1302293815 0.1320787490 0.1336775478 
 0.1279015339 0.1299496973 0.1317268240 
 0.1255219797 0.1277763903 0.1297385326 
 0.1231207110 0.1255867360 0.1277388994 
 0.1207301407 0.1234105840 0.1257556708 
 0.1183846127 0.1212793105 0.1238177467 
 0.1161197351 0.1192252628 0.1219547038 
 0.1139715636 0.1172810796 0.1201962172 
 0.1119756818 0.1154789202 0.1185714041 
 0.1101662403 0.1138496438 0.1171081207 
 0.1085750168 0.1124219887 0.1158322476 
 0.1072305554 0.1112217971 0.1147670030 
 0.1061574262 0.1102713224 0.1139323147 
 0.1053756266 0.1095886454 0.1133442788 
 0.1049001264 0.1091872120 0.1130147205 
 0.1047405457 0.1090754939 0.1129508693 
 0.1049009469 0.1092567679 0.1131551500 
 0.1053797261 0.1097290104 0.1136250925 
 0.1061695969 0.1104849037 0.1143533615 
 0.1072576719 0.1115119594 0.1153279071 
 0.1086256604 0.1127927670 0.1165322397 
 0.1102502059 0.1143053784 0.1179458300 
 0.1121033854 0.1160238339 0.1195446300 
 0.1141533839 0.1179188279 0.1213017023 
 0.1163653344 0.1199584943 0.1231879370 
 0.1187022941 0.1221092806 0.1251728232 
 0.1211263004 0.1243368607 0.1272252350 
 0.1235994365 0.1266070328 0.1293141902 
 0.1260848300 0.1288865447 0.1314095396 
 0.1285475168 0.1311438003 0.1334825546 
 0.1309551194 0.1333494151 0.1355063930 
 0.1332783163 0.1354766054 0.1374564331 
 0.1354911036 0.1375014178 0.1393104842 
 0.1375708723 0.1394028160 0.1410488858 
 0.1394983395 0.1411626555 0.1426545178 
 0.1412573758 0.1427655756 0.1441127459 
 0.1428347717 0.1441988414 0.1454113219 
 0.1442199781 0.1454521604 0.1465402610 
 0.1454048461 0.1465174935 0.1474917088 
 0.1463833859 0.1473888743 0.1482598095 
 0.1471515514 0.1480622446 0.1488405824 
 0.1477070571 0.1485353095 0.1492318094 
 0.1480492256 0.1488074147 0.1494329371 
 0.1481788657 0.1488794435 0.1494449918 
 0.1480981770 0.1487537349 0.1492705085 
 0.1478106795 0.1484340183 0.1489134718 
 0.1473211657 0.1479253656 0.1483792688 
 0.1466356731 0.1472341582 0.1476746506 
 0.1457614768 0.1463680678 0.1468077036 
 0.1447071013 0.1453360500 0.1457878277 
 0.1434823506 0.1441483510 0.1446257205 
 0.1420983578 0.1428165241 0.1433333663 
 0.1405676513 0.1413534570 0.1419240281 
 0.1389042369 0.1397734060 0.1404122402 
 0.1371236897 0.1380920326 0.1388137971 
 0.1352432492 0.1363264375 0.1371457351 
 0.1332819036 0.1344951812 0.1354262978 
 0.1312604469 0.1326182795 0.1336748793 
 0.1292014876 0.1307171586 0.1319119316 
 0.1271293847 0.1288145535 0.1301588281 
 0.1250700888 0.1269343324 0.1284376702 
 0.1230508688 0.1251012363 0.1267710306 
 0.1210999148 0.1233405250 0.1251816281 
 0.1192458201 0.1216775324 0.1236919369 
 0.1175169574 0.1201371423 0.1223237382 
 0.1159407801 0.1187432049 0.1210976313 
 0.1145430861 0.1175179240 0.1200325242 
 0.1133472888 0.1164812461 0.1191451289 
 0.1123737344 0.1156502839 0.1184494861 
 0.1116391026 0.1150388041 0.1179565446 
 0.1111559122 0.1146568017 0.1176738125 
 0.1109321470 0.1145101757 0.1176050969 
 0.1109710063 0.1146005169 0.1177503417 
 0.1112707797 0.1149250109 0.1181055686 
 0.1118248448 0.1154764585 0.1186629235 
 0.1126217880 0.1162434130 0.1194108284 
 0.1136456483 0.1172104336 0.1203342363 
 0.1148762881 0.1183584521 0.1214149816 
 0.1162898899 0.1196652464 0.1226322187 
 0.1178595711 0.1211060078 0.1239629338 
 0.1195561028 0.1226539846 0.1253825105 
 0.1213487017 0.1242811738 0.1268653278 
 0.1232058592 0.1259590299 0.1283853627 
 0.1250961616 0.1276591553 0.1299167718 
 0.1269890561 0.1293539391 0.1314344269 
 0.1288555226 0.1310171161 0.1329143851 
 0.1306686224 0.1326242272 0.1343342811 
 0.1324039092 0.1341529714 0.1356736353 
 0.1340397017 0.1355834525 0.1369140808 
 0.1355572310 0.1368983279 0.1380395151 
 0.1369406832 0.1380828780 0.1390361903 
 0.1381771622 0.1391250121 0.1398927531 
 0.1392565990 0.1400152301 0.1406002485 
 0.1401716282 0.1407465563 0.1411520999 
 0.1409174495 0.1413144570 0.1415440733 
 0.1414916877 0.1417167528 0.1417742348 
 0.1418942560 0.1419535296 0.1418429036 
 0.1421272289 0.1420270509 0.1417526029 
 0.1421947213 0.1419416729 0.1415080092 
 0.1421027749 0.1417037577 0.1411158959 
 0.1418592461 0.1413215832 0.1405850671 
 0.1414736916 0.1408052438 0.1399262778 
 0.1409572468 0.1401665362 0.1391521314 
 0.1403224930 0.1394188257 0.1382769493 
 0.1395833066 0.1385768874 0.1373166051 
 0.1387546904 0.1376567176 0.1362883184 
 0.1378525811 0.1366753132 0.1352104042 
 0.1368936351 0.1356504190 0.1341019775 
 0.1358949926 0.1346002442 0.1329826167 
 0.1348740230 0.1335431531 0.1318719915 
 0.1338480567 0.1324973379 0.1307894672 
 0.1328341094 0.1314804824 0.1297536985 
 0.1318486061 0.1305094279 0.1287822277 
 0.1309071115 0.1295998516 0.1278911040 
 0.1300240745 0.1287659701 0.1270945388 
 0.1292125919 0.1280202755 0.1264046097 
 0.1284841979 0.1273733118 0.1258310225 
 0.1278486798 0.1268334974 0.1253809390 
 0.1273139262 0.1264069957 0.1250588709 
 0.1268858046 0.1260976336 0.1248666417 
 0.1265680720 0.1259068673 0.1248034098 
 0.1263623147 0.1258337905 0.1248657485 
 0.1262679199 0.1258751820 0.1250477735 
 0.1262820747 0.1260255865 0.1253413083 
 0.1263997934 0.1262774224 0.1257360769 
 0.1266139703 0.1266211116 0.1262199141 
 0.1269154575 0.1270452254 0.1267789824 
 0.1272931648 0.1275366400 0.1273979874 
 0.1277341800 0.1280806997 0.1280603856 
 0.1282239077 0.1286613810 0.1287485769 
 0.1287462235 0.1292614570 0.1294440820 
 0.1292836401 0.1298626583 0.1301276996 
 0.1298174821 0.1304458283 0.1307796459 
 0.1303280650 0.1309910719 0.1313796747 
 0.1307948742 0.1314778947 0.1319071800 
 0.1311967390 0.1318853313 0.1323412820 
 0.1315119972 0.1321920608 0.1326608959 
 0.1317186460 0.1323765073 0.1328447860 
 0.1317944762 0.1324169249 0.1328716037 
 0.1317171875 0.1322914665 0.1327199124 
 0.1314644873 0.1319782397 0.1323682016 
 0.1310141743 0.1314553525 0.1317948971 
 0.1303442196 0.1307009627 0.1309783785 
 0.1294328586 0.1296933470 0.1298970246 
 0.1282587227 0.1284110203 0.1285293205 
 0.1268010507 0.1268329515 0.1268540757 
 0.1250400365 0.1249389405 0.1248508270 
 0.1229573891 0.1227102408 0.1225005191 
 0.1205371927 0.1201305270 0.1197865736 
 0.1177671559 0.1171873066 0.1166964537 
 0.1146403139 0.1138738428 0.1132237933 
 0.1111571872 0.1101915816 0.1093710734 
 0.1073282879 0.1061529410 0.1051526698 
 0.1031767093 0.1017841418 0.1005978919 
 0.0987403603 0.0971275547 0.0957534065 
 0.0940732659 0.0922428967 0.0906842957 
 0.0892453362 0.0872066153 0.0854730340 
 0.0843401779 0.0821090387 0.0802159839 
 0.0794509001 0.0770493443 0.0750175738 
 0.0746743703 0.0721289812 0.0699829761 
 0.0701048284 0.0674446626 0.0652105953 
 0.0658279800 0.0630822044 0.0607857670 
 0.0619165724 0.0591122535 0.0567767229 
 0.0584280451 0.0555884244 0.0532332410 
 0.0554043278 0.0525477648 0.0501877486 
 0.0528734089 0.0500130126 0.0476581933 
 0.0508520441 0.0479958930 0.0456518348 
 0.0493489247 0.0465007228 0.0441691874 
 0.0483677283 0.0455277384 0.0432075464 
 0.0479096340 0.0450757649 0.0427637500 
 0.0479750437 0.0451440095 0.0428360062 
 0.0485643725 0.0457328770 0.0434247149 
 0.0496778491 0.0468437698 0.0445322659 
 0.0513143310 0.0484778733 0.0461618121 
 0.0534692006 0.0506339724 0.0483150443 
 0.0561315090 0.0533054290 0.0509890627 
 0.0592806762 0.0564765873 0.0541725703 
 0.0628832341 0.0601190688 0.0578418175 
 0.0668902635 0.0641886184 0.0619569561 
 0.0712362426 0.0686232903 0.0664596389 
 0.0758399154 0.0733437097 0.0712727052 
 0.0806074448 0.0782558321 0.0763025204 
 0.0854375955 0.0832560796 0.0814439808 
 0.0902281568 0.0882381061 0.0865875067 
 0.0948824690 0.0930999826 0.0916267684 
 0.0993149099 0.0977504920 0.0964656964 
 0.1034545361 0.1021135280 0.1010235883 
 0.1072465889 0.1061301599 0.1052377170 
 0.1106520839 0.1097585109 0.1090635157 
 0.1136460255 0.1129720119 0.1124729014 
 0.1162148890 0.1157567438 0.1154515116 
 0.1183539394 0.1181085196 0.1179955830 
 0.1200647818 0.1200301751 0.1201090084 
 0.1213533631 0.1215293320 0.1218008806 
 0.1222284953 0.1226167228 0.1230836351 
 0.1227008776 0.1233050597 0.1239717775 
 0.1227825510 0.1236083699 0.1244811089 
 0.1224867067 0.1235417036 0.1246283477 
 0.1218277765 0.1231211318 0.1244310462 
 0.1208217492 0.1223639619 0.1239077249 
 0.1194866659 0.1212891210 0.1230781634 
 0.1178432472 0.1199176577 0.1219637997 
 0.1159155970 0.1182733166 0.1205881949 
 0.1137319093 0.1163831273 0.1189775181 
 0.1113250824 0.1142779375 0.1171609971 
 0.1087331333 0.1119928075 0.1151712719 
 0.1059992980 0.1095671775 0.1130445851 
 0.1031717306 0.1070447324 0.1108207452 
 0.1003027528 0.1044729150 0.1085428174 
 0.0974476761 0.1019020796 0.1062565232 
 0.0946632851 0.0993843356 0.1040093667 
 0.0920061373 0.0969721749 0.1018495439 
 0.0895308602 0.0947170132 0.0998247210 
 0.0872886249 0.0926677828 0.0979807815 
 0.0853259284 0.0908696939 0.0963606392 
 0.0836837468 0.0893632389 0.0950031883 
 0.0823970460 0.0881834573 0.0939424280 
 0.0814945697 0.0873594297 0.0932067629 
 0.0809987810 0.0869139268 0.0928184459 
 0.0809258229 0.0868631270 0.0927931197 
 0.0812853775 0.0872163184 0.0931394106 
 0.0820803457 0.0879755386 0.0938585517 
 0.0833063306 0.0891351467 0.0949440447 
 0.0849509793 0.0906813824 0.0963814110 
 0.0869933131 0.0925920242 0.0981481175 
 0.0894032362 0.0948362921 0.1002137828 
 0.0921414448 0.0973751576 0.1025407677 
 0.0951599441 0.1001621880 0.1050852129 
 0.0984033025 0.1031449811 0.1077985278 
 0.1018106515 0.1062671419 0.1106292498 
 0.1053182815 0.1094706388 0.1135251203 
 0.1088625544 0.1126982935 0.1164351716 
 0.1123827678 0.1158961188 0.1193116126 
 0.1158236223 0.1190152526 0.1221113364 
 0.1191370240 0.1220133136 0.1247969432 
 0.1222831019 0.1248551191 0.1273372552 
 0.1252304607 0.1275128061 0.1297073727 
 0.1279558074 0.1299654790 0.1318883732 
 0.1304431474 0.1321985380 0.1338667751 
 0.1326827552 0.1342028459 0.1356338819 
 0.1346700904 0.1359738606 0.1371851034 
 0.1364047838 0.1375108250 0.1385193189 
 0.1378897609 0.1388160630 0.1396383197 
 0.1391305309 0.1398944016 0.1405463440 
 0.1401346358 0.1407527147 0.1412497005 
 0.1409112382 0.1413995720 0.1417564703 
 0.1414708204 0.1418449713 0.1420762690 
 0.1418249652 0.1421001334 0.1422200550 
 0.1419861958 0.1421773407 0.1421999666 
 0.1419678533 0.1420898034 0.1420291799 
 0.1417840009 0.1418515438 0.1417217748 
 0.1414493412 0.1414772888 0.1412926045 
 0.1409791418 0.1409823662 0.1407571631 
 0.1403891646 0.1403825996 0.1401314485 
 0.1396955942 0.1396942020 0.1394318193 
 0.1389149652 0.1389336636 0.1386748455 
 0.1380640849 0.1381176371 0.1378771536 
 0.1371599512 0.1372628161 0.1370552669 
 0.1362196628 0.1363858101 0.1362254442 
 0.1352603204 0.1355030132 0.1354035161 
 0.1342989153 0.1346304676 0.1346047227 
 0.1333522034 0.1337837201 0.1338435528 
 0.1324365621 0.1329776713 0.1331335856 
 0.1315678267 0.1322264176 0.1324873363 
 0.1307611067 0.1315430840 0.1319161056 
 0.1300305816 0.1309396517 0.1314298349 
 0.1293892795 0.1304267785 0.1310369679 
 0.1288488430 0.1300136198 0.1307443207 
 0.1284192891 0.1297076512 0.1305569637 
 0.1281087735 0.1295145010 0.1304781173 
 0.1279233676 0.1294377988 0.1305090663 
 0.1278668616 0.1294790480 0.1306490973 
 0.1279406032 0.1296375292 0.1308954625 
 0.1281433826 0.1299102424 0.1312433740 
 0.1284713731 0.1302918935 0.1316860337 
 0.1289181346 0.1307749296 0.1322146985 
 0.1294746829 0.1313496269 0.1328187845 
 0.1301296278 0.1320042297 0.1334860091 
 0.1308693765 0.1327251402 0.1342025682 
 0.1316783981 0.1334971535 0.1349533465 
 0.1325395394 0.1343037310 0.1357221542 
 0.1334343805 0.1351273029 0.1364919839 
 0.1343436159 0.1359495892 0.1372452808 
 0.1352474471 0.1367519287 0.1379642167 
 0.1361259700 0.1375156042 0.1386309616 
 0.1369595464 0.1382221550 0.1392279459 
 0.1377291467 0.1388536690 0.1397381078 
 0.1384166578 0.1393930493 0.1401451221 
 0.1390051520 0.1398242525 0.1404336106 
 0.1394791175 0.1401325003 0.1405893336 
 0.1398246532 0.1403044659 0.1405993656 
 0.1400296332 0.1403284400 0.1404522606 
 0.1400838476 0.1401944844 0.1401382125 
 0.1399791291 0.1398945774 0.1396492178 
 0.1397094706 0.1394227615 0.1389792494 
 0.1392711427 0.1387752981 0.1381244489 
 0.1386628165 0.1379508374 0.1370833462 
 0.1378856949 0.1369506064 0.1358571097 
 0.1369436532 0.1357786155 0.1344498308 
 0.1358433850 0.1344418799 0.1328688333 
 0.1345945455 0.1329506430 0.1311249952 
 0.1332098755 0.1313185824 0.1292330526 
 0.1317052862 0.1295629676 0.1272118464 
 0.1300998770 0.1277047344 0.1250844608 
 0.1284158566 0.1257684327 0.1228781967 
 0.1266783389 0.1237820111 0.1206243298 
 0.1249149902 0.1217764070 0.1183576145 
 0.1231555189 0.1197849314 0.1161155256 
 0.1214310095 0.1178424604 0.1139372594 
 0.1197731285 0.1159844686 0.1118625515 
 0.1182132370 0.1142459626 0.1099303974 
 0.1167814664 0.1126603871 0.1081777716 
 0.1155058093 0.1112585755 0.1066384405 
 0.1144112818 0.1100678101 0.1053419429 
 0.1135191987 0.1091110380 0.1043127836 
 0.1128465918 0.1084062686 0.1035698526 
 0.1124057864 0.1079661576 0.1031260577 
 0.1122041388 0.1077977683 0.1029881416 
 0.1122439303 0.1079024954 0.1031566512 
 0.1125224074 0.1082761340 0.1036260344 
 0.1130319595 0.1089090829 0.1043848513 
 0.1137604235 0.1097866759 0.1054161004 
 0.1146915052 0.1108896371 0.1066976702 
 0.1158053045 0.1121946570 0.1082029275 
 0.1170789263 0.1136750765 0.1099014442 
 0.1184871515 0.1153016584 0.1117598508 
 0.1200031367 0.1170434092 0.1137427805 
 0.1215991051 0.1188684099 0.1158138537 
 0.1232469919 0.1207446026 0.1179366354 
 0.1249190096 0.1226404878 0.1200755001 
 0.1265881082 0.1245256923 0.1221963460 
 0.1282283165 0.1263713867 0.1242671198 
 0.1298149616 0.1281505438 0.1262581389 
 0.1313247764 0.1298380493 0.1281422179 
 0.1327359121 0.1314106869 0.1298946289 
 0.1340278765 0.1328470262 0.1314929334 
 0.1351814213 0.1341272450 0.1329167277 
 0.1361783997 0.1352329138 0.1341473419 
 0.1370016091 0.1361467667 0.1351675243 
 0.1376346337 0.1368524743 0.1359611329 
 0.1380616949 0.1373344310 0.1365128501 
 0.1382675149 0.1375775624 0.1368079269 
 0.1382371979 0.1375671574 0.1368319618 
 0.1379561340 0.1372887295 0.1365707167 
 0.1374099315 0.1367279127 0.1360099771 
 0.1365843898 0.1358704063 0.1351354681 
 0.1354655325 0.1347019898 0.1339328524 
 0.1340397319 0.1332086436 0.1323878492 
 0.1322939706 0.1313768292 0.1304865358 
 0.1302163011 0.1291940021 0.1282159142 
 0.1277965795 0.1266494429 0.1255648432 
 0.1250275499 0.1237354981 0.1225254368 
 0.1219063401 0.1204492982 0.1190950038 
 0.1184363798 0.1167949575 0.1152785263 
 0.1146296605 0.1127861511 0.1110915414 
 0.1105091253 0.1084488006 0.1065631003 
 0.1061108204 0.1038234181 0.1017382667 
 0.1014853076 0.0989665073 0.0966794531 
 0.0966977916 0.0939503931 0.0914658918 
 0.0918265326 0.0888610231 0.0861907769 
 0.0869594095 0.0837936788 0.0809561057 
 0.0821889354 0.0788470595 0.0758658709 
 0.0776064510 0.0741166874 0.0710187728 
 0.0732964814 0.0696888091 0.0665017991 
 0.0693322115 0.0656358451 0.0623857836 
 0.0657727333 0.0620140086 0.0587234953 
 0.0626622673 0.0588631650 0.0555501729 
 0.0600311280 0.0562085326 0.0528859382 
 0.0578979172 0.0540635647 0.0507392968 
 0.0562723333 0.0524333104 0.0491109613 
 0.0551580348 0.0513176674 0.0479974019 
 0.0545551329 0.0507141155 0.0473937473 
 0.0544620387 0.0506196917 0.0472958380 
 0.0548765140 0.0510320941 0.0477013583 
 0.0557958698 0.0519498780 0.0486100333 
 0.0572163188 0.0533717566 0.0500229051 
 0.0591315445 0.0552950517 0.0519407181 
 0.0615306217 0.0577133993 0.0543614820 
 0.0643955155 0.0606139025 0.0572773644 
 0.0676985009 0.0639740548 0.0606712013 
 0.0713999623 0.0677589050 0.0645130889 
 0.0754470937 0.0719190525 0.0687576907 
 0.0797739778 0.0763900717 0.0733429643 
 0.0843033347 0.0810938125 0.0781909104 
 0.0889499049 0.0859416789 0.0832106106 
 0.0936250437 0.0908395340 0.0883033037 
 0.0982417987 0.0956934517 0.0933687183 
 0.1027196154 0.1004153116 0.0983115236 
 0.1069879407 0.1049273011 0.1030467596 
 0.1109883032 0.1091647176 0.1075034285 
 0.1146748196 0.1130769143 0.1116259592 
 0.1180133915 0.1166266384 0.1153737529 
 0.1209800216 0.1197882497 0.1187193483 
 0.1235587085 0.1225453690 0.1216458459 
 0.1257392947 0.1248884216 0.1241441538 
 0.1275155199 0.1268123950 0.1262104467 
 0.1288834081 0.1283149778 0.1278440508 
 0.1298400198 0.1293951255 0.1290458185 
 0.1303825435 0.1300520277 0.1298169653 
 0.1305076765 0.1302844129 0.1301582977 
 0.1302112431 0.1300901286 0.1300697536 
 0.1294880238 0.1294659528 0.1295501948 
 0.1283317935 0.1284076224 0.1285974261 
 0.1267356096 0.1269101060 0.1272084497 
 0.1246924262 0.1249681841 0.1253800056 
 0.1221961428 0.1225774312 0.1231094784 
 0.1192432074 0.1197357099 0.1203962645 
 0.1158348681 0.1164452623 0.1172436809 
 0.1119800832 0.1127154145 0.1136614313 
 0.1076989373 0.1085657626 0.1096685240 
 0.1030261758 0.1040295013 0.1052963523 
 0.0980142006 0.0991563075 0.1005914302 
 0.0927346613 0.0940139959 0.0956170919 
 0.0872777731 0.0886881386 0.0904534218 
 0.0817488028 0.0832790921 0.0851948723 
 0.0762618102 0.0778964343 0.0799454890 
 0.0709315215 0.0726515294 0.0748122910 
 0.0658648394 0.0676495425 0.0698979211 
 0.0611536575 0.0629824443 0.0652939444 
 0.0568702613 0.0587242611 0.0610759985 
 0.0530658419 0.0549291783 0.0573014743 
 0.0497718592 0.0516323706 0.0540097452 
 0.0470034452 0.0488528853 0.0512244316 
 0.0447638550 0.0465976775 0.0489569136 
 0.0430490774 0.0448659425 0.0472102917 
 0.0418519786 0.0436531088 0.0459831563 
 0.0411656242 0.0429541017 0.0452727440 
 0.0409856310 0.0427656901 0.0450772496 
 0.0413115192 0.0430878534 0.0453971908 
 0.0421470733 0.0439241560 0.0462357880 
 0.0434997088 0.0452811188 0.0475983402 
 0.0453788224 0.0471665716 0.0494905903 
 0.0477931018 0.0495869841 0.0519161021 
 0.0507468379 0.0525438482 0.0548727607 
 0.0542354334 0.0560293432 0.0583486710 
 0.0582405534 0.0600217591 0.0623179584 
 0.0627256656 0.0644814312 0.0667372205 
 0.0676329761 0.0693481526 0.0715435359 
 0.0728828085 0.0745410215 0.0766548660 
 0.0783761667 0.0799613400 0.0819733125 
 0.0840005349 0.0854984982 0.0873910337 
 0.0896380865 0.0910379641 0.0927978957 
 0.0951747430 0.0964698652 0.0980894214 
 0.1005082863 0.1016964959 0.1031735421 
 0.1055540889 0.1066374781 0.1079750719 
 0.1102478054 0.1112320425 0.1124375182 
 0.1145451994 0.1154386614 0.1165225058 
 0.1184198650 0.1192327695 0.1202075245 
 0.1218598072 0.1226034771 0.1234828206 
 0.1248637416 0.1255500663 0.1263481407 
 0.1274377117 0.1280788106 0.1288098015 
 0.1295923336 0.1302003944 0.1308783217 
 0.1313407520 0.1319280032 0.1325666727 
 0.1326972509 0.1332760258 0.1338890892 
 0.1336763955 0.1342592517 0.1348603327 
 0.1342925694 0.1348924381 0.1354952895 
 0.1345597881 0.1351901311 0.1358088024 
 0.1344916976 0.1351666599 0.1358156564 
 0.1341016989 0.1348362430 0.1355306662 
 0.1334031618 0.1342131741 0.1349688320 
 0.1324097153 0.1333120692 0.1341455453 
 0.1311356081 0.1321481694 0.1330768368 
 0.1295961449 0.1307376978 0.1317796635 
 0.1278081985 0.1290982699 0.1302722308 
 0.1257907926 0.1272493516 0.1285743452 
 0.1235657338 0.1252127477 0.1267077821 
 0.1211582511 0.1230130893 0.1246966449 
 0.1185975766 0.1206782702 0.1225676799 
 0.1159173787 0.1182397694 0.1203504984 
 0.1131559487 0.1157327839 0.1180776518 
 0.1103560444 0.1131960996 0.1157845062 
 0.1075643246 0.1106716490 0.1135088754 
 0.1048303564 0.1082037326 0.1112903925 
 0.1022052429 0.1058379306 0.1091696325 
 0.0997399807 0.1036197750 0.1071870324 
 0.0974837070 0.1015932923 0.1053816818 
 0.0954820024 0.0997995400 0.1037900778 
 0.0937754033 0.0982752576 0.1024449336 
 0.0923982171 0.0970517194 0.1013741194 
 0.0913776769 0.0961538377 0.1005997870 
 0.0907334065 0.0955995203 0.1001376999 
 0.0904771283 0.0953992553 0.0999967691 
 0.0906125334 0.0955558807 0.1001787782 
 0.0911352453 0.0960645015 0.1006782832 
 0.0920328439 0.0969125336 0.1014826757 
 0.0932849596 0.0980798823 0.1025724141 
 0.0948634867 0.0995392850 0.1039214377 
 0.0967329945 0.1012568594 0.1054977780 
 0.0988514136 0.1031928962 0.1072643794 
 0.1011710520 0.1053029102 0.1091801155 
 0.1036399431 0.1075389236 0.1112009641 
 0.1062034666 0.1098509162 0.1132812733 
 0.1088061178 0.1121883341 0.1153750319 
 0.1113932655 0.1145015313 0.1174370475 
 0.1139127266 0.1167430248 0.1194239478 
 0.1163160179 0.1188684653 0.1212949427 
 0.1185591977 0.1208372753 0.1230123180 
 0.1206032775 0.1226129502 0.1245416651 
 0.1224142441 0.1241630593 0.1258518812 
 0.1239627755 0.1254590153 0.1269149892 
 0.1252237520 0.1264756880 0.1277058393 
 0.1261756654 0.1271909405 0.1282017480 
 0.1268000132 0.1275851544 0.1283821292 
 0.1270807468 0.1276408001 0.1282281612 
 0.1270038244 0.1273420961 0.1277225348 
 0.1265569068 0.1266748005 0.1268493255 
 0.1257292366 0.1256261795 0.1255940448 
 0.1245117398 0.1241852081 0.1239439371 
 0.1228974037 0.1223430685 0.1218886005 
 0.1208819850 0.1200940154 0.1194210152 
 0.1184650981 0.1174366661 0.1165390409 
 0.1156516998 0.1143757295 0.1132473941 
 0.1124539260 0.1109241085 0.1095600136 
 0.1088931341 0.1071051871 0.1055025777 
 0.1050018836 0.1029549665 0.1011147613 
 0.1008254621 0.0985235756 0.0964516776 
 0.0964224938 0.0938756189 0.0915838995 
 0.0918642032 0.0890889088 0.0865955920 
 0.0872320917 0.0842513804 0.0815806289 
 0.0826141034 0.0794563997 0.0766370537 
 0.0780997299 0.0747970971 0.0718607179 
 0.0737748051 0.0703606614 0.0673391981 
 0.0697168444 0.0662235584 0.0631470394 
 0.0659916490 0.0624483995 0.0593430092 
 0.0626515775 0.0590827630 0.0559695373 
 0.0597355003 0.0561598356 0.0530540508 
 0.0572701387 0.0537004275 0.0506116162 
 0.0552723061 0.0517157788 0.0486482282 
 0.0537515393 0.0502105985 0.0471641653 
 0.0527126759 0.0491858972 0.0461569932 
 0.0521580513 0.0486413207 0.0456239689 
 0.0520891079 0.0485768181 0.0455637226 
 0.0525072969 0.0489935624 0.0459771727 
 0.0534142192 0.0498940902 0.0468676613 
 0.0548109893 0.0512816486 0.0482403011 
 0.0566968476 0.0531587590 0.0501005283 
 0.0590671002 0.0555250439 0.0524518764 
 0.0619105526 0.0583744413 0.0552930519 
 0.0652067216 0.0616920529 0.0586145108 
 0.0689232446 0.0654510283 0.0623949080 
 0.0730140133 0.0696100393 0.0665979787 
 0.0774185746 0.0741119758 0.0711705458 
 0.0820632186 0.0788844204 0.0760423354 
 0.0868638787 0.0838421874 0.0811280497 
 0.0917305698 0.0888917757 0.0863316920 
 0.0965727002 0.0939370989 0.0915525795 
 0.1013043647 0.0988855150 0.0966920134 
 0.1058487468 0.1036531078 0.1016594038 
 0.1101410262 0.1081684138 0.1063768391 
 0.1141295774 0.1123742285 0.1107815569 
 0.1177756245 0.1162275866 0.1148263168 
 0.1210517648 0.1196983443 0.1184781015 
 0.1239398578 0.1227669314 0.1217157735 
 0.1264287253 0.1254218071 0.1245273098 
 0.1285119869 0.1276570182 0.1269070950 
 0.1301862124 0.1294700970 0.1288535661 
 0.1314494596 0.1308603920 0.1303673349 
 0.1323001865 0.1318278288 0.1314497947 
 0.1327364843 0.1323720431 0.1321021512 
 0.1327555706 0.1324918142 0.1323247957 
 0.1323534905 0.1321847359 0.1321169435 
 0.1315250011 0.1314470859 0.1314764881 
 0.1302636456 0.1302738912 0.1304000567 
 0.1285620622 0.1286592247 0.1288832892 
 0.1264126121 0.1265968061 0.1269214050 
 0.1238084422 0.1240810151 0.1245101514 
 0.1207451094 0.1211084352 0.1216472445 
 0.1172228711 0.1176800282 0.1183343946 
 0.1132496596 0.1138039618 0.1145799443 
 0.1088445950 0.1094989610 0.1104020099 
 0.1040416470 0.1047978306 0.1058318161 
 0.0988927701 0.0997505252 0.1009166672 
 0.0934696154 0.0944259282 0.0957217894 
 0.0878628993 0.0889114628 0.0903302265 
 0.0821788280 0.0833099291 0.0848401835 
 0.0765326405 0.0777335611 0.0793597364 
 0.0710401687 0.0722960815 0.0739995366 
 0.0658089838 0.0671041874 0.0688647730 
 0.0609308805 0.0622501336 0.0640479318 
 0.0564770564 0.0578067585 0.0596236757 
 0.0524965420 0.0538255815 0.0556465449 
 0.0490176068 0.0503378043 0.0521514433 
 0.0460512936 0.0473574670 0.0491562949 
 0.0435960395 0.0448857831 0.0466659816 
 0.0416424692 0.0429157561 0.0446766989 
 0.0401777251 0.0414364286 0.0431800729 
 0.0391889959 0.0404363983 0.0421666353 
 0.0386661333 0.0399064567 0.0416284745 
 0.0386033743 0.0398413445 0.0415610228 
 0.0390002361 0.0402406701 0.0419639996 
 0.0398616308 0.0411090320 0.0428415411 
 0.0411972065 0.0424553489 0.0442015167 
 0.0430198715 0.0442913608 0.0460540059 
 0.0453434325 0.0466292477 0.0484089014 
 0.0481793040 0.0494783440 0.0512726499 
 0.0515323511 0.0528410438 0.0546442620 
 0.0553961353 0.0567081919 0.0585109250 
 0.0597481147 0.0610545354 0.0628438104 
 0.0645456623 0.0658350884 0.0675949124 
 0.0697239484 0.0709834094 0.0726958414 
 0.0751966451 0.0764126600 0.0780593243 
 