0.0534951507 0.0553100260 0.0576397615 
 0.0501506627 0.0519641146 0.0543002873 
 0.0473468806 0.0491542141 0.0514889897 
 0.0450939987 0.0468935514 0.0492229566 
 0.0433932592 0.0451859347 0.0475093347 
 0.0422411755 0.0440298214 0.0463491637 
 0.0416329797 0.0434216912 0.0457406214 
 0.0415650413 0.0433584322 0.0456813512 
 0.0420361562 0.0438386178 0.0461697149 
 0.0430476842 0.0448626340 0.0472049132 
 0.0446025399 0.0464316653 0.0487859828 
 0.0467030655 0.0485455853 0.0509097359 
 0.0493478741 0.0511998691 0.0535677942 
 0.0525278795 0.0543817822 0.0567430148 
 0.0562219359 0.0580663025 0.0604057921 
 0.0603927708 0.0622124648 0.0645109262 
 0.0649841101 0.0667609922 0.0689958649 
 0.0699199432 0.0716340730 0.0737810623 
 0.0751066240 0.0767378493 0.0787728696 
 0.0804379231 0.0819676061 0.0838688091 
 0.0858023757 0.0872149365 0.0889644521 
 0.0910915971 0.0923755857 0.0939606578 
 0.0962079610 0.0973564914 0.0987698528 
 0.1010702841 0.1020808340 0.1033203522 
 0.1056168047 0.1064905254 0.1075583102 
 0.1098054918 0.1105462471 0.1114474795 
 0.1136122848 0.1142256350 0.1149673614 
 0.1170281138 0.1175204039 0.1181104727 
 0.1200555059 0.1204331452 0.1208793773 
 0.1227053697 0.1229743273 0.1232839416 
 0.1249942936 0.1251597926 0.1253390622 
 0.1269424780 0.1270088487 0.1270629425 
 0.1285722712 0.1285429228 0.1284758826 
 0.1299072101 0.1297846824 0.1295994926 
 0.1309714363 0.1307575028 0.1304562202 
 0.1317893700 0.1314851723 0.1310690919 
 0.1323855440 0.1319917442 0.1314615892 
 0.1327845255 0.1323014701 0.1316575944 
 0.1330108749 0.1324387641 0.1316813654 
 0.1330891097 0.1324281700 0.1315575078 
 0.1330436511 0.1322943078 0.1313109230 
 0.1328987407 0.1320617868 0.1309667188 
 0.1326783206 0.1317550777 0.1305500719 
 0.1324058727 0.1313983371 0.1300860357 
 0.1321042167 0.1310151864 0.1295992923 
 0.1317952706 0.1306284433 0.1291138499 
 0.1314997779 0.1302598165 0.1286526920 
 0.1312370118 0.1299295684 0.1282373883 
 0.1310244648 0.1296561621 0.1278876840 
 0.1308775401 0.1294559058 0.1276210840 
 0.1308092565 0.1293426124 0.1274524539 
 0.1308299842 0.1293272935 0.1273936580 
 0.1309472248 0.1294179024 0.1274532568 
 0.1311654486 0.1296191441 0.1276362800 
 0.1314860005 0.1299323624 0.1279440911 
 0.1319070789 0.1303555131 0.1283743510 
 0.1324237923 0.1308832245 0.1289210863 
 0.1330282894 0.1315069447 0.1295748569 
 0.1337099580 0.1322151660 0.1303230149 
 0.1344556805 0.1329937150 0.1311500408 
 0.1352501341 0.1338260928 0.1320379363 
 0.1360761195 0.1346938465 0.1329666529 
 0.1369149031 0.1355769525 0.1339145331 
 0.1377465566 0.1364541958 0.1348587415 
 0.1385502814 0.1373035264 0.1357756678 
 0.1393047048 0.1381023816 0.1366412842 
 0.1399881421 0.1388279649 0.1374314486 
 0.1405788173 0.1394574746 0.1381221469 
 0.1410550404 0.1399682818 0.1386896721 
 0.1413953412 0.1403380570 0.1391107441 
 0.1415785625 0.1405448501 0.1393625743 
 0.1415839137 0.1405671268 0.1394228817 
 0.1413909937 0.1403837701 0.1392698699 
 0.1409797878 0.1399740544 0.1388821747 
 0.1403306495 0.1393176041 0.1382387962 
 0.1394242831 0.1383943535 0.1373190338 
 0.1382417474 0.1371845324 0.1361024518 
 0.1367645163 0.1356687161 0.1345689162 
 0.1349746428 0.1338279930 0.1326987635 
 0.1328550972 0.1316443280 0.1304731868 
 0.1303903653 0.1291012200 0.1278749459 
 0.1275674115 0.1261847691 0.1248895280 
 0.1243771042 0.1228852614 0.1215068775 
 0.1208161714 0.1191993428 0.1177237627 
 0.1168896693 0.1151327513 0.1135467404 
 0.1126138084 0.1107034180 0.1089954908 
 0.1080187887 0.1059445238 0.1041060491 
 0.1031510925 0.1009068716 0.0989332120 
 0.0980745401 0.0956597891 0.0935512572 
 0.0928694391 0.0902898380 0.0880522135 
 0.0876294272 0.0848969552 0.0825413431 
 0.0824561144 0.0795882527 0.0771301941 
 0.0774522339 0.0744703863 0.0719283180 
 0.0727144828 0.0696418757 0.0670352097 
 0.0683273595 0.0651868119 0.0625339990 
 0.0643590220 0.0611709828 0.0584878961 
 0.0608596317 0.0576407678 0.0549396273 
 0.0578620308 0.0546244922 0.0519133938 
 0.0553841603 0.0521354917 0.0494184810 
 0.0534324354 0.0501760089 0.0474535662 
 0.0520053419 0.0487411503 0.0460109421 
 0.0510966904 0.0478223571 0.0450801337 
 0.0506981811 0.0474100792 0.0446506395 
 0.0508011079 0.0474955243 0.0447137061 
 0.0513971546 0.0480714618 0.0452631458 
 0.0524783082 0.0491321214 0.0462952417 
 0.0540359569 0.0506722443 0.0478077948 
 0.0560592787 0.0526853696 0.0497983662 
 0.0585330798 0.0551614801 0.0522618050 
 0.0614353233 0.0580842108 0.0551872199 
 0.0647346836 0.0614279375 0.0585546819 
 0.0683885596 0.0651551922 0.0623321000 
 0.0723420152 0.0692149397 0.0664728476 
 0.0765280611 0.0735422426 0.0709147729 
 0.0808694976 0.0780596839 0.0755811037 
 0.0852822390 0.0826805926 0.0803834480 
 0.0896796972 0.0873137129 0.0852266212 
 0.0939775385 0.0918685892 0.0900145704 
 0.0980980453 0.0962607590 0.0946563654 
 0.1019734352 0.1004159207 0.0990712386 
 0.1055477809 0.1042725481 0.1031919537 
 0.1087775025 0.1077828231 0.1069662473 
 0.1116306819 0.1109121160 0.1103565324 
 0.1140855968 0.1136374568 0.1133383475 
 0.1161288920 0.1159454980 0.1158981265 
 0.1177537379 0.1178303957 0.1180308068 
 0.1189582161 0.1192919108 0.1197376422 
 0.1197440635 0.1203338962 0.1210244274 
 0.1201158222 0.1209632305 0.1219002113 
 0.1200803937 0.1211891877 0.1223764860 
 0.1196469663 0.1210232025 0.1224667978 
 0.1188272805 0.1204789759 0.1221867092 
 0.1176361890 0.1195728651 0.1215540427 
 0.1160924577 0.1183245005 0.1205893402 
 0.1142197310 0.1167575578 0.1193164685 
 0.1120475497 0.1149005934 0.1177632933 
 0.1096122663 0.1127878226 0.1159623233 
 0.1069576708 0.1104596925 0.1139512095 
 0.1041351293 0.1079630922 0.1117729758 
 0.1012030688 0.1053510582 0.1094758619 
 0.0982257237 0.1026818854 0.1071126953 
 0.0952711777 0.1000176378 0.1047397658 
 0.0924088725 0.0974221566 0.1024152496 
 0.0897068622 0.0949587556 0.1001973066 
 0.0872291434 0.0926878510 0.0981420291 
 0.0850333614 0.0906647760 0.0963014385 
 0.0831690979 0.0889379762 0.0947217065 
 0.0816768087 0.0875476952 0.0934417224 
 0.0805873513 0.0865251528 0.0924920553 
 0.0799219490 0.0858921438 0.0918942968 
 0.0796923947 0.0856609306 0.0916607233 
 0.0799013147 0.0858343079 0.0917942025 
 0.0805423675 0.0864057420 0.0922882832 
 0.0816003336 0.0873595514 0.0931274383 
 0.0830511378 0.0886711515 0.0942874712 
 0.0848619208 0.0903074426 0.0957361265 
 0.0869913245 0.0922274447 0.0974339563 
 0.0893901563 0.0943832772 0.0993354822 
 0.0920025588 0.0967215364 0.1013906523 
 0.0947677197 0.0991850508 0.1035465410 
 0.0976220441 0.1017149131 0.1057491826 
 0.1005016018 0.1042526150 0.1079453924 
 0.1033445858 0.1067420764 0.1100844186 
 0.1060935074 0.1091313712 0.1121192873 
 0.1086969000 0.1113740034 0.1140077558 
 0.1111104038 0.1134296672 0.1157128476 
 0.1132972151 0.1152645100 0.1172030029 
 0.1152279854 0.1168509825 0.1184519240 
 0.1168803173 0.1181674001 0.1194382173 
 0.1182380296 0.1191973530 0.1201449392 
 0.1192903498 0.1199290853 0.1205591407 
 0.1200311599 0.1203549419 0.1206714879 
 0.1204583824 0.1204709498 0.1204760141 
 0.1205735532 0.1202765736 0.1199700439 
 0.1203815992 0.1197746674 0.1191543114 
 0.1198908179 0.1189716214 0.1180332828 
 0.1191130382 0.1178776947 0.1166156764 
 0.1180639295 0.1165074994 0.1149151491 
 0.1167634097 0.1148805858 0.1129510867 
 0.1152360849 0.1130220460 0.1107493959 
 0.1135116362 0.1109630300 0.1083431600 
 0.1116250526 0.1087410452 0.1057729924 
 0.1096166085 0.1063999091 0.1030869237 
 0.1075314971 0.1039892499 0.1003396968 
 0.1054190649 0.1015634979 0.0975914229 
 0.1033316442 0.0991803889 0.0949056585 
 0.1013230429 0.0968990817 0.0923470712 
 0.0994468028 0.0947780604 0.0899789451 
 0.0977543719 0.0928730230 0.0878607956 
 0.0962933439 0.0912349486 0.0860463261 
 0.0951058890 0.0899084814 0.0845818674 
 0.0942274558 0.0889306944 0.0835053261 
 0.0936857732 0.0883302220 0.0828455682 
 0.0935001357 0.0881266922 0.0826221026 
 0.0936809371 0.0883303754 0.0828449125 
 0.0942294164 0.0889419743 0.0835143191 
 0.0951376058 0.0899525298 0.0846208301 
 0.0963884955 0.0913434674 0.0861450079 
 0.0979564634 0.0930868618 0.0880574753 
 0.0998080213 0.0951460242 0.0903192211 
 0.1019029169 0.0974765065 0.0928823777 
 0.1041955869 0.1000275663 0.0956915843 
 0.1066368984 0.1027440567 0.0986859499 
 0.1091760518 0.1055686115 0.1018014954 
 0.1117624804 0.1084439179 0.1049738349 
 0.1143475660 0.1113148411 0.1081407859 
 0.1168860185 0.1141301770 0.1112445986 
 0.1193368239 0.1168438842 0.1142335731 
 0.1216637324 0.1194157335 0.1170629523 
 0.1238353240 0.1218114104 0.1196951103 
 0.1258247382 0.1240021730 0.1220991578 
 0.1276091724 0.1259642066 0.1242501427 
 0.1291692560 0.1276778131 0.1261280315 
 0.1304883913 0.1291265596 0.1277166343 
 0.1315521241 0.1302964706 0.1290025874 
 0.1323475862 0.1311753168 0.1299744631 
 0.1328630279 0.1317520254 0.1306220382 
 0.1330874470 0.1320162149 0.1309357229 
 0.1330103124 0.1319578512 0.1309061418 
 0.1326213832 0.1315670199 0.1305238587 
 0.1319106274 0.1308338193 0.1297792420 
 0.1308682596 0.1297483910 0.1286624930 
 0.1294849275 0.1283011254 0.1271638724 
 0.1277520990 0.1264830997 0.1252741946 
 0.1256627108 0.1242868217 0.1229856719 
 0.1232121503 0.1217073628 0.1202932034 
 0.1203996271 0.1187439441 0.1171961807 
 0.1172299525 0.1154019916 0.1137008208 
 0.1137156668 0.1116955795 0.1098229200 
 0.1098793373 0.1076500354 0.1055907513 
 0.1057557073 0.1033043123 0.1010476253 
 0.1013932448 0.0987125789 0.0962534718 
 0.0968545792 0.0939444309 0.0912847574 
 0.0922153867 0.0890832419 0.0862322390 
 0.0875615299 0.0842225087 0.0811964738 
 0.0829846388 0.0794605180 0.0762815839 
 0.0785767310 0.0748941417 0.0715882970 
 0.0744247543 0.0706128413 0.0672075369 
 0.0706059709 0.0666939238 0.0632156902 
 0.0671848773 0.0631997422 0.0596722044 
 0.0642119524 0.0601770267 0.0566195674 
 0.0617241052 0.0576580604 0.0540852118 
 0.0597463858 0.0556631097 0.0520846152 
 0.0582943779 0.0542034260 0.0506248301 
 0.0573767086 0.0532842078 0.0497078127 
 0.0569972145 0.0529070633 0.0493331077 
 0.0571564504 0.0530716808 0.0494996337 
 0.0578523597 0.0537765531 0.0502064437 
 0.0590800458 0.0550187060 0.0514524263 
 0.0608306856 0.0567924688 0.0532349766 
 0.0630897298 0.0590874105 0.0555477392 
 0.0658346537 0.0618856850 0.0583776284 
 0.0690326463 0.0651591636 0.0617014832 
 0.0726387312 0.0688668813 0.0654828883 
 0.0765948563 0.0729534134 0.0696698399 
 0.0808304104 0.0773487732 0.0741939661 
 0.0852643949 0.0819702134 0.0789718458 
 0.0898091322 0.0867259355 0.0839085787 
 0.0943750132 0.0915202454 0.0889032237 
 0.0988755094 0.0962593048 0.0938552108 
 0.1032316161 0.1008564719 0.0986705660 
 0.1073750617 0.1052363629 0.1032668677 
 0.1112499576 0.1093371407 0.1075762472 
 0.1148129216 0.1131109839 0.1115462808 
 0.1180319948 0.1165230625 0.1151390853 
 0.1208847960 0.1195495367 0.1183291999 
 0.1233563589 0.1221751153 0.1211008849 
 0.1254369976 0.1243906055 0.1234453588 
 0.1271204201 0.1261907317 0.1253583206 
 0.1284021916 0.1275723570 0.1268379239 
 0.1292785617 0.1285331310 0.1278832412 
 0.1297456211 0.1290705248 0.1284931747 
 0.1297987343 0.1291811899 0.1286657392 
 0.1294322022 0.1288605814 0.1283976458 
 0.1286391320 0.1281028118 0.1276841403 
 0.1274115236 0.1269007402 0.1265190905 
 0.1257406239 0.1252463407 0.1248953628 
 0.1236176384 0.1231314403 0.1228055725 
 0.1210349217 0.1205489490 0.1202433292 
 0.1179877747 0.1174947110 0.1172051054 
 0.1144769451 0.1139700730 0.1136928227 
 0.1105118191 0.1099851561 0.1097171410 
 0.1061141113 0.1055626239 0.1053012423 
 0.1013215880 0.1007414665 0.1004846236 
 0.0961910695 0.0955800179 0.0953261135 
 0.0907997561 0.0901572278 0.0899051323 
 0.0852439672 0.0845712638 0.0843202693 
 0.0796347949 0.0789349589 0.0786846999 
 0.0740909268 0.0733684023 0.0731187470 
 0.0687297525 0.0679898496 0.0677407741 
 0.0636584707 0.0629067263 0.0626581891 
 0.0589669616 0.0582085158 0.0579603535 
 0.0547236499 0.0539627443 0.0537145998 
 0.0509747139 0.0502143743 0.0499656635 
 0.0477461733 0.0469880864 0.0467379986 
 0.0450478897 0.0442924450 0.0440399689 
 0.0428784115 0.0421248577 0.0418688230 
 0.0412297738 0.0404764411 0.0402155696 
 0.0400916730 0.0393362241 0.0390691853 
 0.0394547231 0.0386944110 0.0384198828 
 0.0393127034 0.0385446299 0.0382613673 
 0.0396638133 0.0388851923 0.0385921074 
 0.0405109716 0.0397194058 0.0394156644 
 0.0418611778 0.0410549578 0.0407400960 
 0.0437239161 0.0429023451 0.0425764055 
 0.0461085750 0.0452723094 0.0449359915 
 0.0490209021 0.0481722800 0.0478270896 
 0.0524586458 0.0516019535 0.0512503272 
 0.0564067687 0.0555483734 0.0551937430 
 0.0608329057 0.0599811778 0.0596279368 
 0.0656840140 0.0648489745 0.0645023159 
 0.0708852470 0.0700779264 0.0697435447 
 0.0763418538 0.0755734230 0.0752571088 
 0.0819442986 0.0812251092 0.0809323023 
 0.0875759441 0.0869146632 0.0866500550 
 0.0931218838 0.0925248968 0.0922921641 
 0.0984771658 0.0979483502 0.0977500719 
 0.1035529025 0.1030937753 0.1029315321 
 0.1082794597 0.1078896153 0.1077642302 
 0.1126067516 0.1122844587 0.1121963160 
 0.1165022929 0.1162451240 0.1161945031 
 0.1199479379 0.1197533383 0.1197407186 
 0.1229361838 0.1228019313 0.1228282444 
 0.1254666805 0.1253912255 0.1254580507 
 0.1275433053 0.1275260052 0.1276357166 
 0.1291719241 0.1292131974 0.1293690755 
 0.1303588086 0.1304602361 0.1306665576 
 0.1311095984 0.1312739945 0.1315361125 
 0.1314286824 0.1316601538 0.1319845762 
 0.1313188858 0.1316228873 0.1320173581 
 0.1307813878 0.1311647782 0.1316383602 
 0.1298158359 0.1302869281 0.1308500795 
 0.1284206630 0.1289892540 0.1296538841 
 0.1265936572 0.1272710115 0.1280504883 
 0.1243328619 0.1251316084 0.1260406800 
 0.1216378989 0.1225717920 0.1236263699 
 0.1185117985 0.1195952806 0.1208120247 
 0.1149633600 0.1162108707 0.1176065159 
 0.1110099604 0.1124349550 0.1140253386 
 0.1066805563 0.1082942470 0.1100930397 
 0.1020184189 0.1038283292 0.1058455472 
 0.0970829605 0.0990914786 0.1013319475 
 0.0919499447 0.0941531468 0.0966151774 
 0.0867095234 0.0890965686 0.0917711503 
 0.0814619472 0.0840152867 0.0868860681 
 0.0763113826 0.0790078697 0.0820520583 
 0.0713588309 0.0741716023 0.0773617128 
 0.0666954498 0.0695962579 0.0729024336 
 0.0623974836 0.0653590619 0.0687515642 
 0.0585235516 0.0615216250 0.0649730786 
 0.0551144229 0.0581291077 0.0616161935 
 0.0521948677 0.0552113755 0.0587158212 
 0.0497768653 0.0527855689 0.0562944466 
 0.0478633958 0.0508594013 0.0543648449 
 0.0464521740 0.0494345642 0.0529330665 
 0.0455388838 0.0485097781 0.0520012207 
 0.0451196707 0.0480832015 0.0515697378 
 0.0451927835 0.0481540457 0.0516389148 
 0.0457593347 0.0487233316 0.0522096466 
 0.0468231719 0.0497937632 0.0532833030 
 0.0483898551 0.0513687152 0.0548607479 
 0.0504647414 0.0534503582 0.0569405486 
 0.0530502161 0.0560369967 0.0595164879 
 0.0561422112 0.0591198063 0.0625746055 
 0.0597263131 0.0626793123 0.0660901442 
 0.0637739792 0.0666821433 0.0700249244 
 0.0682395864 0.0710787415 0.0743257725 
 0.0730591249 0.0758027442 0.0789245884 
 0.0781512246 0.0807725639 0.0837404169 
 0.0834207922 0.0858952808 0.0886834822 
 0.0887649233 0.0910724043 0.0936606634 
 0.0940801261 0.0962065479 0.0985815031 
 0.0992695214 0.1012078118 0.1033637009 
 0.1042487183 0.1059987835 0.1079372205 
 0.1089495043 0.1105174946 0.1122465385 
 0.1133211116 0.1147182245 0.1162510329 
 0.1173293916 0.1185705083 0.1199238741 
 0.1209545631 0.1220569612 0.1232499688 
 0.1241882719 0.1251705651 0.1262235018 
 0.1270305726 0.1279119368 0.1288455094 
 0.1294872375 0.1302869151 0.1311217544 
 0.1315675858 0.1323046236 0.1330610256 
 0.1332828750 0.1339760346 0.1346738760 
 0.1346451960 0.1353129809 0.1359717495 
 0.1356667770 0.1363275278 0.1369664201 
 0.1363595906 0.1370316140 0.1376696633 
 0.1367351754 0.1374368824 0.1380930942 
 0.1368046057 0.1375546424 0.1382481201 
 0.1365785626 0.1373959227 0.1381459732 
 0.1360674833 0.1369715921 0.1377978025 
 0.1352817744 0.1362925358 0.1372148148 
 0.1342320905 0.1353698845 0.1364084579 
 0.1329296794 0.1342152966 0.1353906474 
 0.1313868004 0.1328412957 0.1341740366 
 0.1296172154 0.1312616639 0.1327723263 
 0.1276367450 0.1294918821 0.1312006110 
 0.1254638653 0.1275496011 0.1294757458 
 0.1231203044 0.1254551127 0.1276167126 
 0.1206315756 0.1232317753 0.1256449517 
 0.1180273676 0.1209063352 0.1235846163 
 0.1153417066 0.1185090808 0.1214627027 
 0.1126128124 0.1160737665 0.1193090085 
 0.1098825946 0.1136372639 0.1171558820 
 0.1071957849 0.1112389215 0.1150377451 
 0.1045987485 0.1089196564 0.1129903949 
 0.1021380744 0.1067208366 0.1110501203 
 0.0998590764 0.1046830431 0.1092526919 
 0.0978043491 0.1028448174 0.1076322982 
 0.0960125022 0.1012414926 0.1062205056 
 0.0945171547 0.0999041853 0.1050453078 
 0.0933462164 0.0988589894 0.1041303114 
 0.0925214342 0.0981263790 0.1034940805 
 0.0920581405 0.0977207969 0.1031496440 
 0.0919651301 0.0976503899 0.1031041535 
 0.0922445948 0.0979168543 0.1033586790 
 0.0928920708 0.0985153648 0.1039081322 
 0.0938963934 0.0994345874 0.1047413210 
 0.0952396898 0.1006567990 0.1058411514 
 0.0968974792 0.1021581575 0.1071850001 
 0.0988389647 0.1039091742 0.1087452826 
 0.1010276033 0.1058754320 0.1104902306 
 0.1034220102 0.1080185664 0.1123848695 
 0.1059772061 0.1102974886 0.1143921605 
 0.1086461516 0.1126697867 0.1164742424 
 0.1113814583 0.1150932024 0.1185936883 
 0.1141371177 0.1175270635 0.1207146845 
 0.1168700852 0.1199335505 0.1228040482 
 0.1195415746 0.1222787036 0.1248320221 
 0.1221179701 0.1245331151 0.1267728155 
 0.1245713258 0.1266722969 0.1286048925 
 0.1268794782 0.1286767546 0.1303110385 
 0.1290258455 0.1305318256 0.1318782469 
 0.1309990048 0.1322273526 0.1332974834 
 0.1327921425 0.1337572622 0.1345633749 
 0.1344024576 0.1351191062 0.1356738663 
 0.1358305782 0.1363136070 0.1366298750 
 0.1370800261 0.1373442356 0.1374349613 
 0.1381567470 0.1382168297 0.1380950216 
 0.1390687071 0.1389392566 0.1386180076 
 0.1398255498 0.1395211136 0.1390136641 
 0.1404382996 0.1399734572 0.1392932816 
 0.1409191022 0.1403085531 0.1394694549 
 0.1412809882 0.1405396375 0.1395558423 
 0.1415376515 0.1406806831 0.1395669178 
 0.1417032361 0.1407461639 0.1395177156 
 0.1417921259 0.1407508186 0.1394235628 
 0.1418187362 0.1407094085 0.1392998020 
 0.1417973069 0.1406364743 0.1391615083 
 0.1417416982 0.1405460936 0.1390232023 
 0.1416651923 0.1404516439 0.1388985707 
 0.1415803051 0.1403655776 0.1388001982 
 0.1414986104 0.1402992150 0.1387393233 
 0.1414305831 0.1402625602 0.1387256243 
 0.1413854633 0.1402641482 0.1387670442 
 0.1413711440 0.1403109249 0.1388696613 
 0.1413940859 0.1404081636 0.1390376079 
 0.1414592573 0.1405594197 0.1392730392 
 0.1415701002 0.1407665205 0.1395761513 
 0.1417285190 0.1410295892 0.1399452425 
 0.1419348902 0.1413470966 0.1403768129 
 0.1421880887 0.1417159358 0.1408656928 
 0.1424855272 0.1421315135 0.1414051907 
 0.1428232053 0.1425878514 0.1419872529 
 0.1431957656 0.1430776925 0.1426026234 
 0.1435965538 0.1435926070 0.1432409997 
 0.1440176815 0.1441230948 0.1438911764 
 0.1444500918 0.1446586817 0.1445411746 
 0.1448836255 0.1451880086 0.1451783534 
 0.1453070894 0.1456989130 0.1457895056 
 0.1457083263 0.1461785032 0.1463609353 
 0.1460742862 0.1466132255 0.1468785221 
 0.1463910977 0.1469889253 0.1473277706 
 0.1466441399 0.1472909016 0.1476938487 
 0.1468181105 0.1475039541 0.1479616154 
 0.1468970913 0.1476124242 0.1481156378 
 0.1468646044 0.1476002257 0.1481401988 
 0.1467036605 0.1474508660 0.1480192935 
 0.1463967933 0.1471474553 0.1477366156 
 0.1459260800 0.1466727023 0.1472755310 
 0.1452731461 0.1460088960 0.1466190397 
 0.1444191546 0.1451378748 0.1457497279 
 0.1433447845 0.1440409866 0.1446497127 
 0.1420302064 0.1426990486 0.1433005894 
 0.1404550734 0.1410923253 0.1416833989 
 0.1385985580 0.1392005545 0.1397786444 
 0.1364394844 0.1370030722 0.1375664088 
 0.1339566326 0.1344791127 0.1350266459 
 0.1311293186 0.1316083911 0.1321397538 
 0.1279383857 0.1283721029 0.1288875612 
 0.1243677507 0.1247544876 0.1252548748 
 0.1204066322 0.1207450859 0.1212317139 
 0.1160525062 0.1163417331 0.1168162764 
 0.1113146730 0.1115541723 0.1120185217 
 0.1062180701 0.1064079111 0.1068640007 
 0.1008066596 0.1009476400 0.1013972591 
 0.0951454586 0.0952392629 0.0956838763 
 0.0893202175 0.0893695306 0.0898101385 
 0.0834340345 0.0834425639 0.0838796332 
 0.0776008695 0.0775732419 0.0780067305 
 0.0719368130 0.0718783414 0.0723078142 
 0.0665507251 0.0664670794 0.0668918927 
 0.0615361274 0.0614329679 0.0618524788 
 0.0569658512 0.0568484920 0.0572622493 
 0.0528901196 0.0527632723 0.0531711555 
 0.0493378248 0.0492054478 0.0496077397 
 0.0463201231 0.0461853729 0.0465827691 
 0.0438352379 0.0437005010 0.0440940712 
 0.0418734782 0.0417404544 0.0421315730 
 0.0404217771 0.0402915900 0.0406818511 
 0.0394673792 0.0393406920 0.0397318183 
 0.0390005433 0.0388776703 0.0392714214 
 0.0390162741 0.0388972808 0.0392953594 
 0.0395151365 0.0393999296 0.0398038825 
 0.0405031939 0.0403916019 0.0408027112 
 0.0419910607 0.0418829080 0.0423020701 
 0.0439920163 0.0438871939 0.0443147850 
 0.0465191149 0.0464176484 0.0468533842 
 0.0495812882 0.0494834003 0.0499262047 
 0.0531785903 0.0530847546 0.0535326637 
 0.0572970084 0.0572079854 0.0576581230 
 0.0619035965 0.0618204440 0.0622691046 
 0.0669429908 0.0668670415 0.0673099095 
 0.0723364539 0.0722692598 0.0727017654 
 0.0779843006 0.0779275516 0.0783453274 
 0.0837718366 0.0837272721 0.0841266390 
 0.0895779803 0.0895473157 0.0899257075 
 0.0952849103 0.0952698001 0.0956260498 
 0.1007867849 0.1007888333 0.1011232823 
 0.1059959450 0.1060167635 0.1063312055 
 0.1108458571 0.1108871587 0.1111846655 
 0.1152909677 0.1153546817 0.1156393771 
 0.1193042849 0.1193926784 0.1196695186 
 0.1228737351 0.1229895307 0.1232641293 
 0.1259982263 0.1261447105 0.1264232260 
 0.1286840600 0.1288651818 0.1291542682 
 0.1309420218 0.1311624830 0.1314692938 
 0.1327852350 0.1330505746 0.1333828068 
 0.1342277100 0.1345443857 0.1349103504 
 0.1352834551 0.1356589227 0.1360676316 
 0.1359660012 0.1364087933 0.1368700514 
 0.1362882122 0.1368080146 0.1373325133 
 0.1362622869 0.1368700094 0.1374694122 
 0.1358998865 0.1366077240 0.1372947390 
 0.1352123567 0.1360338297 0.1368222616 
 0.1342110263 0.1351609905 0.1360657597 
 0.1329075863 0.1340021920 0.1350393088 
 0.1313145551 0.1325711348 0.1337576103 
 0.1294458384 0.1308826973 0.1322363700 
 0.1273173855 0.1289534658 0.1304927245 
 0.1249479254 0.1268023229 0.1285457044 
 0.1223597447 0.1244510638 0.1264167152 
 0.1195794369 0.1219249910 0.1241299991 
 0.1166385270 0.1192534168 0.1217130261 
 0.1135738504 0.1164699855 0.1191967506 
 0.1104275678 0.1136127241 0.1166156664 
 0.1072467203 0.1107237468 0.1140075998 
 0.1040822866 0.1078485715 0.1114132063 
 0.1009877800 0.1050350628 0.1088751690 
 0.0980175072 0.1023320742 0.1064371411 
 0.0952246767 0.0997879153 0.1041425149 
 0.0926595704 0.0974487988 0.1020331254 
 0.0903679759 0.0953574206 0.1001480027 
 0.0883900141 0.0935517917 0.0985222725 
 0.0867594130 0.0920643871 0.0971862689 
 0.0855031941 0.0909216123 0.0961648826 
 0.0846416685 0.0901435350 0.0954771266 
 0.0841886072 0.0897437990 0.0951358749 
 0.0841514453 0.0897296217 0.0951477166 
 0.0845314066 0.0901017986 0.0955128762 
 0.0853234820 0.0908546641 0.0962251690 
 0.0865162521 0.0919760076 0.0972719938 
 0.0880916086 0.0934469858 0.0986343934 
 0.0900244798 0.0952421130 0.1002872390 
 0.0922827082 0.0973294342 0.1021996066 
 0.0948272357 0.0996709851 0.1043354056 
 0.0976127296 0.1022236145 0.1066542927 
 0.1005887215 0.1049401910 0.1091128615 
 0.1037012375 0.1077711471 0.1116660479 
 0.1068948029 0.1106662421 0.1142686484 
 0.1101146174 0.1135763792 0.1168768187 
 0.1133086576 0.1164552922 0.1194494214 
 0.1164294743 0.1192609410 0.1219491140 
 0.1194355159 0.1219565092 0.1243431109 
 0.1222918987 0.1245109630 0.1266036045 
 0.1249706408 0.1268992011 0.1287078760 
 0.1274504478 0.1291018687 0.1306381555 
 0.1297161824 0.1311049391 0.1323813104 
 0.1317581546 0.1328991645 0.1339284357 
 0.1335713520 0.1344794830 0.1352744116 
 0.1351546993 0.1358444470 0.1364174723 
 0.1365103993 0.1369957105 0.1373588170 
 0.1376433794 0.1379375924 0.1381022720 
 0.1385608444 0.1386767166 0.1386540063 
 0.1392719232 0.1392217187 0.1390222942 
 0.1397873903 0.1395830071 0.1392173121 
 0.1401194432 0.1397725604 0.1392509597 
 0.1402815152 0.1398037487 0.1391366913 
 0.1402881107 0.1396911649 0.1388893479 
 0.1401546477 0.1394504560 0.1385249796 
 0.1398973012 0.1390981456 0.1380606501 
 0.1395328385 0.1386514429 0.1375142196 
 0.1390784448 0.1381280337 0.1369041013 
 0.1385515356 0.1375458544 0.1362489926 
 0.1379695580 0.1369228482 0.1355675834 
 0.1373497804 0.1362767090 0.1348782471 
 0.1367090780 0.1356246182 0.1341987224 
 0.1360637147 0.1349829808 0.1335457961 
 0.1354291295 0.1343671696 0.1329349983 
 0.1348197311 0.1337912843 0.1323803200 
 0.1342487070 0.1332679348 0.1318939654 
 0.1337278505 0.1328080534 0.1314861454 
 0.1332674102 0.1324207419 0.1311649203 
 0.1328759636 0.1321131559 0.1309360955 
 0.1325603169 0.1318904288 0.1308031688 
 0.1323254306 0.1317556332 0.1307673308 
 0.1321743724 0.1317097793 0.1308275109 
 0.1321082937 0.1317518453 0.1309804655 
 0.1321264311 0.1318788368 0.1312208990 
 0.1322261295 0.1320858699 0.1315416102 
 0.1324028861 0.1323662732 0.1319336566 
 0.1326504137 0.1327117051 0.1323865272 
 0.1329607221 0.1331122804 0.1328883192 
 0.1333242160 0.1335567059 0.1334259115 
 0.1337298083 0.1340324197 0.1339851320 
 0.1341650485 0.1345257336 0.1345509166 
 0.1346162633 0.1350219773 0.1351074566 
 0.1350687090 0.1355056432 0.1356383375 
 0.1355067332 0.1359605300 0.1361266665 
 0.1359139431 0.1363698865 0.1365551915 
 0.1362733786 0.1367165519 0.1369064112 
 0.1365676868 0.1369830942 0.1371626785 
 0.1367792954 0.1371519440 0.1373062967 
 0.1368905824 0.1372055251 0.1373196104 
 0.1368840423 0.1371263800 0.1371850926 
 0.1367424467 0.1368972934 0.1368854314 
 0.1364490025 0.1365014163 0.1364036185 
 0.1359875110 0.1359223959 0.1357230505 
 0.1353425360 0.1351445218 0.1348276514 
 0.1344995921 0.1341529020 0.1337020368 
 0.1334453690 0.1329336892 0.1323317433 
 0.1321680141 0.1314743864 0.1307035601 
 0.1306575011 0.1297642642 0.1288060036 
 0.1289061134 0.1277949304 0.1266299853 
 0.1269090725 0.1255610855 0.1241697151 
 0.1246653285 0.1230614889 0.1214238667 
 0.1221785125 0.1203001268 0.1183969907 
 0.1194580102 0.1172875286 0.1151010980 
 0.1165200732 0.1140421131 0.1115572560 
 0.1133888285 0.1105913783 0.1077969474 
 0.1100969983 0.1069726894 0.1038628805 
 0.1066861249 0.1032334029 0.0998089274 
 0.1032061150 0.0994301108 0.0956989485 
 0.0997139976 0.0956269098 0.0916044408 
 0.0962719183 0.0918927794 0.0876011878 
 0.0929445426 0.0882983495 0.0837653317 
 0.0897961652 0.0849124801 0.0801694384 
 0.0868878938 0.0817991271 0.0768791321 
 0.0842752450 0.0790148886 0.0739507311 
 0.0820063946 0.0766074669 0.0714300745 
 0.0801211693 0.0746150713 0.0693524730 
 0.0786507215 0.0730666114 0.0677435186 
 0.0776177110 0.0719824094 0.0666203817 
 0.0770367639 0.0713751232 0.0659932173 
 0.0769149771 0.0712505956 0.0658663572 
 0.0772522848 0.0716084150 0.0662390570 
 0.0780415772 0.0724420666 0.0671056767 
 0.0792685518 0.0737386538 0.0684552749 
 0.0809113645 0.0754782706 0.0702707020 
 0.0829402279 0.0776331944 0.0725273766 
 0.0853171547 0.0801671441 0.0751920164 
 0.0879960635 0.0830348850 0.0782216612 
 0.0909234307 0.0861824470 0.0815633376 
 0.0940395872 0.0895481426 0.0851546541 
 0.0972806373 0.0930644321 0.0889254684 
 0.1005808377 0.0966605014 0.0928005576 
 0.1038751678 0.1002652546 0.0967029909 
 0.1071017663 0.1038103200 0.1005577335 
 0.1102039394 0.1072326615 0.1042949530 
 0.1131315332 0.1104764818 0.1078525784 
 0.1158415926 0.1134942603 0.1111778441 
 0.1182983524 0.1162469406 0.1142277758 
 0.1204726983 0.1187034156 0.1169687641 
 0.1223412787 0.1208395330 0.1193754897 
 0.1238854496 0.1226368558 0.1214294967 
 0.1250902017 0.1240813763 0.1231176717 
 0.1259431770 0.1251623284 0.1244308221 
 0.1264338387 0.1258711824 0.1253624687 
 0.1265528258 0.1262008635 0.1259079017 
 0.1262915059 0.1261452035 0.1260635144 
 0.1256417400 0.1256986283 0.1258264025 
 0.1245958784 0.1248560885 0.1251942230 
 0.1231470315 0.1236132549 0.1241653161 
 0.1212896737 0.1219670226 0.1227391127 
 0.1190206531 0.1199163761 0.1209168644 
 0.1163406697 0.1174636672 0.1187027318 
 0.1132562410 0.1146163249 0.1161052495 
 0.1097820883 0.1113889459 0.1131391270 
 0.1059437353 0.1078056033 0.1098272651 
 0.1017799452 0.1039020715 0.1062027448 
 0.0973444620 0.0997275264 0.1023104377 
 0.0927064525 0.0953452028 0.0982078051 
 0.0879491381 0.0908315436 0.0939644751 
 0.0831664082 0.0862735936 0.0896603378 
 0.0784576763 0.0817647650 0.0853821794 
 0.0739217231 0.0773995180 0.0812192259 
 0.0696505926 0.0732678186 0.0772582573 
 0.0657246095 0.0694503161 0.0735790846 
 0.0622092754 0.0660149863 0.0702510881 
 0.0591543058 0.0630156016 0.0673312337 
 0.0565945777 0.0604919575 0.0648636320 
 0.0545524286 0.0584714468 0.0628803815 
 0.0530406226 0.0569714093 0.0614032473 
 0.0520653531 0.0560016728 0.0604456658 
 0.0516287991 0.0555668050 0.0600146172 
 0.0517309164 0.0556677334 0.0601120212 
 0.0523702925 0.0563025373 0.0607354407 
 0.0535440024 0.0574663318 0.0618780055 
 0.0552464923 0.0591502779 0.0635275891 
 0.0574676094 0.0613398538 0.0656653892 
 0.0601900091 0.0640126488 0.0682641821 
 0.0633863150 0.0671360646 0.0712866285 
 0.0670165518 0.0706654251 0.0746840875 
 0.0710264755 0.0745430456 0.0783963944 
 0.0753474112 0.0786987397 0.0823529472 
 0.0798980117 0.0830520232 0.0864752163 
 0.0845879798 0.0875159179 0.0906804815 
 0.0893233186 0.0920018685 0.0948862953 
 0.0940122717 0.0964249901 0.0990149841 
 0.0985709257 0.1007087855 0.1029974952 
 0.1029275699 0.1047886314 0.1067760823 
 0.1070252733 0.1086136724 0.1103056140 
 0.1108225985 0.1121471411 0.1135535894 
 0.1142927614 0.1153654140 0.1164991580 
 0.1174217548 0.1182562628 0.1191315339 
 0.1202059887 0.1208167568 0.1214481740 
 0.1226498945 0.1230511810 0.1234530066 
 0.1247637876 0.1249692001 0.1251548864 
 0.1265621328 0.1265843755 0.1265663533 
 0.1280622362 0.1279130497 0.1277026995 
 0.1292833220 0.1289735546 0.1285813063 
 0.1302459137 0.1297856772 0.1292211916 
 0.1309714372 0.1303703089 0.1296427065 
 0.1314819696 0.1307492128 0.1298673258 
 0.1318000720 0.1309448589 0.1299174877 
 0.1319486637 0.1309802864 0.1298164479 
 0.1319509050 0.1308789649 0.1295881216 
 0.1318300684 0.1306646368 0.1292568984 
 0.1316093861 0.1303611290 0.1288474153 
 0.1313118669 0.1299921273 0.1283842854 
 0.1309600803 0.1295809133 0.1278917808 
 0.1305759108 0.1291500668 0.1273934750 
 0.1301802863 0.1287211409 0.1269118538 
 0.1297928883 0.1283143197 0.1264679099 
 0.1294318554 0.1279480718 0.1260807349 
 0.1291134888 0.1276388141 0.1257671293 
 0.1288519747 0.1274006000 0.1255412466 
 0.1286591327 0.1272448470 0.1254142909 
 0.1285442048 0.1271801177 0.1253942822 
 0.1285136912 0.1272119623 0.1254859005 
 0.1285712440 0.1273428336 0.1256904186 
 0.1287176200 0.1275720745 0.1260057243 
 0.1289506975 0.1278959806 0.1264264310 
 0.1292655525 0.1283079322 0.1269440692 
 0.1296545918 0.1287985868 0.1275473478 
 0.1301077336 0.1293561222 0.1282224680 
 0.1306126268 0.1299665160 0.1289534736 
 0.1311548975 0.1306138455 0.1297226181 
 0.1317184103 0.1312805959 0.1305107296 
 0.1322855344 0.1319479608 0.1312975580 
 0.1328374023 0.1325961257 0.1320620915 
 0.1333541538 0.1332045232 0.1327828322 
 0.1338151567 0.1337520563 0.1334380257 
 0.1341992000 0.1342172840 0.1340058439 
 0.1344846558 0.1345785690 0.1344645199 
 0.1346496077 0.1348141876 0.1347924400 
 0.1346719458 0.1349024038 0.1349681960 
 0.1345294298 0.1348215101 0.1349706038 
 0.1341997228 0.1345498413 0.1347786954 
 0.1336604015 0.1340657661 0.1343716913 
 0.1328889553 0.1333476693 0.1337289647 
 0.1318627885 0.1323739398 0.1328300145 
 0.1305592568 0.1311229925 0.1316544716 
 0.1289557820 0.1295733652 0.1301821764 
 0.1270301110 0.1277039532 0.1283933846 
 0.1247608126 0.1254944666 0.1262691806 
 0.1221281283 0.1229262224 0.1237921968 
 0.1191153101 0.1199833928 0.1209477553 
 0.1157105626 0.1166548249 0.1177255366 
 0.1119096485 0.1129364902 0.1141218367 
 0.1077190845 0.1088345071 0.1101423680 
 0.1031596505 0.1043684876 0.1058053943 
 0.0982696670 0.0995747171 0.1011447651 
 0.0931072500 0.0945084344 0.0962121956 
 0.0877506440 0.0892443657 0.0910780111 
 0.0822959000 0.0838747928 0.0858296642 
 0.0768516804 0.0785048864 0.0805677059 
 0.0715317306 0.0732457282 0.0753995064 
 0.0664462948 0.0682061579 0.0704316823 
 0.0616941396 0.0634849881 0.0657626219 
 0.0573566902 0.0591650556 0.0614765032 
 0.0534951507 0.0553100260 0.0576397615 
 