0.1335363994 0.1351190542 0.1363718180 
 0.1335677797 0.1352391873 0.1365817023 
 0.1336205684 0.1353578147 0.1367679261 
 0.1336939029 0.1354732098 0.1369279898 
 0.1337857131 0.1355827537 0.1370587715 
 0.1338926711 0.1356828858 0.1371564750 
 0.1340102037 0.1357691078 0.1372166245 
 0.1341325668 0.1358360413 0.1372341065 
 0.1342529809 0.1358775380 0.1372032577 
 0.1343638199 0.1358868384 0.1371179983 
 0.1344568476 0.1358567717 0.1369720029 
 0.1345234894 0.1357799914 0.1367589072 
 0.1345551294 0.1356492360 0.1364725410 
 0.1345434211 0.1354576077 0.1361071837 
 0.1344806004 0.1351988589 0.1356578341 
 0.1343597916 0.1348676806 0.1351204899 
 0.1341752970 0.1344599832 0.1344924291 
 0.1339228621 0.1339731633 0.1337724889 
 0.1335999108 0.1334063509 0.1329613330 
 0.1332057436 0.1327606274 0.1320617001 
 0.1327416925 0.1320392074 0.1310786218 
 0.1322112278 0.1312475748 0.1300195969 
 0.1316200073 0.1303935607 0.1288947044 
 0.1309758628 0.1294873526 0.1277166385 
 0.1302887161 0.1285414213 0.1265006466 
 0.1295704174 0.1275703559 0.1252643531 
 0.1288345044 0.1265905996 0.1240274614 
 0.1280958809 0.1256200854 0.1228113279 
 0.1273704209 0.1246777777 0.1216384210 
 0.1266745096 0.1237831338 0.1205316808 
 0.1260245370 0.1229555080 0.1195138121 
 0.1254363670 0.1222135250 0.1186065462 
 0.1249248062 0.1215744560 0.1178299113 
 0.1245030989 0.1210536279 0.1172015519 
 0.1241824739 0.1206638970 0.1167361296 
 0.1239717653 0.1204152120 0.1164448318 
 0.1238771259 0.1203142861 0.1163350094 
 0.1239018465 0.1203643922 0.1164099517 
 0.1240462870 0.1205652868 0.1166688066 
 0.1243079224 0.1209132657 0.1171066446 
 0.1246814972 0.1214013448 0.1177146634 
 0.1251592800 0.1220195576 0.1184805242 
 0.1257314007 0.1227553523 0.1193888066 
 0.1263862523 0.1235940689 0.1204215602 
 0.1271109331 0.1245194677 0.1215589276 
 0.1278917033 0.1255142832 0.1227798052 
 0.1287144323 0.1265607692 0.1240625033 
 0.1295650106 0.1276412068 0.1253853700 
 0.1304297089 0.1287383502 0.1267273434 
 0.1312954673 0.1298357887 0.1280684046 
 0.1321501080 0.1309182158 0.1293899165 
 0.1329824685 0.1319715996 0.1306748403 
 0.1337824585 0.1329832610 0.1319078365 
 0.1345410488 0.1339418688 0.1330752620 
 0.1352502032 0.1348373664 0.1341650837 
 0.1359027670 0.1356608472 0.1351667295 
 0.1364923249 0.1364043953 0.1360708985 
 0.1370130420 0.1370609065 0.1368693503 
 0.1374594995 0.1376239049 0.1375546890 
 0.1378265369 0.1380873656 0.1381201567 
 0.1381091081 0.1384455531 0.1385594446 
 0.1383021606 0.1386928825 0.1388665306 
 0.1384005423 0.1388238097 0.1390355464 
 0.1383989405 0.1388327531 0.1390606792 
 0.1382918575 0.1387140515 0.1389361094 
 0.1380736225 0.1384619581 0.1386559860 
 0.1377384430 0.1380706744 0.1382144425 
 0.1372804950 0.1375344235 0.1376056542 
 0.1366940539 0.1368475662 0.1368239422 
 0.1359736653 0.1360047622 0.1358639269 
 0.1351143581 0.1350011806 0.1347207407 
 0.1341119016 0.1338327641 0.1333903067 
 0.1329631089 0.1324965547 0.1318696959 
 0.1316661876 0.1309910840 0.1301575723 
 0.1302211399 0.1293168339 0.1282547332 
 0.1286302055 0.1274767624 0.1261647409 
 0.1268983371 0.1254768814 0.1238946310 
 0.1250336874 0.1233268583 0.1214556556 
 0.1230480720 0.1210405935 0.1188639978 
 0.1209573613 0.1186367080 0.1161413676 
 0.1187817438 0.1161388627 0.1133153689 
 0.1165457995 0.1135758252 0.1104195289 
 0.1142783279 0.1109812134 0.1074929022 
 0.1120118948 0.1083928774 0.1045792088 
 0.1097820927 0.1058519226 0.1017255347 
 0.1076265452 0.1034014345 0.0989806971 
 0.1055837231 0.1010850107 0.0963934361 
 0.1036916656 0.0989452370 0.0940106256 
 0.1019867100 0.0970222453 0.0918756831 
 0.1005023250 0.0953524704 0.0900273108 
 0.0992681158 0.0939676754 0.0884986283 
 0.0983090375 0.0928942626 0.0873166819 
 0.0976448162 0.0921528402 0.0865022535 
 0.0972895532 0.0917579817 0.0860698573 
 0.0972514723 0.0917181023 0.0860278060 
 0.0975327737 0.0920353889 0.0863782497 
 0.0981295718 0.0927057428 0.0871171294 
 0.0990319147 0.0937187329 0.0882340386 
 0.1002239076 0.0950575920 0.0897120416 
 0.1016839800 0.0966993229 0.0915275405 
 0.1033853403 0.0986149927 0.0936503144 
 0.1052966543 0.1007702925 0.0960438557 
 0.1073829588 0.1031264067 0.0986661012 
 0.1096067840 0.1056411934 0.1014705973 
 0.1119294220 0.1082706139 0.1044080568 
 0.1143122452 0.1109703009 0.1074281860 
 0.1167179607 0.1136971146 0.1104815932 
 0.1191116942 0.1164105358 0.1135215690 
 0.1214618189 0.1190737662 0.1165055478 
 0.1237404830 0.1216544565 0.1193961191 
 0.1259238330 0.1241250427 0.1221615383 
 0.1279919635 0.1264627218 0.1247757649 
 0.1299286513 0.1286491403 0.1272181146 
 0.1317209425 0.1306698861 0.1294726454 
 0.1333586568 0.1325138720 0.1315273962 
 0.1348338685 0.1341726892 0.1333735849 
 0.1361404031 0.1356399873 0.1350048413 
 0.1372733785 0.1369109146 0.1364165222 
 0.1382288048 0.1379816384 0.1376051322 
 0.1390032477 0.1388489481 0.1385678519 
 0.1395935554 0.1395099378 0.1393021673 
 0.1399966444 0.1399617606 0.1398055875 
 0.1402093406 0.1402014472 0.1400754374 
 0.1402282701 0.1402257791 0.1401087128 
 0.1400497978 0.1400312138 0.1399019913 
 0.1396700106 0.1396138559 0.1394513935 
 0.1390847476 0.1389694781 0.1387525943 
 0.1382896784 0.1380935931 0.1378008906 
 0.1372804366 0.1369815870 0.1365913369 
 0.1360528195 0.1356289278 0.1351189668 
 0.1346030657 0.1340314691 0.1333791292 
 0.1329282313 0.1321858735 0.1313679710 
 0.1310266820 0.1300901842 0.1290831046 
 0.1288987187 0.1277445681 0.1265244906 
 0.1265473452 0.1251522402 0.1236955517 
 0.1239791641 0.1223205561 0.1206044925 
 0.1212053626 0.1192622136 0.1172657510 
 0.1182427067 0.1159964575 0.1137014349 
 0.1151144243 0.1125501224 0.1099425229 
 0.1118508218 0.1089583081 0.1060295647 
 0.1084894695 0.1052644756 0.1020126118 
 0.1050748129 0.1015197915 0.0979501840 
 0.1016571357 0.0977816554 0.0939072306 
 0.0982909030 0.0941114887 0.0899522465 
 0.0950326281 0.0905720216 0.0861539006 
 0.0919385088 0.0872244270 0.0825776575 
 0.0890621245 0.0841256905 0.0792828779 
 0.0864524698 0.0813265459 0.0763207706 
 0.0841525225 0.0788701770 0.0737333684 
 0.0821984265 0.0767917223 0.0715534902 
 0.0806192529 0.0751184744 0.0698054846 
 0.0794372080 0.0738705591 0.0685064502 
 0.0786681038 0.0730618445 0.0676676156 
 0.0783218971 0.0727008318 0.0672955908 
 0.0784031291 0.0727913325 0.0673932786 
 0.0789111476 0.0733327961 0.0679603039 
 0.0798400560 0.0743202287 0.0689929027 
 0.0811784020 0.0757437170 0.0704832845 
 0.0829086851 0.0775876463 0.0724185601 
 0.0850068228 0.0798297738 0.0747794029 
 0.0874417535 0.0824403748 0.0775386906 
 0.0901753710 0.0853817152 0.0806604292 
 0.0931629582 0.0886080922 0.0840992801 
 0.0963542175 0.0920666214 0.0878009629 
 0.0996948911 0.0956988243 0.0917036800 
 0.1031288442 0.0994429152 0.0957405148 
 0.1066003775 0.1032365294 0.0998425472 
 0.1100564846 0.1070195301 0.1039422545 
 0.1134487730 0.1107365143 0.1079767001 
 0.1167348446 0.1143387069 0.1118900699 
 0.1198790362 0.1177850697 0.1156352744 
 0.1228525379 0.1210426110 0.1191745447 
 0.1256329947 0.1240860087 0.1224791341 
 0.1282037475 0.1268967428 0.1255283604 
 0.1305528777 0.1294619526 0.1283082642 
 0.1326721980 0.1317732080 0.1308101336 
 0.1345562933 0.1338253381 0.1330290858 
 0.1362016742 0.1356153997 0.1349628198 
 0.1376060715 0.1371418262 0.1366105927 
 0.1387678729 0.1384037568 0.1379724220 
 0.1396856879 0.1394005279 0.1390484910 
 0.1403580229 0.1401312991 0.1398387195 
 0.1407830441 0.1405947861 0.1403424616 
 0.1409584105 0.1407890747 0.1405583006 
 0.1408811655 0.1407114982 0.1404839129 
 0.1405476762 0.1403585675 0.1401159894 
 0.1399536199 0.1397259481 0.1394502053 
 0.1390940188 0.1388084893 0.1384812443 
 0.1379633348 0.1376003165 0.1372028910 
 0.1365556419 0.1360950106 0.1356082198 
 0.1348649049 0.1342859110 0.1336899263 
 0.1328854041 0.1321665902 0.1314408576 
 0.1306123531 0.1297315611 0.1288548195 
 0.1280427602 0.1269772784 0.1259277313 
 0.1251765722 0.1239034830 0.1226591881 
 0.1220181111 0.1205148982 0.1190544360 
 0.1185777573 0.1168232141 0.1151266760 
 0.1148737532 0.1128491954 0.1108994808 
 0.1109339006 0.1086246179 0.1064089575 
 0.1067968392 0.1041936373 0.1017051592 
 0.1025125393 0.0996131400 0.0968522139 
 0.0981416879 0.0949517040 0.0919267544 
 0.0937537884 0.0902870100 0.0870145335 
 0.0894240492 0.0857018762 0.0822055336 
 0.0852294127 0.0812794403 0.0775882941 
 0.0812443088 0.0770982558 0.0732444233 
 0.0775367950 0.0732281104 0.0692442267 
 0.0741656512 0.0697271820 0.0656440808 
 0.0711787598 0.0666408146 0.0624857427 
 0.0686128118 0.0640018351 0.0597973640 
 0.0664941229 0.0618320574 0.0575957075 
 0.0648401934 0.0601444869 0.0558889712 
 0.0636615954 0.0589457397 0.0546796800 
 0.0629638129 0.0582382716 0.0539672361 
 0.0627487464 0.0580221330 0.0537498649 
 0.0630156894 0.0582960755 0.0540258147 
 0.0637616771 0.0590579266 0.0547937474 
 0.0649811838 0.0603042173 0.0560523161 
 0.0666652181 0.0620291063 0.0577989619 
 0.0687999398 0.0642227095 0.0600280184 
 0.0713649979 0.0668690240 0.0627282841 
 0.0743318747 0.0699437330 0.0658803352 
 0.0776625815 0.0734122736 0.0694539739 
 0.0813090711 0.0772286066 0.0734063096 
 0.0852136720 0.0813351077 0.0776810035 
 0.0893106985 0.0856638593 0.0822090965 
 0.0935291647 0.0901393701 0.0869115812 
 0.0977962808 0.0946824325 0.0917035033 
 0.1020412230 0.0992145498 0.0964989943 
 0.1061986019 0.1036622185 0.1012163976 
 0.1102111390 0.1079604071 0.1057826357 
 0.1140312642 0.1120547888 0.1101361964 
 0.1176215860 0.1159025990 0.1142284842 
 0.1209543972 0.1194722635 0.1180236518 
 0.1240105010 0.1227421340 0.1214972850 
 0.1267776724 0.1256987208 0.1246344171 
 0.1292490313 0.1283347779 0.1274273128 
 0.1314215232 0.1306474955 0.1298733518 
 0.1332946201 0.1326369518 0.1319732074 
 0.1348692849 0.1343048812 0.1337293989 
 0.1361471913 0.1356537539 0.1351452150 
 0.1371301674 0.1366861254 0.1362239590 
 0.1378198189 0.1374042020 0.1369684503 
 0.1382172912 0.1378095697 0.1373807168 
 0.1383231374 0.1379030454 0.1374618270 
 0.1381372693 0.1376846201 0.1372118250 
 0.1376589783 0.1371534795 0.1366297511 
 0.1368870262 0.1363081010 0.1357137456 
 0.1358198134 0.1351464378 0.1344612511 
 0.1344556432 0.1336662148 0.1328693441 
 0.1327931115 0.1318653738 0.1309352441 
 0.1308316547 0.1297427122 0.1286570543 
 0.1285722935 0.1272987621 0.1260347941 
 0.1260186005 0.1245369443 0.1230717647 
 0.1231778923 0.1214650000 0.1197762449 
 0.1200626104 0.1180966443 0.1161634450 
 0.1166917883 0.1144533079 0.1122575385 
 0.1130924310 0.1105657369 0.1080934747 
 0.1093005696 0.1064751396 0.1037181780 
 0.1053617110 0.1022335333 0.0991907099 
 0.1013304341 0.0979029930 0.0945810559 
 0.0972689832 0.0935536633 0.0899674277 
 0.0932448851 0.0892606334 0.0854322914 
 0.0893278284 0.0851000470 0.0810576612 
 0.0855862181 0.0811450191 0.0769204111 
 0.0820839078 0.0774619931 0.0730883622 
 0.0788775693 0.0741080635 0.0696177090 
 0.0760150089 0.0711295540 0.0665520155 
 0.0735345281 0.0685618686 0.0639226765 
 0.0714652244 0.0664303940 0.0617504920 
 0.0698279842 0.0647520985 0.0600478854 
 0.0686368501 0.0635374304 0.0588213076 
 0.0679004550 0.0627921661 0.0580734516 
 0.0676232603 0.0625189336 0.0578050115 
 0.0678064146 0.0627182310 0.0580158275 
 0.0684481204 0.0633888408 0.0587053321 
 0.0695434731 0.0645276066 0.0598722777 
 0.0710838035 0.0661286045 0.0615137687 
 0.0730556250 0.0681818023 0.0636236789 
 0.0754393578 0.0706713770 0.0661906037 
 0.0782080657 0.0735739375 0.0691955928 
 0.0813264939 0.0768569810 0.0726100070 
 0.0847507004 0.0804779475 0.0763939271 
 0.0884285236 0.0843842144 0.0804955588 
 0.0923010046 0.0885142580 0.0848519835 
 0.0963047028 0.0927999998 0.0893913918 
 0.1003746508 0.0971701055 0.0940366251 
 0.1044475449 0.1015537776 0.0987095414 
 0.1084647111 0.1058844612 0.1033355081 
 0.1123744466 0.1101029156 0.1078473064 
 0.1161334883 0.1141592690 0.1121878999 
 0.1197075456 0.1180139172 0.1163118139 
 0.1230710083 0.1216373614 0.1201851843 
 0.1262060454 0.1250092399 0.1237847625 
 0.1291013497 0.1281168734 0.1270962674 
 0.1317507600 0.1309536262 0.1301124686 
 0.1341519349 0.1335173136 0.1328312999 
 0.1363051870 0.1358088018 0.1352541943 
 0.1382125279 0.1378308643 0.1373847289 
 0.1398769261 0.1395873054 0.1392275927 
 0.1413017611 0.1410823236 0.1407878472 
 0.1424904384 0.1423200722 0.1420704236 
 0.1434461337 0.1433043733 0.1430798029 
 0.1441716342 0.1440385463 0.1438198288 
 0.1446692556 0.1445253209 0.1442936155 
 0.1449408177 0.1447668124 0.1445035231 
 0.1449876659 0.1447645465 0.1444511850 
 0.1448107352 0.1445195260 0.1441375779 
 0.1444106519 0.1440323376 0.1435631326 
 0.1437878758 0.1433032999 0.1427278899 
 0.1429428857 0.1423326618 0.1416317120 
 0.1418764162 0.1411208587 0.1402745635 
 0.1405897541 0.1396688443 0.1386568834 
 0.1390851068 0.1379785119 0.1367800715 
 0.1373660523 0.1360532231 0.1346471130 
 0.1354380767 0.1338984545 0.1322633565 
 0.1333091987 0.1315225601 0.1296374442 
 0.1309906611 0.1289376257 0.1267823616 
 0.1284976492 0.1261603627 0.1237165345 
 0.1258499719 0.1232129492 0.1204648511 
 0.1230726129 0.1201236976 0.1170594438 
 0.1201960439 0.1169274017 0.1135400391 
 0.1172561921 0.1136652240 0.1099537017 
 0.1142939754 0.1103840225 0.1063538555 
 0.1113543702 0.1071350870 0.1027985788 
 0.1084850451 0.1039723591 0.0993483052 
 0.1057346654 0.1009503021 0.0960631856 
 0.1031510372 0.0981216628 0.0930004460 
 0.1007792854 0.0955353843 0.0902120704 
 0.0986602488 0.0932348919 0.0877430645 
 0.0968292291 0.0912568942 0.0856304267 
 0.0953151567 0.0896307356 0.0839028129 
 0.0941401669 0.0883782429 0.0825807668 
 0.0933195180 0.0875139405 0.0816773206 
 0.0928617519 0.0870454811 0.0811987537 
 0.0927689902 0.0869741446 0.0811453247 
 0.0930372765 0.0872952924 0.0815118407 
 0.0936569091 0.0879987102 0.0822879977 
 0.0946127441 0.0890688293 0.0834584852 
 0.0958844873 0.0904848604 0.0850029119 
 0.0974470176 0.0922209125 0.0868956497 
 0.0992707998 0.0942461886 0.0891057290 
 0.1013224396 0.0965253532 0.0915969199 
 0.1035654165 0.0990191405 0.0943281199 
 0.1059609947 0.1016852354 0.0972541192 
 0.1084692806 0.1044794069 0.1003267512 
 0.1110503552 0.1073568169 0.1034963572 
 0.1136653911 0.1102733891 0.1067134286 
 0.1162776560 0.1131871018 0.1099302452 
 0.1188533200 0.1160590781 0.1131023287 
 0.1213620109 0.1188543787 0.1161895603 
 0.1237770988 0.1215424521 0.1191568767 
 0.1260757245 0.1240972494 0.1219745278 
 0.1282386158 0.1264970484 0.1246179442 
 0.1302497500 0.1287240639 0.1270673052 
 0.1320959226 0.1307639241 0.1293069145 
 0.1337662811 0.1326050910 0.1313244891 
 0.1352518649 0.1342382859 0.1331104436 
 0.1365451839 0.1356559612 0.1346572312 
 0.1376398532 0.1368518440 0.1359587736 
 0.1385302898 0.1378205600 0.1370099938 
 0.1392114738 0.1385573369 0.1378064498 
 0.1396787692 0.1390577832 0.1383440613 
 0.1399278007 0.1393177324 0.1386189171 
 0.1399543810 0.1393331474 0.1386271530 
 0.1397544867 0.1391000801 0.1383648933 
 0.1393242827 0.1386146844 0.1378282544 
 0.1386601967 0.1378732881 0.1370134143 
 0.1377590510 0.1368725307 0.1359167600 
 0.1366182615 0.1356095812 0.1345351315 
 0.1352361178 0.1340824577 0.1328661887 
 0.1336121615 0.1322904685 0.1309089324 
 0.1317476778 0.1302348002 0.1286644078 
 0.1296463128 0.1279192655 0.1261366105 
 0.1273148141 0.1253512094 0.1233335885 
 0.1247638715 0.1225425398 0.1202686933 
 0.1220090045 0.1195108088 0.1169618774 
 0.1190714068 0.1162802220 0.1134408739 
 0.1159786252 0.1128824107 0.1097420390 
 0.1127649282 0.1093567788 0.1059106174 
 0.1094712236 0.1057502494 0.1020002242 
 0.1061444222 0.1021163011 0.0980714334 
 0.1028362191 0.0985132914 0.0941895237 
 0.0996013595 0.0950021997 0.0904216046 
 0.0964955555 0.0916440447 0.0868334953 
 0.0935732906 0.0884973047 0.0834867881 
 0.0908857684 0.0856156675 0.0804364859 
 0.0884792282 0.0830463585 0.0777294705 
 0.0863937645 0.0808291702 0.0754038781 
 0.0846626885 0.0789961740 0.0734892844 
 0.0833123658 0.0775719834 0.0720074809 
 0.0823623998 0.0765743627 0.0709735650 
 0.0818259935 0.0760149607 0.0703970676 
 0.0817103275 0.0758999640 0.0702828893 
 0.0820168243 0.0762305191 0.0706318777 
 0.0827412226 0.0770028346 0.0714409560 
 0.0838734413 0.0782079437 0.0727027844 
 0.0853972812 0.0798311823 0.0744050098 
 0.0872900660 0.0818515008 0.0765292325 
 0.0895223645 0.0842407873 0.0790498884 
 0.0920579596 0.0869634128 0.0819332966 
 0.0948542111 0.0899762126 0.0851371515 
 0.0978629108 0.0932290710 0.0886107045 
 0.1010316475 0.0966661867 0.0922957990 
 0.1043055960 0.1002279688 0.0961287666 
 0.1076295564 0.1038533801 0.1000430226 
 0.1109500070 0.1074824425 0.1039720356 
 0.1142169300 0.1110585808 0.1078522616 
 0.1173852116 0.1145305149 0.1116256409 
 0.1204155027 0.1178535108 0.1152413624 
 0.1232745244 0.1209899296 0.1186567638 
 0.1259348831 0.1239091314 0.1218374000 
 0.1283745162 0.1265868788 0.1247564429 
 0.1305759114 0.1290044196 0.1273936351 
 0.1325252270 0.1311474237 0.1297340261 
 0.1342114198 0.1330049137 0.1317666795 
 0.1356254474 0.1345682849 0.1334834798 
 0.1367595812 0.1358304643 0.1348781105 
 0.1376068402 0.1367852235 0.1359452248 
 0.1381605399 0.1374266388 0.1366798008 
 0.1384139411 0.1377486769 0.1370766557 
 0.1383599836 0.1377448854 0.1371300888 
 0.1379910932 0.1374081713 0.1368336295 
 0.1372990566 0.1367306575 0.1361798770 
 0.1362749720 0.1357036244 0.1351604340 
 0.1349092968 0.1343175577 0.1337659573 
 0.1331920300 0.1325623475 0.1319863735 
 0.1311130925 0.1304277058 0.1298113335 
 0.1286629854 0.1279038954 0.1272310090 
 0.1258338217 0.1249828776 0.1242373471 
 0.1226208238 0.1216599788 0.1208258934 
 0.1190243428 0.1179361359 0.1169982438 
 0.1150523713 0.1138206785 0.1127650679 
 0.1107233838 0.1093344435 0.1081494656 
 0.1060691496 0.1045128033 0.1031901716 
 0.1011369679 0.0994079658 0.0979438879 
 0.0959906475 0.0940897824 0.0924858981 
 0.0907095933 0.0886443734 0.0869082396 
 0.0853856374 0.0831702415 0.0813151445 
 0.0801177566 0.0777721404 0.0758161477 
 0.0750053953 0.0725536179 0.0705179710 
 0.0701415579 0.0676095988 0.0655167222 
 0.0656069316 0.0630203891 0.0608918811 
 0.0614660174 0.0588480776 0.0567030188 
 0.0577656931 0.0551356479 0.0529894425 
 0.0545360514 0.0519084767 0.0497722899 
 0.0517929350 0.0491774931 0.0470582158 
 0.0495414223 0.0469431541 0.0448437576 
 0.0477795668 0.0451995079 0.0431196368 
 0.0465018664 0.0439378393 0.0418745141 
 0.0457021411 0.0431496156 0.0410979613 
 0.0453756661 0.0428286272 0.0407825837 
 0.0455205084 0.0429723107 0.0409253175 
 0.0461380671 0.0435822800 0.0415279470 
 0.0472328197 0.0446640791 0.0425968645 
 0.0488112685 0.0462261461 0.0441420604 
 0.0508800776 0.0482779587 0.0461752961 
 0.0534434193 0.0508273470 0.0487074170 
 0.0564996378 0.0538770348 0.0517448280 
 0.0600374793 0.0574206146 0.0552852924 
 0.0640323465 0.0614383826 0.0593134450 
 0.0684432293 0.0658936967 0.0637966800 
 0.0732110834 0.0707306982 0.0686823002 
 0.0782593462 0.0758742200 0.0738968576 
 0.0834969454 0.0812324027 0.0793483568 
 0.0888235968 0.0867019572 0.0849314011 
 0.0941365823 0.0921753122 0.0905345888 
 0.0993377762 0.0975483401 0.0960488071 
 0.1043396428 0.1027272020 0.1013748194 
 0.1090692699 0.1076331690 0.1064288072 
 0.1134700793 0.1122048984 0.1111451903 
 0.1175014204 0.1163983067 0.1154767904 
 0.1211366326 0.1201846480 0.1193929578 
 0.1243602790 0.1235475825 0.1228765131 
 0.1271651751 0.1264799486 0.1259203022 
 0.1295496460 0.1289807499 0.1285239453 
 0.1315152432 0.1310526345 0.1306911047 
 0.1330649902 0.1326999581 0.1324273828 
 0.1342021209 0.1339273952 0.1337388200 
 0.1349292233 0.1347390062 0.1346308923 
 0.1352476915 0.1351376493 0.1351078877 
 0.1351574009 0.1351246405 0.1351725546 
 0.1346565487 0.1346995944 0.1348259434 
 0.1337416345 0.1338604095 0.1340673974 
 0.1324075885 0.1326034006 0.1328946875 
 0.1306480968 0.1309236160 0.1313043189 
 0.1284562020 0.1288154125 0.1292920742 
 0.1258252956 0.1262733929 0.1268538849 
 0.1227506299 0.1232938248 0.1239871393 
 0.1192314598 0.1198766457 0.1206925258 
 0.1152738573 0.1160280986 0.1169764538 
 0.1108940931 0.1117639104 0.1128539861 
 0.1061222585 0.1071127232 0.1083520347 
 0.1010055230 0.1021192385 0.1035123486 
 0.0956101878 0.0968463025 0.0983936090 
 0.0900216195 0.0913750819 0.0930718568 
 0.0843413868 0.0858026616 0.0876386070 
 0.0786815036 0.0802369061 0.0821964308 
 0.0731564844 0.0747891520 0.0768524218 
 0.0678746279 0.0695659800 0.0717105991 
 0.0629302462 0.0646616542 0.0668646697 
 0.0583982834 0.0601526355 0.0623924882 
 0.0543320578 0.0560949639 0.0583530634 
 0.0507640284 0.0525245357 0.0547862716 
 0.0477088565 0.0494596773 0.0517148343 
 0.0451677651 0.0469051077 0.0491477716 
 0.0431332538 0.0448563884 0.0470844886 
 0.0415934812 0.0433041635 0.0455188024 
 0.0405359141 0.0422377601 0.0444424480 
 0.0399500873 0.0416479521 0.0438478220 
 0.0398294620 0.0415288434 0.0437298797 
 0.0401724353 0.0418788975 0.0440871813 
 0.0409825506 0.0427011502 0.0449221077 
 0.0422679233 0.0440026182 0.0462402539 
 0.0440398520 0.0457928817 0.0480489927 
 0.0463105631 0.0480818102 0.0503551990 
 0.0490900591 0.0508764320 0.0531621774 
 0.0523821438 0.0541770592 0.0564659463 
 0.0561798795 0.0579729635 0.0602512166 
 0.0604610074 0.0622381529 0.0644876306 
 0.0651841366 0.0669280421 0.0691270218 
 0.0702866873 0.0719779318 0.0741025180 
 0.0756854906 0.0773040782 0.0793301211 
 0.0812805092 0.0828076765 0.0847129296 
 0.0869614026 0.0883813771 0.0901475170 
 0.0926158551 0.0939172340 0.0955313747 
 0.0981380533 0.0993145688 0.1007700237 
 0.1034356946 0.1044862944 0.1057825413 
 0.1084344201 0.1093627637 0.1105047528 
 0.1130793492 0.1138929297 0.1148899900 
 0.1173341084 0.1180432369 0.1189078545 
 0.1211781698 0.1217950178 0.1225417033 
 0.1246033988 0.1251412167 0.1257855911 
 0.1276105434 0.1280831029 0.1286412473 
 0.1302061385 0.1306273904 0.1311154466 
 0.1324000413 0.1327839511 0.1332179270 
 0.1342036264 0.1345641430 0.1349598692 
 0.1356285647 0.1359796767 0.1363528625 
 0.1366860599 0.1370419074 0.1374082564 
 0.1373864210 0.1377614353 0.1381367917 
 0.1377388635 0.1381479198 0.1385484258 
 0.1377514634 0.1382100359 0.1386522894 
 0.1374312164 0.1379555286 0.1384567318 
 0.1367841778 0.1373913404 0.1379694350 
 0.1358156773 0.1365238067 0.1371975859 
 0.1345306221 0.1353589243 0.1361481129 
 0.1329339082 0.1339027095 0.1348279945 
 0.1310309720 0.1321616679 0.1332446575 
 0.1288285117 0.1301433984 0.1314064803 
 0.1263354002 0.1278573479 0.1293234124 
 0.1235637888 0.1253157155 0.1270077099 
 0.1205303590 0.1225344770 0.1244747649 
 0.1172576305 0.1195344613 0.1217439782 
 0.1137751659 0.1163423601 0.1188395897 
 0.1101204637 0.1129915159 0.1157913502 
 0.1063393030 0.1095223038 0.1126348964 
 0.1024853324 0.1059819409 0.1094116960 
 0.0986187865 0.1024236104 0.1061684669 
 0.0948043663 0.0989048965 0.1029560420 
 0.0911084908 0.0954856516 0.0998277465 
 0.0875962735 0.0922255385 0.0968374429 
 0.0843286483 0.0891815600 0.0940374680 
 0.0813600275 0.0864058912 0.0914767032 
 0.0787367553 0.0839442547 0.0891989860 
 0.0764964370 0.0818349601 0.0872419915 
 0.0746680597 0.0801085915 0.0856366154 
 0.0732726913 0.0787882178 0.0844068001 
 0.0723244870 0.0778899319 0.0835696776 
 0.0718317330 0.0774235053 0.0831358778 
 0.0717977014 0.0773929671 0.0831098522 
 0.0722211582 0.0777969685 0.0834901026 
 0.0730964442 0.0786288585 0.0842692500 
 0.0744131270 0.0798764681 0.0854339445 
 0.0761553003 0.0815216726 0.0869646703 
 0.0783006799 0.0835398651 0.0888355552 
 0.0808197107 0.0858995193 0.0910143221 
 0.0836749381 0.0885620451 0.0934625274 
 0.0868209021 0.0914821199 0.0961362066 
 0.0902047573 0.0946086198 0.0989869832 
 0.0937677149 0.0978861722 0.1019636185 
 0.0974472413 0.1012572281 0.1050138861 
 0.1011797906 0.1046644384 0.1080865833 
 0.1049037198 0.1080530481 0.1111334562 
 0.1085619934 0.1113730124 0.1141108291 
 0.1121043350 0.1145806016 0.1169807854 
 0.1154886105 0.1176393652 0.1197118297 
 0.1186813849 0.1205204459 0.1222790477 
 0.1216577409 0.1232023313 0.1246638438 
 0.1244005426 0.1256701953 0.1268533776 
 0.1268993609 0.1279149963 0.1288398244 
 0.1291492628 0.1299324834 0.1306195711 
 0.1311496222 0.1317222247 0.1321924303 
 0.1329030508 0.1332867313 0.1335609246 
 0.1344144981 0.1346307098 0.1347296659 
 0.1356905291 0.1357604509 0.1357048329 
 0.1367387665 0.1366833428 0.1364937420 
 0.1375674708 0.1374074906 0.1371044965 
 0.1381852300 0.1379414218 0.1375457010 
 0.1386007349 0.1382938600 0.1378262299 
 0.1388226196 0.1384735533 0.1379550402 
 0.1388593555 0.1384891481 0.1379410233 
 0.1387191876 0.1383491021 0.1377928931 
 0.1384101117 0.1380616358 0.1375191086 
 0.1379398879 0.1376347183 0.1371278322 
 0.1373160922 0.1370760908 0.1366269242 
 0.1365462069 0.1363933275 0.1360239739 
 0.1356377503 0.1355939330 0.1353263687 
 0.1345984465 0.1346854780 0.1345413988 
 0.1334364353 0.1336757700 0.1336763966 
 0.1321605170 0.1325730553 0.1327389047 
 0.1307804272 0.1313862451 0.1317368668 
 0.1293071284 0.1301251555 0.1306788305 
 0.1277531008 0.1288007461 0.1295741500 
 0.1261326102 0.1274253392 0.1284331726 
 0.1244619219 0.1260127955 0.1272673899 
 0.1227594297 0.1245786243 0.1260895370 
 0.1210456681 0.1231400011 0.1249136177 
 0.1193431796 0.1217156741 0.1237548418 
 0.1176762231 0.1203257446 0.1226294627 
 0.1160703186 0.1189913188 0.1215545109 
 0.1145516468 0.1177340379 0.1205474276 
 0.1131463329 0.1165755083 0.1196256134 
 0.1118796599 0.1155366619 0.1188059123 
 0.1107752613 0.1146370828 0.1181040579 
 0.1098543427 0.1138943411 0.1175341143 
 0.1091349743 0.1133233672 0.1171079405 
 0.1086314842 0.1129359001 0.1168347067 
 0.1083539718 0.1127400308 0.1167204878 
 0.1083079502 0.1127398590 0.1167679515 
 0.1084941191 0.1129352724 0.1169761575 
 0.1089082717 0.1133218573 0.1173404773 
 0.1095413364 0.1138909457 0.1178526402 
 0.1103795614 0.1146298030 0.1185009107 
 0.1114048475 0.1155219561 0.1192703915 
 0.1125952345 0.1165476589 0.1201434469 
 0.1139255359 0.1176844827 0.1211002290 
 0.1153681085 0.1189080099 0.1221192861 
 0.1168937231 0.1201925995 0.1231782229 
 0.1184724933 0.1215121853 0.1242543810 
 0.1200748069 0.1228410618 0.1253255017 
 0.1216722019 0.1241546158 0.1263703429 
 0.1232381367 0.1254299653 0.1273692197 
 0.1247486131 0.1266464816 0.1283044530 
 0.1261826319 0.1277861774 0.1291607147 
 0.1275224776 0.1288339641 0.1299252719 
 0.1287538431 0.1297777843 0.1305881342 
 0.1298658197 0.1306086387 0.1311421162 
 0.1308507800 0.1313205262 0.1315828285 
 0.1317041839 0.1319103169 0.1319086089 
 0.1324243328 0.1323775755 0.1321204044 
 0.1330120923 0.1327243473 0.1322216111 
 0.1334705972 0.1329549171 0.1322178771 
 0.1338049477 0.1330755448 0.1321168709 
 0.1340219008 0.1330941831 0.1319280168 
 0.1341295611 0.1330201775 0.1316621976 
 0.1341370710 0.1328639522 0.1313314289 
 0.1340543028 0.1326366850 0.1309485079 
 0.1338915574 0.1323499763 0.1305266444 
 0.1336592729 0.1320155205 0.1300790842 
 0.1333677499 0.1316447874 0.1296187370 
 0.1330269018 0.1312487254 0.1291578229 
 0.1326460371 0.1308374974 0.1287075534 
 0.1322336829 0.1304202602 0.1282778597 
 0.1317974556 0.1300049968 0.1278771814 
 0.1313439846 0.1295984093 0.1275123258 
 0.1308788929 0.1292058759 0.1271884026 
 0.1304068332 0.1288314740 0.1269088355 
 0.1299315788 0.1284780663 0.1266754488 
 0.1294561625 0.1281474429 0.1264886211 
 0.1289830558 0.1278405115 0.1263474962 
 0.1285143768 0.1275575226 0.1262502367 
 0.1280521153 0.1272983156 0.1261943060 
 0.1275983602 0.1270625716 0.1261767592 
 0.1271555139 0.1268500558 0.1261945280 
 0.1267264809 0.1266608358 0.1262446821 
 0.1263148145 0.1264954605 0.1263246509 
 0.1259248112 0.1263550892 0.1264323957 
 0.1255615429 0.1262415609 0.1265665214 
 0.1252308201 0.1261573994 0.1267263232 
 0.1249390852 0.1261057508 0.1269117669 
 0.1246932366 0.1260902585 0.1271234050 
 0.1245003915 0.1261148779 0.1273622359 
 0.1243675972 0.1261836445 0.1276295144 
 0.1243015054 0.1263004049 0.1279265266 
 0.1243080282 0.1264685289 0.1282543432 
 0.1243919916 0.1266906160 0.1286135664 
 0.1245568097 0.1269682169 0.1290040853 
 0.1248041951 0.1273015840 0.1294248569 
 0.1251339264 0.1276894692 0.1298737232 
 0.1255436851 0.1281289791 0.1303472806 
 0.1260289749 0.1286155015 0.1308408057 
 0.1265831312 0.1291427065 0.1313482475 
 0.1271974228 0.1297026272 0.1318622860 
 0.1278612443 0.1302858159 0.1323744555 
 0.1285623902 0.1308815709 0.1328753284 
 0.1292873997 0.1314782218 0.1333547508 
 0.1300219524 0.1320634609 0.1338021188 
 0.1307512986 0.1326247035 0.1342066835 
 0.1314606990 0.1331494628 0.1345578710 
 0.1321358572 0.1336257197 0.1348456071 
 0.1327633237 0.1340422778 0.1350606326 
 0.1333308587 0.1343890880 0.1351948022 
 0.1338277427 0.1346575366 0.1352413585 
 0.1342450292 0.1348406903 0.1351951760 
 0.1345757365 0.1349334937 0.1350529696 
 0.1348149806 0.1349329201 0.1348134663 
 0.1349600495 0.1348380714 0.1344775339 
 0.1350104227 0.1346502288 0.1340482644 
 0.1349677385 0.1343728516 0.1335310057 
 0.1348357104 0.1340115224 0.1329333365 
 0.1346199948 0.1335738368 0.1322649763 
 0.1343280100 0.1330692343 0.1315376256 
 0.1339687096 0.1325087701 0.1307647312 
 0.1335523117 0.1319048288 0.1299611749 
 0.1330899890 0.1312707840 0.1291428916 
 0.1325935286 0.1306206130 0.1283264235 
 0.1320749701 0.1299684780 0.1275284292 
 0.1315462362 0.1293282920 0.1267651679 
 0.1310187724 0.1287132895 0.1260519851 
 0.1305032097 0.1281356219 0.1254028265 
 0.1300090702 0.1276060001 0.1248298082 
 0.1295445275 0.1271334034 0.1243428651 
 0.1291162353 0.1267248681 0.1239494974 
 0.1287292322 0.1263853678 0.1236546244 
 0.1283869256 0.1261177872 0.1234605531 
 0.1280911529 0.1259229904 0.1233670562 
 0.1278423149 0.1257999732 0.1233715526 
 0.1276395701 0.1257460901 0.1234693761 
 0.1274810771 0.1257573390 0.1236541134 
 0.1273642694 0.1258286852 0.1239179903 
 0.1272861445 0.1259544049 0.1242522840 
 0.1272435511 0.1261284286 0.1246477374 
 0.1272334575 0.1263446655 0.1250949538 
 0.1272531856 0.1265972913 0.1255847516 
 0.1273005998 0.1268809864 0.1261084636 
 0.1273742392 0.1271911147 0.1266581695 
 0.1274733894 0.1275238362 0.1272268536 
 0.1275980894 0.1278761516 0.1278084876 
 0.1277490774 0.1282458822 0.1283980412 
 0.1279276776 0.1286315897 0.1289914264 
 0.1281356376 0.1290324442 0.1295853879 
 0.1283749269 0.1294480529 0.1301773497 
 0.1286475077 0.1298782610 0.1307652325 
 0.1289550932 0.1303229382 0.1313472559 
 0.1292989079 0.1307817652 0.1319217390 
 0.1296794639 0.1312540334 0.1324869116 
 0.1300963676 0.1317384703 0.1330407478 
 0.1305481685 0.1322331002 0.1335808328 
 0.1310322599 0.1327351503 0.1341042675 
 0.1315448395 0.1332410078 0.1346076194 
 0.1320809315 0.1337462294 0.1350869199 
 0.1326344717 0.1342456054 0.1355377094 
 0.1331984510 0.1347332741 0.1359551265 
 0.1337651097 0.1352028799 0.1363340382 
 0.1343261725 0.1356477682 0.1366692020 
 0.1348731126 0.1360612066 0.1369554548 
 0.1353974298 0.1364366207 0.1371879166 
 0.1358909301 0.1367678349 0.1373622026 
 0.1363459936 0.1370493055 0.1374746325 
 0.1367558192 0.1372763386 0.1375224295 
 0.1371146375 0.1374452823 0.1375039005 
 0.1374178833 0.1375536874 0.1374185906 
 0.1376623256 0.1376004309 0.1372674064 
 0.1378461492 0.1375857979 0.1370526997 
 0.1379689893 0.1375115183 0.1367783104 
 0.1380319181 0.1373807572 0.1364495602 
 0.1380373842 0.1371980569 0.1360731966 
 0.1379891082 0.1369692314 0.1356572826 
 0.1378919371 0.1367012131 0.1352110330 
 0.1377516614 0.1364018571 0.1347445975 
 0.1375748017 0.1360797055 0.1342687952 
 0.1373683708 0.1357437205 0.1337948088 
 0.1371396198 0.1354029948 0.1333338475 
 0.1368957794 0.1350664517 0.1328967939 
 0.1366438061 0.1347425474 0.1324938510 
 0.1363901452 0.1344389897 0.1321342055 
 0.1361405222 0.1341624886 0.1318257270 
 0.1358997728 0.1339185495 0.1315747175 
 0.1356717205 0.1337113234 0.1313857277 
 0.1354591079 0.1335435185 0.1312614476 
 0.1352635849 0.1334163816 0.1312026790 
 0.1350857543 0.1333297456 0.1312083901 
 0.1349252709 0.1332821432 0.1312758471 
 0.1347809873 0.1332709753 0.1314008157 
 0.1346511379 0.1332927263 0.1315778162 
 0.1345335479 0.1333432098 0.1318004193 
 0.1344258567 0.1334178317 0.1320615620 
 0.1343257395 0.1335118532 0.1323538654 
 0.1342311154 0.1336206401 0.1326699379 
 0.1341403297 0.1337398827 0.1330026447 
 0.1340522989 0.1338657769 0.1333453342 
 0.1339666098 0.1339951565 0.1336920095 
 0.1338835684 0.1341255714 0.1340374398 
 0.1338041931 0.1342553098 0.1343772113 
 0.1337301534 0.1343833648 0.1347077187 
 0.1336636569 0.1345093498 0.1350261022 
 0.1336072896 0.1346333682 0.1353301385 
 0.1335638195 0.1347558472 0.1356180951 
 0.1335359715 0.1348773456 0.1358885578 
 0.1335261899 0.1349983475 0.1361402449 
 0.1335363994 0.1351190542 0.1363718180 
 