0.1043913351 0.1079844409 0.1114161197 
 0.1074985756 0.1107561930 0.1138546318 
 0.1105802921 0.1134987920 0.1162616114 
 0.1135929090 0.1161746070 0.1186047116 
 0.1164987690 0.1187512725 0.1208562121 
 0.1192667615 0.1212021122 0.1229933119 
 0.1218724317 0.1235061668 0.1249981216 
 0.1242976575 0.1256478990 0.1268574126 
 0.1265300258 0.1276166756 0.1285622004 
 0.1285620370 0.1294061240 0.1301072302 
 0.1303902560 0.1310134466 0.1314904275 
 0.1320144922 0.1324387554 0.1327123565 
 0.1334370633 0.1336844640 0.1337757147 
 0.1346621640 0.1347547553 0.1346848778 
 0.1356953468 0.1356551302 0.1354454997 
 0.1365431049 0.1363920306 0.1360641653 
 0.1372125438 0.1369725305 0.1365480933 
 0.1377111281 0.1374040862 0.1369048833 
 0.1380464905 0.1376943359 0.1371423051 
 0.1382262926 0.1378509462 0.1372681264 
 0.1382581316 0.1378814982 0.1372899778 
 0.1381494886 0.1377934131 0.1372152556 
 0.1379077133 0.1375939153 0.1370510609 
 0.1375400471 0.1372900306 0.1368041763 
 0.1370536785 0.1368886197 0.1364810779 
 0.1364558333 0.1363964448 0.1360879826 
 0.1357538932 0.1358202663 0.1356309262 
 0.1349555426 0.1351669650 0.1351158699 
 0.1340689350 0.1344436862 0.1345488280 
 0.1331028748 0.1336579956 0.1339360102 
 0.1320670013 0.1328180413 0.1332839696 
 0.1309719664 0.1319327072 0.1325997462 
 0.1298295880 0.1310117494 0.1318909948 
 0.1286529645 0.1300658983 0.1311660854 
 0.1274565328 0.1291069160 0.1304341651 
 0.1262560533 0.1281475923 0.1297051698 
 0.1250685077 0.1272016730 0.1289897777 
 0.1239119028 0.1262837086 0.1282992987 
 0.1228049765 0.1254088250 0.1276454970 
 0.1217668128 0.1245924174 0.1270403498 
 0.1208163802 0.1238497776 0.1264957490 
 0.1199720117 0.1231956700 0.1260231567 
 0.1192508548 0.1226438749 0.1256332313 
 0.1186683164 0.1222067232 0.1253354415 
 0.1182375319 0.1218946439 0.1251376887 
 0.1179688834 0.1217157502 0.1250459580 
 0.1178695896 0.1216754836 0.1250640180 
 0.1179433860 0.1217763378 0.1251931869 
 0.1181903130 0.1220176760 0.1254321804 
 0.1186066211 0.1223956561 0.1257770526 
 0.1191848074 0.1229032725 0.1262212379 
 0.1199137845 0.1235305155 0.1267556954 
 0.1207791857 0.1242646493 0.1273691521 
 0.1217637976 0.1250905970 0.1280484377 
 0.1228481050 0.1259914168 0.1287788922 
 0.1240109246 0.1269488474 0.1295448304 
 0.1252300925 0.1279438932 0.1303300366 
 0.1264831697 0.1289574179 0.1311182659 
 0.1277481232 0.1299707167 0.1318937274 
 0.1290039473 0.1309660366 0.1326415280 
 0.1302311931 0.1319270252 0.1333480591 
 0.1314123876 0.1328390908 0.1340013152 
 0.1325323321 0.1336896682 0.1345911384 
 0.1335782825 0.1344683902 0.1351093874 
 0.1345400188 0.1351671709 0.1355500339 
 0.1354098221 0.1357802097 0.1359091911 
 0.1361823727 0.1363039273 0.1361850812 
 0.1368545896 0.1367368457 0.1363779476 
 0.1374254238 0.1370794201 0.1364899173 
 0.1378956206 0.1373338342 0.1365248202 
 0.1382674587 0.1375037634 0.1364879678 
 0.1385444755 0.1375941147 0.1363858990 
 0.1387311845 0.1376107475 0.1362260961 
 0.1388327907 0.1375601833 0.1360166794 
 0.1388549101 0.1374493107 0.1357660881 
 0.1388033000 0.1372850937 0.1354827576 
 0.1386836053 0.1370742921 0.1351748049 
 0.1385011304 0.1368232046 0.1348497330 
 0.1382606416 0.1365374427 0.1345141697 
 0.1379662088 0.1362217464 0.1341736494 
 0.1376210915 0.1358798478 0.1338324505 
 0.1372276746 0.1355143912 0.1334934955 
 0.1367874569 0.1351269106 0.1331583183 
 0.1363010940 0.1347178697 0.1328271007 
 0.1357684943 0.1342867601 0.1324987772 
 0.1351889668 0.1338322549 0.1321712003 
 0.1345614138 0.1333524128 0.1318413617 
 0.1338845652 0.1328449220 0.1315056566 
 0.1331572451 0.1323073769 0.1311601800 
 0.1323786619 0.1317375748 0.1308010426 
 0.1315487127 0.1311338218 0.1304246910 
 0.1306682894 0.1304952347 0.1300282204 
 0.1297395743 0.1298220275 0.1296096648 
 0.1287663099 0.1291157665 0.1291682526 
 0.1277540268 0.1283795823 0.1287046151 
 0.1267102117 0.1276183239 0.1282209360 
 0.1256443977 0.1268386410 0.1277210337 
 0.1245681598 0.1260489840 0.1272103662 
 0.1234950025 0.1252595113 0.1266959549 
 0.1224401309 0.1244818997 0.1261862237 
 0.1214201057 0.1237290585 0.1256907574 
 0.1204523908 0.1230147543 0.1252199841 
 0.1195548120 0.1223531608 0.1247847945 
 0.1187449532 0.1217583536 0.1243961152 
 0.1180395223 0.1212437757 0.1240644542 
 0.1174537229 0.1208217007 0.1237994437 
 0.1170006633 0.1205027235 0.1236094021 
 0.1166908356 0.1202953032 0.1235009388 
 0.1165316867 0.1202053838 0.1234786226 
 0.1165273024 0.1202361088 0.1235447309 
 0.1166782138 0.1203876453 0.1236990917 
 0.1169813346 0.1206571242 0.1239390284 
 0.1174300316 0.1210387000 0.1242594083 
 0.1180143247 0.1215237280 0.1246527942 
 0.1187212120 0.1221010512 0.1251096916 
 0.1195351061 0.1227573842 0.1256188786 
 0.1204383647 0.1234777754 0.1261678032 
 0.1214118910 0.1242461265 0.1267430273 
 0.1224357751 0.1250457414 0.1273306969 
 0.1234899432 0.1258598797 0.1279170143 
 0.1245547810 0.1266722855 0.1284886924 
 0.1256117012 0.1274676700 0.1290333718 
 0.1266436292 0.1282321274 0.1295399851 
 0.1276353907 0.1289534716 0.1299990591 
 0.1285739916 0.1296214869 0.1304029466 
 0.1294487909 0.1302280917 0.1307459876 
 0.1302515732 0.1307674184 0.1310245988 
 0.1309765316 0.1312358175 0.1312372955 
 0.1316201755 0.1316317924 0.1313846495 
 0.1321811767 0.1319558757 0.1314691870 
 0.1326601689 0.1322104551 0.1314952337 
 0.1330595095 0.1323995572 0.1314687095 
 0.1333830172 0.1325285969 0.1313968811 
 0.1336356918 0.1326041010 0.1312880780 
 0.1338234264 0.1326334126 0.1311513801 
 0.1339527171 0.1326243868 0.1309962870 
 0.1340303809 0.1325850843 0.1308323783 
 0.1340632876 0.1325234760 0.1306689802 
 0.1340581137 0.1324471654 0.1305148476 
 0.1340211273 0.1323631419 0.1303778782 
 0.1339580104 0.1322775734 0.1302648680 
 0.1338737238 0.1321956453 0.1301813211 
 0.1337724208 0.1321214546 0.1301313204 
 0.1336574117 0.1320579604 0.1301174649 
 0.1335311784 0.1320069937 0.1301408753 
 0.1333954389 0.1319693233 0.1302012664 
 0.1332512555 0.1319447733 0.1302970798 
 0.1330991805 0.1319323847 0.1304256691 
 0.1329394309 0.1319306098 0.1305835255 
 0.1327720807 0.1319375297 0.1307665302 
 0.1325972602 0.1319510795 0.1309702187 
 0.1324153500 0.1319692699 0.1311900421 
 0.1322271570 0.1319903909 0.1314216095 
 0.1320340624 0.1320131868 0.1316609010 
 0.1318381300 0.1320369913 0.1319044373 
 0.1316421675 0.1320618159 0.1321494005 
 0.1314497345 0.1320883851 0.1323936994 
 0.1312650930 0.1321181167 0.1326359788 
 0.1310931007 0.1321530473 0.1328755734 
 0.1309390502 0.1321957072 0.1331124105 
 0.1308084595 0.1322489495 0.1333468701 
 0.1307068239 0.1323157446 0.1335796093 
 0.1306393415 0.1323989494 0.1338113633 
 0.1306106278 0.1325010655 0.1340427353 
 0.1306244330 0.1326239996 0.1342739867 
 0.1306833818 0.1327688410 0.1345048409 
 0.1307887489 0.1329356687 0.1347343131 
 0.1309402856 0.1331234013 0.1349605757 
 0.1311361087 0.1333296997 0.1351808674 
 0.1313726604 0.1335509282 0.1353914546 
 0.1316447428 0.1337821793 0.1355876451 
 0.1319456272 0.1340173626 0.1357638573 
 0.1322672342 0.1342493522 0.1359137417 
 0.1326003753 0.1344701896 0.1360303494 
 0.1329350454 0.1346713297 0.1361063414 
 0.1332607524 0.1348439220 0.1361342304 
 0.1335668673 0.1349791121 0.1361066452 
 0.1338429810 0.1350683539 0.1360166090 
 0.1340792524 0.1351037197 0.1358578219 
 0.1342667359 0.1350781985 0.1356249403 
 0.1343976772 0.1349859723 0.1353138434 
 0.1344657703 0.1348226654 0.1349218824 
 0.1344663687 0.1345855576 0.1344481035 
 0.1343966490 0.1342737588 0.1338934396 
 0.1342557216 0.1338883372 0.1332608619 
 0.1340446895 0.1334323990 0.1325554850 
 0.1337666504 0.1329111121 0.1317846150 
 0.1334266442 0.1323316704 0.1309577323 
 0.1330315413 0.1317031930 0.1300863994 
 0.1325898746 0.1310365552 0.1291840867 
 0.1321116147 0.1303441501 0.1282659126 
 0.1316078912 0.1296395827 0.1273482978 
 0.1310906685 0.1289373034 0.1264485426 
 0.1305723828 0.1282521911 0.1255843395 
 0.1300655551 0.1275991021 0.1247732415 
 0.1295823945 0.1269924047 0.1240321123 
 0.1291344092 0.1264455197 0.1233765837 
 0.1287320434 0.1259704919 0.1228205505 
 0.1283843578 0.1255776109 0.1223757263 
 0.1280987680 0.1252751026 0.1220512841 
 0.1278808545 0.1250689035 0.1218535947 
 0.1277342508 0.1249625293 0.1217860754 
 0.1276606152 0.1249570406 0.1218491523 
 0.1276596839 0.1250511052 0.1220403346 
 0.1277294014 0.1252411515 0.1223543942 
 0.1278661180 0.1255216026 0.1227836408 
 0.1280648418 0.1258851756 0.1233182756 
 0.1283195309 0.1263232302 0.1239468049 
 0.1286234062 0.1268261459 0.1246564925 
 0.1289692701 0.1273837068 0.1254338245 
 0.1293498108 0.1279854739 0.1262649639 
 0.1297578791 0.1286211262 0.1271361701 
 0.1301867220 0.1292807529 0.1280341641 
 0.1306301646 0.1299550877 0.1289464244 
 0.1310827343 0.1306356746 0.1298614024 
 0.1315397229 0.1313149646 0.1307686570 
 0.1319971900 0.1319863458 0.1316589085 
 0.1324519107 0.1326441099 0.1325240206 
 0.1329012752 0.1332833677 0.1333569218 
 0.1333431508 0.1338999211 0.1341514788 
 0.1337757142 0.1344901058 0.1349023368 
 0.1341972696 0.1350506161 0.1356047402 
 0.1346060611 0.1355783250 0.1362543474 
 0.1350000929 0.1360701089 0.1368470511 
 0.1353769684 0.1365226902 0.1373788145 
 0.1357337563 0.1369325043 0.1378455317 
 0.1360668931 0.1372955987 0.1382429183 
 0.1363721277 0.1376075710 0.1385664386 
 0.1366445114 0.1378635468 0.1388112702 
 0.1368784363 0.1380582019 0.1389723096 
 0.1370677191 0.1381858258 0.1390442173 
 0.1372057294 0.1382404268 0.1390215027 
 0.1372855576 0.1382158739 0.1388986444 
 0.1373002150 0.1381060722 0.1386702460 
 0.1372428615 0.1379051662 0.1383312219 
 0.1371070518 0.1376077672 0.1378770108 
 0.1368869942 0.1372091978 0.1373038144 
 0.1365778150 0.1367057502 0.1366088570 
 0.1361758214 0.1360949525 0.1357906640 
 0.1356787580 0.1353758381 0.1348493539 
 0.1350860488 0.1345492116 0.1337869393 
 0.1343990200 0.1336179034 0.1326076266 
 0.1336210931 0.1325870035 0.1313181023 
 0.1327579389 0.1314640587 0.1299277866 
 0.1318175818 0.1302592178 0.1284490311 
 0.1308104380 0.1289853041 0.1268972308 
 0.1297492760 0.1276577940 0.1252908216 
 0.1286490836 0.1262946810 0.1236511345 
 0.1275268333 0.1249162124 0.1220020859 
 0.1264011405 0.1235444898 0.1203696973 
 0.1252918188 0.1222029400 0.1187814522 
 0.1242193455 0.1209156752 0.1172655200 
 0.1232042582 0.1197067707 0.1158498873 
 0.1222665125 0.1185995016 0.1145614536 
 0.1214248362 0.1176155825 0.1134251465 
 0.1206961130 0.1167744530 0.1124631103 
 0.1200948312 0.1160926482 0.1116940095 
 0.1196326230 0.1155832833 0.1111324755 
 0.1193179168 0.1152556712 0.1107887091 
 0.1191557147 0.1151150841 0.1106682427 
 0.1191475010 0.1151626604 0.1107718548 
 0.1192912814 0.1153954536 0.1110956316 
 0.1195817466 0.1158066168 0.1116311657 
 0.1200105512 0.1163857132 0.1123658853 
 0.1205666906 0.1171191383 0.1132835070 
 0.1212369601 0.1179906393 0.1143646006 
 0.1220064709 0.1189819073 0.1155872498 
 0.1228591987 0.1200732177 0.1169277828 
 0.1237785358 0.1212440842 0.1183615382 
 0.1247478179 0.1224738948 0.1198636260 
 0.1257508007 0.1237424931 0.1214096388 
 0.1267720623 0.1250306779 0.1229762729 
 0.1277973181 0.1263205977 0.1245418270 
 0.1288136379 0.1275960278 0.1260865581 
 0.1298095659 0.1288425279 0.1275928900 
 0.1307751486 0.1300474883 0.1290454797 
 0.1317018839 0.1312000783 0.1304311640 
 0.1325826032 0.1322911167 0.1317388072 
 0.1334113057 0.1333128851 0.1329590819 
 0.1341829602 0.1342589061 0.1340842073 
 0.1348932897 0.1351237032 0.1351076703 
 0.1355385532 0.1359025608 0.1360239478 
 0.1361153378 0.1365912951 0.1368282461 
 0.1366203681 0.1371860475 0.1375162668 
 0.1370503448 0.1376831076 0.1380840066 
 0.1374018151 0.1380787699 0.1385275952 
 0.1376710814 0.1383692295 0.1388431736 
 0.1378541510 0.1385505177 0.1390268141 
 0.1379467269 0.1386184789 0.1390744815 
 0.1379442414 0.1385687879 0.1389820365 
 0.1378419302 0.1383970092 0.1387452800 
 0.1376349461 0.1380986944 0.1383600374 
 0.1373185094 0.1376695195 0.1378222854 
 0.1368880928 0.1371054586 0.1371283195 
 0.1363396378 0.1364029959 0.1362749657 
 0.1356698010 0.1355593738 0.1352598382 
 0.1348762259 0.1345728786 0.1340816470 
 0.1339578404 0.1334431623 0.1327405566 
 0.1329151726 0.1321715986 0.1312385965 
 0.1317506815 0.1307616676 0.1295801185 
 0.1304690910 0.1292193571 0.1277722853 
 0.1290777125 0.1275535615 0.1258255669 
 0.1275867351 0.1257764484 0.1237542037 
 0.1260094552 0.1239037565 0.1215765825 
 0.1243624125 0.1219549763 0.1193154651 
 0.1226653985 0.1199533683 0.1169980017 
 0.1209413053 0.1179257753 0.1146554765 
 0.1192157933 0.1159022025 0.1123227555 
 0.1175167704 0.1139151616 0.1100374389 
 0.1158736958 0.1119988019 0.1078387636 
 0.1143167398 0.1101878802 0.1057663367 
 0.1128758502 0.1085166432 0.1038588032 
 0.1115797840 0.1070177005 0.1021525594 
 0.1104551651 0.1057209692 0.1006806049 
 0.1095256229 0.1046527472 0.0994715978 
 0.1088110518 0.1038349552 0.0985491383 
 0.1083270152 0.1032845588 0.0979312719 
 0.1080843058 0.1030131633 0.0976301775 
 0.1080886601 0.1030267645 0.0976519956 
 0.1083406233 0.1033256353 0.0979967583 
 0.1088355587 0.1039043353 0.0986583973 
 0.1095638011 0.1047518445 0.0996248303 
 0.1105109550 0.1058518288 0.1008781506 
 0.1116583397 0.1071830572 0.1023949550 
 0.1129835787 0.1087199826 0.1041468552 
 0.1144613203 0.1104334916 0.1061011993 
 0.1160640629 0.1122918064 0.1082220099 
 0.1177630443 0.1142614992 0.1104711062 
 0.1195291411 0.1163085571 0.1128093423 
 0.1213337208 0.1183994229 0.1151978698 
 0.1231493903 0.1205019343 0.1175993142 
 0.1249505973 0.1225860942 0.1199787709 
 0.1267140570 0.1246246292 0.1223045457 
 0.1284189970 0.1265933176 0.1245486069 
 0.1300472315 0.1284710966 0.1266867503 
 0.1315830902 0.1302399808 0.1286985150 
 0.1330132365 0.1318848350 0.1305669065 
 0.1343264099 0.1333930510 0.1322779920 
 0.1355131277 0.1347541736 0.1338204306 
 0.1365653742 0.1359595139 0.1351849887 
 0.1374762993 0.1370017786 0.1363640797 
 0.1382399414 0.1378747328 0.1373513498 
 0.1388509844 0.1385729077 0.1381413230 
 0.1393045539 0.1390913574 0.1387291086 
 0.1395960554 0.1394254650 0.1391101696 
 0.1397210542 0.1395707984 0.1392801493 
 0.1396751983 0.1395230120 0.1392347509 
 0.1394541841 0.1392777958 0.1389696682 
 0.1390537636 0.1388308693 0.1384805669 
 0.1384697980 0.1381780247 0.1377631183 
 0.1376983571 0.1373152222 0.1368130919 
 0.1367358722 0.1362387452 0.1356265177 
 0.1355793486 0.1349454277 0.1341999338 
 0.1342266467 0.1334329660 0.1325307382 
 0.1326768428 0.1317003318 0.1306176698 
 0.1309306778 0.1297483013 0.1284614367 
 0.1289910991 0.1275801062 0.1260655032 
 0.1268638902 0.1252022020 0.1234370275 
 0.1245583643 0.1226251221 0.1205879073 
 0.1220880808 0.1198643581 0.1175358508 
 0.1194715124 0.1169411706 0.1143053424 
 0.1167325736 0.1138832059 0.1109283361 
 0.1139009013 0.1107247755 0.1074444907 
 0.1110117877 0.1075066712 0.1039007885 
 0.1081056887 0.1042754281 0.1003504509 
 0.1052272835 0.1010820302 0.0968511744 
 0.1024241285 0.0979801440 0.0934628468 
 0.0997450157 0.0950240595 0.0902450079 
 0.0972382008 0.0922665711 0.0872543802 
 0.0949496811 0.0897570432 0.0845427707 
 0.0929216900 0.0875398529 0.0821555612 
 0.0911915188 0.0856533228 0.0801308719 
 0.0897907097 0.0841291501 0.0784993519 
 0.0887445933 0.0829922558 0.0772844480 
 0.0880720916 0.0822609135 0.0765029418 
 0.0877856791 0.0819469974 0.0761655412 
 0.0878913988 0.0820562037 0.0762773394 
 0.0883888514 0.0825881359 0.0768380103 
 0.0892711221 0.0835362053 0.0778416822 
 0.0905246562 0.0848873625 0.0792765044 
 0.0921291466 0.0866217377 0.0811240020 
 0.0940575309 0.0887123242 0.0833583790 
 0.0962762164 0.0911248697 0.0859459827 
 0.0987456349 0.0938181399 0.0888451561 
 0.1014211964 0.0967446798 0.0920066811 
 0.1042546359 0.0998521207 0.0953749261 
 0.1071956778 0.1030849756 0.0988896912 
 0.1101938678 0.1063867621 0.1024885932 
 0.1132003813 0.1097022162 0.1061097128 
 0.1161696167 0.1129793308 0.1096941604 
 0.1190604169 0.1161709916 0.1131882341 
 0.1218368337 0.1192360607 0.1165449355 
 0.1244684210 0.1221398621 0.1197247409 
 0.1269301146 0.1248541217 0.1226956640 
 0.1292017952 0.1273564804 0.1254327465 
 0.1312676512 0.1296297287 0.1279171647 
 0.1331154499 0.1316609106 0.1301351452 
 0.1347358059 0.1334404143 0.1320768494 
 0.1361215062 0.1349611335 0.1337353392 
 0.1372669268 0.1362177456 0.1351056890 
 0.1381675548 0.1372061242 0.1361842663 
 0.1388196131 0.1379228829 0.1369681787 
 0.1392197808 0.1383650383 0.1374548685 
 0.1393649966 0.1385297741 0.1376418317 
 0.1392523372 0.1384142941 0.1375264419 
 0.1388789627 0.1380157528 0.1371058648 
 0.1382421298 0.1373312621 0.1363770595 
 0.1373392756 0.1363579799 0.1353368743 
 0.1361681846 0.1350932962 0.1339822554 
 0.1347272565 0.1335351385 0.1323105992 
 0.1330158976 0.1316824303 0.1303202888 
 0.1310350616 0.1295357338 0.1280114582 
 0.1287879607 0.1270981069 0.1253870190 
 0.1262809543 0.1243761825 0.1224539593 
 0.1235245961 0.1213814424 0.1192248770 
 0.1205347795 0.1181316050 0.1157196349 
 0.1173338708 0.1146519775 0.1119669417 
 0.1139516677 0.1109765559 0.1080055761 
 0.1104259820 0.1071486153 0.1038849261 
 0.1068026459 0.1032205363 0.0996645414 
 0.1031347823 0.0992526950 0.0954125160 
 0.0994812900 0.0953113923 0.0912027353 
 0.0959046290 0.0914659936 0.0871112720 
 0.0924681446 0.0877856319 0.0832124346 
 0.0892332682 0.0843359382 0.0795750658 
 0.0862569637 0.0811762557 0.0762596313 
 0.0835897277 0.0783576801 0.0733164446 
 0.0812743232 0.0759220750 0.0707851119 
 0.0793452705 0.0739020135 0.0686950441 
 0.0778289831 0.0723214381 0.0670667176 
 0.0767443412 0.0711967458 0.0659133052 
 0.0761034617 0.0705379913 0.0652423159 
 0.0759124386 0.0703499446 0.0650569544 
 0.0761718786 0.0706328057 0.0653570032 
 0.0768771254 0.0713824684 0.0661391174 
 0.0780181450 0.0725903034 0.0673965122 
 0.0795791206 0.0742425180 0.0691180966 
 0.0815378763 0.0763192244 0.0712871897 
 0.0838653077 0.0787934213 0.0738800366 
 0.0865250304 0.0816301471 0.0768644145 
 0.0894734549 0.0847860809 0.0801986649 
 0.0926604502 0.0882098339 0.0838314870 
 0.0960306629 0.0918430810 0.0877027358 
 0.0995254329 0.0956225251 0.0917453094 
 0.1030851176 0.0994825165 0.0958879851 
 0.1066515404 0.1033579952 0.1000588450 
 0.1101702483 0.1071873475 0.1041887925 
 0.1135923036 0.1109147898 0.1082146380 
 0.1168754367 0.1144920053 0.1120813497 
 0.1199845096 0.1178789217 0.1157432628 
 0.1228913609 0.1210436831 0.1191642633 
 0.1255741753 0.1239619843 0.1223171312 
 0.1280165573 0.1266159933 0.1251823219 
 0.1302064783 0.1289930869 0.1277464730 
 0.1321352314 0.1310845766 0.1300008746 
 0.1337964830 0.1328845504 0.1319400673 
 0.1351854688 0.1343888912 0.1335606565 
 0.1362983466 0.1355944941 0.1348603697 
 0.1371316977 0.1364986679 0.1358373437 
 0.1376821571 0.1370986981 0.1364896090 
 0.1379461502 0.1373915379 0.1368147306 
 0.1379197174 0.1373736036 0.1368095714 
 0.1375984117 0.1370406534 0.1364701532 
 0.1369772666 0.1363877452 0.1357916036 
 0.1360508376 0.1354092749 0.1347681954 
 0.1348133338 0.1340991183 0.1333934993 
 0.1332588701 0.1324509092 0.1316606941 
 0.1313818804 0.1304585086 0.1295630961 
 0.1291777480 0.1281167290 0.1270949863 
 0.1266437084 0.1254223845 0.1242528187 
 0.1237800738 0.1223757223 0.1210368714 
 0.1205917917 0.1189822484 0.1174533531 
 0.1170902910 0.1152548806 0.1135168716 
 0.1132954729 0.1112162435 0.1092530306 
 0.1092375916 0.1069007798 0.1047007485 
 0.1049586626 0.1023562260 0.0999137504 
 0.1005129814 0.0976439497 0.0949606449 
 0.0959663811 0.0928377300 0.0899231338 
 0.0913940345 0.0880208159 0.0848922420 
 0.0868769002 0.0832814789 0.0799629372 
 0.0824972435 0.0787076764 0.0752279630 
 0.0783339165 0.0743817069 0.0707719681 
 0.0744581641 0.0703757597 0.0666669446 
 0.0709305869 0.0667490234 0.0629696321 
 0.0677996027 0.0635466218 0.0597210429 
 0.0651014082 0.0608002407 0.0569478087 
 0.0628611600 0.0585300168 0.0546647703 
 0.0610949377 0.0567471364 0.0528781575 
 0.0598120196 0.0554566109 0.0515887870 
 0.0590170642 0.0546598090 0.0507948650 
 0.0587118930 0.0543564579 0.0504941401 
 0.0588966791 0.0545459458 0.0506852769 
 0.0595704373 0.0552278462 0.0513683989 
 0.0607307798 0.0564016394 0.0525447899 
 0.0623729658 0.0580656539 0.0542157670 
 0.0644883371 0.0602152978 0.0563807720 
 0.0670623114 0.0628407273 0.0590347925 
 0.0700722018 0.0659242003 0.0621653266 
 0.0734852284 0.0694374903 0.0657492531 
 0.0772571587 0.0733398445 0.0697501202 
 0.0813320018 0.0775770169 0.0741164677 
 0.0856430706 0.0820818231 0.0787817680 
 0.0901154820 0.0867764311 0.0836663586 
 0.0946698605 0.0915762355 0.0886813409 
 0.0992267124 0.0963947794 0.0937339425 
 0.1037107716 0.1011489099 0.0987334466 
 0.1080546356 0.1057633064 0.1035966466 
 0.1122012089 0.1101737092 0.1082519437 
 0.1161047704 0.1143285319 0.1126416034 
 0.1197307759 0.1181889177 0.1167221514 
 0.1230547048 0.1217275778 0.1204632629 
 0.1260603426 0.1249268816 0.1238456872 
 0.1287378597 0.1277766474 0.1268587549 
 0.1310819637 0.1302719847 0.1294979030 
 0.1330902865 0.1324114041 0.1317624911 
 0.1347620803 0.1341952874 0.1336540344 
 0.1360972205 0.1356247275 0.1351748680 
 0.1370954796 0.1367006909 0.1363271923 
 0.1377560158 0.1374234385 0.1371124218 
 0.1380770221 0.1377921366 0.1375307566 
 0.1380554913 0.1378046020 0.1375809096 
 0.1376870662 0.1374571449 0.1372599431 
 0.1369659604 0.1367444876 0.1365631881 
 0.1358849531 0.1356597626 0.1354842479 
 0.1344354839 0.1341946148 0.1340151089 
 0.1326078959 0.1323394612 0.1321464147 
 0.1303919034 0.1300839892 0.1298679897 
 0.1277773894 0.1274180075 0.1271697314 
 0.1247556542 0.1243327804 0.1240430087 
 0.1213212345 0.1208229711 0.1204826985 
 0.1174743638 0.1168892700 0.1164899370 
 0.1132240376 0.1125416585 0.1120755288 
 0.1085914620 0.1078030598 0.1072637448 
 0.1036134172 0.1027128559 0.1020959455 
 0.0983448127 0.0973294792 0.0966331924 
 0.0928595667 0.0917311430 0.0909568579 
 0.0872490294 0.0860138981 0.0851664045 
 0.0816175922 0.0802866916 0.0793740350 
 0.0760758202 0.0746638756 0.0736967514 
 0.0707321961 0.0692564138 0.0682471852 
 0.0656850444 0.0641635002 0.0631250209 
 0.0610161863 0.0594662140 0.0584106780 
 0.0567873595 0.0552242133 0.0541622264 
 0.0530396604 0.0514756215 0.0504156049 
 0.0497955563 0.0482395230 0.0471874669 
 0.0470625963 0.0455200944 0.0444796024 
 0.0448378710 0.0433113649 0.0422839014 
 0.0431124381 0.0416018173 0.0405870660 
 0.0418752000 0.0403783394 0.0393746008 
 0.0411159744 0.0396293028 0.0386338884 
 0.0408276823 0.0393467283 0.0383563308 
 0.0410076711 0.0395275813 0.0385386216 
 0.0416582148 0.0401742576 0.0391832183 
 0.0427862126 0.0412942860 0.0402980468 
 0.0444020680 0.0428992269 0.0418954152 
 0.0465177031 0.0450027088 0.0439900711 
 0.0491436733 0.0476175461 0.0465963276 
 0.0522854250 0.0507519473 0.0497242503 
 0.0559389019 0.0544049859 0.0533750489 
 0.0600859530 0.0585617587 0.0575360779 
 0.0646902775 0.0631889644 0.0621761730 
 0.0696948527 0.0682318860 0.0672423299 
 0.0750217872 0.0736138075 0.0726588105 
 0.0805751974 0.0792385828 0.0783294805 
 0.0862470387 0.0849963996 0.0841434995 
 0.0919250120 0.0907719072 0.0899835777 
 0.0975010473 0.0964531656 0.0957352320 
 0.1028787146 0.1019396409 0.1012951830 
 0.1079783032 0.1071478340 0.1065773737 
 0.1127390435 0.1120138990 0.1115158752 
 0.1171186973 0.1164934245 0.1160648160 
 0.1210912456 0.1205591288 0.1201960932 
 0.1246435686 0.1241974191 0.1238958554 
 0.1277718982 0.1274046660 0.1271606564 
 0.1304785825 0.1301837814 0.1299939063 
 0.1327694338 0.1325414079 0.1324029502 
 0.1346517323 0.1344858020 0.1343968688 
 0.1361328266 0.1360253543 0.1359849433 
 0.1372192138 0.1371676236 0.1371756588 
 0.1379159737 0.1379187486 0.1379761021 
 0.1382264426 0.1382831172 0.1383916315 
 0.1381520443 0.1382632034 0.1384257200 
 0.1376922259 0.1378595135 0.1380799126 
 0.1368444746 0.1370706148 0.1373538661 
 0.1356044222 0.1358932481 0.1362454687 
 0.1339660724 0.1343225553 0.1347510654 
 0.1319222179 0.1323524807 0.1328658403 
 0.1294651422 0.1299764343 0.1305844354 
 0.1265877303 0.1271883300 0.1279019046 
 0.1232851159 0.1239841163 0.1248151124 
 0.1195569656 0.1203638969 0.1213246649 
 0.1154104156 0.1163346588 0.1174373971 
 0.1108635130 0.1119134864 0.1131693188 
 0.1059487804 0.1071309257 0.1085487329 
 0.1007162486 0.1020339150 0.1036190247 
 0.0952350957 0.0966875006 0.0984404276 
 0.0895930155 0.0911745182 0.0930900250 
 0.0838927512 0.0855926740 0.0876594267 
 0.0782458630 0.0800490077 0.0822500234 
 0.0727645986 0.0746524418 0.0769663480 
 0.0675533624 0.0695057374 0.0719086558 
 0.0627014614 0.0646984038 0.0671661123 
 0.0582784203 0.0603018385 0.0628118147 
 0.0543324118 0.0563673272 0.0589003494 
 0.0508915507 0.0529267916 0.0554679260 
 0.0479672500 0.0499956221 0.0525345817 
 0.0455586486 0.0475766921 0.0501076721 
 0.0436572269 0.0456647026 0.0481858473 
 0.0422509884 0.0442502214 0.0467628767 
 0.0413278660 0.0433230409 0.0458309098 
 0.0408782315 0.0428746898 0.0453829628 
 0.0408965104 0.0429000655 0.0454145577 
 0.0413819533 0.0433982173 0.0459245130 
 0.0423386047 0.0443723083 0.0469149026 
 0.0437744760 0.0458287654 0.0483901941 
 0.0456998945 0.0477756048 0.0503555697 
 0.0481249927 0.0502199237 0.0528144565 
 0.0510563515 0.0531646118 0.0557653617 
 0.0544929357 0.0566044641 0.0591982391 
 0.0584216677 0.0605220771 0.0630908029 
 0.0628132495 0.0648841445 0.0674053964 
 0.0676190781 0.0696389563 0.0720871555 
 0.0727701819 0.0747159225 0.0770641613 
 0.0781789041 0.0800276999 0.0822499920 
 0.0837435274 0.0854749674 0.0875485722 
 0.0893552883 0.0909532176 0.0928606268 
 0.0949065369 0.0963603556 0.0980905925 
 0.1002984665 0.1016036712 0.1031527295 
 0.1054470161 0.1066049860 0.1079754474 
 0.1102861489 0.1113033476 0.1125033920 
 0.1147684482 0.1156553031 0.1166974037 
 0.1188635696 0.1196332848 0.1205328660 
 0.1225553700 0.1232228661 0.1239971225 
 0.1258385286 0.1264196124 0.1270865933 
 0.1287152782 0.1292260701 0.1298040519 
 0.1311926129 0.1316492090 0.1321563252 
 0.1332801173 0.1336984377 0.1341525119 
 0.1349884074 0.1353841788 0.1358027019 
 0.1363280946 0.1367169189 0.1371171192 
 0.1373091504 0.1377066252 0.1381055919 
 0.1379405615 0.1383624264 0.1387772590 
 0.1382301800 0.1386924737 0.1391404402 
 0.1381847072 0.1387039246 0.1392026180 
 0.1378097698 0.1384030132 0.1389704994 
 0.1371100725 0.1377951903 0.1384501406 
 0.1360896276 0.1368853303 0.1376471332 
 0.1347520767 0.1356780174 0.1365668551 
 0.1331011312 0.1341779278 0.1352148028 
 0.1311411640 0.1323903350 0.1335970205 
 0.1288779862 0.1303217609 0.1317206453 
 0.1263198304 0.1279807922 0.1295945815 
 0.1234785364 0.1253790588 0.1272303011 
 0.1203708912 0.1225323400 0.1246427487 
 0.1170200157 0.1194617210 0.1218512903 
 0.1134566252 0.1161946692 0.1188806141 
 0.1097199317 0.1127658562 0.1157614501 
 0.1058579354 0.1092175261 0.1125309577 
 0.1019268892 0.1055992307 0.1092326359 
 0.0979898261 0.1019668176 0.1059156507 
 0.0941142090 0.0983806791 0.1026335592 
 0.0903689472 0.0949034072 0.0994425065 
 0.0868211775 0.0915971318 0.0963990797 
 0.0835332617 0.0885208853 0.0935580659 
 0.0805604036 0.0857283319 0.0909703823 
 0.0779491367 0.0832661071 0.0886813981 
 0.0757367436 0.0811728796 0.0867297796 
 0.0739514885 0.0794791004 0.0851468811 
 0.0726134215 0.0782072877 0.0839566051 
 0.0717354627 0.0773726335 0.0831755901 
 0.0713244843 0.0769837041 0.0828135580 
 0.0713821651 0.0770430380 0.0828736663 
 0.0719054683 0.0775475061 0.0833527507 
 0.0728866753 0.0784883690 0.0842414032 
 0.0743129935 0.0798510463 0.0855238945 
 0.0761658322 0.0816146818 0.0871780096 
 0.0784199155 0.0837516537 0.0891749169 
 0.0810424566 0.0862272186 0.0914792139 
 0.0839926527 0.0889994914 0.0940492923 
 0.0872217441 0.0920199330 0.0968381285 
 0.0906738183 0.0952344434 0.0997945351 
 0.0942874136 0.0985850521 0.1028648221 
 0.0979978221 0.1020120693 0.1059947278 
 0.1017398351 0.1054564631 0.1091314155 
 0.1054505736 0.1088621673 0.1122253121 
 0.1090720224 0.1121780420 0.1152315919 
 0.1125529590 0.1153592792 0.1181111778 
 0.1158501016 0.1183681571 0.1208312148 
 0.1189284571 0.1211741649 0.1233650587 
 0.1217609803 0.1237536067 0.1256918757 
 0.1243277371 0.1260888424 0.1277959812 
 0.1266147838 0.1281673350 0.1296660442 
 0.1286129570 0.1299806445 0.1312942646 
 0.1303167146 0.1315234770 0.1326755979 
 0.1317231171 0.1327928498 0.1338070752 
 0.1328309885 0.1337874016 0.1346872356 
 0.1336402624 0.1345068496 0.1353156751 
 0.1341514959 0.1349515810 0.1356927002 
 0.1343655282 0.1351223618 0.1358190766 
 0.1342832589 0.1350201432 0.1356958581 
 0.1339055284 0.1346459548 0.1353242893 
 0.1332330908 0.1340008771 0.1347057755 
 0.1322666798 0.1330860938 0.1338419229 
 0.1310071789 0.1319030329 0.1327346540 
 0.1294559143 0.1304536105 0.1313864092 
 0.1276150980 0.1287405970 0.1298004486 
 0.1254884472 0.1267681259 0.1279812681 
 0.1230819998 0.1245423595 0.1259351401 
 0.1204051255 0.1220723116 0.1236707782 
 0.1174716951 0.1193708006 0.1212001070 
 0.1143013248 0.1164554716 0.1185390907 
 0.1109205490 0.1133497801 0.1157085438 
 0.1073637291 0.1100837921 0.1127348155 
 0.1036734723 0.1066946286 0.1096502179 
 0.0999003583 0.1032263887 0.1064930681 
 0.0961018468 0.0997294369 0.1033072463 
 0.0923403782 0.0962590297 0.1001412265 
 0.0886808381 0.0928733770 0.0970466283 
 0.0851877049 0.0896313504 0.0940764189 
 0.0819222738 0.0865901253 0.0912829674 
 0.0789403325 0.0838030576 0.0887161774 
 0.0762905607 0.0813180381 0.0864219014 
 0.0740137574 0.0791764585 0.0844407725 
 0.0721428405 0.0774127954 0.0828074985 
 0.0707034292 0.0760547045 0.0815505714 
 0.0697147492 0.0751234416 0.0806922783 
 0.0691905881 0.0746343975 0.0802488592 
 0.0691400595 0.0745975427 0.0802306584 
 0.0695679911 0.0750176245 0.0806421423 
 0.0704748284 0.0758940179 0.0814817083 
 0.0718560262 0.0772202144 0.0827412759 
 0.0737009901 0.0789830107 0.0844057226 
 0.0759917258 0.0811615502 0.0864522970 
 0.0787014494 0.0837264428 0.0888501957 
 0.0817934868 0.0866392341 0.0915605135 
 0.0852208185 0.0898524976 0.0945367544 
 0.0889265799 0.0933107529 0.0977260191 
 0.0928456876 0.0969522785 0.1010708635 
 0.0969075448 0.1007117076 0.1045116864 
 0.1010395350 0.1045231179 0.1079893818 
 0.1051708191 0.1083232020 0.1114479265 
 0.1092358749 0.1120540890 0.1148365843 
 0.1131772874 0.1156654656 0.1181114909 
 0.1169474845 0.1191158109 0.1212365129 
 0.1205093523 0.1223727330 0.1241834034 
 0.1238358701 0.1254125486 0.1269313814 
 0.1269090361 0.1282193283 0.1294663125 
 0.1297183942 0.1307836507 0.1317796779 
 0.1322594373 0.1331012746 0.1338674872 
 0.1345320879 0.1351718812 0.1357292482 
 0.1365393759 0.1369979748 0.1373670592 
 0.1382863609 0.1385839764 0.1387848481 
 0.1397792980 0.1399355089 0.1399877591 
 0.1410250153 0.1410588501 0.1409816690 
 0.1420304642 0.1419605235 0.1417728102 
 0.1428023983 0.1426469942 0.1423674798 
 0.1433471490 0.1431244452 0.1427718139 
 0.1436704697 0.1433986137 0.1429916147 
 0.1437774309 0.1434746742 0.1430322203 
 0.1436723552 0.1433571603 0.1428984109 
 0.1433587862 0.1430499200 0.1425943507 
 0.1428394885 0.1425561050 0.1421235631 
 0.1421164810 0.1418781933 0.1414889419 
 0.1411911062 0.1410180497 0.1406928012 
 0.1400641430 0.1399770281 0.1397369660 
 0.1387359718 0.1387561235 0.1386229113 
 0.1372068044 0.1373561812 0.1373519530 
 0.1354769946 0.1357781752 0.1359254986 
 0.1335474460 0.1340235659 0.1343453639 
 0.1314201341 0.1320947488 0.1326141618 
 0.1290987544 0.1299955986 0.1307357653 
 0.1265894932 0.1277321087 0.1287158396 
 0.1239019021 0.1253131054 0.1265624289 
 0.1210498216 0.1227509998 0.1242865685 
 0.1180522700 0.1200625124 0.1219028726 
 0.1149341748 0.1172692834 0.1194300350 
 0.1117268074 0.1143982611 0.1168911646 
 0.1084677784 0.1114817641 0.1143138746 
 0.1052004913 0.1085571306 0.1117300597 
 0.1019730188 0.1056659157 0.1091753234 
 0.0988364649 0.1028526640 0.1066880612 
 0.0958429683 0.1001633537 0.1043082576 
 0.0930435780 0.0976436674 0.1020760982 
 0.0904862503 0.0953372738 0.1000305273 
 0.0882141868 0.0932842943 0.0982078817 
 0.0862646495 0.0915200801 0.0966407118 
 0.0846682914 0.0900743627 0.0953568555 
 0.0834489429 0.0889707645 0.0943787853 
 0.0826237271 0.0882266019 0.0937232001 
 0.0822033458 0.0878528803 0.0934008102 
 0.0821923836 0.0878543734 0.0934162485 
 0.0825895131 0.0882297038 0.0937680542 
 0.0833875368 0.0889713749 0.0944486968 
 0.0845732634 0.0900657536 0.0954446394 
 0.0861272800 0.0914930491 0.0967364719 
 0.0880237292 0.0932273684 0.0982991673 
 0.0902302399 0.0952369519 0.1001025224 
 0.0927081605 0.0974846829 0.1021118361 
 0.0954132190 0.0999289410 0.1042888486 
 0.0982966690 0.1025248087 0.1065929251 
 0.1013068924 0.1052255785 0.1089824205 
 0.1043913351 0.1079844409 0.1114161197 
 