0.1384191592 0.1387911488 0.1389683690 
 0.1383680184 0.1386883663 0.1388183532 
 0.1381957143 0.1384424502 0.1385031023 
 0.1378977169 0.1380491958 0.1380186146 
 0.1374697721 0.1375047068 0.1373612007 
 0.1369080879 0.1368055776 0.1365276671 
 0.1362095554 0.1359491182 0.1355155501 
 0.1353720042 0.1349336235 0.1343234075 
 0.1343944902 0.1337586881 0.1329511714 
 0.1332776148 0.1324255674 0.1314005667 
 0.1320238695 0.1309375818 0.1296755923 
 0.1306379993 0.1293005531 0.1277830540 
 0.1291273685 0.1275232571 0.1257331257 
 0.1275023067 0.1256178591 0.1235398971 
 0.1257764056 0.1236002927 0.1212218494 
 0.1239667260 0.1214905269 0.1188021872 
 0.1220938750 0.1193126651 0.1163089467 
 0.1201819114 0.1170948209 0.1137748112 
 0.1182580487 0.1148687322 0.1112365862 
 0.1163521414 0.1126690998 0.1087343297 
 0.1144959629 0.1105326736 0.1063101790 
 0.1127223092 0.1084971385 0.1040069645 
 0.1110639842 0.1065998877 0.1018667333 
 0.1095527365 0.1048767769 0.0999293157 
 0.1082182202 0.1033609570 0.0982310528 
 0.1070870467 0.1020818589 0.0968037660 
 0.1061819733 0.1010643760 0.0956740030 
 0.1055212563 0.1003282564 0.0948625453 
 0.1051181757 0.0998876922 0.0943841311 
 0.1049807251 0.0997510735 0.0942473298 
 0.1051114509 0.0999208741 0.0944545063 
 0.1055074309 0.1003936440 0.0950018334 
 0.1061603850 0.1011600981 0.0958793405 
 0.1070569191 0.1022053122 0.0970710161 
 0.1081789122 0.1035090484 0.0985550095 
 0.1095040526 0.1050462403 0.1003039920 
 0.1110065238 0.1067876601 0.1022857322 
 0.1126578269 0.1087007730 0.1044639220 
 0.1144277060 0.1107507557 0.1067992485 
 0.1162851272 0.1129016257 0.1092506649 
 0.1181992466 0.1151174044 0.1117767684 
 0.1201403008 0.1173632226 0.1143371659 
 0.1220803585 0.1196062804 0.1168937033 
 0.1239938898 0.1218165931 0.1194114506 
 0.1258581301 0.1239674820 0.1218593748 
 0.1276532412 0.1260358041 0.1242106790 
 0.1293622903 0.1280019452 0.1264428288 
 0.1309710814 0.1298496191 0.1285373233 
 0.1324678835 0.1315655312 0.1304792826 
 0.1338430935 0.1331389609 0.1322569291 
 0.1350888738 0.1345613120 0.1338610279 
 0.1361987906 0.1358256706 0.1352843400 
 0.1371674754 0.1369263948 0.1365211199 
 0.1379903212 0.1378587530 0.1375666788 
 0.1386632222 0.1386186172 0.1384170191 
 0.1391823595 0.1392022126 0.1390685399 
 0.1395440331 0.1396059226 0.1395178091 
 0.1397445402 0.1398261455 0.1397613960 
 0.1397800983 0.1398592002 0.1397957573 
 0.1396468123 0.1397012783 0.1396171744 
 0.1393406843 0.1393484415 0.1392217390 
 0.1388576679 0.1387966653 0.1386053866 
 0.1381937674 0.1380419313 0.1377639842 
 0.1373451850 0.1370803742 0.1366934786 
 0.1363085231 0.1359084908 0.1353901181 
 0.1350810474 0.1345234249 0.1338507663 
 0.1336610197 0.1329233402 0.1320733256 
 0.1320481101 0.1311078966 0.1300572953 
 0.1302438944 0.1290788397 0.1278044760 
 0.1282524354 0.1268407048 0.1253198252 
 0.1260809337 0.1244016169 0.1226124379 
 0.1237404175 0.1217741429 0.1196965932 
 0.1212464150 0.1189761208 0.1165927630 
 0.1186195306 0.1160313578 0.1133284361 
 0.1158858294 0.1129700657 0.1099385824 
 0.1130769270 0.1098289012 0.1064655877 
 0.1102297007 0.1066505052 0.1029585325 
 0.1073855717 0.1034824940 0.0994717840 
 0.1045893713 0.1003759439 0.0960629888 
 0.1018878671 0.0973834997 0.0927906779 
 0.0993280863 0.0945573127 0.0897117788 
 0.0969556070 0.0919470453 0.0868793481 
 0.0948129904 0.0895981596 0.0843407864 
 0.0929384877 0.0875506417 0.0821366849 
 0.0913651004 0.0858382215 0.0803003271 
 0.0901199999 0.0844880528 0.0788577467 
 0.0892242553 0.0835207482 0.0778281671 
 0.0886927777 0.0829506207 0.0772246124 
 0.0885343767 0.0827859824 0.0770544933 
 0.0887518355 0.0830293711 0.0773200092 
 0.0893419445 0.0836776260 0.0780182720 
 0.0902954711 0.0847217871 0.0791411217 
 0.0915970949 0.0861468536 0.0806746783 
 0.0932253733 0.0879314932 0.0825987403 
 0.0951528332 0.0900478330 0.0848861953 
 0.0973462903 0.0924614832 0.0875026464 
 0.0997674779 0.0951319336 0.0904064549 
 0.1023740276 0.0980134128 0.0935493617 
 0.1051207788 0.1010562259 0.0968777566 
 0.1079613303 0.1042084912 0.1003345464 
 0.1108496904 0.1074181088 0.1038614429 
 0.1137418565 0.1106347399 0.1074013969 
 0.1165971623 0.1138115681 0.1109008666 
 0.1193792686 0.1169066526 0.1143116450 
 0.1220567398 0.1198837675 0.1175920641 
 0.1246032083 0.1227127070 0.1207075211 
 0.1269971854 0.1253691194 0.1236303801 
 0.1292216087 0.1278339844 0.1263393927 
 0.1312632288 0.1300928662 0.1288188072 
 0.1331119260 0.1321350702 0.1310573379 
 0.1347600322 0.1339528010 0.1330471288 
 0.1362017062 0.1355403924 0.1347828051 
 0.1374323915 0.1368936425 0.1362606610 
 0.1384483652 0.1380092697 0.1374780013 
 0.1392463768 0.1388844829 0.1384326289 
 0.1398233696 0.1395166544 0.1391224611 
 0.1401762742 0.1399030798 0.1395452514 
 0.1403018641 0.1400408111 0.1396983968 
 0.1401966672 0.1399265512 0.1395788156 
 0.1398569276 0.1395566032 0.1391828847 
 0.1392786174 0.1389268742 0.1385064359 
 0.1384575032 0.1380329367 0.1375448145 
 0.1373892736 0.1368701603 0.1362930167 
 0.1360697450 0.1354339319 0.1347459301 
 0.1344951635 0.1337199928 0.1328987121 
 0.1326626315 0.1317249276 0.1307473534 
 0.1305706862 0.1294468423 0.1282894729 
 0.1282200544 0.1268862649 0.1255253875 
 0.1256145959 0.1240472812 0.1224594702 
 0.1227624171 0.1209388825 0.1191017632 
 0.1196770968 0.1175764445 0.1154697358 
 0.1163789090 0.1139831819 0.1115899832 
 0.1128958743 0.1101913547 0.1074995706 
 0.1092644234 0.1062429465 0.1032466712 
 0.1055294555 0.1021895420 0.0988901669 
 0.1017436172 0.0980912089 0.0944980063 
 0.0979657409 0.0940143507 0.0901443429 
 0.0942585313 0.0900287074 0.0859057511 
 0.0906857540 0.0862038820 0.0818570552 
 0.0873092919 0.0826058925 0.0780674199 
 0.0841864713 0.0792942477 0.0745972862 
 0.0813679924 0.0763199177 0.0714965300 
 0.0788966612 0.0737243641 0.0688039392 
 0.0768069519 0.0715395779 0.0665478441 
 0.0751252757 0.0697889026 0.0647475658 
 0.0738707339 0.0684883309 0.0634152778 
 0.0730560947 0.0676479462 0.0625579032 
 0.0726887460 0.0672732272 0.0621787430 
 0.0727714254 0.0673660009 0.0622786261 
 0.0733025979 0.0679249122 0.0628564562 
 0.0742764229 0.0689453540 0.0639091090 
 0.0756823276 0.0704188771 0.0654306967 
 0.0775042740 0.0723321692 0.0674112844 
 0.0797198769 0.0746657690 0.0698352186 
 0.0822995817 0.0773927507 0.0726793111 
 0.0852061457 0.0804776686 0.0759112008 
 0.0883946553 0.0838760709 0.0794882690 
 0.0918132519 0.0875348424 0.0833574689 
 0.0954046237 0.0913935243 0.0874563232 
 0.0991081738 0.0953865756 0.0917151503 
 0.1028626245 0.0994463383 0.0960603131 
 0.1066087197 0.1035063064 0.1004180530 
 0.1102916600 0.1075042244 0.1047183183 
 0.1138629693 0.1113845863 0.1088980143 
 0.1172816202 0.1151002568 0.1129032501 
 0.1205143893 0.1186131261 0.1166904079 
 0.1235355456 0.1218938942 0.1202261013 
 0.1263260508 0.1249212000 0.1234862682 
 0.1288724791 0.1276803561 0.1264547250 
 0.1311658381 0.1301619344 0.1291214958 
 0.1332004351 0.1323603906 0.1314811650 
 0.1349728714 0.1342728435 0.1335314106 
 0.1364812089 0.1358980679 0.1352717955 
 0.1377243115 0.1372357063 0.1367028299 
 0.1387013474 0.1382856812 0.1378252784 
 0.1394114263 0.1390477733 0.1386396714 
 0.1398533443 0.1395213297 0.1391459715 
 0.1400254152 0.1397050724 0.1393433578 
 0.1399253683 0.1395969828 0.1392300965 
 0.1395503053 0.1391942492 0.1388034803 
 0.1388967110 0.1384932732 0.1380598306 
 0.1379605241 0.1374897398 0.1369945694 
 0.1367372811 0.1361787695 0.1356023820 
 0.1352223562 0.1345551814 0.1338775066 
 0.1334113317 0.1326139093 0.1318142030 
 0.1313005411 0.1303506261 0.1294074678 
 0.1288878309 0.1277626331 0.1266540652 
 0.1261735823 0.1248500648 0.1235539339 
 0.1231620088 0.1216174277 0.1201119878 
 0.1198627020 0.1180754311 0.1163402526 
 0.1162923269 0.1142429795 0.1122601671 
 0.1124762785 0.1101490803 0.1079047333 
 0.1084500262 0.1058343147 0.1033200760 
 0.1042598113 0.1013514553 0.0985659062 
 0.0999623754 0.0967648517 0.0937144577 
 0.0956235087 0.0921483680 0.0888477003 
 0.0913154103 0.0875819446 0.0840530117 
 0.0871131186 0.0831471851 0.0794178897 
 0.0830904990 0.0789226381 0.0750245742 
 0.0793164030 0.0749795391 0.0709454900 
 0.0758515736 0.0713786647 0.0672402044 
 0.0727466876 0.0681686689 0.0639542082 
 0.0700416640 0.0653859328 0.0611194166 
 0.0677661113 0.0630556703 0.0587559803 
 0.0659406109 0.0611938615 0.0568748632 
 0.0645784518 0.0598095483 0.0554806489 
 0.0636874474 0.0589070797 0.0545741487 
 0.0632715276 0.0584879964 0.0541545144 
 0.0633318898 0.0585523542 0.0542206850 
 0.0638675785 0.0590993723 0.0547720818 
 0.0648754375 0.0601273649 0.0558085238 
 0.0663494486 0.0616329666 0.0573293734 
 0.0682795359 0.0636097209 0.0593319630 
 0.0706499898 0.0660461678 0.0618094120 
 0.0734377449 0.0689236581 0.0647480358 
 0.0766108230 0.0722142175 0.0681246651 
 0.0801272983 0.0758788716 0.0719043174 
 0.0839351319 0.0798668699 0.0760387389 
 0.0879731208 0.0841161776 0.0804663121 
 0.0921730212 0.0885554110 0.0851136507 
 0.0964626583 0.0931071073 0.0898988830 
 0.1007696092 0.0976919052 0.0947362371 
 0.1050249026 0.1022329848 0.0995412022 
 0.1091661819 0.1066600561 0.1042353993 
 0.1131399244 0.1109123199 0.1087503880 
 0.1169025333 0.1149400932 0.1130299425 
 0.1204203569 0.1187050998 0.1170307125 
 0.1236688630 0.1221796688 0.1207215117 
 0.1266312739 0.1253452131 0.1240816670 
 0.1292969671 0.1281903698 0.1270988989 
 0.1316598822 0.1307091158 0.1297671291 
 0.1337170932 0.1328990659 0.1320844831 
 0.1354676228 0.1347600613 0.1340516301 
 0.1369115179 0.1362930728 0.1356704959 
 0.1380491640 0.1374993947 0.1369433243 
 0.1388807981 0.1383800797 0.1378720253 
 0.1394061778 0.1389355595 0.1384577441 
 0.1396243668 0.1391654030 0.1387005890 
 0.1395336080 0.1390681738 0.1385994741 
 0.1391312666 0.1386413655 0.1381520468 
 0.1384138377 0.1378814059 0.1373546904 
 0.1373770239 0.1367837384 0.1362026111 
 0.1360159030 0.1353430035 0.1346900353 
 0.1343252218 0.1335533644 0.1328105694 
 0.1322998635 0.1314090342 0.1305577920 
 0.1299355532 0.1289050828 0.1279261673 
 0.1272298660 0.1260385995 0.1249123699 
 0.1241835900 0.1228102743 0.1215170910 
 0.1208024604 0.1192264073 0.1177473316 
 0.1170992018 0.1153012667 0.1136190750 
 0.1130957129 0.1110595763 0.1091600667 
 0.1088250922 0.1065387589 0.1044122430 
 0.1043330902 0.1017904214 0.0994331965 
 0.0996785152 0.0968805280 0.0942960396 
 0.0949321940 0.0918878192 0.0890872029 
 0.0901743102 0.0869003480 0.0839021105 
 0.0854902914 0.0820104411 0.0788392081 
 0.0809657891 0.0773088352 0.0739933152 
 0.0766815620 0.0728789939 0.0694494961 
 0.0727091102 0.0687925790 0.0652785181 
 0.0691077174 0.0651067380 0.0615345175 
 0.0659231983 0.0618634039 0.0582549403 
 0.0631882665 0.0590903707 0.0554623458 
 0.0609241514 0.0568036183 0.0531674047 
 0.0591429520 0.0550102712 0.0513723887 
 0.0578502204 0.0537116339 0.0500745702 
 0.0570473591 0.0529058867 0.0492691351 
 0.0567335423 0.0525901803 0.0489513872 
 0.0569069867 0.0527619894 0.0491181462 
 0.0575654909 0.0534196718 0.0497683136 
 0.0587062222 0.0545622248 0.0509026139 
 0.0603247822 0.0561882646 0.0525225272 
 0.0624136366 0.0582942916 0.0546284522 
 0.0649600602 0.0608723622 0.0572171836 
 0.0679438418 0.0639073857 0.0602788836 
 0.0713350940 0.0673743842 0.0637938602 
 0.0750925923 0.0712361745 0.0677296252 
 0.0791630928 0.0754420066 0.0720388299 
 0.0834819874 0.0799276454 0.0766586901 
 0.0879754470 0.0846171944 0.0815123546 
 0.0925638975 0.0894266139 0.0865123147 
 0.0971663584 0.0942684906 0.0915654795 
 0.1017049545 0.0990572885 0.0965791016 
 0.1061088783 0.1037141950 0.1014665115 
 0.1103172418 0.1081708043 0.1061516985 
 0.1142805438 0.1123712121 0.1105721240 
 0.1179607942 0.1162724844 0.1146796237 
 0.1213305694 0.1198437818 0.1184396677 
 0.1243713907 0.1230645965 0.1218294934 
 0.1270718084 0.1259225737 0.1248356761 
 0.1294255015 0.1284113047 0.1274516132 
 0.1314295874 0.1305283484 0.1296752440 
 0.1330832377 0.1322736039 0.1315071680 
 0.1343866164 0.1336480654 0.1329492043 
 0.1353401100 0.1346529234 0.1340033549 
 0.1359437990 0.1352889509 0.1346711020 
 0.1361971149 0.1355561106 0.1349529611 
 0.1360986403 0.1354533260 0.1348482227 
 0.1356460232 0.1349783831 0.1343548421 
 0.1348359939 0.1341279479 0.1334694577 
 0.1336644963 0.1328977116 0.1321875518 
 0.1321269641 0.1312827000 0.1305037949 
 0.1302187935 0.1292778076 0.1284126433 
 0.1279360806 0.1268786374 0.1259092824 
 0.1252767010 0.1240827343 0.1229910156 
 0.1222417939 0.1208912837 0.1196591774 
 0.1188376720 0.1173112938 0.1159215822 
 0.1150780963 0.1133581757 0.1117954010 
 0.1109867261 0.1090584862 0.1073101722 
 0.1065994046 0.1044524107 0.1025104467 
 0.1019657953 0.0995954091 0.0974573918 
 0.0971498229 0.0945583919 0.0922286448 
 0.0922284521 0.0894259277 0.0869158995 
 0.0872886089 0.0842923417 0.0816201665 
 0.0824224622 0.0792560766 0.0764452490 
 0.0777217275 0.0744131898 0.0714905269 
 0.0732719509 0.0698511417 0.0668443813 
 0.0691477573 0.0656439679 0.0625794270 
 0.0654097894 0.0618495430 0.0587502035 
 0.0621036232 0.0585091036 0.0553933473 
 0.0592605055 0.0556487059 0.0525297500 
 0.0568994387 0.0532819958 0.0501679456 
 0.0550300127 0.0514135934 0.0483079569 
 0.0536554149 0.0500424914 0.0469449893 
 0.0527751737 0.0491650360 0.0460725692 
 0.0523873463 0.0487772377 0.0456849216 
 0.0524899860 0.0488762919 0.0457785068 
 0.0530818167 0.0494612668 0.0463527102 
 0.0541620980 0.0505329575 0.0474096940 
 0.0557296958 0.0520929191 0.0489534206 
 0.0577814166 0.0541417118 0.0509878604 
 0.0603097202 0.0566764374 0.0535144223 
 0.0633000186 0.0596877362 0.0565287349 
 0.0667278958 0.0631565492 0.0600170401 
 0.0705567040 0.0670511077 0.0639526501 
 0.0747360770 0.0713247478 0.0682930993 
 0.0792018702 0.0759151770 0.0729787147 
 0.0838778538 0.0807456722 0.0779332378 
 0.0886791470 0.0857283511 0.0830668023 
 0.0935169790 0.0907691776 0.0882810461 
 0.0983040120 0.0957739125 0.0934755770 
 0.1029593266 0.1006539620 0.0985546302 
 0.1074122766 0.1053311325 0.1034327263 
 0.1116047501 0.1097406330 0.1080384656 
 0.1154917660 0.1138321407 0.1123161285 
 0.1190406752 0.1175691725 0.1162252809 
 0.1222294203 0.1209272697 0.1197389299 
 0.1250443406 0.1238915697 0.1228408901 
 0.1274779224 0.1264542571 0.1255229473 
 0.1295267662 0.1286122316 0.1277822298 
 0.1311899063 0.1303651702 0.1296190114 
 0.1324675168 0.1317140342 0.1310350156 
 0.1333599747 0.1326599897 0.1320321915 
 0.1338672175 0.1332036730 0.1326118841 
 0.1339883340 0.1333447242 0.1327743105 
 0.1337213322 0.1330815264 0.1325182701 
 0.1330630577 0.1324111133 0.1318410416 
 0.1320092552 0.1313292373 0.1307384580 
 0.1305548005 0.1298306263 0.1292051868 
 0.1286941557 0.1279094885 0.1272352814 
 0.1264221285 0.1255603553 0.1248231015 
 0.1237350310 0.1227793687 0.1219647182 
 0.1206323264 0.1195661094 0.1186599068 
 0.1171188092 0.1159260111 0.1149147711 
 0.1132072707 0.1118732937 0.1107449130 
 0.1089214448 0.1074341707 0.1061788628 
 0.1042988356 0.1026498578 0.1012612319 
 0.0993928275 0.0975787003 0.0960548227 
 0.0942733786 0.0922966331 0.0906408434 
 0.0890256751 0.0868953215 0.0851165529 
 0.0837464639 0.0814777481 0.0795901651 
 0.0785383230 0.0761516542 0.0741735642 
 0.0735027189 0.0710218856 0.0689740676 
 0.0687330955 0.0661830735 0.0640868224 
 0.0643092587 0.0617140067 0.0595892513 
 0.0602939544 0.0576745610 0.0555383592 
 0.0567319430 0.0541053594 0.0519709438 
 0.0536512970 0.0510297246 0.0489061213 
 0.0510662665 0.0484571314 0.0463492640 
 0.0489809410 0.0463873097 0.0442964445 
 0.0473930213 0.0448142950 0.0427386821 
 0.0462972088 0.0437299601 0.0416655584 
 0.0456879242 0.0431267829 0.0410679975 
 0.0455612216 0.0429997631 0.0409401659 
 0.0459158611 0.0433474860 0.0412805174 
 0.0467535407 0.0441723514 0.0420920210 
 0.0480782914 0.0454799800 0.0433815830 
 0.0498950387 0.0472777836 0.0451586439 
 0.0522073476 0.0495726916 0.0474329152 
 0.0550144280 0.0523680680 0.0502112571 
 0.0583075952 0.0556599669 0.0534938002 
 0.0620665556 0.0594330587 0.0572696028 
 0.0662560852 0.0636567868 0.0615123853 
 0.0708238228 0.0682825198 0.0661771311 
 0.0756998989 0.0732425308 0.0711984706 
 0.0807989005 0.0784514610 0.0764916408 
 0.0860242000 0.0838104546 0.0819563662 
 0.0912740927 0.0892135019 0.0874832968 
 0.0964486796 0.0945549025 0.0929619267 
 0.1014562337 0.0997364441 0.0982884722 
 0.1062179759 0.1046730149 0.1033722468 
 0.1106706703 0.1092958738 0.1081395728 
 0.1147670281 0.1135534573 0.1125349966 
 0.1184743598 0.1174101532 0.1165202097 
 0.1217721331 0.1208437587 0.1200714442 
 0.1246490916 0.1238423692 0.1231761695 
 0.1271004358 0.1264012846 0.1258297556 
 0.1291253752 0.1285202997 0.1280325296 
 0.1307251791 0.1302015411 0.1297874171 
 0.1319017307 0.1314478627 0.1310981940 
 0.1326565175 0.1322617302 0.1319682738 
 0.1329899690 0.1326444940 0.1323999227 
 0.1329010545 0.1325959534 0.1323937935 
 0.1323870834 0.1321141423 0.1319486984 
 0.1314436793 0.1311953023 0.1310615813 
 0.1300649436 0.1298340526 0.1297276912 
 0.1282438605 0.1280238090 0.1279410070 
 0.1259730387 0.1257575464 0.1256950062 
 0.1232459146 0.1230290310 0.1229839020 
 0.1200585475 0.1198346562 0.1198044830 
 0.1164121068 0.1161759822 0.1161586553 
 0.1123160483 0.1120629739 0.1120566810 
 0.1077917920 0.1075177433 0.1075209226 
 0.1028764520 0.1025783315 0.1025896253 
 0.0976258740 0.0973017662 0.0973199792 
 0.0921160313 0.0917654240 0.0917894875 
 0.0864418638 0.0860657693 0.0860947157 
 0.0807130405 0.0803139570 0.0803469071 
 0.0750468698 0.0746285547 0.0746647166 
 0.0695594409 0.0691265155 0.0691651939 
 0.0643566993 0.0639141527 0.0639547618 
 0.0595272284 0.0590799122 0.0591219881 
 0.0551379888 0.0546901928 0.0547333989 
 0.0512334050 0.0507885680 0.0508326929 
 0.0478373590 0.0473979306 0.0474428778 
 0.0449571398 0.0445245738 0.0445703461 
 0.0425882820 0.0421631245 0.0422098050 
 0.0407194064 0.0403014373 0.0403491699 
 0.0393364814 0.0389248773 0.0389738472 
 0.0384262218 0.0380197178 0.0380701341 
 0.0379785565 0.0375755980 0.0376276766 
 0.0379882071 0.0375870885 0.0376410358 
 0.0384554527 0.0380544484 0.0381104439 
 0.0393861286 0.0389836227 0.0390418001 
 0.0407908592 0.0403854808 0.0404459070 
 0.0426834704 0.0422742398 0.0423368912 
 0.0450785076 0.0446649936 0.0447297316 
 0.0479878125 0.0475702922 0.0476368403 
 0.0514162303 0.0509958350 0.0510637634 
 0.0553567358 0.0549355537 0.0550042768 
 0.0597855667 0.0593666668 0.0594354637 
 0.0646582648 0.0642456092 0.0643136718 
 0.0699077035 0.0695059288 0.0695724409 
 0.0754450573 0.0750591372 0.0751233789 
 0.0811641478 0.0807989839 0.0808604485 
 0.0869487571 0.0866087748 0.0866672802 
 0.0926816313 0.0923704635 0.0924262393 
 0.0982533786 0.0979736977 0.0980274379 
 0.1035695521 0.1033230700 0.1033759491 
 0.1085548391 0.1083424531 0.1083961144 
 0.1131541542 0.1129761867 0.1130327161 
 0.1173311721 0.1171876482 0.1172495472 
 0.1210652327 0.1209561483 0.1210263161 
 0.1243475727 0.1242731247 0.1243548563 
 0.1271776269 0.1271383962 0.1272353969 
 0.1295598453 0.1295569340 0.1296733504 
 0.1315012064 0.1315363399 0.1316768056 
 0.1330094238 0.1330850289 0.1332547227 
 0.1340917428 0.1342110141 0.1344157295 
 0.1347541909 0.1349211531 0.1351673793 
 0.1350011526 0.1352207265 0.1355157386 
 0.1348351689 0.1351132436 0.1354652025 
 0.1342568993 0.1346004100 0.1350184686 
 0.1332652214 0.1336822294 0.1341766387 
 0.1318574847 0.1323572464 0.1329394503 
 0.1300299661 0.1306229732 0.1313056708 
 0.1277786113 0.1284765686 0.1292737138 
 0.1251001640 0.1259158643 0.1268425562 
 0.1219937916 0.1229408305 0.1240130402 
 0.1184632771 0.1195555502 0.1207896205 
 0.1145197648 0.1157706970 0.1171825605 
 0.1101848930 0.1116063831 0.1132104745 
 0.1054939377 0.1070950629 0.1089029600 
 0.1004983648 0.1022839770 0.1043028929 
 0.0952670344 0.0972364744 0.0994678215 
 0.0898853262 0.0920315467 0.0944698675 
 0.0844517635 0.0867611405 0.0893937085 
 0.0790722741 0.0815252757 0.0843325762 
 0.0738528951 0.0764255839 0.0793827032 
 0.0688922344 0.0715583678 0.0746370960 
 0.0642751138 0.0670084570 0.0701797375 
 0.0600684771 0.0628449218 0.0660812173 
 0.0563200112 0.0591191843 0.0623963930 
 0.0530592639 0.0558654739 0.0591641823 
 0.0503005773 0.0531031072 0.0564091328 
 0.0480469907 0.0508398559 0.0541441677 
 0.0462943426 0.0490756776 0.0523738502 
 0.0450350135 0.0478062439 0.0510976087 
 0.0442609844 0.0470259000 0.0503125309 
 0.0439660681 0.0467298677 0.0500154929 
 0.0441472846 0.0469156220 0.0502045107 
 0.0448053943 0.0475834290 0.0508792747 
 0.0459446064 0.0487360515 0.0520408615 
 0.0475714613 0.0503776295 0.0536906386 
 0.0496928799 0.0525117516 0.0558284035 
 0.0523134000 0.0551387778 0.0584498568 
 0.0554317098 0.0582525675 0.0615436100 
 0.0590367433 0.0618369218 0.0650880666 
 0.0631038142 0.0658622322 0.0690486708 
 0.0675914789 0.0702829926 0.0733761245 
 0.0724399334 0.0750368848 0.0780061650 
 0.0775716604 0.0800459986 0.0828613008 
 0.0828946773 0.0852203684 0.0878545275 
 0.0883081425 0.0904634661 0.0928945767 
 0.0937094394 0.0956787635 0.0978918372 
 0.0990014340 0.1007761791 0.1027639183 
 0.1040985787 0.1056772888 0.1074399448 
 0.1089309209 0.1103185675 0.1118630546 
 0.1134456879 0.1146524731 0.1159910256 
 0.1176067091 0.1186466704 0.1197953509 
 0.1213923090 0.1222819812 0.1232592869 
 0.1247924092 0.1255497078 0.1263754265 
 0.1278054755 0.1284488711 0.1291432448 
 0.1304357446 0.1309837251 0.1315669124 
 0.1326909503 0.1331617291 0.1336535153 
 0.1345806090 0.1349920171 0.1354117116 
 0.1361148168 0.1364843228 0.1368507824 
 0.1373034642 0.1376482732 0.1379800023 
 0.1381557652 0.1384929596 0.1388082523 
 0.1386800059 0.1390267074 0.1393438059 
 0.1388834434 0.1392569791 0.1395942352 
 0.1387723071 0.1391903724 0.1395664025 
 0.1383518739 0.1388326866 0.1392665153 
 0.1376266078 0.1381890477 0.1387002352 
 0.1366003674 0.1372640939 0.1378728407 
 0.1352766938 0.1360622297 0.1367894498 
 0.1336592042 0.1345879670 0.1354553142 
 0.1317521185 0.1328463729 0.1338761990 
 0.1295609469 0.1308436455 0.1320588630 
 0.1270933593 0.1285878313 0.1300116500 
 0.1243602338 0.1260896844 0.1277451873 
 0.1213768456 0.1233636384 0.1252731738 
 0.1181641096 0.1204288266 0.1226132077 
 0.1147497305 0.1173100449 0.1197875768 
 0.1111690662 0.1140385087 0.1168239036 
 0.1074654832 0.1106522382 0.1137555161 
 0.1036900090 0.1071959102 0.1106214228 
 0.0999001661 0.1037200720 0.1074657964 
 0.0961580103 0.1002797030 0.1043369374 
 0.0925275550 0.0969322279 0.1012857689 
 0.0890719032 0.0937351982 0.0983640020 
 0.0858504773 0.0907439286 0.0956221726 
 0.0829167140 0.0880093830 0.0931077744 
 0.0803164818 0.0855765434 0.0908636860 
 0.0780873173 0.0834833900 0.0889270214 
 0.0762584194 0.0817604926 0.0873284496 
 0.0748512152 0.0804311122 0.0860919370 
 0.0738802507 0.0795116383 0.0852348096 
 0.0733541534 0.0790121675 0.0847679961 
 0.0732764481 0.0789370439 0.0846963165 
 0.0736460737 0.0792852260 0.0850187084 
 0.0744575156 0.0800504046 0.0857283296 
 0.0757005491 0.0812208638 0.0868125275 
 0.0773596551 0.0827791431 0.0882527213 
 0.0794132464 0.0847016142 0.0900242889 
 0.0818328920 0.0869581349 0.0920965786 
 0.0845827725 0.0895119571 0.0944331720 
 0.0876195973 0.0923200559 0.0969925048 
 0.0908931706 0.0953339905 0.0997288961 
 0.0943476960 0.0985013212 0.1025939691 
 0.0979237723 0.1017674977 0.1055383635 
 0.1015608873 0.1050780324 0.1085135774 
 0.1052001024 0.1083807048 0.1114737420 
 0.1087865759 0.1116275355 0.1143771401 
 0.1122716085 0.1147763113 0.1171873288 
 0.1156140035 0.1177915365 0.1198737956 
 0.1187806727 0.1206447883 0.1224121530 
 0.1217465513 0.1233145473 0.1247839379 
 0.1244939763 0.1257856306 0.1269761194 
 0.1270117245 0.1280483791 0.1289804281 
 0.1292938953 0.1300977379 0.1307926086 
 0.1313387894 0.1319323395 0.1324116757 
 0.1331478830 0.1335536627 0.1338392256 
 0.1347249503 0.1349653048 0.1350788298 
 0.1360753503 0.1361723780 0.1361355198 
 0.1372054682 0.1371810247 0.1370153599 
 0.1381222924 0.1379980362 0.1377250971 
 0.1388330998 0.1386305580 0.1382718793 
 0.1393452298 0.1390858656 0.1386630288 
 0.1396659263 0.1393711989 0.1389058652 
 0.1398022357 0.1394936454 0.1390075723 
 0.1397609524 0.1394600665 0.1389751041 
 0.1395486060 0.1392770651 0.1388151306 
 0.1391714880 0.1389509902 0.1385340211 
 0.1386357184 0.1384879811 0.1381378653 
 0.1379473506 0.1378940486 0.1376325326 
 0.1371125167 0.1371751941 0.1370237686 
 0.1361376131 0.1363375654 0.1363173253 
 0.1350295255 0.1353876475 0.1355191256 
 0.1337958903 0.1343324832 0.1346354533 
 0.1324453864 0.1331799185 0.1336731645 
 0.1309880468 0.1319388617 0.1326399091 
 0.1294355728 0.1306195419 0.1315443510 
 0.1278016288 0.1292337499 0.1303963712 
 0.1261020862 0.1277950371 0.1292072354 
 0.1243551857 0.1263188481 0.1279897067 
 0.1225815795 0.1248225601 0.1267580843 
 0.1208042259 0.1233254067 0.1255281481 
 0.1190481129 0.1218482675 0.1243169989 
 0.1173398062 0.1204133188 0.1231427859 
 0.1157068329 0.1190435498 0.1220243250 
 0.1141769338 0.1177621658 0.1209806219 
 0.1127772289 0.1165919083 0.1200303207 
 0.1115333526 0.1155543340 0.1191911092 
 0.1104686147 0.1146690953 0.1184791123 
 0.1096032343 0.1139532627 0.1179083101 
 0.1089536854 0.1134207259 0.1174900105 
 0.1085321737 0.1130816988 0.1172324035 
 0.1083462554 0.1129423457 0.1171402187 
 0.1083985988 0.1130045409 0.1172144994 
 0.1086868840 0.1132657639 0.1174525036 
 0.1092038405 0.1137191354 0.1178477368 
 0.1099374222 0.1143535925 0.1183901161 
 0.1108711235 0.1151542033 0.1190662630 
 0.1119844405 0.1161026144 0.1198599151 
 0.1132534742 0.1171776225 0.1207524425 
 0.1146516640 0.1183558479 0.1217234468 
 0.1161506269 0.1196124841 0.1227514151 
 0.1177210627 0.1209220856 0.1238143980 
 0.1193336740 0.1222593521 0.1248906752 
 0.1209600475 0.1235998661 0.1259593783 
 0.1225734411 0.1249207461 0.1270010411 
 0.1241494357 0.1262011860 0.1279980564 
 0.1256664238 0.1274228620 0.1289350297 
 0.1271059248 0.1285702047 0.1297990244 
 0.1284527361 0.1296305401 0.1305797051 
 0.1296949377 0.1305941173 0.1312693882 
 0.1308237809 0.1314540399 0.1318630128 
 0.1318334885 0.1322061242 0.1323580460 
 0.1327209972 0.1328487012 0.1327543347 
 0.1334856633 0.1333823807 0.1330539151 
 0.1341289510 0.1338097882 0.1332607865 
 0.1346541153 0.1341352849 0.1333806579 
 0.1350658869 0.1343646770 0.1334206718 
 0.1353701655 0.1345049191 0.1333891095 
 0.1355737233 0.1345638170 0.1332950838 
 0.1356839242 0.1345497348 0.1331482261 
 0.1357084602 0.1344713104 0.1329583739 
 0.1356551101 0.1343371882 0.1327352680 
 0.1355315243 0.1341557730 0.1324882701 
 0.1353450418 0.1339350154 0.1322261086 
 0.1351025427 0.1336822334 0.1319566638 
 0.1348103419 0.1334039772 0.1316868012 
 0.1344741270 0.1331059429 0.1314222575 
 0.1340989415 0.1327929365 0.1311675859 
 0.1336892145 0.1324688898 0.1309261600 
 0.1332488339 0.1321369259 0.1307002360 
 0.1327812598 0.1317994700 0.1304910666 
 0.1322896714 0.1314583983 0.1302990611 
 0.1317771387 0.1311152157 0.1301239790 
 0.1312468099 0.1307712522 0.1299651465 
 0.1307021023 0.1304278652 0.1298216829 
 0.1301468833 0.1300866345 0.1296927214 
 0.1295856314 0.1297495378 0.1295776120 
 0.1290235598 0.1294190943 0.1294760938 
 0.1284666952 0.1290984644 0.1293884252 
 0.1279218980 0.1287914979 0.1293154635 
 0.1273968183 0.1285027228 0.1292586890 
 0.1268997832 0.1282372730 0.1292201696 
 0.1264396146 0.1280007537 0.1292024681 
 0.1260253840 0.1277990501 0.1292084957 
 0.1256661122 0.1276380872 0.1292413197 
 0.1253704285 0.1275235522 0.1293039352 
 0.1251462059 0.1274605930 0.1293990147 
 0.1250001925 0.1274535118 0.1295286488 
 0.1249376588 0.1275054683 0.1296940944 
 0.1249620809 0.1276182118 0.1298955447 
 0.1250748800 0.1277918584 0.1301319359 
 0.1252752307 0.1280247263 0.1304008025 
 0.1255599550 0.1283132422 0.1306981912 
 0.1259235063 0.1286519241 0.1310186404 
 0.1263580503 0.1290334462 0.1313552281 
 0.1268536391 0.1294487831 0.1316996876 
 0.1273984737 0.1298874286 0.1320425868 
 0.1279792420 0.1303376791 0.1323735636 
 0.1285815181 0.1307869693 0.1326816073 
 0.1291902020 0.1312222442 0.1329553735 
 0.1297899804 0.1316303512 0.1331835208 
 0.1303657869 0.1319984365 0.1333550557 
 0.1309032426 0.1323143295 0.1334596747 
 0.1313890616 0.1325669050 0.1334880941 
 0.1318114077 0.1327464104 0.1334323587 
 0.1321601967 0.1328447548 0.1332861249 
 0.1324273380 0.1328557518 0.1330449125 
 0.1326069168 0.1327753173 0.1327063219 
 0.1326953173 0.1326016180 0.1322702136 
 0.1326912885 0.1323351715 0.1317388442 
 0.1325959553 0.1319788942 0.1311169551 
 0.1324127766 0.1315380952 0.1304118034 
 0.1321474494 0.1310204116 0.1296331288 
 0.1318077594 0.1304356804 0.1287930455 
 0.1314033778 0.1297957441 0.1279058510 
 0.1309456033 0.1291141857 0.1269877463 
 0.1304470535 0.1284059958 0.1260564669 
 0.1299213088 0.1276871760 0.1251308300 
 0.1293825182 0.1269742887 0.1242302118 
 0.1288449790 0.1262839694 0.1233739747 
 0.1283227059 0.1256324214 0.1225808711 
 0.1278290070 0.1250349153 0.1218684526 
 0.1273760862 0.1245053178 0.1212525158 
 0.1269746904 0.1240556735 0.1207466115 
 0.1266338174 0.1236958590 0.1203616423 
 0.1263604999 0.1234333250 0.1201055636 
 0.1261596721 0.1232729382 0.1199832022 
 0.1260341259 0.1232169272 0.1199961937 
 0.1259845548 0.1232649316 0.1201430404 
 0.1260096811 0.1234141492 0.1204192817 
 0.1261064564 0.1236595706 0.1208177666 
 0.1262703229 0.1239942869 0.1213290133 
 0.1264955186 0.1244098515 0.1219416358 
 0.1267754095 0.1248966775 0.1226428167 
 0.1271028283 0.1254444463 0.1234187989 
 0.1274704021 0.1260425067 0.1242553715 
 0.1278708511 0.1266802440 0.1251383237 
 0.1282972440 0.1273473997 0.1260538449 
 0.1287431981 0.1280343298 0.1269888519 
 0.1292030171 0.1287321910 0.1279312329 
 0.1296717638 0.1294330530 0.1288700028 
 0.1301452682 0.1301299366 0.1297953715 
 0.1306200753 0.1308167855 0.1306987334 
 0.1310933424 0.1314883791 0.1315725883 
 0.1315626930 0.1321401998 0.1324104109 
 0.1320260426 0.1327682677 0.1332064815 
 0.1324814065 0.1333689557 0.1339556958 
 0.1329267042 0.1339387989 0.1346533676 
 0.1333595721 0.1344743112 0.1352950370 
 0.1337771968 0.1349718189 0.1358762957 
 0.1341761775 0.1354273219 0.1363926386 
 0.1345524280 0.1358363892 0.1368393472 
 0.1349011228 0.1361940946 0.1372114117 
 0.1352166904 0.1364949952 0.1375034932 
 0.1354928575 0.1367331556 0.1377099273 
 0.1357227395 0.1369022148 0.1378247706 
 0.1358989772 0.1369954958 0.1378418855 
 0.1360139125 0.1370061533 0.1377550644 
 0.1360597983 0.1369273546 0.1375581880 
 0.1360290346 0.1367524900 0.1372454149 
 0.1359144248 0.1364754072 0.1368114007 
 0.1357094439 0.1360906647 0.1362515435 
 0.1354085144 0.1355938001 0.1355622523 
 0.1350072815 0.1349816093 0.1347412385 
 0.1345028847 0.1342524325 0.1337878256 
 0.1338942188 0.1334064413 0.1327032742 
 0.1331821780 0.1324459199 0.1314911137 
 0.1323698761 0.1313755323 0.1301574690 
 0.1314628318 0.1302025583 0.1287113634 
 0.1304691064 0.1289370832 0.1271649715 
 0.1293993787 0.1275921167 0.1255337918 
 0.1282669392 0.1261836165 0.1238367011 
 0.1270875874 0.1247303916 0.1220958576 
 0.1258794172 0.1232538647 0.1203364237 
 0.1246624829 0.1217776827 0.1185860943 
 0.1234583453 0.1203271754 0.1168744363 
 0.1222895098 0.1189286805 0.1152320646 
 0.1211787776 0.1176087649 0.1136897012 
 0.1201485424 0.1163933867 0.1122771791 
 0.1192200700 0.1153070480 0.1110224563 
 0.1184128013 0.1143719877 0.1099507015 
 0.1177437159 0.1136074603 0.1090835007 
 0.1172267893 0.1130291325 0.1084382184 
 0.1168725673 0.1126486219 0.1080275248 
 0.1166878728 0.1124731873 0.1078590926 
 0.1166756535 0.1125055726 0.1079354544 
 0.1168349700 0.1127440032 0.1082540096 
 0.1171611210 0.1131823255 0.1088071735 
 0.1176458970 0.1138102849 0.1095826636 
 0.1182779484 0.1146139311 0.1105639197 
 0.1190432528 0.1155761374 0.1117306544 
 0.1199256578 0.1166772168 0.1130595235 
 0.1209074746 0.1178956070 0.1145248955 
 0.1219700894 0.1192085924 0.1160996864 
 0.1230945623 0.1205930243 0.1177562165 
 0.1242621803 0.1220259976 0.1194670350 
 0.1254549371 0.1234854479 0.1212056632 
 0.1266559185 0.1249506369 0.1229472101 
 0.1278495809 0.1264025084 0.1246688306 
 0.1290219193 0.1278239074 0.1263500135 
 0.1301605311 0.1291996683 0.1279727025 
 0.1312545881 0.1305165884 0.1295212712 
 0.1322947330 0.1317633088 0.1309823791 
 0.1332729214 0.1329301276 0.1323447446 
 0.1341822275 0.1340087721 0.1335988656 
 0.1350166318 0.1349921499 0.1347367196 
 0.1357708070 0.1358741012 0.1357514653 
 0.1364399142 0.1366491637 0.1366371639 
 0.1370194204 0.1373123626 0.1373885305 
 0.1375049436 0.1378590327 0.1380007253 
 0.1378921322 0.1382846769 0.1384691852 
 0.1381765820 0.1385848645 0.1387894995 
 0.1383537916 0.1387551691 0.1389573291 
 0.1384191592 0.1387911488 0.1389683690 
 