0.1340177461 0.1327703164 0.1312007861 
 0.1335088305 0.1324095746 0.1309885659 
 0.1329718762 0.1320409305 0.1307887948 
 0.1324079148 0.1316637989 0.1305990414 
 0.1318182552 0.1312776494 0.1304167077 
 0.1312047211 0.1308822550 0.1302393022 
 0.1305698764 0.1304779281 0.1300646987 
 0.1299172234 0.1300657278 0.1298913659 
 0.1292513607 0.1296476280 0.1297185564 
 0.1285780880 0.1292266348 0.1295464436 
 0.1279044462 0.1288068426 0.1293762004 
 0.1272386830 0.1283934237 0.1292100123 
 0.1265901408 0.1279925473 0.1290510251 
 0.1259690627 0.1276112276 0.1289032271 
 0.1253863240 0.1272571053 0.1287712713 
 0.1248530952 0.1269381715 0.1286602447 
 0.1243804543 0.1266624454 0.1285753972 
 0.1239789651 0.1264376217 0.1285218430 
 0.1236582442 0.1262707064 0.1285042501 
 0.1234265397 0.1261676600 0.1285265351 
 0.1232903448 0.1261330673 0.1285915790 
 0.1232540662 0.1261698532 0.1287009818 
 0.1233197672 0.1262790596 0.1288548677 
 0.1234869978 0.1264596970 0.1290517536 
 0.1237527231 0.1267086795 0.1292884894 
 0.1241113537 0.1270208482 0.1295602722 
 0.1245548799 0.1273890831 0.1298607381 
 0.1250731028 0.1278044990 0.1301821242 
 0.1256539538 0.1282567162 0.1305154967 
 0.1262838860 0.1287341933 0.1308510319 
 0.1269483208 0.1292246067 0.1311783390 
 0.1276321252 0.1297152571 0.1314868083 
 0.1283200992 0.1301934868 0.1317659718 
 0.1289974487 0.1306470873 0.1320058597 
 0.1296502252 0.1310646820 0.1321973425 
 0.1302657143 0.1314360719 0.1323324439 
 0.1308327615 0.1317525319 0.1324046199 
 0.1313420295 0.1320070527 0.1324089940 
 0.1317861812 0.1321945246 0.1323425458 
 0.1321599932 0.1323118601 0.1322042477 
 0.1324604003 0.1323580578 0.1319951490 
 0.1326864766 0.1323342063 0.1317184016 
 0.1328393594 0.1322434312 0.1313792283 
 0.1329221197 0.1320907848 0.1309848287 
 0.1329395853 0.1318830828 0.1305442227 
 0.1328981210 0.1316286877 0.1300680315 
 0.1328053717 0.1313372447 0.1295681967 
 0.1326699743 0.1310193755 0.1290576450 
 0.1325012456 0.1306863366 0.1285499056 
 0.1323088558 0.1303496543 0.1280586928 
 0.1321024975 0.1300207475 0.1275974712 
 0.1318915621 0.1297105550 0.1271790199 
 0.1316848367 0.1294291808 0.1268150170 
 0.1314902323 0.1291855751 0.1265156634 
 0.1313145566 0.1289872642 0.1262893634 
 0.1311633411 0.1288401432 0.1261424785 
 0.1310407289 0.1287483392 0.1260791644 
 0.1309494279 0.1287141525 0.1261012985 
 0.1308907318 0.1287380755 0.1262085008 
 0.1308646037 0.1288188880 0.1263982435 
 0.1308698181 0.1289538213 0.1266660432 
 0.1309041515 0.1291387803 0.1270057239 
 0.1309646097 0.1293686108 0.1274097338 
 0.1310476776 0.1296373950 0.1278694986 
 0.1311495784 0.1299387591 0.1283757917 
 0.1312665257 0.1302661751 0.1289190990 
 0.1313949554 0.1306132416 0.1294899606 
 0.1315317257 0.1309739272 0.1300792723 
 0.1316742735 0.1313427687 0.1306785323 
 0.1318207210 0.1317150128 0.1312800257 
 0.1319699269 0.1320866987 0.1318769413 
 0.1321214821 0.1324546814 0.1324634207 
 0.1322756506 0.1328165968 0.1330345445 
 0.1324332594 0.1331707750 0.1335862620 
 0.1325955465 0.1335161103 0.1341152735 
 0.1327639735 0.1338518967 0.1346188781 
 0.1329400159 0.1341776398 0.1350947967 
 0.1331249416 0.1344928584 0.1355409831 
 0.1333195917 0.1347968852 0.1359554359 
 0.1335241747 0.1350886808 0.1363360197 
 0.1337380880 0.1353666696 0.1366803085 
 0.1339597755 0.1356286081 0.1369854569 
 0.1341866320 0.1358714939 0.1372481081 
 0.1344149602 0.1360915195 0.1374643417 
 0.1346399826 0.1362840750 0.1376296666 
 0.1348559122 0.1364438017 0.1377390576 
 0.1350560770 0.1365646933 0.1377870369 
 0.1352330943 0.1366402425 0.1377677970 
 0.1353790885 0.1366636264 0.1376753607 
 0.1354859424 0.1366279261 0.1375037752 
 0.1355455725 0.1365263701 0.1372473321 
 0.1355502180 0.1363525965 0.1369008111 
 0.1354927341 0.1361009240 0.1364597374 
 0.1353668787 0.1357666255 0.1359206518 
 0.1351675861 0.1353461972 0.1352813831 
 0.1348912192 0.1348376153 0.1345413204 
 0.1345357934 0.1342405747 0.1337016756 
 0.1341011652 0.1335567001 0.1327657273 
 0.1335891811 0.1327897228 0.1317390350 
 0.1330037765 0.1319456102 0.1306296087 
 0.1323510200 0.1310326379 0.1294480158 
 0.1316390926 0.1300613912 0.1282074068 
 0.1308781965 0.1290446823 0.1269234413 
 0.1300803861 0.1279973741 0.1256140969 
 0.1292593179 0.1269361038 0.1242993519 
 0.1284299220 0.1258789061 0.1230007432 
 0.1276080001 0.1248447440 0.1217408073 
 0.1268097638 0.1238529654 0.1205424303 
 0.1260513314 0.1229227063 0.1194281378 
 0.1253482069 0.1220722748 0.1184193660 
 0.1247147658 0.1213185458 0.1175357540 
 0.1241637765 0.1206764003 0.1167944977 
 0.1237059793 0.1201582380 0.1162097972 
 0.1233497473 0.1197735867 0.1157924212 
 0.1231008419 0.1195288246 0.1155494040 
 0.1229622756 0.1194270260 0.1154838801 
 0.1229342849 0.1194679322 0.1155950579 
 0.1230144132 0.1196480465 0.1158783271 
 0.1231976953 0.1199608448 0.1163254935 
 0.1234769349 0.1203970913 0.1169251294 
 0.1238430570 0.1209452433 0.1176630264 
 0.1242855184 0.1215919244 0.1185227332 
 0.1247927548 0.1223224458 0.1194861536 
 0.1253526400 0.1231213459 0.1205341775 
 0.1259529359 0.1239729245 0.1216473142 
 0.1265817092 0.1248617420 0.1228062918 
 0.1272276984 0.1257730613 0.1239925959 
 0.1278806125 0.1266932125 0.1251889173 
 0.1285313543 0.1276098672 0.1263794941 
 0.1291721611 0.1285122171 0.1275503377 
 0.1297966650 0.1293910570 0.1286893438 
 0.1303998748 0.1302387790 0.1297862973 
 0.1309780901 0.1310492904 0.1308327861 
 0.1315287570 0.1318178663 0.1318220424 
 0.1320502777 0.1325409559 0.1327487309 
 0.1325417876 0.1332159548 0.1336087038 
 0.1330029127 0.1338409603 0.1343987388 
 0.1334335207 0.1344145224 0.1351162771 
 0.1338334786 0.1349354024 0.1357591718 
 0.1342024274 0.1354023515 0.1363254589 
 0.1345395853 0.1358139159 0.1368131570 
 0.1348435875 0.1361682785 0.1372201037 
 0.1351123696 0.1364631409 0.1375438323 
 0.1353431003 0.1366956508 0.1377814909 
 0.1355321658 0.1368623772 0.1379298077 
 0.1356752058 0.1369593328 0.1379851007 
 0.1357672011 0.1369820435 0.1379433315 
 0.1358026079 0.1369256620 0.1378002019 
 0.1357755337 0.1367851217 0.1375512902 
 0.1356799501 0.1365553262 0.1371922241 
 0.1355099324 0.1362313699 0.1367188875 
 0.1352599219 0.1358087833 0.1361276575 
 0.1349250013 0.1352837994 0.1354156686 
 0.1345011765 0.1346536341 0.1345811016 
 0.1339856592 0.1339167766 0.1336234919 
 0.1333771405 0.1330732828 0.1325440537 
 0.1326760516 0.1321250636 0.1313460104 
 0.1318848000 0.1310761590 0.1300349204 
 0.1310079719 0.1299329843 0.1286189804 
 0.1300524895 0.1287045310 0.1271092832 
 0.1290277076 0.1274025022 0.1255200014 
 0.1279454346 0.1260413602 0.1238684642 
 0.1268198626 0.1246382640 0.1221750969 
 0.1256673945 0.1232128772 0.1204631961 
 0.1245063592 0.1217870362 0.1187585273 
 0.1233566151 0.1203842778 0.1170887460 
 0.1222390509 0.1190292399 0.1154826652 
 0.1211750020 0.1177469609 0.1139694070 
 0.1201856093 0.1165621162 0.1125774920 
 0.1192911537 0.1154982347 0.1113339247 
 0.1185104013 0.1145769414 0.1102633317 
 0.1178599947 0.1138172648 0.1093871975 
 0.1173539190 0.1132350436 0.1087232314 
 0.1170030671 0.1128424532 0.1082848786 
 0.1168149198 0.1126476641 0.1080809815 
 0.1167933503 0.1126546386 0.1081155836 
 0.1169385567 0.1128630629 0.1083878695 
 0.1172471221 0.1132684139 0.1088922351 
 0.1177121976 0.1138621559 0.1096184844 
 0.1183237989 0.1146320617 0.1105521547 
 0.1190692067 0.1155626507 0.1116749712 
 0.1199334512 0.1166357312 0.1129654266 
 0.1208998606 0.1178310264 0.1143994723 
 0.1219506449 0.1191268552 0.1159512961 
 0.1230674853 0.1205008346 0.1175941469 
 0.1242320967 0.1219305628 0.1193011594 
 0.1254267344 0.1233942431 0.1210461237 
 0.1266346181 0.1248712159 0.1228041549 
 0.1278402587 0.1263423716 0.1245522208 
 0.1290296768 0.1277904327 0.1262695079 
 0.1301905149 0.1292001021 0.1279376200 
 0.1313120510 0.1305580901 0.1295406207 
 0.1323851285 0.1318530361 0.1310649445 
 0.1334020185 0.1330753513 0.1324992055 
 0.1343562353 0.1342170035 0.1338339395 
 0.1352423220 0.1352712707 0.1350613076 
 0.1360556235 0.1362324818 0.1361747891 
 0.1367920610 0.1370957626 0.1371688828 
 0.1374479207 0.1378567983 0.1380388327 
 0.1380196640 0.1385116228 0.1387803862 
 0.1385037686 0.1390564415 0.1393895902 
 0.1388966048 0.1394874908 0.1398626305 
 0.1391943493 0.1398009376 0.1401957118 
 0.1393929408 0.1399928189 0.1403849821 
 0.1394880760 0.1400590238 0.1404264982 
 0.1394752472 0.1399953150 0.1403162332 
 0.1393498190 0.1397973904 0.1400501244 
 0.1391071434 0.1394609844 0.1396241624 
 0.1387427109 0.1389820063 0.1390345205 
 0.1382523351 0.1383567173 0.1382777279 
 0.1376323698 0.1375819457 0.1373508879 
 0.1368799559 0.1366553407 0.1362519452 
 0.1359932977 0.1355756661 0.1349800068 
 0.1349719652 0.1343431349 0.1335357202 
 0.1338172193 0.1329597812 0.1319217085 
 0.1325323544 0.1314298647 0.1301430568 
 0.1311230457 0.1297602952 0.1282078338 
 0.1295976854 0.1279610517 0.1261276185 
 0.1279676829 0.1260455671 0.1239179873 
 0.1262476963 0.1240310302 0.1215988984 
 0.1244557601 0.1219385561 0.1191949042 
 0.1226132681 0.1197931715 0.1167351209 
 0.1207447809 0.1176235701 0.1142528977 
 0.1188776335 0.1154616145 0.1117851588 
 0.1170413435 0.1133415842 0.1093714334 
 0.1152668365 0.1112992074 0.1070526317 
 0.1135855327 0.1093705396 0.1048696687 
 0.1120283532 0.1075907744 0.1028620547 
 0.1106247148 0.1059930809 0.1010665766 
 0.1094015800 0.1046075477 0.0995161678 
 0.1083826169 0.1034602957 0.0982390263 
 0.1075875071 0.1025727896 0.0972579968 
 0.1070314186 0.1019613525 0.0965901935 
 0.1067246460 0.1016368615 0.0962468121 
 0.1066724058 0.1016045979 0.0962330746 
 0.1068747757 0.1018642191 0.0965482556 
 0.1073267627 0.1024098350 0.0971857605 
 0.1080184972 0.1032301814 0.0981332516 
 0.1089355499 0.1043089012 0.0993728452 
 0.1100593752 0.1056249504 0.1008814193 
 0.1113678813 0.1071531472 0.1026310776 
 0.1128361197 0.1088648768 0.1045898097 
 0.1144370718 0.1107289391 0.1067223571 
 0.1161424993 0.1127125113 0.1089912665 
 0.1179238104 0.1147821685 0.1113580710 
 0.1197528862 0.1169048934 0.1137845121 
 0.1216028142 0.1190489989 0.1162336983 
 0.1234484855 0.1211848968 0.1186711029 
 0.1252670230 0.1232856657 0.1210653225 
 0.1270380348 0.1253273952 0.1233885560 
 0.1287436974 0.1272893115 0.1256168008 
 0.1303686928 0.1291537125 0.1277297957 
 0.1319000324 0.1309057530 0.1297107646 
 0.1333268011 0.1325331282 0.1315460250 
 0.1346398584 0.1340257018 0.1332245231 
 0.1358315234 0.1353751169 0.1347373485 
 0.1368952679 0.1365744200 0.1360772689 
 0.1378254332 0.1376177186 0.1372383086 
 0.1386169815 0.1384998819 0.1382153872 
 0.1392652875 0.1392162932 0.1390040205 
 0.1397659724 0.1397626520 0.1396000849 
 0.1401147822 0.1401348270 0.1399996404 
 0.1403075091 0.1403287563 0.1401988080 
 0.1403399548 0.1403403937 0.1401936977 
 0.1402079358 0.1401656988 0.1399803833 
 0.1399073299 0.1398006715 0.1395549261 
 0.1394341645 0.1392414308 0.1389134452 
 0.1387847478 0.1384843421 0.1380522435 
 0.1379558460 0.1375261978 0.1369679948 
 0.1369449119 0.1363644589 0.1356580057 
 0.1357503688 0.1349975685 0.1341205664 
 0.1343719570 0.1334253463 0.1323554077 
 0.1328111468 0.1316494735 0.1303642766 
 0.1310716188 0.1296740705 0.1281516362 
 0.1291598005 0.1275063562 0.1257254762 
 0.1270854413 0.1251573611 0.1230981954 
 0.1248621827 0.1226426413 0.1202874838 
 0.1225080699 0.1199829127 0.1173170947 
 0.1200459280 0.1172045056 0.1142173715 
 0.1175035220 0.1143395295 0.1110253825 
 0.1149134223 0.1114256469 0.1077845405 
 0.1123125219 0.1085053951 0.1045436404 
 0.1097411894 0.1056250523 0.1013553393 
 0.1072420936 0.1028331186 0.0982742016 
 0.1048587887 0.1001785495 0.0953545184 
 0.1026341843 0.0977089244 0.0926481559 
 0.1006090440 0.0954687402 0.0902026769 
 0.0988206413 0.0934979873 0.0880599106 
 0.0973016681 0.0918311035 0.0862550569 
 0.0960794380 0.0904963260 0.0848162998 
 0.0951753795 0.0895153952 0.0837648285 
 0.0946047701 0.0889035161 0.0831151130 
 0.0943766462 0.0886694667 0.0828752707 
 0.0944938193 0.0888157489 0.0830473882 
 0.0949529464 0.0893387105 0.0836277021 
 0.0957446318 0.0902286082 0.0846066058 
 0.0968535684 0.0914696278 0.0859685077 
 0.0982587540 0.0930399214 0.0876916229 
 0.0999338363 0.0949117475 0.0897478224 
 0.1018476421 0.0970518119 0.0921026819 
 0.1039649287 0.0994218887 0.0947158678 
 0.1062473652 0.1019797642 0.0975419485 
 0.1086547077 0.1046804886 0.1005316555 
 0.1111460938 0.1074778566 0.1036335238 
 0.1136813504 0.1103259877 0.1067957645 
 0.1162221970 0.1131808481 0.1099681633 
 0.1187332420 0.1160015591 0.1131037876 
 0.1211826961 0.1187513762 0.1161603230 
 0.1235427740 0.1213982747 0.1191009261 
 0.1257897930 0.1239151420 0.1218945698 
 0.1279040161 0.1262796269 0.1245159322 
 0.1298693039 0.1284737295 0.1269449311 
 0.1316726482 0.1304832280 0.1291660322 
 0.1333036521 0.1322970317 0.1311674504 
 0.1347540105 0.1339065322 0.1329403438 
 0.1360170274 0.1353050037 0.1344780686 
 0.1370871922 0.1364870803 0.1357755347 
 0.1379598238 0.1374483224 0.1368286748 
 0.1386307851 0.1381848720 0.1376340283 
 0.1390962636 0.1386931896 0.1381884260 
 0.1393526130 0.1389698648 0.1384887643 
 0.1393962510 0.1390114911 0.1385318552 
 0.1392236090 0.1388145991 0.1383143419 
 0.1388311321 0.1383756456 0.1378326768 
 0.1382153312 0.1376910591 0.1370831630 
 0.1373728906 0.1367573493 0.1360620668 
 0.1363008409 0.1355712914 0.1347658187 
 0.1349968081 0.1341302026 0.1331913246 
 0.1334593556 0.1324323338 0.1313364191 
 0.1316884367 0.1304774004 0.1292004919 
 0.1296859706 0.1282672727 0.1267853156 
 0.1274565499 0.1258068345 0.1240960860 
 0.1250082670 0.1231049936 0.1211426489 
 0.1223536201 0.1201757917 0.1179408445 
 0.1195104273 0.1170395125 0.1145138280 
 0.1165026373 0.1137236388 0.1108931707 
 0.1133608956 0.1102634710 0.1071194944 
 0.1101227160 0.1067022140 0.1032423978 
 0.1068321269 0.1030903747 0.0993194986 
 0.1035387201 0.0994844091 0.0954145510 
 0.1002961229 0.0959446824 0.0915947783 
 0.0971600172 0.0925329487 0.0879277392 
 0.0941859198 0.0893096632 0.0844781566 
 0.0914269860 0.0863314733 0.0813051530 
 0.0889320884 0.0836491960 0.0784602331 
 0.0867443575 0.0813064710 0.0759861883 
 0.0849002682 0.0793391383 0.0739168998 
 0.0834292503 0.0777752508 0.0722778641 
 0.0823537145 0.0766355381 0.0710871716 
 0.0816893329 0.0759340929 0.0703566412 
 0.0814454031 0.0756790579 0.0700928486 
 0.0816251481 0.0758731339 0.0702978451 
 0.0822258527 0.0765137906 0.0709694430 
 0.0832387982 0.0775931382 0.0721010229 
 0.0846490221 0.0790974944 0.0736809000 
 0.0864349942 0.0810067505 0.0756913643 
 0.0885683452 0.0832937097 0.0781075853 
 0.0910138132 0.0859236073 0.0808966337 
 0.0937295641 0.0888540361 0.0840169050 
 0.0966679989 0.0920354604 0.0874182091 
 0.0997770810 0.0954124176 0.0910427114 
 0.1030021145 0.0989253770 0.0948267631 
 0.1062878082 0.1025130895 0.0987034777 
 0.1095803909 0.1061151474 0.1026057421 
 0.1128295283 0.1096744231 0.1064692452 
 0.1159898278 0.1131390804 0.1102351068 
 0.1190218040 0.1164639478 0.1138517826 
 0.1218922703 0.1196111724 0.1172760899 
 0.1245742173 0.1225502015 0.1204733703 
 0.1270462962 0.1252572307 0.1234169430 
 0.1292920503 0.1277143024 0.1260870774 
 0.1312990341 0.1299082378 0.1284697210 
 0.1330579296 0.1318295512 0.1305551841 
 0.1345617361 0.1334714516 0.1323369204 
 0.1358050752 0.1348289872 0.1338104830 
 0.1367836250 0.1358983549 0.1349726846 
 0.1374936806 0.1366763676 0.1358209556 
 0.1379318266 0.1371600617 0.1363528751 
 0.1380947057 0.1373464225 0.1365658467 
 0.1379788710 0.1372322077 0.1364568895 
 0.1375807116 0.1368138559 0.1360225301 
 0.1368964498 0.1360874774 0.1352587861 
 0.1359222181 0.1350489345 0.1341612531 
 0.1346542292 0.1336940306 0.1327253172 
 0.1330890664 0.1320188415 0.1309465339 
 0.1312241275 0.1300202314 0.1288212272 
 0.1290582616 0.1276966037 0.1263473702 
 0.1265926342 0.1250489305 0.1235257989 
 0.1238318394 0.1220820818 0.1203617832 
 0.1207852418 0.1188064289 0.1168669158 
 0.1174684763 0.1152396221 0.1130611850 
 0.1139049570 0.1114083484 0.1089749792 
 0.1101271737 0.1073497760 0.1046506509 
 0.1061774905 0.1031123305 0.1001432016 
 0.1021081573 0.0987554502 0.0955196776 
 0.0979803156 0.0943480854 0.0908570431 
 0.0938619315 0.0899659277 0.0862385940 
 0.0898248099 0.0856876362 0.0817493367 
 0.0859410554 0.0815905866 0.0774710383 
 0.0822794884 0.0777468029 0.0734777639 
 0.0789025417 0.0742196917 0.0698325933 
 0.0758640446 0.0710619989 0.0665859085 
 0.0732080944 0.0683151224 0.0637752782 
 0.0709689842 0.0660096362 0.0614266602 
 0.0691719708 0.0641666942 0.0595564629 
 0.0678345634 0.0627998981 0.0581739686 
 0.0669679891 0.0619172310 0.0572836855 
 0.0665785318 0.0615227324 0.0568873038 
 0.0666685154 0.0616176872 0.0569850459 
 0.0672367845 0.0622011912 0.0575762968 
 0.0682786208 0.0632700393 0.0586594695 
 0.0697851121 0.0648179522 0.0602311219 
 0.0717420708 0.0668342309 0.0622843973 
 0.0741286792 0.0693020110 0.0648069408 
 0.0769161164 0.0721963772 0.0677785404 
 0.0800664779 0.0754826840 0.0711688525 
 0.0835323165 0.0791154823 0.0749356633 
 0.0872570800 0.0830384263 0.0790241608 
 0.0911765874 0.0871854224 0.0833676088 
 0.0952214902 0.0914830574 0.0878895860 
 0.0993204478 0.0958540707 0.0925076325 
 0.1034035740 0.1002213839 0.0971378050 
 0.1074056504 0.1045120610 0.1016994072 
 0.1112686608 0.1086606029 0.1061191306 
 0.1149433727 0.1126111553 0.1103340116 
 0.1183898982 0.1163184759 0.1142929224 
 0.1215773581 0.1197477604 0.1179566504 
 0.1244828902 0.1228736021 0.1212968623 
 0.1270902811 0.1256784337 0.1242943718 
 0.1293884755 0.1281507732 0.1269371159 
 0.1313701505 0.1302835246 0.1292181599 
 0.1330304688 0.1320724840 0.1311339314 
 0.1343660601 0.1335151202 0.1326827793 
 0.1353742312 0.1346096360 0.1338638666 
 0.1360523814 0.1353542786 0.1346763661 
 0.1363975849 0.1357468549 0.1351188994 
 0.1364063066 0.1357844049 0.1351891670 
 0.1360742257 0.1354630019 0.1348837227 
 0.1353961529 0.1347776588 0.1341978705 
 0.1343660465 0.1337223446 0.1331256831 
 0.1329771492 0.1322901357 0.1316601684 
 0.1312222905 0.1304735519 0.1297936404 
 0.1290944193 0.1282651527 0.1275183789 
 0.1265874499 0.1256584895 0.1248276837 
 0.1236975091 0.1226495104 0.1217174339 
 0.1204246509 0.1192384963 0.1181882325 
 0.1167750515 0.1154325282 0.1142481323 
 0.1127635874 0.1112483671 0.1099157930 
 0.1084165461 0.1067154369 0.1052237052 
 0.1037740376 0.1018783947 0.1002208813 
 0.0988915234 0.0967986081 0.0949742416 
 0.0938398379 0.0915538384 0.0895679285 
 0.0887032315 0.0862356439 0.0841000659 
 0.0835753339 0.0809444890 0.0786770500 
 0.0785534499 0.0757831473 0.0734061438 
 0.0737320876 0.0708495190 0.0683877029 
 0.0691968703 0.0662301904 0.0637085103 
 0.0650198963 0.0619958659 0.0594373823 
 0.0612572051 0.0581992730 0.0556235592 
 0.0579484769 0.0548755154 0.0522976976 
 0.0551186111 0.0520443520 0.0494747867 
 0.0527805574 0.0497136416 0.0471581131 
 0.0509387099 0.0478831945 0.0453434740 
 0.0495922808 0.0465484380 0.0440230492 
 0.0487382405 0.0457035120 0.0431885888 
 0.0483735821 0.0453435999 0.0428337650 
 0.0484967960 0.0454664200 0.0429556578 
 0.0491085102 0.0460728690 0.0435553898 
 0.0502112885 0.0471668192 0.0446379277 
 0.0518085878 0.0487540684 0.0462110427 
 0.0539028969 0.0508404427 0.0482834108 
 0.0564931278 0.0534290823 0.0508618488 
 0.0595714282 0.0565170367 0.0539477673 
 0.0631197347 0.0600914463 0.0575330726 
 0.0671065625 0.0641257937 0.0615959765 
 0.0714846791 0.0685769106 0.0660974166 
 0.0761903427 0.0733835225 0.0709789463 
 0.0811446300 0.0784670121 0.0761629172 
 0.0862569944 0.0837347121 0.0815554277 
 0.0914306712 0.0890854559 0.0870518996 
 0.0965690510 0.0944165050 0.0925444320 
 0.1015818745 0.0996305805 0.0979295662 
 0.1063901831 0.1046417213 0.1031149926 
 0.1109293433 0.1093790810 0.1080241069 
 0.1151499895 0.1137883681 0.1125979704 
 0.1190171846 0.1178312000 0.1167948935 
 0.1225083715 0.1214829896 0.1205882995 
 0.1256107354 0.1247300804 0.1239636681 
 0.1283184933 0.1275667407 0.1269152622 
 0.1306304554 0.1299924319 0.1294431241 
 0.1325480251 0.1320095609 0.1315505942 
 0.1340736753 0.1336217695 0.1332424234 
 0.1352098559 0.1348327135 0.1345234299 
 0.1359582478 0.1356452380 0.1353975999 
 0.1363192775 0.1360608484 0.1358675194 
 0.1362918148 0.1360793898 0.1359340359 
 0.1358730029 0.1356988726 0.1355960828 
 0.1350581961 0.1349154137 0.1348506246 
 0.1338410085 0.1337232934 0.1336927220 
 0.1322135129 0.1321151630 0.1321157461 
 0.1301666582 0.1300824742 0.1301118120 
 0.1276910149 0.1276162366 0.1276725355 
 0.1247779795 0.1247082396 0.1247902470 
 0.1214215811 0.1213528790 0.1214598023 
 0.1176209935 0.1175496968 0.1176810979 
 0.1133837592 0.1133066364 0.1134622942 
 0.1087295395 0.1086438273 0.1088235673 
 0.1036939367 0.1035974369 0.1038009336 
 0.0983316303 0.0982228217 0.0984493959 
 0.0927178510 0.0925959925 0.0928444343 
 0.0869472449 0.0868124354 0.0870808956 
 0.0811295837 0.0809827490 0.0812687336 
 0.0753825386 0.0752253273 0.0755258122 
 0.0698226294 0.0696572234 0.0699688742 
 0.0645560986 0.0643849683 0.0647044221 
 0.0596715369 0.0594971861 0.0598213362 
 0.0552355489 0.0550602917 0.0553865221 
 0.0512918520 0.0511176533 0.0514439876 
 0.0478633482 0.0476917369 0.0480168955 
 0.0449561850 0.0447882325 0.0451116105 
 0.0425647067 0.0424010547 0.0427226444 
 0.0406763899 0.0405173064 0.0408375904 
 0.0392761739 0.0391216224 0.0394414546 
 0.0383499058 0.0381996148 0.0385201041 
 0.0378868357 0.0377403631 0.0380627622 
 0.0378812150 0.0377380047 0.0380636047 
 0.0383330772 0.0381925091 0.0385225348 
 0.0392482569 0.0391096920 0.0394451931 
 0.0406376456 0.0405004694 0.0408422016 
 0.0425156323 0.0423792988 0.0427275927 
 0.0448976453 0.0447617229 0.0451163441 
 0.0477967405 0.0476609595 0.0480209692 
 0.0512192905 0.0510835894 0.0514472269 
 0.0551600466 0.0550246112 0.0553892280 
 0.0595971495 0.0594624369 0.0598245190 
 0.0644879895 0.0643547285 0.0647100396 
 0.0697670184 0.0696361798 0.0699800398 
 0.0753465152 0.0752192531 0.0755469347 
 0.0811207996 0.0809983715 0.0813055625 
 0.0869735341 0.0868572181 0.0871404668 
 0.0927868514 0.0926778787 0.0929349391 
 0.0984504791 0.0983499991 0.0985800185 
 0.1038690861 0.1037781716 0.1039817062 
 0.1089667037 0.1088863929 0.1090652819 
 0.1136879691 0.1136193349 0.1137764902 
 0.1179967172 0.1179409503 0.1180801215 
 0.1218728674 0.1218313624 0.1219569263 
 0.1253085906 0.1252830271 0.1253998274 
 0.1283045283 0.1282969442 0.1284101922 
 0.1308665319 0.1308793891 0.1309946195 
 0.1330031131 0.1330393572 0.1331624305 
 0.1347236061 0.1347867240 0.1349238637 
 0.1360369366 0.1361310149 0.1362888693 
 0.1369508556 0.1370806430 0.1372663648 
 0.1374715005 0.1376424766 0.1378638162 
 0.1376031756 0.1378216280 0.1380870367 
 0.1373482736 0.1376213849 0.1379401274 
 0.1367072995 0.1370432415 0.1374255144 
 0.1356789838 0.1360870154 0.1365440683 
 0.1342605047 0.1347510646 0.1352953126 
 0.1324478671 0.1330326430 0.1336777557 
 0.1302365124 0.1309284592 0.1316893978 
 0.1276222535 0.1284355214 0.1293284844 
 0.1246026423 0.1255523595 0.1265945842 
 0.1211788517 0.1222807024 0.1234900595 
 0.1173580989 0.1186276367 0.1200219564 
 0.1131565143 0.1146081747 0.1162042626 
 0.1086021847 0.1102480116 0.1120603590 
 0.1037378867 0.1055860681 0.1076253379 
 0.0986228453 0.1006762515 0.1029477186 
 0.0933327958 0.0955878008 0.0980900160 
 0.0879578027 0.0904036961 0.0931276891 
 0.0825977196 0.0852169543 0.0881462451 
 0.0773557808 0.0801251344 0.0832366830 
 0.0723313811 0.0752238901 0.0784899004 
 0.0676133802 0.0706007135 0.0739910023 
 0.0632751364 0.0663299807 0.0698144964 
 0.0593719803 0.0624700485 0.0660211249 
 0.0559412015 0.0590626162 0.0626566535 
 0.0530040888 0.0561340605 0.0597524957 
 0.0505692723 0.0536981405 0.0573277204 
 0.0486365891 0.0517593735 0.0553918509 
 0.0472008405 0.0503164693 0.0539478852 
 0.0462550220 0.0493653826 0.0529950871 
 0.0457928069 0.0489017160 0.0525312485 
 0.0458101986 0.0489223485 0.0525542534 
 0.0463063429 0.0494262444 0.0530628667 
 0.0472835104 0.0504144371 0.0540567220 
 0.0487462569 0.0518891966 0.0555355225 
 0.0506997655 0.0538524049 0.0574974937 
 0.0531473962 0.0563031988 0.0599371883 
 0.0560875393 0.0592350232 0.0628428223 
 0.0595100019 0.0626323658 0.0661934477 
 0.0633923425 0.0664676062 0.0699563960 
 0.0676967606 0.0706985643 0.0740855284 
 0.0723682791 0.0752673936 0.0785208321 
 0.0773349101 0.0801013656 0.0831897493 
 0.0825102097 0.0851157779 0.0880103184 
 0.0877981191 0.0902187539 0.0928957914 
 0.0930993990 0.0953172098 0.0977600154 
 0.0983185162 0.1003229468 0.1025226665 
 0.1033697293 0.1051578133 0.1071134818 
 0.1081813941 0.1097571733 0.1114749337 
 0.1126980377 0.1140713927 0.1155631917 
 0.1168803122 0.1180655157 0.1193475847 
 0.1207033449 0.1217176181 0.1228090032 
 0.1241541589 0.1250164243 0.1259377417 
 0.1272287938 0.1279587200 0.1287312163 
 0.1299295846 0.1305469381 0.1311918588 
 0.1322628613 0.1327871278 0.1333253549 
 0.1342371632 0.1346873806 0.1351392755 
 0.1358619515 0.1362566916 0.1366420834 
 0.1371467428 0.1375041881 0.1378424525 
 0.1381005667 0.1384386424 0.1387488320 
 0.1387316586 0.1390681901 0.1393691878 
 0.1390473134 0.1394001932 0.1397108718 
 0.1390538489 0.1394412020 0.1397805799 
 0.1387566490 0.1391969902 0.1395843768 
 0.1381602697 0.1386726488 0.1391277753 
 0.1372686068 0.1378727354 0.1384158674 
 0.1360851361 0.1368014872 0.1374535099 
 0.1346132431 0.1354631083 0.1362455746 
 0.1328566688 0.1338621524 0.1347972751 
 0.1308200983 0.1320040184 0.1331145841 
 0.1285099170 0.1298955786 0.1312047541 
 0.1259351429 0.1275459448 0.1290769444 
 0.1231085185 0.1249673603 0.1267429453 
 0.1200477010 0.1221761742 0.1242179677 
 0.1167764417 0.1191938158 0.1215214372 
 0.1133255889 0.1160476493 0.1186777048 
 0.1097337123 0.1127715527 0.1157165594 
 0.1060471433 0.1094060635 0.1126734189 
 0.1023192739 0.1059979552 0.1095890930 
 0.0986090614 0.1025991820 0.1065090509 
 0.0949788304 0.0992652281 0.1034822030 
 0.0914916122 0.0960530128 0.1005592801 
 0.0882083676 0.0930185917 0.0977909751 
 0.0851854643 0.0902149389 0.0952260507 
 0.0824727193 0.0876900683 0.0929096201 
 0.0801121858 0.0854856781 0.0908817641 
 0.0781377069 0.0836363820 0.0891765729 
 0.0765751178 0.0821694862 0.0878216165 
 0.0754428876 0.0811051767 0.0868377756 
 0.0747529547 0.0804569428 0.0862393183 
 0.0745115270 0.0802320524 0.0860340916 
 0.0747196643 0.0804319305 0.0862237146 
 0.0753735315 0.0810523408 0.0868036935 
 0.0764642830 0.0820833363 0.0877634314 
 0.0779776192 0.0835090128 0.0890861581 
 0.0798931220 0.0853071585 0.0907488529 
 0.0821835449 0.0874489434 0.0927222686 
 0.0848142723 0.0898988187 0.0949711772 
 0.0877431774 0.0926147907 0.0974549437 
 0.0909210712 0.0955491902 0.1001284885 
 0.0942928538 0.0986499791 0.1029436348 
 0.0977993509 0.1018625338 0.1058507598 
 0.1013796770 0.1051317428 0.1088006005 
 0.1049738473 0.1084041833 0.1117460281 
 0.1085253017 0.1116301188 0.1146436033 
 0.1119830218 0.1147650962 0.1174547639 
 0.1153030133 0.1177709988 0.1201465632 
 0.1184490586 0.1206165149 0.1226919491 
 0.1213927740 0.1232770730 0.1250696401 
 0.1241131067 0.1257343601 0.1272636923 
 0.1265954562 0.1279755677 0.1292628698 
 0.1288306067 0.1299925074 0.1310599231 
 0.1308136257 0.1317807103 0.1326508582 
 0.1325428406 0.1333385902 0.1340342554 
 0.1340189532 0.1346667157 0.1352106696 
 0.1352443168 0.1357672079 0.1361821249 
 0.1362223728 0.1366432610 0.1369517029 
 0.1369572283 0.1372987744 0.1375232153 
 0.1374533521 0.1377380783 0.1379009530 
 0.1377153663 0.1379657380 0.1380894973 
 0.1377479161 0.1379864247 0.1380935886 
 0.1375556039 0.1378048425 0.1379180451 
 0.1371429811 0.1374257073 0.1375677275 
 0.1365145933 0.1368537751 0.1370475500 
 0.1356750818 0.1360939190 0.1363625359 
 0.1346293418 0.1351512592 0.1355179203 
 0.1333827458 0.1340313456 0.1345192997 
 0.1319414365 0.1327403998 0.1333728310 
 0.1303126938 0.1312856149 0.1320854774 
 0.1285053739 0.1296755119 0.1306653001 
 0.1265304129 0.1279203438 0.1291217841 
 0.1244013698 0.1260325299 0.1274661874 
 0.1221349712 0.1240270899 0.1257118875 
 0.1197516022 0.1219220383 0.1238746971 
 0.1172756718 0.1197386858 0.1219731087 
 0.1147357783 0.1175017926 0.1200284278 
 0.1121646047 0.1152395194 0.1180647531 
 0.1095984964 0.1129831365 0.1161087726 
 0.1070767124 0.1107664764 0.1141893582 
 0.1046403850 0.1086251448 0.1123369638 
 0.1023312683 0.1065955387 0.1105828562 
 0.1001903891 0.1047137459 0.1089582244 
 0.0982567228 0.1030144151 0.1074932307 
 0.0965660066 0.1015296812 0.1062160680 
 0.0951497643 0.1002882145 0.1051520794 
 0.0940345752 0.0993144352 0.1043229841 
 0.0932415753 0.0986279034 0.1037462325 
 0.0927861415 0.0982428697 0.1034344969 
 0.0926776985 0.0981679596 0.1033952939 
 0.0929195880 0.0984059596 0.1036307290 
 0.0935089599 0.0989536863 0.1041373596 
 0.0944366783 0.0998019373 0.1049061801 
 0.0956872682 0.1009355452 0.1059227447 
 0.0972389621 0.1023335727 0.1071674505 
 0.0990639240 0.1039696961 0.1086160033 
 0.1011287290 0.1058128173 0.1102400812 
 0.1033951555 0.1078279252 0.1120081905 
 0.1058213025 0.1099771903 0.1138866855 
 0.1083629905 0.1122212401 0.1158408959 
 0.1109753473 0.1145205259 0.1178362871 
 0.1136144362 0.1168366692 0.1198395678 
 0.1162387744 0.1191336744 0.1218196630 
 0.1188105974 0.1213789144 0.1237484917 
 0.1212967762 0.1235438270 0.1256015110 
 0.1236693417 0.1256043048 0.1273580203 
 0.1259056358 0.1275407969 0.1290012447 
 0.1279881443 0.1293381715 0.1305182359 
 0.1299040989 0.1309854021 0.1318996353 
 0.1316449342 0.1324751430 0.1331393486 
 0.1332056819 0.1338032503 0.1342341717 
 0.1345843612 0.1349682945 0.1351833982 
 0.1357814074 0.1359710915 0.1359884340 
 0.1367991594 0.1368142718 0.1366524275 
 0.1376414153 0.1375018921 0.1371799257 
 0.1383130535 0.1380390928 0.1375765559 
 0.1388197141 0.1384317970 0.1378487362 
 0.1391675344 0.1386864491 0.1380034113 
 0.1393629310 0.1388097908 0.1380478177 
 0.1394124243 0.1388086710 0.1379892762 
 0.1393225021 0.1386898918 0.1378350164 
 0.1390995220 0.1384600889 0.1375920329 
 0.1387496506 0.1381256495 0.1372669791 
 0.1382788414 0.1376926671 0.1368660987 
 0.1376928517 0.1371669367 0.1363951982 
 0.1369972987 0.1365539896 0.1358596612 
 0.1361977547 0.1358591670 0.1352645037 
 0.1352998813 0.1350877321 0.1346144688 
 0.1343095983 0.1342450162 0.1339141567 
 0.1332332841 0.1333365944 0.1331681838 
 0.1320780003 0.1323684827 0.1323813644 
 0.1308517305 0.1313473477 0.1315589041 
 0.1295636196 0.1302807166 0.1307065934 
 0.1282241972 0.1291771721 0.1298309892 
 0.1268455645 0.1280465170 0.1289395698 
 0.1254415223 0.1268998903 0.1280408474 
 0.1240276185 0.1257498168 0.1271444267 
 0.1226210942 0.1246101760 0.1262609943 
 0.1212407138 0.1234960774 0.1254022321 
 0.1199064740 0.1224236375 0.1245806492 
 0.1186391952 0.1214096602 0.1238093321 
 0.1174600102 0.1204712293 0.1231016218 
 0.1163897755 0.1196252328 0.1224707287 
 0.1154484378 0.1188878388 0.1219293045 
 0.1146543885 0.1182739538 0.1214889904 
 0.1140238423 0.1177966887 0.1211599671 
 0.1135702691 0.1174668604 0.1209505284 
 0.1133039016 0.1172925534 0.1208667007 
 0.1132313392 0.1172787602 0.1209119292 
 0.1133552576 0.1174271176 0.1210868462 
 0.1136742368 0.1177357515 0.1213891353 
 0.1141827126 0.1181992385 0.1218135015 
 0.1148710607 0.1188086921 0.1223517515 
 0.1157258176 0.1195519739 0.1229929853 
 0.1167300394 0.1204140279 0.1237238939 
 0.1178637941 0.1213773279 0.1245291524 
 0.1191047735 0.1224224204 0.1253918901 
 0.1204289976 0.1235285389 0.1262942180 
 0.1218115793 0.1246742582 0.1272177836 
 0.1232275038 0.1258381524 0.1281443278 
 0.1246523795 0.1269994244 0.1290562156 
 0.1260631157 0.1281384716 0.1299369163 
 0.1274384947 0.1292373660 0.1307714159 
 0.1287596136 0.1302802319 0.1315465491 
 0.1300101889 0.1312535142 0.1322512464 
 0.1311767254 0.1321461418 0.1328766971 
 0.1322485648 0.1329495927 0.1334164332 
 0.1332178310 0.1336578758 0.1338663415 
 0.1340792965 0.1342674417 0.1342246132 
 0.1348301878 0.1347770384 0.1344916385 
 0.1354699504 0.1351875213 0.1346698545 
 0.1359999853 0.1355016303 0.1347635509 
 0.1364233693 0.1357237389 0.1347786402 
 0.1367445662 0.1358595838 0.1347223962 
 0.1369691350 0.1359159788 0.1346031658 
 0.1371034394 0.1359005204 0.1344300612 
 0.1371543651 0.1358212896 0.1342126384 
 0.1371290479 0.1356865581 0.1339605715 
 0.1370346204 0.1355045065 0.1336833341 
 0.1368779828 0.1352829634 0.1333898981 
 0.1366656041 0.1350291745 0.1330884628 
 0.1364033614 0.1347496101 0.1327862248 
 0.1360964212 0.1344498198 0.1324892005 
 0.1357491692 0.1341343392 0.1322021071 
 0.1353651906 0.1338066538 0.1319283098 
 0.1349473012 0.1334692205 0.1316698344 
 0.1344976298 0.1331235458 0.1314274456 
 0.1340177461 0.1327703164 0.1312007861 
 