0.1235352759 0.1266194639 0.1293044451 
 0.1232011932 0.1263802981 0.1291572084 
 0.1229929220 0.1262384292 0.1290805193 
 0.1229140375 0.1261961728 0.1290755329 
 0.1229650989 0.1262533690 0.1291414090 
 0.1231435648 0.1264073097 0.1292752512 
 0.1234438297 0.1266527707 0.1294721321 
 0.1238573822 0.1269821467 0.1297252072 
 0.1243730771 0.1273856853 0.1300259116 
 0.1249775113 0.1278518074 0.1303642306 
 0.1256554823 0.1283674985 0.1307290305 
 0.1263905093 0.1289187518 0.1311084334 
 0.1271653879 0.1294910387 0.1314902182 
 0.1279627521 0.1300697873 0.1318622289 
 0.1287656151 0.1306408433 0.1322127737 
 0.1295578651 0.1311908973 0.1325309987 
 0.1303246966 0.1317078610 0.1328072234 
 0.1310529634 0.1321811826 0.1330332306 
 0.1317314477 0.1326020952 0.1332025022 
 0.1323510423 0.1329637949 0.1333103986 
 0.1329048518 0.1332615509 0.1333542798 
 0.1333882169 0.1334927495 0.1333335683 
 0.1337986733 0.1336568762 0.1332497530 
 0.1341358507 0.1337554411 0.1331063356 
 0.1344013225 0.1337918502 0.1329087198 
 0.1345984129 0.1337712297 0.1326640448 
 0.1347319678 0.1337002038 0.1323809645 
 0.1348080970 0.1335866356 0.1320693762 
 0.1348338933 0.1334393326 0.1317401052 
 0.1348171370 0.1332677291 0.1314045520 
 0.1347659918 0.1330815503 0.1310743146 
 0.1346887041 0.1328904736 0.1307607993 
 0.1345933130 0.1327037961 0.1304748352 
 0.1344873826 0.1325301243 0.1302263101 
 0.1343777665 0.1323770971 0.1300238439 
 0.1342704148 0.1322511557 0.1298745150 
 0.1341702293 0.1321573708 0.1297836535 
 0.1340809744 0.1320993322 0.1297547093 
 0.1340052463 0.1320791084 0.1297892015 
 0.1339444982 0.1320972732 0.1298867489 
 0.1338991212 0.1321529970 0.1300451781 
 0.1338685715 0.1322441958 0.1302607010 
 0.1338515369 0.1323677263 0.1305281487 
 0.1338461302 0.1325196151 0.1308412469 
 0.1338500975 0.1326953064 0.1311929169 
 0.1338610287 0.1328899146 0.1315755811 
 0.1338765561 0.1330984655 0.1319814602 
 0.1338945314 0.1333161133 0.1324028413 
 0.1339131687 0.1335383229 0.1328323077 
 0.1339311468 0.1337610076 0.1332629196 
 0.1339476652 0.1339806179 0.1336883383 
 0.1339624504 0.1341941785 0.1341028943 
 0.1339757140 0.1343992746 0.1345015996 
 0.1339880645 0.1345939912 0.1348801089 
 0.1340003783 0.1347768120 0.1352346370 
 0.1340136402 0.1349464850 0.1355618425 
 0.1340287600 0.1351018661 0.1358586862 
 0.1340463797 0.1352417507 0.1361222766 
 0.1340666817 0.1353647048 0.1363497132 
 0.1340892103 0.1354689057 0.1365379371 
 0.1341127191 0.1355520044 0.1366835991 
 0.1341350529 0.1356110169 0.1367829542 
 0.1341530742 0.1356422532 0.1368317872 
 0.1341626383 0.1356412879 0.1368253770 
 0.1341586223 0.1356029777 0.1367585008 
 0.1341350060 0.1355215247 0.1366254807 
 0.1340850051 0.1353905861 0.1364202721 
 0.1340012510 0.1352034260 0.1361365925 
 0.1338760108 0.1349531069 0.1357680890 
 0.1337014411 0.1346327138 0.1353085399 
 0.1334698663 0.1342356071 0.1347520883 
 0.1331740739 0.1337556969 0.1340935037 
 0.1328076192 0.1331877339 0.1333284689 
 0.1323651301 0.1325276112 0.1324538872 
 0.1318426068 0.1317726709 0.1314682072 
 0.1312377079 0.1309220087 0.1303717589 
 0.1305500160 0.1299767686 0.1291670907 
 0.1297812731 0.1289404176 0.1278592964 
 0.1289355774 0.1278189845 0.1264563113 
 0.1280195264 0.1266212477 0.1249691546 
 0.1270422947 0.1253588486 0.1234120868 
 0.1260156292 0.1240463105 0.1218026512 
 0.1249537486 0.1227009394 0.1201615686 
 0.1238731350 0.1213425910 0.1185124622 
 0.1227922109 0.1199932945 0.1168814020 
 0.1217309043 0.1186767359 0.1152962750 
 0.1207101113 0.1174176170 0.1137860079 
 0.1197510773 0.1162409185 0.1123796829 
 0.1188747240 0.1151711058 0.1111056010 
 0.1181009573 0.1142313210 0.1099903500 
 0.1174479906 0.1134426066 0.1090579314 
 0.1169317173 0.1128231969 0.1083289862 
 0.1165651644 0.1123879124 0.1078201515 
 0.1163580489 0.1121476751 0.1075435587 
 0.1163164564 0.1121091615 0.1075064812 
 0.1164426526 0.1122745987 0.1077111278 
 0.1167350332 0.1126417086 0.1081545818 
 0.1171882157 0.1132038008 0.1088288867 
 0.1177932677 0.1139500150 0.1097212822 
 0.1185380644 0.1148657071 0.1108145960 
 0.1194077603 0.1159329709 0.1120877920 
 0.1203853530 0.1171312755 0.1135166644 
 0.1214523107 0.1184381917 0.1150746559 
 0.1225892279 0.1198301669 0.1167337581 
 0.1237764734 0.1212833049 0.1184654426 
 0.1249947913 0.1227741009 0.1202415591 
 0.1262258233 0.1242800892 0.1220351416 
 0.1274525280 0.1257803672 0.1238210699 
 0.1286594816 0.1272559745 0.1255765548 
 0.1298330568 0.1286901196 0.1272814313 
 0.1309614858 0.1300682631 0.1289182684 
 0.1320348217 0.1313780734 0.1304723184 
 0.1330448164 0.1326092817 0.1319313387 
 0.1339847358 0.1337534632 0.1332853242 
 0.1348491343 0.1348037727 0.1345261862 
 0.1356336053 0.1357546574 0.1356474093 
 0.1363345262 0.1366015668 0.1366437105 
 0.1369488099 0.1373406753 0.1375107183 
 0.1374736752 0.1379686283 0.1382446830 
 0.1379064421 0.1384823190 0.1388422263 
 0.1382443605 0.1388787016 0.1393001322 
 0.1384844766 0.1391546435 0.1396151817 
 0.1386235388 0.1393068198 0.1397840317 
 0.1386579465 0.1393316489 0.1398031371 
 0.1385837422 0.1392252716 0.1396687169 
 0.1383966463 0.1389835726 0.1393767619 
 0.1380921356 0.1386022444 0.1389230865 
 0.1376655620 0.1380768933 0.1383034241 
 0.1371123127 0.1374031892 0.1375135684 
 0.1364280103 0.1365770586 0.1365495655 
 0.1356087507 0.1355949254 0.1354079606 
 0.1346513821 0.1344540002 0.1340861077 
 0.1335538221 0.1331526232 0.1325825489 
 0.1323154132 0.1316906629 0.1308974709 
 0.1309373141 0.1300699682 0.1290332380 
 0.1294229187 0.1282948683 0.1269949959 
 0.1277782890 0.1263727006 0.1247913216 
 0.1260125780 0.1243143379 0.1224348791 
 0.1241384100 0.1221346663 0.1199430143 
 0.1221721737 0.1198529543 0.1173382087 
 0.1201341787 0.1174930451 0.1146482951 
 0.1180486262 0.1150833035 0.1119063499 
 0.1159433526 0.1126562671 0.1091501968 
 0.1138493247 0.1102479799 0.1064215072 
 0.1117998937 0.1078970275 0.1037645402 
 0.1098298425 0.1056433353 0.1012246231 
 0.1079742920 0.1035268294 0.0988465209 
 0.1062675493 0.1015860762 0.0966728560 
 0.1047419835 0.0998570164 0.0947427243 
 0.1034270065 0.0983718830 0.0930906076 
 0.1023482138 0.0971583566 0.0917456224 
 0.1015267100 0.0962389665 0.0907310852 
 0.1009786198 0.0956307113 0.0900643257 
 0.1007147663 0.0953448492 0.0897566597 
 0.1007404856 0.0953868025 0.0898134286 
 0.1010555556 0.0957561291 0.0902340372 
 0.1016542216 0.0964465392 0.0910119529 
 0.1025253212 0.0974459584 0.0921346745 
 0.1036525232 0.0987366676 0.0935837159 
 0.1050147047 0.1002955688 0.0953346831 
 0.1065864914 0.1020946285 0.0973575351 
 0.1083389715 0.1041015415 0.0996171122 
 0.1102405780 0.1062806300 0.1020739828 
 0.1122581001 0.1085939532 0.1046856073 
 0.1143577676 0.1110025643 0.1074077597 
 0.1165063265 0.1134678142 0.1101960876 
 0.1186720236 0.1159525902 0.1130076597 
 0.1208254253 0.1184223769 0.1158023439 
 0.1229400178 0.1208460591 0.1185438854 
 0.1249925647 0.1231964179 0.1212006071 
 0.1269632281 0.1254503219 0.1237457124 
 0.1288354825 0.1275886441 0.1261572276 
 0.1305958676 0.1295959667 0.1284176588 
 0.1322336317 0.1314601415 0.1305134543 
 0.1337403137 0.1331717735 0.1324343664 
 0.1351093072 0.1347236844 0.1341727865 
 0.1363354364 0.1361103963 0.1357231120 
 0.1374145646 0.1373276637 0.1370811787 
 0.1383432487 0.1383720654 0.1382437737 
 0.1391184438 0.1392406630 0.1392082355 
 0.1397372600 0.1399307229 0.1399721326 
 0.1401967701 0.1404394984 0.1405330161 
 0.1404938652 0.1407640664 0.1408882337 
 0.1406251572 0.1409012135 0.1410347999 
 0.1405869249 0.1408473685 0.1409693139 
 0.1403751023 0.1405985777 0.1406879229 
 0.1399853095 0.1401505229 0.1401863282 
 0.1394129254 0.1394985839 0.1394598374 
 0.1386532071 0.1386379485 0.1385034681 
 0.1377014584 0.1375637787 0.1373121134 
 0.1365532568 0.1362714445 0.1358807867 
 0.1352047488 0.1347568411 0.1342049670 
 0.1336530272 0.1330168088 0.1322810734 
 0.1318966029 0.1310496765 0.1301070964 
 0.1299359833 0.1288559458 0.1276834109 
 0.1277743580 0.1264391187 0.1250137764 
 0.1254183796 0.1238066533 0.1221065011 
 0.1228789998 0.1209709946 0.1189757006 
 0.1201722942 0.1179505867 0.1156425234 
 0.1173201744 0.1147707320 0.1121361597 
 0.1143508634 0.1114641269 0.1084944124 
 0.1112990020 0.1080709041 0.1047636099 
 0.1082052758 0.1046380446 0.1009977038 
 0.1051155046 0.1012181070 0.0972565150 
 0.1020792171 0.0978673348 0.0936032564 
 0.0991478228 0.0946433280 0.0901016155 
 0.0963725712 0.0916025550 0.0868127882 
 0.0938025292 0.0887980162 0.0837928628 
 0.0914827968 0.0862773324 0.0810908717 
 0.0894531262 0.0840814325 0.0787476720 
 0.0877470232 0.0822438879 0.0767956496 
 0.0863913149 0.0807908237 0.0752590901 
 0.0854060979 0.0797412470 0.0741549798 
 0.0848049295 0.0791075956 0.0734939703 
 0.0845951228 0.0788963136 0.0732812673 
 0.0847780188 0.0791082982 0.0735172639 
 0.0853491575 0.0797391193 0.0741978092 
 0.0862983176 0.0807789829 0.0753140817 
 0.0876094525 0.0822124731 0.0768521140 
 0.0892605973 0.0840181735 0.0787920839 
 0.0912238576 0.0861683151 0.0811075520 
 0.0934656027 0.0886286219 0.0837648659 
 0.0959469724 0.0913585257 0.0867229634 
 0.0986247648 0.0943118712 0.0899337735 
 0.1014527033 0.0974381600 0.0933433270 
 0.1043830087 0.1006842732 0.0968935594 
 0.1073681320 0.1039965139 0.1005246468 
 0.1103624639 0.1073227331 0.1041775923 
 0.1133238338 0.1106142822 0.1077967206 
 0.1162146520 0.1138275664 0.1113317593 
 0.1190026074 0.1169250583 0.1147392789 
 0.1216609141 0.1198757268 0.1179833959 
 0.1241681564 0.1226549358 0.1210357806 
 0.1265078303 0.1252439295 0.1238751058 
 0.1286676918 0.1276290495 0.1264861281 
 0.1306390161 0.1298008281 0.1288585879 
 0.1324158554 0.1317530724 0.1309860873 
 0.1339943519 0.1334820194 0.1328650552 
 0.1353721410 0.1349856088 0.1344938592 
 0.1365478569 0.1362628886 0.1358720894 
 0.1375207411 0.1373135516 0.1370000068 
 0.1382903458 0.1381375903 0.1378781389 
 0.1388563188 0.1387350508 0.1385069976 
 0.1392182612 0.1391058723 0.1388868960 
 0.1393756473 0.1392497956 0.1390178452 
 0.1393277992 0.1391663324 0.1388995180 
 0.1390739135 0.1388547903 0.1385312716 
 0.1386131371 0.1383143500 0.1379122295 
 0.1379446942 0.1375441997 0.1370414234 
 0.1370680672 0.1365437309 0.1359180090 
 0.1359832390 0.1353128067 0.1345415667 
 0.1346910023 0.1338521142 0.1329125072 
 0.1331933451 0.1321636147 0.1310326022 
 0.1314939168 0.1302510998 0.1289056527 
 0.1295985736 0.1281208556 0.1265382986 
 0.1275159919 0.1257824182 0.1239409491 
 0.1252583172 0.1232493802 0.1211287777 
 0.1228418006 0.1205401803 0.1181226902 
 0.1202873490 0.1176787758 0.1149501271 
 0.1176208995 0.1146950758 0.1116455406 
 0.1148735234 0.1116250115 0.1082503816 
 0.1120811783 0.1085101393 0.1048124747 
 0.1092840583 0.1053967277 0.1013847391 
 0.1065255508 0.1023343594 0.0980233278 
 0.1038508629 0.0993741597 0.0947853702 
 0.1013054445 0.0965668421 0.0917265907 
 0.0989333637 0.0939607892 0.0888990992 
 0.0967758008 0.0916003818 0.0863496109 
 0.0948697920 0.0895247274 0.0841182558 
 0.0932473058 0.0877668586 0.0822380156 
 0.0919346693 0.0863533848 0.0807347150 
 0.0909523047 0.0853045057 0.0796274128 
 0.0903146958 0.0846342560 0.0789289991 
 0.0900304899 0.0843508404 0.0786468127 
 0.0901026447 0.0844569354 0.0787831234 
 0.0905285545 0.0849498731 0.0793353786 
 0.0913001284 0.0858216736 0.0802961771 
 0.0924038290 0.0870589422 0.0816529928 
 0.0938207200 0.0886427000 0.0833877354 
 0.0955265950 0.0905482526 0.0854762828 
 0.0974922724 0.0927452218 0.0878881554 
 0.0996841270 0.0951978632 0.0905865093 
 0.1020649048 0.0978657567 0.0935285946 
 0.1045948148 0.1007048998 0.0966667631 
 0.1072328407 0.1036691595 0.0999500065 
 0.1099381675 0.1067119593 0.1033259033 
 0.1126715868 0.1097880296 0.1067427590 
 0.1153967428 0.1128550242 0.1101516788 
 0.1180811052 0.1158748346 0.1135083241 
 0.1206966006 0.1188144830 0.1167741692 
 0.1232198849 0.1216465560 0.1199171719 
 0.1256322895 0.1243492034 0.1229118768 
 0.1279195062 0.1269057884 0.1257390452 
 0.1300710931 0.1293042926 0.1283849544 
 0.1320798819 0.1315365906 0.1308405138 
 0.1339413563 0.1335976862 0.1331003283 
 0.1356530536 0.1354849825 0.1351618045 
 0.1372140216 0.1371976288 0.1370243576 
 0.1386243482 0.1387359646 0.1386887494 
 0.1398847692 0.1401010677 0.1401565576 
 0.1409963531 0.1412943980 0.1414297693 
 0.1419602564 0.1423175290 0.1425104815 
 0.1427775431 0.1431719542 0.1434006900 
 0.1434490624 0.1438589575 0.1441021525 
 0.1439753768 0.1443795396 0.1446163121 
 0.1443567386 0.1447343929 0.1449442713 
 0.1445931082 0.1449239186 0.1450868106 
 0.1446842114 0.1449482849 0.1450444469 
 0.1446296343 0.1448075197 0.1448175284 
 0.1444289499 0.1445016394 0.1444063660 
 0.1440818783 0.1440308107 0.1438114010 
 0.1435884738 0.1433955457 0.1430334104 
 0.1429493416 0.1425969295 0.1420737525 
 0.1421658783 0.1416368826 0.1409346565 
 0.1412405364 0.1405184546 0.1396195566 
 0.1401771067 0.1392461501 0.1381334724 
 0.1389810156 0.1378262789 0.1364834304 
 0.1376596241 0.1362673219 0.1346789144 
 0.1362225170 0.1345802928 0.1327323209 
 0.1346817597 0.1327790699 0.1306593857 
 0.1330520982 0.1308806618 0.1284795301 
 0.1313510696 0.1289053642 0.1262160703 
 0.1295989914 0.1268767627 0.1238962276 
 0.1278188001 0.1248215414 0.1215508859 
 0.1260357187 0.1227690722 0.1192140655 
 0.1242767461 0.1207507770 0.1169221119 
 0.1225699838 0.1187992880 0.1147126376 
 0.1209438297 0.1169474530 0.1126232928 
 0.1194260911 0.1152272580 0.1106904642 
 0.1180430771 0.1136687486 0.1089480135 
 0.1168187334 0.1122990311 0.1074261548 
 0.1157738759 0.1111414193 0.1061505446 
 0.1149255668 0.1102147709 0.1051416230 
 0.1142866599 0.1095330338 0.1044142099 
 0.1138655224 0.1091049972 0.1039773305 
 0.1136659307 0.1089342312 0.1038342320 
 0.1136871240 0.1090191861 0.1039825457 
 0.1139239985 0.1093534264 0.1044145608 
 0.1143674207 0.1099259769 0.1051175848 
 0.1150046425 0.1107217643 0.1060743826 
 0.1158198001 0.1117221446 0.1072636941 
 0.1167944774 0.1129055042 0.1086608349 
 0.1179083168 0.1142479241 0.1102383827 
 0.1191396519 0.1157238879 0.1119669376 
 0.1204661397 0.1173070076 0.1138159363 
 0.1218653605 0.1189707343 0.1157544812 
 0.1233153621 0.1206890189 0.1177521396 
 0.1247951217 0.1224368884 0.1197796633 
 0.1262849086 0.1241909088 0.1218095852 
 0.1277665380 0.1259295179 0.1238166624 
 0.1292235160 0.1276332227 0.1257781495 
 0.1306410820 0.1292846681 0.1276739088 
 0.1320061648 0.1308685938 0.1294863739 
 0.1333072700 0.1323717027 0.1312003962 
 0.1345343182 0.1337824681 0.1328030108 
 0.1356784551 0.1350909034 0.1342831533 
 0.1367318501 0.1362883192 0.1356313594 
 0.1376874986 0.1373670840 0.1368394707 
 0.1385390377 0.1383204037 0.1379003637 
 0.1392805864 0.1391421277 0.1388077120 
 0.1399066128 0.1398265879 0.1395557893 
 0.1404118341 0.1403684741 0.1401393136 
 0.1407911499 0.1407627458 0.1405533341 
 0.1410396105 0.1410045809 0.1407931588 
 0.1411524200 0.1410893619 0.1408543223 
 0.1411249725 0.1410126975 0.1407325929 
 0.1409529235 0.1407704803 0.1404240185 
 0.1406322926 0.1403589809 0.1399250123 
 0.1401596001 0.1397749785 0.1392324820 
 0.1395320358 0.1390159320 0.1383440049 
 0.1387476623 0.1380801921 0.1372580564 
 0.1378056525 0.1369672603 0.1359742978 
 0.1367065626 0.1356780966 0.1344939316 
 0.1354526406 0.1342154792 0.1328201262 
 0.1340481659 0.1325844112 0.1309585112 
 0.1324998113 0.1307925664 0.1289177270 
 0.1308170132 0.1288507514 0.1267100035 
 0.1290123219 0.1267733511 0.1243517197 
 0.1271017004 0.1245787096 0.1218638776 
 0.1251047265 0.1222893862 0.1192724119 
 0.1230446523 0.1199322256 0.1166082484 
 0.1209482771 0.1175381818 0.1139070412 
 0.1188455998 0.1151418596 0.1112085443 
 0.1167692402 0.1127807645 0.1085556226 
 0.1147536414 0.1104942908 0.1059929592 
 0.1128340950 0.1083225164 0.1035655660 
 0.1110456542 0.1063048982 0.1013172354 
 0.1094220131 0.1044789773 0.0992890770 
 0.1079944300 0.1028791922 0.0975182576 
 0.1067907626 0.1015358736 0.0960370209 
 0.1058346603 0.1004744614 0.0948720074 
 0.1051449360 0.0997149456 0.0940438471 
 0.1047351150 0.0992715061 0.0935669624 
 0.1046131490 0.0991523098 0.0934495046 
 0.1047812732 0.0993594251 0.0936933560 
 0.1052359917 0.0998888222 0.0942941510 
 0.1059681832 0.1007304513 0.0952413037 
 0.1069633320 0.1018684102 0.0965180667 
 0.1082018963 0.1032812324 0.0981016719 
 0.1096598273 0.1049423324 0.0999636233 
 0.1113092453 0.1068206400 0.1020702105 
 0.1131192622 0.1088814365 0.1043832862 
 0.1150569231 0.1110873731 0.1068613149 
 0.1170882120 0.1133996225 0.1094606496 
 0.1191790585 0.1157790807 0.1121369424 
 0.1212962703 0.1181875240 0.1148465666 
 0.1234083267 0.1205886239 0.1175479143 
 0.1254859841 0.1229487447 0.1202024519 
 0.1275026671 0.1252374754 0.1227754557 
 0.1294346467 0.1274278893 0.1252363978 
 0.1312610289 0.1294965512 0.1275590015 
 0.1329635889 0.1314233219 0.1297210239 
 0.1345264998 0.1331910186 0.1317038422 
 0.1359359960 0.1347849899 0.1334919232 
 0.1371800133 0.1361926596 0.1350722496 
 0.1382478331 0.1374030777 0.1364337557 
 0.1391297512 0.1384065066 0.1375668101 
 0.1398167842 0.1391940555 0.1384627635 
 0.1403004168 0.1397573705 0.1391135680 
 0.1405723937 0.1400883781 0.1395114665 
 0.1406245518 0.1401790803 0.1396487443 
 0.1404486951 0.1400213972 0.1395175387 
 0.1400365088 0.1396070557 0.1391097006 
 0.1393795167 0.1389275244 0.1384167089 
 0.1384690872 0.1379740041 0.1374296454 
 0.1372965005 0.1367374859 0.1361392475 
 0.1358530966 0.1352089030 0.1345360666 
 0.1341305331 0.1333794123 0.1326107791 
 0.1321211929 0.1312408543 0.1303547062 
 0.1298187878 0.1287864510 0.1277606170 
 0.1272192070 0.1260117984 0.1248238810 
 0.1243216453 0.1229161981 0.1215440205 
 0.1211300158 0.1195043260 0.1179266549 
 0.1176545942 0.1157881659 0.1139857376 
 0.1139137595 0.1117890287 0.1097458549 
 0.1099356039 0.1075393621 0.1052442121 
 0.1057590957 0.1030839521 0.1005318193 
 0.1014344428 0.0984800892 0.0956733721 
 0.0970223528 0.0937963564 0.0907454617 
 0.0925920373 0.0891099209 0.0858330529 
 0.0882180577 0.0845025346 0.0810245842 
 0.0839763808 0.0800557833 0.0764064228 
 0.0799402214 0.0758463383 0.0720576145 
 0.0761763173 0.0719419797 0.0680457972 
 0.0727421749 0.0683989624 0.0644248453 
 0.0696845901 0.0652609675 0.0612343797 
 0.0670394661 0.0625595394 0.0585008976 
 0.0648327124 0.0603156567 0.0562400275 
 0.0630818622 0.0585419674 0.0544593425 
 0.0617980107 0.0572452262 0.0531612289 
 0.0609877104 0.0564285530 0.0523454305 
 0.0606545455 0.0560932436 0.0520110291 
 0.0608001947 0.0562399660 0.0521577273 
 0.0614248702 0.0568692530 0.0527863741 
 0.0625270891 0.0579812563 0.0538987100 
 0.0641027911 0.0595747719 0.0554963363 
 0.0661438814 0.0616455965 0.0575789450 
 0.0686363513 0.0641843445 0.0601419060 
 0.0715582259 0.0671739520 0.0631734046 
 0.0748776752 0.0705872133 0.0666514572 
 0.0785516958 0.0743847989 0.0705412786 
 0.0825257671 0.0785142511 0.0747935710 
 0.0867347817 0.0829103897 0.0793442960 
 0.0911053398 0.0874973521 0.0841163092 
 0.0955592083 0.0921921604 0.0890228820 
 0.1000174696 0.0969093502 0.0939726924 
 0.1044047122 0.1015659169 0.0988754824 
 0.1086526150 0.1060857661 0.1036474042 
 0.1127024456 0.1104030043 0.1082151883 
 0.1165062638 0.1144637206 0.1125186120 
 0.1200269013 0.1182262684 0.1165111800 
 0.1232369878 0.1216603322 0.1201593006 
 0.1261173844 0.1247452068 0.1234404477 
 0.1286553731 0.1274677236 0.1263408313 
 0.1308428730 0.1298201693 0.1288530120 
 0.1326748566 0.1317984246 0.1309737460 
 0.1341480442 0.1334004297 0.1327022067 
 0.1352598892 0.1346249986 0.1340386134 
 0.1360078226 0.1354709461 0.1349832334 
 0.1363887097 0.1359364720 0.1355356876 
 0.1363984708 0.1360187409 0.1356944882 
 0.1360318274 0.1357136103 0.1354567484 
 0.1352821567 0.1350154786 0.1348180267 
 0.1341414555 0.1339172527 0.1337722977 
 0.1326004463 0.1324104605 0.1323120717 
 0.1306488882 0.1304855717 0.1304287206 
 0.1282761883 0.1281326232 0.1281131058 
 0.1254724410 0.1253422755 0.1253566327 
 0.1222300343 0.1221074430 0.1221528717 
 0.1185459411 0.1184256160 0.1184998643 
 0.1144247308 0.1143019098 0.1144031511 
 0.1098821737 0.1097527119 0.1098793931 
 0.1049490602 0.1048095391 0.1049602101 
 0.0996745570 0.0995224191 0.0996955539 
 0.0941281707 0.0939618503 0.0941556865 
 0.0883993430 0.0882183539 0.0884307799 
 0.0825939954 0.0823989366 0.0826274574 
 0.0768280248 0.0766204752 0.0768622720 
 0.0712186276 0.0710009300 0.0712530078 
 0.0658750678 0.0656500324 0.0659094251 
 0.0608907422 0.0606613223 0.0609253090 
 0.0563380039 0.0561070005 0.0563732895 
 0.0522663809 0.0520362177 0.0523030673 
 0.0487039297 0.0484765199 0.0487427858 
 0.0456608486 0.0454375469 0.0457026654 
 0.0431342556 0.0429158776 0.0431798021 
 0.0411131630 0.0409000475 0.0411631584 
 0.0395829767 0.0393750685 0.0396380738 
 0.0385291667 0.0383261047 0.0385899416 
 0.0379399979 0.0377411986 0.0380069400 
 0.0378083494 0.0376130820 0.0378818491 
 0.0381327013 0.0379401559 0.0382130323 
 0.0389173522 0.0387267024 0.0390046453 
 0.0401718829 0.0399823467 0.0402660916 
 0.0419098246 0.0417207281 0.0420106818 
 0.0441464537 0.0439572976 0.0442534230 
 0.0468956436 0.0467061730 0.0470078703 
 0.0501657890 0.0499760620 0.0502820633 
 0.0539550060 0.0537654519 0.0540737515 
 0.0582460954 0.0580575512 0.0583654021 
 0.0630020855 0.0628157954 0.0631198030 
 0.0681634209 0.0679809901 0.0682773201 
 0.0736478604 0.0734711615 0.0737558579 
 0.0793537552 0.0791847986 0.0794541740 
 0.0851665974 0.0850073913 0.0852584269 
 0.0909678064 0.0908202386 0.0910509186 
 0.0966440306 0.0965097985 0.0967193232 
 0.1020951153 0.1019757199 0.1021645724 
 0.1072393813 0.1071361824 0.1073060662 
 0.1120157157 0.1119300334 0.1120837231 
 0.1163828178 0.1163160595 0.1164572185 
 0.1203164686 0.1202702613 0.1204032699 
 0.1238058265 0.1237821424 0.1239119658 
 0.1268495938 0.1268508618 0.1269829692 
 0.1294526026 0.1294818054 0.1296221401 
 0.1316230817 0.1316838419 0.1318388341 
 0.1333706473 0.1334673065 0.1336439207 
 0.1347049357 0.1348426323 0.1350484389 
 0.1356347419 0.1358194913 0.1360627572 
 0.1361675261 0.1364063068 0.1366960992 
 0.1363091716 0.1366100193 0.1369563203 
 0.1360639127 0.1364360230 0.1368498510 
 0.1354343856 0.1358882218 0.1363817568 
 0.1344217891 0.1349691881 0.1355558933 
 0.1330261684 0.1336804318 0.1343751579 
 0.1312468658 0.1320228112 0.1328418637 
 0.1290831990 0.1299971379 0.1309582746 
 0.1265354437 0.1276050382 0.1287273525 
 0.1236061934 0.1248501306 0.1261537664 
 0.1203021359 0.1217395588 0.1232451971 
 0.1166362222 0.1182858631 0.1200139263 
 0.1126300885 0.1145090858 0.1164786356 
 0.1083164480 0.1104388874 0.1126662431 
 0.1037410171 0.1061163266 0.1086135046 
 0.0989634417 0.1015948625 0.1043680295 
 0.0940567152 0.0969401408 0.0999883413 
 0.0891047800 0.0922282611 0.0955427037 
 0.0841983790 0.0875425049 0.0911066348 
 0.0794296684 0.0829688632 0.0867593117 
 0.0748864681 0.0785910324 0.0825793478 
 0.0706471483 0.0744857080 0.0786405996 
 0.0667769890 0.0707189350 0.0750086596 
 0.0633264546 0.0673440032 0.0717385216 
 0.0603313701 0.0644009990 0.0688736200 
 0.0578146176 0.0619177894 0.0664461536 
 0.0557887792 0.0599119974 0.0644783871 
 0.0542591348 0.0583934576 0.0629845154 
 0.0532265254 0.0573666909 0.0619726776 
 0.0526897385 0.0568330390 0.0614467723 
 0.0526472099 0.0567922273 0.0614078250 
 0.0530979401 0.0572432196 0.0618547516 
 0.0540415869 0.0581843089 0.0627844474 
 0.0554777370 0.0596124472 0.0641912013 
 0.0574043984 0.0615218690 0.0660655057 
 0.0598158100 0.0639021382 0.0683924090 
 0.0626997569 0.0667358353 0.0711496452 
 0.0660347032 0.0699962120 0.0743058633 
 0.0697871911 0.0736452450 0.0778193444 
 0.0739100595 0.0776325674 0.0816376007 
 0.0783420385 0.0818957142 0.0856981624 
 0.0830091221 0.0863619274 0.0899306668 
 0.0878277976 0.0909514685 0.0942600999 
 0.0927097860 0.0955820317 0.0986107676 
 0.0975675555 0.1001735733 0.1029103964 
 0.1023196676 0.1046527691 0.1070937347 
 0.1068950824 0.1089564291 0.1111051658 
 0.1112358552 0.1130334827 0.1149000941 
 0.1152980774 0.1168454912 0.1184451287 
 0.1190512899 0.1203659272 0.1217173018 
 0.1224768243 0.1235786222 0.1247026554 
 0.1255655887 0.1264758033 0.1273945387 
 0.1283157374 0.1290560761 0.1297918894 
 0.1307305337 0.1313225890 0.1318976830 
 0.1328165660 0.1332815062 0.1337176407 
 0.1345823694 0.1349408224 0.1352592202 
 0.1360374248 0.1363094946 0.1365308669 
 0.1371914754 0.1373968392 0.1375414826 
 0.1380540867 0.1382121351 0.1383000644 
 0.1386343833 0.1387643762 0.1388154692 
 0.1389409107 0.1390621329 0.1390962719 
 0.1389815843 0.1391134909 0.1391506902 
 0.1387637015 0.1389260476 0.1389865644 
 0.1382940065 0.1385069573 0.1386113806 
 0.1375788021 0.1378630206 0.1380323363 
 0.1366241131 0.1370008200 0.1372564480 
 0.1354359067 0.1359269055 0.1362907036 
 0.1340203834 0.1346480385 0.1351422647 
 0.1323843476 0.1331715010 0.1338187226 
 0.1305356694 0.1315054758 0.1323284103 
 0.1284838421 0.1296594996 0.1306807716 
 0.1262406248 0.1276449816 0.1288867782 
 0.1238207466 0.1254757661 0.1269593799 
 0.1212426199 0.1231687041 0.1249139591 
 0.1185289896 0.1207441766 0.1227687494 
 0.1157074198 0.1182265000 0.1205451659 
 0.1128105141 0.1156441348 0.1182679884 
 0.1098757702 0.1130296216 0.1159653421 
 0.1069450094 0.1104191933 0.1136684314 
 0.1040633723 0.1078520456 0.1114110082 
 0.1012779443 0.1053692985 0.1092285873 
 0.0986361386 0.1030127267 0.1071574569 
 0.0961840051 0.1008233759 0.1052335605 
 0.0939646455 0.0988401951 0.1034913423 
 0.0920168834 0.0970988049 0.1019626489 
 0.0903742792 0.0956304865 0.1006757613 
 0.0890645112 0.0944614324 0.0996546026 
 0.0881090767 0.0936122498 0.0989181385 
 0.0875232236 0.0930976712 0.0984799549 
 0.0873160038 0.0929264088 0.0983479836 
 0.0874903467 0.0931010882 0.0985243436 
 0.0880430836 0.0936182158 0.0990052708 
 0.0889648950 0.0944681620 0.0997811294 
 0.0902402040 0.0956351796 0.1008365188 
 0.0918470835 0.0970975045 0.1021505046 
 0.0937572793 0.0988276080 0.1036970155 
 0.0959364655 0.1007926712 0.1054454426 
 0.0983448300 0.1029553355 0.1073614581 
 0.1009380529 0.1052747468 0.1094080472 
 0.1036686684 0.1077078593 0.1115467035 
 0.1064877294 0.1102109147 0.1137387149 
 0.1093466285 0.1127409755 0.1159464386 
 0.1121988879 0.1152573693 0.1181344642 
 0.1150017341 0.1177229162 0.1202705758 
 0.1177173091 0.1201048442 0.1223264557 
 0.1203134361 0.1223753473 0.1242781051 
 0.1227639303 0.1245117931 0.1261059966 
 0.1250485073 0.1264966266 0.1277949969 
 0.1271523841 0.1283170445 0.1293341149 
 0.1290656790 0.1299645187 0.1307161354 
 0.1307827141 0.1314342452 0.1319371890 
 0.1323013019 0.1327245747 0.1329963014 
 0.1336220707 0.1338364664 0.1338949501 
 0.1347478607 0.1347729871 0.1346366455 
 0.1356832027 0.1355388647 0.1352265429 
 0.1364338775 0.1361400972 0.1356710887 
 0.1370065491 0.1365836121 0.1359776976 
 0.1374084605 0.1368769709 0.1361544595 
 0.1376471821 0.1370281133 0.1362098744 
 0.1377304073 0.1370451382 0.1361526143 
 0.1376657875 0.1369361184 0.1359913141 
 0.1374608070 0.1367089507 0.1357343934 
 0.1371226946 0.1363712415 0.1353899123 
 0.1366583745 0.1359302310 0.1349654663 
 0.1360744575 0.1353927573 0.1344681222 
 0.1353772736 0.1347652636 0.1339043980 
 0.1345729480 0.1340538487 0.1332802900 
 0.1336675205 0.1332643609 0.1326013446 
 0.1326671068 0.1324025343 0.1318727740 
 0.1315781007 0.1314741629 0.1310996110 
 0.1304074093 0.1304853065 0.1302868959 
 0.1291627137 0.1294425193 0.1294398866 
 0.1278527433 0.1283530907 0.1285642800 
 0.1264875453 0.1272252811 0.1276664306 
 0.1250787291 0.1260685372 0.1267535514 
 0.1236396617 0.1248936658 0.1258338800 
 0.1221855866 0.1237129461 0.1249167925 
 0.1207336424 0.1225401613 0.1240128500 
 0.1193027593 0.1213905317 0.1231337652 
 0.1179134220 0.1202805408 0.1222922793 
 0.1165872964 0.1192276504 0.1215019460 
 0.1153467315 0.1182499098 0.1207768285 
 0.1142141591 0.1173654772 0.1201311165 
 0.1132114243 0.1165920722 0.1195786835 
 0.1123590839 0.1159463911 0.1191326025 
 0.1116757113 0.1154435132 0.1188046484 
 0.1111772431 0.1150963302 0.1186048094 
 0.1108763947 0.1149150244 0.1185408355 
 0.1107821667 0.1149066206 0.1186178449 
 0.1108994580 0.1150746308 0.1188380108 
 0.1112287964 0.1154188085 0.1192003444 
 0.1117661973 0.1159350245 0.1197005886 
 0.1125031613 0.1166152765 0.1203312318 
 0.1134268213 0.1174478384 0.1210816477 
 0.1145202461 0.1184175513 0.1219383588 
 0.1157629026 0.1195062529 0.1228854168 
 0.1171312684 0.1206933292 0.1239048841 
 0.1185995730 0.1219563656 0.1249773928 
 0.1201406306 0.1232718634 0.1260827527 
 0.1217267178 0.1246159810 0.1272005741 
 0.1233304400 0.1259652571 0.1283108723 
 0.1249255337 0.1272972744 0.1293946232 
 0.1264875556 0.1285912304 0.1304342438 
 0.1279944275 0.1298283928 0.1314139834 
 0.1294268197 0.1309924283 0.1323202154 
 0.1307683741 0.1320696062 0.1331416316 
 0.1320057813 0.1330488871 0.1338693438 
 0.1331287346 0.1339219127 0.1344969058 
 0.1341297899 0.1346829161 0.1350202647 
 0.1350041577 0.1353285708 0.1354376571 
 0.1357494515 0.1358577958 0.1357494574 
 0.1363654104 0.1362715280 0.1359579907 
 0.1368536117 0.1365724745 0.1360673136 
 0.1372171803 0.1367648507 0.1360829716 
 0.1374605038 0.1368541105 0.1360117366 
 0.1375889554 0.1368466740 0.1358613309 
 0.1376086308 0.1367496566 0.1356401417 
 0.1375261007 0.1365706071 0.1353569359 
 0.1373481837 0.1363172582 0.1350205810 
 0.1370817457 0.1359972989 0.1346397829 
 0.1367335280 0.1356181737 0.1342228496 
 0.1363100116 0.1351869179 0.1337774907 
 0.1358173212 0.1347100332 0.1333106609 
 0.1352611724 0.1341934106 0.1328284551 
 0.1346468647 0.1336423023 0.1323360595 
 0.1339793218 0.1330613453 0.1318377592 
 0.1332631761 0.1324546334 0.1313370031 
 0.1325028951 0.1318258352 0.1308365196 
 0.1317029436 0.1311783503 0.1303384757 
 0.1308679733 0.1305154955 0.1298446711 
 0.1300030297 0.1298407092 0.1293567528 
 0.1291137635 0.1291577623 0.1288764384 
 0.1282066326 0.1284709607 0.1284057337 
 0.1272890793 0.1277853262 0.1279471290 
 0.1263696665 0.1271067401 0.1275037624 
 0.1254581564 0.1264420371 0.1270795363 
 0.1245655202 0.1257990381 0.1266791780 
 0.1237038650 0.1251865124 0.1263082365 
 0.1228862745 0.1246140647 0.1259730123 
 0.1221265602 0.1240919472 0.1256804198 
 0.1214389326 0.1236307997 0.1254377856 
 0.1208376003 0.1232413292 0.1252525932 
 0.1203363186 0.1229339414 0.1251321828 
 0.1199479074 0.1227183431 0.1250834242 
 0.1196837628 0.1226031353 0.1251123779 
 0.1195533886 0.1225954178 0.1252239644 
 0.1195639707 0.1227004289 0.1254216600 
 0.1197200172 0.1229212378 0.1257072359 
 0.1200230834 0.1232585099 0.1260805595 
 0.1204715983 0.1237103595 0.1265394680 
 0.1210608044 0.1242723001 0.1270797257 
 0.1217828187 0.1249372994 0.1276950699 
 0.1226268180 0.1256959395 0.1283773444 
 0.1235793419 0.1265366771 0.1291167171 
 0.1246247038 0.1274461906 0.1299019686 
 0.1257454880 0.1284097981 0.1307208386 
 0.1269231074 0.1294119212 0.1315604103 
 0.1281383885 0.1304365698 0.1324075109 
 0.1293721516 0.1314678209 0.1332491085 
 0.1306057514 0.1324902656 0.1340726844 
 0.1318215528 0.1334894040 0.1348665644 
 0.1330033200 0.1344519716 0.1356201974 
 0.1341365083 0.1353661896 0.1363243719 
 0.1352084564 0.1362219342 0.1369713694 
 0.1362084837 0.1370108305 0.1375550527 
 0.1371279028 0.1377262744 0.1380708948 
 0.1379599620 0.1383633943 0.1385159529 
 0.1386997320 0.1389189612 0.1388887934 
 0.1393439508 0.1393912584 0.1391893772 
 0.1398908412 0.1397799198 0.1394189105 
 0.1403399099 0.1400857470 0.1395796698 
 0.1406917399 0.1403105125 0.1396748070 
 0.1409477833 0.1404567568 0.1397081436 
 0.1411101601 0.1405275867 0.1396839602 
 0.1411814714 0.1405264823 0.1396067893 
 0.1411646303 0.1404571174 0.1394812201 
 0.1410627169 0.1403232020 0.1393117211 
 0.1408788613 0.1401283508 0.1391024902 
 0.1406161582 0.1398759839 0.1388573363 
 0.1402776166 0.1395692628 0.1385796001 
 0.1398661468 0.1392110652 0.1382721156 
 0.1393845850 0.1388039995 0.1379372150 
 0.1388357543 0.1383504580 0.1375767774 
 0.1382225618 0.1378527067 0.1371923157 
 0.1375481262 0.1373130077 0.1367851003 
 0.1368159306 0.1367337664 0.1363563096 
 0.1360299944 0.1361176976 0.1359071997 
 0.1351950532 0.1354679991 0.1354392837 
 0.1343167367 0.1347885233 0.1349545079 
 0.1334017319 0.1340839335 0.1344554143 
 0.1324579162 0.1333598339 0.1339452773 
 0.1314944476 0.1326228593 0.1334282030 
 0.1305217947 0.1318807137 0.1329091822 
 0.1295516954 0.1311421467 0.1323940874 
 0.1285970333 0.1304168604 0.1318896089 
 0.1276716262 0.1297153433 0.1314031282 
 0.1267899277 0.1290486323 0.1309425286 
 0.1259666498 0.1284280072 0.1305159496 
 0.1252163213 0.1278646319 0.1301314949 
 0.1245528020 0.1273691573 0.1297969066 
 0.1239887794 0.1269513061 0.1295192242 
 0.1235352759 0.1266194639 0.1293044451 
 