0.0730168285 0.0748624297 0.0771292369 
 0.0784305976 0.0801782453 0.0823171687 
 0.0839807547 0.0856120449 0.0876022457 
 0.0895550197 0.0910559553 0.0928820337 
 0.0950439104 0.0964060098 0.0980591201 
 0.1003484523 0.1015691099 0.1030472163 
 0.1053857712 0.1064679098 0.1077752629 
 0.1100918880 0.1110430973 0.1121891670 
 0.1144218014 0.1152532245 0.1162513857 
 0.1183475109 0.1190727175 0.1199389526 
 0.1218548587 0.1224888748 0.1232406701 
 0.1249400093 0.1254985845 0.1261541031 
 0.1276061538 0.1281052789 0.1286828171 
 0.1298607656 0.1303164082 0.1308340973 
 0.1317135121 0.1321415218 0.1326172171 
 0.1331747884 0.1335909194 0.1340422187 
 0.1342547674 0.1346747748 0.1351191183 
 0.1349628394 0.1354026185 0.1358574313 
 0.1353073304 0.1357830742 0.1362659298 
 0.1352954108 0.1358237726 0.1363525581 
 0.1349331383 0.1355313878 0.1361244609 
 0.1342256047 0.1349117679 0.1355880975 
 0.1331771811 0.1339701524 0.1347494306 
 0.1317918740 0.1327114817 0.1336141940 
 0.1300738176 0.1311408197 0.1321882530 
 0.1280279377 0.1292639127 0.1304780733 
 0.1256608171 0.1270879114 0.1284913188 
 0.1229817803 0.1246222673 0.1262375886 
 0.1200041794 0.1218797958 0.1237292859 
 0.1167468140 0.1188778554 0.1209825860 
 0.1132353509 0.1156395466 0.1180184311 
 0.1095035386 0.1121947767 0.1148634417 
 0.1055939629 0.1085809969 0.1115505957 
 0.1015580843 0.1048434015 0.1081195155 
 0.0974553605 0.1010344205 0.1046162180 
 0.0933513982 0.0972124222 0.1010922415 
 0.0893152671 0.0934396863 0.0976031624 
 0.0854163015 0.0897798568 0.0942066236 
 0.0817208446 0.0862952008 0.0909600999 
 0.0782894087 0.0830440514 0.0879186824 
 0.0751746283 0.0800787662 0.0851331558 
 0.0724202012 0.0774444184 0.0826485788 
 0.0700608097 0.0751782814 0.0805034640 
 0.0681228430 0.0733100203 0.0787295411 
 0.0666256401 0.0718623960 0.0773519850 
 0.0655829409 0.0708522362 0.0763899299 
 0.0650042600 0.0702914237 0.0758570709 
 0.0648959543 0.0701876896 0.0757621692 
 0.0652618206 0.0705450509 0.0761093179 
 0.0661031301 0.0713637978 0.0768978823 
 0.0674180693 0.0726400048 0.0781220937 
 0.0692006273 0.0743646125 0.0797703463 
 0.0714390475 0.0765222051 0.0818243203 
 0.0741140506 0.0790896913 0.0842581194 
 0.0771971294 0.0820351606 0.0870376545 
 0.0806492823 0.0853172291 0.0901205199 
 0.0844205712 0.0888851647 0.0934565621 
 0.0884508113 0.0926799890 0.0969892413 
 0.0926715269 0.0966365822 0.1006577425 
 0.0970090515 0.1006866114 0.1043996294 
 0.1013883874 0.1047619102 0.1081537135 
 0.1057372497 0.1087978286 0.1118627541 
 0.1099896802 0.1127360824 0.1154756483 
 0.1140887333 0.1165267566 0.1189488839 
 0.1179879719 0.1201293126 0.1222471815 
 0.1216517725 0.1235126448 0.1253433968 
 0.1250546481 0.1266543826 0.1282178516 
 0.1281799114 0.1295397005 0.1308573056 
 0.1310180136 0.1321599005 0.1332537691 
 0.1335648372 0.1345109795 0.1354033174 
 0.1358201320 0.1365923237 0.1373050118 
 0.1377861966 0.1384056043 0.1389599809 
 0.1394668338 0.1399538953 0.1403706777 
 0.1408665640 0.1412409989 0.1415403000 
 0.1419900553 0.1422709463 0.1424723510 
 0.1428417241 0.1430476375 0.1431703116 
 0.1434254606 0.1435745862 0.1436374010 
 0.1437444451 0.1438547423 0.1438764037 
 0.1438010283 0.1438903725 0.1438895490 
 0.1435966596 0.1436829862 0.1436784337 
 0.1431318539 0.1432332995 0.1432439832 
 0.1424061940 0.1425412359 0.1425864496 
 0.1414183728 0.1416059670 0.1417054496 
 0.1401662848 0.1404259995 0.1406000476 
 0.1386471840 0.1389993246 0.1392688962 
 0.1368579343 0.1373236465 0.1377104469 
 0.1347953872 0.1353967209 0.1359232526 
 0.1324569303 0.1332168325 0.1339063861 
 0.1298412512 0.1307834492 0.1316599994 
 0.1269493563 0.1280980812 0.1291860469 
 0.1237858594 0.1251653578 0.1264891795 
 0.1203605088 0.1219942991 0.1235777937 
 0.1166898549 0.1185997088 0.1204651817 
 0.1127988734 0.1150035499 0.1171706777 
 0.1087222742 0.1112360978 0.1137206479 
 0.1045051757 0.1073366204 0.1101491334 
 0.1002028326 0.1033533332 0.1064979470 
 0.0958792210 0.0993424499 0.1028160695 
 0.0916044780 0.0953662849 0.0991582822 
 0.0874514512 0.0914905551 0.0955831102 
 0.0834918284 0.0877812083 0.0921502913 
 0.0797924403 0.0843012234 0.0889180897 
 0.0764122812 0.0811078361 0.0859408129 
 0.0734006223 0.0782505396 0.0832668336 
 0.0707963321 0.0757700297 0.0809373058 
 0.0686282809 0.0736980668 0.0789856131 
 0.0669165296 0.0720580677 0.0774374518 
 0.0656739341 0.0708661479 0.0763113573 
 0.0649078022 0.0701323132 0.0756194423 
 0.0646213085 0.0698615356 0.0753681256 
 0.0648144582 0.0700545108 0.0755586714 
 0.0654844791 0.0707079774 0.0761874272 
 0.0666256042 0.0718145530 0.0772457196 
 0.0682282794 0.0733621269 0.0787194414 
 0.0702779128 0.0753329217 0.0805884356 
 0.0727533558 0.0777024116 0.0828258418 
 0.0756253910 0.0804383449 0.0853976133 
 0.0788555576 0.0835001490 0.0882624220 
 0.0823956613 0.0868389846 0.0913721356 
 0.0861882580 0.0903986344 0.0946729676 
 0.0901682541 0.0941172737 0.0981072808 
 0.0942655543 0.0979299925 0.1016158871 
 0.0984084512 0.1017717712 0.1051405765 
 0.1025272760 0.1055805015 0.1086265500 
 0.1065577664 0.1092996377 0.1120244552 
 0.1104436847 0.1128801511 0.1152918057 
 0.1141384090 0.1162816207 0.1183936975 
 0.1176054453 0.1194724648 0.1213028557 
 0.1208180074 0.1224294567 0.1239991431 
 0.1237579320 0.1251367470 0.1264687061 
 0.1264142270 0.1275846251 0.1287029388 
 0.1287815187 0.1297682221 0.1306974135 
 0.1308585876 0.1316862972 0.1324508847 
 0.1326471069 0.1333401916 0.1339644260 
 0.1341506285 0.1347329808 0.1352407234 
 0.1353738123 0.1358688233 0.1362835224 
 0.1363218724 0.1367524825 0.1370972136 
 0.1370001989 0.1373889923 0.1376865332 
 0.1374141169 0.1377834372 0.1380563581 
 0.1375687524 0.1379408226 0.1382115784 
 0.1374689800 0.1378660172 0.1381570335 
 0.1371194398 0.1375637582 0.1378975040 
 0.1365246157 0.1370387113 0.1374377550 
 0.1356889757 0.1362955867 0.1367826293 
 0.1346171788 0.1353393127 0.1359371915 
 0.1333143566 0.1341752715 0.1349069259 
 0.1317864787 0.1328096038 0.1336979894 
 0.1300408114 0.1312495851 0.1323175229 
 0.1280864686 0.1295040742 0.1307740168 
 0.1259350468 0.1275840246 0.1290777240 
 0.1236013130 0.1255030363 0.1272411025 
 0.1211038966 0.1232779117 0.1252792588 
 0.1184659069 0.1209291578 0.1232103520 
 0.1157153838 0.1184813670 0.1210559069 
 0.1128854756 0.1159633975 0.1188409777 
 0.1100142551 0.1134082825 0.1165941088 
 0.1071441161 0.1108528176 0.1143470487 
 0.1043207491 0.1083368130 0.1121342013 
 0.1015917612 0.1059020422 0.1099918246 
 0.0990050663 0.1035909665 0.1079570266 
 0.0966072116 0.1014453487 0.1060666316 
 0.0944418102 0.0995048810 0.1043560076 
 0.0925482223 0.0978059440 0.1028579444 
 0.0909605686 0.0963805784 0.1016016570 
 0.0897070921 0.0952557073 0.1006119589 
 0.0888098235 0.0944526017 0.0999086228 
 0.0882844637 0.0939865478 0.0995059186 
 0.0881403795 0.0938666552 0.0994123025 
 0.0883806203 0.0940957500 0.0996302285 
 0.0890018944 0.0946703116 0.1001560627 
 0.0899944855 0.0955804452 0.1009800969 
 0.0913421427 0.0968099119 0.1020866771 
 0.0930220171 0.0983362690 0.1034544786 
 0.0950047497 0.1001311883 0.1050569666 
 0.0972548244 0.1021610184 0.1068630706 
 0.0997312741 0.1043876355 0.1088380836 
 0.1023887844 0.1067695827 0.1109447646 
 0.1051791655 0.1092634516 0.1131445855 
 0.1080530908 0.1118254052 0.1153990383 
 0.1109619394 0.1144127104 0.1176708962 
 0.1138595506 0.1169851392 0.1199253287 
 0.1167037110 0.1195061133 0.1221307877 
 0.1194572427 0.1219435115 0.1242596160 
 0.1220886295 0.1242701102 0.1262883663 
 0.1245721921 0.1264636769 0.1281978551 
 0.1268878813 0.1285067753 0.1299729977 
 0.1290207913 0.1303863630 0.1316024862 
 0.1309605040 0.1320932633 0.1330783703 
 0.1327003659 0.1336215842 0.1343955939 
 0.1342367726 0.1349681422 0.1355515294 
 0.1355685129 0.1361319254 0.1365455358 
 0.1366961985 0.1371136183 0.1373785571 
 0.1376217885 0.1379151951 0.1380527685 
 0.1383482042 0.1385395802 0.1385712707 
 0.1388790265 0.1389903715 0.1389378320 
 0.1392182643 0.1392716213 0.1391566747 
 0.1393701850 0.1393876667 0.1392323044 
 0.1393391979 0.1393430083 0.1391693792 
 0.1391297864 0.1391422307 0.1389726191 
 0.1387464857 0.1387899667 0.1386467548 
 0.1381939047 0.1382909016 0.1381965158 
 0.1374767908 0.1376498193 0.1376266579 
 0.1366001415 0.1368716898 0.1369420307 
 0.1355693606 0.1359617981 0.1361476824 
 0.1343904622 0.1349259135 0.1352490028 
 0.1330703201 0.1337704976 0.1342518990 
 0.1316169595 0.1325029460 0.1331629991 
 0.1300398826 0.1311318551 0.1319898771 
 0.1283504131 0.1296673029 0.1307412858 
 0.1265620373 0.1281211246 0.1294273856 
 0.1246907108 0.1265071603 0.1280599474 
 0.1227550943 0.1248414469 0.1266525118 
 0.1207766759 0.1231423223 0.1252204784 
 0.1187797423 0.1214304141 0.1237811034 
 0.1167911666 0.1197284867 0.1223533875 
 0.1148399987 0.1180611328 0.1209578400 
 0.1129568642 0.1164543101 0.1196161179 
 0.1111731990 0.1149347379 0.1183505473 
 0.1095203680 0.1135291841 0.1171835481 
 0.1080287285 0.1122636854 0.1161369887 
 0.1067267013 0.1111627458 0.1152315081 
 0.1056399042 0.1102485603 0.1144858397 
 0.1047903895 0.1095403016 0.1139161719 
 0.1041960071 0.1090534977 0.1135355747 
 0.1038698994 0.1087995184 0.1133535154 
 0.1038201217 0.1087851800 0.1133754796 
 0.1040493790 0.1090124730 0.1136027125 
 0.1045548764 0.1094784179 0.1140320886 
 0.1053282840 0.1101750571 0.1146561212 
 0.1063558362 0.1110895942 0.1154631169 
 0.1076185861 0.1122046921 0.1164374822 
 0.1090928405 0.1134989381 0.1175601768 
 0.1107507931 0.1149474766 0.1188093064 
 0.1125613524 0.1165227898 0.1201608293 
 0.1144911375 0.1181955968 0.1215893443 
 0.1165055904 0.1199358177 0.1230689141 
 0.1185701268 0.1217135418 0.1245738762 
 0.1206512419 0.1234999358 0.1260795901 
 0.1227174867 0.1252680311 0.1275630816 
 0.1247402517 0.1269933494 0.1290035519 
 0.1266943152 0.1286543395 0.1303827392 
 0.1285581509 0.1302326252 0.1316851300 
 0.1303140095 0.1317130789 0.1328980356 
 0.1319478127 0.1330837497 0.1340115513 
 0.1334489083 0.1343356794 0.1350184256 
 0.1348097322 0.1354626433 0.1359138619 
 0.1360254230 0.1364608449 0.1366952769 
 0.1370934221 0.1373285905 0.1373620315 
 0.1380130820 0.1380659611 0.1379151498 
 0.1387852997 0.1386744931 0.1383570351 
 0.1394121808 0.1391568770 0.1386911907 
 0.1398967395 0.1395166762 0.1389219503 
 0.1402426336 0.1397580709 0.1390542229 
 0.1404539356 0.1398856287 0.1390932567 
 0.1405349388 0.1399041030 0.1390444255 
 0.1404899996 0.1398182636 0.1389130429 
 0.1403234158 0.1396327606 0.1387042084 
 0.1400393430 0.1393520247 0.1384226889 
 0.1396417488 0.1389802067 0.1380728410 
 0.1391344090 0.1385211576 0.1376585747 
 0.1385209431 0.1379784499 0.1371833611 
 0.1378048924 0.1373554416 0.1366502842 
 0.1369898378 0.1366553803 0.1360621345 
 0.1360795582 0.1358815448 0.1354215413 
 0.1350782227 0.1350374212 0.1347311382 
 0.1339906160 0.1341269057 0.1339937554 
 0.1328223848 0.1331545273 0.1332126291 
 0.1315802991 0.1321256793 0.1323916185 
 0.1302725107 0.1310468478 0.1315354169 
 0.1289087931 0.1299258202 0.1306497454 
 0.1275007417 0.1287718592 0.1297415125 
 0.1260619082 0.1275958208 0.1288189262 
 0.1246078481 0.1264102004 0.1278915431 
 0.1231560565 0.1252290890 0.1269702433 
 0.1217257785 0.1240680274 0.1260671204 
 0.1203376865 0.1229437537 0.1251952832 
 0.1190134288 0.1218738453 0.1243685702 
 0.1177750676 0.1208762668 0.1236011856 
 0.1166444346 0.1199688452 0.1229072705 
 0.1156424397 0.1191686968 0.1223004309 
 0.1147883735 0.1184916391 0.1217932457 
 0.1140992420 0.1179516176 0.1213967811 
 0.1135891670 0.1175601783 0.1211201378 
 0.1132688777 0.1173260120 0.1209700539 
 0.1131453130 0.1172545911 0.1209505857 
 0.1132213457 0.1173479148 0.1210628813 
 0.1134956353 0.1176043729 0.1213050595 
 0.1139626160 0.1180187365 0.1216722026 
 0.1146126206 0.1185822767 0.1221564636 
 0.1154321428 0.1192830112 0.1227472869 
 0.1164042359 0.1201060717 0.1234317341 
 0.1175090377 0.1210341791 0.1241949006 
 0.1187244060 0.1220482077 0.1250204047 
 0.1200266369 0.1231278107 0.1258909242 
 0.1213912313 0.1242520768 0.1267887553 
 0.1227936655 0.1254001818 0.1276963634 
 0.1242101241 0.1265520021 0.1285969013 
 0.1256181533 0.1276886597 0.1294746710 
 0.1269972026 0.1287929761 0.1303155122 
 0.1283290364 0.1298498207 0.1311071076 
 0.1295980063 0.1308463494 0.1318392003 
 0.1307911906 0.1317721379 0.1325037250 
 0.1318984150 0.1326192169 0.1330948600 
 0.1329121743 0.1333820261 0.1336090067 
 0.1338274767 0.1340572992 0.1340447067 
 0.1346416327 0.1346438953 0.1344025067 
 0.1353540057 0.1351425899 0.1346847777 
 0.1359657405 0.1355558354 0.1348954981 
 0.1364794794 0.1358875017 0.1350400066 
 0.1368990765 0.1361426022 0.1351247317 
 0.1372293155 0.1363270145 0.1351569060 
 0.1374756371 0.1364472015 0.1351442707 
 0.1376438817 0.1365099388 0.1350947811 
 0.1377400520 0.1365220572 0.1350163198 
 0.1377701009 0.1364902069 0.1349164299 
 0.1377397500 0.1364206504 0.1348020755 
 0.1376543439 0.1363190916 0.1346794408 
 0.1375187429 0.1361905463 0.1345537745 
 0.1373372594 0.1360392601 0.1344292866 
 0.1371136374 0.1358686744 0.1343091006 
 0.1368510769 0.1356814419 0.1341952627 
 0.1365522998 0.1354794896 0.1340888061 
 0.1362196530 0.1352641245 0.1339898649 
 0.1358552451 0.1350361758 0.1338978297 
 0.1354611056 0.1347961640 0.1338115365 
 0.1350393606 0.1345444877 0.1337294758 
 0.1345924126 0.1342816168 0.1336500093 
 0.1341231140 0.1340082794 0.1335715824 
 0.1336349230 0.1337256320 0.1334929196 
 0.1331320301 0.1334354013 0.1334131906 
 0.1326194450 0.1331399876 0.1333321389 
 0.1321030335 0.1328425221 0.1332501635 
 0.1315894980 0.1325468717 0.1331683506 
 0.1310862969 0.1322575879 0.1330884511 
 0.1306015001 0.1319797994 0.1330128056 
 0.1301435850 0.1317190516 0.1329442200 
 0.1297211794 0.1314810997 0.1328857978 
 0.1293427612 0.1312716634 0.1328407387 
 0.1290163307 0.1310961576 0.1328121135 
 0.1287490727 0.1309594126 0.1328026300 
 0.1285470262 0.1308654001 0.1328144009 
 0.1284147831 0.1308169806 0.1328487307 
 0.1283552317 0.1308156886 0.1329059319 
 0.1283693628 0.1308615688 0.1329851843 
 0.1284561499 0.1309530738 0.1330844455 
 0.1286125115 0.1310870308 0.1332004193 
 0.1288333607 0.1312586815 0.1333285861 
 0.1291117396 0.1314617939 0.1334632941 
 0.1294390331 0.1316888413 0.1335979082 
 0.1298052520 0.1319312409 0.1337250115 
 0.1301993720 0.1321796407 0.1338366482 
 0.1306097115 0.1324242416 0.1339246008 
 0.1310243303 0.1326551393 0.1339806871 
 0.1314314325 0.1328626735 0.1339970677 
 0.1318197543 0.1330377689 0.1339665525 
 0.1321789243 0.1331722572 0.1338828955 
 0.1324997829 0.1332591693 0.1337410700 
 0.1327746520 0.1332929893 0.1335375159 
 0.1329975502 0.1332698651 0.1332703529 
 0.1331643495 0.1331877702 0.1329395524 
 0.1332728720 0.1330466128 0.1325470641 
 0.1333229284 0.1328482907 0.1320968892 
 0.1333162971 0.1325966879 0.1315950954 
 0.1332566469 0.1322976116 0.1310497685 
 0.1331494040 0.1319586685 0.1304708925 
 0.1330015662 0.1315890779 0.1298701583 
 0.1328214684 0.1311994259 0.1292606975 
 0.1326185022 0.1308013619 0.1286567447 
 0.1324027987 0.1304072458 0.1280732366 
 0.1321848830 0.1300297562 0.1275253600 
 0.1319753112 0.1296814732 0.1270280657 
 0.1317843049 0.1293744531 0.1265955696 
 0.1316213976 0.1291198140 0.1262408649 
 0.1314951085 0.1289273510 0.1259752686 
 0.1314126595 0.1288052016 0.1258080266 
 0.1313797489 0.1287595762 0.1257459958 
 0.1314003922 0.1287945687 0.1257934215 
 0.1314768383 0.1289120561 0.1259518186 
 0.1316095621 0.1291116903 0.1262199638 
 0.1317973359 0.1293909830 0.1265939963 
 0.1320373690 0.1297454744 0.1270676212 
 0.1323255102 0.1301689772 0.1276324029 
 0.1326564954 0.1306538776 0.1282781290 
 0.1330242280 0.1311914764 0.1289932248 
 0.1334220727 0.1317723477 0.1297651921 
 0.1338431456 0.1323866961 0.1305810472 
 0.1342805856 0.1330246913 0.1314277341 
 0.1347277921 0.1336767637 0.1322924919 
 0.1351786180 0.1343338490 0.1331631599 
 0.1356275127 0.1349875722 0.1340284114 
 0.1360696084 0.1356303686 0.1348779103 
 0.1365007530 0.1362555415 0.1357023944 
 0.1369174910 0.1368572622 0.1364936891 
 0.1373169983 0.1374305195 0.1372446647 
 0.1376969805 0.1379710283 0.1379491457 
 0.1380555425 0.1384751082 0.1386017880 
 0.1383910408 0.1389395430 0.1391979351 
 0.1387019290 0.1393614332 0.1397334663 
 0.1389866080 0.1397380506 0.1402046471 
 0.1392432886 0.1400667059 0.1406079920 
 0.1394698781 0.1403446363 0.1409401471 
 0.1396638964 0.1405689205 0.1411977985 
 0.1398224275 0.1407364260 0.1413776119 
 0.1399421109 0.1408437921 0.1414762056 
 0.1400191724 0.1408874495 0.1414901585 
 0.1400494961 0.1408636775 0.1414160548 
 0.1400287327 0.1407686957 0.1412505615 
 0.1399524421 0.1405987889 0.1409905403 
 0.1398162632 0.1403504597 0.1406331876 
 0.1396161060 0.1400206052 0.1401762024 
 0.1393483578 0.1396067119 0.1396179756 
 0.1390100982 0.1391070627 0.1389577987 
 0.1385993139 0.1385209515 0.1381960840 
 0.1381151070 0.1378488962 0.1373345934 
 0.1375578895 0.1370928449 0.1363766651 
 0.1369295558 0.1362563656 0.1353274316 
 0.1362336247 0.1353448089 0.1341940135 
 0.1354753433 0.1343654336 0.1329856774 
 0.1346617418 0.1333274813 0.1317139378 
 0.1338016319 0.1322421863 0.1303925848 
 0.1329055373 0.1311227085 0.1290376187 
 0.1319855529 0.1299839778 0.1276670763 
 0.1310551265 0.1288424437 0.1263007371 
 0.1301287639 0.1277157291 0.1249597106 
 0.1292216651 0.1266221975 0.1236659135 
 0.1283493022 0.1255804461 0.1224414575 
 0.1275269575 0.1246087507 0.1213079798 
 0.1267692440 0.1237244895 0.1202859524 
 0.1260896328 0.1229435779 0.1193940119 
 0.1255000141 0.1222799462 0.1186483466 
 0.1250103144 0.1217450872 0.1180621739 
 0.1246281904 0.1213476986 0.1176453326 
 0.1243588152 0.1210934349 0.1174040051 
 0.1242047653 0.1209847787 0.1173405778 
 0.1241660126 0.1210210342 0.1174536388 
 0.1242400178 0.1211984387 0.1177381100 
 0.1244219179 0.1215103841 0.1181855017 
 0.1247047957 0.1219477343 0.1187842788 
 0.1250800140 0.1224992208 0.1195203199 
 0.1255375954 0.1231518959 0.1203774473 
 0.1260666269 0.1238916180 0.1213380029 
 0.1266556661 0.1247035443 0.1223834400 
 0.1272931277 0.1255726047 0.1234948996 
 0.1279676321 0.1264839325 0.1246537413 
 0.1286682984 0.1274232322 0.1258420028 
 0.1293849724 0.1283770704 0.1270427677 
 0.1301083819 0.1293330807 0.1282404298 
 0.1308302193 0.1302800817 0.1294208519 
 0.1315431537 0.1312081127 0.1305714232 
 0.1322407813 0.1321083960 0.1316810291 
 0.1329175238 0.1329732394 0.1327399483 
 0.1335684867 0.1337958937 0.1337396966 
 0.1341892909 0.1345703791 0.1346728370 
 0.1347758911 0.1352912978 0.1355327714 
 0.1353243925 0.1359536436 0.1363135324 
 0.1358308789 0.1365526225 0.1370095844 
 0.1362912616 0.1370834930 0.1376156475 
 0.1367011568 0.1375414345 0.1381265488 
 0.1370558001 0.1379214493 0.1385371083 
 0.1373500007 0.1382183037 0.1388420627 
 0.1375781389 0.1384265083 0.1390360276 
 0.1377342081 0.1385403403 0.1391135013 
 0.1378118982 0.1385539064 0.1390689076 
 0.1378047202 0.1384612440 0.1388966776 
 0.1377061661 0.1382564599 0.1385913700 
 0.1375099018 0.1379339021 0.1381478271 
 0.1372099857 0.1374883635 0.1375613679 
 0.1368011112 0.1369153134 0.1368280152 
 0.1362788659 0.1362111560 0.1359447603 
 0.1356400058 0.1353735127 0.1349098626 
 0.1348827383 0.1344015266 0.1337231859 
 0.1340070097 0.1332961839 0.1323865672 
 0.1330147904 0.1320606462 0.1309042120 
 0.1319103488 0.1307005822 0.1292831013 
 0.1307004998 0.1292244812 0.1275333883 
 0.1293948112 0.1276439239 0.1256687490 
 0.1280057452 0.1259737793 0.1237066458 
 0.1265487098 0.1242322927 0.1216684530 
 0.1250419956 0.1224410281 0.1195793942 
 0.1235065749 0.1206246353 0.1174682543 
 0.1219657501 0.1188104238 0.1153668427 
 0.1204446489 0.1170277446 0.1133092171 
 0.1189695806 0.1153072017 0.1113307042 
 0.1175672823 0.1136797369 0.1094667839 
 0.1162640963 0.1121756469 0.1077519202 
 0.1150851281 0.1108235990 0.1062184276 
 0.1140534357 0.1096497082 0.1048954487 
 0.1131892952 0.1086767279 0.1038081008 
 0.1125095781 0.1079233879 0.1029768156 
 0.1120272640 0.1074038963 0.1024168764 
 0.1117510984 0.1071276062 0.1021381310 
 0.1116853998 0.1070988367 0.1021448570 
 0.1118300109 0.1073168384 0.1024357504 
 0.1121803887 0.1077758904 0.1030040242 
 0.1127278262 0.1084655254 0.1038376133 
 0.1134597994 0.1093708811 0.1049194949 
 0.1143604280 0.1104731777 0.1062281408 
 0.1154110393 0.1117503185 0.1077381160 
 0.1165908120 0.1131776002 0.1094208237 
 0.1178774731 0.1147285071 0.1112453829 
 0.1192480118 0.1163755517 0.1131795970 
 0.1206793706 0.1180911113 0.1151909561 
 0.1221490743 0.1198482073 0.1172476013 
 0.1236357601 0.1216211785 0.1193191804 
 0.1251195853 0.1233862081 0.1213775347 
 0.1265824988 0.1251216819 0.1233971785 
 0.1280083752 0.1268083747 0.1253555596 
 0.1293830246 0.1284294760 0.1272331110 
 0.1306940961 0.1299704811 0.1290131281 
 0.1319309019 0.1314189798 0.1306815120 
 0.1330841855 0.1327643782 0.1322264265 
 0.1341458615 0.1339975843 0.1336379123 
 0.1351087449 0.1351106858 0.1349074930 
 0.1359662900 0.1360966396 0.1360277992 
 0.1367123488 0.1369489879 0.1369922279 
 0.1373409594 0.1376616099 0.1377946473 
 0.1378461697 0.1382285133 0.1384291493 
 0.1382218990 0.1386436685 0.1388898511 
 0.1384618392 0.1389008850 0.1391707445 
 0.1385593976 0.1389937294 0.1392655889 
 0.1385076772 0.1389154840 0.1391678473 
 0.1382994986 0.1386591452 0.1388706631 
 0.1379274589 0.1382174613 0.1383668782 
 0.1373840319 0.1375830133 0.1376490951 
 0.1366617088 0.1367483396 0.1367097898 
 0.1357531868 0.1357061160 0.1355414846 
 0.1346516103 0.1344493991 0.1341370000 
 0.1333508777 0.1329719515 0.1324898054 
 0.1318460247 0.1312686669 0.1305944978 
 0.1301337006 0.1293361169 0.1284474375 
 0.1282127472 0.1271732368 0.1260475628 
 0.1260848849 0.1247821536 0.1233973921 
 0.1237554926 0.1221691423 0.1205041874 
 0.1212344450 0.1193456551 0.1173812094 
 0.1185369390 0.1163293343 0.1140489357 
 0.1156842117 0.1131448691 0.1105360578 
 0.1127040228 0.1098245306 0.1068800350 
 0.1096307705 0.1064082108 0.1031269875 
 0.1065051287 0.1029428324 0.0993307725 
 0.1033731462 0.0994810741 0.0955512132 
 0.1002848290 0.0960794773 0.0918516107 
 0.0972923176 0.0927961173 0.0882958273 
 0.0944478502 0.0896881210 0.0849453347 
 0.0918017439 0.0868093425 0.0818566243 
 0.0894006156 0.0842084712 0.0790792988 
 0.0872860120 0.0819277479 0.0766550025 
 0.0854935262 0.0800023378 0.0746171827 
 0.0840523867 0.0784602865 0.0729915263 
 0.0829854260 0.0773228973 0.0717968285 
 0.0823092876 0.0766053253 0.0710460254 
 0.0820347180 0.0763171847 0.0707471428 
 0.0821668062 0.0764629997 0.0709039677 
 0.0827050765 0.0770423840 0.0715163174 
 0.0836433921 0.0780498997 0.0725798539 
 0.0849696875 0.0794746184 0.0740854659 
 0.0866656070 0.0812994734 0.0760183170 
 0.0887061743 0.0835005586 0.0783567309 
 0.0910596491 0.0860465724 0.0810711509 
 0.0936877240 0.0888986242 0.0841234501 
 0.0965461854 0.0920105943 0.0874668619 
 0.0995860864 0.0953301639 0.0910467331 
 0.1027553884 0.0988005141 0.0948021699 
 0.1060009279 0.1023625555 0.0986684708 
 0.1092704920 0.1059574322 0.1025800632 
 0.1125147556 0.1095289771 0.1064735439 
 0.1156888591 0.1130258041 0.1102903971 
 0.1187534793 0.1164028053 0.1139790429 
 0.1216753374 0.1196219429 0.1174960263 
 0.1244271830 0.1226523576 0.1208063284 
 0.1269873577 0.1254699132 0.1238829346 
 0.1293390768 0.1280563541 0.1267058746 
 0.1314695657 0.1303982584 0.1292609743 
 0.1333691674 0.1324859426 0.1315385277 
 0.1350305027 0.1343124299 0.1335320397 
 0.1364477324 0.1358725479 0.1352371299 
 0.1376159384 0.1371621817 0.1366506329 
 0.1385306259 0.1381776802 0.1377698925 
 0.1391873313 0.1389153986 0.1385922280 
 0.1395813210 0.1393713516 0.1391145378 
 0.1397073627 0.1395409557 0.1393330104 
 0.1395595554 0.1394188392 0.1392429148 
 0.1391312105 0.1389987077 0.1388384538 
 0.1384147791 0.1382732604 0.1381126718 
 0.1374018328 0.1372341630 0.1370574224 
 0.1360831136 0.1358720943 0.1356634143 
 0.1344486814 0.1341769002 0.1339203748 
 0.1324882070 0.1321379107 0.1318173916 
 0.1301914742 0.1297444933 0.1293435177 
 0.1275491724 0.1269869377 0.1264887456 
 0.1245540683 0.1238577712 0.1232454624 
 0.1212026251 0.1203535853 0.1196104751 
 0.1174970964 0.1164773938 0.1155876198 
 0.1134480163 0.1122414253 0.1111908360 
 0.1090768714 0.1076700821 0.1064473862 
 0.1044185588 0.1028025911 0.1014006650 
 0.0995230796 0.0976946978 0.0961118560 
 0.0944558534 0.0924187029 0.0906596577 
 0.0892961512 0.0870613091 0.0851375327 
 0.0841334730 0.0817191680 0.0796484472 
 0.0790621820 0.0764926017 0.0742977489 
 0.0741752003 0.0714785218 0.0691854175 
 0.0695578743 0.0667638460 0.0643991588 
 0.0652830863 0.0624205864 0.0600095768 
 0.0614083508 0.0585033107 0.0560680618 
 0.0579751142 0.0550490619 0.0526073311 
 0.0550099944 0.0520793000 0.0496440230 
 0.0525273803 0.0496031435 0.0471824945 
 0.0505327203 0.0476211527 0.0452190055 
 0.0490259018 0.0461290365 0.0437456655 
 0.0480042865 0.0451208682 0.0427537619 
 0.0474651355 0.0445915898 0.0422362935 
 0.0474072909 0.0445387146 0.0421896639 
 0.0478320586 0.0449632112 0.0426145495 
 0.0487432717 0.0458695670 0.0435159576 
 0.0501465208 0.0472650218 0.0449024700 
 0.0520475449 0.0491579504 0.0467846369 
 0.0544498050 0.0515553856 0.0491724863 
 0.0573513431 0.0544597406 0.0520721696 
 0.0607411662 0.0578649227 0.0554818887 
 0.0645955829 0.0617522373 0.0593874662 
 0.0688751198 0.0660867138 0.0637581823 
 0.0735227649 0.0708146675 0.0685437373 
 0.0784642321 0.0758633238 0.0736732702 
 0.0836106385 0.0811430672 0.0790571512 
 0.0888634674 0.0865523347 0.0845917185 
 0.0941210893 0.0919844889 0.0901663762 
 0.0992856759 0.0973354352 0.0956717847 
 0.1042692476 0.1025105459 0.1010075573 
 0.1089978860 0.1074297042 0.1060880772 
 0.1134136882 0.1120298710 0.1108456613 
 0.1174746006 0.1162652342 0.1152310432 
 0.1211526684 0.1201054937 0.1192117297 
 0.1244313846 0.1235330471 0.1227690641 
 0.1273027653 0.1265397981 0.1258948064 
 0.1297646018 0.1291241213 0.1285878412 
 0.1318181431 0.1312882871 0.1308513711 
 0.1334662930 0.1330364594 0.1326907300 
 0.1347123004 0.1343732442 0.1341118027 
 0.1355588586 0.1353027011 0.1351199560 
 0.1360075198 0.1358277099 0.1357193611 
 0.1360583346 0.1359495897 0.1359125953 
 0.1357096520 0.1356678957 0.1357004376 
 0.1349580446 0.1349803504 0.1350818052 
 0.1337983547 0.1338828958 0.1340538135 
 0.1322238891 0.1323698935 0.1326119766 
 0.1302268294 0.1304345282 0.1307506008 
 0.1277989551 0.1280695122 0.1284634583 
 0.1249328082 0.1252682089 0.1257448529 
 0.1216234321 0.1220263069 0.1225912004 
 0.1178707887 0.1183441437 0.1190032219 
 0.1136828598 0.1142296945 0.1149887686 
 0.1090792656 0.1097020695 0.1105661462 
 0.1040949725 0.1047951289 0.1057675835 
 0.0987833782 0.0995605393 0.1006422329 
 0.0932178433 0.0940693894 0.0952578788 
 0.0874907530 0.0884114732 0.0897005058 
 0.0817095553 0.0826916726 0.0840711480 
 0.0759899331 0.0770235346 0.0784800332 
 0.0704471178 0.0715209486 0.0730387914 
 0.0651869943 0.0662894727 0.0678521326 
 0.0602987614 0.0614190169 0.0630106103 
 0.0558504431 0.0569791884 0.0585857742 
 0.0518877080 0.0530178203 0.0546283151 
 0.0484356210 0.0495623984 0.0511690358 
 0.0455024162 0.0466235469 0.0482219201 
 0.0430842335 0.0441995595 0.0457883473 
 0.0411699193 0.0422810807 0.0438615802 
 0.0397452871 0.0408553177 0.0424308870 
 0.0387965333 0.0399094544 0.0414849354 
 0.0383127225 0.0394331530 0.0410143096 
 0.0382873773 0.0394201606 0.0410131386 
 0.0387192435 0.0398690784 0.0414798740 
 0.0396122855 0.0407833418 0.0424172583 
 0.0409749202 0.0421704220 0.0438314940 
 0.0428184503 0.0440402190 0.0457305969 
 0.0451546422 0.0464026053 0.0481219148 
 0.0479924193 0.0492641221 0.0510088470 
 0.0513337598 0.0526239423 0.0543869195 
 0.0551690818 0.0564694208 0.0582395724 
 0.0594726815 0.0607718118 0.0625342557 
 0.0641990625 0.0654829805 0.0672196370 
 0.0692811481 0.0705340449 0.0722247773 
 0.0746312465 0.0758367189 0.0774609196 
 0.0801451520 0.0812876263 0.0828260243 
 0.0857090020 0.0867751214 0.0882114908 
 0.0912077148 0.0921874291 0.0935098868 
 0.0965333648 0.0974205366 0.0986222157 
 0.1015919112 0.1023843831 0.1034634390 
 0.1063072636 0.1070064670 0.1079655309 
 0.1106224608 0.1112327287 0.1120780174 
 0.1144984229 0.1150261927 0.1157665032 
 0.1179111213 0.1183641772 0.1190099448 
 0.1208480501 0.1212348990 0.1217974303 
 0.1233047062 0.1236341232 0.1241250416 
 0.1252815138 0.1255622525 0.1259931498 
 0.1267813846 0.1270220260 0.1274042834 
 0.1278079310 0.1280168353 0.1283615731 
 0.1283642526 0.1285495811 0.1288676943 
 0.1284521841 0.1286219656 0.1289242141 
 0.1280719096 0.1282341290 0.1285312549 
 0.1272218822 0.1273845756 0.1276874283 
 0.1258990421 0.1260703833 0.1263900326 
 0.1240993780 0.1242877402 0.1246355557 
 0.1218189248 0.1220328964 0.1224205652 
 0.1190553161 0.1193036448 0.1197430916 
 0.1158100027 0.1161014356 0.1166046052 
 0.1120911781 0.1124341686 0.1130126275 
 0.1079173062 0.1083195668 0.1089838990 
 0.1033209115 0.1037888187 0.1045478214 
 0.0983520028 0.0988899030 0.0997496464 
 0.0930802471 0.0936897651 0.0946526512 
 0.0875949313 0.0882744294 0.0893384449 
 0.0820019947 0.0827463443 0.0839047264 
 0.0764180360 0.0772188198 0.0784602992 
 0.0709620408 0.0718082114 0.0731178750 
 0.0657463360 0.0666252321 0.0679858849 
 0.0608685758 0.0617671038 0.0631608795 
 0.0564062690 0.0573120266 0.0587219434 
 0.0524145893 0.0533167488 0.0547279563 
 0.0489273317 0.0498171878 0.0512177635 
 0.0459602228 0.0468314032 0.0482126819 
 0.0435155273 0.0443639291 0.0457204423 
 0.0415869699 0.0424105128 0.0437396588 
 0.0401642616 0.0409625471 0.0422641116 
 0.0392368293 0.0400107741 0.0412863963 
 0.0387965921 0.0395480765 0.0408007191 
 0.0388397714 0.0395713232 0.0408047750 
 0.0393677804 0.0400822964 0.0413007102 
 0.0403872250 0.0410877230 0.0422951797 
 0.0419090103 0.0425984009 0.0437984857 
 0.0439465045 0.0446273714 0.0458227532 
 0.0465127063 0.0471870919 0.0483791088 
 0.0496164247 0.0502856240 0.0514738996 
 0.0532576367 0.0539220165 0.0551041554 
 0.0574224515 0.0580813249 0.0592527566 
 0.0620784346 0.0627300259 0.0638840765 
 0.0671713237 0.0678128599 0.0689411116 
 0.0726242385 0.0732521816 0.0743451281 
 0.0783401782 0.0789505837 0.0799985160 
 0.0842078965 0.0847968433 0.0857908213 
 0.0901103147 0.0906743289 0.0916070550 
 0.0959338577 0.0964702474 0.0973366775 
 0.1015768301 0.1020838797 0.1028814786 
 0.1069553225 0.1074323317 0.1081609807 
 0.1120059523 0.1124531473 0.1131147901 
 0.1166856193 0.1171039853 0.1177021373 
 0.1209690701 0.1213601574 0.1218993963 
 0.1248452792 0.1252110240 0.1256965453 
 0.1283135451 0.1286561285 0.1290934081 
 0.1313799196 0.1317016732 0.1320962454 
 0.1340542884 0.1343576442 0.1347149808 
 0.1363481841 0.1366356616 0.1369611308 
 0.1382732695 0.1385474889 0.1388463692 
 0.1398403560 0.1401040706 0.1403816000 
 0.1410588138 0.1413149542 0.1415764005 
 0.1419362446 0.1421879706 0.1424387116 
 0.1424783164 0.1427290735 0.1429746835 
 0.1426886914 0.1429422719 0.1431886104 
 0.1425690032 0.1428296105 0.1430829135 
 0.1421188576 0.1423911751 0.1426581499 
 0.1413358506 0.1416251157 0.1419130397 
 0.1402156075 0.1405276903 0.1408445139 
 0.1387518641 0.1390933492 0.1394478018 
 0.1369366279 0.1373148945 0.1377165888 
 0.1347604804 0.1351837716 0.1356432935 
 0.1322131088 0.1326905719 0.1332195393 
 0.1292841805 0.1298258540 0.1304369129 
 0.1259646947 0.1265814039 0.1272881188 
 0.1222489333 0.1229520501 0.1237686373 
 0.1181370847 0.1189381023 0.1198789474 
 0.1136384885 0.1145483754 0.1156272899 
 0.1087752524 0.1098035789 0.1110327829 
 0.1035857250 0.1047396134 0.1061284979 
 0.0981270457 0.0994100734 0.1009638801 
 0.0924758551 0.0938871137 0.0956057633 
 0.0867263788 0.0882599317 0.0901372824 
 0.0809855746 0.0826305230 0.0846543163 
 0.0753657928 0.0771070383 0.0792596648 
 0.0699761741 0.0717957927 0.0740558136 
 0.0649144606 0.0667934396 0.0691376023 
 0.0602608014 0.0621808054 0.0645861741 
 0.0560745301 0.0580193878 0.0604652156 
 0.0523940618 0.0543507776 0.0568198555 
 0.0492393409 0.0511985748 0.0536779561 
 0.0466158860 0.0485719613 0.0510531007 
 0.0445194483 0.0464700094 0.0489484432 
 0.0429404993 0.0448859532 0.0473606763 
 0.0418680582 0.0438109077 0.0462835801 
 0.0412926202 0.0432367616 0.0457108402 
 0.0412081244 0.0431581412 0.0456379886 
 0.0416129789 0.0435734395 0.0460634274 
 0.0425101774 0.0444849262 0.0469885345 
 0.0439065149 0.0458979483 0.0484168579 
 0.0458108855 0.0478192157 0.0503524097 
 0.0482316415 0.0502541787 0.0527970989 
 0.0511730536 0.0532035743 0.0557474218 
 0.0546310491 0.0566593623 0.0591906775 
 0.0585886365 0.0606004895 0.0631011721 
 0.0630116983 0.0649891654 0.0674370822 
 0.0678460643 0.0697685108 0.0721387662 
 0.0730168285 0.0748624297 0.0771292369 
 