0.1410122366 0.1410259681 0.1408560455 
 0.1409703123 0.1409744991 0.1407912247 
 0.1407606127 0.1407770532 0.1406021530 
 0.1403869570 0.1404375254 0.1402927987 
 0.1398533014 0.1399599103 0.1398671580 
 0.1391638047 0.1393483499 0.1393292873 
 0.1383229379 0.1386072223 0.1386833736 
 0.1373356376 0.1377412700 0.1379338418 
 0.1362075045 0.1367557662 0.1370854971 
 0.1349450426 0.1356567164 0.1361436972 
 0.1335559377 0.1344510899 0.1351145501 
 0.1320493632 0.1331470715 0.1340051267 
 0.1304363004 0.1317543228 0.1328236793 
 0.1287298499 0.1302842321 0.1315798485 
 0.1269455054 0.1287501340 0.1302848429 
 0.1251013544 0.1271674688 0.1289515690 
 0.1232181667 0.1255538547 0.1275946912 
 0.1213193345 0.1239290445 0.1262305996 
 0.1194306362 0.1223147449 0.1248772696 
 0.1175798101 0.1207342869 0.1235540033 
 0.1157959437 0.1192121468 0.1222810507 
 0.1141087082 0.1177733370 0.1210791227 
 0.1125474825 0.1164426949 0.1199688156 
 0.1111404269 0.1152441142 0.1189699779 
 0.1099135684 0.1141997637 0.1181010547 
 0.1088899549 0.1133293416 0.1173784476 
 0.1080889202 0.1126494055 0.1168159257 
 0.1075254885 0.1121728074 0.1164241176 
 0.1072099295 0.1119082561 0.1162101080 
 0.1071474625 0.1118600171 0.1161771559 
 0.1073381065 0.1120277550 0.1163245448 
 0.1077766691 0.1124065200 0.1166475695 
 0.1084528744 0.1129868799 0.1171376630 
 0.1093516320 0.1137551958 0.1177826578 
 0.1104534553 0.1146940399 0.1185671777 
 0.1117350299 0.1157827468 0.1194731442 
 0.1131699280 0.1169980828 0.1204803788 
 0.1147294482 0.1183150074 0.1215672742 
 0.1163835458 0.1197074909 0.1227115006 
 0.1181018014 0.1211493430 0.1238907099 
 0.1198543689 0.1226150069 0.1250832015 
 0.1216128409 0.1240802716 0.1262685161 
 0.1233509797 0.1255228680 0.1274279310 
 0.1250452756 0.1269229226 0.1285448404 
 0.1266753160 0.1282632612 0.1296050165 
 0.1282239679 0.1295295651 0.1305967531 
 0.1296773939 0.1307103956 0.1315109026 
 0.1310249308 0.1317971093 0.1323408235 
 0.1322588662 0.1327836887 0.1330822537 
 0.1333741486 0.1336665118 0.1337331273 
 0.1343680578 0.1344440830 0.1342933496 
 0.1352398615 0.1351167411 0.1347645429 
 0.1359904727 0.1356863585 0.1351497738 
 0.1366221206 0.1361560407 0.1354532695 
 0.1371380409 0.1365298333 0.1356801311 
 0.1375421907 0.1368124425 0.1358360508 
 0.1378389908 0.1370089735 0.1359270395 
 0.1380330980 0.1371246929 0.1359591707 
 0.1381292103 0.1371648182 0.1359383496 
 0.1381319075 0.1371343407 0.1358701127 
 0.1380455291 0.1370378852 0.1357594649 
 0.1378740936 0.1368796114 0.1356107602 
 0.1376212591 0.1366631589 0.1354276292 
 0.1372903271 0.1363916376 0.1352129569 
 0.1368842896 0.1360676650 0.1349689112 
 0.1364059170 0.1356934461 0.1346970191 
 0.1358578854 0.1352708948 0.1343982880 
 0.1352429365 0.1348017900 0.1340733644 
 0.1345640667 0.1342879594 0.1337227231 
 0.1338247348 0.1337314828 0.1333468759 
 0.1330290806 0.1331349036 0.1329465884 
 0.1321821420 0.1325014383 0.1325230942 
 0.1312900572 0.1318351702 0.1320782934 
 0.1303602380 0.1311412150 0.1316149219 
 0.1294014977 0.1304258450 0.1311366821 
 0.1284241182 0.1296965587 0.1306483220 
 0.1274398419 0.1289620853 0.1301556554 
 0.1264617762 0.1282323144 0.1296655162 
 0.1255042038 0.1275181476 0.1291856437 
 0.1245822990 0.1268312697 0.1287244995 
 0.1237117539 0.1261838464 0.1282910203 
 0.1229083321 0.1255881584 0.1278943176 
 0.1221873669 0.1250561885 0.1275433348 
 0.1215632329 0.1245991812 0.1272464812 
 0.1210488172 0.1242272001 0.1270112599 
 0.1206550201 0.1239487040 0.1268439108 
 0.1203903122 0.1237701682 0.1267490892 
 0.1202603697 0.1236957700 0.1267295966 
 0.1202678085 0.1237271566 0.1267861819 
 0.1204120280 0.1238633089 0.1269174224 
 0.1206891749 0.1241005092 0.1271196953 
 0.1210922288 0.1244324159 0.1273872394 
 0.1216112085 0.1248502429 0.1277123088 
 0.1222334913 0.1253430376 0.1280854086 
 0.1229442312 0.1258980428 0.1284956040 
 0.1237268592 0.1265011267 0.1289308866 
 0.1245636394 0.1271372588 0.1293785805 
 0.1254362549 0.1277910104 0.1298257690 
 0.1263263932 0.1284470523 0.1302597230 
 0.1272163025 0.1290906304 0.1306683119 
 0.1280892938 0.1297079978 0.1310403835 
 0.1289301687 0.1302867877 0.1313660972 
 0.1297255604 0.1308163182 0.1316372050 
 0.1304641816 0.1312878221 0.1318472720 
 0.1311369802 0.1316946020 0.1319918353 
 0.1317372081 0.1320321119 0.1320684997 
 0.1322604117 0.1322979697 0.1320769715 
 0.1327043545 0.1324919071 0.1320190307 
 0.1330688817 0.1326156612 0.1318984451 
 0.1333557373 0.1326728148 0.1317208260 
 0.1335683416 0.1326685894 0.1314934300 
 0.1337115366 0.1326095987 0.1312249104 
 0.1337913087 0.1325035668 0.1309250221 
 0.1338144939 0.1323590201 0.1306042891 
 0.1337884746 0.1321849612 0.1302736437 
 0.1337208763 0.1319905347 0.1299440499 
 0.1336192743 0.1317846971 0.1296261259 
 0.1334909183 0.1315759030 0.1293297803 
 0.1333424878 0.1313718206 0.1290638799 
 0.1331798843 0.1311790888 0.1288359621 
 0.1330080720 0.1310031261 0.1286520081 
 0.1328309711 0.1308480000 0.1285162849 
 0.1326514091 0.1307163633 0.1284312652 
 0.1324711318 0.1306094584 0.1283976262 
 0.1322908717 0.1305271892 0.1284143287 
 0.1321104706 0.1304682547 0.1284787673 
 0.1319290497 0.1304303378 0.1285869866 
 0.1317452158 0.1304103365 0.1287339470 
 0.1315572953 0.1304046271 0.1289138276 
 0.1313635815 0.1304093411 0.1291203476 
 0.1311625826 0.1304206454 0.1293470906 
 0.1309532571 0.1304350071 0.1295878126 
 0.1307352241 0.1304494317 0.1298367203 
 0.1305089359 0.1304616612 0.1300887052 
 0.1302758040 0.1304703227 0.1303395234 
 0.1300382685 0.1304750209 0.1305859152 
 0.1297998066 0.1304763682 0.1308256591 
 0.1295648768 0.1304759527 0.1310575618 
 0.1293387980 0.1304762447 0.1312813870 
 0.1291275683 0.1304804460 0.1314977272 
 0.1289376291 0.1304922901 0.1317078292 
 0.1287755854 0.1305158022 0.1319133815 
 0.1286478954 0.1305550313 0.1321162763 
 0.1285605442 0.1306137682 0.1323183584 
 0.1285187187 0.1306952644 0.1325211747 
 0.1285265009 0.1308019658 0.1327257376 
 0.1285865975 0.1309352769 0.1329323137 
 0.1287001191 0.1310953680 0.1331402508 
 0.1288664234 0.1312810367 0.1333478512 
 0.1290830324 0.1314896319 0.1335523001 
 0.1293456278 0.1317170457 0.1337496510 
 0.1296481283 0.1319577743 0.1339348725 
 0.1299828446 0.1322050468 0.1341019526 
 0.1303407059 0.1324510151 0.1342440581 
 0.1307115480 0.1326869972 0.1343537407 
 0.1310844479 0.1329037632 0.1344231833 
 0.1314480904 0.1330918502 0.1344444743 
 0.1317911496 0.1332418947 0.1344099021 
 0.1321026690 0.1333449684 0.1343122578 
 0.1323724254 0.1333929050 0.1341451380 
 0.1325912640 0.1333786094 0.1339032369 
 0.1327513943 0.1332963380 0.1335826222 
 0.1328466396 0.1331419447 0.1331809857 
 0.1328726345 0.1329130855 0.1326978622 
 0.1328269680 0.1326093766 0.1321348097 
 0.1327092694 0.1322325016 0.1314955426 
 0.1325212360 0.1317862626 0.1307860095 
 0.1322666016 0.1312765698 0.1300144060 
 0.1319510450 0.1307113660 0.1291911139 
 0.1315820387 0.1301004815 0.1283285582 
 0.1311686385 0.1294554174 0.1274409771 
 0.1307212169 0.1287890596 0.1265441035 
 0.1302511463 0.1281153266 0.1256547647 
 0.1297704397 0.1274487621 0.1247904100 
 0.1292913611 0.1268040871 0.1239685861 
 0.1288260204 0.1261957275 0.1232063833 
 0.1283859695 0.1256373426 0.1225198799 
 0.1279818175 0.1251413729 0.1219236133 
 0.1276228845 0.1247186328 0.1214301044 
 0.1273169086 0.1243779668 0.1210494578 
 0.1270698217 0.1241259849 0.1207890574 
 0.1268856037 0.1239668906 0.1206533676 
 0.1267662214 0.1239024070 0.1206438490 
 0.1267116535 0.1239318029 0.1207589869 
 0.1267199995 0.1240520164 0.1209944316 
 0.1267876650 0.1242578664 0.1213432408 
 0.1269096120 0.1245423424 0.1217962107 
 0.1270796617 0.1248969544 0.1223422818 
 0.1272908321 0.1253121266 0.1229689969 
 0.1275356925 0.1257776124 0.1236629885 
 0.1278067177 0.1262829103 0.1244104720 
 0.1280966227 0.1268176599 0.1251977182 
 0.1283986627 0.1273719981 0.1260114813 
 0.1287068847 0.1279368598 0.1268393647 
 0.1290163193 0.1285042122 0.1276701074 
 0.1293231081 0.1290672140 0.1284937844 
 0.1296245598 0.1296202977 0.1293019177 
 0.1299191396 0.1301591775 0.1300875016 
 0.1302063915 0.1306807867 0.1308449495 
 0.1304868030 0.1311831543 0.1315699755 
 0.1307616183 0.1316652319 0.1322594212 
 0.1310326128 0.1321266806 0.1329110449 
 0.1313018400 0.1325676336 0.1335232859 
 0.1315713639 0.1329884453 0.1340950174 
 0.1318429906 0.1333894416 0.1346253021 
 0.1321180135 0.1337706814 0.1351131612 
 0.1323969831 0.1341317439 0.1355573668 
 0.1326795158 0.1344715486 0.1359562675 
 0.1329641493 0.1347882189 0.1363076530 
 0.1332482536 0.1350789941 0.1366086639 
 0.1335280022 0.1353401946 0.1368557492 
 0.1337984057 0.1355672426 0.1370446740 
 0.1340534064 0.1357547360 0.1371705756 
 0.1342860296 0.1358965734 0.1372280662 
 0.1344885859 0.1359861254 0.1372113791 
 0.1346529147 0.1360164445 0.1371145517 
 0.1347706591 0.1359805067 0.1369316412 
 0.1348335620 0.1358714755 0.1366569669 
 0.1348337716 0.1356829818 0.1362853712 
 0.1347641469 0.1354094098 0.1358124962 
 0.1346185535 0.1350461827 0.1352350680 
 0.1343921425 0.1345900410 0.1345511840 
 0.1340816044 0.1340393065 0.1337605966 
 0.1336853923 0.1333941250 0.1328649858 
 0.1332039080 0.1326566802 0.1318682108 
 0.1326396436 0.1318313678 0.1307765270 
 0.1319972733 0.1309249211 0.1295987546 
 0.1312836841 0.1299464726 0.1283463764 
 0.1305079415 0.1289075403 0.1270335484 
 0.1296811779 0.1278219238 0.1256769998 
 0.1288164018 0.1267055015 0.1242958093 
 0.1279282229 0.1255759231 0.1229110484 
 0.1270324971 0.1244521995 0.1215452959 
 0.1261458992 0.1233542018 0.1202220377 
 0.1252854396 0.1223020882 0.1189649804 
 0.1244679433 0.1213156875 0.1177973169 
 0.1237095199 0.1204138712 0.1167409848 
 0.1230250474 0.1196139484 0.1158159634 
 0.1224277004 0.1189311159 0.1150396448 
 0.1219285438 0.1183779908 0.1144263110 
 0.1215362116 0.1179642462 0.1139867349 
 0.1212566854 0.1176963626 0.1137279145 
 0.1210931795 0.1175775012 0.1136529440 
 0.1210461336 0.1176074996 0.1137610156 
 0.1211133117 0.1177829845 0.1140475472 
 0.1212899986 0.1180975934 0.1145044260 
 0.1215692822 0.1185422944 0.1151203603 
 0.1219424084 0.1191057892 0.1158813256 
 0.1223991886 0.1197749817 0.1167710918 
 0.1229284421 0.1205354898 0.1177718084 
 0.1235184500 0.1213721789 0.1188646252 
 0.1241573979 0.1222696880 0.1200303163 
 0.1248337880 0.1232129244 0.1212498764 
 0.1255367997 0.1241875022 0.1225050573 
 0.1262565844 0.1251801051 0.1237788185 
 0.1269844830 0.1261787599 0.1250556727 
 0.1277131624 0.1271730135 0.1263219146 
 0.1284366693 0.1281540144 0.1275657348 
 0.1291504060 0.1291145035 0.1287772249 
 0.1298510380 0.1300487277 0.1299482894 
 0.1305363413 0.1309522873 0.1310724839 
 0.1312050054 0.1318219364 0.1321447984 
 0.1318564032 0.1326553493 0.1331614068 
 0.1324903429 0.1334508712 0.1341194010 
 0.1331068146 0.1342072647 0.1350165243 
 0.1337057453 0.1349234672 0.1358509188 
 0.1342867740 0.1355983691 0.1366208962 
 0.1348490566 0.1362306217 0.1373247404 
 0.1353911113 0.1368184839 0.1379605493 
 0.1359107094 0.1373597115 0.1385261183 
 0.1364048186 0.1378514947 0.1390188694 
 0.1368695987 0.1382904432 0.1394358268 
 0.1373004519 0.1386726212 0.1397736369 
 0.1376921228 0.1389936271 0.1400286324 
 0.1380388442 0.1392487161 0.1401969359 
 0.1383345220 0.1394329585 0.1402745991 
 0.1385729491 0.1395414288 0.1402577720 
 0.1387480417 0.1395694159 0.1401428970 
 0.1388540859 0.1395126495 0.1399269217 
 0.1388859870 0.1393675333 0.1396075241 
 0.1388395128 0.1391313789 0.1391833456 
 0.1387115227 0.1388026323 0.1386542237 
 0.1385001752 0.1383810879 0.1380214196 
 0.1382051088 0.1378680815 0.1372878325 
 0.1378275890 0.1372666557 0.1364581919 
 0.1373706160 0.1365816893 0.1355392168 
 0.1368389871 0.1358199823 0.1345397308 
 0.1362393076 0.1349902862 0.1334707171 
 0.1355799441 0.1341032698 0.1323452998 
 0.1348709162 0.1331714121 0.1311786372 
 0.1341237215 0.1322088155 0.1299877168 
 0.1333510961 0.1312309364 0.1287910455 
 0.1325667110 0.1302542357 0.1276082397 
 0.1317848149 0.1292957596 0.1264595251 
 0.1310198339 0.1283726650 0.1253651677 
 0.1302859472 0.1275017124 0.1243448659 
 0.1295966573 0.1266987529 0.1234171358 
 0.1289643777 0.1259782347 0.1225987260 
 0.1284000603 0.1253527601 0.1219040952 
 0.1279128811 0.1248327129 0.1213449797 
 0.1275100003 0.1244259775 0.1209300708 
 0.1271964095 0.1241377604 0.1206648152 
 0.1269748689 0.1239705201 0.1205513412 
 0.1268459361 0.1239240038 0.1205885083 
 0.1268080822 0.1239953863 0.1207720719 
 0.1268578828 0.1241794969 0.1210949511 
 0.1269902743 0.1244691223 0.1215475820 
 0.1271988564 0.1248553661 0.1221183393 
 0.1274762259 0.1253280454 0.1227940038 
 0.1278143211 0.1258761037 0.1235602531 
 0.1282047604 0.1264880192 0.1244021517 
 0.1286391581 0.1271521890 0.1253046170 
 0.1291094023 0.1278572712 0.1262528394 
 0.1296078829 0.1285924713 0.1272326389 
 0.1301276637 0.1293477632 0.1282307458 
 0.1306625915 0.1301140395 0.1292349977 
 0.1312073442 0.1308831911 0.1302344533 
 0.1317574193 0.1316481198 0.1312194268 
 0.1323090692 0.1324026906 0.1321814526 
 0.1328591921 0.1331416357 0.1331131926 
 0.1334051880 0.1338604195 0.1340083007 
 0.1339447918 0.1345550787 0.1348612581 
 0.1344758941 0.1352220492 0.1356671947 
 0.1349963625 0.1358579921 0.1364217084 
 0.1355038744 0.1364596295 0.1371206942 
 0.1359957702 0.1370235992 0.1377601922 
 0.1364689372 0.1375463374 0.1383362620 
 0.1369197300 0.1380239940 0.1388448885 
 0.1373439327 0.1384523863 0.1392819247 
 0.1377367653 0.1388269925 0.1396430708 
 0.1380929341 0.1391429856 0.1399238928 
 0.1384067260 0.1393953063 0.1401198774 
 0.1386721398 0.1395787728 0.1402265231 
 0.1388830523 0.1396882219 0.1402394619 
 0.1390334094 0.1397186773 0.1401546106 
 0.1391174376 0.1396655392 0.1399683448 
 0.1391298661 0.1395247889 0.1396776934 
 0.1390661529 0.1392932025 0.1392805463 
 0.1389227081 0.1389685682 0.1387758739 
 0.1386971061 0.1385498998 0.1381639490 
 0.1383882828 0.1380376421 0.1374465696 
 0.1379967091 0.1374338597 0.1366272711 
 0.1375245356 0.1367424023 0.1357115222 
 0.1369757021 0.1359690382 0.1347068904 
 0.1363560043 0.1351215450 0.1336231657 
 0.1356731093 0.1342097459 0.1324724237 
 0.1349365139 0.1332454809 0.1312690124 
 0.1341574375 0.1322425007 0.1300294469 
 0.1333486447 0.1312162750 0.1287721959 
 0.1325241961 0.1301837103 0.1275173565 
 0.1316991279 0.1291627792 0.1262862160 
 0.1308890696 0.1281720694 0.1251007134 
 0.1301098108 0.1272302691 0.1239828227 
 0.1293768355 0.1263556114 0.1229538882 
 0.1287048467 0.1255653062 0.1220339484 
 0.1281073042 0.1248749907 0.1212410867 
 0.1275960004 0.1242982264 0.1205908455 
 0.1271806973 0.1238460722 0.1200957326 
 0.1268688421 0.1235267527 0.1197648447 
 0.1266653764 0.1233454374 0.1196036210 
 0.1265726455 0.1233041398 0.1196137347 
 0.1265904111 0.1234017358 0.1197931209 
 0.1267159622 0.1236340982 0.1201361362 
 0.1269443155 0.1239943364 0.1206338377 
 0.1272684915 0.1244731253 0.1212743678 
 0.1276798487 0.1250591063 0.1220434234 
 0.1281684568 0.1257393352 0.1229247867 
 0.1287234851 0.1264997546 0.1239008896 
 0.1293335883 0.1273256640 0.1249533831 
 0.1299872664 0.1282021649 0.1260636809 
 0.1306731834 0.1291145567 0.1272134499 
 0.1313804321 0.1300486701 0.1283850264 
 0.1320987338 0.1309911239 0.1295617407 
 0.1328185730 0.1319295017 0.1307281447 
 0.1335312649 0.1328524494 0.1318701410 
 0.1342289623 0.1337496999 0.1329750231 
 0.1349046103 0.1346120352 0.1340314391 
 0.1355518579 0.1354311988 0.1350292952 
 0.1361649407 0.1361997724 0.1359596157 
 0.1367385426 0.1369110307 0.1368143789 
 0.1372676527 0.1375587872 0.1375863413 
 0.1377474241 0.1381372427 0.1382688643 
 0.1381730462 0.1386408460 0.1388557551 
 0.1385396385 0.1390641743 0.1393411274 
 0.1388421698 0.1394018403 0.1397192897 
 0.1390754114 0.1396484294 0.1399846641 
 0.1392339232 0.1397984705 0.1401317389 
 0.1393120764 0.1398464408 0.1401550556 
 0.1393041134 0.1397868072 0.1400492322 
 0.1392042409 0.1396141013 0.1398090209 
 0.1390067578 0.1393230288 0.1394294028 
 0.1387062126 0.1389086116 0.1389057169 
 0.1382975891 0.1383663618 0.1382338268 
 0.1377765168 0.1376924861 0.1374103237 
 0.1371395037 0.1368841199 0.1364327698 
 0.1363841886 0.1359395919 0.1352999815 
 0.1355096101 0.1348587156 0.1340123560 
 0.1345164878 0.1336431064 0.1325722380 
 0.1334075096 0.1322965183 0.1309843204 
 0.1321876168 0.1308251879 0.1292560667 
 0.1308642719 0.1292381687 0.1273981305 
 0.1294476912 0.1275476309 0.1254247368 
 0.1279510190 0.1257690916 0.1233539798 
 0.1263904139 0.1239215388 0.1212079838 
 0.1247850201 0.1220274085 0.1190128737 
 0.1231567971 0.1201123805 0.1167985107 
 0.1215301907 0.1182049720 0.1145979687 
 0.1199316394 0.1163359254 0.1124467566 
 0.1183889282 0.1145374120 0.1103818236 
 0.1169304166 0.1128420936 0.1084404134 
 0.1155841828 0.1112821023 0.1066588556 
 0.1143771341 0.1098880073 0.1050713844 
 0.1133341367 0.1086878340 0.1037090660 
 0.1124772118 0.1077061891 0.1025988904 
 0.1118248365 0.1069635293 0.1017630566 
 0.1113913742 0.1064755881 0.1012184485 
 0.1111866492 0.1062529628 0.1009762827 
 0.1112156700 0.1063008547 0.1010418979 
 0.1114785009 0.1066189499 0.1014146605 
 0.1119702823 0.1072014369 0.1020879735 
 0.1126813963 0.1080371603 0.1030493921 
 0.1135977793 0.1091099185 0.1042808647 
 0.1147013753 0.1103989145 0.1057591291 
 0.1159707232 0.1118793629 0.1074562882 
 0.1173816559 0.1135232456 0.1093405785 
 0.1189080826 0.1153001910 0.1113773186 
 0.1205228106 0.1171784308 0.1135299958 
 0.1221983576 0.1191257765 0.1157614216 
 0.1239077033 0.1211105455 0.1180348679 
 0.1256249345 0.1231023745 0.1203150938 
 0.1273257495 0.1250728674 0.1225691842 
 0.1289878041 0.1269960460 0.1247671480 
 0.1305908977 0.1288485975 0.1268822580 
 0.1321170133 0.1306099319 0.1288911422 
 0.1335502352 0.1322620814 0.1307736668 
 0.1348765760 0.1337894799 0.1325126616 
 0.1360837432 0.1351786672 0.1340935447 
 0.1371608745 0.1364179542 0.1355038989 
 0.1380982655 0.1374970805 0.1367330409 
 0.1388871069 0.1384068888 0.1377716132 
 0.1395192441 0.1391390276 0.1386112178 
 0.1399869671 0.1396856936 0.1392440995 
 0.1402828333 0.1400394146 0.1396628813 
 0.1403995268 0.1401928750 0.1398603514 
 0.1403297541 0.1401387818 0.1398292977 
 0.1400661767 0.1398697726 0.1395623889 
 0.1396013822 0.1393783638 0.1390521003 
 0.1389278971 0.1386569441 0.1382906890 
 0.1380382459 0.1376978196 0.1372702257 
 0.1369250659 0.1364933216 0.1359826984 
 0.1355812926 0.1350359968 0.1344202118 
 0.1340004333 0.1333189054 0.1325753161 
 0.1321769563 0.1313360596 0.1304415077 
 0.1301068211 0.1290830414 0.1280139488 
 0.1277881775 0.1265578307 0.1252904495 
 0.1252222462 0.1237618644 0.1222727317 
 0.1224143743 0.1207013112 0.1189679544 
 0.1193752162 0.1173884958 0.1153904088 
 0.1161219432 0.1138433402 0.1115632050 
 0.1126793269 0.1100946142 0.1075196778 
 0.1090804964 0.1061807345 0.1033041796 
 0.1053671522 0.1021498377 0.0989719232 
 0.1015890521 0.0980589146 0.0945876443 
 0.0978026783 0.0939719319 0.0902230465 
 0.0940691344 0.0899570631 0.0859532623 
 0.0904514817 0.0860833569 0.0818528041 
 0.0870118507 0.0824173077 0.0779916237 
 0.0838087180 0.0790198281 0.0744318775 
 0.0808947007 0.0759440213 0.0712258206 
 0.0783150996 0.0732339696 0.0684149905 
 0.0761072615 0.0709245393 0.0660305770 
 0.0743006749 0.0690420198 0.0640946829 
 0.0729176013 0.0676053090 0.0626220913 
 0.0719739893 0.0666273192 0.0616221544 
 0.0714804158 0.0661163088 0.0611004868 
 0.0714428399 0.0660769056 0.0610602243 
 0.0718630136 0.0665106606 0.0615027017 
 0.0727384649 0.0674160498 0.0624274701 
 0.0740620421 0.0687879107 0.0638316452 
 0.0758210849 0.0706163770 0.0657086368 
 0.0779963640 0.0728854534 0.0680463933 
 0.0805610009 0.0755714556 0.0708253787 
 0.0834796304 0.0786416160 0.0740166042 
 0.0867080848 0.0820531994 0.0775801101 
 0.0901938317 0.0857534574 0.0814643193 
 0.0938772939 0.0896806488 0.0856066108 
 0.0976940119 0.0937661737 0.0899352729 
 0.1015774321 0.0979376321 0.0943727196 
 0.1054619583 0.1021224058 0.0988395581 
 0.1092858373 0.1062512326 0.1032588837 
 0.1129934962 0.1102612486 0.1075601250 
 0.1165370743 0.1140981147 0.1116818929 
 0.1198770695 0.1177170593 0.1155735446 
 0.1229821786 0.1210828903 0.1191954631 
 0.1258285230 0.1241691959 0.1225182868 
 0.1283984954 0.1269570241 0.1255214397 
 0.1306794518 0.1294333334 0.1281913302 
 0.1326624209 0.1315894422 0.1305195174 
 0.1343409442 0.1334196303 0.1325010451 
 0.1357101013 0.1349199675 0.1341330470 
 0.1367657314 0.1360873852 0.1354136494 
 0.1375038335 0.1369189720 0.1363411484 
 0.1379201166 0.1374114553 0.1369134144 
 0.1380096693 0.1375608279 0.1371274731 
 0.1377667213 0.1373620856 0.1369792188 
 0.1371844833 0.1368090536 0.1364632292 
 0.1362550626 0.1358942968 0.1355726730 
 0.1349694692 0.1346091276 0.1342993212 
 0.1333177496 0.1329437498 0.1326337018 
 0.1312893082 0.1308876040 0.1305654668 
 0.1288735057 0.1284300112 0.1280840732 
 0.1260606440 0.1255612331 0.1251799047 
 0.1228434552 0.1222740779 0.1218459700 
 0.1192191901 0.1185661496 0.1180802800 
 0.1151923220 0.1144427568 0.1138889147 
 0.1107777436 0.1099203323 0.1092896166 
 0.1060041165 0.1050299831 0.1043154920 
 0.1009167908 0.0998205169 0.0990181121 
 0.0955795042 0.0943600803 0.0934690917 
 0.0900740421 0.0887355304 0.0877592218 
 0.0844972868 0.0830489687 0.0819945922 
 0.0789556396 0.0774115025 0.0762898381 
 0.0735575254 0.0719350954 0.0707594983 
 0.0684053039 0.0667240070 0.0655091171 
 0.0635881448 0.0618675003 0.0606278597 
 0.0591771477 0.0574351208 0.0561839467 
 0.0552233368 0.0534750978 0.0522233907 
 0.0517584172 0.0500156210 0.0487716790 
 0.0487976247 0.0470681936 0.0458375034 
 0.0463437638 0.0446320685 0.0434174846 
 0.0443915800 0.0426988828 0.0415009851 
 0.0429318342 0.0412568668 0.0400744031 
 0.0419547023 0.0402942883 0.0391246347 
 0.0414523407 0.0398020085 0.0386416113 
 0.0414205862 0.0397751547 0.0386199443 
 0.0418598196 0.0402139603 0.0390597421 
 0.0427750160 0.0411238097 0.0399666484 
 0.0441749815 0.0425144878 0.0413511008 
 0.0460707385 0.0443985875 0.0432267593 
 0.0484730220 0.0467890193 0.0456080315 
 0.0513888961 0.0496955986 0.0485066532 
 0.0548176272 0.0531208147 0.0519273975 
 0.0587461691 0.0570550983 0.0558632044 
 0.0631448805 0.0614721950 0.0602903217 
 0.0679643475 0.0663255365 0.0651643597 
 0.0731342669 0.0715466403 0.0704183366 
 0.0785651445 0.0770464084 0.0759636689 
 0.0841530116 0.0827196567 0.0816945346 
 0.0897865927 0.0884523918 0.0874951968 
 0.0953556420 0.0941305485 0.0932490048 
 0.1007588240 0.0996484570 0.0988472778 
 0.1059097033 0.1049154513 0.1041963646 
 0.1107400329 0.1098596547 0.1092218065 
 0.1152002947 0.1144288160 0.1138694056 
 0.1192580532 0.1185887473 0.1181037401 
 0.1228949740 0.1223202633 0.1219050575 
 0.1261033387 0.1256155270 0.1252655029 
 0.1288826880 0.1284744931 0.1281854213 
 0.1312369573 0.1309018616 0.1306701784 
 0.1331722461 0.1329047014 0.1327276797 
 0.1346952069 0.1344907368 0.1343665818 
 0.1358119546 0.1356671929 0.1355950934 
 0.1365273736 0.1364400690 0.1364202247 
 0.1368447040 0.1368137130 0.1368473561 
 0.1367653185 0.1367905988 0.1368800185 
 0.1362886272 0.1363712401 0.1365198166 
 0.1354120865 0.1355542087 0.1357664567 
 0.1341313177 0.1343362599 0.1346178769 
 0.1324403736 0.1327125970 0.1330705067 
 0.1303322286 0.1306773419 0.1311197140 
 0.1277995959 0.1282243089 0.1287605260 
 0.1248362005 0.1253481986 0.1259887296 
 0.1214386350 0.1220463313 0.1228024609 
 0.1176088804 0.1183209989 0.1192043589 
 0.1133574661 0.1141824199 0.1152042749 
 0.1087070541 0.1096521086 0.1108223829 
 0.1036959702 0.1047662367 0.1060923261 
 0.0983809410 0.0995783168 0.1010638113 
 0.0928381214 0.0941603656 0.0958039004 
 0.0871615825 0.0886017614 0.0903962643 
 0.0814588566 0.0830053629 0.0849379552 
 0.0758438655 0.0774811116 0.0795338014 
 0.0704283587 0.0721380736 0.0742891966 
 0.0653135074 0.0670764058 0.0693025719 
 0.0605832935 0.0623807968 0.0646589751 
 0.0563007903 0.0581164929 0.0604258634 
 0.0525076093 0.0543282872 0.0566515919 
 0.0492260298 0.0510421311 0.0533664115 
 0.0464628930 0.0482685612 0.0505853184 
 0.0442142562 0.0460070098 0.0483119112 
 0.0424699903 0.0442501914 0.0465424813 
 0.0412177881 0.0429880140 0.0452697658 
 0.0404463239 0.0422107156 0.0444860256 
 0.0401474953 0.0419111195 0.0441852957 
 0.0403177747 0.0420860073 0.0443647712 
 0.0409587239 0.0427366417 0.0450253373 
 0.0420766997 0.0438684621 0.0461712576 
 0.0436817368 0.0454899445 0.0478090173 
 0.0457855642 0.0476105964 0.0499453154 
 0.0483987176 0.0502380809 0.0525842321 
 0.0515267852 0.0533745428 0.0557236905 
 0.0551659854 0.0570123767 0.0593514967 
 0.0592985255 0.0611299153 0.0634414578 
 0.0638884735 0.0656877653 0.0679502921 
 0.0688790999 0.0706266925 0.0728161517 
 0.0741926457 0.0758679025 0.0779594664 
 0.0797331440 0.0813161982 0.0832864278 
 0.0853922457 0.0868658441 0.0886948154 
 0.0910571839 0.0924082239 0.0940812265 
 0.0966193661 0.0978398508 0.0993483665 
 0.1019819212 0.1030692122 0.1044110704 
 0.1070649087 0.1080213357 0.1092001474 
 0.1118076385 0.1126396620 0.1136637691 
 0.1161683163 0.1168854868 0.1177667121 
 0.1201217461 0.1207356777 0.1214881172 
 0.1236559971 0.1241794985 0.1248185126 
 0.1267688296 0.1272152607 0.1277567313 
 0.1294644310 0.1298472867 0.1303071394 
 0.1317507415 0.1320834327 0.1324773845 
 0.1336374463 0.1339332295 0.1342767063 
 0.1351345756 0.1354065868 0.1357147577 
 0.1362515988 0.1365129525 0.1368008366 
 0.1369968819 0.1372608082 0.1375434227 
 0.1373773976 0.1376573997 0.1379499284 
 0.1373986028 0.1377086234 0.1380265922 
 0.1370644278 0.1374190182 0.1377784716 
 0.1363773507 0.1367918374 0.1372095097 
 0.1353385509 0.1358291935 0.1363226687 
 0.1339481612 0.1345322887 0.1351201399 
 0.1322056529 0.1329017612 0.1336036517 
 0.1301104075 0.1309381873 0.1317749081 
 0.1276625392 0.1286427931 0.1296361993 
 0.1248640302 0.1260184247 0.1271912242 
 0.1217202200 0.1230708148 0.1244461536 
 0.1182416415 0.1198101406 0.1214109353 
 0.1144461086 0.1162528040 0.1181007891 
 0.1103608481 0.1124232763 0.1145377735 
 0.1060243391 0.1083557435 0.1107522233 
 0.1014874288 0.1040952084 0.1067837908 
 0.0968132786 0.0996976793 0.1026817900 
 0.0920758159 0.0952291516 0.0985045913 
 0.0873566355 0.0907632761 0.0943179386 
 0.0827406476 0.0863778863 0.0901922661 
 0.0783111106 0.0821508371 0.0861993192 
 0.0741448696 0.0781557974 0.0824085575 
 0.0703085776 0.0744586626 0.0788838793 
 0.0668564239 0.0711150963 0.0756811315 
 0.0638295236 0.0681694364 0.0728466779 
 0.0612567786 0.0656549080 0.0704170673 
 0.0591567870 0.0635948562 0.0684196361 
 0.0575402937 0.0620045936 0.0668737454 
 0.0564127128 0.0608934444 0.0657923069 
 0.0557763515 0.0602666306 0.0651832732 
 0.0556320876 0.0601267341 0.0650508318 
 0.0559803506 0.0604745640 0.0653961247 
 0.0568213348 0.0613093394 0.0662173910 
 0.0581544263 0.0626281655 0.0675095108 
 0.0599768753 0.0644248467 0.0692630026 
 0.0622818125 0.0666881572 0.0714626061 
 0.0650557959 0.0693997810 0.0740856709 
 0.0682761955 0.0725322341 0.0771006520 
 0.0719088445 0.0760471735 0.0804660679 
 0.0759064776 0.0798945378 0.0841302765 
 0.0802084665 0.0840129055 0.0880323363 
 0.0847422125 0.0883312883 0.0921040429 
 0.0894262530 0.0927722890 0.0962729891 
 0.0941747490 0.0972562464 0.1004662619 
 0.0989026680 0.1017057340 0.1046142304 
 0.1035307956 0.1060496999 0.1086538625 
 0.1079897725 0.1102266385 0.1125311344 
 0.1122226380 0.1141864443 0.1162023165 
 0.1161857370 0.1178909069 0.1196341621 
 0.1198481986 0.1213130626 0.1228032043 
 0.1231904006 0.1244357650 0.1256944658 
 0.1262018969 0.1272498619 0.1282998885 
 0.1288792197 0.1297523058 0.1306167362 
 0.1312238462 0.1319444211 0.1326461394 
 0.1332404887 0.1338304502 0.1343918734 
 0.1349357595 0.1354164134 0.1358593923 
 0.1363171926 0.1367092652 0.1370551053 
 0.1373925654 0.1377163004 0.1379858565 
 0.1381694549 0.1384447564 0.1386585662 
 0.1386549657 0.1389015616 0.1390799951 
 0.1388555812 0.1390931901 0.1392565994 
 0.1387771026 0.1390255948 0.1391944561 
 0.1384246543 0.1387042015 0.1388992436 
 0.1378027463 0.1381339562 0.1383762726 
 0.1369153923 0.1373194235 0.1376305641 
 0.1357662907 0.1362649412 0.1366669789 
 0.1343590824 0.1349748409 0.1354904039 
 0.1326977027 0.1334537472 0.1341060046 
 0.1307868486 0.1317069686 0.1325195526 
 0.1286325802 0.1297409947 0.1307378359 
 0.1262430628 0.1275641033 0.1287691552 
 0.1236294425 0.1251870703 0.1266238976 
 0.1208068133 0.1226239530 0.1243151676 
 0.1177952012 0.1198928901 0.1218594323 
 0.1146204464 0.1170168336 0.1192771177 
 0.1113148344 0.1140240995 0.1165930762 
 0.1079173139 0.1109486170 0.1138368312 
 0.1044731646 0.1078297634 0.1110425153 
 0.1010330386 0.1047117168 0.1082484392 
 0.0976514031 0.1016423223 0.1054962757 
 0.0943845202 0.0986715512 0.1028298998 
 0.0912881989 0.0958497062 0.1002939790 
 0.0884155991 0.0932255747 0.0979324554 
 0.0858153544 0.0908447359 0.0957870704 
 0.0835302031 0.0887481895 0.0938960683 
 0.0815962063 0.0869713990 0.0922931729 
 0.0800425165 0.0855437596 0.0910068704 
 0.0788915689 0.0844884230 0.0900599769 
 0.0781595131 0.0838223618 0.0894694243 
 0.0778566943 0.0835565358 0.0892461758 
 0.0779880181 0.0836960331 0.0893951861 
 0.0785530813 0.0842400945 0.0899153407 
 0.0795460150 0.0851819812 0.0907993480 
 0.0809550598 0.0865087028 0.0920336029 
 0.0827619601 0.0882006835 0.0935980788 
 0.0849413333 0.0902314893 0.0954663442 
 0.0874602118 0.0925677715 0.0976058068 
 0.0902779723 0.0951695736 0.0999782814 
 0.0933468357 0.0979911183 0.1025409374 
 0.0966130430 0.1009821090 0.1052476184 
 0.1000186879 0.1040894908 0.1080504601 
 0.1035040554 0.1072595149 0.1109016636 
 0.1070101969 0.1104398820 0.1137552475 
 0.1104814173 0.1135817182 0.1165685977 
 0.1138673660 0.1166411661 0.1193036705 
 0.1171245117 0.1195804545 0.1219277665 
 0.1202169062 0.1223684011 0.1244138597 
 0.1231162710 0.1249803948 0.1267405323 
 0.1258015344 0.1273979675 0.1288916026 
 0.1282579977 0.1296080930 0.1308555510 
 0.1304763097 0.1316023484 0.1326248446 
 0.1324514024 0.1333760504 0.1341952429 
 0.1341814942 0.1349274439 0.1355651393 
 0.1356672214 0.1362569893 0.1367349747 
 0.1369109234 0.1373667643 0.1377067344 
 0.1379160776 0.1382599814 0.1384835306 
 0.1386868696 0.1389406086 0.1390692636 
 0.1392278745 0.1394130793 0.1394683523 
 0.1395438305 0.1396820763 0.1396855246 
 0.1396394851 0.1397523780 0.1397256604 
 0.1395195028 0.1396287582 0.1395936828 
 0.1391884253 0.1393159344 0.1392944919 
 0.1386506809 0.1388185608 0.1388329428 
 0.1379106421 0.1381412679 0.1382138658 
 0.1369727350 0.1372887482 0.1374421303 
 0.1358416029 0.1362658909 0.1365227539 
 0.1345223322 0.1350779701 0.1354610586 
 0.1330207440 0.1337308876 0.1342628733 
 0.1313437564 0.1322314718 0.1329347826 
 0.1294998157 0.1305878307 0.1314844184 
 0.1274993871 0.1288097483 0.1299207837 
 0.1253554817 0.1269091090 0.1282545964 
 0.1230841851 0.1249003199 0.1264986302 
 0.1207051313 0.1228006936 0.1246680220 
 0.1182418583 0.1206307412 0.1227805118 
 0.1157219712 0.1184143221 0.1208565730 
 0.1131770487 0.1161786012 0.1189193966 
 0.1106422453 0.1139537746 0.1169946978 
 0.1081555814 0.1117725487 0.1151103300 
 0.1057569507 0.1096693876 0.1132957101 
 0.1034869210 0.1076795721 0.1115810804 
 0.1013854332 0.1058381409 0.1099966532 
 0.0994905146 0.1041787966 0.1085716940 
 0.0978371137 0.1027328573 0.1073336070 
 0.0964561294 0.1015283210 0.1063070750 
 0.0953736690 0.1005890832 0.1055132985 
 0.0946105264 0.0999343200 0.1049693555 
 0.0941818391 0.0995780282 0.1046876932 
 0.0940968708 0.0995286970 0.1046757490 
 0.0943588616 0.0997890858 0.1049356933 
 0.0949649156 0.1003560917 0.1054642936 
 0.0959059141 0.1012207066 0.1062529032 
 0.0971664846 0.1023680838 0.1072875887 
 0.0987250767 0.1037777484 0.1085494160 
 0.1005542190 0.1054239943 0.1100149150 
 0.1026210232 0.1072765001 0.1116567308 
 0.1048879860 0.1093011797 0.1134444555 
 0.1073140927 0.1114612476 0.1153456088 
 0.1098561768 0.1137184450 0.1173267125 
 0.1124704388 0.1160343389 0.1193543871 
 0.1151139893 0.1183715918 0.1213963888 
 0.1177462715 0.1206950933 0.1234225148 
 0.1203302350 0.1229728701 0.1254053163 
 0.1228331739 0.1251767203 0.1273205899 
 0.1252271947 0.1272825560 0.1291476410 
 0.1274893322 0.1292704767 0.1308693404 
 0.1296013710 0.1311246195 0.1324720086 
 0.1315494530 0.1328328464 0.1339451750 
 0.1333235543 0.1343863317 0.1352812550 
 0.1349169070 0.1357791025 0.1364751859 
 0.1363254234 0.1370075758 0.1375240527 
 0.1375471615 0.1380701203 0.1384267241 
 0.1385818519 0.1389666599 0.1391835152 
 0.1394304957 0.1396983268 0.1397958812 
 0.1400950321 0.1402671649 0.1402661480 
 0.1405780700 0.1406758832 0.1405972793 
 0.1408826798 0.1409276562 0.1407926816 
 0.1410122366 0.1410259681 0.1408560455 
 