10.7499062956 11.3327151216 11.8274002813 
 11.5492072741 12.1343388525 12.6255994154 
 12.2593269025 12.8383680616 13.3190779545 
 12.8722761747 13.4388961906 13.9040068492 
 13.3856424538 13.9359004619 14.3826272564 
 13.8014427510 14.3338040548 14.7615575028 
 14.1246540023 14.6397835702 15.0499210041 
 14.3616934497 14.8621074606 15.2575837072 
 14.5190488967 15.0086948714 15.3936744421 
 14.6021765324 15.0859908107 15.4654604995 
 14.6147182311 15.0981861075 15.4775841993 
 14.5580501967 15.0467750877 15.4316361661 
 14.4311584859 14.9304350158 15.3260393208 
 14.2308360186 14.7452188874 15.1562326131 
 13.9521994260 14.4850654774 14.9151632845 
 13.5895214367 14.1426360267 14.5941093122 
 13.1373555371 13.7104745957 14.1838481117 
 12.5918877399 13.1824501244 13.6761530349 
 11.9523858973 12.5553697672 13.0655296915 
 11.2225421255 11.8305639754 12.3510046991 
 10.4114447406 11.0151597721 11.5376736858 
 9.5339086953 10.1227210137 10.6376474400 
 8.6099691638 9.1729866279 9.6700589253 
 7.6635064670 8.1905997679 8.6599451732 
 6.7201840432 7.2029635410 7.6360806546 
 5.8050699492 6.2376014201 6.6281304350 
 4.9403984703 5.3195425987 5.6636929519 
 4.1438741649 4.4692306214 4.7658217688 
 3.4277517743 3.7012795613 3.9514459780 
 2.7987153361 3.0241558159 3.2308318874 
 2.2584076826 2.4406449038 2.6079632346 
 1.8043739891 1.9488385951 2.0815530051 
 1.4311823155 1.5433605328 1.6463621621 
 1.1315405742 1.2166072207 1.2945586269 
 0.8973040377 0.9598690988 1.0169495665 
 0.7203297898 0.7642743244 0.8040135557 
 0.5931706763 0.6215460597 0.6467201960 
 0.5096140816 0.5245827667 0.5371505014 
 0.4650721492 0.4678731862 0.4689351560 
 0.4568303948 0.4477570469 0.4375262229 
 0.4841635163 0.4625444311 0.4403193435 
 0.5483272975 0.5125081814 0.4766459232 
 0.6524317948 0.5997610880 0.5476532861 
 0.8011960270 0.7280239849 0.6560848347 
 1.0005820487 0.9022865927 0.8059660471 
 1.2573072072 1.1283623888 1.0021995536 
 1.5782350698 1.4123405960 1.2500737013 
 1.9696475643 1.7599408691 1.5546918891 
 2.4364087576 2.1757818057 1.9203344890 
 2.9810529522 2.6625891506 2.3497748893 
 3.6028702565 3.2203978950 2.8435900916 
 4.2971141944 3.8458410283 3.3995336742 
 5.0544986823 4.5316532193 4.0120666479 
 5.8611593126 5.2665303977 4.6721557058 
 6.6992042749 6.0354577001 5.3674341057 
 7.5478700223 6.8205421268 6.0827705622 
 8.3851509573 7.6022762755 6.8012123690 
 9.1896400907 8.3610490627 7.5051818076 
 9.9422512652 9.0786490101 8.1777391912 
 10.6275216035 9.7395037676 8.8037063875 
 11.2343039234 10.3314672205 9.3704791983 
 11.7558086370 10.8460764891 9.8684327212 
 12.1890901838 11.2783159993 10.2909142083 
 12.5341577170 11.6260110592 10.6338955485 
 12.7929142765 11.8890136102 10.8954049889 
 12.9681063077 12.0683414125 11.0748716192 
 13.0624190277 12.1654035391 11.1725036906 
 13.0778035803 12.1814062558 11.1887946127 
 13.0150816145 12.1169961872 11.1242187297 
 12.8738454396 11.9721674612 10.9791487719 
 12.6526541893 11.7464357643 10.7539997712 
 12.3495118933 11.4392609625 10.4495788101 
 11.9625947260 11.0506763481 10.0675940432 
 11.4911665396 10.5820536900 9.6112492827 
 10.9365831184 10.0369002221 9.0858246689 
 10.3032423351 9.4215533336 8.4991261275 
 9.5993034650 8.7456232454 7.8616858512 
 8.8369939492 8.0220476069 7.1866215832 
 8.0323638967 7.2666742675 6.4891167126 
 7.2044429203 6.4973764905 5.7855582571 
 6.3738837754 5.7328088642 5.0924468100 
 5.5613041902 4.9909999205 4.4252472363 
 4.7856161191 4.2880173634 3.7973620819 
 4.0626293486 3.6369185076 3.2193765906 
 3.4041352140 3.0471214643 2.6986574356 
 2.8175493695 2.5242312374 2.2393104275 
 2.3060673856 2.0702638600 1.8424393656 
 1.8692015713 1.6841553538 1.5066131267 
 1.5035366342 1.3624270588 1.2284423886 
 1.2035571990 1.0998954417 1.0031822910 
 0.9624404918 0.8903460213 0.8253003024 
 0.7727507648 0.7271221004 0.6889695780 
 0.6270045525 0.6036014097 0.5884632714 
 0.5180949395 0.5135477598 0.5184364548 
 0.4395740486 0.4513352997 0.4740932073 
 0.3858025926 0.4120539586 0.4512484007 
 0.3519858755 0.3915157831 0.4463046458 
 0.3341245497 0.3861899245 0.4561715496 
 0.3289122224 0.3930963792 0.4781553929 
 0.3336096925 0.4096854106 0.5098435374 
 0.3459190478 0.4337230995 0.5490016090 
 0.3638729071 0.4631961800 0.5934948387 
 0.3857469026 0.4962428905 0.6412391163 
 0.4099979996 0.5311116131 0.6901827168 
 0.4352275173 0.5661455807 0.7383162516 
 0.4601653919 0.5997896081 0.7837059732 
 0.4836709321 0.6306133846 0.8245439491 
 0.5047447454 0.6573451371 0.8592077172 
 0.5225464792 0.6789093245 0.8863217863 
 0.5364133964 0.6944623809 0.9048137206 
 0.5458755206 0.7034213219 0.9139584880 
 0.5506640549 0.7054811841 0.9134061618 
 0.5507109254 0.7006186772 0.9031898219 
 0.5461385129 0.6890809654 0.8837124240 
 0.5372398273 0.6713600228 0.8557133463 
 0.5244504288 0.6481543958 0.8202171007 
 0.5083142385 0.6203213346 0.7784681727 
 0.4894459388 0.5888230470 0.7318570214 
 0.4684929090 0.5546712203 0.6818428460 
 0.4460995817 0.5188739439 0.6298787839 
 0.4228767647 0.4823887724 0.5773447608 
 0.3993779135 0.4460849603 0.5254923374 
 0.3760836441 0.4107169689 0.4754046941 
 0.3533950249 0.3769103113 0.4279735078 
 0.3316354796 0.3451597798 0.3838930617 
 0.3110605408 0.3158392153 0.3436706490 
 0.2918742874 0.2892213191 0.3076513274 
 0.2742511098 0.2655056496 0.2760544578 
 0.2583614840 0.2448529063 0.2490192883 
 0.2444006832 0.2274238691 0.2266571031 
 0.2326197680 0.2134218740 0.2091080944 
 0.2233586878 0.2031383490 0.1966019773 
 0.2170818261 0.1970015940 0.1895222698 
 0.2144166830 0.1956294741 0.1884748558 
 0.2161964895 0.1998868170 0.1943616471 
 0.2235071981 0.2109478276 0.2084595520 
 0.2377383053 0.2303624933 0.2325032126 
 0.2606351594 0.2601235639 0.2687668729 
 0.2943477123 0.3027272017 0.3201363403 
 0.3414672728 0.3612161827 0.3901569336 
 0.4050393034 0.4391905101 0.4830389148 
 0.4885377524 0.5407679487 0.6036000517 
 0.5957861569 0.6704778141 0.7571271568 
 0.7308137540 0.8330760188 0.9491447215 
 0.8976410360 1.0332770382 1.1850873361 
 1.0999972989 1.2754072217 1.4698812968 
 1.3409811397 1.5629923769 1.8074493484 
 1.6226827878 1.8983012821 2.2001631764 
 1.9457951496 2.2818774854 2.6482838229 
 2.3092492126 2.7121051053 3.1494503877 
 2.7099181716 3.1848677927 3.6982966889 
 3.1424400810 3.6933675267 4.2862842551 
 3.5992063172 4.2281642670 4.9018279270 
 4.0705488762 4.7774739456 5.5307523452 
 4.5451331833 5.3277221119 6.1570581926 
 5.0105291875 5.8643023727 6.7639112521 
 5.4539006978 6.3724464606 7.3347161327 
 5.8627309893 6.8380901983 7.8541181297 
 6.2254986854 7.2486246322 8.3087980408 
 6.5322329754 7.5934524374 8.6879782793 
 6.7749062691 7.8643159379 8.9836260276 
 6.9476562885 8.0554103865 9.1903999814 
 7.0468588674 8.1633319312 9.3054266611 
 7.0710907161 8.1869270123 9.3280049191 
 7.0210258087 8.1271082514 9.2593261173 
 6.8993015297 7.9866854082 9.1022700579 
 6.7103755624 7.7702351315 8.8613016619 
 6.4603769284 7.4840066661 8.5424579139 
 6.1569395220 7.1358381472 8.1533844469 
 5.8089977432 6.7350441110 7.7033608805 
 5.4265235728 6.2922323142 7.2032473707 
 5.0201928098 5.8190178616 6.6652941908 
 4.6009831544 5.3276232972 6.1027813149 
 4.1797244362 4.8303801695 5.5294917498 
 3.7666365945 4.3391737513 4.9590623701 
 3.3708995079 3.8648907714 4.4042884710 
 3.0002978645 3.4169348537 3.8764735462 
 2.6609742242 3.0028645610 3.3849093489 
 2.3573071966 2.6281877848 2.9365456288 
 2.0919136372 2.2963201356 2.5358726172 
 1.8657581895 2.0086909876 2.1850032630 
 1.6783431076 1.7649640003 1.8839153433 
 1.5279469176 1.5633311351 1.6308000390 
 1.4118814800 1.4008394360 1.4224625363 
 1.3267420715 1.2737156689 1.2547277350 
 1.2686327289 1.1776628200 1.1228157310 
 1.2333577878 1.1081125365 1.0216641924 
 1.2165786849 1.0604274638 0.9461864417 
 1.2139412061 1.0300557964 0.8914642131 
 1.2211815217 1.0126460819 0.8528819101 
 1.2342195319 1.0041328050 0.8262139909 
 1.2492459584 1.0008027659 0.8076785471 
 1.2628063562 0.9993496901 0.7939687136 
 1.2718817770 0.9969210394 0.7822703647 
 1.2739629164 0.9911576533 0.7702708555 
 1.2671126273 0.9802242910 0.7561603220 
 1.2500108384 0.9628276799 0.7386248048 
 1.2219761954 0.9382183395 0.7168293648 
 1.1829600421 0.9061731385 0.6903893313 
 1.1335104933 0.8669570284 0.6593286246 
 1.0747070580 0.8212643993 0.6240254357 
 1.0080692063 0.7701427025 0.5851471131 
 0.9354450510 0.7149030495 0.5435776096 
 0.8588885570 0.6570241292 0.5003420254 
 0.7805350804 0.5980567590 0.4565334809 
 0.7024853912 0.5395365786 0.4132476749 
 0.6267076368 0.4829118188 0.3715300386 
 0.5549651064 0.4294918503 0.3323394950 
 0.4887754500 0.3804205707 0.2965316489 
 0.4294045494 0.3366768888 0.2648629768 
 0.3778958961 0.2991029084 0.2380164819 
 0.3351344202 0.2684591369 0.2166484974 
 0.3019424285 0.2455052872 0.2014559482 
 0.2792046842 0.2311049928 0.1932633616 
 0.2680194531 0.2263527582 0.1931290157 
 0.2698720065 0.2327212178 0.2024693881 
 0.2868257296 0.2522254988 0.2231998773 
 0.3217226351 0.2875983254 0.2578869002 
 0.3783790558 0.3424638730 0.3099014013 
 0.4617540170 0.4214905954 0.3835567281 
 0.5780594114 0.5304951033 0.4842061414 
 0.7347761318 0.6764638121 0.6182696468 
 0.9405414391 0.8674593088 0.7931591496 
 1.2048789968 1.1123840540 1.0170757960 
 1.5377492593 1.4205811801 1.2986609521 
 1.9489005900 1.8012567142 1.6464885457 
 2.4470050076 2.2627115139 2.0683913774 
 3.0385800161 2.8113846253 2.5706243689 
 3.7267436436 3.4507450712 3.1568939294 
 4.5099270425 4.1801311267 3.8273303923 
 5.3807619998 4.9937141865 4.5775434421 
 6.3254327405 5.8798298779 5.3979575816 
 7.3237837316 6.8209322327 6.2736445921 
 8.3503691749 7.7943529276 7.1848230238 
 9.3764168871 8.7738813136 8.1080713305 
 10.3724188453 9.7319627842 9.0181263985 
 11.3108550820 10.6421226502 9.8899714564 
 12.1685005344 11.4811422231 10.7008245968 
 12.9278848839 12.2305813720 11.4316627667 
 13.5777191820 12.8774282437 12.0680469195 
 14.1123670307 13.4138839359 12.6001981990 
 14.5306295461 13.8364755255 13.0224448327 
 14.8341914186 14.1447879334 13.3322667436 
 15.0260538399 14.3401124581 13.5291967391 
 15.1092021430 14.4242570272 13.6138095059 
 15.0856654365 14.3986869412 13.5869703234 
 14.9560494518 14.2640916203 13.4494483365 
 14.7195696360 14.0204131373 13.2019369945 
 14.3745721065 13.6673234003 12.8454684609 
 13.9194915928 13.2050894068 12.3821550405 
 13.3541450159 12.6357114720 11.8161351214 
 12.6811920373 11.9641568078 11.1545464357 
 11.9075191026 11.1994518894 10.4083081259 
 11.0452475509 10.3553662129 9.5924859596 
 10.1120671737 9.4504473265 8.7260628482 
 9.1306868581 8.5072718001 7.8310466777 
 8.1273766428 7.5509492923 6.9310004699 
 7.1298068975 6.6071099271 6.0492306220 
 6.1645881465 5.6997486037 5.2069621308 
 5.2549967760 4.8493345891 4.4218279419 
 4.4193019574 4.0715067441 3.7069046819 
 3.6699211550 3.3765037271 3.0703793364 
 3.0134076740 2.7692947598 2.5157874731 
 2.4510974087 2.2502430661 2.0426679706 
 1.9801587728 1.8160798858 1.6474480191 
 1.5947973310 1.4609839102 1.3243942908 
 1.2874306909 1.1776187721 1.0665159561 
 1.0497281676 0.9580463793 0.8663568191 
 0.8734726509 0.7944831740 0.7166507813 
 0.7512364258 0.6798920689 0.6108333202 
 0.6768729213 0.6084105250 0.5434078621 
 0.6458261969 0.5756165967 0.5101690483 
 0.6552615637 0.5786383248 0.5082901653 
 0.7040277553 0.6161187510 0.5362886236 
 0.7924701226 0.6880555449 0.5938880145 
 0.9221210360 0.7955379625 0.6817964518 
 1.0952962984 0.9404045955 0.8014198620 
 1.3146255514 1.1248445414 0.9545276244 
 1.5825421338 1.3509633673 1.1428874667 
 1.9007561879 1.6203345047 1.3678868202 
 2.2697367821 1.9335577127 1.6301589360 
 2.6882357731 2.2898500341 1.9292343135 
 3.1528961791 2.6867007292 2.2632414201 
 3.6579957935 3.1196272672 2.6286840815 
 4.1953759531 3.5820702560 3.0203238575 
 4.7545907263 4.0654572565 3.4311914688 
 5.3232827490 4.5594473414 3.8527403627 
 5.8877539672 5.0523425005 4.2751386559 
 6.4336630046 5.5316247695 4.6876763623 
 6.9467574434 5.9845572102 5.0792480838 
 7.4135471542 6.3987792733 5.4388621051 
 7.8218450959 6.7628352591 5.7561278755 
 8.1611383666 7.0665960124 6.0216847176 
 8.4227936522 7.3015619770 6.2275516861 
 8.6001361314 7.4610620542 6.3673964371 
 8.6884611598 7.5403803312 6.4367345086 
 8.6850403697 7.5368477034 6.4330759782 
 8.5891692985 7.4499273559 6.3560330927 
 8.4022765088 7.2813047545 6.2073917921 
 8.1280803655 7.0349692541 5.9911358559 
 7.7727463448 6.7172520394 5.7133996472 
 7.3449728724 6.3367706215 5.3823191758 
 6.8559250630 5.9042292995 5.0077552048 
 6.3189491396 5.4320408838 4.6008774845 
 5.7490365977 4.9337660239 4.1736233872 
 5.1620599050 4.4234057787 3.7380712359 
 4.5738569907 3.9146196305 3.3057905469 
 3.9992828846 3.4199634398 2.8872411771 
 3.4513597305 2.9502423364 2.4912875545 
 2.9406366238 2.5140520506 2.1248744461 
 2.4748255544 2.1175459074 1.7928831607 
 2.0587247006 1.7644251197 1.4981595617 
 1.6943922248 1.4561179460 1.2416843888 
 1.3815039508 1.1920950694 1.0228453171 
 1.1178196581 0.9702646096 0.8397682625 
 0.8996904524 0.7873963501 0.6896695194 
 0.7225553652 0.6395352592 0.5691968471 
 0.5813913291 0.5223747809 0.4747345125 
 0.4710931570 0.4315691694 0.4026542860 
 0.3867694431 0.3629722363 0.3495021458 
 0.3239487775 0.3127984819 0.3121189633 
 0.2786996573 0.2777114444 0.2877015206 
 0.2476760036 0.2548515190 0.2738160822 
 0.2281060418 0.2418196841 0.2683793332 
 0.2177440441 0.2366339942 0.2696209107 
 0.2148024066 0.2376731982 0.2760390654 
 0.2178772812 0.2436178973 0.2863574355 
 0.2258762360 0.2533956153 0.2994874990 
 0.2379523373 0.2661328153 0.3144985138 
 0.2534461414 0.2811145479 0.3305948228 
 0.2718353692 0.2977510299 0.3470992495 
 0.2926912738 0.3155498223 0.3634407855 
 0.3156406381 0.3340922068 0.3791447255 
 0.3403326546 0.3530126225 0.3938236759 
 0.3664104551 0.3719804832 0.4071683308 
 0.3934875714 0.3906841876 0.4189374557 
 0.4211300300 0.4088175874 0.4289470576 
 0.4488450012 0.4260695018 0.4370591817 
 0.4760769255 0.4421170256 0.4431711003 
 0.5022118015 0.4566233549 0.4472058292 
 0.5265898799 0.4692406536 0.4491049045 
 0.5485264174 0.4796181366 0.4488241941 
 0.5673394683 0.4874151007 0.4463332306 
 0.5823830250 0.4923181424 0.4416181759 
 0.5930832307 0.4940613400 0.4346881279 
 0.5989749689 0.4924478020 0.4255840954 
 0.5997359400 0.4873707538 0.4143896736 
 0.5952154145 0.4788323034 0.4012422870 
 0.5854552165 0.4669582052 0.3863438694 
 0.5707011382 0.4520073506 0.3699700403 
 0.5514038666 0.4343753135 0.3524772023 
 0.5282095544 0.4145920382 0.3343075073 
 0.5019412878 0.3933145871 0.3159922591 
 0.4735737892 0.3713166943 0.2981549725 
 0.4442046086 0.3494775887 0.2815159097 
 0.4150257030 0.3287730621 0.2669003703 
 0.3872995619 0.3102719657 0.2552532167 
 0.3623438367 0.2951411377 0.2476619689 
 0.3415277161 0.2846611042 0.2453901671 
 0.3262820185 0.2802536789 0.2499214404 
 0.3181231353 0.2835207299 0.2630126877 
 0.3186885716 0.2962908524 0.2867518939 
 0.3297789755 0.3206675441 0.3236124698 
 0.3533984613 0.3590690472 0.3764920885 
 0.3917821685 0.4142469325 0.4487207419 
 0.4473981111 0.4892688168 0.5440215306 
 0.5229103783 0.5874514243 0.6664097382 
 0.6210933927 0.7122342247 0.8200213658 
 0.7446923103 0.8669906942 1.0088704007 
 0.8962318800 1.0547824078 1.2365427064 
 1.0777836188 1.2780689218 1.5058421024 
 1.2907076120 1.5383928399 1.8184110989 
 1.5353900559 1.8360648900 2.1743560657 
 1.8110011114 2.1698788776 2.5719147889 
 2.1152999157 2.5368906617 3.0072115281 
 2.4445141108 2.9322968004 3.4741467632 
 2.7933184984 3.3494443747 3.9644613307 
 3.1549299680 3.7799916420 4.4679952808 
 3.5213233438 4.2142199084 4.9731324303 
 3.8835568496 4.6414737590 5.4673886884 
 4.2321798629 5.0506853186 5.9380750213 
 4.5576836149 5.4309246804 6.3729529337 
 4.8509508352 5.7719171924 6.7608059348 
 5.1036642844 6.0644793541 7.0918729071 
 5.3086453319 6.3008452152 7.3581216843 
 5.4601087967 6.4748784440 7.5533741261 
 5.5538349258 6.5821853789 7.6733192563 
 5.5872699503 6.6201567448 7.7154636315 
 5.5595710421 6.5879683434 7.6790670163 
 5.4716095305 6.4865645777 7.5650988108 
 5.3259395277 6.3186358595 7.3762305244 
 5.1267303556 6.0885855925 7.1168566613 
 4.8796535260 5.8024687054 6.7931155309 
 4.5917112991 5.4678754433 6.4128672807 
 4.2709958547 5.0937340909 5.9855827129 
 3.9263761017 4.6900154942 5.5221053957 
 3.5671215813 4.2673392784 5.0342707528 
 3.2024866739 3.8365026959 4.5343952439 
 2.8412895485 3.4079725388 4.0346793097 
 2.4915256320 2.9913929016 3.5465909634 
 2.1600531002 2.5951630647 3.0803058088 
 1.8523786284 2.2261299786 2.6442712377 
 1.5725580241 1.8894218763 2.2449404190 
 1.3232120953 1.5884287608 1.8866925971 
 1.1056465156 1.3249174316 1.5719286869 
 0.9200574049 1.0992570441 1.3013118525 
 0.7658019120 0.9107268410 1.0741143922 
 0.6417139027 0.7578790269 0.8886333611 
 0.5464471258 0.6389337964 0.7426437704 
 0.4788306119 0.5521875852 0.6338652882 
 0.4382229266 0.4964182525 0.5604230849 
 0.4248528339 0.4712718141 0.5212849999 
 0.4401330300 0.4776144126 0.5166561299 
 0.4869296949 0.5178298888 0.5483088227 
 0.5697635480 0.5960375134 0.6198213597 
 0.6949103329 0.7181981299 0.7366939314 
 0.8703645619 0.8920740308 0.9063090547 
 1.1056325317 1.1270106983 1.1377072802 
 1.4113259015 1.4335138591 1.4411546914 
 1.7985286592 1.8225963083 1.8274795918 
 2.2779068671 2.3048647654 2.3071510552 
 2.8585346297 2.8893207036 2.8890747257 
 3.5464435876 3.5818836133 3.5791145335 
 4.3429846517 4.3837284545 4.3784309449 
 5.2432165421 5.2896574432 5.2818535860 
 6.2346713322 6.2868637759 6.2766428419 
 7.2969267348 7.3545237109 7.3420740768 
 8.4023616148 8.4645955001 8.4502217282 
 9.5182415843 9.5839659184 9.5680854631 
 10.6099144302 10.6777096672 10.6608279509 
 11.6445242403 11.7128521918 11.6955205380 
 12.5944500142 12.6618271874 12.6445928652 
 13.4397453582 13.5049011404 13.4882604086 
 14.1691686677 14.2311615511 14.2155245530 
 14.7797989042 14.8380782922 14.8237502296 
 15.2755609330 15.3299767927 15.3171551018 
 15.6651388853 15.7159114485 15.7046953827 
 15.9597382652 16.0074034861 15.9978111781 
 16.1710343675 16.2163791674 16.2083675344 
 16.3094939577 16.3534908723 16.3469749033 
 16.3831331452 16.4268790033 16.4217483366 
 16.3966989922 16.4413580305 16.4374898735 
 16.3512342951 16.3979831667 16.3952513879 
 16.2439914837 16.2939620518 16.2922427047 
 16.0686871239 16.1229027211 16.1220764479 
 15.8161178810 15.8754199363 15.8753717683 
 15.4751771092 15.5401418961 15.5407590073 
 15.0343031038 15.1051529725 15.1063210395 
 14.4833408352 14.5598603892 14.5614593760 
 13.8157003347 13.8971744247 13.8990748134 
 13.0305552419 13.1157499787 13.1178106002 
 12.1346810272 12.2218879639 12.2239564722 
 11.1434512454 11.2306056060 11.2325221519 
 10.0805692409 10.1654355948 10.1670393672 
 8.9763536417 9.0567514071 9.0578886552 
 7.8647749036 7.9388001637 7.9393315082 
 6.7798189573 6.8460166069 6.8458213089 
 5.7519616474 5.8094153537 5.8083908542 
 4.8054737069 4.8538049158 4.8518611041 
 3.9569775028 3.9962682186 3.9933169732 
 3.2152915959 3.2459598756 3.2419009983 
 2.5822898333 2.6049488687 2.5996534035 
 2.0543583558 2.0696825547 2.0629738055 
 1.6240517492 1.6326619029 1.6242934932 
 1.2816636944 1.2840329622 1.2736623348 
 1.0165630119 1.0129386969 1.0000937824 
 0.8182510564 0.8085845343 0.7926212016 
 0.6771520856 0.6610300269 0.6410785765 
 0.5851631351 0.5617360022 0.5366364460 
 0.5359864147 0.5038938509 0.4721218990 
 0.5252645865 0.4825609590 0.4421491995 
 0.5505432931 0.4946299849 0.4430913790 
 0.6110909796 0.5386647509 0.4729278531 
 0.7076077231 0.6146360197 0.5310027399 
 0.8418519736 0.7235859594 0.6177226714 
 1.0162096563 0.8672441600 0.7342154100 
 1.2332263435 1.0476136749 0.8819651710 
 1.4951210893 1.2665435058 1.0624382661 
 1.8033008376 1.5253039532 1.2767127557 
 2.1578981185 1.8241832819 1.5251272714 
 2.5573621569 2.1621283009 1.8069666347 
 2.9981421975 2.5364567627 2.1202049191 
 3.4745070539 2.9426733514 2.4613289589 
 3.9785412089 3.3744198498 2.8252649270 
 4.5003417870 3.8235809837 3.2054254452 
 5.0284131676 4.2805499715 3.5938838711 
 5.5502226502 4.7346348327 3.9816671494 
 6.0528506896 5.1745637087 4.3591421408 
 6.5236522325 5.5890314616 4.7164569952 
 6.9508474089 5.9672256754 5.0439927735 
 7.3239799560 6.2992793358 5.3327830498 
 7.6342141321 6.5766171359 5.5748698192 
 7.8744760777 6.7921867662 5.7635794847 
 8.0394745413 6.9405890079 5.8937185711 
 8.1256525479 7.0181355979 5.9617009586 
 8.1311239722 7.0228688562 5.9656241688 
 8.0556385035 6.9545719743 5.9053108709 
 7.9005987072 6.8147858686 5.7823245274 
 7.6691282154 6.6068312211 5.5999576029 
 7.3661652691 6.3358170519 5.3631803713 
 6.9985356876 6.0086042277 5.0785314784 
 6.5749485811 5.6336874946 4.7539307344 
 6.1058606084 5.2209653280 4.3984013598 
 5.6031720467 4.7813831921 4.0217023340 
 5.0797484384 4.3264597933 3.6338887196 
 4.5487988179 3.8677318931 3.2448343921 
 4.0231758277 3.4161740876 2.8637627767 
 3.5146843338 2.9816594630 2.4988335490 
 3.0334867761 2.5725222466 2.1568259901 
 2.5876750853 2.1952660591 1.8429448880 
 2.1830467316 1.8544365343 1.5607567083 
 1.8230864151 1.5526519794 1.3122468154 
 1.5091248972 1.2907663938 1.0979761704 
 1.2406285516 1.0681285113 0.9173093641 
 1.0155682022 0.8828981070 0.7686841715 
 0.8308202507 0.7323837918 0.6498941502 
 0.6825617908 0.6133716716 0.5583585465 
 0.5666302209 0.5224196983 0.4913575276 
 0.4788254064 0.4560983075 0.4462160303 
 0.4151396896 0.4111649627 0.4204267255 
 0.3719093955 0.3846688048 0.4117110670 
 0.3458908358 0.3739905326 0.4180254651 
 0.3342723268 0.3768298989 0.4375255504 
 0.3346392834 0.3911572647 0.4685043594 
 0.3449110811 0.4151462585 0.5093202390 
 0.3632666493 0.4471025641 0.5583281530 
 0.3880720831 0.4854004197 0.6138248450 
 0.4178192983 0.5284345956 0.6740147415 
 0.4510808234 0.5745920422 0.7370000284 
 0.4864826032 0.6222443698 0.8007952787 
 0.5226942649 0.6697599001 0.8633644447 
 0.5584345890 0.7155322178 0.9226760377 
 0.5924888263 0.7580209171 0.9767709167 
 0.6237339123 0.7957995371 1.0238363274 
 0.6511674691 0.8276054847 1.0622796510 
 0.6739366839 0.8523869848 1.0907956887 
 0.6913636351 0.8693427084 1.1084221299 
 0.7029643262 0.8779506150 1.1145790028 
 0.7084595080 0.8779836063 1.1090892606 
 0.7077762391 0.8695107323 1.0921790915 
 0.7010399956 0.8528838373 1.0644579684 
 0.6885579292 0.8287106056 1.0268798080 
 0.6707945530 0.7978159280 0.9806878386 
 0.6483416688 0.7611942958 0.9273468319 
 0.6218847137 0.7199565128 0.8684671784 
 0.5921678850 0.6752743443 0.8057258195 
 0.5599603846 0.6283267858 0.7407892212 
 0.5260259299 0.5802514021 0.6752433553 
 0.4910973141 0.5321036999 0.6105350381 
 0.4558573249 0.4848267796 0.5479280131 
 0.4209267881 0.4392326645 0.4884759566 
 0.3868599761 0.3959958049 0.4330132568 
 0.3541471672 0.3556584305 0.3821631370 
 0.3232238387 0.3186467726 0.3363616130 
 0.2944858652 0.2852967970 0.2958950422 
 0.2683102069 0.2558880359 0.2609487547 
 0.2450809047 0.2306844101 0.2316644935 
 0.2252207153 0.2099815413 0.2082051230 
 0.2092293460 0.1941608919 0.1908261579 
 0.1977298779 0.1837519643 0.1799549080 
 0.1915254386 0.1795045360 0.1762791226 
 0.1916682875 0.1824731920 0.1808475409 
 0.1995429138 0.1941158566 0.1951841976 
 0.2169631317 0.2164061349 0.2214161268 
 0.2462800786 0.2519555703 0.2624096916 
 0.2904932135 0.3041361714 0.3219040074 
 0.3533500825 0.3771862145 0.4046215738 
 0.4394139204 0.4762749947 0.5163284194 
 0.5540732403 0.6074975437 0.6638119032 
 0.7034669431 0.7777709232 0.8547461672 
 0.8943033083 0.9946098910 1.0974223799 
 1.1335599971 1.2657687551 1.4003293975 
 1.4280615318 1.5987444197 1.7715770059 
 1.7839388600 2.0001429328 2.2181609381 
 2.2059852581 2.4749239249 2.7450851969 
 2.6969398638 3.0255619320 3.3543919229 
 3.2567583015 3.6512035140 4.0442029102 
 3.8819656138 4.3469466292 4.8079369363 
 4.5652175416 5.1034052462 5.6339073403 
 5.2952040481 5.9067234741 6.5054937792 
 6.0569978152 6.7391506340 7.4019999113 
 6.8328758521 7.5801810181 8.3001610498 
 7.6035385533 8.4081250384 9.1760935125 
 8.3495491014 9.2018583430 10.0073441705 
 9.0527539552 9.9424394944 10.7746606386 
 9.6974470169 10.6143186875 11.4631769761 
 10.2711055814 11.2059669568 12.0628652932 
 10.7646305038 11.7098957018 12.5682788658 
 11.1721301394 12.1221620018 12.9777487916 
 11.4903671946 12.4415335087 13.2922635377 
 11.7180257926 12.6685098778 13.5142614064 
 11.8549557069 12.8043779601 13.6465233861 
 11.9015247148 12.8504358400 13.6912957776 
 11.8581727537 12.8074744185 13.6497188202 
 11.7252231991 12.6755649511 13.5215983414 
 11.5029712339 12.4541687681 13.3055314033 
 11.1920361914 12.1425575027 12.9993769971 
 10.7939310462 11.7405023537 12.6010397776 
 10.3117662051 11.2491544430 12.1095007684 
 9.7509687746 10.6719953169 11.5259812193 
 9.1198706150 10.0156947700 10.8550704666 
 8.4300115189 9.2906880922 10.1056027198 
 7.6960307967 8.5112960876 9.2910566408 
 6.9350871156 7.6952732798 8.4292999345 
 6.1658437693 6.8627805731 7.5416174259 
 5.4071595002 6.0349129834 6.6511242892 
 4.6766996487 5.2320274577 5.7808256889 
 3.9897012205 4.4721670850 4.9516794040 
 3.3580814456 3.7698456692 4.1810094662 
 2.7899902863 3.1353546055 3.4815108742 
 2.2898064386 2.5746232182 2.8609242177 
 1.8584963159 2.0895505239 2.3223065636 
 1.4942148375 1.6786614311 1.8647279845 
 1.1930259230 1.3379295007 1.4841963823 
 0.9496463437 1.0616371235 1.1746423145 
 0.7581513127 0.8431892348 0.9288515425 
 0.6126096785 0.6758380837 0.7392883059 
 0.5076346855 0.5533033093 0.5987902842 
 0.4388448766 0.4702837953 0.5011341236 
 0.4032343028 0.4228622919 0.4414757281 
 0.3994549595 0.4088068263 0.4166714991 
 0.4280158347 0.4277751846 0.4254890103 
 0.4913989494 0.4814269522 0.4687156084 
 0.5940832934 0.5734400577 0.5491679792 
 0.7424573230 0.7094188037 0.6715963673 
 0.9445954696 0.8966738664 0.8424694391 
 1.2098749438 1.1438542753 1.0696236872 
 1.5484108850 1.4604133456 1.3617630130 
 1.9702859858 1.8558900042 1.7277949192 
 2.4845504488 2.3389866005 2.1759898603 
 3.0979861478 2.9164375511 2.7129595799 
 3.8136829626 3.5917063278 3.3424830091 
 4.6295698666 4.3636274394 4.0642717917 
 5.5371587392 5.2252106834 4.8728522188 
 6.5208486399 6.1629091403 5.7568166946 
 7.5581402214 7.1566670202 6.6987220240 
 8.6209749729 8.1809630950 7.6758432664 
 9.6781456706 9.2068451961 8.6618195951 
 10.6984027472 10.2046699834 9.6289921542 
 11.6536396128 11.1470297419 10.5510191198 
 12.5214941704 12.0112709005 11.4052532894 
 13.2868792200 12.7811262483 12.1744301067 
 13.9422685652 13.4472405399 12.8474113973 
 14.4868814939 14.0066549860 13.4189768018 
 14.9251145655 14.4615254627 13.8888581724 
 15.2646285683 14.8174339673 14.2603175317 
 15.5144404496 15.0816264155 14.5385742644 
 15.6832558556 15.2614204341 14.7293256948 
 15.7781627312 15.3629245898 14.8375200288 
 15.8037221087 15.3901287053 14.8664645080 
 15.7614475944 15.3443761312 14.8173002123 
 15.6496541301 15.2242105404 14.6888493370 
 15.4636666803 15.0255913768 14.4778330087 
 15.1963960222 14.7424799118 14.1794557352 
 14.8392971279 14.3677977703 13.7883434212 
 14.3837116032 13.8947387428 13.2997941840 
 13.8225476608 13.3183634046 12.7112484844 
 13.1521650342 12.6373240197 12.0238104801 
 12.3742194591 11.8554693860 11.2435736531 
 11.4971159106 10.9830003040 10.3824538714 
 10.5366765931 10.0368351265 9.4582525949 
 9.5157052328 9.0399440995 8.4937896520 
 8.4623455015 8.0196263075 7.5151493388 
 7.4074424844 7.0049794577 6.5493170016 
 6.3814089119 6.0240468332 5.6216563250 
 5.4112437074 5.1012149432 4.7537152015 
 4.5182809928 4.2553391210 3.9617341352 
 3.7169994352 3.4988399036 3.2560185692 
 3.0149113749 2.8377453818 2.6411150496 
 2.4133032460 2.2724545152 2.1165775160 
 1.9084824167 1.7989126182 1.6780554503 
 1.4931975445 1.4099126508 1.3184652430 
 1.1579900822 1.0963193754 1.0290803675 
 0.8923448758 0.8481083607 0.8004546854 
 0.6855959922 0.6551847425 0.6231510037 
 0.5275938935 0.5079864345 0.4882773308 
 0.4091577813 0.3978903995 0.3878442732 
 0.3223395046 0.3174439898 0.3149617270 
 0.2605276877 0.2604478009 0.2638995462 
 0.2184268872 0.2219236592 0.2300446678 
 0.1919520111 0.1980063531 0.2097913911 
 0.1780775852 0.1857962576 0.2003991521 
 0.1746740000 0.1832023625 0.1998443757 
 0.1803518301 0.1887947581 0.2066832125 
 0.1943244913 0.2016757800 0.2199331338 
 0.2162911658 0.2213716282 0.2389749036 
 0.2463366471 0.2477416856 0.2634725038 
 0.2848421638 0.2809005055 0.2933066626 
 0.3324006742 0.3211468941 0.3285171295 
 0.3897310387 0.3688951325 0.3692492697 
 0.4575874017 0.4246047753 0.4157015759 
 0.5366626590 0.4887073320 0.4680720751 
 0.6274876162 0.5615301904 0.5265031466 
 0.7303299301 0.6432200957 0.5910257776 
 0.8450988055 0.7336700977 0.6615055859 
 0.9712624576 0.8324549145 0.7375938896 
 1.1077854696 0.9387800218 0.8186875958 
 1.2530924181 1.0514494538 0.9039016747 
 1.4050626061 1.1688563446 0.9920574878 
 1.5610585844 1.2889987718 1.0816893297 
 1.7179885604 1.4095216483 1.1710703175 
 1.8724000790 1.5277834491 1.2582573730 
 2.0205998692 1.6409446914 1.3411536446 
 2.1587928457 1.7460735338 1.4175854584 
 2.2832322071 1.8402627957 1.4853898933 
 2.3903724435 1.9207521859 1.5425084051 
 2.4770177287 1.9850495229 1.5870815805 
 2.5404592719 2.0310450706 1.6175400190 
 2.5785963549 2.0571136083 1.6326864600 
 2.5900366262 2.0621993364 1.6317645091 
 2.5741716010 2.0458791161 1.6145096711 
 2.5312233143 2.0083999166 1.5811789112 
 2.4622579879 1.9506868756 1.5325557359 
 2.3691628647 1.8743193026 1.4699289206 
 2.2545834786 1.7814734812 1.3950445812 
 2.1218208394 1.6748333211 1.3100332551 
 1.9746913067 1.5574726555 1.2173158767 
 1.8173559068 1.4327159430 1.1194947290 
 1.6541298314 1.3039868101 1.0192372903 
 1.4892860074 1.1746557635 0.9191620425 
 1.3268682108 1.0478990678 0.8217355323 
 1.1705287882 0.9265800531 0.7291891858 
 1.0234036734 0.8131620580 0.6434626468 
 0.8880334697 0.7096591198 0.5661779393 
 0.7663345861 0.6176268372 0.4986458129 
 0.6596194673 0.5381919497 0.4419025013 
 0.5686603759 0.4721154841 0.3967720722 
 0.4937873182 0.4198810861 0.3639468078 
 0.4350077662 0.3817976441 0.3440758434 
 0.3921340399 0.3581037573 0.3378507827 
 0.3649037860 0.3490611831 0.3460763690 
 0.3530800599 0.3550252190 0.3697146724 
 0.3565200335 0.3764820013 0.4098928449 
 0.3752049842 0.4140458496 0.4678674863 
 0.4092285678 0.4684138889 0.5449430773 
 0.4587449565 0.5402799527 0.6423474500 
 0.5238828471 0.6302147501 0.7610730934 
 0.6046351727 0.7385237564 0.9016982205 
 0.7007371811 0.8650975875 1.0642050879 
 0.8115470221 1.0092712476 1.2478147237 
 0.9359429589 1.1697085175 1.4508570463 
 1.0722498680 1.3443260241 1.6706935186 
 1.2182050280 1.5302684223 1.9037059202 
 1.3709695908 1.7239417569 2.1453593525 
 1.5271878431 1.9211066242 2.3903402620 
 1.6830917114 2.1170266205 2.6327617549 
 1.8346434238 2.3066614854 2.8664201409 
 1.9777053741 2.4848893596 3.0850802235 
 2.1082236777 2.6467396393 3.2827638618 
 2.2224110645 2.7876176553 3.4540174853 
 2.3169157443 2.9035047964 3.5941391873 
 2.3889653805 2.9911220929 3.6993534108 
 2.4364787346 3.0480505681 3.7669292155 
 2.4581411372 3.0728066883 3.7952448796 
 2.4534430615 3.0648750350 3.7838059069 
 2.4226833001 3.0247024430 3.7332249474 
 2.3669395067 2.9536583352 3.6451710713 
 2.2880093431 2.8539653406 3.5222932019 
 2.1883255655 2.7286032257 3.3681195246 
 2.0708484882 2.5811884171 3.1869324971 
 1.9389397028 2.4158314797 2.9836185212 
 1.7962217931 2.2369760208 2.7634927154 
 1.6464299853 2.0492244426 2.5321022985 
 1.4932628957 1.8571582582 2.2950160990 
 1.3402404319 1.6651626761 2.0576115626 
 1.1905771327 1.4772662237 1.8248732789 
 1.0470786196 1.2970059391 1.6012176947 
 0.9120673831 1.1273270585 1.3903571156 
 0.7873420397 0.9705234386 1.1952126424 
 0.6741717423 0.8282216757 1.0178811470 
 0.5733249426 0.7014085351 0.8596566742 
 0.4851294402 0.5904983132 0.7211025221 
 0.4095588672 0.4954344009 0.6021671281 
 0.3463396553 0.4158177576 0.5023348869 
 0.2950723188 0.3510544210 0.4208021342 
 0.2553616774 0.3005146928 0.3566687814 
 0.2269523487 0.2636982956 0.3091375373 
 0.2098680870 0.2404022796 0.2777151691 
 0.2045556204 0.2308910327 0.2624131845 
 0.2120346216 0.2360692795 0.2639474422 
 0.2340543144 0.2576581343 0.2839359093 
 0.2732531373 0.2983700500 0.3250897253 
 0.3333106113 0.3620706199 0.3913845629 
 0.4190710572 0.4539049455 0.4881885334 
 0.5366096914 0.5803568251 0.6223132472 
 0.6932066196 0.7492044331 0.8019504613 
 0.8971958708 0.9693385791 1.0364597055 
 1.1576635292 1.2504165794 1.3359788448 
 1.4839762646 1.6023305487 1.7108335918 
 1.8851258585 2.0344714366 2.1707229729 
 2.3688812630 2.5547770410 2.7236663259 
 2.9407596407 3.1685787088 3.3747312285 
 3.6028735051 3.8773197482 4.1246330308 
 4.3527830884 4.6773062424 4.9683994295 
 5.1825638527 5.5587438233 5.8943967035 
 6.0783534135 6.5053679317 6.8840647647 
 7.0206275369 7.4949402072 7.9126494697 
 7.9853425964 8.5007314114 8.9510263771 
 8.9458817564 9.4938640931 9.9684177906 
 9.8755137171 10.4461277328 10.9355193173 
 10.7499062956 11.3327151216 11.8274002813 
 