11.3024039901 10.2980154613 9.2411723363 
 10.9043598966 9.9103072511 8.8720297201 
 10.4202856126 9.4429443565 8.4306030827 
 9.8553337215 8.9026930816 7.9247523072 
 9.2178192449 8.2991046048 7.3646954743 
 8.5195104123 7.6445658070 6.7628756853 
 7.7754782391 6.9539753604 6.1335297429 
 7.0034480896 6.2440326368 5.4919760272 
 6.2227000307 5.5322108689 4.8537015108 
 5.4526725571 4.8355618201 4.2333764492 
 4.7114998965 4.1695414958 3.6439437955 
 4.0147281157 3.5470398093 3.0959124864 
 3.3744039894 2.9777443659 2.5969360827 
 2.7986335862 2.4678894409 2.1516974795 
 2.2916008928 2.0203629317 1.7620655790 
 1.8539545156 1.6350888680 1.4274545924 
 1.4834307215 1.3095805227 1.1453051714 
 1.1755827037 1.0395655368 0.9116142397 
 0.9245144114 0.8196077009 0.7214578969 
 0.7235540580 0.6436767421 0.5694700638 
 0.5658332981 0.5056385948 0.4502535511 
 0.4447573934 0.3996519112 0.3587098180 
 0.3543620066 0.3204651090 0.2902816231 
 0.2895596450 0.2636162788 0.2411112925 
 0.2462871247 0.2255471978 0.2081260209 
 0.2215738715 0.2036504549 0.1890680743 
 0.2135558370 0.1962723077 0.1824899250 
 0.2214587267 0.2026920344 0.1877319109 
 0.2455673850 0.2230921766 0.2048942916 
 0.2871878799 0.2585252954 0.2348083270 
 0.3485979622 0.3108738489 0.2790037731 
 0.4329727559 0.3827923249 0.3396640983 
 0.5442678511 0.4776163290 0.4195567766 
 0.6870425997 0.5992230252 0.5219250728 
 0.8662119325 0.7518313419 0.6503303097 
 1.0867232826 0.9397375129 0.8084392470 
 1.3531636297 1.1669897161 0.9997585335 
 1.6693093158 1.4370131436 1.2273255199 
 2.0376397096 1.7522038587 1.4933711802 
 2.4588474589 2.1135177035 1.7989768481 
 2.9313932303 2.5200902231 2.1437526844 
 3.4511676011 2.9689334932 2.5255719668 
 4.0113297127 3.4547615217 2.9403992703 
 4.6023834982 3.9699920473 3.3822489756 
 5.2125235409 4.5049552589 3.8433003652 
 5.8282368232 5.0483097548 4.3141762773 
 6.4350946708 5.5876289498 4.7843668796 
 7.0186267958 6.1100872189 5.2427547001 
 7.5651508666 6.6031549839 5.6781788819 
 8.0624431562 7.0552124376 6.0799713991 
 8.5001745698 7.4560127046 6.4384074187 
 8.8700891822 7.7969603575 6.7450332953 
 9.1659539158 8.0712100627 6.9928626265 
 9.3833458825 8.2736228088 7.1764562139 
 9.5193623856 8.4006371754 7.2919198919 
 9.5723381872 8.4501184281 7.3368619729 
 9.5416398420 8.4212404614 7.3103493475 
 9.4275831162 8.3144382905 7.2128899752 
 9.2314912556 8.1314458229 7.0464526590 
 8.9558822087 7.8754086674 6.8145160774 
 8.6047442071 7.5510381355 6.5221215818 
 8.1838341715 7.1647539059 6.1758917685 
 7.7009164037 6.7247529427 5.7839724352 
 7.1658552408 6.2409448403 5.3558614442 
 6.5904896374 5.7247109425 4.9021044996 
 5.9882515975 5.1884751454 4.4338624328 
 5.3735396971 4.6451126704 3.9623819519 
 4.7609126333 4.1072598965 3.4984248549 
 4.1642107083 3.5866130606 3.0517228543 
 3.5957317624 3.0933086413 2.6305227614 
 3.0655761506 2.6354620681 2.2412706993 
 2.5812372809 2.2189095366 1.8884593109 
 2.1474630720 1.8471602804 1.5746357852 
 1.7663653542 1.5215341939 1.3005474838 
 1.4377210318 1.2414392646 1.0653896851 
 1.1593954934 1.0047365345 0.8671165851 
 0.9278224932 0.8081442430 0.7027796354 
 0.7384881654 0.6476420754 0.5688631244 
 0.5863822093 0.5188463408 0.4615931924 
 0.4663918139 0.4173352338 0.3772025543 
 0.3736229373 0.3389105324 0.3121396754 
 0.3036412207 0.2797895295 0.2632184052 
 0.2526329993 0.2367290766 0.2277114463 
 0.2174953006 0.2070910591 0.2033969870 
 0.1958703068 0.1888635598 0.1885710656 
 0.1861425440 0.1806533229 0.1820384567 
 0.1874156368 0.1816631916 0.1830927226 
 0.1994808820 0.1916641346 0.1914926459 
 0.2227837886 0.2109665845 0.2074384742 
 0.2583884810 0.2403910266 0.2315478770 
 0.3079344777 0.2812336845 0.2648285289 
 0.3735765544 0.3352201385 0.3086419931 
 0.4578968465 0.4044382089 0.3646522974 
 0.5637795218 0.4912418365 0.4347525701 
 0.6942422398 0.5981202172 0.5209645856 
 0.8522244500 0.7275308105 0.6253090644 
 1.0403390504 0.8817002593 0.7496487184 
 1.2605998284 1.0624026456 0.8955105964 
 1.5141419939 1.2707290561 1.0638984537 
 1.8009572090 1.5068658439 1.2551090522 
 2.1196679870 1.7699012749 1.4685682424 
 2.4673684542 2.0576813006 1.7027032978 
 2.8395575858 2.3667343441 1.9548671051 
 3.2301852999 2.6922812532 2.2213270983 
 3.6318204239 3.0283393499 2.4973269784 
 4.0359336721 3.3679191470 2.7772223920 
 4.4332715885 3.7033004811 3.0546836899 
 4.8142832770 4.0263641131 3.3229510900 
 5.1695546712 4.3289479963 3.5751217432 
 5.4902071998 4.6031962280 3.8044456799 
 5.7682283751 4.8418734486 4.0046089375 
 5.9967180119 5.0386266924 4.1699867835 
 6.1700510596 5.1881878157 4.2958564588 
 6.2839721538 5.2865197145 4.3785654513 
 6.3356449904 5.3309162142 4.4156563116 
 6.3236803489 5.3200675131 4.4059513936 
 6.2481606236 5.2541004251 4.3496004464 
 6.1106679228 5.1345965495 4.2480913497 
 5.9143098394 4.9645838553 4.1042207411 
 5.6637249057 4.7484903381 3.9220184122 
 5.3650415531 4.4920446253 3.7066186032 
 5.0257626504 4.2021093547 3.4640736592 
 4.6545538702 3.8864394436 3.2011110459 
 4.2609279301 3.5533682053 2.9248425679 
 3.8548357314 3.2114374184 2.6424430721 
 3.4461952009 2.8689996758 2.3608227814 
 3.0444039885 2.5338292930 2.0863207643 
 2.6578886907 2.2127794264 1.8244458467 
 2.2937390019 1.9115173515 1.5796856834 
 1.9574614373 1.6343586323 1.3553960844 
 1.6528680741 1.3842071490 1.1537730190 
 1.3820962995 1.1625949098 0.9759009389 
 1.1457402609 0.9698057074 0.8218644403 
 0.9430658064 0.8050609468 0.6909062448 
 0.7722779798 0.6667439717 0.5816127605 
 0.6308117089 0.5526398479 0.4921086871 
 0.5156200502 0.4601698610 0.4202439568 
 0.4234389345 0.3866035832 0.3637596803 
 0.3510126476 0.3292362307 0.3204243934 
 0.2952705192 0.2855249109 0.2881371340 
 0.2534522538 0.2531834349 0.2649986988 
 0.2231859103 0.2302404538 0.2493559461 
 0.2025273750 0.2150688553 0.2398257607 
 0.1899724419 0.2063953571 0.2353054088 
 0.1844523787 0.2032984445 0.2349749614 
 0.1853218575 0.2052009403 0.2382958498 
 0.1923452505 0.2118612197 0.2450078976 
 0.2056842387 0.2233648637 0.2551256240 
 0.2258868251 0.2401165691 0.2689333380 
 0.2538753238 0.2628304545 0.2869775230 
 0.2909287764 0.2925155103 0.3100542128 
 0.3386536486 0.3304518638 0.3391884625 
 0.3989358494 0.3781529068 0.3756026556 
 0.4738674535 0.4373083900 0.4206703950 
 0.5656432930 0.5097045775 0.4758532588 
 0.6764258543 0.5971196326 0.5426189267 
 0.8081812695 0.7011954763 0.6223411468 
 0.9624938973 0.8232910200 0.7161845804 
 1.1403712431 0.9643253260 0.8249803874 
 1.3420542172 1.1246222594 0.9491010126 
 1.5668497355 1.3037701281 1.0883445223 
 1.8130032825 1.5005104207 1.2418396728 
 2.0776280069 1.7126689277 1.4079824817 
 2.3567037400 1.9371401708 1.5844133993 
 2.6451537224 2.1699321188 1.7680413190 
 2.9369990295 2.4062728344 1.9551168406 
 3.2255817770 2.6407745251 2.1413527809 
 3.5038398751 2.8676444411 2.3220854869 
 3.7646102983 3.0809273005 2.4924667117 
 4.0009359187 3.2747613907 2.6476732792 
 4.2063533132 3.4436306388 2.7831208621 
 4.3751447728 3.5825975092 2.8946689163 
 4.5025453100 3.6875057182 2.9788057767 
 4.5849027249 3.7551462402 3.0328054912 
 4.6197939556 3.7833837801 3.0548504764 
 4.6061029930 3.7712430248 3.0441160298 
 4.5440644936 3.7189543949 3.0008139397 
 4.4352737031 3.6279581036 2.9261930783 
 4.2826588678 3.5008639788 2.8224953844 
 4.0904087060 3.3413637741 2.6928666025 
 3.8638463423 3.1540935179 2.5412229839 
 3.6092434177 2.9444463345 2.3720780358 
 3.3335740183 2.7183409693 2.1903370823 
 3.0442166645 2.4819571444 2.0010712592 
 2.7486219761 2.2414545277 1.8092857394 
 2.4539713849 2.0026960417 1.6196986578 
 2.1668562394 1.7709973218 1.4365468275 
 1.8930056158 1.5509219052 1.2634318294 
 1.6370852693 1.3461366025 1.1032158373 
 1.4025808937 1.1593345693 0.9579713476 
 1.1917684139 0.9922262489 0.8289836562 
 1.0057645720 0.8455918232 0.7168001836 
 0.8446440208 0.7193838329 0.6213170442 
 0.7076049377 0.6128654704 0.5418908864 
 0.5931635088 0.5247686580 0.4774631505 
 0.4993579388 0.4534563329 0.4266845936 
 0.4239445688 0.3970753039 0.3880301294 
 0.3645721085 0.3536894518 0.3598973252 
 0.3189247164 0.3213874023 0.3406856074 
 0.2848300601 0.2983632725 0.3288565654 
 0.2603335749 0.2829727910 0.3229780889 
 0.2437439191 0.2737694146 0.3217561892 
 0.2336565784 0.2695258774 0.3240583514 
 0.2289627669 0.2692462049 0.3289314969 
 0.2288497011 0.2721720699 0.3356165094 
 0.2327966005 0.2777859484 0.3435601276 
 0.2405689107 0.2858121637 0.3524240497 
 0.2522115455 0.2962157877 0.3620904173 
 0.2680405378 0.3091985282 0.3726624695 
 0.2886313859 0.3251901618 0.3844590174 
 0.3148015561 0.3448337214 0.3980014441 
 0.3475840664 0.3689624802 0.4139921108 
 0.3881888938 0.3985667944 0.4332833114 
 0.4379492322 0.4347491183 0.4568362587 
 0.4982505243 0.4786660686 0.4856700266 
 0.5704417780 0.5314573593 0.5208009537 
 0.6557308871 0.5941628001 0.5631737867 
 0.7550682774 0.6676302540 0.6135868163 
 0.8690257770 0.7524193148 0.6726143869 
 0.9976797146 0.8487071693 0.7405313012 
 1.1405085053 0.9562043304 0.8172445981 
 1.2963151422 1.0740883820 0.9022387052 
 1.4631840221 1.2009634033 0.9945398756 
 1.6384794125 1.3348513357 1.0927050138 
 1.8188897768 1.4732193325 1.1948384998 
 2.0005183664 1.6130443246 1.2986385966 
 2.1790163973 1.7509129549 1.4014726900 
 2.3497512927 1.8831520357 1.5004782471 
 2.5079994864 2.0059821544 1.5926842442 
 2.6491515697 2.1156852670 1.6751461518 
 2.7689173037 2.2087762642 1.7450864889 
 2.8635190329 2.2821685251 1.8000325462 
 2.9298638747 2.3333242306 1.8379430554 
 2.9656871488 2.3603814028 1.8573162562 
 2.9696613457 2.3622510071 1.8572728480 
 2.9414662446 2.3386788415 1.8376086201 
 2.8818166169 2.2902683162 1.7988130902 
 2.7924446330 2.2184617304 1.7420522559 
 2.6760351095 2.1254794688 1.6691155931 
 2.5361135544 2.0142188124 1.5823297095 
 2.3768898302 1.8881167981 1.4844434605 
 2.2030640159 1.7509845485 1.3784916487 
 2.0196051810 1.6068233271 1.2676463590 
 1.8315174649 1.4596347216 1.1550661987 
 1.6436101964 1.3132383367 1.0437539662 
 1.4602891233 1.1711098817 0.9364324346 
 1.2853839246 1.0362505453 0.8354460667 
 1.1220233216 0.9110953292 0.7426937948 
 0.9725639930 0.7974640471 0.6595948309 
 0.8385740009 0.6965545190 0.5870862197 
 0.7208663248 0.6089736286 0.5256478953 
 0.6195739537 0.5347987715 0.4753487436 
 0.5342550941 0.4736601440 0.4359059243 
 0.4640156101 0.4248335547 0.4067496612 
 0.4076359122 0.3873340877 0.3870868548 
 0.3636911687 0.3600028773 0.3759589116 
 0.3306566554 0.3415820448 0.3722916209 
 0.3069937386 0.3307758649 0.3749371637 
 0.2912156099 0.3262988254 0.3827099502 
 0.2819347617 0.3269129569 0.3944187215 
 0.2778958833 0.3314575059 0.4088972555 
 0.2779983356 0.3388738181 0.4250352945 
 0.2813118959 0.3482275116 0.4418102663 
 0.2870884512 0.3587289615 0.4583192854 
 0.2947711138 0.3697520917 0.4738100032 
 0.3040011332 0.3808506395 0.4877082723 
 0.3146221042 0.3917705315 0.4996403313 
 0.3266803899 0.4024567815 0.5094473114 
 0.3404203711 0.4130533762 0.5171902430 
 0.3562730478 0.4238948757 0.5231443315 
 0.3748366247 0.4354888661 0.5277819867 
 0.3968479564 0.4484888891 0.5317448362 
 0.4231441176 0.4636580013 0.5358056710 
 0.4546138974 0.4818236458 0.5408218920 
 0.4921397291 0.5038250575 0.5476825268 
 0.5365314639 0.5304549684 0.5572512589 
 0.5884544613 0.5623979512 0.5703081613 
 0.6483556146 0.6001683274 0.5874929897 
 0.7163920059 0.6440511289 0.6092529797 
 0.7923676920 0.6940500590 0.6357981193 
 0.8756844590 0.7498466314 0.6670668060 
 0.9653121028 0.8107745466 0.7027045952 
 1.0597828426 0.8758128097 0.7420583379 
 1.1572129156 0.9436000841 0.7841873418 
 1.2553523906 1.0124713638 0.8278922545 
 1.3516620011 1.0805163947 0.8717612248 
 1.4434135822 1.1456575309 0.9142316290 
 1.5278087499 1.2057431028 0.9536644010 
 1.6021089657 1.2586510287 0.9884269067 
 1.6637692125 1.3023964675 1.0169794722 
 1.7105671879 1.3352368340 1.0379601924 
 1.7407201546 1.3557674970 1.0502625550 
 1.7529822782 1.3630019266 1.0531007251 
 1.7467163285 1.3564309099 1.0460580242 
 1.7219349580 1.3360566604 1.0291151769 
 1.6793083693 1.3023991606 1.0026562206 
 1.6201370516 1.2564738459 0.9674515140 
 1.5462903951 1.1997416829 0.9246189318 
 1.4601143169 1.1340346974 0.8755659702 
 1.3643133967 1.0614619052 0.8219169606 
 1.2618151815 0.9843021897 0.7654307397 
 1.1556259646 0.9048917427 0.7079148015 
 1.0486881930 0.8255140743 0.6511420611 
 0.9437495027 0.7483001955 0.5967758377 
 0.8432521901 0.6751454060 0.5463075569 
 0.7492497987 0.6076472783 0.5010100871 
 0.6633547120 0.5470671377 0.4619077605 
 0.5867175361 0.4943148819 0.4297622388 
 0.5200359989 0.4499546705 0.4050717639 
 0.4635884864 0.4142272009 0.3880802519 
 0.4172854940 0.3870832274 0.3787923544 
 0.3807314694 0.3682228588 0.3769910627 
 0.3532898526 0.3571359562 0.3822555411 
 0.3341454678 0.3531404158 0.3939783485 
 0.3223604412 0.3554168876 0.4113826501 
 0.3169220249 0.3630401033 0.4335410939 
 0.3167826095 0.3750081398 0.4593984873 
 0.3208934665 0.3902714214 0.4878002062 
 0.3282342672 0.4077631002 0.5175274988 
 0.3378402397 0.4264317789 0.5473397197 
 0.3488281845 0.4452765978 0.5760222817 
 0.3604217049 0.4633837157 0.6024379715 
 0.3719751562 0.4799623759 0.6255784185 
 0.3829951380 0.4943781839 0.6446120331 
 0.3931579298 0.5061809995 0.6589246923 
 0.4023211415 0.5151249684 0.6681498286 
 0.4105279871 0.5211786481 0.6721853030 
 0.4180029433 0.5245238427 0.6711954335 
 0.4251380625 0.5255425739 0.6655976804 
 0.4324697909 0.5247924726 0.6560346501 
 0.4406467432 0.5229717026 0.6433331623 
 0.4503894532 0.5208752399 0.6284530281 
 0.4624436218 0.5193448834 0.6124288584 
 0.4775288223 0.5192157368 0.5963085975 
 0.4962849967 0.5212620722 0.5810925642 
 0.5192193976 0.5261454928 0.5676765837 
 0.5466569048 0.5343681893 0.5568023678 
 0.5786968432 0.5462338692 0.5490177087 
 0.6151794966 0.5618186521 0.5446483730 
 0.6556653718 0.5809538788 0.5437828944 
 0.6994298451 0.6032223351 0.5462707955 
 0.7454750738 0.6279688222 0.5517341568 
 0.7925599906 0.6543252846 0.5595918655 
 0.8392478972 0.6812498425 0.5690953037 
 0.8839697633 0.7075781154 0.5793736682 
 0.9250999724 0.7320842648 0.5894865555 
 0.9610400946 0.7535483223 0.5984809515 
 0.9903054275 0.7708257191 0.6054493840 
 1.0116086227 0.7829145770 0.6095858073 
 1.0239347386 0.7890163101 0.6102358263 
 1.0266025314 0.7885854369 0.6069381703 
 1.0193076737 0.7813652028 0.5994548888 
 1.0021448125 0.7674065952 0.5877885247 
 0.9756068622 0.7470695488 0.5721854668 
 0.9405615628 0.7210064632 0.5531257140 
 0.8982070135 0.6901294932 0.5313002950 
 0.8500094629 0.6555642955 0.5075784780 
 0.7976279692 0.6185938952 0.4829675766 
 0.7428314857 0.5805969742 0.4585685186 
 0.6874143683 0.5429850781 0.4355303418 
 0.6331161634 0.5071429721 0.4150063883 
 0.5815508188 0.4743756386 0.3981142342 
 0.5341492086 0.4458642956 0.3859003935 
 0.4921172370 0.4226324572 0.3793097492 
 0.4564099654 0.4055216673 0.3791586924 
 0.4277204633 0.3951753541 0.3861103199 
 0.4064806869 0.3920285084 0.4006499590 
 0.3928708829 0.3963007704 0.4230598285 
 0.3868339489 0.4079910446 0.4533927726 
 0.3880918396 0.4268728462 0.4914464570 
 0.3961623140 0.4524909374 0.5367408738 
 0.4103757408 0.4841610861 0.5885030555 
 0.4298929487 0.5209756307 0.6456632842 
 0.4537259287 0.5618177571 0.7068666552 
 0.4807633823 0.6053869114 0.7705026841 
 0.5098026864 0.6502367057 0.8347539256 
 0.5395889352 0.6948252243 0.8976625683 
 0.5688605490 0.7375760611 0.9572119784 
 0.5963997395 0.7769469595 1.0114184359 
 0.6210850951 0.8115017817 1.0584270414 
 0.6419428404 0.8399808399 1.0966051044 
 0.6581930208 0.8613644387 1.1246263008 
 0.6692869805 0.8749248151 1.1415394889 
 0.6749330193 0.8802624607 1.1468172045 
 0.6751079475 0.8773239720 1.1403803795 
 0.6700533259 0.8663999805 1.1225975982 
 0.6602563523 0.8481032231 1.0942590518 
 0.6464165336 0.8233282987 1.0565271484 
 0.6294003460 0.7931959947 1.0108673527 
 0.6101869512 0.7589861479 0.9589641571 
 0.5898086276 0.7220637582 0.9026280447 
 0.5692898543 0.6838034274 0.8436998057 
 0.5495889392 0.6455171374 0.7839585759 
 0.5315457386 0.6083899185 0.7250394663 
 0.5158384254 0.5734271398 0.6683656752 
 0.5029515103 0.5414160790 0.6150986243 
 0.4931564938 0.5129032152 0.5661080604 
 0.4865057124 0.4881874716 0.5219623976 
 0.4828391952 0.4673285458 0.4829380201 
 0.4818037013 0.4501685904 0.4490449896 
 0.4828825589 0.4363649002 0.4200657216 
 0.4854344588 0.4254309073 0.3956027591 
 0.4887389631 0.4167826526 0.3751317516 
 0.4920461641 0.4097879296 0.3580560605 
 0.4946277159 0.4038154418 0.3437599416 
 0.4958263699 0.3982815463 0.3316578916 
 0.4951012434 0.3926924716 0.3212384083 
 0.4920663297 0.3866802953 0.3121010521 
 0.4865202464 0.3800314450 0.3039862830 
 0.4784658671 0.3727070364 0.2967980841 
 0.4681192574 0.3648549486 0.2906198355 
 0.4559081487 0.3568141068 0.2857242673 
 0.4424609626 0.3491119370 0.2825785387 
 0.4285880347 0.3424562860 0.2818455058 
 0.4152570941 0.3377232002 0.2843820010 
 0.4035651577 0.3359417498 0.2912343842 
 0.3947087326 0.3382765417 0.3036307418 
 0.3899535943 0.3460077080 0.3229679514 
 0.3906044620 0.3605070756 0.3507905764 
 0.3979737748 0.3832081322 0.3887575050 
 0.4133477126 0.4155666018 0.4385918183 
 0.4379469018 0.4590083010 0.5020099827 
 0.4728792144 0.5148617732 0.5806283750 
 0.5190829485 0.5842751245 0.6758482820 
 0.5772604702 0.6681193131 0.7887243757 
 0.6478048574 0.7668833681 0.9198254800 
 0.7307246949 0.8805699279 1.0690994295 
 0.8255743270 1.0086014709 1.2357554841 
 0.9313980553 1.1497482616 1.4181778980 
 1.0466967243 1.3020882720 1.6138828727 
 1.1694238611 1.4630072733 1.8195283087 
 1.2970162356 1.6292441457 2.0309815944 
 1.4264607004 1.7969825209 2.2434454030 
 1.5543957992 1.9619855361 2.4516356610 
 1.6772433053 2.1197662659 2.6500003679 
 1.7913619380 2.2657829077 2.8329637652 
 1.8932133886 2.3956455390 2.9951782550 
 1.9795296903 2.5053205694 3.1317667649 
 2.0474709755 2.5913198345 3.2385406751 
 2.0947636548 2.6508632986 3.3121821916 
 2.1198107624 2.6820069995 3.3503841509 
 2.1217683151 2.6837306164 3.3519437577 
 2.1005837492 2.6559814666 3.3168091307 
 2.0569946480 2.5996736766 3.2460786918 
 1.9924880132 2.5166428421 3.1419537962 
 1.9092223111 2.4095579753 3.0076452414 
 1.8099165038 2.2817942447 2.8472351470 
 1.6977122589 2.1372721176 2.6654976544 
 1.5760174222 1.9802709709 2.4676850051 
 1.4483403975 1.8152276950 2.2592893915 
 1.3181260337 1.6465327873 2.0457946777 
 1.1886037019 1.4783373713 1.8324346638 
 1.0626573177 1.3143840978 1.6239751862 
 0.9427251473 1.1578729095 1.4245356265 
 0.8307345538 1.0113694072 1.2374615525 
 0.7280737118 0.8767595490 1.0652549576 
 0.6355991412 0.7552502285 0.9095628694 
 0.5536750409 0.6474114561 0.7712198686 
 0.4822381409 0.5532528004 0.6503359195 
 0.4208803603 0.4723246680 0.5464181199 
 0.3689410815 0.4038340474 0.4585135646 
 0.3256013491 0.3467645702 0.3853604513 
 0.2899736339 0.2999921073 0.3255358102 
 0.2611827101 0.2623894031 0.2775907115 
 0.2384353241 0.2329160686 0.2401672074 
 0.2210783368 0.2106931151 0.2120950382 
 0.2086466410 0.1950636409 0.1924696026 
 0.2009032493 0.1856429757 0.1807152844 
 0.1978744686 0.1823623972 0.1766395754 
 0.1998830467 0.1855104567 0.1804834563 
 0.2075815765 0.1957750081 0.1929722150 
 0.2219872560 0.2142872421 0.2153683732 
 0.2445172377 0.2426663484 0.2495247111 
 0.2770212505 0.2830599242 0.2979307378 
 0.3218050607 0.3381712165 0.3637409078 
 0.3816351289 0.4112604831 0.4507685690 
 0.4597123541 0.5061053747 0.5634276297 
 0.5596021980 0.6269056166 0.7066056148 
 0.6851106583 0.7781210932 0.8854573407 
 0.8401006243 0.9642391616 1.1051164326 
 1.0282501475 1.1894749918 1.3703302117 
 1.2527615629 1.4574163971 1.6850311837 
 1.5160371649 1.7706317980 2.0518667570 
 1.8193433020 2.1302678035 2.4717201131 
 2.1624909212 2.5356722731 2.9432697153 
 2.5435666029 2.9840883259 3.4626492622 
 2.9587521336 3.4704706310 4.0232769961 
 3.4022694983 3.9874721653 4.6159154772 
 3.8664788799 4.5256335709 5.2289958161 
 4.3421390004 5.0737783851 5.8491962739 
 4.8188144343 5.6195811523 6.4622141708 
 5.2853890776 6.1502413531 7.0536272881 
 5.7306258595 6.6531746774 7.6097206823 
 6.1437059248 7.1166315294 8.1181642592 
 6.5146881441 7.5301715280 8.5684625708 
 6.8348497092 7.8849563105 8.9521494454 
 7.0968949792 8.1738613835 9.2627513203 
 7.2950456376 8.3914412193 9.4955821399 
 7.4250446226 8.5338034634 9.6474531483 
 7.4841157936 8.5984554908 9.7163828014 
 7.4709202445 8.5841807312 9.7013793316 
 7.3855400969 8.4909863289 9.6023463688 
 7.2295042472 8.3201414454 9.4201347384 
 7.0058511629 8.0743003037 9.1567340237 
 6.7192049372 7.7576791159 8.8155677789 
 6.3758260106 7.3762348731 8.4018290106 
 5.9835908182 6.9377807210 7.9227718352 
 5.5518579630 6.4519716161 7.3878668545 
 5.0911934710 5.9301083127 6.8087377008 
 4.6129525313 5.3847374562 6.1988276161 
 4.1287448349 4.8290658991 5.5727950279 
 3.6498376979 4.2762488247 4.9456954946 
 3.1865678736 3.7386421729 4.3320580364 
 2.7478342257 3.2271205731 3.7449906817 
 2.3407289667 2.7505491288 3.1954439799 
 1.9703396447 2.3154654574 2.6917246426 
 1.6397252238 1.9259878826 2.2392973145 
 1.3500451699 1.5839285964 1.8408583094 
 1.1008053110 1.2890658125 1.4966257462 
 0.8901793230 1.0395194391 1.2047727501 
 0.7153675098 0.8321780473 0.9619324238 
 0.5729611614 0.6631351107 0.7637175035 
 0.4592879577 0.5281039343 0.6052150955 
 0.3707204352 0.4227902146 0.4814314830 
 0.3039360454 0.3432088367 0.3876722082 
 0.2561247111 0.2859390450 0.3198505823 
 0.2251477170 0.2483204752 0.2747259925 
 0.2096586013 0.2286005501 0.2500819861 
 0.2092003588 0.2260488978 0.2448606167 
 0.2242924641 0.2410545506 0.2592708115 
 0.2565158094 0.2752160407 0.2948830353 
 0.3085944701 0.3314240406 0.3547110374 
 0.3844618922 0.4139231733 0.4432668721 
 0.4892882479 0.5283274901 0.5665620469 
 0.6294386627 0.6815568751 0.7320201907 
 0.8123314435 0.8816617767 0.9482672708 
 1.0461710567 1.1375098011 1.2247715101 
 1.3395385480 1.4583147688 1.5713107956 
 1.7008282847 1.8529932120 1.9972478553 
 2.1375255721 2.3293388435 2.5105996640 
 2.6553331782 2.8930238185 3.1169119928 
 3.2571863166 3.5464781521 3.8180050055 
 3.9422484523 4.2877666752 4.6107397763 
 4.7050441697 5.1096605230 5.4860463337 
 5.5349356272 5.9991545759 6.4285096617 
 6.4161533346 6.9376731553 7.4167827857 
 7.3285240495 7.9021051146 8.4249563037 
 8.2488971435 8.8666229673 9.4247795018 
 9.1530909361 9.8050223755 10.3883746590 
 10.0180262721 10.6931526011 11.2909182771 
 10.8236500730 11.5109686314 12.1127591162 
 11.5543056341 12.2438409370 12.8406064891 
 12.1993560193 12.8829627905 13.4676795978 
 12.7530509758 13.4249140204 13.9929544822 
 13.2137813040 13.8705993259 14.4197999650 
 13.5829486204 14.2238453068 14.7543346641 
 13.8636895877 14.4899233139 15.0037893906 
 14.0596541116 14.6741998373 15.1750696323 
 14.1739766966 14.7810393050 15.2736228359 
 14.2085232213 14.8130209762 15.3026490446 
 14.1634543854 14.7704923796 15.2626580458 
 14.0371237395 14.6514650794 15.1513669353 
 13.8263169131 14.4518563150 14.9639386306 
 13.5268299223 14.1660809683 14.6935719689 
 13.1343678134 13.7879903171 14.3324546785 
 12.6457116420 13.3121262689 13.8730693698 
 12.0600483708 12.7352056934 13.3097905212 
 11.3802906516 12.0576717657 12.6406262674 
 10.6141505239 11.2850652182 11.8688570021 
 9.7747034274 10.4289117924 11.0042379156 
 8.8802191572 9.5068353448 10.0634147051 
 7.9531606008 8.5417197487 9.0692961549 
 7.0184402834 7.5599500749 8.0493425724 
 6.1012207815 6.5890062644 7.0330121491 
 5.2246720384 5.6548678691 6.0488526558 
 4.4081021755 4.7797358058 5.1218259273 
 3.6657578305 3.9804657771 4.2713615875 
 3.0063989781 3.2678904305 3.5103997091 
 2.4335681399 2.6469765462 2.8454067000 
 1.9463543143 2.1176011340 2.2771398584 
 1.5404175829 1.6756708922 1.8018465352 
 1.2090742706 1.3143389468 1.4126049813 
 0.9443098957 1.0251502800 1.1005996917 
 0.7376545284 0.7990304888 0.8562229453 
 0.5809024289 0.6270939475 0.6699707011 
 0.4666812004 0.5012791961 0.5331424369 
 0.3888835999 0.4148294361 0.4383678274 
 0.3429789903 0.3626382956 0.3799843306 
 0.3262265175 0.3414843070 0.3542909910 
 0.3378155153 0.3501807080 0.3597062836 
 0.3789544501 0.3896638875 0.3968552895 
 0.4529158305 0.4630306360 0.4685992364 
 0.5650251353 0.5755148731 0.5800010860 
 0.7225649449 0.7343769454 0.7382026565 
 0.9345575048 0.9486698202 0.9521790929 
 1.2113895434 1.2288462930 1.2323355114 
 1.5642450407 1.5861722958 1.5899110219 
 2.0043088469 2.0319076724 2.0361512170 
 2.5417026336 2.5762141054 2.5812083027 
 3.1841343086 3.2267707439 3.2327489738 
 3.9353046480 3.9871438377 3.9943163066 
 4.7932278421 4.8550742293 4.8636102117 
 5.7487648930 5.8209933004 5.8309985666 
 6.7847855122 6.8671964115 6.8786900777 
 7.8763873308 7.9681120301 7.9810087502 
 8.9924449166 9.0919375309 9.1060411810 
 10.0984341661 10.2035708663 10.2185838588 
 11.1600787126 11.2683566880 11.2839050252 
 12.1470654073 12.2558648728 12.2715344619 
 13.0360259329 13.1428812093 13.1582577965 
 13.8122113662 13.9150387397 13.9297434081 
 14.4696839955 14.5669321260 14.5806465227 
 15.0102366276 15.1009499605 15.1134289569 
 15.4414853783 15.5252919814 15.5363647633 
 15.7746292669 15.8516760137 15.8612386467 
 16.0222769356 16.0931367938 16.1011399394 
 16.1965886730 16.2621602313 16.2685952965 
 16.3078383315 16.3692504547 16.3741365791 
 16.3634000000 16.4219274536 16.4253008157 
 16.3671152515 16.4241056814 16.4260118648 
 16.3189892025 16.3757983288 16.3762879906 
 16.2151830728 16.2731131969 16.2722409788 
 16.0483033445 16.1085400299 16.1063664606 
 15.8080202962 15.8715632661 15.8681592214 
 15.4820688760 15.5496558605 15.5451088952 
 15.0576784038 15.1297049585 15.1241264606 
 14.5234296917 14.5998736822 14.5934053453 
 13.8714390129 13.9518045192 13.9446222132 
 13.0996238737 13.1829236074 13.1752365824 
 12.2136503111 12.2984452287 12.2904890105 
 11.2280631922 11.3125700921 11.3045926132 
 10.1661425355 10.2484047533 10.2406470931 
 9.0582614087 9.1363582866 9.1290333050 
 7.9389092227 8.0111647278 8.0044380075 
 6.8429500678 6.9080977625 6.9020749368 
 5.8019264279 5.8591997960 5.8539225114 
 4.8411766103 4.8903156427 4.8857658594 
 3.9782358073 4.0194229888 4.0155331418 
 3.2225864920 3.2563391988 3.2530047118 
 2.5764889617 2.6035376632 2.6006284894 
 2.0364600871 2.0576351980 2.0550040032 
 1.5949787261 1.6111186421 1.6086043013 
 1.2421136091 1.2539969478 1.2514227564 
 0.9669142113 0.9752129442 0.9723791867 
 0.7585205971 0.7637679454 0.7604383028 
 0.6070122268 0.6095789624 0.6054598955 
 0.5040350345 0.5041088504 0.4988208275 
 0.4432427136 0.4408065618 0.4338460184 
 0.4205820211 0.4153884214 0.4060798352 
 0.4344493248 0.4259889363 0.4134275139 
 0.4857411633 0.4732057838 0.4561930795 
 0.5778098247 0.5600524190 0.5370295484 
 0.7163184302 0.6918152184 0.6608006510 
 0.9089765865 0.8757980466 0.8343386534 
 1.1651317739 1.1209307467 1.0660759295 
 1.4951895794 1.4372165543 1.3655270422 
 1.9098314025 1.8349905016 1.7425970237 
 2.4189940428 2.3239574515 2.2066893829 
 3.0305879015 2.9119882577 2.7655949117 
 3.7489806708 3.6036954174 3.4241773093 
 4.5733716155 4.3988963709 4.1829453800 
 5.4963132008 5.2911920523 5.0367065363 
 6.5027557962 6.2670006005 5.9735997551 
 7.5700269282 7.3054283889 6.9748538586 
 8.6690425337 8.3792707254 8.0155528670 
 9.7667683048 9.4571925511 9.0664902644 
 10.8295779696 10.5068028953 10.0968994160 
 11.8268426767 11.4980361316 11.0775655273 
 12.7339826185 12.4061288431 11.9836817694 
 13.5343745446 13.2135979830 12.7968795854 
 14.2198586794 13.9109289469 13.5061102615 
 14.7899655676 14.4960326947 14.1073692687 
 15.2502440166 14.9727928240 14.6025118889 
 15.6101574381 15.3491302693 14.9975356665 
 15.8809563181 15.6349797208 15.3007013707 
 16.0738011407 15.8404587728 15.5207765581 
 16.1982710385 15.9743823292 15.6655721981 
 16.2612894395 16.0431728606 15.7408453658 
 16.2664413872 16.0501574599 15.7495789085 
 16.2136423075 15.9952225992 15.6916231462 
 16.0991315695 15.8748055810 15.5636859464 
 15.9157917996 15.6822240062 15.3596729271 
 15.6538226989 15.4083671249 15.0713951841 
 15.3018121270 15.0427815679 14.6896637214 
 14.8482326912 14.5751643369 14.2057641834 
 14.2833353038 13.9972159153 13.6132425721 
 13.6013057315 13.3047024158 12.9098323750 
 12.8024079574 12.4994429849 12.0992346391 
 11.8947001330 11.5908196311 11.1923679982 
 10.8948447059 10.5963673222 10.2076957641 
 9.8276184782 9.5411068648 9.1703629127 
 8.7239922177 8.4555493358 8.1101391528 
 7.6180351053 7.3726624949 7.0584920100 
 6.5432599905 6.3244060354 6.0453758767 
 5.5291955023 5.3385685428 5.0963995815 
 4.5988682981 4.4365148660 4.2308911347 
 3.7675593004 3.6321434135 3.4610862975 
 3.0428168536 2.9320044011 2.7923596771 
 2.4254225505 2.3362784312 2.2242067657 
 1.9108880077 1.8402206576 1.7516167665 
 1.4910971691 1.4357186113 1.3665246150 
 1.1558303748 1.1127272923 1.0591376829 
 0.8940411070 0.8604683006 0.8190417737 
 0.6948569733 0.6683695881 0.6360681032 
 0.5483283325 0.5267673757 0.5009401555 
 0.4459616176 0.4274031521 0.4057284049 
 0.3810717269 0.3637469319 0.3441404470 
 0.3489858580 0.3311778484 0.3116761016 
 0.3471329614 0.3270562655 0.3056813658 
 0.3750516984 0.3507209177 0.3253348314 
 0.4343394707 0.4034347817 0.3715908218 
 0.5285473829 0.4882862309 0.4470870924 
 0.6630084068 0.6100345400 0.5560079155 
 0.8445758463 0.7748780668 0.7038822732 
 1.0812483348 0.9901220425 0.8972947558 
 1.3816616296 1.2637276772 1.1434916780 
 1.7544308896 1.6037297082 1.4498718638 
 2.2073308717 2.0175142166 1.8233575832 
 2.7463152979 2.5109588944 2.2696494444 
 3.3744126801 3.0874642039 2.7923876070 
 4.0905980533 3.7469513446 3.3922763078 
 4.8888162974 4.4849644790 4.0662762314 
 5.7573937259 5.2920687328 4.8070148212 
 6.6790813222 6.1537511487 5.6025847721 
 7.6318936293 7.0509812961 6.4368725381 
 8.5907401219 7.9614643761 7.2904717884 
 9.5296339603 8.8614491420 8.1421058418 
 10.4240847364 9.7277934897 8.9703480650 
 11.2532141055 10.5399066179 9.7553406953 
 12.0012077795 11.2812151829 10.4802071567 
 12.6579015474 11.9399300337 11.1319333793 
 13.2185158150 12.5090666354 11.7016274894 
 13.6827250999 12.9858316404 12.1842052748 
 14.0533337927 13.3705858516 12.5776495080 
 14.3348289549 13.6656196076 12.8820363265 
 14.5320252774 13.8739475631 13.0985169854 
 14.6489432408 13.9982743621 13.2284076087 
 14.6879963051 14.0402258129 13.2724938069 
 14.6495194602 13.9998963217 13.2306156166 
 14.5316501088 13.8757359598 13.1015667699 
 14.3305657093 13.6647850197 12.8833190068 
 14.0410797363 13.3632512774 12.5735606674 
 13.6575862060 12.9674052224 12.1705115916 
 13.1753125577 12.4747329606 11.6739380039 
 12.5917852429 11.8852326262 11.0862418986 
 11.9083358614 11.2026750033 10.4134486013 
 11.1313967196 10.4355922750 9.6658823935 
 10.2732872827 9.5977404461 8.8583274025 
 9.3522175824 8.7078309198 8.0095381406 
 8.3913574352 7.7884565692 7.1410904610 
 7.4170289050 6.8643241670 6.2757201602 
 6.4563124299 5.9600890757 5.4354310411 
 5.5345241765 5.0981977375 4.6397145551 
 4.6730506843 4.2971319409 3.9041842403 
 3.8879047753 3.5703220204 3.2398071463 
 3.1891505626 2.9258095083 2.6527609462 
 2.5811257595 2.3665662354 2.1448147546 
 2.0632412632 1.8912698114 1.7140591157 
 1.6310894810 1.4953096011 1.3558013752 
 1.2776270482 1.1718340531 1.0634784310 
 0.9942740810 0.9127156517 0.8294923917 
 0.7718510802 0.7093728158 0.6459228480 
 0.6013312428 0.5534310478 0.5051006610 
 0.4744143930 0.4372264091 0.4000431000 
 0.3839377616 0.3541618033 0.3247570104 
 0.3241419406 0.2989313701 0.2744232526 
 0.2908155015 0.2676352413 0.2454837459 
 0.2813477699 0.2578132756 0.2356585206 
 0.2947203212 0.2684270512 0.2439201624 
 0.3314605004 0.2998122588 0.2704460513 
 0.3935664626 0.3536108735 0.3165572632 
 0.4843980743 0.4326786056 0.3846406793 
 0.6085170185 0.5409526592 0.4780412544 
 0.7714559824 0.6832607856 0.6009070099 
 0.9794006304 0.8650554585 0.7579710015 
 1.2387756820 1.0920643922 0.9542609892 
 1.5557340239 1.3698570184 1.1947360033 
 1.9355551440 1.7033341669 1.4838570250 
 2.3819705884 2.0961569822 1.8251066115 
 2.8964548377 2.5501450275 2.2204818958 
 3.4775505095 3.0646944508 2.6699991351 
 4.1203295898 3.6362912456 3.1712646658 
 4.8161128177 4.2582123910 3.7191810286 
 5.5525608219 4.9205067130 4.3058596314 
 6.3142027675 5.6103184424 4.9207951026 
 7.0833848947 6.3125594548 5.5513193375 
 7.8415234720 7.0108631153 6.1833013155 
 8.5704668270 7.6886854569 6.8020059519 
 9.2537392655 8.3303814923 7.3929884794 
 9.8774685749 8.9220900073 7.9428930072 
 10.4308774857 9.4523074096 8.4400480112 
 10.9063194492 9.9121035202 8.8747995045 
 11.2989287004 10.2950065211 9.2395793820 
 11.6060123012 10.5966410788 9.5287563131 
 11.8263319734 10.8142333462 9.7383491036 
 11.9594131689 10.9460998459 9.8656943852 
 12.0049908860 10.9912213857 9.9091544647 
 11.9626679979 10.9489768412 9.8679325629 
 11.8318292768 10.8190813725 9.7420368365 
 11.6118244212 10.6017424711 9.5324052102 
 11.3024039901 10.2980154613 9.2411723363 
 