11.8222841981 11.8222288928 11.8224174658 
 11.8227185978 11.8226017350 11.8227293946 
 11.8230858570 11.8229061075 11.8229708125 
 11.8233807550 11.8231375097 11.8231379782 
 11.8235996214 11.8232929433 11.8232286110 
 11.8237403271 11.8233709194 11.8232419108 
 11.8238022652 11.8233714559 11.8231785696 
 11.8237863226 11.8232960664 11.8230407768 
 11.8236948470 11.8231477432 11.8228322155 
 11.8235316105 11.8229309341 11.8225580513 
 11.8233017702 11.8226515128 11.8222249114 
 11.8230118271 11.8223167421 11.8218408513 
 11.8226695808 11.8219352295 11.8214153085 
 11.8222840805 11.8215168710 11.8209590393 
 11.8218655685 11.8210727827 11.8204840365 
 11.8214254131 11.8206152152 11.8200034242 
 11.8209760273 11.8201574478 11.8195313276 
 11.8205307663 11.8197136567 11.8190827115 
 11.8201037977 11.8192987509 11.8186731845 
 11.8197099351 11.8189281688 11.8183187602 
 11.8193644260 11.8186176262 11.8180355700 
 11.8190826822 11.8183828064 11.8178395172 
 11.8188799432 11.8182389831 11.8177458627 
 11.8187708631 11.8182005668 11.8177687360 
 11.8187690162 11.8182805727 11.8179205660 
 11.8188863241 11.8184900128 11.8182114401 
 11.8191324209 11.8188372339 11.8186484157 
 11.8195139894 11.8193272427 11.8192348370 
 11.8200341303 11.8199610915 11.8199697429 
 11.8206918495 11.8207354242 11.8208474843 
 11.8214817696 11.8216423026 11.8218576781 
 11.8223941695 11.8226694138 11.8229855954 
 11.8234154134 11.8238007033 11.8242129981 
 11.8245287589 11.8250173802 11.8255193241 
 11.8257154363 11.8262991428 11.8268830272 
 11.8269558281 11.8276254190 11.8282828412 
 11.8282305593 11.8289764296 11.8296987860 
 11.8295213562 11.8303339554 11.8311128274 
 11.8308116095 11.8316817769 11.8325091946 
 11.8320866501 11.8330058292 11.8338744247 
 11.8333337962 11.8342941471 11.8351972227 
 11.8345422430 11.8355366816 11.8364682202 
 11.8357028656 11.8367250545 11.8376796944 
 11.8368079852 11.8378522973 11.8388252894 
 11.8378511353 11.8389126036 11.8398997618 
 11.8388268456 11.8399011099 11.8408987607 
 11.8397304561 11.8408137093 11.8418186451 
 11.8405579614 11.8416469006 11.8426563370 
 11.8413058865 11.8423976678 11.8434092054 
 11.8419711899 11.8430633873 11.8440749782 
 11.8425511913 11.8436417598 11.8446516765 
 11.8430435201 11.8441307609 11.8451375681 
 11.8434460813 11.8445286095 11.8455311370 
 11.8437570374 11.8448337496 11.8458310663 
 11.8439748025 11.8450448455 11.8460362322 
 11.8440980481 11.8451607866 11.8461457088 
 11.8441257201 11.8451807029 11.8461587815 
 11.8440570656 11.8451039891 11.8460749696 
 11.8438916688 11.8449303391 11.8458940572 
 11.8436294986 11.8446597889 11.8456161332 
 11.8432709664 11.8442927702 11.8452416414 
 11.8428169962 11.8438301758 11.8447714400 
 11.8422691092 11.8432734378 11.8442068743 
 11.8416295241 11.8426246204 11.8435498639 
 11.8409012767 11.8418865318 11.8428030053 
 11.8400883615 11.8410628564 11.8419696963 
 11.8391958983 11.8401583114 11.8410542832 
 11.8382303269 11.8391788327 11.8400622365 
 11.8371996313 11.8381317904 11.8390003572 
 11.8361135925 11.8370262371 11.8378770185 
 11.8349840616 11.8358731835 11.8367024390 
 11.8338252393 11.8346858914 11.8354889823 
 11.8326539306 11.8334801597 11.8342514648 
 11.8314897273 11.8322745631 11.8330074364 
 11.8303550492 11.8310905776 11.8317773767 
 11.8292749570 11.8299525082 11.8305847246 
 11.8282766453 11.8288871158 11.8294556341 
 11.8273885476 11.8279228529 11.8284183496 
 11.8266390416 11.8270886641 11.8275021276 
 11.8260548263 11.8264123935 11.8267357102 
 11.8256591306 11.8259189424 11.8261454713 
 11.8254699632 11.8256284008 11.8257534584 
 11.8254986238 11.8255544042 11.8255756051 
 11.8257486649 11.8257029333 11.8256203670 
 11.8262154498 11.8260717194 11.8258879640 
 11.8268864047 11.8266503514 11.8263703293 
 11.8277419895 11.8274211048 11.8270517845 
 11.8287572963 11.8283604171 11.8279103701 
 11.8299040473 11.8294408058 11.8289196575 
 11.8311526680 11.8306329316 11.8300507706 
 11.8324741125 11.8319074858 11.8312743130 
 11.8338412267 11.8332366692 11.8325619492 
 11.8352295819 11.8345951585 11.8338875079 
 11.8366178376 11.8359605928 11.8352276026 
 11.8379877555 11.8373136829 11.8365618534 
 11.8393239951 11.8386380733 11.8378728285 
 11.8406138011 11.8399200670 11.8391458199 
 11.8418466538 11.8411482959 11.8403685405 
 11.8430139299 11.8423133870 11.8415308010 
 11.8441085958 11.8434076538 11.8426242023 
 11.8451249418 11.8444248241 11.8436418582 
 11.8460583575 11.8453598083 11.8445781562 
 11.8469051468 11.8462085058 11.8454285552 
 11.8476623752 11.8469676444 11.8461894167 
 11.8483277461 11.8476346495 11.8468578657 
 11.8488994997 11.8482075365 11.8474316763 
 11.8493763313 11.8486848235 11.8479091787 
 11.8497573252 11.8490654607 11.8482891823 
 11.8500419023 11.8493487732 11.8485709145 
 11.8502297777 11.8495344155 11.8487539714 
 11.8503209291 11.8496223364 11.8488382790 
 11.8503155738 11.8496127531 11.8488240643 
 11.8502141531 11.8495061336 11.8487118357 
 11.8500173261 11.8493031878 11.8485023715 
 11.8497259705 11.8490048667 11.8481967176 
 11.8493411923 11.8486123708 11.8477961945 
 11.8488643451 11.8481271676 11.8473024140 
 11.8482970594 11.8475510209 11.8467173083 
 11.8476412846 11.8468860322 11.8460431720 
 11.8468993459 11.8461346985 11.8452827204 
 11.8460740192 11.8452999881 11.8444391674 
 11.8451686275 11.8443854391 11.8435163273 
 11.8441871647 11.8433952862 11.8425187444 
 11.8431344513 11.8423346196 11.8414518557 
 11.8420163280 11.8412095814 11.8403221910 
 11.8408398900 11.8400276028 11.8391376120 
 11.8396137652 11.8387976822 11.8379075884 
 11.8383484301 11.8375306953 11.8366434987 
 11.8370565456 11.8362397171 11.8353589319 
 11.8357532792 11.8349403152 11.8340699430 
 11.8344565506 11.8336507495 11.8327951931 
 11.8331871104 11.8323919829 11.8315558788 
 11.8319683360 11.8311873940 11.8303753480 
 11.8308256323 11.8300620933 11.8292783254 
 11.8297853708 11.8290418040 11.8282897404 
 11.8288734081 11.8281513809 11.8274332583 
 11.8281133600 11.8274131596 11.8267297269 
 11.8275249113 11.8268454118 11.8261957933 
 11.8271224502 11.8264611606 11.8258429082 
 11.8269142254 11.8262675067 11.8256768211 
 11.8269020720 11.8262654780 11.8256975468 
 11.8270816294 11.8264503079 11.8258996997 
 11.8274429122 11.8268120075 11.8262730682 
 11.8279710984 11.8273361082 11.8268033183 
 11.8286474327 11.8280044857 11.8274727528 
 11.8294501775 11.8287962128 11.8282610843 
 11.8303555714 11.8296884114 11.8291461988 
 11.8313387572 11.8306570801 11.8301048974 
 11.8323746473 11.8316778748 11.8311135998 
 11.8334386885 11.8327268160 11.8321489891 
 11.8345074962 11.8337808934 11.8331885781 
 11.8355593376 11.8348185511 11.8342111753 
 11.8365744608 11.8358200386 11.8351972406 
 11.8375352804 11.8367676346 11.8361291279 
 11.8384264415 11.8376457545 11.8369912212 
 11.8392347926 11.8384409649 11.8377699817 
 11.8399492934 11.8391419288 11.8384539255 
 11.8405608869 11.8397393072 11.8390335532 
 11.8410623544 11.8402256366 11.8395012515 
 11.8414481710 11.8405952010 11.8398511845 
 11.8417143726 11.8408439104 11.8400791872 
 11.8418584404 11.8409691937 11.8401826710 
 11.8418792085 11.8409699131 11.8401605485 
 11.8417767951 11.8408463016 11.8400131797 
 11.8415525590 11.8405999248 11.8397423428 
 11.8412090806 11.8402336679 11.8393512289 
 11.8407501657 11.8397517459 11.8388444596 
 11.8401808725 11.8391597353 11.8382281240 
 11.8395075575 11.8384646245 11.8375098339 
 11.8387379410 11.8376748808 11.8366987894 
 11.8378811861 11.8368005268 11.8358058506 
 11.8369479896 11.8358532222 11.8348436057 
 11.8359506764 11.8348463410 11.8338264258 
 11.8349032889 11.8337950335 11.8327704926 
 11.8338216587 11.8327162565 11.8316937831 
 11.8327234413 11.8316287545 11.8306159935 
 11.8316280910 11.8305529685 11.8295583831 
 11.8305567484 11.8295108486 11.8285435201 
 11.8295320099 11.8285255477 11.8275949133 
 11.8285775505 11.8276209771 11.8267365211 
 11.8277175810 11.8268212153 11.8259921347 
 11.8269761304 11.8261497695 11.8253846406 
 11.8263761654 11.8256287045 11.8249351749 
 11.8259385744 11.8252776647 11.8246621875 
 11.8256810648 11.8251128259 11.8245804456 
 11.8256170377 11.8251458345 11.8247000258 
 11.8257545325 11.8253828193 11.8250253787 
 11.8260953635 11.8258236006 11.8255545963 
 11.8266346037 11.8264612614 11.8262790562 
 11.8273605826 11.8272822532 11.8271836207 
 11.8282555153 11.8282671494 11.8282474970 
 11.8292967617 11.8293920222 11.8294457102 
 11.8304585486 11.8306302419 11.8307509604 
 11.8317138525 11.8319543735 11.8321355199 
 11.8330361137 11.8333378405 11.8335728442 
 11.8344005423 11.8347561374 11.8350386996 
 11.8357849246 11.8361875299 11.8365117732 
 11.8371699718 11.8376133089 11.8379738491 
 11.8385393257 11.8390177239 11.8394096851 
 11.8398793478 11.8403877261 11.8408067195 
 11.8411788014 11.8417126233 11.8421547071 
 11.8424284999 11.8429837166 11.8434453478 
 11.8436209663 11.8441939579 11.8446719435 
 11.8447501278 11.8453376463 11.8458290979 
 11.8458110507 11.8464101701 11.8469124632 
 11.8467997205 11.8474077920 11.8479185307 
 11.8477128582 11.8483274728 11.8488444612 
 11.8485477724 11.8491667295 11.8496879465 
 11.8493022374 11.8499235190 11.8504470991 
 11.8499743957 11.8505961452 11.8511203624 
 11.8505626785 11.8511831836 11.8517064388 
 11.8510657412 11.8516834204 11.8522042316 
 11.8514824123 11.8520958041 11.8526127986 
 11.8518116522 11.8524194069 11.8529313156 
 11.8520525224 11.8526533951 11.8531590481 
 11.8522041621 11.8527970085 11.8532953321 
 11.8522657741 11.8528495465 11.8533395611 
 11.8522366186 11.8528103631 11.8532911816 
 11.8521160141 11.8526788692 11.8531496965 
 11.8519033483 11.8524545434 11.8529146757 
 11.8515980968 11.8521369508 11.8525857754 
 11.8511998520 11.8517257725 11.8521627671 
 11.8507083627 11.8512208434 11.8516455751 
 11.8501235854 11.8506222038 11.8510343269 
 11.8494457499 11.8499301620 11.8503294145 
 11.8486754413 11.8491453748 11.8495315722 
 11.8478137013 11.8482689448 11.8486419718 
 11.8468621532 11.8473025419 11.8476623395 
 11.8458231549 11.8462485505 11.8465950996 
 11.8446999853 11.8451102512 11.8454435498 
 11.8434970704 11.8438920395 11.8442120749 
 11.8422202534 11.8425996902 11.8429064050 
 11.8408771119 11.8412406696 11.8415339222 
 11.8394773210 11.8398244970 11.8401040191 
 11.8380330510 11.8383631466 11.8386285023 
 11.8365593731 11.8368714679 11.8371220229 
 11.8350746240 11.8353675808 11.8356024933 
 11.8336006513 11.8338731702 11.8340914217 
 11.8321628296 11.8324135728 11.8326140571 
 11.8307897260 11.8310175257 11.8311992110 
 11.8295123096 11.8297164527 11.8298786176 
 11.8283626771 11.8285432311 11.8286857475 
 11.8273723806 11.8275304947 11.8276541058 
 11.8265705680 11.8267086713 11.8268151905 
 11.8259822005 11.8261040323 11.8261964022 
 11.8256265727 11.8257370226 11.8258192019 
 11.8255162464 11.8256210233 11.8256977153 
 11.8256563990 11.8257615829 11.8258378509 
 11.8260445352 11.8261560803 11.8262369151 
 11.8266705397 11.8267938012 11.8268837079 
 11.8275171097 11.8276564622 11.8277591319 
 11.8285606427 11.8287192474 11.8288373616 
 11.8297726172 11.8299523672 11.8300875593 
 11.8311213805 11.8313230149 11.8314759747 
 11.8325741185 11.8327974566 11.8329681299 
 11.8340987075 11.8343429309 11.8345307537 
 11.8356651856 11.8359291052 11.8361332171 
 11.8372467109 11.8375289765 11.8377483847 
 11.8388200130 11.8391192532 11.8393529388 
 11.8403654402 11.8406803415 11.8409273162 
 11.8418667381 11.8421960771 11.8424554063 
 11.8433106830 11.8436533307 11.8439241341 
 11.8446866603 11.8450415715 11.8453230145 
 11.8459862477 11.8463524441 11.8466437259 
 11.8472028324 11.8475793863 11.8478797283 
 11.8483312769 11.8487172974 11.8490259348 
 11.8493676346 11.8497622580 11.8500784352 
 11.8503089143 11.8507112987 11.8510342672 
 11.8511528857 11.8515622091 11.8518912293 
 11.8518979217 11.8523133832 11.8526477280 
 11.8525428708 11.8529636942 11.8533026540 
 11.8530869548 11.8535123935 11.8538552825 
 11.8535296882 11.8539590306 11.8543051930 
 11.8538708150 11.8543033902 11.8546522064 
 11.8541102611 11.8545454442 11.8548963361 
 11.8542481009 11.8546853168 11.8550377522 
 11.8542845352 11.8547232619 11.8550767571 
 11.8542198821 11.8546596516 11.8550137724 
 11.8540545774 11.8544949747 11.8548493358 
 11.8537891870 11.8542298471 11.8545841084 
 11.8534244293 11.8538650315 11.8542188929 
 11.8529612097 11.8534014688 11.8537546618 
 11.8524006666 11.8528403209 11.8531925973 
 11.8517442304 11.8521830263 11.8525341434 
 11.8509936981 11.8514313701 11.8517810720 
 11.8501513244 11.8505875703 11.8509355650 
 11.8492199331 11.8496543839 11.8500003161 
 11.8482030534 11.8486352370 11.8489786542 
 11.8471050844 11.8475343821 11.8478746959 
 11.8459314943 11.8463570903 11.8466935303 
 11.8446890597 11.8451098823 11.8454414433 
 11.8433861486 11.8438008045 11.8441261872 
 11.8420330503 11.8424397529 11.8427572989 
 11.8406423467 11.8410388423 11.8413464660 
 11.8392293084 11.8396128071 11.8399079302 
 11.8378122804 11.8381794026 11.8384588996 
 11.8364129902 11.8367597464 11.8370199150 
 11.8350566772 11.8353785015 11.8356150769 
 11.8337719028 11.8340637654 11.8342719996 
 11.8325898893 11.8328465036 11.8330213280 
 11.8315432666 11.8317593911 11.8318956689 
 11.8306642145 11.8308350219 11.8309278731 
 11.8299821483 11.8301036074 11.8301487676 
 11.8295212562 11.8295904645 11.8295846234 
 11.8292982750 11.8293136925 11.8292547662 
 11.8293208609 11.8292824237 11.8291697324 
 11.8295867984 11.8294959137 11.8293302539 
 11.8300841664 11.8299435989 11.8297272057 
 11.8307924550 11.8306061150 11.8303425090 
 11.8316844875 11.8314571350 11.8311508589 
 11.8327288479 11.8324657439 11.8321220137 
 11.8338924054 11.8335989575 11.8332232794 
 11.8351425361 11.8348239862 11.8344217995 
 11.8364487741 11.8361099637 11.8356863574 
 11.8377838131 11.8374290368 11.8369885610 
 11.8391239349 11.8387568735 11.8383034432 
 11.8404490193 11.8400727335 11.8396096054 
 11.8417422958 11.8413592602 11.8408890597 
 11.8429899695 11.8426021283 11.8421269059 
 11.8441808076 11.8437896403 11.8433109416 
 11.8453057391 11.8449123279 11.8444312674 
 11.8463574939 11.8459625878 11.8454799201 
 11.8473302894 11.8469343629 11.8464505485 
 11.8482195656 11.8478228720 11.8473381355 
 11.8490217652 11.8486243819 11.8481387641 
 11.8497341505 11.8493360196 11.8488494213 
 11.8503546537 11.8499556160 11.8494678362 
 11.8508817527 11.8504815771 11.8499923456 
 11.8513143697 11.8509127779 11.8504217819 
 11.8516517874 11.8512484742 11.8507553813 
 11.8518935801 11.8514882303 11.8509927068 
 11.8520395579 11.8516318597 11.8511335858 
 11.8520897226 11.8516793779 11.8511780593 
 11.8520442335 11.8516309652 11.8511263416 
 11.8519033823 11.8514869392 11.8509787906 
 11.8516675786 11.8512477373 11.8507358873 
 11.8513373431 11.8509139079 11.8503982244 
 11.8509133106 11.8504861110 11.8499665054 
 11.8503962431 11.8499651288 11.8494415528 
 11.8497870521 11.8493518870 11.8488243280 
 11.8490868337 11.8486474874 11.8481159625 
 11.8482969158 11.8478532548 11.8473178040 
 11.8474189218 11.8469707994 11.8464314783 
 11.8464548524 11.8460020981 11.8454589717 
 11.8454071907 11.8449496007 11.8444027371 
 11.8442790346 11.8438163624 11.8432658290 
 11.8430742631 11.8426062119 11.8420520735 
 11.8417977428 11.8413239597 11.8407662791 
 11.8404555786 11.8399756506 11.8394144921 
 11.8390554155 11.8385688667 11.8380043002 
 11.8376067860 11.8371130746 11.8365451791 
 11.8361214950 11.8356200059 11.8350488659 
 11.8346140095 11.8341040378 11.8335297250 
 11.8331017991 11.8325825153 11.8320050445 
 11.8316055356 11.8310759228 11.8304951673 
 11.8301490250 11.8296077800 11.8290233364 
 11.8287587300 11.8282041280 11.8276151290 
 11.8274627723 11.8268925099 11.8262974039 
 11.8262894008 11.8257004531 11.8250967939 
 11.8252650741 11.8246536177 11.8240379254 
 11.8244124559 11.8237739065 11.8231416575 
 11.8237486816 11.8230778764 11.8224236547 
 11.8232841864 11.8225757017 11.8218935031 
 11.8230222126 11.8222707753 11.8215544212 
 11.8229589533 11.8221598834 11.8214034825 
 11.8230841929 11.8222338092 11.8214322020 
 11.8233822877 11.8224782150 11.8216273427 
 11.8238333511 11.8228746848 11.8219718400 
 11.8244145352 11.8234018437 11.8224457752 
 11.8251013151 11.8240364874 11.8230273569 
 11.8258686884 11.8247546628 11.8236938697 
 11.8266922098 11.8255326367 11.8244225514 
 11.8275488061 11.8263477025 11.8251913552 
 11.8284173481 11.8271787898 11.8259795637 
 11.8292789873 11.8280068696 11.8267682353 
 11.8301172923 11.8288151702 11.8275404824 
 11.8309182321 11.8295892357 11.8282816005 
 11.8316700558 11.8303168679 11.8289790755 
 11.8323631085 11.8309879901 11.8296225007 
 11.8329896192 11.8315944662 11.8302034372 
 11.8335434814 11.8321298999 11.8307152415 
 11.8340200413 11.8325894335 11.8311528799 
 11.8344159031 11.8329695546 11.8315127460 
 11.8347287532 11.8332679199 11.8317924869 
 11.8349572065 11.8334831972 11.8319908450 
 11.8351006731 11.8336149278 11.8321075177 
 11.8351592453 11.8336634077 11.8321430358 
 11.8351336033 11.8336295887 11.8320986599 
 11.8350249380 11.8335149973 11.8319762961 
 11.8348348921 11.8333216714 11.8317784288 
 11.8345655161 11.8330521147 11.8315080724 
 11.8342192426 11.8327092677 11.8311687405 
 11.8337988766 11.8322964980 11.8307644327 
 11.8333076052 11.8318176082 11.8302996408 
 11.8327490259 11.8312768632 11.8297793725 
 11.8321271957 11.8306790377 11.8292091933 
 11.8314467014 11.8300294819 11.8285952834 
 11.8307127513 11.8293342058 11.8279445064 
 11.8299312854 11.8285999742 11.8272644820 
 11.8291090987 11.8278344072 11.8265636508 
 11.8282539682 11.8270460696 11.8258513144 
 11.8273747646 11.8262445303 11.8251376289 
 11.8264815267 11.8254403643 11.8244335252 
 11.8255854633 11.8246450667 11.8237505298 
 11.8246988480 11.8238708478 11.8231004680 
 11.8238347713 11.8231302902 11.8224950449 
 11.8230067322 11.8224358674 11.8219453236 
 11.8222280757 11.8217993536 11.8214611480 
 11.8215113204 11.8212311850 11.8210505749 
 11.8208674541 11.8207398528 11.8207193953 
 11.8203052935 11.8203314137 11.8204708062 
 11.8198309978 11.8200091808 11.8203052769 
 11.8194477965 11.8197736271 11.8202206144 
 11.8191559475 11.8196224951 11.8202122031 
 11.8189529042 11.8195510732 11.8202733720 
 11.8188336396 11.8195525863 11.8203958323 
 11.8187910659 11.8196186411 11.8205701327 
 11.8188164948 11.8197396780 11.8207860890 
 11.8189000892 11.8199053911 11.8210331595 
 11.8190312786 11.8201050953 11.8213007549 
 11.8191991205 11.8203280309 11.8215784788 
 11.8193926025 11.8205636070 11.8218563073 
 11.8196008884 11.8208015900 11.8221247191 
 11.8198135157 11.8210322480 11.8223747877 
 11.8200205538 11.8212464637 11.8225982503 
 11.8202127330 11.8214358239 11.8227875615 
 11.8203815535 11.8215926968 11.8229359432 
 11.8205193813 11.8217103036 11.8230374342 
 11.8206195363 11.8217827890 11.8230869465 
 11.8206763782 11.8218052950 11.8230803290 
 11.8206853903 11.8217740395 11.8230144418 
 11.8206432629 11.8216863995 11.8228872399 
 11.8205479765 11.8215409997 11.8226978668 
 11.8203988819 11.8213378031 11.8224467551 
 11.8201967750 11.8210782007 11.8221357312 
 11.8199439621 11.8207650957 11.8217681194 
 11.8196443113 11.8204029760 11.8213488381 
 11.8193032835 11.8199979682 11.8208844809 
 11.8189279384 11.8195578643 11.8203833705 
 11.8185269075 11.8190921119 11.8198555765 
 11.8181103319 11.8186117619 11.8193128833 
 11.8176897573 11.8181293654 11.8187686990 
 11.8172779869 11.8176588149 11.8182378972 
 11.8168888890 11.8172151306 11.8177365873 
 11.8165371613 11.8168141901 11.8172818135 
 11.8162380518 11.8164724056 11.8168911866 
 11.8160070360 11.8162063500 11.8165824534 
 11.8158594497 11.8160323341 11.8163730090 
 11.8158100717 11.8159659319 11.8162793540 
 11.8158726511 11.8160214497 11.8163164957 
 11.8160593727 11.8162113353 11.8164972920 
 11.8163802597 11.8165455276 11.8168317424 
 11.8168425258 11.8170307643 11.8173262494 
 11.8174499125 11.8176698911 11.8179829024 
 11.8182020778 11.8184612546 11.8187988799 
 11.8190941433 11.8193982982 11.8197661058 
 11.8201165257 11.8204695029 11.8208713067 
 11.8212551714 11.8216587868 11.8220965799 
 11.8224922512 11.8229463934 11.8234204684 
 11.8238072594 11.8243101725 11.8248194049 
 11.8251783525 11.8257270425 11.8262692713 
 11.8265836954 11.8271743761 11.8277468022 
 11.8280025986 11.8286311016 11.8292306373 
 11.8294163174 11.8300784159 11.8307019492 
 11.8308084845 11.8315001161 11.8321446831 
 11.8321652291 11.8328826260 11.8335455054 
 11.8334750714 11.8342148205 11.8348935712 
 11.8347286842 11.8354877398 11.8361802028 
 11.8359185951 11.8366942637 11.8373985446 
 11.8370388780 11.8378287903 11.8385432334 
 11.8380848658 11.8388869437 11.8396101049 
 11.8390528963 11.8398653218 11.8405959431 
 11.8399400982 11.8407612847 11.8414982730 
 11.8407442149 11.8415727830 11.8423151925 
 11.8414634639 11.8422982213 11.8430452395 
 11.8420964263 11.8429363510 11.8436872870 
 11.8426419623 11.8434861880 11.8442404633 
 11.8430991490 11.8439469523 11.8447040922 
 11.8434672357 11.8443180238 11.8450776489 
 11.8437456153 11.8445989136 11.8453607311 
 11.8439338085 11.8447892476 11.8455530413 
 11.8440314600 11.8448887608 11.8456543796 
 11.8440383452 11.8448973023 11.8456646463 
 11.8439543858 11.8448148489 11.8455838537 
 11.8437796764 11.8446415282 11.8454121458 
 11.8435145197 11.8443776508 11.8451498276 
 11.8431594718 11.8440237519 11.8447974032 
 11.8427153990 11.8435806437 11.8443556241 
 11.8421835462 11.8430494788 11.8438255479 
 11.8415656204 11.8424318279 11.8432086108 
 11.8408638902 11.8417297728 11.8425067150 
 11.8400813054 11.8409460189 11.8417223337 
 11.8392216409 11.8400840301 11.8408586390 
 11.8382896678 11.8391481917 11.8399196562 
 11.8372913582 11.8381440049 11.8389104497 
 11.8362341251 11.8370783188 11.8378373454 
 11.8351271006 11.8359596007 11.8367081946 
 11.8339814475 11.8347982461 11.8355326786 
 11.8328106923 11.8336069170 11.8343226493 
 11.8316310512 11.8324008875 11.8330924881 
 11.8304616982 11.8311983528 11.8318594446 
 11.8293248970 11.8300206292 11.8306438926 
 11.8282458881 11.8288921413 11.8294694014 
 11.8272524062 11.8278400672 11.8283624962 
 11.8263737223 11.8268935182 11.8273519712 
 11.8256391724 11.8260821851 11.8264676615 
 11.8250762560 11.8254344979 11.8257386870 
 11.8247085193 11.8249754921 11.8251913336 
 11.8245535303 11.8247246902 11.8248468729 
 11.8246212607 11.8246943378 11.8247196779 
 11.8249131182 11.8248882689 11.8248159358 
 11.8254217717 11.8253015576 11.8251331337 
 11.8261317985 11.8259209915 11.8256603605 
 11.8270210750 11.8267262956 11.8263793550 
 11.8280627049 11.8276919240 11.8272661405 
 11.8292271821 11.8287891473 11.8282930046 
 11.8304844490 11.8299881178 11.8294305340 
 11.8318055786 11.8312596324 11.8306494299 
 11.8331639391 11.8325764251 11.8319219135 
 11.8345358404 11.8339139521 11.8332226492 
 11.8359007579 11.8352507357 11.8345292209 
 11.8372412606 11.8365683842 11.8358222564 
 11.8385427664 11.8378514071 11.8370853170 
 11.8397932176 11.8390869240 11.8383046515 
 11.8409827360 11.8402643359 11.8394688898 
 11.8421032959 11.8413749998 11.8405687259 
 11.8431484280 11.8424119299 11.8415966175 
 11.8441129642 11.8433695342 11.8425465159 
 11.8449928198 11.8442433873 11.8434136300 
 11.8457848105 11.8450300387 11.8441942251 
 11.8464865004 11.8457268514 11.8448854519 
 11.8470960750 11.8463318674 11.8454852030 
 11.8476122362 11.8468436947 11.8459919929 
 11.8480341139 11.8472614138 11.8464048571 
 11.8483611942 11.8475844993 11.8467232681 
 11.8485932588 11.8478127553 11.8469470654 
 11.8487303366 11.8479462626 11.8470763983 
 11.8487726643 11.8479853357 11.8471116796 
 11.8487206572 11.8479304904 11.8470535494 
 11.8485748880 11.8477824204 11.8469028492 
 11.8483360754 11.8475419828 11.8466606052 
 11.8480050812 11.8472101941 11.8463280231 
 11.8475829178 11.8467882359 11.8459064920 
 11.8470707666 11.8462774732 11.8453976028 
 11.8464700096 11.8456794853 11.8448031798 
 11.8457822755 11.8449961131 11.8441253286 
 11.8450095045 11.8442295253 11.8433665049 
 11.8441540341 11.8433823071 11.8425296065 
 11.8432187126 11.8424575763 11.8416180926 
 11.8422070419 11.8414591306 11.8406361355 
 11.8411233585 11.8403916321 11.8395888081 
 11.8399730543 11.8392608299 11.8384823083 
 11.8387628392 11.8380738231 11.8373242173 
 11.8375010427 11.8368393540 11.8361237818 
 11.8361979396 11.8355681167 11.8348921954 
 11.8348660698 11.8342730421 11.8336428389 
 11.8335205007 11.8329695048 11.8323914156 
 11.8321789524 11.8316753668 11.8311559004 
 11.8308616862 11.8304107652 11.8299562138 
 11.8295910532 11.8291975547 11.8288135575 
 11.8283906396 11.8280583720 11.8277494090 
 11.8272840312 11.8270153780 11.8267842674 
 11.8262933385 11.8260888455 11.8259363329 
 11.8254377211 11.8252958266 11.8252203428 
 11.8247321735 11.8246491298 11.8246467529 
 11.8241867577 11.8241567469 11.8242213555 
 11.8238063423 11.8238217454 11.8239453158 
 11.8235907805 11.8236425437 11.8238155313 
 11.8235353942 11.8236134369 11.8238251887 
 11.8236316221 11.8237252462 11.8239644079 
 11.8238677187 11.8239659951 11.8242208917 
 11.8242294380 11.8243215549 11.8245805338 
 11.8247006652 11.8247762342 11.8250279660 
 11.8252639925 11.8253133047 11.8255470397 
 11.8259012391 11.8259154699 11.8261212477 
 11.8265939254 11.8265652830 11.8267340933 
 11.8273237047 11.8272455212 11.8273694143 
 11.8280727531 11.8279395192 11.8280116672 
 11.8288241146 11.8286314623 11.8286461741 
 11.8295619950 11.8293066379 11.8292593332 
 11.8302720002 11.8299516415 11.8298387932 
 11.8309413143 11.8305545372 11.8303735921 
 11.8315588187 11.8311049720 11.8308542604 
 11.8321151568 11.8315942469 11.8312728918 
 11.8326027493 11.8320153491 11.8316231843 
 11.8330157720 11.8323629520 11.8319004550 
 11.8333501041 11.8326333888 11.8321016347 
 11.8336032562 11.8328246079 11.8322252459 
 11.8337742886 11.8329361154 11.8322713673 
 11.8338637226 11.8329689097 11.8322415908 
 11.8338734539 11.8329254130 11.8321389707 
 11.8338066681 11.8328094012 11.8319679691 
 11.8336677629 11.8326259357 11.8317343964 
 11.8334622763 11.8323812966 11.8314453492 
 11.8331968225 11.8320829173 11.8311091432 
 11.8328790339 11.8317393208 11.8307352411 
 11.8325175088 11.8313600554 11.8303341737 
 11.8321217621 11.8309556273 11.8299174498 
 11.8317021755 11.8305374253 11.8294974528 
 11.8312699415 11.8301176325 11.8290873163 
 11.8308369943 11.8297091170 11.8287007708 
 11.8304159166 11.8293252899 11.8283519526 
 11.8300198104 11.8289799198 11.8280551636 
 11.8296621161 11.8286868898 11.8278245684 
 11.8293563653 11.8284598830 11.8276738205 
 11.8291158530 11.8283119887 11.8276156100 
 11.8289532218 11.8282552254 11.8276611356 
 11.8288799598 11.8282999911 11.8278195170 
 11.8289058306 11.8284544660 11.8280971837 
 11.8290382717 11.8287240180 11.8284972981 
 11.8292818226 11.8291106781 11.8290192967 
 11.8296376601 11.8296127762 11.8296586440 
 11.8301033247 11.8302248209 11.8304068850 
 11.8306727151 11.8309376906 11.8312520460 
 11.8313363860 11.8317391451 11.8321793583 
 11.8320821313 11.8326146055 11.8331722114 
 11.8328957764 11.8335480838 11.8342131822 
 11.8337620558 11.8345231200 11.8352849840 
 11.8346654494 11.8355235951 11.8363712169 
 11.8355908738 11.8365343388 11.8374568661 
 11.8365241762 11.8375415063 11.8385285547 
 11.8374524237 11.8385327477 11.8395745982 
 11.8383640187 11.8394972167 11.8405849213 
 11.8392486857 11.8404254743 11.8415508947 
 11.8400973759 11.8413093345 11.8424651374 
 11.8409021293 11.8421416882 11.8433213145 
 11.8416559240 11.8429163293 11.8441139501 
 11.8423525289 11.8436277965 11.8448382636 
 11.8429863747 11.8442712385 11.8454900345 
 11.8435524436 11.8448423033 11.8460654933 
 11.8440461832 11.8453370530 11.8465612389 
 11.8444634423 11.8457519015 11.8469741782 
 11.8448004266 11.8460835717 11.8473014867 
 11.8450536747 11.8463290727 11.8475405851 
 11.8452200497 11.8464856922 11.8476891336 
 11.8452967480 11.8465510041 11.8477450382 
 11.8452813215 11.8465228902 11.8477064713 
 11.8451717152 11.8463995747 11.8475719036 
 11.8449663177 11.8461796724 11.8473401496 
 11.8446640277 11.8458622504 11.8470104245 
 11.8442643351 11.8454469043 11.8465824161 
 11.8437674204 11.8449338516 11.8460563714 
 11.8431742723 11.8443240422 11.8454332006 
 11.8424868279 11.8436192911 11.8447146016 
 11.8417081356 11.8428224337 11.8439032064 
 11.8408425445 11.8419375074 11.8430027545 
 11.8398959184 11.8409699611 11.8420182943 
 11.8388758746 11.8399268923 11.8409564150 
 11.8377920387 11.8388173081 11.8398255075 
 11.8366563029 11.8376524002 11.8386360480 
 11.8354830635 11.8364458163 11.8374008912 
 11.8342894031 11.8352138941 11.8361355462 
 11.8330951679 11.8339758149 11.8348583934 
 11.8319228831 11.8327536132 11.8335907828 
 11.8307974488 11.8315719752 11.8323569400 
 11.8297455737 11.8304577642 11.8311836002 
 11.8287949385 11.8294392376 11.8300993129 
 11.8279731251 11.8285449706 11.8291334017 
 11.8273063882 11.8278025572 11.8283146319 
 11.8268183705 11.8272371992 11.8276696987 
 11.8265288518 11.8268703084 11.8272216873 
 11.8264526031 11.8267182259 11.8269886435 
 11.8265983925 11.8267911302 11.8269823643 
 11.8269681988 11.8270921979 11.8272074835 
 11.8275567262 11.8276170992 11.8276609293 
 11.8283513597 11.8283539505 11.8283318564 
 11.8293327076 11.8292838550 11.8292021656 
 11.8304758034 11.8303820992 11.8302476720 
 11.8317518734 11.8316199187 11.8314398480 
 11.8331303991 11.8329665754 11.8327478977 
 11.8345811066 11.8343913843 11.8341408153 
 11.8360755659 11.8358653669 11.8355890996 
 11.8375882378 11.8373623583 11.8370659357 
 11.8390969720 11.8388595598 11.8385478190 
 11.8405830726 11.8403376458 11.8400147191 
 11.8420310809 11.8417805731 11.8414499283 
 11.8434284097 11.8431752304 11.8428397330 
 11.8447649255 11.8445110259 11.8441730122 
 11.8460325382 11.8457794781 11.8454408305 
 11.8472248304 11.8469738410 11.8466360604 
 11.8483367359 11.8480887788 11.8477530519 
 11.8493642711 11.8491200916 11.8487873522 
 11.8503043133 11.8500644881 11.8497354719 
 11.8511544202 11.8509194006 11.8505946940 
 11.8519126849 11.8516828340 11.8513629167 
 11.8525776174 11.8523532439 11.8520385269 
 11.8531480501 11.8529294375 11.8526202957 
 11.8536230619 11.8534104938 11.8531072946 
 11.8540019163 11.8537956984 11.8534988267 
 11.8542840132 11.8540844923 11.8537943712 
 11.8544688510 11.8542764305 11.8539935394 
 11.8545559981 11.8543711508 11.8540960401 
 11.8545450733 11.8543683515 11.8541016548 
 11.8544357345 11.8542677776 11.8540102204 
 11.8542276757 11.8540692148 11.8538216214 
 11.8539206319 11.8537724923 11.8535357897 
 11.8535143924 11.8533774935 11.8531527136 
 11.8530088234 11.8528841768 11.8526724553 
 11.8524039004 11.8522926050 11.8520951798 
 11.8516997509 11.8516029873 11.8514211940 
 11.8508967108 11.8508157332 11.8506510003 
 11.8499953958 11.8499315229 11.8497853654 
 11.8489967909 11.8489513958 11.8488254089 
 11.8479023635 11.8478768632 11.8477727154 
 11.8467142043 11.8467100482 11.8466294756 
 11.8454352017 11.8454538609 11.8453986613 
 11.8440692581 11.8441122139 11.8440842429 
 11.8426215532 11.8426902856 11.8426914514 
 11.8410988593 11.8411948339 11.8412270914 
 11.8395099097 11.8396345605 11.8396999007 
 11.8378658103 11.8380205145 11.8381209430 
 11.8361804684 11.8363665070 11.8365040035 
 11.8344709891 11.8346894834 11.8348659289 
 11.8327579530 11.8330097658 11.8332268236 
 11.8310654560 11.8313510471 11.8316099833 
 11.8294207730 11.8297400043 11.8300414435 
 11.8278535328 11.8282054323 11.8285490623 
 11.8263943826 11.8267768953 11.8271611576 
 11.8250732712 11.8254830416 11.8259048636 
 11.8239176259 11.8243498601 11.8248044867 
 11.8229507569 11.8233991989 11.8238801602 
 11.8221907497 11.8226477794 11.8231470009 
 11.8216499335 11.8221067741 11.8226148064 
 11.8213348454 11.8217818538 11.8222881888 
 11.8212465130 11.8216735312 11.8221669750 
 11.8213808748 11.8217776232 11.8222467044 
 11.8217292111 11.8220857106 11.8225191114 
 11.8222785372 11.8225855427 11.8229725393 
 11.8230119767 11.8232613946 11.8235922893 
 11.8239091812 11.8240944318 11.8243609443 
 11.8249468742 11.8250631497 11.8252587279 
 11.8260995732 11.8261439489 11.8262639550 
 11.8273404938 11.8273118666 11.8273536076 
 11.8286425703 11.8285414357 11.8285040297 
 11.8299794800 11.8298075900 11.8296916932 
 11.8313265448 11.8310865113 11.8308939572 
 11.8326614110 11.8323563224 11.8320897339 
 11.8339644655 11.8335975634 11.8332599952 
 11.8352189987 11.8347934401 11.8343880877 
 11.8364111611 11.8359298689 11.8354598599 
 11.8375297781 11.8369953667 11.8364636323 
 11.8385660815 11.8379808402 11.8373900533 
 11.8395134061 11.8388793203 11.8382318838 
 11.8403668840 11.8396856797 11.8389837482 
 11.8411231568 11.8403963561 11.8396418770 
 11.8417801160 11.8410090955 11.8402038606 
 11.8423366748 11.8415227223 11.8406684219 
 11.8427925717 11.8419369385 11.8410352137 
 11.8431482034 11.8422521502 11.8413046419 
 11.8434044836 11.8424693210 11.8414777132 
 11.8435627249 11.8425898472 11.8415559049 
 11.8436245407 11.8426154543 11.8415410562 
 11.8435917640 11.8425481112 11.8414352773 
 11.8434663819 11.8423899605 11.8412408756 
 11.8432504833 11.8421432625 11.8409602959 
 11.8429462192 11.8418103533 11.8405960763 
 11.8425557744 11.8413936145 11.8401508157 
 11.8420813503 11.8408954551 11.8396271551 
 11.8415251593 11.8403183059 11.8390277716 
 11.8408894306 11.8396646254 11.8383553858 
 11.8401764280 11.8389369196 11.8376127837 
 11.8393884817 11.8381377766 11.8368028539 
 11.8385280359 11.8372699170 11.8359286427 
 11.8375977130 11.8363362636 11.8349934278 
 11.8366003998 11.8353400320 11.8340008156 
 11.8355393568 11.8342848461 11.8329548616 
 11.8344183555 11.8331748813 11.8318602185 
 11.8332418462 11.8320150365 11.8307223107 
 11.8320151585 11.8308111365 11.8295475345 
 11.8307447336 11.8295701601 11.8283434754 
 11.8294383818 11.8283004831 11.8271191287 
 11.8281055492 11.8270121169 11.8258850964 
 11.8267575654 11.8257169076 11.8246537223 
 11.8254078277 11.8244286444 11.8234391124 
 11.8240718552 11.8231630170 11.8222569822 
 11.8227671421 11.8219373528 11.8211242792 
 11.8215127397 11.8207700886 11.8200585584 
 11.8203285337 11.8196799720 11.8190771376 
 11.8192342495 11.8186850571 11.8181961231 
 11.8182482957 11.8178016237 11.8174294397 
 11.8173866204 11.8170431852 11.8167880116 
 11.8166617622 11.8164197355 11.8162792048 
 11.8160822302 11.8159373236 11.8159065811 
 11.8156522601 11.8155979667 11.8156699465 
 11.8153719115 11.8153998492 11.8155656303 
 11.8152374159 11.8153377192 11.8155869166 
 11.8152416771 11.8154033957 11.8157245507 
 11.8153748340 11.8155863129 11.8159672637 
 11.8156248254 11.8158740539 11.8163022742 
 11.8159779216 11.8162528445 11.8167157483 
 11.8164192064 11.8167079978 11.8171932055 
 11.8169330074 11.8172243045 11.8177198731 
 11.8175032769 11.8177863758 11.8182809898 
 11.8181139305 11.8183789414 11.8188620659 
 11.8187491481 11.8189871108 11.8194491060 
 11.8193936404 11.8195965997 11.8200287982 
 11.8200328841 11.8201939277 11.8205886763 
 11.8206533248 11.8207665871 11.8211172579 
 11.8212425486 11.8213031859 11.8216041606 
 11.8217894216 11.8217935652 11.8220401992 
 11.8222841981 11.8222288928 11.8224174658 
 