11.8506316030 11.8509908054 11.8512561501 
 11.8514384816 11.8517854672 11.8520388530 
 11.8521548568 11.8524896611 11.8527311735 
 11.8527794225 11.8531020547 11.8533317442 
 11.8533111223 11.8536215579 11.8538394365 
 11.8537490954 11.8540472683 11.8542533050 
 11.8540926311 11.8543784261 11.8545725420 
 11.8543411321 11.8546143760 11.8547964390 
 11.8544940831 11.8547545367 11.8549243559 
 11.8545510274 11.8547983767 11.8549556958 
 11.8545115487 11.8547453962 11.8548898875 
 11.8543752599 11.8545951162 11.8547263738 
 11.8541417985 11.8543470738 11.8544646074 
 11.8538108286 11.8540008245 11.8541040529 
 11.8533820510 11.8535559524 11.8536441975 
 11.8528552217 11.8530120889 11.8530845695 
 11.8522301793 11.8523689402 11.8524247662 
 11.8515068849 11.8516263270 11.8516644929 
 11.8506854744 11.8507842361 11.8508036152 
 11.8497663276 11.8498428892 11.8498422263 
 11.8487501580 11.8488028307 11.8487807350 
 11.8476381260 11.8476650405 11.8476199764 
 11.8464319841 11.8464310761 11.8463613533 
 11.8451342567 11.8451032511 11.8450070135 
 11.8437484634 11.8436848571 11.8435600694 
 11.8422793897 11.8421804328 11.8420248677 
 11.8407334068 11.8405960869 11.8404073132 
 11.8391188368 11.8389398691 11.8387152444 
 11.8374463457 11.8372221781 11.8369588529 
 11.8357293298 11.8354561737 11.8351511146 
 11.8339842317 11.8336581358 11.8333081814 
 11.8322306962 11.8318476797 11.8314496445 
 11.8304914499 11.8300477120 11.8295985509 
 11.8287917977 11.8282840053 11.8277810446 
 11.8271586809 11.8265843165 11.8260255389 
 11.8256193556 11.8249770792 11.8243614286 
 11.8241998784 11.8234898416 11.8228174952 
 11.8229236823 11.8221477352 11.8214202928 
 11.8218105118 11.8209722709 11.8201928295 
 11.8208758739 11.8199806586 11.8191537728 
 11.8201310068 11.8191856766 11.8183172321 
 11.8195832406 11.8185959790 11.8176930156 
 11.8192365773 11.8182166574 11.8172871728 
 11.8190923209 11.8180498771 11.8171026317 
 11.8191496378 11.8180954472 11.8171397755 
 11.8194059694 11.8183512413 11.8173968658 
 11.8198572618 11.8188134210 11.8178702575 
 11.8204980023 11.8194764533 11.8185543954 
 11.8213210744 11.8203329334 11.8194416051 
 11.8223174660 11.8213732530 11.8205217232 
 11.8234758867 11.8225851828 11.8217816498 
 11.8247823846 11.8239534759 11.8232049443 
 11.8262200797 11.8254596288 11.8247716215 
 11.8277691429 11.8270819448 11.8264583031 
 11.8294071252 11.8287960030 11.8282388260 
 11.8311096699 11.8305755442 11.8300852890 
 11.8328515348 11.8323936598 11.8319693868 
 11.8346077579 11.8342240751 11.8338637843 
 11.8363547597 11.8360422962 11.8357432854 
 11.8380712076 11.8378264517 11.8375856370 
 11.8397385542 11.8395577612 11.8393719273 
 11.8413412495 11.8412206614 11.8410866330 
 11.8428666885 11.8428026734 11.8427174165 
 11.8443049819 11.8442941083 11.8442547797 
 11.8456486297 11.8456876957 11.8456916571 
 11.8468921606 11.8469781947 11.8470230063 
 11.8480317788 11.8481620248 11.8482454281 
 11.8490650397 11.8492369346 11.8493568313 
 11.8499905659 11.8502017168 11.8503561474 
 11.8508078059 11.8510559673 11.8512430920 
 11.8515168323 11.8517998873 11.8520179699 
 11.8521181777 11.8524341216 11.8526815159 
 11.8526127010 11.8529596286 11.8532347680 
 11.8530014818 11.8533775778 11.8536789666 
 11.8532857381 11.8536892691 11.8540154765 
 11.8534667645 11.8538960726 11.8542457272 
 11.8535458873 11.8539993854 11.8543711704 
 11.8535244361 11.8540006028 11.8543932515 
 11.8534037289 11.8539011040 11.8543133949 
 11.8531850711 11.8537022497 11.8541330012 
 11.8528697666 11.8534053929 11.8538534562 
 11.8524591417 11.8530119005 11.8534761522 
 11.8519545811 11.8525231881 11.8530025196 
 11.8513575775 11.8519407663 11.8524340722 
 11.8506697944 11.8512663012 11.8517724642 
 11.8498931454 11.8505016890 11.8510195620 
 11.8490298897 11.8496491485 11.8501775322 
 11.8480827490 11.8487113314 11.8492489483 
 11.8470550475 11.8476914571 11.8482369196 
 11.8459508805 11.8465934741 11.8471452467 
 11.8447753155 11.8454222537 11.8459786083 
 11.8435346315 11.8441838213 11.8447427857 
 11.8422366005 11.8428856301 11.8434449290 
 11.8408908124 11.8415368804 11.8420938708 
 11.8395090390 11.8401488819 11.8407004850 
 11.8381056235 11.8387354479 11.8392780837 
 11.8366978597 11.8373132934 11.8378428276 
 11.8353063052 11.8359023835 11.8364141026 
 11.8339549322 11.8345261450 11.8350147791 
 11.8326709917 11.8332114146 11.8336712337 
 11.8314844450 11.8319879752 11.8324129781 
 11.8304268480 11.8308875399 11.8312717429 
 11.8295296551 11.8299421242 11.8302799279 
 11.8288220570 11.8291818862 11.8294684718 
 11.8283286136 11.8286326861 11.8288643704 
 11.8280670314 11.8283137294 11.8284882197 
 11.8280464297 11.8282356777 11.8283521923 
 11.8282663567 11.8283995254 11.8284587808 
 11.8287167137 11.8287964199 11.8288005041 
 11.8293786326 11.8294084736 11.8293606294 
 11.8302262153 11.8302104705 11.8301148136 
 11.8312288762 11.8311722049 11.8310334064 
 11.8323538882 11.8322610538 11.8320840239 
 11.8335687063 11.8334443491 11.8332339595 
 11.8348427524 11.8346912270 11.8344520994 
 11.8361485414 11.8359738180 11.8357101872 
 11.8374621994 11.8372678191 11.8369834641 
 11.8387635237 11.8385525937 11.8382508211 
 11.8400357528 11.8398109682 11.8394946301 
 11.8412651895 11.8410288677 11.8407003998 
 11.8424407719 11.8421948947 11.8418563628 
 11.8435536543 11.8432999098 11.8429530593 
 11.8445968255 11.8443366487 11.8439829512 
 11.8455647778 11.8452993876 11.8449400839 
 11.8464532259 11.8461836583 11.8458197966 
 11.8472588744 11.8469860114 11.8466184797 
 11.8479792252 11.8477038199 11.8473333746 
 11.8486124203 11.8483351185 11.8479624077 
 11.8491571134 11.8488784716 11.8485040548 
 11.8496123655 11.8493328664 11.8489572305 
 11.8499775603 11.8496976250 11.8493211975 
 11.8502523364 11.8499723348 11.8495954938 
 11.8504365341 11.8501567923 11.8497798747 
 11.8505301544 11.8502509613 11.8498742679 
 11.8505333301 11.8502549411 11.8498787409 
 11.8504463077 11.8501689472 11.8497934787 
 11.8502694394 11.8499933014 11.8496187736 
 11.8500031855 11.8497284332 11.8493550238 
 11.8496481274 11.8493748908 11.8490027440 
 11.8492049902 11.8489333631 11.8485625862 
 11.8486746774 11.8484047130 11.8480353711 
 11.8480583166 11.8477900217 11.8474221331 
 11.8473573181 11.8470906476 11.8467241774 
 11.8465734488 11.8463082992 11.8459431538 
 11.8457089234 11.8454451257 11.8450811472 
 11.8447665153 11.8445038295 11.8441407908 
 11.8437496934 11.8434878022 11.8431254040 
 11.8426627877 11.8424012922 11.8420391612 
 11.8415111904 11.8412496071 11.8408872973 
 11.8403015988 11.8400393582 11.8396763544 
 11.8390423032 11.8387787510 11.8384144755 
 11.8377435230 11.8374779225 11.8371117442 
 11.8364177845 11.8361493207 11.8357805651 
 11.8350803224 11.8348081053 11.8344360621 
 11.8337494635 11.8334725274 11.8330964520 
 11.8324469175 11.8321642143 11.8317833146 
 11.8311978586 11.8309082382 11.8305216423 
 11.8300306365 11.8297328154 11.8293395135 
 11.8289759414 11.8286684636 11.8282672313 
 11.8280652936 11.8277465002 11.8273358238 
 11.8273288625 11.8269968986 11.8265749401 
 11.8267928328 11.8264457242 11.8260103693 
 11.8264767404 11.8261125583 11.8256615794 
 11.8263912994 11.8260084013 11.8255397263 
 11.8265371729 11.8261344684 11.8256465005 
 11.8269049361 11.8264821019 11.8259740052 
 11.8274762226 11.8270337972 11.8265056602 
 11.8282257996 11.8277651235 11.8272179523 
 11.8291241397 11.8286471606 11.8280827085 
 11.8301400019 11.8296490053 11.8290694984 
 11.8312426169 11.8307399539 11.8301477906 
 11.8324032552 11.8318911213 11.8312886133 
 11.8335961474 11.8330764369 11.8324656271 
 11.8347988628 11.8342730977 11.8336556603 
 11.8359923053 11.8354616216 11.8348388309 
 11.8371604785 11.8366256521 11.8359983983 
 11.8382901400 11.8377516328 11.8371204669 
 11.8393704203 11.8388284361 11.8381936269 
 11.8403924549 11.8398469949 11.8392085890 
 11.8413490487 11.8407999637 11.8401578433 
 11.8422343842 11.8416814208 11.8410353542 
 11.8430437717 11.8424866116 11.8418362975 
 11.8437734394 11.8432117322 11.8425568359 
 11.8444203581 11.8438537478 11.8431939317 
 11.8449820951 11.8444102418 11.8437451888 
 11.8454566934 11.8448792904 11.8442087225 
 11.8458425717 11.8452593582 11.8445830513 
 11.8461384420 11.8455492133 11.8448670077 
 11.8463432427 11.8457478579 11.8450596658 
 11.8464560850 11.8458544719 11.8451602833 
 11.8464762122 11.8458683709 11.8451682563 
 11.8464029694 11.8457889745 11.8450830870 
 11.8462357853 11.8456157862 11.8449043615 
 11.8459741634 11.8453483846 11.8446317402 
 11.8456176852 11.8449864247 11.8442649584 
 11.8451660234 11.8445296512 11.8438038389 
 11.8446189669 11.8439779232 11.8432483162 
 11.8439764586 11.8433312511 11.8425984738 
 11.8432386459 11.8425898484 11.8418545966 
 11.8424059479 11.8417541988 11.8410172388 
 11.8414791396 11.8408251423 11.8400873119 
 11.8404594588 11.8398039833 11.8390661953 
 11.8393487380 11.8386926256 11.8379558741 
 11.8381495679 11.8374937385 11.8367591093 
 11.8368654981 11.8362109616 11.8354796471 
 11.8355012817 11.8348491532 11.8341224721 
 11.8340631703 11.8334146891 11.8326941102 
 11.8325592625 11.8319158146 11.8312029836 
 11.8309999064 11.8303630462 11.8296598107 
 11.8293981419 11.8287696094 11.8280780367 
 11.8277701556 11.8271518799 11.8264742546 
 11.8261356890 11.8255297651 11.8248685525 
 11.8245183078 11.8239269312 11.8232846860 
 11.8229454027 11.8223707465 11.8217499505 
 11.8214477747 11.8208918002 11.8202946248 
 11.8200586877 11.8195229004 11.8189509080 
 11.8188123681 11.8182975520 11.8177513857 
 11.8177420826 11.8172480713 11.8167271982 
 11.8168780691 11.8164036129 11.8159061903 
 11.8162456449 11.8157884162 11.8153113202 
 11.8158637353 11.8154204799 11.8149595007 
 11.8157439092 11.8153107201 11.8148608912 
 11.8158898701 11.8154625407 11.8150185531 
 11.8162973061 11.8158717137 11.8154283635 
 11.8169540537 11.8165265227 11.8160791361 
 11.8178406155 11.8174082105 11.8169529934 
 11.8189311283 11.8184918305 11.8180260915 
 11.8201948305 11.8197475715 11.8192697836 
 11.8215979497 11.8211425059 11.8206522040 
 11.8231057698 11.8226425563 11.8221401094 
 11.8246845570 11.8242143805 11.8237007033 
 11.8263030693 11.8258268976 11.8253031701 
 11.8279335150 11.8274523002 11.8269197425 
 11.8295519778 11.8290665441 11.8285262662 
 11.8311384230 11.8306494135 11.8301023363 
 11.8326764322 11.8321842982 11.8316311288 
 11.8341527947 11.8336578131 11.8330990558 
 11.8355570515 11.8350593550 11.8344953422 
 11.8368810480 11.8363806611 11.8358115926 
 11.8381185269 11.8376154012 11.8370413838 
 11.8392647729 11.8387588187 11.8381799035 
 11.8403163117 11.8398074249 11.8392236385 
 11.8412706576 11.8407587416 11.8401701122 
 11.8421261051 11.8416110881 11.8410176658 
 11.8428815578 11.8423634049 11.8417652774 
 11.8435363870 11.8430151098 11.8424124129 
 11.8440903174 11.8435659795 11.8429589043 
 11.8445433324 11.8440160526 11.8434048497 
 11.8448955986 11.8443655520 11.8437505327 
 11.8451474050 11.8446148218 11.8439963577 
 11.8452991152 11.8447642788 11.8441427993 
 11.8453511332 11.8448143761 11.8441903644 
 11.8453038788 11.8447655781 11.8441395664 
 11.8451577750 11.8446183468 11.8439909099 
 11.8449132455 11.8443731385 11.8437448874 
 11.8445707230 11.8440304110 11.8434019852 
 11.8441306682 11.8435906428 11.8429627026 
 11.8435935997 11.8430543623 11.8424275809 
 11.8429601374 11.8424221912 11.8417972469 
 11.8422310576 11.8416949001 11.8410724694 
 11.8414073652 11.8408734811 11.8402542325 
 11.8404903828 11.8399592384 11.8393438284 
 11.8394818619 11.8389539008 11.8383429722 
 11.8383841194 11.8378597613 11.8372539443 
 11.8372002056 11.8366798472 11.8360797643 
 11.8359341090 11.8354181292 11.8348244046 
 11.8345910050 11.8340797728 11.8334930457 
 11.8331775531 11.8326714397 11.8320923816 
 11.8317022473 11.8312016394 11.8306309724 
 11.8301758153 11.8296811271 11.8291196394 
 11.8286116517 11.8281233306 11.8275718813 
 11.8270262533 11.8265447681 11.8260042694 
 11.8254395897 11.8249653908 11.8244367511 
 11.8238753124 11.8234087466 11.8228927584 
 11.8223606666 11.8219018358 11.8213989925 
 11.8209259599 11.8204745209 11.8199847659 
 11.8196034826 11.8191584080 11.8186808433 
 11.8184258828 11.8179852289 11.8175178378 
 11.8174241559 11.8169849023 11.8165243632 
 11.8166255456 11.8161835700 11.8157252272 
 11.8160516867 11.8156019119 11.8151399386 
 11.8157172300 11.8152539405 11.8147816852 
 11.8156290370 11.8151463262 11.8146567980 
 11.8157859071 11.8152781928 11.8147646211 
 11.8161787668 11.8156412991 11.8150976931 
 11.8167912767 11.8162205602 11.8156421928 
 11.8176008547 11.8169949128 11.8163786555 
 11.8185801007 11.8179385339 11.8172829891 
 11.8196985328 11.8190223689 11.8183277815 
 11.8209244494 11.8202158293 11.8194838090 
 11.8222266705 11.8214884534 11.8207215812 
 11.8235759415 11.8228113158 11.8220127242 
 11.8249458818 11.8241580454 11.8233310482 
 11.8263134720 11.8255054112 11.8246532271 
 11.8276591615 11.8268335277 11.8259591063 
 11.8289667104 11.8281257751 11.8272317140 
 11.8302228775 11.8293685414 11.8284570694 
 11.8314170395 11.8305508733 11.8296238768 
 11.8325407991 11.8316640995 11.8307231721 
 11.8335876155 11.8327014653 11.8317479664 
 11.8345524745 11.8336577994 11.8326929126 
 11.8354316006 11.8345292195 11.8335540076 
 11.8362222132 11.8353128813 11.8343283324 
 11.8369223219 11.8360067652 11.8350138319 
 11.8375305550 11.8366094978 11.8356091280 
 11.8380460189 11.8371202041 11.8361133651 
 11.8384681807 11.8375383847 11.8365260806 
 11.8387967733 11.8378638161 11.8368470997 
 11.8390317177 11.8380964685 11.8370764492 
 11.8391730619 11.8382364417 11.8372142890 
 11.8392209328 11.8382839143 11.8372608592 
 11.8391755023 11.8382391076 11.8372164407 
 11.8390369644 11.8381022612 11.8370813298 
 11.8388055246 11.8378736210 11.8368558251 
 11.8384814012 11.8375534401 11.8365402272 
 11.8380648377 11.8371419913 11.8361348520 
 11.8375561290 11.8366395933 11.8356400575 
 11.8369556607 11.8360466513 11.8350562856 
 11.8362639639 11.8353637136 11.8343841212 
 11.8354817872 11.8345915467 11.8336243709 
 11.8346101902 11.8337312313 11.8327781624 
 11.8336506592 11.8327842835 11.8318470714 
 11.8326052524 11.8317528046 11.8308332763 
 11.8314767768 11.8306396640 11.8297397475 
 11.8302690041 11.8294487196 11.8285704721 
 11.8289869260 11.8281850787 11.8273307172 
 11.8276370547 11.8268553970 11.8260273267 
 11.8262277598 11.8254682115 11.8246690421 
 11.8247696322 11.8240342862 11.8232668240 
 11.8232758433 11.8225669397 11.8218341350 
 11.8217624503 11.8210822958 11.8203871244 
 11.8202485710 11.8195993829 11.8189446378 
 11.8187563306 11.8181399854 11.8175279678 
 11.8173104779 11.8167281661 11.8161602840 
 11.8159376012 11.8153894141 11.8148657319 
 11.8146649503 11.8141494627 11.8136682737 
 11.8135189789 11.8130329124 11.8125904236 
 11.8125238183 11.8120618681 11.8116520693 
 11.8116999197 11.8112547955 11.8108695489 
 11.8110630479 11.8106257327 11.8102550690 
 11.8106236969 11.8101838844 11.8098164603 
 11.8103868854 11.8099335394 11.8095571969 
 11.8103522352 11.8098742084 11.8094765811 
 11.8105142296 11.8100008889 11.8095700110 
 11.8108625922 11.8103044017 11.8098292823 
 11.8113827705 11.8107717859 11.8102429139 
 11.8120565454 11.8113867745 11.8107965164 
 11.8128627920 11.8121303817 11.8114732366 
 11.8137783888 11.8129816190 11.8122543018 
 11.8147792281 11.8139183212 11.8131196707 
 11.8158412398 11.8149180279 11.8140487570 
 11.8169413199 11.8159588330 11.8150211707 
 11.8180580709 11.8170201174 11.8160174029 
 11.8191723059 11.8180830996 11.8170193880 
 11.8202673088 11.8191311783 11.8180109025 
 11.8213288876 11.8201500757 11.8189777880 
 11.8223452701 11.8211278175 11.8199080146 
 11.8233069011 11.8220545954 11.8207916182 
 11.8242061852 11.8229225579 11.8216205488 
 11.8250372127 11.8237255656 11.8223884673 
 11.8257954914 11.8244589392 11.8230905188 
 11.8264776973 11.8251192162 11.8237231039 
 11.8270814518 11.8257039286 11.8242836615 
 11.8276051276 11.8262114043 11.8247704699 
 11.8280476814 11.8266405943 11.8251824717 
 11.8284085137 11.8269909266 11.8255191213 
 11.8286873521 11.8272621826 11.8257802570 
 11.8288841565 11.8274543971 11.8259659951 
 11.8289990439 11.8275677780 11.8260766451 
 11.8290322311 11.8276026457 11.8261126451 
 11.8289839956 11.8275593909 11.8260745170 
 11.8288546516 11.8274384490 11.8259628390 
 11.8286445436 11.8272402933 11.8257782384 
 11.8283540556 11.8269654448 11.8255214020 
 11.8279836385 11.8266145015 11.8251931061 
 11.8275338555 11.8261881861 11.8247942675 
 11.8270054483 11.8256874154 11.8243260150 
 11.8263994244 11.8251133922 11.8237897835 
 11.8257171692 11.8244677197 11.8231874306 
 11.8249605831 11.8237525416 11.8225213745 
 11.8241322450 11.8229707045 11.8217947514 
 11.8232356016 11.8221259413 11.8210115852 
 11.8222751776 11.8212230670 11.8201769607 
 11.8212567982 11.8202681751 11.8192971818 
 11.8201878074 11.8192688142 11.8183798950 
 11.8190772559 11.8182341159 11.8174341474 
 11.8179360244 11.8171748397 11.8164703488 
 11.8167768373 11.8161032972 11.8155001125 
 11.8156141236 11.8150331249 11.8145359589 
 11.8144636927 11.8139788933 11.8135908916 
 11.8133422185 11.8129555704 11.8126778805 
 11.8122665680 11.8119778914 11.8118093110 
 11.8112530466 11.8110597106 11.8109964681 
 11.8103166622 11.8102134228 11.8102491182 
 11.8094705046 11.8094495198 11.8095752284 
 11.8087253094 11.8087763213 11.8089808341 
 11.8080892284 11.8081998761 11.8084700394 
 11.8075677888 11.8077240070 11.8080451177 
 11.8071639938 11.8073504536 11.8077066762 
 11.8068785085 11.8070790690 11.8074538476 
 11.8067098830 11.8069080307 11.8072844838 
 11.8066547743 11.8068340432 11.8071953341 
 11.8067081489 11.8068525148 11.8071821983 
 11.8068634587 11.8069577081 11.8072400551 
 11.8071127963 11.8071428669 11.8073631661 
 11.8074470420 11.8074003288 11.8075451653 
 11.8078560183 11.8077216364 11.8077791407 
 11.8083286690 11.8080976587 11.8080577170 
 11.8088532722 11.8085187345 11.8083731494 
 11.8094176933 11.8089748427 11.8087174330 
 11.8100096712 11.8094558012 11.8090824328 
 11.8106171225 11.8099514882 11.8094600315 
 11.8112284429 11.8104520724 11.8098422918 
 11.8118327800 11.8109482367 11.8102216222 
 11.8124202575 11.8114313781 11.8105909364 
 11.8129821344 11.8118937669 11.8109437921 
 11.8135108963 11.8123286584 11.8112745012 
 11.8140002793 11.8127303507 11.8115782032 
 11.8144452379 11.8130941933 11.8118508999 
 11.8148418696 11.8134165528 11.8120894537 
 11.8151873118 11.8136947466 11.8122915551 
 11.8154796229 11.8139269557 11.8124556667 
 11.8157176603 11.8141121271 11.8125809528 
 11.8159009640 11.8142498752 11.8126672025 
 11.8160296515 11.8143403898 11.8127147544 
 11.8161043296 11.8143843552 11.8127244278 
 11.8161260254 11.8143828868 11.8126974667 
 11.8160961377 11.8143374843 11.8126354978 
 11.8160164109 11.8142500063 11.8125405060 
 11.8158889310 11.8141226648 11.8124148275 
 11.8157161430 11.8139580394 11.8122611593 
 11.8155008899 11.8137591108 11.8120825853 
 11.8152464712 11.8135293112 11.8118826140 
 11.8149567184 11.8132725872 11.8116652252 
 11.8146360837 11.8129934707 11.8114349198 
 11.8142897361 11.8126971522 11.8111967643 
 11.8139236562 11.8123895453 11.8109564236 
 11.8135447208 11.8120773337 11.8107201720 
 11.8131607616 11.8117679892 11.8104948731 
 11.8127805856 11.8114697480 11.8102879226 
 11.8124139418 11.8111915376 11.8101071496 
 11.8120714225 11.8109428478 11.8099606765 
 11.8117642915 11.8107335469 11.8098567430 
 11.8115042435 11.8105736517 11.8098035050 
 11.8113031021 11.8104730634 11.8098088211 
 11.8111724785 11.8104412888 11.8098800419 
 11.8111234115 11.8104871640 11.8100238130 
 11.8111660151 11.8106185974 11.8102459012 
 11.8113091485 11.8108423384 11.8105510453 
 11.8115601219 11.8111637780 11.8109428313 
 11.8119244362 11.8115867740 11.8114235846 
 11.8124055550 11.8121134973 11.8119942724 
 11.8130047006 11.8127442896 11.8126544113 
 11.8137206732 11.8134775321 11.8134019747 
 11.8145496996 11.8143095274 11.8142333060 
 11.8154853304 11.8152344099 11.8151430441 
 11.8165184183 11.8162441068 11.8161240801 
 11.8176372156 11.8173283821 11.8171675680 
 11.8188276281 11.8184749936 11.8182630125 
 11.8200736447 11.8196699859 11.8193984573 
 11.8213579296 11.8208981224 11.8205607826 
 11.8226625291 11.8221434317 11.8217361035 
 11.8239696139 11.8233898164 11.8229102427 
 11.8252621685 11.8246216592 11.8240692292 
 11.8265245515 11.8258243555 11.8251997736 
 11.8277428845 11.8269847257 11.8262896690 
 11.8289052600 11.8280912791 11.8273280861 
 11.8300017890 11.8291343345 11.8283057504 
 11.8310245262 11.8301060158 11.8292150047 
 11.8319673121 11.8310001567 11.8300497786 
 11.8328255703 11.8318121452 11.8308054883 
 11.8335960864 11.8325387353 11.8314788914 
 11.8342767896 11.8331778497 11.8320679189 
 11.8348665481 11.8337283859 11.8325715005 
 11.8353649842 11.8341900361 11.8329893947 
 11.8357723127 11.8345631249 11.8333220307 
 11.8360892023 11.8348484678 11.8335703673 
 11.8363166589 11.8350472508 11.8337357689 
 11.8364559303 11.8351609293 11.8338199020 
 11.8365084302 11.8351911482 11.8338246502 
 11.8364756807 11.8351396796 11.8337520484 
 11.8363592729 11.8350083806 11.8336042369 
 11.8361608443 11.8347991679 11.8333834338 
 11.8358820741 11.8345140122 11.8330919280 
 11.8355246973 11.8341549520 11.8327320923 
 11.8350905370 11.8337241267 11.8323064175 
 11.8345815585 11.8332238330 11.8318175697 
 11.8339999462 11.8326566038 11.8312684708 
 11.8333482051 11.8320253130 11.8306624037 
 11.8326292897 11.8313333055 11.8300031416 
 11.8318467616 11.8305845549 11.8292951000 
 11.8310049754 11.8297838438 11.8285435063 
 11.8301092900 11.8289369635 11.8277545769 
 11.8291662983 11.8280509192 11.8269356889 
 11.8281840588 11.8271341230 11.8260955201 
 11.8271723060 11.8261965454 11.8252441305 
 11.8261426015 11.8252497878 11.8243929480 
 11.8251083815 11.8243070347 11.8235546262 
 11.8240848491 11.8233828455 11.8227427504 
 11.8230886696 11.8224927650 11.8219713931 
 11.8221374534 11.8216527630 11.8212545501 
 11.8212490537 11.8208785513 11.8206055196 
 11.8204407543 11.8201848626 11.8200363054 
 11.8197284562 11.8195847913 11.8195571220 
 11.8191259803 11.8190892795 11.8191760572 
 11.8186445683 11.8187068002 11.8188989119 
 11.8182926186 11.8184432417 11.8187292029 
 11.8180756375 11.8183019612 11.8186682900 
 11.8179963536 11.8182839551 11.8187155800 
 11.8180549273 11.8183880893 11.8188687626 
 11.8182491946 11.8186113416 11.8191240417 
 11.8185748997 11.8189490243 11.8194763414 
 11.8190258905 11.8193949668 11.8199194721 
 11.8195942689 11.8199416565 11.8204462587 
 11.8202705062 11.8205803437 11.8210486353 
 11.8210435413 11.8213011255 11.8217177178 
 11.8219008913 11.8220930291 11.8224438703 
 11.8228288034 11.8229441173 11.8232167804 
 11.8238124735 11.8238416352 11.8240255583 
 11.8248363467 11.8247722147 11.8248588729 
 11.8258844964 11.8257221392 11.8257051300 
 11.8269410608 11.8266776613 11.8265526921 
 11.8279906983 11.8276253530 11.8273901310 
 11.8290190170 11.8285524570 11.8282064951 
 11.8300129351 11.8294472077 11.8289915707 
 11.8309609438 11.8302990921 11.8297361143 
 11.8318532587 11.8310990324 11.8304320375 
 11.8326818668 11.8318394832 11.8310725311 
 11.8334404832 11.8325144484 11.8316521263 
 11.8341244417 11.8331194308 11.8321666945 
 11.8347305429 11.8336513301 11.8326133964 
 11.8352568784 11.8341083092 11.8329905919 
 11.8357026483 11.8344896408 11.8332977232 
 11.8360679837 11.8347955496 11.8335351836 
 11.8363537796 11.8350270579 11.8337041816 
 11.8365615443 11.8351858408 11.8338066070 
 11.8366932671 11.8352740951 11.8338449071 
 11.8367513038 11.8352944254 11.8338219738 
 11.8367382830 11.8352497468 11.8337410477 
 11.8366570299 11.8351432070 11.8336056374 
 11.8365105101 11.8349781269 11.8334194590 
 11.8363017919 11.8347579605 11.8331863933 
 11.8360340277 11.8344862743 11.8329104625 
 11.8357104547 11.8341667463 11.8325958264 
 11.8353344155 11.8338031851 11.8322467974 
 11.8349093992 11.8333995677 11.8318678725 
 11.8344391024 11.8329600969 11.8314637814 
 11.8339275103 11.8324892740 11.8310395457 
 11.8333789957 11.8319919852 11.8306005428 
 11.8327984312 11.8314735930 11.8301525672 
 11.8321913081 11.8309400232 11.8297018741 
 11.8315638488 11.8303978328 11.8292551907 
 11.8309230959 11.8298542389 11.8288196767 
 11.8302769544 11.8293170872 11.8284028145 
 11.8296341605 11.8287947372 11.8280122180 
 11.8290041503 11.8282958486 11.8276553560 
 11.8283968106 11.8278290674 11.8273392056 
 11.8278221101 11.8274026277 11.8270698679 
 11.8272896355 11.8270239105 11.8268521948 
 11.8268080799 11.8266990149 11.8266894805 
 11.8263847532 11.8264324030 11.8265832645 
 11.8260251823 11.8262266696 11.8265332722 
 11.8257328550 11.8260824606 11.8265374925 
 11.8255091304 11.8259985382 11.8265923686 
 11.8253533071 11.8259719643 11.8266930618 
 11.8252628160 11.8259983601 11.8268337447 
 11.8252334899 11.8260721993 11.8270078868 
 11.8252598672 11.8261870955 11.8272085054 
 11.8253354917 11.8263360623 11.8274283708 
 11.8254531847 11.8265117310 11.8276601611 
 11.8256052786 11.8267065242 11.8278965743 
 11.8257838091 11.8269127899 11.8281304060 
 11.8259806698 11.8271229047 11.8283546028 
 11.8261877378 11.8273293542 11.8285623035 
 11.8263969785 11.8275248004 11.8287468739 
 11.8266005364 11.8277021440 11.8289019446 
 11.8267908211 11.8278545872 11.8290214549 
 11.8269605913 11.8279757013 11.8290997065 
 11.8271030411 11.8280595006 11.8291314290 
 11.8272118893 11.8281005252 11.8291118564 
 11.8272814717 11.8280939304 11.8290368161 
 11.8273068352 11.8280355812 11.8289028264 
 11.8272838291 11.8279221507 11.8287072014 
 11.8272091936 11.8277512160 11.8284481603 
 11.8270806380 11.8275213500 11.8281249347 
 11.8268969084 11.8272322030 11.8277378711 
 11.8266578395 11.8268845698 11.8272885209 
 11.8263643883 11.8264804377 11.8267797124 
 11.8260186486 11.8260230109 11.8262155973 
 11.8256238433 11.8255167102 11.8256016663 
 11.8251842966 11.8249671434 11.8249447296 
 11.8247053857 11.8243810494 11.8242528583 
 11.8241934745 11.8237662164 11.8235352892 
 11.8236558306 11.8231313777 11.8228022954 
 11.8231005318 11.8224860902 11.8220650292 
 11.8225363630 11.8218406014 11.8213353459 
 11.8219727078 11.8212057099 11.8206256180 
 11.8214194379 11.8205926226 11.8199485458 
 11.8208868019 11.8200128133 11.8193169718 
 11.8203853111 11.8194778797 11.8187436986 
 11.8199256214 11.8189993982 11.8182413084 
 11.8195184052 11.8185887680 11.8178219771 
 11.8191742049 11.8182570376 11.8174972712 
 11.8189032604 11.8180147007 11.8172779168 
 11.8187152980 11.8178714536 11.8171735259 
 11.8186192743 11.8178359015 11.8171922718 
 11.8186230670 11.8179152123 11.8173405090 
 11.8187331147 11.8181147210 11.8176223483 
 11.8189540175 11.8184375040 11.8180392126 
 11.8192881239 11.8188839596 11.8185894240 
 11.8197351482 11.8194514521 11.8192678923 
 11.8202918785 11.8201340926 11.8200659930 
 11.8209520437 11.8209227305 11.8209717107 
 11.8217064000 11.8218052142 11.8219700931 
 11.8225430697 11.8227669272 11.8230439909 
 11.8234481159 11.8237915516 11.8241749932 
 11.8244062841 11.8248619493 11.8253444121 
 11.8254018039 11.8259610290 11.8265341715 
 11.8264191351 11.8270724810 11.8277274896 
 11.8274435678 11.8281813055 11.8289093082 
 11.8284616308 11.8292741155 11.8300664826 
 11.8294613060 11.8303392411 11.8311877781 
 11.8304320795 11.8313666821 11.8322637370 
 11.8313648734 11.8323479634 11.8332864720 
 11.8322519055 11.8332759396 11.8342494305 
 11.8330865125 11.8341445839 11.8351471601 
 11.8338629662 11.8349487836 11.8359750926 
 11.8345762979 11.8356841557 11.8367293553 
 11.8352221442 11.8363468876 11.8374066124 
 11.8357966146 11.8369336062 11.8380039361 
 11.8362961861 11.8374412733 11.8385187055 
 11.8367176198 11.8378671056 11.8389485297 
 11.8370579016 11.8382085169 11.8392911917 
 11.8373142013 11.8384630793 11.8395446123 
 11.8374838508 11.8386285021 11.8397068288 
 11.8375643380 11.8387026256 11.8397759899 
 11.8375533149 11.8386834291 11.8397503619 
 11.8374486207 11.8385690519 11.8396283486 
 11.8372483168 11.8383578258 11.8394085216 
 11.8369507352 11.8380483215 11.8390896634 
 11.8365545415 11.8376394061 11.8386708217 
 11.8360588104 11.8371303153 11.8381513764 
 11.8354631187 11.8365207400 11.8375311217 
 11.8347676549 11.8358109300 11.8368103630 
 11.8339733489 11.8350018168 11.8359900326 
 11.8330820245 11.8340951579 11.8350718270 
 11.8320965768 11.8330937071 11.8340583680 
 11.8310211758 11.8320014113 11.8329533920 
 11.8298614986 11.8308236381 11.8317619700 
 11.8286249856 11.8295674322 11.8304907599 
 11.8273211149 11.8282417975 11.8291482904 
 11.8259616796 11.8268579933 11.8277452680 
 11.8245610420 11.8254298255 11.8262948928 
 11.8231363276 11.8239738964 11.8248131531 
 11.8217075076 11.8225097654 11.8233190538 
 11.8202973105 11.8210599564 11.8218347133 
 11.8189309094 11.8196497424 11.8203852541 
 11.8176353491 11.8183066531 11.8189984084 
 11.8164387220 11.8170596822 11.8177037936 
 11.8153691465 11.8159382313 11.8165318604 
 11.8144536453 11.8149708803 11.8155125904 
 11.8137170316 11.8141841114 11.8146740771 
 11.8131808878 11.8136011069 11.8140411391 
 11.8128626777 11.8132406949 11.8136340844 
 11.8127749869 11.8131164667 11.8134676809 
 11.8129248675 11.8132360502 11.8135503406 
 11.8133132823 11.8136005354 11.8138835122 
 11.8139346986 11.8142040953 11.8144613214 
 11.8147769461 11.8150339130 11.8152705610 
 11.8158214972 11.8160705678 11.8162911708 
 11.8170443004 11.8172889972 11.8174973154 
 11.8184171790 11.8186600295 11.8188590296 
 11.8199096383 11.8201522978 11.8203442258 
 11.8214907781 11.8217342158 11.8219207241 
 11.8231309837 11.8233756824 11.8235579725 
 11.8248031647 11.8250492955 11.8252282463 
 11.8264834646 11.8267310196 11.8269072869 
 11.8281515018 11.8284003823 11.8285744688 
 11.8297902693 11.8300403384 11.8302126388 
 11.8313858308 11.8316369411 11.8318077697 
 11.8329269229 11.8331789292 11.8333485372 
 11.8344045389 11.8346573034 11.8348258909 
 11.8358115377 11.8360649315 11.8362326564 
 11.8371422975 11.8373962024 11.8375631888 
 11.8383924220 11.8386467317 11.8388130785 
 11.8395584955 11.8398131193 11.8399789079 
 11.8406378841 11.8408927502 11.8410580538 
 11.8416285742 11.8418836345 11.8420485259 
 11.8425290428 11.8427842777 11.8429488377 
 11.8433381542 11.8435935773 11.8437579020 
 11.8440550764 11.8443107395 11.8444749470 
 11.8446792157 11.8449352119 11.8450994479 
 11.8452101634 11.8454666305 11.8456310732 
 11.8456476548 11.8459047773 11.8460696407 
 11.8459915377 11.8462495473 11.8464150838 
 11.8462417483 11.8465009244 11.8466674258 
 11.8463982962 11.8466589640 11.8468267623 
 11.8464612554 11.8467237842 11.8468932504 
 11.8464307624 11.8466955622 11.8468671053 
 11.8463070212 11.8465745392 11.8467486038 
 11.8460903141 11.8463610301 11.8465380944 
 11.8457810198 11.8460554417 11.8462360140 
 11.8453796378 11.8456582959 11.8458429119 
 11.8448868193 11.8451702612 11.8453594809 
 11.8443034066 11.8445921913 11.8447865956 
 11.8436304801 11.8439251722 11.8441253604 
 11.8428694167 11.8431705803 11.8433771666 
 11.8420219604 11.8423301519 11.8425437634 
 11.8410903079 11.8414060696 11.8416273434 
 11.8400772155 11.8404010677 11.8406306485 
 11.8389861299 11.8393185619 11.8395570998 
 11.8378213497 11.8381628107 11.8384109586 
 11.8365882249 11.8369391129 11.8371975244 
 11.8352933993 11.8356540490 11.8359233760 
 11.8339451019 11.8343157722 11.8345966624 
 11.8325534854 11.8329343471 11.8332274434 
 11.8311310062 11.8315221324 11.8318280735 
 11.8296928175 11.8300941799 11.8304136057 
 11.8282571279 11.8286686059 11.8290021701 
 11.8268454407 11.8272668497 11.8276152440 
 11.8254825544 11.8259137021 11.8262776968 
 11.8241961829 11.8246369585 11.8250174597 
 11.8230160744 11.8234665671 11.8238646880 
 11.8219725947 11.8224332250 11.8228503564 
 11.8210948923 11.8215665238 11.8220043819 
 11.8204089175 11.8208929133 11.8213535372 
 11.8199356487 11.8204338428 11.8209195200 
 11.8196898186 11.8202043915 11.8207175046 
 11.8196792723 11.8202125433 11.8207553485 
 11.8199049127 11.8204590777 11.8210334375 
 11.8203610835 11.8209379311 11.8215450365 
 11.8210362198 11.8216368650 11.8222769832 
 11.8219136409 11.8225383084 11.8232105957 
 11.8229724133 11.8236203023 11.8243227173 
 11.8241882545 11.8248575083 11.8255868484 
 11.8255344679 11.8262222580 11.8269743236 
 11.8269828916 11.8276856070 11.8284554743 
 11.8285048286 11.8292183450 11.8300007067 
 11.8300719126 11.8307919004 11.8315814240 
 11.8316568593 11.8323790876 11.8331707431 
 11.8332340632 11.8339546628 11.8347439839 
 11.8347800207 11.8354956821 11.8362789458 
 11.8362735804 11.8369816792 11.8377560024 
 11.8376960415 11.8383946957 11.8391580606 
 11.8390311331 11.8397192033 11.8404704290 
 11.8402649072 11.8409419560 11.8416806334 
 11.8413855792 11.8420518046 11.8427782104 
 11.8423833430 11.8430394973 11.8437544986 
 11.8432501802 11.8438974844 11.8446024425 
 11.8439796804 11.8446197390 11.8453164176 
 11.8445668789 11.8452016002 11.8458920791 
 11.8450081220 11.8456396425 11.8463262391 
 11.8453009591 11.8459315746 11.8466167709 
 11.8454440669 11.8460761669 11.8467625420 
 11.8454372042 11.8460732093 11.8467633740 
 11.8452811989 11.8459234981 11.8466200302 
 11.8449779661 11.8456288525 11.8463342303 
 11.8445305586 11.8451921608 11.8459086927 
 11.8439432468 11.8446174554 11.8453472030 
 11.8432216295 11.8439100164 11.8446547110 
 11.8423727711 11.8430765029 11.8438374541 
 11.8414053626 11.8421251091 11.8429031068 
 11.8403298992 11.8410657415 11.8418609535 
 11.8391588634 11.8399102077 11.8407220810 
 11.8379068994 11.8386724077 11.8394995787 
 11.8365909560 11.8373685056 11.8382087357 
 11.8352303713 11.8360170605 11.8368672108 
 11.8338468663 11.8346390797 11.8354951445 
 11.8324644133 11.8332579606 11.8341151756 
 11.8311089484 11.8318992786 11.8327523149 
 11.8298079106 11.8305903913 11.8314336331 
 11.8285896072 11.8293598423 11.8301877289 
 11.8274824256 11.8282365732 11.8290439677 
 11.8265139334 11.8272489772 11.8280315109 
 11.8257099117 11.8264238460 11.8271781880 
 11.8250933682 11.8257852695 11.8265092810 
 11.8246835590 11.8253535386 11.8260462940 
 11.8244950423 11.8251440904 11.8258057724 
 11.8245367911 11.8251665386 11.8257982327 
 11.8248114203 11.8254238527 11.8260272798 
 11.8253146356 11.8259117996 11.8264890281 
 11.8260350621 11.8266188051 11.8271719841 
 11.8269546207 11.8275264012 11.8280575496 
 11.8280495515 11.8286103449 11.8291212169 
 11.8292920258 11.8298423285 11.8303343596 
 11.8306521075 11.8311920171 11.8316663362 
 11.8320997113 11.8326290468 11.8330865283 
 11.8336062321 11.8341246576 11.8345659864 
 11.8351456604 11.8356527866 11.8360785180 
 11.8366951615 11.8371906155 11.8376012199 
 11.8382352151 11.8387186801 11.8391145732 
 11.8397494584 11.8402206902 11.8406022501 
 11.8412243646 11.8416831930 11.8420507690 
 11.8426488571 11.8430951790 11.8434490955 
 11.8440139219 11.8444476906 11.8447882482 
 11.8453122518 11.8457334650 11.8460609407 
 11.8465379374 11.8469466258 11.8472612721 
 11.8476862066 11.8480824230 11.8483844678 
 11.8487532091 11.8491370191 11.8494266645 
 11.8497358413 11.8501073146 11.8503847359 
 11.8506316030 11.8509908054 11.8512561501 
 