11.8277349180 11.8274004459 11.8273306789 
 11.8283063012 11.8280121058 11.8279837700 
 11.8288286656 11.8285748387 11.8285871416 
 11.8292984122 11.8290846730 11.8291364932 
 11.8297138518 11.8295395386 11.8296294086 
 11.8300752053 11.8299392610 11.8300653413 
 11.8303845917 11.8302855413 11.8304455858 
 11.8306460029 11.8305819230 11.8307732367 
 11.8308652616 11.8308337449 11.8310531368 
 11.8310499620 11.8310480771 11.8312918111 
 11.8312093835 11.8312336361 11.8314973845 
 11.8313543744 11.8314006726 11.8316794780 
 11.8314971935 11.8315608257 11.8318490765 
 11.8316513038 11.8317269322 11.8320183592 
 11.8318311026 11.8319127826 11.8322004830 
 11.8320515793 11.8321328098 11.8324093063 
 11.8323278858 11.8324016978 11.8326590402 
 11.8326748065 11.8327338974 11.8329638123 
 11.8331061206 11.8331430390 11.8333371347 
 11.8336338569 11.8336412399 11.8337912676 
 11.8342674630 11.8342383234 11.8343364924 
 11.8350129418 11.8349409920 11.8349803268 
 11.8358720547 11.8357520407 11.8357267517 
 11.8368417343 11.8366697373 11.8365755629 
 11.8379138753 11.8376875277 11.8375219895 
 11.8390756407 11.8387942056 11.8385567197 
 11.8403103219 11.8399746105 11.8396664196 
 11.8415986437 11.8412107837 11.8408347143 
 11.8429202736 11.8424833798 11.8420434753 
 11.8442552479 11.8437730681 11.8432741739 
 11.8455850902 11.8450616865 11.8445090641 
 11.8468935163 11.8463330221 11.8457320397 
 11.8481667427 11.8475732014 11.8469291215 
 11.8493934853 11.8487707627 11.8480886173 
 11.8505647597 11.8499165093 11.8492010442 
 11.8516735775 11.8510032408 11.8502589060 
 11.8527146110 11.8520254360 11.8512564031 
 11.8536838662 11.8529789343 11.8521891267 
 11.8545783900 11.8538606433 11.8530537704 
 11.8553960181 11.8546682848 11.8538478741 
 11.8561351658 11.8554001801 11.8545696056 
 11.8567946583 11.8560550757 11.8552175801 
 11.8573735953 11.8566320028 11.8557907147 
 11.8578712450 11.8571301667 11.8562881125 
 11.8582869630 11.8575488619 11.8567089728 
 11.8586201309 11.8578874076 11.8570525234 
 11.8588701130 11.8581451011 11.8573179708 
 11.8590362266 11.8583211870 11.8575044669 
 11.8591177255 11.8584148388 11.8576110887 
 11.8591137951 11.8584251527 11.8576368315 
 11.8590235578 11.8583511529 11.8575806128 
 11.8588460894 11.8581918074 11.8574412886 
 11.8585804457 11.8579460551 11.8572176808 
 11.8582257014 11.8576128452 11.8569086172 
 11.8577810009 11.8571911890 11.8565129850 
 11.8572456238 11.8566802276 11.8560298008 
 11.8566190682 11.8560793163 11.8554582974 
 11.8559011531 11.8553881309 11.8547980330 
 11.8550921460 11.8546067970 11.8540490247 
 11.8541929195 11.8537360505 11.8532119115 
 11.8532051416 11.8527774302 11.8522881505 
 11.8521315057 11.8517335093 11.8512802485 
 11.8509760019 11.8506081665 11.8501920306 
 11.8497442307 11.8494068929 11.8490289389 
 11.8484437478 11.8481371260 11.8477983475 
 11.8470844211 11.8468085817 11.8465098641 
 11.8456787545 11.8454335425 11.8451755694 
 11.8442421138 11.8440270300 11.8438101252 
 11.8427927592 11.8426067727 11.8424306658 
 11.8413515768 11.8411928724 11.8410563928 
 11.8399414214 11.8398071024 11.8397078306 
 11.8385860459 11.8384718388 11.8384057729 
 11.8373087057 11.8372087353 11.8371700465 
 11.8361306405 11.8360373425 11.8360182881 
 11.8350696978 11.8349739111 11.8349649407 
 11.8341393293 11.8340305687 11.8340206146 
 11.8333480781 11.8332149491 11.8331918559 
 11.8326995412 11.8325302382 11.8324812684 
 11.8321927003 11.8319755281 11.8318878856 
 11.8318224807 11.8315463512 11.8314076786 
 11.8315804206 11.8312352907 11.8310341108 
 11.8314553693 11.8310325970 11.8307586814 
 11.8314341706 11.8309267754 11.8305714312 
 11.8315023137 11.8309051334 11.8304614020 
 11.8316445423 11.8309542850 11.8304170514 
 11.8318454151 11.8310606131 11.8304266288 
 11.8320898047 11.8312106864 11.8304785131 
 11.8323633249 11.8313916257 11.8305615140 
 11.8326526697 11.8315914092 11.8306651306 
 11.8329458601 11.8317991100 11.8307797630 
 11.8332323947 11.8320050621 11.8308968720 
 11.8335033151 11.8322009538 11.8310090844 
 11.8337511951 11.8323798567 11.8311102456 
 11.8339700739 11.8325361987 11.8311954233 
 11.8341553481 11.8326656943 11.8312608715 
 11.8343036392 11.8327652446 11.8313039613 
 11.8344126502 11.8328328199 11.8313230913 
 11.8344810215 11.8328673344 11.8313175841 
 11.8345081940 11.8328685222 11.8312875791 
 11.8344942839 11.8328368203 11.8312339260 
 11.8344399752 11.8327732636 11.8311580864 
 11.8343464281 11.8326793943 11.8310620441 
 11.8342152080 11.8325571878 11.8309482284 
 11.8340482339 11.8324089948 11.8308194492 
 11.8338477449 11.8322374996 11.8306788440 
 11.8336162859 11.8320456931 11.8305298335 
 11.8333567087 11.8318368570 11.8303760829 
 11.8330721860 11.8316145549 11.8302214639 
 11.8327662339 11.8313826247 11.8300700094 
 11.8324427347 11.8311451641 11.8299258541 
 11.8321059526 11.8309064996 11.8297931531 
 11.8317605284 11.8306711287 11.8296759703 
 11.8314114437 11.8304436265 11.8295781336 
 11.8310639389 11.8302285096 11.8295030582 
 11.8307233794 11.8300300579 11.8294535478 
 11.8303950652 11.8298521027 11.8294315911 
 11.8300839960 11.8296977999 11.8294381796 
 11.8297946083 11.8295694158 11.8294731753 
 11.8295305187 11.8294681554 11.8295352519 
 11.8292943053 11.8293940610 11.8296219246 
 11.8290873589 11.8293459966 11.8297296662 
 11.8289098239 11.8293217193 11.8298540929 
 11.8287606304 11.8293180235 11.8299901905 
 11.8286376056 11.8293309310 11.8301325504 
 11.8285376399 11.8293558995 11.8302755859 
 11.8284568797 11.8293880227 11.8304137093 
 11.8283909223 11.8294222029 11.8305414620 
 11.8283349933 11.8294532879 11.8306535975 
 11.8282840971 11.8294761706 11.8307451250 
 11.8282331372 11.8294858555 11.8308113230 
 11.8281770098 11.8294775015 11.8308477364 
 11.8281106751 11.8294464483 11.8308501639 
 11.8280292145 11.8293882355 11.8308146473 
 11.8279278800 11.8292986221 11.8307374661 
 11.8278021427 11.8291736099 11.8306151434 
 11.8276477429 11.8290094772 11.8304444661 
 11.8274607477 11.8288028232 11.8302225199 
 11.8272376161 11.8285506259 11.8299467410 
 11.8269752735 11.8282503134 11.8296149840 
 11.8266711938 11.8278998473 11.8292256064 
 11.8263234879 11.8274978176 11.8287775673 
 11.8259309958 11.8270435459 11.8282705395 
 11.8254933765 11.8265371923 11.8277050301 
 11.8250111927 11.8259798612 11.8270825064 
 11.8244859802 11.8253736982 11.8264055189 
 11.8239202994 11.8247219698 11.8256778137 
 11.8233177578 11.8240291173 11.8249044222 
 11.8226830015 11.8233007746 11.8240917166 
 11.8220216695 11.8225437422 11.8232474181 
 11.8213403121 11.8217659128 11.8223805476 
 11.8206462744 11.8209761478 11.8215013115 
 11.8199475527 11.8201841090 11.8206209233 
 11.8192526320 11.8194000544 11.8197513680 
 11.8185703144 11.8186346138 11.8189051234 
 11.8179095489 11.8178985566 11.8180948599 
 11.8172792698 11.8172025671 11.8173331385 
 11.8166882501 11.8165570379 11.8166321263 
 11.8161449700 11.8159718861 11.8160033413 
 11.8156575001 11.8154563932 11.8154574320 
 11.8152333945 11.8150190639 11.8150039874 
 11.8148795883 11.8146674964 11.8146513710 
 11.8146022921 11.8144082552 11.8144065646 
 11.8144068781 11.8142467392 11.8142750147 
 11.8142977540 11.8141870386 11.8142604724 
 11.8142782229 11.8142317819 11.8143648267 
 11.8143503342 11.8143819767 11.8145879408 
 11.8145147334 11.8146368603 11.8149275102 
 11.8147705267 11.8149937783 11.8153789692 
 11.8151151804 11.8154481210 11.8159354832 
 11.8155444794 11.8159933446 11.8165880573 
 11.8160525667 11.8166211024 11.8173257861 
 11.8166320815 11.8173214976 11.8181362457 
 11.8172743980 11.8180834503 11.8190060016 
 11.8179699544 11.8188951486 11.8199211816 
 11.8187086416 11.8197445373 11.8208680470 
 11.8194802109 11.8206197880 11.8218334974 
 11.8202746569 11.8215097029 11.8228054600 
 11.8210825391 11.8224040159 11.8237731436 
 11.8218952165 11.8232935807 11.8247271558 
 11.8227049894 11.8241704480 11.8256595072 
 11.8235051526 11.8250278529 11.8265635296 
 11.8242899767 11.8258601349 11.8274337394 
 11.8250546359 11.8266626148 11.8282656731 
 11.8257951032 11.8274314513 11.8290557129 
 11.8265080275 11.8281634911 11.8298009191 
 11.8271906089 11.8288561255 11.8304988759 
 11.8278404779 11.8295071602 11.8311475563 
 11.8284555881 11.8301147019 11.8317452081 
 11.8290341237 11.8306770650 11.8322902612 
 11.8295744250 11.8311926978 11.8327812568 
 11.8300749334 11.8316601296 11.8332167966 
 11.8305341547 11.8320779372 11.8335955126 
 11.8309506426 11.8324447322 11.8339160562 
 11.8313230012 11.8327591665 11.8341771061 
 11.8316499055 11.8330199584 11.8343773961 
 11.8319301407 11.8332259361 11.8345157602 
 11.8321626559 11.8333760993 11.8345911976 
 11.8323466320 11.8334696963 11.8346029544 
 11.8324815583 11.8335063145 11.8345506210 
 11.8325673135 11.8334859796 11.8344342444 
 11.8326042423 11.8334092573 11.8342544474 
 11.8325932221 11.8332773507 11.8340125526 
 11.8325357095 11.8330921825 11.8337106981 
 11.8324337593 11.8328564521 11.8333519371 
 11.8322900116 11.8325736580 11.8329403059 
 11.8321076442 11.8322480755 11.8324808475 
 11.8318902963 11.8318846882 11.8319795800 
 11.8316419686 11.8314890748 11.8314434015 
 11.8313669151 11.8310672608 11.8308799351 
 11.8310695349 11.8306255498 11.8302973231 
 11.8307542759 11.8301703530 11.8297039913 
 11.8304255554 11.8297080310 11.8291084066 
 11.8300876992 11.8292447616 11.8285188529 
 11.8297448966 11.8287864395 11.8279432435 
 11.8294011695 11.8283386071 11.8273889825 
 11.8290603505 11.8279064146 11.8268628751 
 11.8287260691 11.8274946033 11.8263710842 
 11.8284017430 11.8271075051 11.8259191217 
 11.8280905749 11.8267490544 11.8255118659 
 11.8277955536 11.8264228057 11.8251535904 
 11.8275194590 11.8261319531 11.8248479982 
 11.8272648700 11.8258793472 11.8245982480 
 11.8270341733 11.8256675065 11.8244069693 
 11.8268295701 11.8254986175 11.8242762574 
 11.8266530783 11.8253745219 11.8242076455 
 11.8265065250 11.8252966859 11.8242020520 
 11.8263915267 11.8252661493 11.8242597024 
 11.8263094517 11.8252834550 11.8243800295 
 11.8262613628 11.8253485595 11.8245615630 
 11.8262479409 11.8254607322 11.8248018206 
 11.8262693917 11.8256184536 11.8250972208 
 11.8263253449 11.8258193295 11.8254430414 
 11.8264147607 11.8260600403 11.8258334439 
 11.8265358581 11.8263363441 11.8262615810 
 11.8266860860 11.8266431469 11.8267197882 
 11.8268621487 11.8269746431 11.8271998479 
 11.8270600917 11.8273245165 11.8276932966 
 11.8272754413 11.8276861791 11.8281917394 
 11.8275033815 11.8280530178 11.8286871326 
 11.8277389438 11.8284186198 11.8291720073 
 11.8279771865 11.8287769526 11.8296396167 
 11.8282133421 11.8291224850 11.8300840062 
 11.8284429220 11.8294502480 11.8305000153 
 11.8286617753 11.8297558417 11.8308832267 
 11.8288661052 11.8300353995 11.8312298813 
 11.8290524527 11.8302855255 11.8315367740 
 11.8292176576 11.8305032165 11.8318011445 
 11.8293588082 11.8306857804 11.8320205740 
 11.8294731888 11.8308307604 11.8321928924 
 11.8295582313 11.8309358695 11.8323161035 
 11.8296114783 11.8309989411 11.8323883272 
 11.8296305596 11.8310178965 11.8324077626 
 11.8296131853 11.8309907324 11.8323726720 
 11.8295571568 11.8309155274 11.8322813839 
 11.8294603973 11.8307904690 11.8321323184 
 11.8293209994 11.8306139009 11.8319240317 
 11.8291372926 11.8303843893 11.8316552814 
 11.8289079257 11.8301008092 11.8313251121 
 11.8286319657 11.8297624470 11.8309329599 
 11.8283090061 11.8293691190 11.8304787761 
 11.8279392822 11.8289213019 11.8299631658 
 11.8275237865 11.8284202681 11.8293875406 
 11.8270643743 11.8278682211 11.8287542757 
 11.8265638528 11.8272684188 11.8280668665 
 11.8260260398 11.8266252733 11.8273300689 
 11.8254557851 11.8259444139 11.8265500109 
 11.8248589456 11.8252326998 11.8257342557 
 11.8242423096 11.8244981713 11.8248918004 
 11.8236134741 11.8237499353 11.8240329938 
 11.8229806816 11.8229979856 11.8231693683 
 11.8223526292 11.8222529717 11.8223133890 
 11.8217382672 11.8215259329 11.8214781366 
 11.8211466028 11.8208280228 11.8206769527 
 11.8205865215 11.8201702460 11.8199230794 
 11.8200666356 11.8195632262 11.8192293247 
 11.8195951631 11.8190170151 11.8186077763 
 11.8191798315 11.8185409443 11.8180695739 
 11.8188278028 11.8181435115 11.8176247362 
 11.8185456082 11.8178322898 11.8172820279 
 11.8183390805 11.8176138428 11.8170488474 
 11.8182132760 11.8174936307 11.8169311123 
 11.8181723730 11.8174758934 11.8169331245 
 11.8182195424 11.8175635014 11.8170574022 
 11.8183567873 11.8177577723 11.8173044785 
 11.8185847552 11.8180582628 11.8176726785 
 11.8189025354 11.8184625534 11.8181579055 
 11.8193074639 11.8189660619 11.8187534807 
 11.8197949688 11.8195619278 11.8194500950 
 11.8203584951 11.8202410179 11.8202359282 
 11.8209895482 11.8209920951 11.8210969738 
 11.8216778852 11.8218021681 11.8220175703 
 11.8224118589 11.8226570062 11.8229810912 
 11.8231788898 11.8235417649 11.8239707052 
 11.8239660120 11.8244416401 11.8249701036 
 11.8247604223 11.8253424648 11.8259641005 
 11.8255499641 11.8262311799 11.8269390526 
 11.8263234961 11.8270961443 11.8278830839 
 11.8270711235 11.8279272831 11.8287861390 
 11.8277842964 11.8287160976 11.8296399055 
 11.8284557965 11.8294555726 11.8304376507 
 11.8290796446 11.8301400206 11.8311740142 
 11.8296509582 11.8307648931 11.8318447856 
 11.8301657857 11.8313265849 11.8324466884 
 11.8306209372 11.8318222466 11.8329771825 
 11.8310138246 11.8322496149 11.8334342918 
 11.8313423184 11.8326068661 11.8338164575 
 11.8316046261 11.8328924943 11.8341224187 
 11.8317991931 11.8331052131 11.8343511181 
 11.8319246261 11.8332438820 11.8345016301 
 11.8319796383 11.8333074528 11.8345731108 
 11.8319630158 11.8332949372 11.8345647664 
 11.8318736033 11.8332053932 11.8344758404 
 11.8317103088 11.8330379288 11.8343056172 
 11.8314721268 11.8327917238 11.8340534415 
 11.8311581799 11.8324660683 11.8337187553 
 11.8307677785 11.8320604194 11.8333011496 
 11.8303005006 11.8315744754 11.8328004352 
 11.8297562912 11.8310082703 11.8322167315 
 11.8291355833 11.8303622896 11.8315505753 
 11.8284394421 11.8296376085 11.8308030535 
 11.8276697322 11.8288360548 11.8299759597 
 11.8268293078 11.8279603982 11.8290719780 
 11.8259222245 11.8270145640 11.8280948955 
 11.8249539657 11.8260038694 11.8270498415 
 11.8239316745 11.8249352761 11.8259435506 
 11.8228643729 11.8238176421 11.8247846389 
 11.8217631434 11.8226619543 11.8235838738 
 11.8206412400 11.8214815061 11.8223544102 
 11.8195140903 11.8202919791 11.8211119474 
 11.8183991502 11.8191113813 11.8198747559 
 11.8173155879 11.8179597987 11.8186635168 
 11.8162837907 11.8168589363 11.8175009275 
 11.8153247246 11.8158314568 11.8164110588 
 11.8144592001 11.8149001632 11.8154184903 
 11.8137071169 11.8140871059 11.8145473011 
 11.8130867548 11.8134127013 11.8138200187 
 11.8126141548 11.8128949367 11.8132566298 
 11.8123026029 11.8125486965 11.8128737223 
 11.8121622005 11.8123852098 11.8126837800 
 11.8121994910 11.8124115922 11.8126946178 
 11.8124171187 11.8126304580 11.8129089348 
 11.8128135203 11.8130396020 11.8133239863 
 11.8133826853 11.8136317949 11.8139314224 
 11.8141140641 11.8143947774 11.8147173860 
 11.8149927210 11.8153115602 11.8156629774 
 11.8159998227 11.8163611106 11.8167451502 
 11.8171134906 11.8175194254 11.8179380034 
 11.8183099532 11.8187608828 11.8192143140 
 11.8195648435 11.8200596719 11.8205470711 
 11.8208544407 11.8213910800 11.8219107791 
 11.8221566804 11.8227324684 11.8232823811 
 11.8234518349 11.8240638685 11.8246417649 
 11.8247228541 11.8253682207 11.8259719058 
 11.8259554192 11.8266313356 11.8272587473 
 11.8271377959 11.8278416750 11.8284909230 
 11.8282605683 11.8289900369 11.8296594046 
 11.8293163204 11.8300692083 11.8307571349 
 11.8302993106 11.8310736258 11.8317786795 
 11.8312051661 11.8319990658 11.8327199168 
 11.8320306110 11.8328423732 11.8335777698 
 11.8327732326 11.8336012328 11.8343499816 
 11.8334312852 11.8342739777 11.8350349296 
 11.8340035291 11.8348594336 11.8356314748 
 11.8344891003 11.8353567936 11.8361388405 
 11.8348874069 11.8357655185 11.8365565159 
 11.8351980491 11.8360852592 11.8368841812 
 11.8354207582 11.8363157988 11.8371216513 
 11.8355553540 11.8364570106 11.8372688346 
 11.8356017171 11.8365088310 11.8373257061 
 11.8355597746 11.8364712457 11.8372922935 
 11.8354294999 11.8363442881 11.8371686748 
 11.8352109238 11.8361280498 11.8369549872 
 11.8349041583 11.8358227024 11.8366514475 
 11.8345094328 11.8354285312 11.8362583840 
 11.8340271431 11.8349459817 11.8357762798 
 11.8334579143 11.8343757189 11.8352058291 
 11.8328026800 11.8337187019 11.8345480080 
 11.8320627782 11.8329762749 11.8338041612 
 11.8312400680 11.8321502782 11.8329761067 
 11.8303370705 11.8312431813 11.8320662632 
 11.8293571360 11.8302582427 11.8310778028 
 11.8283046442 11.8291997018 11.8300148338 
 11.8271852393 11.8280730045 11.8288826191 
 11.8260061032 11.8268850699 11.8276878335 
 11.8247762658 11.8256445952 11.8264388636 
 11.8235069467 11.8243623988 11.8251461479 
 11.8222119077 11.8230517839 11.8238225468 
 11.8209077847 11.8217288979 11.8224837202 
 11.8196143404 11.8204130327 11.8211484656 
 11.8183545546 11.8191267889 11.8198389434 
 11.8171544490 11.8178959970 11.8185806827 
 11.8160425390 11.8167492731 11.8174022399 
 11.8150488391 11.8157171110 11.8163343848 
 11.8142034248 11.8148304752 11.8154087499 
 11.8135346573 11.8141189729 11.8146559849 
 11.8130672680 11.8136087988 11.8141035964 
 11.8128205418 11.8133207175 11.8137737551 
 11.8128068056 11.8132683454 11.8136813799 
 11.8130303744 11.8134569341 11.8138327539 
 11.8134870552 11.8138827934 11.8142248498 
 11.8141642913 11.8145334428 11.8148454680 
 11.8150420009 11.8153885361 11.8156742192 
 11.8160940903 11.8164215040 11.8166842721 
 11.8172904778 11.8176017165 11.8178446286 
 11.8185993265 11.8188968247 11.8191225587 
 11.8199891240 11.8202749006 11.8204857974 
 11.8214303167 11.8217060878 11.8219042152 
 11.8228963665 11.8231636414 11.8233508540 
 11.8243642515 11.8246244007 11.8248023848 
 11.8258145352 11.8260688303 11.8262391329 
 11.8272311526 11.8274807860 11.8276448302 
 11.8286010476 11.8288471380 11.8290062322 
 11.8299137546 11.8301573473 11.8303126895 
 11.8311609854 11.8314030500 11.8315557321 
 11.8323362509 11.8325776799 11.8327286919 
 11.8334345315 11.8336761408 11.8338263767 
 11.8344519967 11.8346945287 11.8348447944 
 11.8353857734 11.8356299024 11.8357809241 
 11.8362337536 11.8364800931 11.8366325281 
 11.8369944390 11.8372435511 11.8373979981 
 11.8376668137 11.8379192190 11.8380762304 
 11.8382502418 11.8385064307 11.8386665245 
 11.8387443849 11.8390048293 11.8391685010 
 11.8391491366 11.8394143017 11.8395820365 
 11.8394645714 11.8397349273 11.8399072119 
 11.8396909067 11.8399669402 11.8401442741 
 11.8398284752 11.8401107011 11.8402936080 
 11.8398777092 11.8401666811 11.8403557193 
 11.8398391335 11.8401354544 11.8403312275 
 11.8397133697 11.8400177021 11.8402208683 
 11.8395011484 11.8398142239 11.8400255062 
 11.8392033324 11.8395259612 11.8397461564 
 11.8388209493 11.8391540290 11.8393840164 
 11.8383552349 11.8386997587 11.8389405094 
 11.8378076881 11.8381647529 11.8384173378 
 11.8371801386 11.8375509523 11.8378165505 
 11.8364748302 11.8368607181 11.8371406246 
 11.8356945211 11.8360969315 11.8363925646 
 11.8348426060 11.8352631146 11.8355760228 
 11.8339232635 11.8343635760 11.8346954445 
 11.8329416343 11.8334035879 11.8337562431 
 11.8319040344 11.8323895961 11.8327650102 
 11.8308182085 11.8313294717 11.8317297648 
 11.8296936256 11.8302328029 11.8306602427 
 11.8285418107 11.8291112241 11.8295682234 
 11.8273767014 11.8279787684 11.8284678776 
 11.8262149920 11.8268522083 11.8273761032 
 11.8250764055 11.8257513236 11.8263127835 
 11.8239837918 11.8246989940 11.8253008675 
 11.8229629117 11.8237209733 11.8243661232 
 11.8220417459 11.8228451787 11.8235363940 
 11.8212491940 11.8221003542 11.8228402153 
 11.8206131443 11.8215140843 11.8223047659 
 11.8201580879 11.8211103360 11.8219533454 
 11.8199026646 11.8209069396 11.8218028121 
 11.8198576532 11.8209135551 11.8218615615 
 11.8200248646 11.8211306180 11.8221285614 
 11.8203971736 11.8215495086 11.8225936851 
 11.8209596352 11.8221538596 11.8232392141 
 11.8216913753 11.8229216351 11.8240420850 
 11.8225678226 11.8238274879 11.8249763363 
 11.8235628554 11.8248449421 11.8260152923 
 11.8246505639 11.8259481107 11.8271332094 
 11.8258064921 11.8271128445 11.8283063238 
 11.8270083674 11.8283173572 11.8295133737 
 11.8282364134 11.8295424461 11.8307357377 
 11.8294733692 11.8307714438 11.8319573291 
 11.8307043303 11.8319900155 11.8331643593 
 11.8319164974 11.8331858847 11.8343450470 
 11.8330988938 11.8343485409 11.8354893210 
 11.8342420856 11.8354689601 11.8365885428 
 11.8353379246 11.8365393517 11.8376352594 
 11.8363793211 11.8375529391 11.8386229904 
 11.8373600501 11.8385037726 11.8395460494 
 11.8382745887 11.8393865744 11.8403993943 
 11.8391179820 11.8401966109 11.8411785064 
 11.8398857346 11.8409295898 11.8418792914 
 11.8405737260 11.8415815786 11.8424980025 
 11.8411781445 11.8421489427 11.8430311803 
 11.8416954406 11.8426283003 11.8434756097 
 11.8421222961 11.8430164925 11.8438282914 
 11.8424556092 11.8433105689 11.8440864271 
 11.8426924944 11.8435077868 11.8442474186 
 11.8428302967 11.8436056243 11.8443088803 
 11.8428666216 11.8436018083 11.8442686651 
 11.8427993809 11.8434943581 11.8441249056 
 11.8426268551 11.8432816447 11.8438760716 
 11.8423477763 11.8429624696 11.8435210451 
 11.8419614323 11.8425361652 11.8430592165 
 11.8414677957 11.8420027192 11.8424906047 
 11.8408676818 11.8413629282 11.8418160061 
 11.8401629393 11.8406185837 11.8410371752 
 11.8393566758 11.8397726951 11.8401570439 
 11.8384535212 11.8388297533 11.8391799816 
 11.8374599248 11.8377960325 11.8381120986 
 11.8363844787 11.8366799278 11.8369615906 
 11.8352382479 11.8354923101 11.8357391112 
 11.8340350725 11.8342468707 11.8344581474 
 11.8327917913 11.8329604055 11.8331353548 
 11.8315283190 11.8316529693 11.8317907803 
 11.8302674998 11.8303478145 11.8304478857 
 11.8290346741 11.8290710316 11.8291332696 
 11.8278569331 11.8278508375 11.8278760137 
 11.8267620993 11.8267165264 11.8267066343 
 11.8257775397 11.8256971781 11.8256557172 
 11.8249289610 11.8248202849 11.8247523987 
 11.8242393295 11.8241104750 11.8240228973 
 11.8237280026 11.8235884581 11.8234892659 
 11.8234100849 11.8232702372 11.8231684440 
 11.8232959641 11.8231665530 11.8230715952 
 11.8233909605 11.8232824927 11.8232036671 
 11.8236950497 11.8236172177 11.8235631211 
 11.8242026717 11.8241638216 11.8241418435 
 11.8249027033 11.8249094017 11.8249253219 
 11.8257787135 11.8258354674 11.8258932103 
 11.8268096144 11.8269187879 11.8270203725 
 11.8279707419 11.8281326862 11.8282783738 
 11.8292352799 11.8294486448 11.8296372454 
 11.8305758210 11.8308379772 11.8310672397 
 11.8319658128 11.8322732972 11.8325403029 
 11.8333806850 11.8337295955 11.8340310930 
 11.8347985603 11.8351848606 11.8355175141 
 11.8362005641 11.8366202893 11.8369808394 
 11.8375708159 11.8380201936 11.8384055475 
 11.8388962136 11.8393717221 11.8397789940 
 11.8401661054 11.8406644927 11.8410910136 
 11.8413719249 11.8418902035 11.8423335150 
 11.8425068320 11.8430422647 11.8435001056 
 11.8435653879 11.8441154695 11.8445857621 
 11.8445432723 11.8451057126 11.8455865498 
 11.8454370461 11.8460097554 11.8464993914 
 11.8462439567 11.8468250353 11.8473218785 
 11.8469617812 11.8475495109 11.8480521197 
 11.8475887021 11.8481815409 11.8486886209 
 11.8481232110 11.8487197888 11.8492301912 
 11.8485640356 11.8491631508 11.8496758712 
 11.8489100864 11.8495107029 11.8500248796 
 11.8491604206 11.8497616635 11.8502765751 
 11.8493142209 11.8499153717 11.8504304329 
 11.8493707874 11.8499712771 11.8504860333 
 11.8493295416 11.8499289422 11.8504430616 
 11.8491900427 11.8497880559 11.8503013196 
 11.8489520149 11.8495484580 11.8500607470 
 11.8486153862 11.8492101754 11.8497214552 
 11.8481803401 11.8487734696 11.8492837709 
 11.8476473800 11.8482388978 11.8487482937 
 11.8470174090 11.8476073873 11.8481159666 
 11.8462918272 11.8468803278 11.8473881631 
 11.8454726481 11.8460596819 11.8465667922 
 11.8445626402 11.8451481191 11.8456544263 
 11.8435654958 11.8441491775 11.8446544552 
 11.8424860328 11.8430674567 11.8435712723 
 11.8413304355 11.8419088497 11.8424104974 
 11.8401065354 11.8406808163 11.8411792424 
 11.8388241355 11.8393927011 11.8398864233 
 11.8374953706 11.8380560929 11.8385431162 
 11.8361350876 11.8366852128 11.8371629494 
 11.8347612095 11.8352973004 11.8357625058 
 11.8333950232 11.8339129437 11.8343616842 
 11.8320612958 11.8325562630 11.8329839396 
 11.8307880982 11.8312548277 11.8316562807 
 11.8296062050 11.8300391641 11.8304088778 
 11.8285479721 11.8289417340 11.8292741434 
 11.8276456869 11.8279953437 11.8282852161 
 11.8269295129 11.8272310787 11.8274739138 
 11.8264252772 11.8266760042 11.8268683812 
 11.8261524020 11.8263509573 11.8264907719 
 11.8261222551 11.8262687456 11.8263553131 
 11.8263371134 11.8264329840 11.8264670203 
 11.8267898638 11.8268377094 11.8268212156 
 11.8274645119 11.8274678376 11.8274039134 
 11.8283374997 11.8283004537 11.8281930537 
 11.8293797049 11.8293068009 11.8291604494 
 11.8305588326 11.8304546836 11.8302741721 
 11.8318418044 11.8317108897 11.8315009919 
 11.8331967729 11.8330432590 11.8328084959 
 11.8345945394 11.8344221633 11.8341666386 
 11.8360093383 11.8358213502 11.8355486583 
 11.8374190928 11.8372182456 11.8369314417 
 11.8388053028 11.8385938747 11.8382954889 
 11.8401527218 11.8399325587 11.8396246378 
 11.8414489416 11.8412215088 11.8409056726 
 11.8426839623 11.8424503989 11.8421279014 
 11.8438497888 11.8436109612 11.8432827506 
 11.8449400752 11.8446966262 11.8443634020 
 11.8459498211 11.8457022149 11.8453644786 
 11.8468751175 11.8466236797 11.8462817800 
 11.8477129379 11.8474578901 11.8471120621 
 11.8484609672 11.8482024571 11.8478528558 
 11.8491174615 11.8488555886 11.8485023176 
 11.8496811347 11.8494159718 11.8490591068 
 11.8501510657 11.8498826769 11.8495222855 
 11.8505266237 11.8502550784 11.8498912357 
 11.8508074076 11.8505327918 11.8501655928 
 11.8509931983 11.8507156225 11.8503451911 
 11.8510839220 11.8508035268 11.8504300218 
 11.8510796242 11.8507965823 11.8504202010 
 11.8509804519 11.8506949685 11.8503159473 
 11.8507866466 11.8504989566 11.8501175693 
 11.8504985454 11.8502089084 11.8498254621 
 11.8501165912 11.8498252845 11.8494401132 
 11.8496413535 11.8493486620 11.8489621182 
 11.8490735578 11.8487797630 11.8483922075 
 11.8484141276 11.8481194939 11.8477312835 
 11.8476642391 11.8473689980 11.8469804723 
 11.8468253897 11.8465297238 11.8461411905 
 11.8458994867 11.8456035109 11.8452152306 
 11.8448889563 11.8445926990 11.8442048696 
 11.8437968805 11.8435002639 11.8431130052 
 11.8426271671 11.8423299872 11.8419433257 
 11.8413847584 11.8410866647 11.8407005201 
 11.8400758861 11.8397763619 11.8393905336 
 11.8387083772 11.8384067193 11.8380208742 
 11.8372920105 11.8369873089 11.8366009685 
 11.8358389165 11.8355300322 11.8351425570 
 11.8343639949 11.8340495341 11.8336601012 
 11.8328853016 11.8325635826 11.8321711503 
 11.8314243153 11.8310933257 11.8306965787 
 11.8300059624 11.8296633025 11.8292605702 
 11.8286582420 11.8283010578 11.8278902057 
 11.8274113134 11.8270362287 11.8266145332 
 11.8262959890 11.8258990598 11.8254630941 
 11.8253417341 11.8249184571 11.8244640307 
 11.8245744498 11.8241198605 11.8236420581 
 11.8240144227 11.8235233031 11.8230166529 
 11.8236747828 11.8231419777 11.8226007512 
 11.8235606617 11.8229814722 11.8224000864 
 11.8236690665 11.8230396679 11.8224131345 
 11.8239893716 11.8233071872 11.8226315444 
 11.8245042965 11.8237682600 11.8230409164 
 11.8251912440 11.8244018930 11.8236218246 
 11.8260238688 11.8251832469 11.8243510125 
 11.8269737329 11.8260851178 11.8252026900 
 11.8280118861 11.8270794004 11.8261498508 
 11.8291102205 11.8281384026 11.8271655060 
 11.8302424979 11.8292359063 11.8282237368 
 11.8313850155 11.8303479163 11.8293004960 
 11.8325169373 11.8314530951 11.8303741306 
 11.8336203616 11.8325329300 11.8314256466 
 11.8346802030 11.8335716960 11.8324387600 
 11.8356839651 11.8345562867 11.8333997965 
 11.8366214606 11.8354759700 11.8342974951 
 11.8374845179 11.8363221136 11.8351227632 
 11.8382666992 11.8370879104 11.8358684159 
 11.8389630419 11.8377681188 11.8365289214 
 11.8395698298 11.8383588282 11.8371001645 
 11.8400843934 11.8388572519 11.8375792348 
 11.8405049388 11.8392615481 11.8379642402 
 11.8408304017 11.8395706656 11.8382541453 
 11.8410603242 11.8397842134 11.8384486344 
 11.8411947513 11.8399023502 11.8385479937 
 11.8412341436 11.8399256922 11.8385530144 
 11.8411793065 11.8398552374 11.8384649110 
 11.8410313325 11.8396923035 11.8382852570 
 11.8407915558 11.8394384808 11.8380159330 
 11.8404615202 11.8390955971 11.8376590912 
 11.8400429583 11.8386656963 11.8372171323 
 11.8395377843 11.8381510308 11.8366926975 
 11.8389480998 11.8375540680 11.8360886770 
 11.8382762157 11.8368775141 11.8354082348 
 11.8375246904 11.8361243553 11.8346548534 
 11.8366963890 11.8352979202 11.8338323998 
 11.8357945648 11.8344019662 11.8329452158 
 11.8348229673 11.8334407921 11.8319982342 
 11.8337859798 11.8324193790 11.8309971215 
 11.8326887880 11.8313435616 11.8299484469 
 11.8315375806 11.8302202246 11.8288598700 
 11.8303397769 11.8290575190 11.8277403363 
 11.8291042679 11.8278650794 11.8266002582 
 11.8278416509 11.8266542142 11.8254516475 
 11.8265644163 11.8254380263 11.8243081541 
 11.8252870341 11.8242314072 11.8231849561 
 11.8240258708 11.8230508427 11.8220984501 
 11.8227988710 11.8219139783 11.8210657117 
 11.8216249564 11.8208389256 11.8201037361 
 11.8205231515 11.8198433516 11.8192285276 
 11.8195115155 11.8189434501 11.8184541520 
 11.8186060253 11.8181529483 11.8177918916 
 11.8178195882 11.8174822967 11.8172496216 
 11.8171613304 11.8169381528 11.8168314782 
 11.8166362413 11.8165231958 11.8165378231 
 11.8162451678 11.8162362427 11.8163654616 
 11.8159850921 11.8160725943 11.8163080410 
 11.8158495981 11.8160245246 11.8163565553 
 11.8158294364 11.8160818366 11.8164998914 
 11.8159131148 11.8162324282 11.8167253695 
 11.8160874694 11.8164628276 11.8170192463 
 11.8163381886 11.8167586808 11.8173671665 
 11.8166502797 11.8171051801 11.8177545524 
 11.8170084770 11.8174874346 11.8181669349 
 11.8173975924 11.8178907835 11.8185902273 
 11.8178028160 11.8183010604 11.8190109496 
 11.8182099709 11.8187048125 11.8194164105 
 11.8186057280 11.8190894831 11.8197948540 
 11.8189777864 11.8194435615 11.8201355790 
 11.8193150241 11.8197567082 11.8204290373 
 11.8196076220 11.8200198587 11.8206669163 
 11.8198471673 11.8202253103 11.8208422105 
 11.8200267374 11.8203667977 11.8209492863 
 11.8201409701 11.8204395576 11.8209839425 
 11.8201861208 11.8204403867 11.8209434683 
 11.8201601100 11.8203676940 11.8208267000 
 11.8200625620 11.8202215476 11.8206340758 
 11.8198948359 11.8200037152 11.8203676884 
 11.8196600468 11.8197176974 11.8200313303 
 11.8193630764 11.8193687495 11.8196305304 
 11.8190105700 11.8189638884 11.8191725746 
 11.8186109155 11.8185118790 11.8186665048 
 11.8181742015 11.8180231966 11.8181230903 
 11.8177121487 11.8175099577 11.8175547644 
 11.8172380125 11.8169858169 11.8169755209 
 11.8167664522 11.8164658266 11.8164007691 
 11.8163133659 11.8159662580 11.8158471427 
 11.8158956889 11.8155043829 11.8153322679 
 11.8155311553 11.8150982188 11.8148744896 
 11.8152380209 11.8147662368 11.8144925627 
 11.8150347448 11.8145270327 11.8142053080 
 11.8149396235 11.8143989568 11.8140312336 
 11.8149703698 11.8143996960 11.8139881163 
 11.8151436224 11.8145457965 11.8140925344 
 11.8154743731 11.8148521140 11.8143593373 
 11.8159752998 11.8153311770 11.8148010416 
 11.8166560044 11.8159924635 11.8154271472 
 11.8175221806 11.8168416084 11.8162433892 
 11.8185747779 11.8178796022 11.8172509738 
 11.8198092826 11.8191020897 11.8184458992 
 11.8212152928 11.8204989353 11.8198185079 
 11.8227765775 11.8220542375 11.8213534499 
 11.8244717544 11.8237469336 11.8230301977 
 11.8262755774 11.8255520035 11.8248241445 
 11.8281606380 11.8274421044 11.8267081521 
 11.8300991592 11.8293893358 11.8286542728 
 11.8320645525 11.8313668101 11.8306353308 
 11.8340325268 11.8333498041 11.8326261251 
 11.8359816956 11.8353164210 11.8346041605 
 11.8378937549 11.8372478174 11.8365499410 
 11.8397533594 11.8391281178 11.8384469355 
 11.8415478278 11.8409441427 11.8402813408 
 11.8432667759 11.8426850550 11.8420417466 
 11.8449017437 11.8443419913 11.8437187750 
 11.8464458534 11.8459077190 11.8453047393 
 11.8478935121 11.8473763369 11.8467933407 
 11.8492401646 11.8487430229 11.8481794129 
 11.8504820927 11.8500038292 11.8494587106 
 11.8516162540 11.8511555172 11.8506277401 
 11.8526401561 11.8521954270 11.8516836235 
 11.8535517566 11.8531213751 11.8526239926 
 11.8543493861 11.8539315736 11.8534469044 
 11.8550316884 11.8546245686 11.8541507767 
 11.8555975741 11.8551991919 11.8547343369 
 11.8560461858 11.8556545241 11.8551965837 
 11.8563768719 11.8559898681 11.8555367588 
 11.8565891691 11.8562047297 11.8557543265 
 11.8566827908 11.8562988061 11.8558489610 
 11.8566576229 11.8562719805 11.8558205411 
 11.8565137246 11.8561243236 11.8556691510 
 11.8562513367 11.8558561009 11.8553950880 
 11.8558708949 11.8554677871 11.8549988771 
 11.8553730510 11.8549600872 11.8544812927 
 11.8547587008 11.8543339655 11.8538433889 
 11.8540290211 11.8535906834 11.8530865391 
 11.8531855174 11.8527318490 11.8522124872 
 11.8522300845 11.8517594795 11.8512234124 
 11.8511650839 11.8506760808 11.8501220126 
 11.8499934421 11.8494847488 11.8489116091 
 11.8487187746 11.8481892974 11.8475962788 
 11.8473455437 11.8467944189 11.8461810201 
 11.8458792540 11.8453058852 11.8446719583 
 11.8443266946 11.8437307926 11.8430765955 
 11.8426962290 11.8420778555 11.8414041071 
 11.8409981331 11.8403577445 11.8396656789 
 11.8392449652 11.8385834530 11.8378748667 
 11.8374519369 11.8367706563 11.8360479386 
 11.8356372237 11.8349380008 11.8342041319 
 11.8338221189 11.8331072226 11.8323657235 
 11.8320309035 11.8313029708 11.8305577897 
 11.8302903008 11.8295522088 11.8288075396 
 11.8286284276 11.8278831232 11.8271431715 
 11.8270732758 11.8263235904 11.8255923251 
 11.8256509142 11.8248994058 11.8241803495 
 11.8243837319 11.8236325939 11.8229286996 
 11.8232890585 11.8225401152 11.8218537520 
 11.8223783837 11.8216331664 11.8209662010 
 11.8216572119 11.8209170856 11.8202710255 
 11.8211254334 11.8203917409 11.8197678959 
 11.8207780230 11.8200522142 11.8194518431 
 11.8206058831 11.8198896118 11.8193140324 
 11.8205967011 11.8198918805 11.8193425355 
 11.8207357452 11.8200445621 11.8195230418 
 11.8210065692 11.8203314622 11.8198394907 
 11.8213916229 11.8207352308 11.8202746245 
 11.8218727755 11.8212378659 11.8208104742 
 11.8224317663 11.8218211527 11.8214287898 
 11.8230505942 11.8224670487 11.8221114245 
 11.8237118534 11.8231580237 11.8228406808 
 11.8243990225 11.8238773586 11.8235996188 
 11.8250967110 11.8246094036 11.8243723281 
 11.8257908649 11.8253397999 11.8251441614 
 11.8264689350 11.8260556618 11.8259019286 
 11.8271200099 11.8267457226 11.8266340513 
 11.8277349180 11.8274004459 11.8273306789 
 