11.8211128146 11.8212682065 11.8216753595 
 11.8205005665 11.8206737154 11.8211047251 
 11.8199191979 11.8201136069 11.8205706079 
 11.8193644389 11.8195830597 11.8200676345 
 11.8188335285 11.8190787733 11.8195919667 
 11.8183253195 11.8185990789 11.8191414181 
 11.8178403447 11.8181440100 11.8187155272 
 11.8173808476 11.8177153356 11.8183155942 
 11.8169507796 11.8173165601 11.8179446827 
 11.8165557649 11.8169528903 11.8176075906 
 11.8162030322 11.8166311698 11.8173107878 
 11.8159013109 11.8163597788 11.8170623216 
 11.8156606894 11.8161484960 11.8168716829 
 11.8154924305 11.8160083179 11.8167496322 
 11.8154087377 11.8159512281 11.8167079727 
 11.8154224638 11.8159899076 11.8167592653 
 11.8155467503 11.8161373735 11.8169164679 
 11.8157945841 11.8164065320 11.8171924874 
 11.8161782568 11.8168096292 11.8175996259 
 11.8167087136 11.8173575881 11.8181489087 
 11.8173947886 11.8180592274 11.8188492920 
 11.8182423438 11.8189203822 11.8197067695 
 11.8192533673 11.8199429851 11.8207234392 
 11.8204251374 11.8211242202 11.8218966456 
 11.8217496170 11.8224559190 11.8232183702 
 11.8232132748 11.8239244008 11.8246750725 
 11.8247974967 11.8255109168 11.8262481430 
 11.8264796305 11.8271927342 11.8279149988 
 11.8282345272 11.8289447092 11.8296506655 
 11.8300362854 11.8307410435 11.8314295360 
 11.8318598573 11.8325568821 11.8332269626 
 11.8336822629 11.8343695028 11.8350204363 
 11.8354833103 11.8361590072 11.8367902671 
 11.8372458627 11.8379085613 11.8385198148 
 11.8389557695 11.8396043068 11.8401953957 
 11.8406015933 11.8412350768 11.8418059956 
 11.8421742437 11.8427920231 11.8433428975 
 11.8436665904 11.8442682292 11.8447992959 
 11.8450731026 11.8456583498 11.8461699383 
 11.8463895319 11.8469582965 11.8474508131 
 11.8476126473 11.8481649751 11.8486388890 
 11.8487400193 11.8492760727 11.8497319036 
 11.8497698484 11.8502898877 11.8507281946 
 11.8507008302 11.8512051975 11.8516265688 
 11.8515320519 11.8520211556 11.8524261993 
 11.8522629126 11.8527372133 11.8531265481 
 11.8528930635 11.8533530601 11.8537273063 
 11.8534223632 11.8538685799 11.8542283502 
 11.8538508461 11.8542838185 11.8546297085 
 11.8541786994 11.8545989613 11.8549315398 
 11.8544062502 11.8548143188 11.8551341174 
 11.8545339584 11.8549303201 11.8552378218 
 11.8545624164 11.8549475112 11.8552431385 
 11.8544923556 11.8548665606 11.8551506629 
 11.8543246582 11.8546882699 11.8549611097 
 11.8540603748 11.8544135908 11.8546753285 
 11.8537007484 11.8540436476 11.8542943254 
 11.8532472456 11.8535797662 11.8538192904 
 11.8527015937 11.8530235102 11.8532516321 
 11.8520658278 11.8523767254 11.8525930199 
 11.8513423472 11.8516415938 11.8518454361 
 11.8505339841 11.8508206996 11.8510112392 
 11.8496440883 11.8499171103 11.8500932423 
 11.8486766309 11.8489344763 11.8490948093 
 11.8476363310 11.8478771542 11.8480199748 
 11.8465288133 11.8467503591 11.8468735922 
 11.8453607980 11.8455603506 11.8456615164 
 11.8441403319 11.8443146596 11.8443908272 
 11.8428770588 11.8430223577 11.8430700962 
 11.8415825282 11.8416943665 11.8417096977 
 11.8402705240 11.8403437965 11.8403221532 
 11.8389573817 11.8389862832 11.8389224821 
 11.8376622290 11.8376402652 11.8375285089 
 11.8364070529 11.8363271122 11.8361610373 
 11.8352164597 11.8350709723 11.8348437682 
 11.8341169837 11.8338981938 11.8336028141 
 11.8331358402 11.8328362003 11.8324656804 
 11.8322991352 11.8319118069 11.8314596797 
 11.8316297248 11.8311491336 11.8306099086 
 11.8311450844 11.8305674523 11.8299370990 
 11.8308556195 11.8301793900 11.8294557558 
 11.8307637601 11.8299898482 11.8291729482 
 11.8308639806 11.8299958045 11.8290879399 
 11.8311436628 11.8301869516 11.8291926365 
 11.8315845640 11.8305469669 11.8294726675 
 11.8321645799 11.8310551338 11.8299088543 
 11.8328595101 11.8316880447 11.8304788134 
 11.8336446038 11.8324211635 11.8311584911 
 11.8344957602 11.8332301077 11.8319234830 
 11.8353903500 11.8340915898 11.8327500626 
 11.8363076949 11.8349840247 11.8336159009 
 11.8372292777 11.8358878549 11.8345005050 
 11.8381387606 11.8367856622 11.8353854302 
 11.8390218870 11.8376621357 11.8362543251 
 11.8398663191 11.8385039522 11.8370928688 
 11.8406614500 11.8392996148 11.8378886445 
 11.8413982150 11.8400392752 11.8386309829 
 11.8420689146 11.8407145605 11.8393107987 
 11.8426670560 11.8413184131 11.8399204332 
 11.8431872152 11.8418449485 11.8404535097 
 11.8436249198 11.8422893321 11.8409048071 
 11.8439765507 11.8426476755 11.8412701509 
 11.8442392612 11.8429169497 11.8415463216 
 11.8444109116 11.8430949156 11.8417309809 
 11.8444900175 11.8431800688 11.8418226128 
 11.8444757121 11.8431715983 11.8418204802 
 11.8443677188 11.8430693587 11.8417245950 
 11.8441663373 11.8428738549 11.8415357030 
 11.8438724409 11.8425862401 11.8412552826 
 11.8434874860 11.8422083273 11.8408855573 
 11.8430135366 11.8417426157 11.8404295252 
 11.8424533034 11.8411923324 11.8398910031 
 11.8418102001 11.8405614932 11.8392746898 
 11.8410884198 11.8398549813 11.8385862471 
 11.8402930328 11.8390786477 11.8378323988 
 11.8394301079 11.8382394315 11.8370210465 
 11.8385068555 11.8373454977 11.8361613955 
 11.8375317911 11.8364063872 11.8352640814 
 11.8365149079 11.8354331632 11.8343412793 
 11.8354678437 11.8344385349 11.8334067697 
 11.8344040119 11.8334369236 11.8324759256 
 11.8333386567 11.8324444293 11.8315655784 
 11.8322887813 11.8314786477 11.8306937212 
 11.8312728901 11.8305582935 11.8298790203 
 11.8303105033 11.8297026040 11.8291401319 
 11.8294214270 11.8289305367 11.8284948603 
 11.8286248189 11.8282598230 11.8279592370 
 11.8279381421 11.8277059831 11.8275466238 
 11.8273761452 11.8272814299 11.8272669521 
 11.8269500071 11.8269947757 11.8271261855 
 11.8266667557 11.8268504180 11.8271260558 
 11.8265290087 11.8268484250 11.8272640779 
 11.8265350251 11.8269847009 11.8275338191 
 11.8266790163 11.8272513775 11.8279253710 
 11.8269516434 11.8276373671 11.8284259640 
 11.8273406301 11.8281290117 11.8290206593 
 11.8278314255 11.8287107666 11.8296930553 
 11.8284078675 11.8293658678 11.8304259557 
 11.8290528054 11.8300769427 11.8312019558 
 11.8297486573 11.8308265367 11.8320039240 
 11.8304778835 11.8315975416 11.8328153687 
 11.8312233722 11.8323735234 11.8336206966 
 11.8319687371 11.8331389579 11.8344053773 
 11.8326985378 11.8338793878 11.8351560342 
 11.8333984331 11.8345815177 11.8358604827 
 11.8340552826 11.8352332651 11.8365077336 
 11.8346572098 11.8358237806 11.8370879771 
 11.8351936380 11.8363434520 11.8375925604 
 11.8356553116 11.8367839009 11.8380139646 
 11.8360343086 11.8371379791 11.8383457901 
 11.8363240532 11.8373997713 11.8385827509 
 11.8365193326 11.8375646071 11.8387206842 
 11.8366163219 11.8376290854 11.8387565745 
 11.8366126204 11.8375911148 11.8386885951 
 11.8365073008 11.8374499681 11.8385161678 
 11.8363009715 11.8372063549 11.8382400407 
 11.8359958519 11.8368625088 11.8378623842 
 11.8355958567 11.8364222881 11.8373869039 
 11.8351066852 11.8358912848 11.8368189651 
 11.8345359072 11.8352769348 11.8361657243 
 11.8338930357 11.8345886188 11.8354362576 
 11.8331895733 11.8338377397 11.8346416710 
 11.8324390178 11.8330377610 11.8337951772 
 11.8316568118 11.8322041861 11.8329121163 
 11.8308602234 11.8313544631 11.8320098990 
 11.8300681482 11.8305078000 11.8311078528 
 11.8293008297 11.8296848830 11.8302269563 
 11.8285794998 11.8289074985 11.8293894586 
 11.8279259486 11.8281980697 11.8286183909 
 11.8273620330 11.8275791217 11.8279369887 
 11.8269091359 11.8270726922 11.8273680489 
 11.8265875769 11.8266997004 11.8269332432 
 11.8264159745 11.8264792777 11.8266524036 
 11.8264105501 11.8264280565 11.8265427835 
 11.8265843664 11.8265594110 11.8266182911 
 11.8269465081 11.8268826546 11.8268887008 
 11.8275012440 11.8274022282 11.8273588654 
 11.8282472629 11.8281169607 11.8280280041 
 11.8291771350 11.8290195451 11.8288891915 
 11.8302771925 11.8300964153 11.8299292222 
 11.8315280019 11.8313281926 11.8311290193 
 11.8329054865 11.8326907735 11.8324646640 
 11.8343825787 11.8341569480 11.8339089621 
 11.8359311049 11.8356982722 11.8354332907 
 11.8375235485 11.8372868448 11.8370093856 
 11.8391344116 11.8388967003 11.8386107775 
 11.8407410536 11.8405046903 11.8402137300 
 11.8423240403 11.8420908695 11.8417976817 
 11.8438671222 11.8436385045 11.8433452984 
 11.8453569837 11.8451338400 11.8448422685 
 11.8467828794 11.8465657451 11.8462769653 
 11.8481362416 11.8479253229 11.8476400630 
 11.8494103060 11.8492055353 11.8489241603 
 11.8505997797 11.8504008666 11.8501234417 
 11.8517005596 11.8515070378 11.8512333847 
 11.8527095000 11.8525207681 11.8522505168 
 11.8536242243 11.8534395827 11.8531722155 
 11.8544429752 11.8542616571 11.8539965480 
 11.8551644949 11.8549856938 11.8547221417 
 11.8557879316 11.8556108243 11.8553480818 
 11.8563127662 11.8561365319 11.8558738296 
 11.8567387549 11.8565625917 11.8562991580 
 11.8570658862 11.8568890235 11.8566241015 
 11.8572943480 11.8571160567 11.8568489176 
 11.8574245057 11.8572441056 11.8569740586 
 11.8574568884 11.8572737525 11.8570001524 
 11.8573921832 11.8572057400 11.8569279920 
 11.8572312379 11.8570409714 11.8567585331 
 11.8569750713 11.8567805184 11.8564928996 
 11.8566248925 11.8564256384 11.8561323984 
 11.8561821277 11.8559777990 11.8556785425 
 11.8556484575 11.8554387139 11.8551330842 
 11.8550258648 11.8548103888 11.8544980594 
 11.8543166952 11.8540951797 11.8537758457 
 11.8535237319 11.8532958680 11.8529692347 
 11.8526502896 11.8524157519 11.8520815250 
 11.8517003293 11.8514587625 11.8511166365 
 11.8506786015 11.8504296052 11.8500792540 
 11.8495908204 11.8493339361 11.8489750036 
 11.8484438782 11.8481785757 11.8478106690 
 11.8472461014 11.8469717679 11.8465944515 
 11.8460075550 11.8457234844 11.8453362771 
 11.8447403884 11.8444457725 11.8440481448 
 11.8434592107 11.8431531303 11.8427444999 
 11.8421814591 11.8418628735 11.8414425958 
 11.8409276960 11.8405954278 11.8401627766 
 11.8397217281 11.8393744431 11.8389285735 
 11.8385904002 11.8382265797 11.8377664737 
 11.8375628897 11.8371808049 11.8367052023 
 11.8366693627 11.8362670678 11.8357744043 
 11.8359389676 11.8355143404 11.8350027296 
 11.8353973437 11.8349482070 11.8344155113 
 11.8350640375 11.8345883780 11.8340324000 
 11.8349503382 11.8344466074 11.8338653949 
 11.8350579941 11.8345254306 11.8339176409 
 11.8353790706 11.8348179562 11.8341831852 
 11.8358969429 11.8353087083 11.8346476872 
 11.8365881767 11.8359753151 11.8352899127 
 11.8374248938 11.8367907003 11.8360837291 
 11.8383771771 11.8377253857 11.8370002677 
 11.8394151482 11.8387495546 11.8380099373 
 11.8405105079 11.8398346508 11.8390840556 
 11.8416374969 11.8409544365 11.8401959923 
 11.8427733533 11.8420855516 11.8413218322 
 11.8438984024 11.8432076873 11.8424406423 
 11.8449959109 11.8443035013 11.8435344583 
 11.8460518167 11.8453583840 11.8445880977 
 11.8470544095 11.8463601571 11.8455888844 
 11.8479940084 11.8472987567 11.8465263423 
 11.8488626610 11.8481659306 11.8473918938 
 11.8496538767 11.8489549649 11.8481785809 
 11.8503623950 11.8496604439 11.8488808179 
 11.8509839885 11.8502780448 11.8494941769 
 11.8515152976 11.8508043632 11.8500152046 
 11.8519536903 11.8512367664 11.8504412676 
 11.8522971474 11.8515732703 11.8507704214 
 11.8525441649 11.8518124370 11.8510013022 
 11.8526936751 11.8519532901 11.8511330359 
 11.8527449808 11.8519952446 11.8511651634 
 11.8526977033 11.8519380507 11.8510975804 
 11.8525517418 11.8517817503 11.8509304896 
 11.8523072439 11.8515266436 11.8506643651 
 11.8519645864 11.8511732682 11.8502999280 
 11.8515243673 11.8507223885 11.8498381340 
 11.8509874085 11.8501749964 11.8492801727 
 11.8503547706 11.8495323253 11.8486274797 
 11.8496277808 11.8487958765 11.8478817634 
 11.8488080751 11.8479674621 11.8470450479 
 11.8478976594 11.8470492664 11.8461197351 
 11.8468989901 11.8460439278 11.8451086896 
 11.8458150796 11.8449546472 11.8440153494 
 11.8446496324 11.8437853268 11.8428438686 
 11.8434072146 11.8425407444 11.8415992958 
 11.8420934654 11.8412267673 11.8402877920 
 11.8407153523 11.8398506115 11.8389168908 
 11.8392814730 11.8384211424 11.8374957968 
 11.8378023982 11.8369492121 11.8360357120 
 11.8362910400 11.8354480108 11.8345501635 
 11.8347630098 11.8339333928 11.8330552869 
 11.8332369068 11.8324241134 11.8315699971 
 11.8317344462 11.8309418813 11.8301159530 
 11.8302803128 11.8295111209 11.8287172172 
 11.8289016233 11.8281583438 11.8273995359 
 11.8276269278 11.8269110908 11.8261892325 
 11.8264847785 11.8257965061 11.8251118103 
 11.8255020226 11.8248397241 11.8241904587 
 11.8247020824 11.8240623220 11.8234446975 
 11.8241034946 11.8234810753 11.8228893559 
 11.8237188979 11.8231071569 11.8225339754 
 11.8235545206 11.8229457888 11.8223826146 
 11.8236101032 11.8229962661 11.8224339634 
 11.8238791489 11.8232522401 11.8226816556 
 11.8243494060 11.8237021707 11.8231146986 
 11.8250035367 11.8243299052 11.8237179824 
 11.8258199595 11.8251153803 11.8244728665 
 11.8267738643 11.8260354566 11.8253578622 
 11.8278383676 11.8270648814 11.8263494208 
 11.8289857336 11.8281773366 11.8274228097 
 11.8301885486 11.8293464930 11.8285530269 
 11.8314207346 11.8305469721 11.8297156783 
 11.8326583154 11.8317551281 11.8308877371 
 11.8338799037 11.8329495984 11.8320481269 
 11.8350669233 11.8341116131 11.8331780990 
 11.8362036193 11.8352250935 11.8342614127 
 11.8372769175 11.8362765870 11.8352843481 
 11.8382761935 11.8372550924 11.8362355972 
 11.8391929991 11.8381518243 11.8371060759 
 11.8400207792 11.8389599523 11.8378886955 
 11.8407546012 11.8396743400 11.8385781204 
 11.8413909069 11.8402912995 11.8391705311 
 11.8419272921 11.8408083687 11.8396634041 
 11.8423623151 11.8412241147 11.8400553132 
 11.8426953324 11.8415379631 11.8403457545 
 11.8429263589 11.8417500516 11.8405349949 
 11.8430559498 11.8418611060 11.8406239429 
 11.8430851029 11.8418723366 11.8406140388 
 11.8430151777 11.8417853519 11.8405071643 
 11.8428478298 11.8416020894 11.8403055689 
 11.8425849610 11.8413247617 11.8400118122 
 11.8422286828 11.8409558180 11.8396287230 
 11.8417812942 11.8404979192 11.8391593724 
 11.8412452739 11.8399539303 11.8386070654 
 11.8406232886 11.8393269279 11.8379753484 
 11.8399182181 11.8386202269 11.8372680360 
 11.8391331995 11.8378374263 11.8364892590 
 11.8382716938 11.8369824780 11.8356435343 
 11.8373375758 11.8360597795 11.8347358582 
 11.8363352519 11.8350742933 11.8337718250 
 11.8352698058 11.8340316920 11.8327577668 
 11.8341471738 11.8329385280 11.8317009123 
 11.8329743441 11.8318024212 11.8306095521 
 11.8317595743 11.8306322506 11.8294931949 
 11.8305126067 11.8294383296 11.8283626872 
 11.8292448544 11.8282325295 11.8272302629 
 11.8279695158 11.8270283109 11.8261094791 
 11.8267015650 11.8258406109 11.8250150012 
 11.8254575605 11.8246855450 11.8239622090 
 11.8242552295 11.8235799007 11.8229666273 
 11.8231128163 11.8225404402 11.8220432225 
 11.8220482377 11.8215830793 11.8212056456 
 11.8210781415 11.8207220459 11.8204655217 
 11.8202170044 11.8199691398 11.8198318831 
 11.8194763982 11.8193331912 11.8193108113 
 11.8188645155 11.8188197699 11.8189053074 
 11.8183859823 11.8184311445 11.8186153703 
 11.8180419266 11.8181664471 11.8184382351 
 11.8178302378 11.8180219814 11.8183687120 
 11.8177459417 11.8179916083 11.8183995743 
 11.8177816249 11.8180671586 11.8185219530 
 11.8179278635 11.8182388351 11.8187257105 
 11.8181736261 11.8184955845 11.8189997805 
 11.8185066428 11.8188254320 11.8193324667 
 11.8189137367 11.8192157773 11.8197117045 
 11.8193811250 11.8196536589 11.8201252886 
 11.8198946964 11.8201259919 11.8205610748 
 11.8204402714 11.8206197853 11.8210071603 
 11.8210038503 11.8211223454 11.8214520492 
 11.8215718493 11.8216214653 11.8218848052 
 11.8221313238 11.8221056018 11.8222951926 
 11.8226701730 11.8225640384 11.8226738068 
 11.8231773203 11.8229870298 11.8230121908 
 11.8236428656 11.8233659267 11.8233029378 
 11.8240582026 11.8236932759 11.8235397768 
 11.8244160997 11.8239628955 11.8237176394 
 11.8247107462 11.8241699235 11.8238327085 
 11.8249377625 11.8243108402 11.8238824460 
 11.8250941822 11.8243834670 11.8238656025 
 11.8251784082 11.8243869436 11.8237822082 
 11.8251901501 11.8243216867 11.8236335472 
 11.8251303481 11.8241893346 11.8234221166 
 11.8250010878 11.8239926796 11.8231515729 
 11.8248055117 11.8237355932 11.8228266665 
 11.8245477299 11.8234229465 11.8224531687 
 11.8242327340 11.8230605285 11.8220377913 
 11.8238663163 11.8226549645 11.8215881015 
 11.8234549954 11.8222136372 11.8211124342 
 11.8230059504 11.8217446095 11.8206198009 
 11.8225269613 11.8212565497 11.8201197960 
 11.8220263559 11.8207586575 11.8196224972 
 11.8215129582 11.8202605851 11.8191383574 
 11.8209960349 11.8197723505 11.8186780816 
 11.8204852304 11.8193042327 11.8182524813 
 11.8199904841 11.8188666423 11.8178722988 
 11.8195219156 11.8184699559 11.8175479934 
 11.8190896700 11.8181243060 11.8172894811 
 11.8187037110 11.8178393206 11.8171058280 
 11.8183735575 11.8176238118 11.8170048989 
 11.8181079634 11.8174854197 11.8169929769 
 11.8179145537 11.8174302316 11.8170743779 
 11.8177994375 11.8174624055 11.8172510983 
 11.8177668346 11.8175838398 11.8175225434 
 11.8178187591 11.8177939357 11.8178853874 
 11.8179548067 11.8180894985 11.8183336078 
 11.8181720856 11.8184648118 11.8188587175 
 11.8184653156 11.8189118917 11.8194501827 
 11.8188270923 11.8194209027 11.8200959835 
 11.8192482902 11.8199806841 11.8207832424 
 11.8197185519 11.8205793187 11.8214988404 
 11.8202268032 11.8212046748 11.8222299491 
 11.8207617332 11.8218448653 11.8229644347 
 11.8213121975 11.8224885918 11.8236911195 
 11.8218675194 11.8231253655 11.8243999123 
 11.8224176873 11.8237456201 11.8250818333 
 11.8229534599 11.8243407364 11.8257289670 
 11.8234664004 11.8249030093 11.8263343708 
 11.8239488604 11.8254255784 11.8268919650 
 11.8243939360 11.8259023450 11.8273964214 
 11.8247954112 11.8263278875 11.8278430602 
 11.8251477019 11.8266973870 11.8282277641 
 11.8254458073 11.8270065660 11.8285469111 
 11.8256852755 11.8272516463 11.8287973278 
 11.8258621845 11.8274293243 11.8289762622 
 11.8259731414 11.8275367660 11.8290813767 
 11.8260152984 11.8275716201 11.8291107592 
 11.8259863887 11.8275320499 11.8290629517 
 11.8258847785 11.8274167826 11.8289369969 
 11.8257095386 11.8272251768 11.8287325016 
 11.8254605332 11.8269573075 11.8284497172 
 11.8251385265 11.8266140699 11.8280896386 
 11.8247453070 11.8261973011 11.8276541217 
 11.8242838278 11.8257099202 11.8271460199 
 11.8237583613 11.8251560856 11.8265693399 
 11.8231746631 11.8245413670 11.8259294154 
 11.8225401388 11.8238729267 11.8252330964 
 11.8218640015 11.8231597011 11.8244889467 
 11.8211574057 11.8224125691 11.8237074384 
 11.8204335353 11.8216444870 11.8229011271 
 11.8197076206 11.8208705623 11.8220847790 
 11.8189968581 11.8201080357 11.8212754196 
 11.8183202046 11.8193761350 11.8204922599 
 11.8176980291 11.8186957715 11.8197564599 
 11.8171516122 11.8180890563 11.8190906921 
 11.8167025003 11.8175786322 11.8185184859 
 11.8163717341 11.8171868376 11.8180633542 
 11.8161789784 11.8169347342 11.8177477368 
 11.8161415854 11.8168410438 11.8175918126 
 11.8162736249 11.8169210461 11.8176122532 
 11.8165849216 11.8171854974 11.8178210037 
 11.8170801636 11.8176396526 11.8182241935 
 11.8177581833 11.8182825042 11.8188213123 
 11.8186115542 11.8191063936 11.8196048140 
 11.8196266660 11.8200971573 11.8205603142 
 11.8207843972 11.8212349162 11.8216674771 
 11.8220613818 11.8224954799 11.8229015370 
 11.8234317025 11.8238521622 11.8242352235 
 11.8248687106 11.8252776820 11.8256407372 
 11.8263466531 11.8267458191 11.8270914389 
 11.8278418799 11.8282326086 11.8285630432 
 11.8293335553 11.8297170167 11.8300342745 
 11.8308039228 11.8311811657 11.8314870680 
 11.8322382431 11.8326102386 11.8329064521 
 11.8336245315 11.8339921932 11.8342802491 
 11.8349532014 11.8353173916 11.8355986958 
 11.8362166834 11.8365782140 11.8368540538 
 11.8374090657 11.8377686966 11.8380402465 
 11.8385257731 11.8388842114 11.8391525406 
 11.8395632940 11.8399211955 11.8401872754 
 11.8405189530 11.8408769256 11.8411416403 
 11.8413907265 11.8417493354 11.8420134917 
 11.8421770930 11.8425368674 11.8428012069 
 11.8428769144 11.8432383552 11.8435035655 
 11.8434893419 11.8438529294 11.8441196553 
 11.8440137421 11.8443799433 11.8446487978 
 11.8444496396 11.8448189148 11.8450904881 
 11.8447966730 11.8451694817 11.8454443493 
 11.8450545634 11.8454313676 11.8457100969 
 11.8452230916 11.8456043585 11.8458875129 
 11.8453020857 11.8456882873 11.8459764290 
 11.8452914155 11.8456830272 11.8459767172 
 11.8451909963 11.8455884922 11.8458882881 
 11.8450007994 11.8454046454 11.8457110975 
 11.8447208706 11.8451315152 11.8454451594 
 11.8443513570 11.8447692194 11.8450905675 
 11.8438925431 11.8443179976 11.8446475255 
 11.8433448957 11.8437782538 11.8441163863 
 11.8427091216 11.8431506099 11.8434977025 
 11.8419862378 11.8424359727 11.8427922897 
 11.8411776599 11.8416356171 11.8420013067 
 11.8402853100 11.8407512900 11.8411263541 
 11.8393117511 11.8397853386 11.8401695994 
 11.8382603523 11.8387408703 11.8391339306 
 11.8371354921 11.8376219490 11.8380231483 
 11.8359428047 11.8364338356 11.8368421997 
 11.8346894748 11.8351832761 11.8355974618 
 11.8333845797 11.8338788395 11.8342970744 
 11.8320394704 11.8325312965 11.8329513162 
 11.8306681648 11.8311540179 11.8315730041 
 11.8292877052 11.8297633444 11.8301778704 
 11.8279183951 11.8283788505 11.8287848438 
 11.8265837981 11.8270233863 11.8274161196 
 11.8253103614 11.8257227587 11.8260968831 
 11.8241265458 11.8245049290 11.8248545570 
 11.8230614328 11.8233986807 11.8237175198 
 11.8221429229 11.8224318575 11.8227133801 
 11.8213957925 11.8216294262 11.8218670568 
 11.8208399502 11.8210117118 11.8211990097 
 11.8204891775 11.8205931048 11.8207239335 
 11.8203504856 11.8203813918 11.8204500779 
 11.8204240518 11.8203776809 11.8203791744 
 11.8207036034 11.8205767846 11.8205068269 
 11.8211770981 11.8209678940 11.8208231908 
 11.8218275885 11.8215354143 11.8213137956 
 11.8226342039 11.8222598862 11.8219604257 
 11.8235732098 11.8231189531 11.8227420175 
 11.8246191058 11.8240883513 11.8236355569 
 11.8257457090 11.8251428919 11.8246169610 
 11.8269271548 11.8262573888 11.8256619220 
 11.8281387470 11.8274074816 11.8267466741 
 11.8293576089 11.8285703047 11.8278486482 
 11.8305631159 11.8297249742 11.8289469817 
 11.8317371228 11.8308528895 11.8300228703 
 11.8328640181 11.8319378665 11.8310597661 
 11.8339306515 11.8329661352 11.8320434422 
 11.8349261773 11.8339262401 11.8329619524 
 11.8358418522 11.8348088783 11.8338055176 
 11.8366708146 11.8356067062 11.8345663665 
 11.8374078660 11.8363141356 11.8352385562 
 11.8380492650 11.8369271344 11.8358177865 
 11.8385925402 11.8374430414 11.8363012220 
 11.8390363257 11.8378603993 11.8366873279 
 11.8393802174 11.8381788075 11.8369757221 
 11.8396246508 11.8383987954 11.8371670475 
 11.8397707981 11.8385217152 11.8372628607 
 11.8398204830 11.8385496524 11.8372655408 
 11.8397761120 11.8384853533 11.8371782139 
 11.8396406209 11.8383321693 11.8370046943 
 11.8394174362 11.8380940156 11.8367494418 
 11.8391104519 11.8377753464 11.8364175348 
 11.8387240206 11.8373811453 11.8360146580 
 11.8382629618 11.8369169321 11.8355471080 
 11.8377325864 11.8363887864 11.8350218124 
 11.8371387400 11.8358033890 11.8344463665 
 11.8364878658 11.8351680799 11.8338290819 
 11.8357870855 11.8344909315 11.8331790450 
 11.8350442980 11.8337808329 11.8325061784 
 11.8342682895 11.8330475766 11.8318212929 
 11.8334688455 11.8323019334 11.8311361134 
 11.8326568483 11.8315556966 11.8304632562 
 11.8318443352 11.8308216675 11.8298161301 
 11.8310444843 11.8301135486 11.8292087313 
 11.8302714900 11.8294457130 11.8286553090 
 11.8295402908 11.8288328231 11.8281698912 
 11.8288661228 11.8282892927 11.8277656824 
 11.8282639031 11.8278286176 11.8274543783 
 11.8277474796 11.8274626317 11.8272454655 
 11.8273288281 11.8272007784 11.8271455986 
 11.8270173023 11.8270494965 11.8271581404 
 11.8268190442 11.8270118089 11.8272829356 
 11.8267366366 11.8270871703 11.8275163497 
 11.8267690358 11.8272715838 11.8278515606 
 11.8269117711 11.8275579557 11.8282790557 
 11.8271573597 11.8279366231 11.8287872563 
 11.8274958624 11.8283959763 11.8293631862 
 11.8279155003 11.8289230965 11.8299931067 
 11.8284032652 11.8295043464 11.8306630637 
 11.8289454700 11.8301258699 11.8313593159 
 11.8295282106 11.8307739830 11.8320686397 
 11.8301377273 11.8314354550 11.8327785218 
 11.8307606688 11.8320976931 11.8334772619 
 11.8313842737 11.8327488496 11.8341540113 
 11.8319964862 11.8333778754 11.8347987686 
 11.8325860245 11.8339745361 11.8354023542 
 11.8331424187 11.8345294102 11.8359563756 
 11.8336560317 11.8350338791 11.8364531955 
 11.8341180737 11.8354801190 11.8368859073 
 11.8345206168 11.8358610996 11.8372483228 
 11.8348566157 11.8361705932 11.8375349744 
 11.8351199370 11.8364031965 11.8377411316 
 11.8353053986 11.8365543658 11.8378628332 
 11.8354088218 11.8366204672 11.8378969358 
 11.8354270950 11.8365988410 11.8378411774 
 11.8353582506 11.8364878813 11.8376942588 
 11.8352015533 11.8362871308 11.8374559400 
 11.8349576003 11.8359973897 11.8371271551 
 11.8346284301 11.8356208377 11.8367101418 
 11.8342176359 11.8351611653 11.8362085856 
 11.8337304793 11.8346237105 11.8356277740 
 11.8331739941 11.8340155914 11.8349747538 
 11.8325570709 11.8333458240 11.8342584808 
 11.8318905080 11.8326254114 11.8334899473 
 11.8311870144 11.8318673837 11.8326822673 
 11.8304611503 11.8310867726 11.8318506955 
 11.8297291915 11.8303004992 11.8310125573 
 11.8290089107 11.8295271627 11.8301870644 
 11.8283192731 11.8287867217 11.8293950044 
 11.8276800513 11.8281000718 11.8286582969 
 11.8271113679 11.8274885293 11.8279994275 
 11.8266331796 11.8269732379 11.8274407784 
 11.8262647106 11.8265745168 11.8270038807 
 11.8260238417 11.8263111622 11.8267086144 
 11.8259264555 11.8261997103 11.8265723711 
 11.8259857377 11.8262536672 11.8266091980 
 11.8262114433 11.8264827194 11.8268289409 
 11.8266091583 11.8268919612 11.8272364327 
 11.8271796253 11.8274812182 11.8278308144 
 11.8279182440 11.8282445906 11.8286051231 
 11.8288148948 11.8291703740 11.8295463115 
 11.8298542244 11.8302414944 11.8306358294 
 11.8310164645 11.8314365073 11.8318507920 
 11.8322787236 11.8327310596 11.8331655943 
 11.8336165513 11.8340995718 11.8345536926 
 11.8350054986 11.8355168406 11.8359892360 
 11.8364224184 11.8369593115 11.8374483077 
 11.8378463602 11.8384059004 11.8389096817 
 11.8392590366 11.8398383744 11.8403551304 
 11.8406449334 11.8412413845 11.8417693943 
 11.8419911730 11.8426022703 11.8431399412 
 11.8432872367 11.8439107443 11.8444566220 
 11.8445246296 11.8451585351 11.8457112983 
 11.8456965411 11.8463390379 11.8468974858 
 11.8467975326 11.8474469989 11.8480100381 
 11.8478232649 11.8484782439 11.8490448763 
 11.8487702697 11.8494294527 11.8499987659 
 11.8496357636 11.8502979761 11.8508691362 
 11.8504174990 11.8510816896 11.8516539367 
 11.8511136472 11.8517788789 11.8523515237 
 11.8517227084 11.8523881515 11.8529605725 
 11.8522434435 11.8529083690 11.8534800105 
 11.8526748251 11.8533385978 11.8539089669 
 11.8530160020 11.8536780737 11.8542467364 
 11.8532662787 11.8539261794 11.8544927551 
 11.8534251041 11.8540824319 11.8546465859 
 11.8534920710 11.8541464798 11.8547079142 
 11.8534669250 11.8541181100 11.8546765511 
 11.8533495813 11.8539972614 11.8545524456 
 11.8531401510 11.8537840485 11.8543357044 
 11.8528389755 11.8534787928 11.8540266201 
 11.8524466714 11.8530820633 11.8536257091 
 11.8519641851 11.8525947276 11.8531337580 
 11.8513928600 11.8520180138 11.8525518817 
 11.8507345168 11.8513535867 11.8518815944 
 11.8499915517 11.8506036388 11.8511248960 
 11.8491670541 11.8497710020 11.8502843770 
 11.8482649478 11.8488592814 11.8493633463 
 11.8472901622 11.8478730186 11.8483659865 
 11.8462488365 11.8468178871 11.8472975425 
 11.8451485609 11.8457009268 11.8461645487 
 11.8439986582 11.8445308191 11.8449750975 
 11.8428104994 11.8433182018 11.8437391521 
 11.8415978418 11.8420760135 11.8424688938 
 11.8403771579 11.8408198420 11.8411790855 
 11.8391678992 11.8395682295 11.8398874061 
 11.8379926077 11.8383428510 11.8386146856 
 11.8368767532 11.8371684522 11.8373849256 
 11.8358481584 11.8360724029 11.8362249676 
 11.8349358954 11.8350837354 11.8351636625 
 11.8341686262 11.8342316076 11.8342304603 
 11.8335725043 11.8335432731 11.8334534649 
 11.8331689174 11.8330418106 11.8328571815 
 11.8329724567 11.8327439943 11.8324603225 
 11.8329894834 11.8326586954 11.8322740781 
 11.8332175525 11.8327860991 11.8323011552 
 11.8336457770 11.8331178467 11.8325357144 
 11.8342560486 11.8336380390 11.8329641617 
 11.8350248755 11.8343248953 11.8335666135 
 11.8359255113 11.8351527717 11.8343187726 
 11.8369300223 11.8360942123 11.8351939186 
 11.8380110191 11.8371217480 11.8361647356 
 11.8391429005 11.8382092694 11.8372047848 
 11.8403025967 11.8393329156 11.8382895315 
 11.8414698886 11.8404715299 11.8393969408 
 11.8426274221 11.8416067800 11.8405077172 
 11.8437605326 11.8427230564 11.8416052905 
 11.8448569722 11.8438072441 11.8426756461 
 11.8459066022 11.8448484375 11.8437070718 
 11.8469010898 11.8458376452 11.8446898776 
 11.8478336287 11.8467675091 11.8456161174 
 11.8486986917 11.8476320507 11.8464793314 
 11.8494918179 11.8484264493 11.8472743169 
 11.8502094314 11.8491468517 11.8479969279 
 11.8508486884 11.8497902099 11.8486439043 
 11.8514073491 11.8503541445 11.8492127257 
 11.8518836708 11.8508368295 11.8497014881 
 11.8522763174 11.8512368959 11.8501088004 
 11.8525842856 11.8515533515 11.8504336974 
 11.8528068431 11.8517855140 11.8506755678 
 11.8529434791 11.8519329574 11.8508340957 
 11.8529938657 11.8519954691 11.8509092140 
 11.8529578290 11.8519730190 11.8509010704 
 11.8528353321 11.8518657392 11.8508100047 
 11.8526264672 11.8516739152 11.8506365383 
 11.8523314609 11.8513979899 11.8503813777 
 11.8519506923 11.8510385812 11.8500454323 
 11.8514847253 11.8505965162 11.8496298490 
 11.8509343594 11.8500728828 11.8491360663 
 11.8503007006 11.8494691029 11.8485658899 
 11.8495852557 11.8487870308 11.8479215934 
 11.8487900551 11.8480290782 11.8472060465 
 11.8479178061 11.8471983710 11.8464228715 
 11.8469720809 11.8462989363 11.8455766280 
 11.8459575374 11.8453359195 11.8446730190 
 11.8448801698 11.8443158208 11.8437191064 
 11.8437475742 11.8432467349 11.8427235118 
 11.8425692051 11.8421385606 11.8416965659 
 11.8413565777 11.8410031345 11.8406503566 
 11.8401233586 11.8398542255 11.8395986149 
 11.8388852673 11.8387073237 11.8385563863 
 11.8376597190 11.8375791696 11.8375394571 
 11.8364651659 11.8364870138 11.8365635607 
 11.8353201604 11.8354476642 11.8356434499 
 11.8342422446 11.8344764477 11.8347919750 
 11.8332468403 11.8335862583 11.8340193209 
 11.8323463312 11.8327868498 11.8333325223 
 11.8315494811 11.8320844689 11.8327353024 
 11.8308612421 11.8314818391 11.8322282109 
 11.8302829145 11.8309784328 11.8318089853 
 11.8298125606 11.8305709343 11.8314730403 
 11.8294455618 11.8302537941 11.8312140048 
 11.8291752202 11.8300197957 11.8310242425 
 11.8289933398 11.8298605857 11.8308953232 
 11.8288907491 11.8297671393 11.8308184278 
 11.8288577497 11.8297301563 11.8307846868 
 11.8288844941 11.8297403896 11.8307854595 
 11.8289612963 11.8297889157 11.8308125624 
 11.8290788898 11.8298673580 11.8308584600 
 11.8292286398 11.8299680723 11.8309164246 
 11.8294027211 11.8300843026 11.8309806739 
 11.8295942663 11.8302103124 11.8310464905 
 11.8297974891 11.8303414960 11.8311103258 
 11.8300077860 11.8304744704 11.8311698896 
 11.8302218153 11.8306071483 11.8312242233 
 11.8304375563 11.8307387917 11.8312737552 
 11.8306543447 11.8308700433 11.8313203346 
 11.8308728859 11.8310029357 11.8313672412 
 11.8310952436 11.8311408743 11.8314191674 
 11.8313248033 11.8312885930 11.8314821679 
 11.8315662079 11.8314520805 11.8315635763 
 11.8318252651 11.8316384741 11.8316718830 
 11.8321088235 11.8318559183 11.8318165731 
 11.8324246124 11.8321133837 11.8320079181 
 11.8327810414 11.8324204395 11.8322567174 
 11.8331869520 11.8327869734 11.8325739793 
 11.8336513111 11.8332228462 11.8329705341 
 11.8341828376 11.8337374730 11.8334565665 
 11.8347895530 11.8343393207 11.8340410607 
 11.8354782526 11.8350353219 11.8347311593 
 11.8362539083 11.8358302209 11.8355314558 
 11.8371190352 11.8367258918 11.8364432736 
 11.8380730838 11.8377207107 11.8374640235 
 11.8391119585 11.8388090949 11.8385867739 
 11.8402277797 11.8399813472 11.8398001802 
 11.8414090053 11.8412239182 11.8410888876 
 11.8426409676 11.8425201254 11.8424344211 
 11.8439067852 11.8438512483 11.8438164433 
 11.8451885059 11.8451978112 11.8452141535 
 11.8464682751 11.8465408189 11.8466075704 
 11.8477293334 11.8478627492 11.8479785081 
 11.8489567226 11.8491482002 11.8493111653 
 11.8501376680 11.8503841910 11.8505923535 
 11.8512616802 11.8515601824 11.8518114485 
 11.8523204518 11.8526679068 11.8529601671 
 11.8533076318 11.8537010945 11.8540322561 
 11.8542185421 11.8546551596 11.8550231547 
 11.8550498820 11.8555268876 11.8559296702 
 11.8557994495 11.8563141484 11.8567496858 
 11.8564658912 11.8570156445 11.8574819084 
 11.8570484879 11.8576306975 11.8581256558 
 11.8575469730 11.8581590701 11.8586806829 
 11.8579613846 11.8586008210 11.8591470382 
 11.8582919434 11.8589561868 11.8595249498 
 11.8585389559 11.8592254882 11.8598147333 
 11.8587027371 11.8594090554 11.8600167193 
 11.8587835517 11.8595071707 11.8601311978 
 11.8587815685 11.8595200249 11.8601583757 
 11.8586968304 11.8594476874 11.8600983468 
 11.8585292345 11.8592900870 11.8599510729 
 11.8582785244 11.8590470041 11.8597163760 
 11.8579442945 11.8587180732 11.8593939396 
 11.8575260041 11.8583027970 11.8589833216 
 11.8570230055 11.8578005719 11.8584839787 
 11.8564345849 11.8572107263 11.8578953023 
 11.8557600189 11.8565325751 11.8572166702 
 11.8549986502 11.8557654904 11.8564475146 
 11.8541499835 11.8549089943 11.8555874108 
 11.8532138088 11.8539628762 11.8546361904 
 11.8521903544 11.8529273406 11.8535940841 
 11.8510804745 11.8518031896 11.8524618992 
 11.8498858771 11.8505920454 11.8512412376 
 11.8486093916 11.8492966154 11.8499347568 
 11.8472552746 11.8479209989 11.8485464761 
 11.8458295391 11.8464710246 11.8470821181 
 11.8443402822 11.8449545971 11.8455494673 
 11.8427979619 11.8433820076 11.8439587046 
 11.8412155503 11.8417661401 11.8423226519 
 11.8396084739 11.8401224791 11.8406568328 
 11.8379942433 11.8384688165 11.8389792417 
 11.8363917175 11.8368245786 11.8373097258 
 11.8348200208 11.8352097679 11.8356689558 
 11.8332972437 11.8336436299 11.8340770721 
 11.8318391509 11.8321432622 11.8325522199 
 11.8304581410 11.8307224342 11.8311092543 
 11.8291626359 11.8293908325 11.8297588615 
 11.8279569557 11.8281538222 11.8285072197 
 11.8268416144 11.8270126798 11.8273561735 
 11.8258139056 11.8259651639 11.8263037896 
 11.8248686315 11.8250062671 11.8253451275 
 11.8239988616 11.8241290166 11.8244730786 
 11.8231966424 11.8233252345 11.8236791706 
 11.8224536216 11.8225862095 11.8229542834 
 11.8217615712 11.8219032623 11.8222892521 
 11.8211128146 11.8212682065 11.8216753595 
 