11.8220607682 11.8222311253 11.8223211154 
 11.8222464853 11.8224051004 11.8224825230 
 11.8226748060 11.8228234386 11.8228896233 
 11.8233282153 11.8234686375 11.8235250631 
 11.8241815710 11.8243154237 11.8243635999 
 11.8252043993 11.8253331135 11.8253744926 
 11.8263634769 11.8264882521 11.8265241739 
 11.8276252709 11.8277470928 11.8277787566 
 11.8289578916 11.8290775677 11.8291060233 
 11.8303323895 11.8304505855 11.8304767348 
 11.8317234131 11.8318406823 11.8318652877 
 11.8331093630 11.8332261662 11.8332498603 
 11.8344722119 11.8345889303 11.8346122271 
 11.8357971444 11.8359140871 11.8359373932 
 11.8370721247 11.8371895340 11.8372131597 
 11.8382874626 11.8384055176 11.8384296881 
 11.8394354112 11.8395542329 11.8395790986 
 11.8405098154 11.8406294710 11.8406551184 
 11.8415058119 11.8416263201 11.8416527818 
 11.8424195776 11.8425409154 11.8425681796 
 11.8432481233 11.8433702318 11.8433982517 
 11.8439891223 11.8441119141 11.8441406162 
 11.8446407716 11.8447641371 11.8447934292 
 11.8452016773 11.8453254916 11.8453552700 
 11.8456707621 11.8457948915 11.8458250474 
 11.8460471906 11.8461714979 11.8462019232 
 11.8463303089 11.8464546593 11.8464852508 
 11.8465195988 11.8466438639 11.8466745280 
 11.8466146430 11.8467387049 11.8467693601 
 11.8466151022 11.8467388563 11.8467694355 
 11.8465207023 11.8466440597 11.8466745116 
 11.8463312330 11.8464541214 11.8464844106 
 11.8460465558 11.8461689198 11.8461990267 
 11.8456666230 11.8457884237 11.8458183427 
 11.8451915081 11.8453127213 11.8453424583 
 11.8446214471 11.8447420603 11.8447716298 
 11.8439568926 11.8440769016 11.8441063217 
 11.8431985824 11.8433179858 11.8433472737 
 11.8423476246 11.8424664173 11.8424955823 
 11.8414056013 11.8415237666 11.8415528033 
 11.8403746963 11.8404921962 11.8405210757 
 11.8392578509 11.8393746143 11.8394032749 
 11.8380589532 11.8381748625 11.8382031987 
 11.8367830681 11.8368979433 11.8369257941 
 11.8354367143 11.8355502951 11.8355774309 
 11.8340281936 11.8341401193 11.8341662280 
 11.8325679742 11.8326777619 11.8327024339 
 11.8310691203 11.8311761434 11.8311988557 
 11.8295477470 11.8296512146 11.8296713162 
 11.8280234528 11.8281223943 11.8281390921 
 11.8265196462 11.8266129061 11.8266252541 
 11.8250636406 11.8251498891 11.8251567837 
 11.8236863563 11.8237641212 11.8237643056 
 11.8224214662 11.8224891913 11.8224812718 
 11.8213038930 11.8213600189 11.8213424975 
 11.8203677077 11.8204107678 11.8203820917 
 11.8196436667 11.8196723838 11.8196310139 
 11.8191567563 11.8191701272 11.8191146238 
 11.8189241205 11.8189214813 11.8188506052 
 11.8189536378 11.8189347103 11.8188475321 
 11.8192432746 11.8192081918 11.8191041987 
 11.8197812502 11.8197305608 11.8196097386 
 11.8205470073 11.8204816507 11.8203445192 
 11.8215129269 11.8214341720 11.8212817549 
 11.8226466028 11.8225559541 11.8223896809 
 11.8239133551 11.8238124370 11.8236339980 
 11.8252785868 11.8251690295 11.8249802150 
 11.8267096578 11.8265930011 11.8263955589 
 11.8281771133 11.8280547407 11.8278502715 
 11.8296552870 11.8295283908 11.8293182873 
 11.8311224113 11.8309919831 11.8307774069 
 11.8325604044 11.8324272438 11.8322091297 
 11.8339544838 11.8338192175 11.8335982944 
 11.8352927148 11.8351558204 11.8349326405 
 11.8365655605 11.8364273921 11.8362023624 
 11.8377654687 11.8376262808 11.8373996936 
 11.8388865104 11.8387464803 11.8385185412 
 11.8399240725 11.8397833196 11.8395541712 
 11.8408746008 11.8407332031 11.8405029462 
 11.8417353875 11.8415933963 11.8413621060 
 11.8425043966 11.8423618477 11.8421295877 
 11.8431801200 11.8430370439 11.8428038771 
 11.8437614606 11.8436178900 11.8433838872 
 11.8442476360 11.8441036120 11.8438688580 
 11.8446381005 11.8444936772 11.8442582755 
 11.8449324822 11.8447877304 11.8445518062 
 11.8451305340 11.8449855432 11.8447492450 
 11.8452320963 11.8450869759 11.8448504758 
 11.8452370708 11.8450919502 11.8448554436 
 11.8451454052 11.8450004333 11.8447641372 
 11.8449570888 11.8448124319 11.8445765823 
 11.8446721571 11.8445279970 11.8442928459 
 11.8442907087 11.8441472388 11.8439130499 
 11.8438129314 11.8436703532 11.8434373972 
 11.8432391408 11.8430976589 11.8428662085 
 11.8425698306 11.8424296475 11.8421999718 
 11.8418057370 11.8416670476 11.8414394062 
 11.8409479196 11.8408109051 11.8405855427 
 11.8399978600 11.8398626822 11.8396398232 
 11.8389575840 11.8388243790 11.8386042235 
 11.8378298107 11.8376986841 11.8374814040 
 11.8366181347 11.8364891563 11.8362748941 
 11.8353272482 11.8352004483 11.8349893170 
 11.8339632092 11.8338385759 11.8336306607 
 11.8325337620 11.8324112390 11.8322066015 
 11.8310487128 11.8309281979 11.8307268807 
 11.8295203552 11.8294016980 11.8292037285 
 11.8279639271 11.8278469247 11.8276523144 
 11.8263980582 11.8262824441 11.8260911780 
 11.8248451314 11.8247305548 11.8245425632 
 11.8233314410 11.8232174306 11.8230325353 
 11.8218869932 11.8217729019 11.8215907306 
 11.8205447841 11.8204297182 11.8202495889 
 11.8193394502 11.8192221926 11.8190429853 
 11.8183053173 11.8181842674 11.8180043152 
 11.8174740550 11.8173472149 11.8171642552 
 11.8168722870 11.8167373184 11.8165485433 
 11.8165195269 11.8163738909 11.8161761098 
 11.8164266990 11.8162678684 11.8160577725 
 11.8165953538 11.8164210697 11.8161955581 
 11.8170175880 11.8168261138 11.8165826262 
 11.8176766524 11.8174669735 11.8172037646 
 11.8185482279 11.8183201511 11.8180364479 
 11.8196022943 11.8193564193 11.8190524282 
 11.8208053917 11.8205429665 11.8202197329 
 11.8221229583 11.8218456600 11.8215048263 
 11.8235213976 11.8232310951 11.8228746225 
 11.8249696226 11.8246681719 11.8242980887 
 11.8264399885 11.8261290875 11.8257473010 
 11.8279086753 11.8275897817 11.8271979640 
 11.8293556596 11.8290299616 11.8286295009 
 11.8307644319 11.8304328561 11.8300248541 
 11.8321215874 11.8317848278 11.8313701268 
 11.8334163795 11.8330749367 11.8326541604 
 11.8346402876 11.8342945103 11.8338681100 
 11.8357866271 11.8354367512 11.8350050501 
 11.8368502104 11.8364963943 11.8360596277 
 11.8378270598 11.8374694139 11.8370277632 
 11.8387141678 11.8383527789 11.8379063997 
 11.8395092981 11.8391442490 11.8386932939 
 11.8402108222 11.8398422070 11.8393868427 
 11.8408175848 11.8404455202 11.8399859406 
 11.8413287932 11.8409534269 11.8404898622 
 11.8417439267 11.8413654433 11.8408981666 
 11.8420626637 11.8416812880 11.8412106186 
 11.8422848228 11.8419008215 11.8414271269 
 11.8424103170 11.8420239994 11.8415476947 
 11.8424391198 11.8420508365 11.8415723836 
 11.8423712429 11.8419813838 11.8415012881 
 11.8422067237 11.8418157149 11.8413345224 
 11.8419456236 11.8415539243 11.8410722167 
 11.8415880377 11.8411961350 11.8407145249 
 11.8411341136 11.8407425181 11.8402616438 
 11.8405840831 11.8401933237 11.8397138435 
 11.8399383051 11.8395489235 11.8390715106 
 11.8391973220 11.8388098681 11.8383352056 
 11.8383619323 11.8379769597 11.8375057367 
 11.8374332798 11.8370513423 11.8365842523 
 11.8364129652 11.8360346155 11.8355723558 
 11.8353031831 11.8349289731 11.8344722477 
 11.8341068897 11.8337373735 11.8332868999 
 11.8328280081 11.8324637488 11.8320202679 
 11.8314716767 11.8311132562 11.8306775472 
 11.8300445484 11.8296925805 11.8292654791 
 11.8285551419 11.8282102879 11.8277927070 
 11.8270142459 11.8266772293 11.8262701776 
 11.8254353600 11.8251069768 11.8247115698 
 11.8238351437 11.8235162586 11.8231337110 
 11.8222338095 11.8219253280 11.8215569122 
 11.8206553645 11.8203581658 11.8200051215 
 11.8191275640 11.8188423829 11.8185057611 
 11.8176814279 11.8174086800 11.8170891211 
 11.8163501992 11.8160897645 11.8157872295 
 11.8151677333 11.8149187349 11.8146322378 
 11.8141664599 11.8139270936 11.8136545036 
 11.8133752073 11.8131426818 11.8128806587 
 11.8128172260 11.8125878500 11.8123319523 
 11.8125086683 11.8122780874 11.8120230489 
 11.8124576279 11.8122211794 11.8119613180 
 11.8126637172 11.8124168519 11.8121465510 
 11.8131181289 11.8128568332 11.8125710280 
 11.8138041629 11.8135253136 11.8132199104 
 11.8146982434 11.8143998338 11.8140719961 
 11.8157714338 11.8154526300 11.8151008821 
 11.8169913511 11.8166523763 11.8162765148 
 11.8183242525 11.8179661419 11.8175669892 
 11.8197369907 11.8193612868 11.8189403593 
 11.8211985740 11.8208070337 11.8203662048 
 11.8226811925 11.8222755558 11.8218167741 
 11.8241607167 11.8237425546 11.8232676476 
 11.8256167708 11.8251874089 11.8246979719 
 11.8270325229 11.8265930206 11.8260903746 
 11.8283943163 11.8279454844 11.8274306815 
 11.8296912413 11.8292336787 11.8287075349 
 11.8309147042 11.8304488435 11.8299119846 
 11.8320580311 11.8315841837 11.8310370940 
 11.8331161165 11.8326345150 11.8320775838 
 11.8340851243 11.8335959585 11.8330295202 
 11.8349622351 11.8344656818 11.8338900506 
 11.8357454370 11.8352416839 11.8346571806 
 11.8364333517 11.8359226158 11.8353295892 
 11.8370250924 11.8365076333 11.8359064760 
 11.8375201464 11.8369962758 11.8363874351 
 11.8379182796 11.8373883670 11.8367723525 
 11.8382194584 11.8376839351 11.8370613220 
 11.8384237879 11.8378831473 11.8372545785 
 11.8385314632 11.8379862603 11.8373524455 
 11.8385427332 11.8379935824 11.8373552954 
 11.8384578756 11.8379054471 11.8372635225 
 11.8382771836 11.8377221988 11.8370775272 
 11.8380009621 11.8374441886 11.8367977109 
 11.8376295357 11.8370717814 11.8364244829 
 11.8371632670 11.8366053742 11.8359582784 
 11.8366025870 11.8360454260 11.8353995886 
 11.8359480371 11.8353925005 11.8347490040 
 11.8352003255 11.8346473236 11.8340072729 
 11.8343603998 11.8338108562 11.8331753762 
 11.8334295366 11.8328843871 11.8322546227 
 11.8324094548 11.8318696479 11.8312467667 
 11.8313024535 11.8307689545 11.8301541547 
 11.8301115822 11.8295853818 11.8289799037 
 11.8288408482 11.8283229752 11.8277281186 
 11.8274954676 11.8269870063 11.8264041528 
 11.8260821642 11.8255842765 11.8250149154 
 11.8246095203 11.8241234690 11.8235692246 
 11.8230883734 11.8226155436 11.8220781972 
 11.8215322438 11.8210741539 11.8205556501 
 11.8199577563 11.8195160471 11.8190184708 
 11.8183849917 11.8179613763 11.8174868791 
 11.8168376683 11.8164338246 11.8159844816 
 11.8153430233 11.8149604130 11.8145379948 
 11.8139312566 11.8135708709 11.8131765355 
 11.8126344463 11.8122965015 11.8119304413 
 11.8114849530 11.8111685904 11.8108296997 
 11.8105134750 11.8102165407 11.8099021869 
 11.8097470409 11.8094660149 11.8091719828 
 11.8092072392 11.8089373532 11.8086579963 
 11.8089088975 11.8086444351 11.8083730183 
 11.8088592731 11.8085940115 11.8083231977 
 11.8090577166 11.8087854444 11.8085078583 
 11.8094957441 11.8092107827 11.8089195806 
 11.8101574991 11.8098551526 11.8095445255 
 11.8110206338 11.8106974980 11.8103630384 
 11.8120576328 11.8117117146 11.8113505923 
 11.8132375203 11.8128681558 11.8124790802 
 11.8145277702 11.8141353781 11.8137183730 
 11.8158961557 11.8154818991 11.8150379558 
 11.8173122841 11.8168777236 11.8164084196 
 11.8187486624 11.8182954633 11.8178026206 
 11.8201812682 11.8197109935 11.8191964208 
 11.8215897019 11.8211036932 11.8205690219 
 11.8229570426 11.8224563719 11.8219029762 
 11.8242695284 11.8237549999 11.8231839779 
 11.8255161584 11.8249883396 11.8244005332 
 11.8266882800 11.8261475470 11.8255435829 
 11.8277791995 11.8272257857 11.8266061250 
 11.8287838339 11.8282178769 11.8275828639 
 11.8296984098 11.8291199926 11.8284699001 
 11.8305202089 11.8299293944 11.8292644620 
 11.8312473545 11.8306442132 11.8299646793 
 11.8318786354 11.8312632671 11.8305693933 
 11.8324133605 11.8317859100 11.8310779999 
 11.8328512394 11.8322119079 11.8314903203 
 11.8331922856 11.8325413372 11.8318064949 
 11.8334367372 11.8327745033 11.8320268979 
 11.8335849952 11.8329118751 11.8321520691 
 11.8336375743 11.8329540343 11.8321826604 
 11.8335950678 11.8329016386 11.8321193968 
 11.8334581238 11.8327553957 11.8319630498 
 11.8332274324 11.8325160505 11.8317144223 
 11.8329037243 11.8321843824 11.8313743459 
 11.8324877803 11.8317612144 11.8309436892 
 11.8319804523 11.8312474340 11.8304233789 
 11.8313826959 11.8306440260 11.8298144331 
 11.8306956161 11.8299521192 11.8291180090 
 11.8299205278 11.8291730479 11.8283354662 
 11.8290590328 11.8283084309 11.8274684480 
 11.8281131155 11.8273602704 11.8265189839 
 11.8270852631 11.8263310748 11.8254896164 
 11.8259786115 11.8252240104 11.8243835576 
 11.8247971254 11.8240430852 11.8232048796 
 11.8235458151 11.8227933725 11.8219587432 
 11.8222309980 11.8214812772 11.8206516704 
 11.8208606060 11.8201148477 11.8192918595 
 11.8194445396 11.8187041315 11.8178895393 
 11.8179950594 11.8172615605 11.8164573453 
 11.8165271896 11.8158023395 11.8150106855 
 11.8150590882 11.8143447857 11.8135680392 
 11.8136123047 11.8129105360 11.8121511019 
 11.8122118146 11.8115245117 11.8107846677 
 11.8108856935 11.8102145126 11.8094961360 
 11.8096643082 11.8090103387 11.8083145634 
 11.8085789667 11.8079424122 11.8072692718 
 11.8076600934 11.8070399984 11.8063881382 
 11.8069351442 11.8063292511 11.8056957955 
 11.8064265636 11.8058313645 11.8052120011 
 11.8061500816 11.8055610838 11.8049503714 
 11.8061135438 11.8055257126 11.8049175712 
 11.8063163537 11.8057246558 11.8051129570 
 11.8067495303 11.8061494765 11.8055286384 
 11.8073963598 11.8067844480 11.8061499358 
 11.8082336098 11.8076075877 11.8069562370 
 11.8092332165 11.8085921247 11.8079222416 
 11.8103642653 11.8097082769 11.8090195155 
 11.8115950006 11.8109251222 11.8102181961 
 11.8128945923 11.8122123149 11.8114886269 
 11.8142344628 11.8135414405 11.8128027203 
 11.8155891059 11.8148869116 11.8141349199 
 11.8169364416 11.8162264145 11.8154627417 
 11.8182578202 11.8175409934 11.8167669496 
 11.8195377985 11.8188148878 11.8180314644 
 11.8207637965 11.8200352272 11.8192431087 
 11.8219257118 11.8211916656 11.8203912694 
 11.8230155384 11.8222760079 11.8214675374 
 11.8240270170 11.8232818594 11.8224653596 
 11.8249553261 11.8242043122 11.8233797227 
 11.8257968179 11.8250396739 11.8242068749 
 11.8265487947 11.8257852368 11.8249440879 
 11.8272093226 11.8264390844 11.8255894556 
 11.8277770771 11.8269999300 11.8261417264 
 11.8282512153 11.8274669838 11.8266001631 
 11.8286312711 11.8278398436 11.8269644285 
 11.8289170702 11.8281184046 11.8272344916 
 11.8291086611 11.8283027885 11.8274105515 
 11.8292062615 11.8283932865 11.8274929784 
 11.8292102175 11.8283903162 11.8274822679 
 11.8291209748 11.8282943916 11.8273790090 
 11.8289390618 11.8281061049 11.8271838640 
 11.8286650840 11.8278261194 11.8268975614 
 11.8282997293 11.8274551745 11.8265208996 
 11.8278437852 11.8269941029 11.8260547645 
 11.8272981680 11.8264438602 11.8255001590 
 11.8266639655 11.8258055680 11.8248582483 
 11.8259424950 11.8250805734 11.8241304204 
 11.8251353771 11.8242705257 11.8233183661 
 11.8242446304 11.8233774737 11.8224241795 
 11.8232727896 11.8224039873 11.8214504850 
 11.8222230503 11.8213533085 11.8204005928 
 11.8210994476 11.8202295344 11.8192786889 
 11.8199070719 11.8190378395 11.8180900633 
 11.8186523274 11.8177847400 11.8168413793 
 11.8173432355 11.8164784008 11.8155409828 
 11.8159897814 11.8151289815 11.8141992453 
 11.8146042912 11.8137490060 11.8128289197 
 11.8132018146 11.8123537248 11.8114454741 
 11.8118004608 11.8109614136 11.8100673423 
 11.8104216102 11.8095935271 11.8087160061 
 11.8090898896 11.8082745965 11.8074158044 
 11.8078327846 11.8070317572 11.8061933715 
 11.8066797804 11.8058938227 11.8050766482 
 11.8056609960 11.8048899021 11.8040935025 
 11.8048053997 11.8040476811 11.8032701010 
 11.8041388249 11.8033915908 11.8026292548 
 11.8036820772 11.8029411291 11.8021889714 
 11.8034494017 11.8027095530 11.8019613763 
 11.8034474752 11.8027030513 11.8019520642 
 11.8036749805 11.8029204136 11.8021598614 
 11.8041227505 11.8033531640 11.8025769558 
 11.8047744502 11.8039861293 11.8031893628 
 11.8056077516 11.8047984188 11.8039777232 
 11.8065959122 11.8057647694 11.8049184166 
 11.8077095939 11.8068571467 11.8059849337 
 11.8089186943 11.8080464257 11.8071493777 
 11.8101939566 11.8093039418 11.8083839205 
 11.8115081901 11.8106027351 11.8096620432 
 11.8128370384 11.8119183977 11.8109594440 
 11.8141593299 11.8132295220 11.8122545823 
 11.8154571053 11.8145178182 11.8135288937 
 11.8167154305 11.8157679971 11.8147667541 
 11.8179220916 11.8169675113 11.8159552791 
 11.8190672426 11.8181062284 11.8170840337 
 11.8201430514 11.8191760886 11.8181447087 
 11.8211433703 11.8201707764 11.8191307987 
 11.8220634424 11.8210854229 11.8200373028 
 11.8228996467 11.8219163439 11.8208604579 
 11.8236492820 11.8226608159 11.8215975066 
 11.8243103841 11.8233168855 11.8222464990 
 11.8248815742 11.8238832102 11.8228061256 
 11.8253619323 11.8243589253 11.8232755778 
 11.8257508935 11.8247435349 11.8236544318 
 11.8260481628 11.8250368217 11.8239425537 
 11.8262536468 11.8252387750 11.8241400236 
 11.8263674001 11.8253495338 11.8242470744 
 11.8263895854 11.8253693443 11.8242640471 
 11.8263204453 11.8252985303 11.8241913585 
 11.8261602869 11.8251374759 11.8240294834 
 11.8259094782 11.8248866213 11.8237789485 
 11.8255684567 11.8245464709 11.8234403415 
 11.8251377503 11.8241176151 11.8230143329 
 11.8246180130 11.8236007668 11.8225017139 
 11.8240100753 11.8229968139 11.8219034516 
 11.8233150127 11.8223068899 11.8212207629 
 11.8225342340 11.8215324670 11.8204552115 
 11.8216695936 11.8206754720 11.8196088293 
 11.8207235311 11.8197384325 11.8186842679 
 11.8196992439 11.8187246543 11.8176849827 
 11.8186008954 11.8176384358 11.8166154515 
 11.8174338635 11.8164853213 11.8154814305 
 11.8162050308 11.8152723910 11.8142902417 
 11.8149231101 11.8140085812 11.8130510809 
 11.8135989937 11.8127050160 11.8117753238 
 11.8122460958 11.8113753167 11.8104767905 
 11.8108806411 11.8100358348 11.8091719093 
 11.8095218228 11.8087057323 11.8078797075 
 11.8081917389 11.8074068212 11.8066215472 
 11.8069150067 11.8061630807 11.8054205509 
 11.8057179872 11.8049998129 11.8043007067 
 11.8046276250 11.8039424764 11.8032857260 
 11.8036700074 11.8030153270 11.8023977968 
 11.8028688418 11.8022400605 11.8016564146 
 11.8022440766 11.8016346546 11.8010774485 
 11.8018108472 11.8012125418 11.8006725281 
 11.8015788234 11.8009821457 11.8004487500 
 11.8015519350 11.8009467358 11.8004086406 
 11.8017283980 11.8011045140 11.8005502919 
 11.8021009619 11.8014488570 11.8008676006 
 11.8026573326 11.8019686756 11.8013505760 
 11.8033807668 11.8026488867 11.8019857155 
 11.8042508497 11.8034710213 11.8027564718 
 11.8052444559 11.8044139839 11.8036438372 
 11.8063368490 11.8054549501 11.8046270513 
 11.8075028303 11.8065703480 11.8056844077 
 11.8087178158 11.8077368320 11.8067940957 
 11.8099587302 11.8089321478 11.8079349995 
 11.8112046474 11.8101358081 11.8090873716 
 11.8124371596 11.8113295394 11.8102333295 
 11.8136405048 11.8124975010 11.8113571544 
 11.8148015064 11.8136263132 11.8124454055 
 11.8159093898 11.8147049437 11.8134868856 
 11.8169555280 11.8157245057 11.8144725005 
 11.8179331608 11.8166780084 11.8153950545 
 11.8188371134 11.8175600944 11.8162490150 
 11.8196635336 11.8183667837 11.8170302716 
 11.8204096537 11.8190952359 11.8177359048 
 11.8210735824 11.8197435380 11.8183639732 
 11.8216541246 11.8203105188 11.8189133244 
 11.8221506284 11.8207955886 11.8193834300 
 11.8225628571 11.8211986049 11.8197742440 
 11.8228908825 11.8215197594 11.8200860853 
 11.8231349986 11.8217594863 11.8203195394 
 11.8232956532 11.8219183892 11.8204753815 
 11.8233733955 11.8219971856 11.8205545166 
 11.8233688400 11.8219966678 11.8205579388 
 11.8232826455 11.8219176810 11.8204867065 
 11.8231155092 11.8217611162 11.8203419358 
 11.8228681768 11.8215279215 11.8201248119 
 11.8225414696 11.8212191304 11.8198366185 
 11.8221363291 11.8208359092 11.8194787882 
 11.8216538828 11.8203796256 11.8190529731 
 11.8210955312 11.8198519399 11.8185611391 
 11.8204630597 11.8192549204 11.8180056828 
 11.8197587774 11.8185911840 11.8173895716 
 11.8189856831 11.8178640629 11.8167165053 
 11.8181476589 11.8170777919 11.8159910915 
 11.8172496873 11.8162377127 11.8152190265 
 11.8162980818 11.8153504784 11.8144072637 
 11.8153007152 11.8144242399 11.8135641441 
 11.8142672161 11.8134687808 11.8126994588 
 11.8132090972 11.8124955637 11.8118244063 
 11.8121397649 11.8115176445 11.8109514147 
 11.8110743633 11.8105494194 11.8100938094 
 11.8100294133 11.8096061899 11.8092653358 
 11.8090222435 11.8087035653 11.8084795764 
 11.8080702504 11.8078567632 11.8077493323 
 11.8071900758 11.8070798978 11.8070860503 
 11.8063968150 11.8063853533 11.8064993694 
 11.8057033663 11.8057833216 11.8059968324 
 11.8051199951 11.8052815412 11.8055837719 
 11.8046541338 11.8048852330 11.8052633497 
 11.8043103885 11.8045971939 11.8050367079 
 11.8040906975 11.8044179952 11.8049031863 
 11.8039945746 11.8043462334 11.8048605656 
 11.8040193842 11.8043787911 11.8049053062 
 11.8041606067 11.8045110796 11.8050327639 
 11.8044120749 11.8047372505 11.8052373746 
 11.8047661757 11.8050503724 11.8055128084 
 11.8052140232 11.8054425796 11.8058520957 
 11.8057456176 11.8059052006 11.8062477353 
 11.8063500058 11.8064288829 11.8066917930 
 11.8070154623 11.8070037224 11.8071759989 
 11.8077297009 11.8076194127 11.8076918532 
 11.8084801235 11.8082654174 11.8082307450 
 11.8092541028 11.8089311687 11.8087840876 
 11.8100392832 11.8096062854 11.8093434690 
 11.8108238809 11.8102808009 11.8099008131 
 11.8115969597 11.8109453842 11.8104485433 
 11.8123486584 11.8115915382 11.8109797377 
 11.8130703567 11.8122117597 11.8114882647 
 11.8137547710 11.8127996521 11.8119688906 
 11.8143959819 11.8133499839 11.8124173496 
 11.8149894022 11.8138586969 11.8128303764 
 11.8155316981 11.8143228688 11.8132056990 
 11.8160206770 11.8147406397 11.8135419994 
 11.8164551562 11.8151111134 11.8138388464 
 11.8168348234 11.8154342440 11.8140966095 
 11.8171600977 11.8157107159 11.8143163614 
 11.8174319992 11.8159418260 11.8144997774 
 11.8176520300 11.8161293728 11.8146490354 
 11.8178220709 11.8162755572 11.8147667247 
 11.8179442953 11.8163828976 11.8148557638 
 11.8180211010 11.8164541603 11.8149193311 
 11.8180550608 11.8164923074 11.8149608100 
 11.8180488913 11.8165004608 11.8149837462 
 11.8180054404 11.8164818823 11.8149918183 
 11.8179276919 11.8164399687 11.8149888184 
 11.8178187857 11.8163782582 11.8149786390 
 11.8176820523 11.8163004456 11.8149652623 
 11.8175210556 11.8162104004 11.8149527451 
 11.8173396403 11.8161121808 11.8149451915 
 11.8171419746 11.8160100351 11.8149467063 
 11.8169325783 11.8159083797 11.8149613202 
 11.8167163235 11.8158117443 11.8149928816 
 11.8164983954 11.8157246761 11.8150449152 
 11.8162842022 11.8156515989 11.8151204518 
 11.8160792274 11.8155966333 11.8152218456 
 11.8158888300 11.8155633918 11.8153506020 
 11.8157180062 11.8155547725 11.8155072417 
 11.8155711388 11.8155727815 11.8156912288 
 11.8154517696 11.8156184127 11.8159009781 
 11.8153624255 11.8156916035 11.8161339446 
 11.8153045230 11.8157912744 11.8163867819 
 11.8152783613 11.8159154396 11.8166555439 
 11.8152831934 11.8160613683 11.8169358993 
 11.8153173584 11.8162257691 11.8172233308 
 11.8153784454 11.8164049699 11.8175132990 
 11.8154634660 11.8165950751 11.8178013606 
 11.8155690129 11.8167920893 11.8180832413 
 11.8156913956 11.8169920044 11.8183548694 
 11.8158267465 11.8171908549 11.8186123795 
 11.8159710997 11.8173847474 11.8188520974 
 11.8161204478 11.8175698742 11.8190705162 
 11.8162707830 11.8177425174 11.8192642716 
 11.8164181289 11.8178990531 11.8194301231 
 11.8165585706 11.8180359583 11.8195649453 
 11.8166882860 11.8181498281 11.8196657326 
 11.8168035846 11.8182374036 11.8197296200 
 11.8169009545 11.8182956135 11.8197539201 
 11.8169771192 11.8183216299 11.8197361775 
 11.8170291052 11.8183129390 11.8196742401 
 11.8170543179 11.8182674229 11.8195663463 
 11.8170506233 11.8181834535 11.8194112270 
 11.8170164322 11.8180599911 11.8192082174 
 11.8169507818 11.8178966862 11.8189573767 
 11.8168534079 11.8176939742 11.8186596069 
 11.8167248033 11.8174531592 11.8183167654 
 11.8165662551 11.8171764758 11.8179317597 
 11.8163798583 11.8168671236 11.8175086150 
 11.8161685021 11.8165292670 11.8170525046 
 11.8159358302 11.8161679967 11.8165697333 
 11.8156861768 11.8157892550 11.8160676696 
 11.8154244848 11.8153997269 11.8155546280 
 11.8151562109 11.8150067063 11.8150397047 
 11.8148872265 11.8146179477 11.8145325820 
 11.8146237173 11.8142415135 11.8140433155 
 11.8143720887 11.8138856283 11.8135821199 
 11.8141388791 11.8135585453 11.8131591703 
 11.8139306804 11.8132684304 11.8127844264 
 11.8137540673 11.8130232627 11.8124674852 
 11.8136155306 11.8128307484 11.8122174576 
 11.8135214134 11.8126982424 11.8120428641 
 11.8134778416 11.8126326678 11.8119515351 
 11.8134906470 11.8126404268 11.8119505049 
 11.8135652729 11.8127272899 11.8120458835 
 11.8137066578 11.8128982582 11.8122426975 
 11.8139190899 11.8131573895 11.8125446889 
 11.8142060308 11.8135075875 11.8129540736 
 11.8145699064 11.8139503579 11.8134712674 
 11.8150118744 11.8144855454 11.8140946027 
 11.8155315833 11.8151110777 11.8148200734 
 11.8161269490 11.8158227557 11.8156411622 
 11.8167939866 11.8166141374 11.8165488073 
 11.8175267380 11.8174765648 11.8175315622 
 11.8183173351 11.8183993698 11.8185759728 
 11.8191562203 11.8193702650 11.8196671523 
 11.8200325211 11.8203758886 11.8207894891 
 11.8209345415 11.8214024355 11.8219273878 
 11.8218503079 11.8224362873 11.8230659415 
 11.8227680948 11.8234645594 11.8241914536 
 11.8236768688 11.8244755069 11.8252917741 
 11.8245666061 11.8254587704 11.8263564507 
 11.8254284754 11.8264054685 11.8273767263 
 11.8262548951 11.8273081674 11.8283454274 
 11.8270394918 11.8281607664 11.8292567854 
 11.8277769925 11.8289583323 11.8301062275 
 11.8284630775 11.8296969133 11.8308901631 
 11.8290942189 11.8303733520 11.8316057809 
 11.8296675199 11.8309851109 11.8322508675 
 11.8301805670 11.8315301176 11.8328236514 
 11.8306313006 11.8320066325 11.8333226718 
 11.8310179058 11.8324131415 11.8337466741 
 11.8313387263 11.8327482705 11.8340945274 
 11.8315921990 11.8330107222 11.8343651647 
 11.8317768097 11.8331992340 11.8345575417 
 11.8318910682 11.8333125531 11.8346706144 
 11.8319335020 11.8333494314 11.8347033334 
 11.8319026686 11.8333086356 11.8346546534 
 11.8317971846 11.8331889754 11.8345235596 
 11.8316157734 11.8329893478 11.8343091093 
 11.8313573311 11.8327087988 11.8340104895 
 11.8310210109 11.8323466041 11.8336270929 
 11.8306063289 11.8319023684 11.8331586120 
 11.8301132901 11.8313761475 11.8326051550 
 11.8295425382 11.8307685923 11.8319673840 
 11.8288955277 11.8300811190 11.8312466794 
 11.8281747191 11.8293161036 11.8304453318 
 11.8273837925 11.8284771025 11.8295667620 
 11.8265278750 11.8275690926 11.8286157680 
 11.8256137672 11.8265987241 11.8275987941 
 11.8246501519 11.8255745695 11.8265242079 
 11.8236477572 11.8245073430 11.8254025666 
 11.8226194398 11.8234100573 11.8242468381 
 11.8215801531 11.8222980731 11.8230725319 
 11.8205467661 11.8211889977 11.8218976880 
 11.8195377176 11.8201023970 11.8207426703 
 11.8185725139 11.8190593084 11.8196297300 
 11.8176711080 11.8180815783 11.8185823412 
 11.8168532233 11.8171910850 11.8176243536 
 11.8161376958 11.8164089333 11.8167790540 
 11.8155418933 11.8157547062 11.8160682453 
 11.8150812483 11.8152458365 11.8155114348 
 11.8147689020 11.8148971189 11.8151251828 
 11.8146154358 11.8147203434 11.8149226115 
 11.8146286450 11.8147240063 11.8149130314 
 11.8148133174 11.8149130515 11.8151016324 
 11.8151709892 11.8152886086 11.8154892029 
 11.8156996815 11.8158477310 11.8160718749 
 11.8163936538 11.8165831777 11.8168409480 
 11.8172432455 11.8174833245 11.8177828903 
 11.8182349024 11.8185323136 11.8188796329 
 11.8193514802 11.8197105351 11.8201092476 
 11.8205728793 11.8209954741 11.8214470114 
 11.8218769848 11.8223628584 11.8228667483 
 11.8232407993 11.8237879475 11.8243422453 
 11.8246415979 11.8252467610 11.8258485199 
 11.8260579319 11.8267170707 11.8273627719 
 11.8274703618 11.8281790585 11.8288649520 
 11.8288618787 11.8296156338 11.8303379747 
 11.8302180426 11.8310124677 11.8317676574 
 11.8315269038 11.8323578277 11.8331424823 
 11.8327787864 11.8336422987 11.8344532682 
 11.8339659986 11.8348584541 11.8356928126 
 11.8350825225 11.8360005228 11.8368555456 
 11.8361237122 11.8370640789 11.8379372136 
 11.8370860194 11.8380457649 11.8389346058 
 11.8379667541 11.8389430554 11.8398453206 
 11.8387638811 11.8397540584 11.8406675725 
 11.8394758512 11.8404773517 11.8414000342 
 11.8401014639 11.8411118509 11.8420417092 
 11.8406397575 11.8416567040 11.8425918299 
 11.8410899237 11.8421112093 11.8430497787 
 11.8414512426 11.8424747530 11.8434150285 
 11.8417230363 11.8427467650 11.8436870983 
 11.8419046392 11.8429266894 11.8438655259 
 11.8419953823 11.8430139698 11.8439498516 
 11.8419945923 11.8430080469 11.8439396166 
 11.8419016035 11.8429083698 11.8438343717 
 11.8417157828 11.8427144189 11.8436336995 
 11.8414365686 11.8424257424 11.8433372479 
 11.8410635237 11.8420420057 11.8429447769 
 11.8405964037 11.8415630564 11.8424562198 
 11.8400352430 11.8409890047 11.8418717594 
 11.8393804594 11.8403203233 11.8411919231 
 11.8386329827 11.8395579690 11.8404176976 
 11.8377944082 11.8387035288 11.8395506691 
 11.8368671804 11.8377593962 11.8385931914 
 11.8358548099 11.8367289808 11.8375485877 
 11.8347621277 11.8356169548 11.8364213897 
 11.8335955748 11.8344295404 11.8352176189 
 11.8323635258 11.8331748343 11.8339451090 
 11.8310766316 11.8318631623 11.8326138665 
 11.8297481573 11.8305074436 11.8312364513 
 11.8283942734 11.8291235279 11.8298283491 
 11.8270342366 11.8277304463 11.8284082791 
 11.8256903813 11.8263504948 11.8269983591 
 11.8243878374 11.8250090552 11.8256240259 
 11.8231539111 11.8237340670 11.8243136067 
 11.8220171201 11.8225551076 11.8230974687 
 11.8210059501 11.8215021202 11.8220067516 
 11.8201474764 11.8206039178 11.8210717906 
 11.8194660210 11.8198866549 11.8203204250 
 11.8189819945 11.8193724518 11.8197764133 
 11.8187109904 11.8190782886 11.8194581200 
 11.8186631297 11.8190151983 11.8193775419 
 11.8188426050 11.8191877221 11.8195396635 
 11.8192473870 11.8195935937 11.8199421100 
 11.8198691095 11.8202236637 11.8205751094 
 11.8206932121 11.8210621440 11.8214218383 
 11.8216994583 11.8220872839 11.8224592517 
 11.8228629151 11.8232725452 11.8236594413 
 11.8241553753 11.8245882186 11.8249914292 
 11.8255470603 11.8260032789 11.8264231512 
 11.8270083392 11.8274871819 11.8279233136 
 11.8285111966 11.8290113327 11.8294628517 
 11.8300302715 11.8305500706 11.8310158616 
 11.8315434253 11.8320811568 11.8325600190 
 11.8330318983 11.8335858554 11.8340765960 
 11.8344801744 11.8350487362 11.8355502147 
 11.8358756694 11.8364573219 11.8369684638 
 11.8372083411 11.8378016747 11.8383214668 
 11.8384702858 11.8390739801 11.8396014591 
 11.8396553574 11.8402681643 11.8408024032 
 11.8407588302 11.8413795567 11.8419196538 
 11.8417771084 11.8424046043 11.8429496749 
 11.8427074836 11.8433406321 11.8438898045 
 11.8435479339 11.8441856476 11.8447380622 
 11.8442969611 11.8449381810 11.8454929920 
 11.8449534583 11.8455971560 11.8461535362 
 11.8455166049 11.8461617866 11.8467189332 
 11.8459857833 11.8466314957 11.8471886371 
 11.8463605143 11.8470058513 11.8475622542 
 11.8466404090 11.8472845187 11.8478394957 
 11.8468251350 11.8474672261 11.8480201424 
 11.8469143947 11.8475537431 11.8481040228 
 11.8469079163 11.8475438703 11.8480910018 
 11.8468054560 11.8474374407 11.8479809804 
 11.8466068109 11.8472343311 11.8477739066 
 11.8463118435 11.8469344853 11.8474697965 
 11.8459205181 11.8465379479 11.8470687667 
 11.8454329493 11.8460449112 11.8465710788 
 11.8448494640 11.8454557745 11.8459771965 
 11.8441706793 11.8447712183 11.8452878572 
 11.8433975979 11.8439922962 11.8445041602 
 11.8425317238 11.8431205464 11.8436276744 
 11.8415752038 11.8421581275 11.8426605693 
 11.8405309972 11.8411079822 11.8416057737 
 11.8394030811 11.8399740359 11.8404671679 
 11.8381966948 11.8387614343 11.8392498151 
 11.8369186300 11.8374768264 11.8379602380 
 11.8355775661 11.8361286954 11.8366067442 
 11.8341844498 11.8347277364 11.8351998014 
 11.8327529013 11.8332872685 11.8337524521 
 11.8312996171 11.8318236548 11.8322807455 
 11.8298447094 11.8303566759 11.8308041363 
 11.8284118936 11.8289097710 11.8293457698 
 11.8270284011 11.8275100260 11.8279325321 
 11.8257244866 11.8261877658 11.8265947191 
 11.8245324288 11.8249756281 11.8253651824 
 11.8234850097 11.8239070740 11.8242778801 
 11.8226135930 11.8230144254 11.8233658973 
 11.8219460387 11.8223266632 11.8226591557 
 11.8215047454 11.8218672974 11.8221821409 
 11.8213050568 11.8216525949 11.8219519717 
 11.8213541689 11.8216903458 11.8219770357 
 11.8216505889 11.8219792499 11.8222563039 
 11.8221841688 11.8225089570 11.8227793676 
 11.8229367518 11.8232607908 11.8235272216 
 11.8238834510 11.8242091541 11.8244737690 
 11.8249944900 11.8253235102 11.8255879163 
 11.8262373871 11.8265706897 11.8268359750 
 11.8275791529 11.8279171619 11.8281839929 
 11.8289881675 11.8293309333 11.8295996706 
 11.8304355201 11.8307828687 11.8310536710 
 11.8318957624 11.8322474050 11.8325203060 
 11.8333471559 11.8337027574 11.8339777157 
 11.8347715613 11.8351307760 11.8354077012 
 11.8361541155 11.8365165999 11.8367953649 
 11.8374828129 11.8378482257 11.8381286705 
 11.8387480672 11.8391160645 11.8393979956 
 11.8399422992 11.8403125273 11.8405957175 
 11.8410595691 11.8414316597 11.8417158486 
 11.8420952625 11.8424688293 11.8427537248 
 11.8430458258 11.8434204644 11.8437057467 
 11.8439085487 11.8442838384 11.8445691646 
 11.8446813854 11.8450568931 11.8453419037 
 11.8453628095 11.8457380953 11.8460224208 
 11.8459516959 11.8463263195 11.8466095880 
 11.8464472271 11.8468207545 11.8471025991 
 11.8468488169 11.8472208280 11.8475008937 
 11.8471560520 11.8475261474 11.8478040984 
 11.8473686474 11.8477364550 11.8480119805 
 11.8474864140 11.8478515951 11.8481244147 
 11.8475092388 11.8478714930 11.8481413615 
 11.8474370755 11.8477961453 11.8480628558 
 11.8472699461 11.8476256198 11.8478890069 
 11.8470079534 11.8473600675 11.8476200080 
 11.8466513037 11.8469997436 11.8472561574 
 11.8462003417 11.8465450411 11.8467978898 
 11.8456555959 11.8459965351 11.8462458199 
 11.8450178389 11.8453550403 11.8456007979 
 11.8442881607 11.8446216831 11.8448639800 
 11.8434680599 11.8437979901 11.8440369145 
 11.8425595549 11.8428859961 11.8431216479 
 11.8415653192 11.8418883758 11.8421208534 
 11.8404888444 11.8408086036 11.8410379877 
 11.8393346390 11.8396511471 11.8398774808 
 11.8381084666 11.8384217011 11.8386449662 
 11.8368176300 11.8371274667 11.8373475562 
 11.8354713053 11.8357774807 11.8359941679 
 11.8340809226 11.8343829949 11.8345958999 
 11.8326605834 11.8329578945 11.8331664512 
 11.8312274839 11.8315191286 11.8317225575 
 11.8298022877 11.8300871010 11.8302843935 
 11.8284093525 11.8286859280 11.8288758539 
 11.8270766778 11.8273434302 11.8275245799 
 11.8258354104 11.8260906943 11.8262615644 
 11.8247187650 11.8249610467 11.8251201701 
 11.8237603032 11.8239883629 11.8241344708 
 11.8229916719 11.8232047943 11.8233369781 
 11.8224400795 11.8226381812 11.8227560165 
 11.8221258979 11.8223095530 11.8224131533 
 11.8220607682 11.8222311253 11.8223211154 
 