11.8265516984 11.8266439027 11.8266815656 
 11.8280942448 11.8281989045 11.8282451612 
 11.8296696575 11.8297864287 11.8298412857 
 11.8312518917 11.8313802893 11.8314436134 
 11.8328187163 11.8329581986 11.8330297774 
 11.8343516343 11.8345016507 11.8345812282 
 11.8358355703 11.8359955820 11.8360828762 
 11.8372584439 11.8374279292 11.8375226399 
 11.8386107152 11.8387891669 11.8388909773 
 11.8398849514 11.8400718713 11.8401804483 
 11.8410754385 11.8412703322 11.8413853266 
 11.8421778477 11.8423802206 11.8425012680 
 11.8431889541 11.8433983098 11.8435250332 
 11.8441064053 11.8443222459 11.8444542591 
 11.8449285305 11.8451503588 11.8452872709 
 11.8456541868 11.8458815096 11.8460229300 
 11.8462826333 11.8465149660 11.8466605097 
 11.8468134309 11.8470503023 11.8471995952 
 11.8472463616 11.8474873190 11.8476400031 
 11.8475813655 11.8478259794 11.8479817173 
 11.8478184922 11.8480663604 11.8482248396 
 11.8479578653 11.8482086171 11.8483695524 
 11.8479996591 11.8482529577 11.8484160940 
 11.8479440861 11.8481996306 11.8483647440 
 11.8477913953 11.8480489215 11.8482158190 
 11.8475418811 11.8478011608 11.8479696799 
 11.8471959022 11.8474567420 11.8476267478 
 11.8467539120 11.8470161500 11.8471875321 
 11.8462164998 11.8464800012 11.8466526687 
 11.8455844440 11.8458490947 11.8460229699 
 11.8448587792 11.8451244780 11.8452994884 
 11.8440408784 11.8443075267 11.8444835952 
 11.8431325537 11.8434000424 11.8435770756 
 11.8421361780 11.8424043722 11.8425822458 
 11.8410548329 11.8413235526 11.8415020954 
 11.8398924880 11.8401614854 11.8403404590 
 11.8386542172 11.8389231501 11.8391022264 
 11.8373464590 11.8376148591 11.8377935943 
 11.8359773251 11.8362445631 11.8364223684 
 11.8345569601 11.8348222074 11.8349983170 
 11.8330979487 11.8333601373 11.8335335758 
 11.8316157499 11.8318735361 11.8320430871 
 11.8301291215 11.8303808591 11.8305450403 
 11.8286604616 11.8289041943 11.8290612457 
 11.8272359530 11.8274694395 11.8276173350 
 11.8258853611 11.8261061450 11.8262426367 
 11.8246413184 11.8248468513 11.8249695543 
 11.8235379768 11.8237257895 11.8238323083 
 11.8226090307 11.8227769314 11.8228650140 
 11.8218852919 11.8220315538 11.8220992537 
 11.8213921576 11.8215156595 11.8215614772 
 11.8211473694 11.8212476647 11.8212706515 
 11.8211593979 11.8212367094 11.8212365255 
 11.8214266526 11.8214818101 11.8214587388 
 11.8219376086 11.8219719472 11.8219268674 
 11.8226718439 11.8226870816 11.8226213979 
 11.8236018854 11.8235999900 11.8235155221 
 11.8246956151 11.8246786712 11.8245775095 
 11.8259188560 11.8258889431 11.8257732910 
 11.8272377232 11.8271968152 11.8270688431 
 11.8286204302 11.8285703237 11.8284320529 
 11.8300384258 11.8299806980 11.8298339248 
 11.8314669134 11.8314029053 11.8312491636 
 11.8328849030 11.8328157218 11.8326562760 
 11.8342749674 11.8342015014 11.8340373599 
 11.8356228476 11.8355457871 11.8353777272 
 11.8369170059 11.8368368680 11.8366654667 
 11.8381481895 11.8380653425 11.8378910076 
 11.8393090327 11.8392237201 11.8390467204 
 11.8403937114 11.8403060735 11.8401265665 
 11.8413976502 11.8413077441 11.8411258002 
 11.8423172778 11.8422250954 11.8420407192 
 11.8431498254 11.8430553085 11.8428684574 
 11.8438931599 11.8437962144 11.8436068140 
 11.8445456476 11.8444461558 11.8442541129 
 11.8451060421 11.8450038730 11.8448090871 
 11.8455733925 11.8454684108 11.8452707832 
 11.8459469684 11.8458390427 11.8456384840 
 11.8462261998 11.8461152090 11.8459116456 
 11.8464106295 11.8462964683 11.8460898475 
 11.8464998771 11.8463824611 11.8461727545 
 11.8464936139 11.8463728828 11.8461600899 
 11.8463915484 11.8462674691 11.8460516190 
 11.8461934215 11.8460659901 11.8458471424 
 11.8458990122 11.8457682551 11.8455465009 
 11.8455081536 11.8453741283 11.8451495893 
 11.8450207593 11.8448835538 11.8446563817 
 11.8444368614 11.8442965936 11.8440669683 
 11.8437566603 11.8436134764 11.8433816041 
 11.8429805884 11.8428346610 11.8426007717 
 11.8421093898 11.8419609152 11.8417252603 
 11.8411442180 11.8409934132 11.8407562629 
 11.8400867564 11.8399338558 11.8396954969 
 11.8389393656 11.8387846177 11.8385453514 
 11.8377052639 11.8375489273 11.8373090683 
 11.8363887470 11.8362310865 11.8359909624 
 11.8349954539 11.8348367369 11.8345966893 
 11.8335326862 11.8333731788 11.8331335643 
 11.8320097827 11.8318497459 11.8316109388 
 11.8304385477 11.8302782331 11.8300406271 
 11.8288337162 11.8286733609 11.8284373690 
 11.8272134181 11.8270532377 11.8268192873 
 11.8255995717 11.8254397511 11.8252082694 
 11.8240180958 11.8238587741 11.8236301599 
 11.8224987880 11.8223400390 11.8221146155 
 11.8210747091 11.8209165153 11.8206944637 
 11.8197809556 11.8196231800 11.8194044601 
 11.8186528304 11.8184951910 11.8182794643 
 11.8177235944 11.8175656517 11.8173522295 
 11.8170221313 11.8168632960 11.8166511344 
 11.8165708802 11.8164104489 11.8161982038 
 11.8163842904 11.8162215071 11.8160076472 
 11.8164678844 11.8163020235 11.8160849870 
 11.8168179170 11.8166483742 11.8164267443 
 11.8174216006 11.8172479771 11.8170206448 
 11.8182579171 11.8180800768 11.8178463599 
 11.8192990388 11.8191171251 11.8188768181 
 11.8205123007 11.8203267062 11.8200800496 
 11.8218625045 11.8216738026 11.8214213862 
 11.8233142138 11.8231230711 11.8228656992 
 11.8248336925 11.8246407834 11.8243793377 
 11.8263902648 11.8261962046 11.8259315331 
 11.8279570550 11.8277623577 11.8274952004 
 11.8295112008 11.8293162606 11.8290472124 
 11.8310337006 11.8308387913 11.8305682933 
 11.8325090483 11.8323143341 11.8320426843 
 11.8339247783 11.8337303307 11.8334577046 
 11.8352709966 11.8350768134 11.8348032892 
 11.8365399434 11.8363459680 11.8360715513 
 11.8377256066 11.8375317449 11.8372563922 
 11.8388233907 11.8386295266 11.8383531654 
 11.8398298396 11.8396358477 11.8393583935 
 11.8407424069 11.8405481636 11.8402695335 
 11.8415592673 11.8413646591 11.8410847826 
 11.8422791618 11.8420840922 11.8418029194 
 11.8429012712 11.8427056657 11.8424231733 
 11.8434251127 11.8432289228 11.8429451180 
 11.8438504564 11.8436536619 11.8433685849 
 11.8441772572 11.8439798676 11.8436935925 
 11.8444056017 11.8442076564 11.8439202911 
 11.8445356674 11.8443372353 11.8440489204 
 11.8445676933 11.8443688713 11.8440797776 
 11.8445019615 11.8443028725 11.8440131982 
 11.8443387898 11.8441395792 11.8438495461 
 11.8440785336 11.8438793661 11.8435892150 
 11.8437215995 11.8435226542 11.8432326397 
 11.8432684684 11.8430699340 11.8427803187 
 11.8427197304 11.8425217994 11.8422328476 
 11.8420761318 11.8418789938 11.8415909650 
 11.8413386343 11.8411424700 11.8408556117 
 11.8405084906 11.8403134641 11.8400280054 
 11.8395873364 11.8393935884 11.8391097334 
 11.8385773038 11.8383849449 11.8381028669 
 11.8374811608 11.8372902641 11.8370101012 
 11.8363024800 11.8361130756 11.8358349268 
 11.8350458453 11.8348579149 11.8345818390 
 11.8337171023 11.8335305745 11.8332565903 
 11.8323236570 11.8321384046 11.8318664932 
 11.8308748301 11.8306906671 11.8304207760 
 11.8293822613 11.8291989407 11.8289309872 
 11.8278603532 11.8276775626 11.8274114350 
 11.8263267194 11.8261440731 11.8258796249 
 11.8248025752 11.8246195981 11.8243566277 
 11.8233129648 11.8231290641 11.8228672734 
 11.8218866798 11.8217011007 11.8214400254 
 11.8205556991 11.8203674655 11.8201063769 
 11.8193540118 11.8191618604 11.8188996500 
 11.8183157931 11.8181181202 11.8178531961 
 11.8174730799 11.8172679284 11.8169981631 
 11.8168532656 11.8166383807 11.8163611503 
 11.8164768147 11.8162497813 11.8159621188 
 11.8163555357 11.8161139915 11.8158128443 
 11.8164916081 11.8162335008 11.8159160551 
 11.8168774310 11.8166012702 11.8162652805 
 11.8174962865 11.8172013325 11.8168453854 
 11.8183237605 11.8180101029 11.8176337548 
 11.8193297820 11.8189982855 11.8186020429 
 11.8204810161 11.8201331523 11.8197183068 
 11.8217432528 11.8213808656 11.8209492367 
 11.8230834455 11.8227085113 11.8222621653 
 11.8244711783 11.8240856066 11.8236266126 
 11.8258795103 11.8254850094 11.8250152643 
 11.8272852860 11.8268832921 11.8264044206 
 11.8286690619 11.8282607199 11.8277740378 
 11.8300148043 11.8296009827 11.8291075036 
 11.8313094788 11.8308908042 11.8303912725 
 11.8325426127 11.8321195126 11.8316144489 
 11.8337058787 11.8332786248 11.8327683746 
 11.8347927202 11.8343614700 11.8338462489 
 11.8357980288 11.8353628607 11.8348427963 
 11.8367178699 11.8362788141 11.8357539801 
 11.8375492557 11.8371063188 11.8365767637 
 11.8382899555 11.8378431405 11.8373089100 
 11.8389383409 11.8384876621 11.8379488169 
 11.8394932573 11.8390387521 11.8384953804 
 11.8399539191 11.8394956562 11.8389478830 
 11.8403198242 11.8398579088 11.8393059020 
 11.8405906843 11.8401252615 11.8395692349 
 11.8407663700 11.8402976262 11.8397378409 
 11.8408468681 11.8403750305 11.8398117944 
 11.8408322514 11.8403575862 11.8397912514 
 11.8407226582 11.8402454678 11.8396764276 
 11.8405182836 11.8400389026 11.8394675866 
 11.8402193806 11.8397381711 11.8391650400 
 11.8398262724 11.8393436179 11.8387691575 
 11.8393393751 11.8388556745 11.8382803888 
 11.8387592321 11.8382748932 11.8376992978 
 11.8380865611 11.8376019939 11.8370266093 
 11.8373223155 11.8368379254 11.8362632714 
 11.8364677612 11.8359839438 11.8354105343 
 11.8355245733 11.8350417094 11.8344700492 
 11.8344949547 11.8340134077 11.8334439920 
 11.8333817829 11.8329018983 11.8323352150 
 11.8321887885 11.8317108965 11.8311474325 
 11.8309207746 11.8304451958 11.8298854469 
 11.8295838795 11.8291109346 11.8285554205 
 11.8281858911 11.8277159133 11.8271651955 
 11.8267366122 11.8262699614 11.8257246623 
 11.8252482707 11.8247853463 11.8242461645 
 11.8237359545 11.8232771995 11.8227449142 
 11.8222180252 11.8217639147 11.8212393659 
 11.8207164352 11.8202674343 11.8197514649 
 11.8192568292 11.8188133094 11.8183066518 
 11.8178682833 11.8174303867 11.8169334857 
 11.8165825318 11.8161499880 11.8156627679 
 11.8154325959 11.8150045181 11.8145261285 
 11.8144508617 11.8140255723 11.8135541741 
 11.8136668232 11.8132417720 11.8127744368 
 11.8131048320 11.8126766592 11.8122094373 
 11.8127821968 11.8123469602 11.8118751359 
 11.8127078734 11.8122614149 11.8117799182 
 11.8128818396 11.8124202308 11.8119241394 
 11.8132951567 11.8128151383 11.8123001842 
 11.8139306846 11.8134300150 11.8128930019 
 11.8147644053 11.8142420442 11.8136811000 
 11.8157672467 11.8152233434 11.8146379637 
 11.8169072078 11.8163429092 11.8157337981 
 11.8181514914 11.8175686370 11.8169374023 
 11.8194683556 11.8188691393 11.8182179279 
 11.8208284796 11.8202151518 11.8195463066 
 11.8222057833 11.8215804331 11.8208962258 
 11.8235777609 11.8229421868 11.8222446442 
 11.8249254518 11.8242811087 11.8235719269 
 11.8262331858 11.8255811855 11.8248617096 
 11.8274882117 11.8268293577 11.8261006051 
 11.8286802906 11.8280151286 11.8272778358 
 11.8298012995 11.8291301730 11.8283848523 
 11.8308448700 11.8301679745 11.8294149706 
 11.8318060728 11.8311235039 11.8303630471 
 11.8326811475 11.8319929425 11.8312251941 
 11.8334672761 11.8327734478 11.8319985385 
 11.8341623941 11.8334629580 11.8326810182 
 11.8347650334 11.8340600286 11.8332712128 
 11.8352741936 11.8345636982 11.8337682026 
 11.8356892354 11.8349733777 11.8341714529 
 11.8360097936 11.8352887593 11.8344807192 
 11.8362357071 11.8355097434 11.8346959698 
 11.8363669632 11.8356363803 11.8348173252 
 11.8364036548 11.8356688254 11.8348450106 
 11.8363459498 11.8356073068 11.8347793220 
 11.8361940717 11.8354521048 11.8346206037 
 11.8359482918 11.8352035426 11.8343692381 
 11.8356089315 11.8348619880 11.8340256470 
 11.8351763765 11.8344278672 11.8335903045 
 11.8346511023 11.8339016903 11.8330637631 
 11.8340337133 11.8332840904 11.8324466930 
 11.8333249946 11.8325758767 11.8317399366 
 11.8325259810 11.8317781045 11.8309445808 
 11.8316380440 11.8308921648 11.8300620491 
 11.8306630007 11.8299198963 11.8290942172 
 11.8296032495 11.8288637248 11.8280435569 
 11.8284619365 11.8277268339 11.8269133123 
 11.8272431585 11.8265133737 11.8257077142 
 11.8259522091 11.8252287120 11.8244322365 
 11.8245958712 11.8238797310 11.8230938964 
 11.8231827580 11.8224751700 11.8217015974 
 11.8217236966 11.8210260054 11.8202665019 
 11.8202321369 11.8195458467 11.8188024078 
 11.8187245476 11.8180513058 11.8173260824 
 11.8172207342 11.8165622697 11.8158574776 
 11.8157439813 11.8151019765 11.8144197271 
 11.8143208917 11.8136967745 11.8130388145 
 11.8129807975 11.8123754532 11.8117428236 
 11.8117546616 11.8111680974 11.8105607527 
 11.8106734991 11.8101045238 11.8095209866 
 11.8097664856 11.8092124868 11.8086496265 
 11.8090590269 11.8085159220 11.8079689275 
 11.8085710786 11.8080334765 11.8074960526 
 11.8083159131 11.8077774779 11.8072422450 
 11.8082993980 11.8077533626 11.8072124030 
 11.8085197523 11.8079595058 11.8074049849 
 11.8089677205 11.8083873872 11.8078121687 
 11.8096271389 11.8090220615 11.8084202406 
 11.8104758970 11.8098429513 11.8092102313 
 11.8114872835 11.8108249758 11.8101588359 
 11.8126316331 11.8119399762 11.8112396115 
 11.8138780975 11.8131583123 11.8124243764 
 11.8151963104 11.8144504347 11.8136846562 
 11.8165577395 11.8157882334 11.8149929957 
 11.8179366102 11.8171460248 11.8163239869 
 11.8193103911 11.8185011338 11.8176549396 
 11.8206599141 11.8198341117 11.8189662007 
 11.8219692363 11.8211286785 11.8202411879 
 11.8232253479 11.8223714872 11.8214662241 
 11.8244178093 11.8235517963 11.8226302547 
 11.8255383747 11.8246611097 11.8237245141 
 11.8265806342 11.8256928243 11.8247421844 
 11.8275396918 11.8266419062 11.8256780730 
 11.8284118852 11.8275046044 11.8265283227 
 11.8291945461 11.8282782041 11.8272901584 
 11.8298857993 11.8289608174 11.8279616704 
 11.8304843947 11.8295512083 11.8285416311 
 11.8309895681 11.8300486468 11.8290293426 
 11.8314009270 11.8304527885 11.8294245097 
 11.8317183565 11.8307635767 11.8297271365 
 11.8319419446 11.8309811622 11.8299374421 
 11.8320719222 11.8311058410 11.8300557944 
 11.8321086176 11.8311380061 11.8300826586 
 11.8320524246 11.8310781130 11.8300185610 
 11.8319037821 11.8309266584 11.8298640657 
 11.8316631664 11.8306841712 11.8296197648 
 11.8313310949 11.8303512160 11.8292862815 
 11.8309081431 11.8299284098 11.8288642870 
 11.8303949737 11.8294164522 11.8283545323 
 11.8297923809 11.8288161714 11.8277578949 
 11.8291013507 11.8281285861 11.8270754446 
 11.8283231393 11.8273549874 11.8263085287 
 11.8274593733 11.8264970432 11.8254588808 
 11.8265121746 11.8255569280 11.8245287562 
 11.8254843154 11.8245374833 11.8235210985 
 11.8243794061 11.8234424124 11.8224397404 
 11.8232021229 11.8222765128 11.8212896405 
 11.8219584758 11.8210459487 11.8200771582 
 11.8206561195 11.8197585610 11.8188103591 
 11.8193046976 11.8184242042 11.8174993376 
 11.8179162055 11.8170550887 11.8161565301 
 11.8165053347 11.8156660873 11.8147969716 
 11.8150897426 11.8142749451 11.8134384319 
 11.8136901631 11.8129023071 11.8121013495 
 11.8123302565 11.8115714707 11.8108084820 
 11.8110360995 11.8103077848 11.8095842217 
 11.8098352588 11.8091376702 11.8084535850 
 11.8087554799 11.8080873271 11.8074409695 
 11.8078231286 11.8071812870 11.8065688446 
 11.8070616071 11.8064410171 11.8058565630 
 11.8064899739 11.8058837715 11.8053194427 
 11.8061219279 11.8055217969 11.8049681806 
 11.8059652047 11.8053619032 11.8048085789 
 11.8060213473 11.8054053394 11.8048415115 
 11.8062857749 11.8056478939 11.8050630516 
 11.8067480953 11.8060801664 11.8054647123 
 11.8073926443 11.8066879990 11.8060337885 
 11.8081992658 11.8074530860 11.8067538244 
 11.8091443359 11.8083537863 11.8076052386 
 11.8102019885 11.8093661289 11.8085661202 
 11.8113454381 11.8104649478 11.8096131670 
 11.8125482514 11.8116250345 11.8107226899 
 11.8137854240 11.8128221780 11.8118715778 
 11.8150341643 11.8140339847 11.8130381166 
 11.8162743566 11.8152404238 11.8142025920 
 11.8174887341 11.8164240984 11.8153476490 
 11.8186628293 11.8175702883 11.8164584287 
 11.8197847763 11.8186668249 11.8175225267 
 11.8208450326 11.8197038647 11.8185298285 
 11.8218360699 11.8206736103 11.8194722751 
 11.8227520660 11.8215700189 11.8203435958 
 11.8235886188 11.8223885215 11.8211390406 
 11.8243424900 11.8231257647 11.8218551248 
 11.8250113816 11.8237793828 11.8224893998 
 11.8255937459 11.8243478000 11.8230402495 
 11.8260886245 11.8248300628 11.8235067166 
 11.8264955147 11.8252256990 11.8238883543 
 11.8268142597 11.8255346015 11.8241851045 
 11.8270449599 11.8257569343 11.8243971967 
 11.8271879024 11.8258930571 11.8245250692 
 11.8272435085 11.8259434693 11.8245693081 
 11.8272122959 11.8259087695 11.8245306043 
 11.8270948561 11.8257896313 11.8244097278 
 11.8268918470 11.8255867949 11.8242075176 
 11.8266039991 11.8253010735 11.8239248892 
 11.8262321383 11.8249333774 11.8235628594 
 11.8257772246 11.8244847545 11.8231225896 
 11.8252404087 11.8239564502 11.8226054488 
 11.8246231092 11.8233499888 11.8220130990 
 11.8239271124 11.8226672781 11.8213476053 
 11.8231546973 11.8219107400 11.8206115710 
 11.8223087901 11.8210834705 11.8198083014 
 11.8213931499 11.8201894293 11.8189419962 
 11.8204125868 11.8192336599 11.8180179660 
 11.8193732126 11.8182225362 11.8170428689 
 11.8182827164 11.8171640249 11.8160249519 
 11.8171506525 11.8160679473 11.8149742736 
 11.8159887127 11.8149462072 11.8139028758 
 11.8148109453 11.8138129435 11.8128248573 
 11.8136338603 11.8126845481 11.8117562982 
 11.8124763553 11.8115794932 11.8107149912 
 11.8113593947 11.8105179163 11.8097199511 
 11.8103054006 11.8095209523 11.8087907200 
 11.8093373662 11.8086098509 11.8079465268 
 11.8084777672 11.8078049723 11.8072054017 
 11.8077474056 11.8071247924 11.8065833600 
 11.8071643408 11.8065850423 11.8060937455 
 11.8067430319 11.8061980673 11.8057467839 
 11.8064937540 11.8059724307 11.8055493429 
 11.8064222840 11.8059127353 11.8055048614 
 11.8065298050 11.8060196088 11.8056133933 
 11.8068129731 11.8062897977 11.8058717212 
 11.8072641058 11.8067163369 11.8062735096 
 11.8078714848 11.8072887869 11.8068094934 
 11.8086197888 11.8079935566 11.8074677173 
 11.8094906813 11.8088143390 11.8082338510 
 11.8104635607 11.8097326788 11.8090916047 
 11.8115164437 11.8107286670 11.8100232545 
 11.8126269112 11.8117817226 11.8110102585 
 11.8137730222 11.8128713919 11.8120339236 
 11.8149340961 11.8139780829 11.8130760579 
 11.8160912986 11.8150836639 11.8141195448 
 11.8172280020 11.8161718822 11.8151487896 
 11.8183299354 11.8172285946 11.8161500110 
 11.8193851640 11.8182418303 11.8171113799 
 11.8203839474 11.8192017219 11.8180230267 
 11.8213185261 11.8201003476 11.8188769472 
 11.8221828729 11.8209315217 11.8196668432 
 11.8229724391 11.8216905643 11.8203879259 
 11.8236839105 11.8223740700 11.8210367061 
 11.8243149852 11.8229796900 11.8216107869 
 11.8248641760 11.8235059336 11.8221086696 
 11.8253306396 11.8239519934 11.8225295788 
 11.8257140310 11.8243175948 11.8228733074 
 11.8260143816 11.8246028681 11.8231400858 
 11.8262319995 11.8248082435 11.8233304707 
 11.8263673900 11.8249343664 11.8234452565 
 11.8264211940 11.8249820320 11.8234854058 
 11.8263941448 11.8249521392 11.8234520000 
 11.8262870415 11.8248456616 11.8233462084 
 11.8261007390 11.8246636370 11.8231692764 
 11.8258361556 11.8244071746 11.8229225334 
 11.8254942976 11.8240774817 11.8226074197 
 11.8250763041 11.8236759100 11.8222255353 
 11.8245835116 11.8232040238 11.8217787099 
 11.8240175419 11.8226636908 11.8212690961 
 11.8233804142 11.8220571979 11.8206992859 
 11.8226746843 11.8213873916 11.8200724499 
 11.8219036106 11.8206578435 11.8193924963 
 11.8210713467 11.8198730365 11.8186642435 
 11.8201831565 11.8190385645 11.8178935966 
 11.8192456412 11.8181613337 11.8170877094 
 11.8182669623 11.8172497421 11.8162551098 
 11.8172570333 11.8163138092 11.8154057573 
 11.8162276422 11.8153652190 11.8145510012 
 11.8151924596 11.8144172354 11.8137034095 
 11.8141668868 11.8134844592 11.8128764542 
 11.8131677088 11.8125824126 11.8120840606 
 11.8122125479 11.8117269712 11.8113400580 
 11.8113191543 11.8109336971 11.8106575937 
 11.8105046134 11.8102171553 11.8100485842 
 11.8097845732 11.8095903027 11.8095232683 
 11.8091725948 11.8090640203 11.8090899060 
 11.8086796927 11.8086468244 11.8087546319 
 11.8083140871 11.8083447548 11.8085214465 
 11.8080811443 11.8081614061 11.8083923098 
 11.8079834556 11.8080980556 11.8083672962 
 11.8080209948 11.8081538390 11.8084447751 
 11.8081913073 11.8083259378 11.8086215884 
 11.8084896934 11.8086097519 11.8088932084 
 11.8089093755 11.8089990493 11.8092538709 
 11.8094416485 11.8094860939 11.8096966856 
 11.8100760305 11.8100617642 11.8102137315 
 11.8108004384 11.8107156799 11.8107961515 
 11.8116014113 11.8114363562 11.8114342595 
 11.8124644022 11.8122114041 11.8121176753 
 11.8133741429 11.8130277845 11.8128354957 
 11.8143150713 11.8138721172 11.8135765068 
 11.8152717914 11.8147310296 11.8143294332 
 11.8162295265 11.8155915203 11.8150832104 
 11.8171745218 11.8164413073 11.8158272618 
 11.8180943621 11.8172691281 11.8165517572 
 11.8189781843 11.8180649695 11.8172478311 
 11.8198167813 11.8188202135 11.8179077451 
 11.8206026086 11.8195276989 11.8185249858 
 11.8213297127 11.8201817080 11.8190942975 
 11.8219936044 11.8207778924 11.8196116589 
 11.8225910990 11.8213131571 11.8200742119 
 11.8231201410 11.8217855187 11.8204801584 
 11.8235796274 11.8221939516 11.8208286368 
 11.8239692383 11.8225382338 11.8211195884 
 11.8242892826 11.8228188001 11.8213536254 
 11.8245405592 11.8230366074 11.8215319044 
 11.8247242388 11.8231930170 11.8216560125 
 11.8248417644 11.8232896931 11.8217278680 
 11.8248947714 11.8233285218 11.8217496380 
 11.8248850283 11.8233115479 11.8217236744 
 11.8248143953 11.8232409327 11.8216524691 
 11.8246848042 11.8231189305 11.8215386276 
 11.8244982562 11.8229478848 11.8213848629 
 11.8242568406 11.8227302452 11.8211940066 
 11.8239627735 11.8224686022 11.8209690383 
 11.8236184563 11.8221657421 11.8207131306 
 11.8232265540 11.8218247170 11.8204297059 
 11.8227900918 11.8214489294 11.8201225009 
 11.8223125655 11.8210422242 11.8197956304 
 11.8217980607 11.8206089795 11.8194536408 
 11.8212513704 11.8201541859 11.8191015409 
 11.8206780966 11.8196834965 11.8187447948 
 11.8200847178 11.8192032327 11.8183892641 
 11.8194786007 11.8187203255 11.8180410876 
 11.8188679332 11.8182421812 11.8177064984 
 11.8182615647 11.8177764667 11.8173915857 
 11.8176687462 11.8173308247 11.8171020234 
 11.8170987852 11.8169125453 11.8168427987 
 11.8165606472 11.8165282318 11.8166179755 
 11.8160625515 11.8161835047 11.8164305255 
 11.8156116134 11.8158827811 11.8162822449 
 11.8152135769 11.8156291524 11.8161737607 
 11.8148726633 11.8154243634 11.8161046130 
 11.8145915384 11.8152688806 11.8160733904 
 11.8143713805 11.8151620234 11.8160778932 
 11.8142120223 11.8151021316 11.8161153013 
 11.8141121329 11.8150867434 11.8161823278 
 11.8140694136 11.8151127656 11.8162753513 
 11.8140807866 11.8151766242 11.8163905219 
 11.8141425635 11.8152743907 11.8165238426 
 11.8142505880 11.8154018854 11.8166712324 
 11.8144003535 11.8155547588 11.8168285739 
 11.8145870966 11.8157285592 11.8169917541 
 11.8148058733 11.8159187876 11.8171567020 
 11.8150516212 11.8161209491 11.8173194278 
 11.8153192138 11.8163306007 11.8174760667 
 11.8156035099 11.8165434012 11.8176229287 
 11.8158994027 11.8167551622 11.8177565553 
 11.8162018693 11.8169619019 11.8178737812 
 11.8165060231 11.8171599009 11.8179717994 
 11.8168071678 11.8173457562 11.8180482265 
 11.8171008556 11.8175164343 11.8181011633 
 11.8173829459 11.8176693183 11.8181292477 
 11.8176496673 11.8178022498 11.8181316952 
 11.8178976780 11.8179135632 11.8181083251 
 11.8181241260 11.8180021120 11.8180595708 
 11.8183267038 11.8180672885 11.8179864741 
 11.8185036961 11.8181090350 11.8178906660 
 11.8186540156 11.8181278482 11.8177743359 
 11.8187772229 11.8181247744 11.8176401929 
 11.8188735296 11.8181013963 11.8174914197 
 11.8189437816 11.8180598089 11.8173316240 
 11.8189894250 11.8180025859 11.8171647860 
 11.8190124557 11.8179327360 11.8169952045 
 11.8190153584 11.8178536521 11.8168274417 
 11.8190010377 11.8177690538 11.8166662678 
 11.8189727469 11.8176829286 11.8165166055 
 11.8189340184 11.8175994714 11.8163834759 
 11.8188885987 11.8175230266 11.8162719440 
 11.8188403899 11.8174580315 11.8161870635 
 11.8187933978 11.8174089625 11.8161338196 
 11.8187516867 11.8173802808 11.8161170645 
 11.8187193376 11.8173763750 11.8161414432 
 11.8187004074 11.8174014966 11.8162113030 
 11.8186988829 11.8174596834 11.8163305829 
 11.8187186260 11.8175546643 11.8165026783 
 11.8187633017 11.8176897427 11.8167302786 
 11.8188362852 11.8178676549 11.8170151821 
 11.8189405432 11.8180904059 11.8173580953 
 11.8190784901 11.8183590905 11.8177584356 
 11.8192518243 11.8186737141 11.8182141625 
 11.8194613592 11.8190330384 11.8187216706 
 11.8197068695 11.8194344798 11.8192757757 
 11.8199869797 11.8198740891 11.8198698204 
 11.8202991223 11.8203466345 11.8204959060 
 11.8206395842 11.8208457922 11.8211452327 
 11.8210036489 11.8213644284 11.8218085088 
 11.8213858187 11.8218949390 11.8224763751 
 11.8217800903 11.8224296008 11.8231397888 
 11.8221802439 11.8229608891 11.8237903275 
 11.8225801086 11.8234817302 11.8244203908 
 11.8229737762 11.8239856687 11.8250232990 
 11.8233557488 11.8244669528 11.8255933046 
 11.8237210172 11.8249205459 11.8261255361 
 11.8240650822 11.8253420846 11.8266159001 
 11.8243839294 11.8257278014 11.8270609606 
 11.8246739753 11.8260744293 11.8274578132 
 11.8249319983 11.8263791018 11.8278039643 
 11.8251550657 11.8266392584 11.8280972233 
 11.8253404659 11.8268525620 11.8283356126 
 11.8254856511 11.8270168319 11.8285172955 
 11.8255881943 11.8271299945 11.8286405245 
 11.8256457631 11.8271900527 11.8287036091 
 11.8256561110 11.8271950741 11.8287049030 
 11.8256170875 11.8271431986 11.8286428093 
 11.8255266671 11.8270326647 11.8285158056 
 11.8253829969 11.8268618550 11.8283224865 
 11.8251844638 11.8266293610 11.8280616258 
 11.8249297809 11.8263340679 11.8277322578 
 11.8246180921 11.8259752588 11.8273337792 
 11.8242490944 11.8255527385 11.8268660711 
 11.8238231757 11.8250669767 11.8263296429 
 11.8233415640 11.8245192670 11.8257257961 
 11.8228064823 11.8239118998 11.8250568067 
 11.8222213000 11.8232483392 11.8243261218 
 11.8215906695 11.8225333970 11.8235385603 
 11.8209206322 11.8217733850 11.8227005079 
 11.8202186782 11.8209762295 11.8218200839 
 11.8194937407 11.8201515246 11.8209072574 
 11.8187561144 11.8193105020 11.8199738843 
 11.8180172890 11.8184659018 11.8190336367 
 11.8172897046 11.8176317352 11.8181018049 
 11.8165864437 11.8168229500 11.8171949666 
 11.8159208874 11.8160550225 11.8163305392 
 11.8153063660 11.8153435126 11.8155262523 
 11.8147558328 11.8147036260 11.8147995932 
 11.8142815836 11.8141498180 11.8141672783 
 11.8138950276 11.8136954622 11.8136447921 
 11.8136065079 11.8133525873 11.8132460134 
 11.8134251553 11.8131316705 11.8129829221 
 11.8133587553 11.8130414616 11.8128653637 
 11.8134136051 11.8130888107 11.8129008350 
 11.8135943420 11.8132784718 11.8130942596 
 11.8139037306 11.8136128687 11.8134477318 
 11.8143424077 11.8140918215 11.8139602302 
 11.8149086030 11.8147122576 11.8146273300 
 11.8155978693 11.8154679554 11.8154409768 
 11.8164028804 11.8163493922 11.8163894100 
 11.8173133657 11.8173437808 11.8174573284 
 11.8183162511 11.8184353658 11.8186263688 
 11.8193960502 11.8196060092 11.8198758992 
 11.8205354999 11.8208360263 11.8211840494 
 11.8217163752 11.8221051657 11.8225288283 
 11.8229203706 11.8233935856 11.8238891569 
 11.8241299178 11.8246826872 11.8252456780 
 11.8253288368 11.8259557131 11.8265812755 
 11.8265027652 11.8271980832 11.8278813055 
 11.8276393621 11.8283974938 11.8291335930 
 11.8287283234 11.8295438377 11.8303282665 
 11.8297612610 11.8306290074 11.8314575007 
 11.8307314994 11.8316466397 11.8325152202 
 11.8316338336 11.8325918401 11.8334968019 
 11.8324642809 11.8334609165 11.8343987987 
 11.8332198447 11.8342511359 11.8352186931 
 11.8338983029 11.8349605117 11.8359546871 
 11.8344980243 11.8355876224 11.8366055253 
 11.8350178144 11.8361314621 11.8371703502 
 11.8354567888 11.8365913190 11.8376485858 
 11.8358142728 11.8369666786 11.8380398454 
 11.8360897231 11.8372571505 11.8383438612 
 11.8362826712 11.8374624135 11.8385604333 
 11.8363926839 11.8375821794 11.8386893941 
 11.8364193422 11.8376161722 11.8387305890 
 11.8363622336 11.8375641213 11.8386838698 
 11.8362209615 11.8374257700 11.8385491020 
 11.8359951668 11.8372008956 11.8383261847 
 11.8356845653 11.8368893451 11.8380150829 
 11.8352889998 11.8364910835 11.8376158738 
 11.8348085080 11.8360062583 11.8371288075 
 11.8342434084 11.8354352800 11.8365543829 
 11.8335944056 11.8347789220 11.8358934424 
 11.8328627184 11.8340384415 11.8351472861 
 11.8320502324 11.8332157255 11.8343178108 
 11.8311596819 11.8323134640 11.8334076755 
 11.8301948616 11.8313353552 11.8324204989 
 11.8291608712 11.8302863448 11.8313610909 
 11.8280643902 11.8291728994 11.8302357221 
 11.8269139765 11.8280033104 11.8290524284 
 11.8257203727 11.8267880185 11.8278213440 
 11.8244967938 11.8255399338 11.8265550455 
 11.8232591515 11.8242747158 11.8252688731 
 11.8220261568 11.8230109528 11.8239811763 
 11.8208192292 11.8217701679 11.8227134073 
 11.8196621445 11.8205765670 11.8214899707 
 11.8185803786 11.8194564608 11.8203377407 
 11.8176001568 11.8184373384 11.8192851883 
 11.8167472820 11.8175466411 11.8183611386 
 11.8160458727 11.8168103589 11.8175932587 
 11.8155171552 11.8162516171 11.8170064568 
 11.8151784272 11.8158894114 11.8166213855 
 11.8150422517 11.8157375917 11.8164532001 
 11.8151158811 11.8158041309 11.8165106498 
 11.8154008886 11.8160906701 11.8167955210 
 11.8158929957 11.8165923374 11.8173024430 
 11.8165821232 11.8172978698 11.8180190857 
 11.8174527293 11.8181900987 11.8189268040 
 11.8184845030 11.8192468534 11.8200017584 
 11.8196534320 11.8204422648 11.8212164522 
 11.8209331696 11.8217483483 11.8225415118 
 11.8222965338 11.8231366484 11.8239474502 
 11.8237169206 11.8245797082 11.8254061638 
 11.8251694459 11.8260521822 11.8268919996 
 11.8266317124 11.8275315220 11.8283823551 
 11.8280841959 11.8289982645 11.8298578741 
 11.8295103160 11.8304360116 11.8313023483 
 11.8308962851 11.8318312099 11.8327024405 
 11.8322308276 11.8331728244 11.8340473237 
 11.8335048424 11.8344519742 11.8353282991 
 11.8347110565 11.8356615750 11.8365384318 
 11.8358437002 11.8367960111 11.8376722241 
 11.8368982163 11.8378508484 11.8387253319 
 11.8378710104 11.8388225892 11.8396943264 
 11.8387592398 11.8397084677 11.8405764949 
 11.8395606391 11.8405062817 11.8413696782 
 11.8402733778 11.8412142555 11.8420721388 
 11.8408959461 11.8418309303 11.8426824541 
 11.8414270641 11.8423550767 11.8431994329 
 11.8418656127 11.8427856279 11.8436220499 
 11.8422105818 11.8431216298 11.8439493970 
 11.8424610346 11.8433622062 11.8441806496 
 11.8426160876 11.8435065386 11.8443150455 
 11.8426749027 11.8435538580 11.8443518767 
 11.8426366937 11.8435034501 11.8442904932 
 11.8425007455 11.8433546728 11.8441303189 
 11.8422664458 11.8431069861 11.8438708796 
 11.8419333324 11.8427599955 11.8435118437 
 11.8415011538 11.8423135101 11.8430530769 
 11.8409699481 11.8417676166 11.8424947125 
 11.8403401403 11.8411227715 11.8418372389 
 11.8396126618 11.8403799145 11.8410816076 
 11.8387890950 11.8395406065 11.8402293646 
 11.8378718479 11.8386071964 11.8392828099 
 11.8368643619 11.8375830212 11.8382451900 
 11.8357713572 11.8364726436 11.8371209279 
 11.8345991174 11.8352821318 11.8359158951 
 11.8333558116 11.8340193790 11.8346377278 
 11.8320518448 11.8326944610 11.8332961852 
 11.8307002173 11.8313200125 11.8319035372 
 11.8293168541 11.8299115930 11.8304749555 
 11.8279208479 11.8284879880 11.8290288611 
 11.8265345341 11.8270713656 11.8275871511 
 11.8251833062 11.8256871908 11.8261752043 
 11.8238950871 11.8243637949 11.8248215499 
 11.8226994191 11.8231315311 11.8235571055 
 11.8216262127 11.8220215238 11.8224139551 
 11.8207042806 11.8210641178 11.8214237483 
 11.8199598425 11.8202872184 11.8206159052 
 11.8194151790 11.8197147361 11.8200158669 
 11.8190875461 11.8193652942 11.8196435974 
 11.8189883741 11.8192512646 11.8195124467 
 11.8191227194 11.8193781188 11.8196283923 
 11.8194889322 11.8197440666 11.8199896384 
 11.8200785550 11.8203399909 11.8205865835 
 11.8208765325 11.8211497582 11.8214022245 
 11.8218618440 11.8221510045 11.8224130863 
 11.8230086328 11.8233164495 11.8235907046 
 11.8242877850 11.8246156542 11.8249035404 
 11.8256687606 11.8260169850 11.8263190556 
 11.8271213860 11.8274894691 11.8278056166 
 11.8286173348 11.8290042683 11.8293339576 
 11.8301311329 11.8305356324 11.8308780869 
 11.8316406706 11.8320613403 11.8324156700 
 11.8331273017 11.8335627340 11.8339280108 
 11.8345756604 11.8350244844 11.8353997790 
 11.8359733168 11.8364342147 11.8368186085 
 11.8373103672 11.8377820717 11.8381746548 
 11.8385790202 11.8390603029 11.8394601681 
 11.8397732123 11.8402628714 11.8406691064 
 11.8408882707 11.8413851198 11.8417968010 
 11.8419206249 11.8424234843 11.8428396745 
 11.8428675661 11.8433752592 11.8437950069 
 11.8437270493 11.8442384010 11.8446607436 
 11.8444975316 11.8450113707 11.8454353385 
 11.8451778413 11.8456930045 11.8461176278 
 11.8457670725 11.8462824104 11.8467067266 
 11.8462645011 11.8467788852 11.8472019468 
 11.8466695183 11.8471818488 11.8476027318 
 11.8469815802 11.8474907933 11.8479086052 
 11.8472001702 11.8477052459 11.8481191331 
 11.8473247734 11.8478247423 11.8482338973 
 11.8473548626 11.8478488124 11.8482524799 
 11.8472898949 11.8477769756 11.8481744576 
 11.8471293185 11.8476087468 11.8479994070 
 11.8468725901 11.8473436528 11.8477269192 
 11.8465192036 11.8469812593 11.8473566264 
 11.8460687298 11.8465212090 11.8468882376 
 11.8455208691 11.8459632724 11.8463215883 
 11.8448755175 11.8453074117 11.8456567022 
 11.8441328498 11.8445538610 11.8448938687 
 11.8432934209 11.8437032240 11.8440337381 
 11.8423582896 11.8427565941 11.8430774377 
 11.8413291697 11.8417157009 11.8420267144 
 11.8402086128 11.8405830869 11.8408841070 
 11.8390002296 11.8393623236 11.8396531563 
 11.8377089546 11.8380582694 11.8383386583 
 11.8363413592 11.8366773784 11.8369469666 
 11.8349060153 11.8352280593 11.8354863490 
 11.8334139019 11.8337210837 11.8339673937 
 11.8318788368 11.8321700264 11.8324034558 
 11.8303178947 11.8305917037 11.8308111096 
 11.8287517420 11.8290065465 11.8292105506 
 11.8272047898 11.8274388095 11.8276258502 
 11.8257050364 11.8259164874 11.8260849340 
 11.8242834755 11.8244708016 11.8246191368 
 11.8229729988 11.8231351595 11.8232622197 
 11.8218068294 11.8219435978 11.8220488334 
 11.8208166612 11.8209288629 11.8210125611 
 11.8200307746 11.8201204025 11.8201838136 
 11.8194723930 11.8195425640 11.8195878941 
 11.8191584432 11.8192132002 11.8192434709 
 11.8190987425 11.8191427430 11.8191615462 
 11.8192955493 11.8193336913 11.8193448878 
 11.8197434098 11.8197804511 11.8197878610 
 11.8204293058 11.8204695247 11.8204766505 
 11.8213331842 11.8213801253 11.8213899435 
 11.8224289769 11.8224853106 11.8225001543 
 11.8236861382 11.8237536472 11.8237751869 
 11.8250715762 11.8251512507 11.8251805578 
 11.8265516984 11.8266439027 11.8266815656 
 