0.0967520178 0.0936347373 0.0904800530 
 0.0965958806 0.0934795771 0.0903259682 
 0.0964398976 0.0933245719 0.0901720582 
 0.0962838870 0.0931695247 0.0900181127 
 0.0961276563 0.0930142276 0.0898639102 
 0.0959710032 0.0928584631 0.0897092193 
 0.0958137172 0.0927020051 0.0895538002 
 0.0956555806 0.0925446214 0.0893974066 
 0.0954963707 0.0923860744 0.0892397875 
 0.0953358608 0.0922261240 0.0890806897 
 0.0951738229 0.0920645289 0.0889198592 
 0.0950100287 0.0919010486 0.0887570439 
 0.0948442524 0.0917354462 0.0885919957 
 0.0946762718 0.0915674894 0.0884244724 
 0.0945058712 0.0913969536 0.0882542402 
 0.0943328427 0.0912236233 0.0880810756 
 0.0941569885 0.0910472941 0.0879047674 
 0.0939781227 0.0908677751 0.0877251190 
 0.0937960733 0.0906848904 0.0875419499 
 0.0936106836 0.0904984809 0.0873550977 
 0.0934218145 0.0903084061 0.0871644197 
 0.0932293455 0.0901145457 0.0869697945 
 0.0930331767 0.0899168010 0.0867711232 
 0.0928332298 0.0897150959 0.0865683311 
 0.0926294494 0.0895093788 0.0863613685 
 0.0924218042 0.0892996231 0.0861502120 
 0.0922102879 0.0890858281 0.0859348649 
 0.0919949199 0.0888680201 0.0857153584 
 0.0917757460 0.0886462523 0.0854917517 
 0.0915528385 0.0884206059 0.0852641326 
 0.0913262967 0.0881911896 0.0850326172 
 0.0910962464 0.0879581397 0.0847973504 
 0.0908628402 0.0877216199 0.0845585049 
 0.0906262565 0.0874818207 0.0843162812 
 0.0903866988 0.0872389584 0.0840709061 
 0.0901443947 0.0869932741 0.0838226324 
 0.0898995945 0.0867450324 0.0835717368 
 0.0896525699 0.0864945197 0.0833185186 
 0.0894036116 0.0862420423 0.0830632977 
 0.0891530278 0.0859879243 0.0828064122 
 0.0889011412 0.0857325048 0.0825482164 
 0.0886482871 0.0854761358 0.0822890773 
 0.0883948100 0.0852191789 0.0820293722 
 0.0881410611 0.0849620022 0.0817694853 
 0.0878873947 0.0847049773 0.0815098045 
 0.0876341655 0.0844484758 0.0812507175 
 0.0873817248 0.0841928658 0.0809926086 
 0.0871304176 0.0839385082 0.0807358548 
 0.0868805789 0.0836857539 0.0804808223 
 0.0866325308 0.0834349397 0.0802278629 
 0.0863865790 0.0831863851 0.0799773105 
 0.0861430101 0.0829403897 0.0797294778 
 0.0859020888 0.0826972296 0.0794846532 
 0.0856640551 0.0824571551 0.0792430980 
 0.0854291223 0.0822203881 0.0790050438 
 0.0851974750 0.0819871204 0.0787706907 
 0.0849692673 0.0817575115 0.0785402048 
 0.0847446218 0.0815316879 0.0783137175 
 0.0845236286 0.0813097416 0.0780913242 
 0.0843063446 0.0810917297 0.0778730838 
 0.0840927937 0.0808776747 0.0776590186 
 0.0838829666 0.0806675641 0.0774491145 
 0.0836768218 0.0804613517 0.0772433217 
 0.0834742864 0.0802589582 0.0770415562 
 0.0832752573 0.0800602726 0.0768437004 
 0.0830796027 0.0798651541 0.0766496059 
 0.0828871642 0.0796734337 0.0764590947 
 0.0826977584 0.0794849170 0.0762719622 
 0.0825111797 0.0792993857 0.0760879791 
 0.0823272024 0.0791166013 0.0759068948 
 0.0821455833 0.0789363068 0.0757284401 
 0.0819660647 0.0787582304 0.0755523298 
 0.0817883767 0.0785820878 0.0753782665 
 0.0816122402 0.0784075856 0.0752059431 
 0.0814373701 0.0782344240 0.0750350460 
 0.0812634773 0.0780622997 0.0748652586 
 0.0810902722 0.0778909091 0.0746962639 
 0.0809174670 0.0777199509 0.0745277477 
 0.0807447783 0.0775491287 0.0743594011 
 0.0805719296 0.0773781537 0.0741909236 
 0.0803986539 0.0772067474 0.0740220254 
 0.0802246956 0.0770346435 0.0738524298 
 0.0800498124 0.0768615899 0.0736818755 
 0.0798737778 0.0766873514 0.0735101184 
 0.0796963820 0.0765117104 0.0733369334 
 0.0795174338 0.0763344693 0.0731621165 
 0.0793367620 0.0761554513 0.0729854851 
 0.0791542161 0.0759745015 0.0728068802 
 0.0789696673 0.0757914882 0.0726261666 
 0.0787830092 0.0756063028 0.0724432337 
 0.0785941582 0.0754188610 0.0722579959 
 0.0784030536 0.0752291022 0.0720703929 
 0.0782096575 0.0750369901 0.0718803892 
 0.0780139548 0.0748425122 0.0716879743 
 0.0778159526 0.0746456788 0.0714931619 
 0.0776156795 0.0744465232 0.0712959891 
 0.0774131849 0.0742451001 0.0710965153 
 0.0772085377 0.0740414846 0.0708948214 
 0.0770018255 0.0738357711 0.0706910081 
 0.0767931526 0.0736280716 0.0704851945 
 0.0765826392 0.0734185144 0.0702775163 
 0.0763704191 0.0732072421 0.0700681240 
 0.0761566386 0.0729944097 0.0698571811 
 0.0759414538 0.0727801828 0.0696448616 
 0.0757250295 0.0725647356 0.0694313486 
 0.0755075368 0.0723482486 0.0692168312 
 0.0752891511 0.0721309067 0.0690015031 
 0.0750700502 0.0719128969 0.0687855599 
 0.0748504121 0.0716944063 0.0685691971 
 0.0746304133 0.0714756202 0.0683526078 
 0.0744102265 0.0712567196 0.0681359809 
 0.0741900193 0.0710378798 0.0679194987 
 0.0739699519 0.0708192684 0.0677033352 
 0.0737501756 0.0706010432 0.0674876543 
 0.0735308317 0.0703833513 0.0672726085 
 0.0733120494 0.0701663273 0.0670583367 
 0.0730939452 0.0699500920 0.0668449637 
 0.0728766215 0.0697347514 0.0666325985 
 0.0726601659 0.0695203959 0.0664213339 
 0.0724446504 0.0693070996 0.0662112454 
 0.0722301308 0.0690949194 0.0660023908 
 0.0720166465 0.0688838952 0.0657948100 
 0.0718042205 0.0686740496 0.0655885248 
 0.0715928589 0.0684653877 0.0653835392 
 0.0713825518 0.0682578976 0.0651798393 
 0.0711732729 0.0680515511 0.0649773944 
 0.0709649808 0.0678463036 0.0647761568 
 0.0707576193 0.0676420956 0.0645760638 
 0.0705511183 0.0674388531 0.0643770375 
 0.0703453947 0.0672364888 0.0641789867 
 0.0701403536 0.0670349036 0.0639818079 
 0.0699358895 0.0668339872 0.0637853867 
 0.0697318874 0.0666336201 0.0635895991 
 0.0695282245 0.0664336745 0.0633943134 
 0.0693247713 0.0662340165 0.0631993912 
 0.0691213930 0.0660345068 0.0630046896 
 0.0689179514 0.0658350029 0.0628100625 
 0.0687143059 0.0656353604 0.0626153623 
 0.0685103154 0.0654354345 0.0624204417 
 0.0683058395 0.0652350818 0.0622251550 
 0.0681007400 0.0650341615 0.0620293600 
 0.0678948824 0.0648325372 0.0618329192 
 0.0676881373 0.0646300780 0.0616357018 
 0.0674803816 0.0644266600 0.0614375841 
 0.0672714994 0.0642221676 0.0612384520 
 0.0670613840 0.0640164945 0.0610382011 
 0.0668499381 0.0638095450 0.0608367386 
 0.0666370753 0.0636012349 0.0606339840 
 0.0664227206 0.0633914924 0.0604298697 
 0.0662068117 0.0631802586 0.0602243424 
 0.0659892992 0.0629674888 0.0600173630 
 0.0657701473 0.0627531525 0.0598089081 
 0.0655493344 0.0625372341 0.0595989694 
 0.0653268536 0.0623197334 0.0593875548 
 0.0651027125 0.0621006653 0.0591746883 
 0.0648769338 0.0618800607 0.0589604098 
 0.0646495551 0.0616579658 0.0587447757 
 0.0644206291 0.0614344425 0.0585278582 
 0.0641902231 0.0612095678 0.0583097455 
 0.0639584190 0.0609834340 0.0580905409 
 0.0637253130 0.0607561478 0.0578703628 
 0.0634910147 0.0605278298 0.0576493439 
 0.0632556467 0.0602986143 0.0574276304 
 0.0630193443 0.0600686478 0.0572053813 
 0.0627822538 0.0598380889 0.0569827673 
 0.0625445322 0.0596071066 0.0567599700 
 0.0623063457 0.0593758793 0.0565371801 
 0.0620678688 0.0591445938 0.0563145967 
 0.0618292823 0.0589134433 0.0560924253 
 0.0615907724 0.0586826261 0.0558708760 
 0.0613525283 0.0584523439 0.0556501621 
 0.0611147407 0.0582227993 0.0554304978 
 0.0608775994 0.0579941941 0.0552120958 
 0.0606412913 0.0577667267 0.0549951649 
 0.0604059973 0.0575405893 0.0547799076 
 0.0601718902 0.0573159657 0.0545665168 
 0.0599391313 0.0570930273 0.0543551730 
 0.0597078670 0.0568719306 0.0541460406 
 0.0594782262 0.0566528134 0.0539392646 
 0.0592503159 0.0564357910 0.0537349667 
 0.0590242174 0.0562209522 0.0535332409 
 0.0587999827 0.0560083554 0.0533341498 
 0.0585776303 0.0557980239 0.0531377195 
 0.0583571403 0.0555899418 0.0529439355 
 0.0581384505 0.0553840491 0.0527527375 
 0.0579214521 0.0551802371 0.0525640148 
 0.0577059848 0.0549783439 0.0523776017 
 0.0574918330 0.0547781501 0.0521932721 
 0.0572787213 0.0545793737 0.0520107358 
 0.0570663111 0.0543816669 0.0518296334 
 0.0568541973 0.0541846121 0.0516495330 
 0.0566419051 0.0539877189 0.0514699264 
 0.0564288885 0.0537904215 0.0512902270 
 0.0562145286 0.0535920777 0.0511097678 
 0.0559981341 0.0533919684 0.0509278008 
 0.0557789417 0.0531892981 0.0507434974 
 0.0555561191 0.0529831975 0.0505559511 
 0.0553287688 0.0527727272 0.0503641804 
 0.0550959342 0.0525568836 0.0501671353 
 0.0548566068 0.0523346063 0.0499637045 
 0.0546097366 0.0521047884 0.0497527252 
 0.0543542440 0.0518662882 0.0495329960 
 0.0540890337 0.0516179441 0.0493032910 
 0.0538130125 0.0513585917 0.0490623781 
 0.0535251076 0.0510870834 0.0488090385 
 0.0532242895 0.0508023110 0.0485420899 
 0.0529095957 0.0505032307 0.0482604124 
 0.0525801585 0.0501888907 0.0479629765 
 0.0522352339 0.0498584617 0.0476488742 
 0.0518742347 0.0495112698 0.0473173529 
 0.0514967642 0.0491468316 0.0469678510 
 0.0511026544 0.0487648923 0.0466000368 
 0.0506920045 0.0483654660 0.0462138492 
 0.0502652241 0.0479488779 0.0458095405 
 0.0498230768 0.0475158096 0.0453877223 
 0.0493667281 0.0470673466 0.0449494127 
 0.0488977951 0.0466050289 0.0444960873 
 0.0484183999 0.0461309036 0.0440297317 
 0.0479312260 0.0456475822 0.0435528985 
 0.0474395791 0.0451583011 0.0430687676 
 0.0469474520 0.0446669863 0.0425812108 
 0.0464595946 0.0441783248 0.0420948623 
 0.0459815905 0.0436978407 0.0416151961 
 0.0455199391 0.0432319796 0.0411486103 
 0.0450821463 0.0427882012 0.0407025215 
 0.0446768224 0.0423750815 0.0402854696 
 0.0443137891 0.0420024250 0.0399072349 
 0.0440041946 0.0416813888 0.0395789685 
 0.0437606368 0.0414246166 0.0393133372 
 0.0435972909 0.0412463838 0.0391246818 
 0.0435300394 0.0411627479 0.0390291880 
 0.0435765947 0.0411917005 0.0390450635 
 0.0437566049 0.0413533085 0.0391927138 
 0.0440917234 0.0416698296 0.0394948994 
 0.0446056178 0.0421657741 0.0399768503 
 0.0453238819 0.0428678788 0.0406663002 
 0.0462738022 0.0438049394 0.0415933854 
 0.0474839200 0.0450074354 0.0427903368 
 0.0489833168 0.0465068654 0.0442908714 
 0.0508005509 0.0483347004 0.0461291741 
 0.0529621783 0.0505208692 0.0483383613 
 0.0554908300 0.0530917164 0.0509483371 
 0.0584028766 0.0560674423 0.0539830248 
 0.0617058151 0.0594591450 0.0574570729 
 0.0653956377 0.0632657359 0.0613723164 
 0.0694545732 0.0674711704 0.0657144803 
 0.0738496776 0.0720425613 0.0704507869 
 0.0785327353 0.0769297589 0.0755291830 
 0.0834417784 0.0820668228 0.0808797418 
 0.0885042382 0.0873754658 0.0864184003 
 0.0936413843 0.0927701027 0.0920526459 
 0.0987733963 0.0981637313 0.0976882513 
 0.1038242726 0.1034736710 0.1032358875 
 0.1087258576 0.1086262655 0.1086165264 
 0.1134205293 0.1135599781 0.1137649401 
 0.1178624257 0.1182267301 0.1186311223 
 0.1220173797 0.1225917019 0.1231799148 
 0.1258619129 0.1266320374 0.1273893804 
 0.1293816874 0.1303349430 0.1312485198 
 0.1325697647 0.1336956045 0.1347548285 
 0.1354249258 0.1367152184 0.1379120354 
 0.1379502005 0.1393993011 0.1407281977 
 0.1401516694 0.1417563385 0.1432142095 
 0.1420375411 0.1437967678 0.1453826997 
 0.1436174768 0.1455322464 0.1472472613 
 0.1449021178 0.1469751533 0.1488219375 
 0.1459027713 0.1481382650 0.1501208993 
 0.1466312156 0.1490345595 0.1511582585 
 0.1470995896 0.1496771087 0.1519479706 
 0.1473203420 0.1500790303 0.1525037984 
 0.1473062180 0.1502534782 0.1528393111 
 0.1470702689 0.1502136532 0.1529679037 
 0.1466258705 0.1499728250 0.1529028245 
 0.1459867398 0.1495443526 0.1526572034 
 0.1451669426 0.1489416986 0.1522440736 
 0.1441808822 0.1481784307 0.1516763837 
 0.1430432667 0.1472682058 0.1509669958 
 0.1417690486 0.1462247351 0.1501286683 
 0.1403733370 0.1450617274 0.1491740226 
 0.1388712816 0.1437928124 0.1481154933 
 0.1372779322 0.1424314442 0.1469652635 
 0.1356080789 0.1409907895 0.1457351883 
 0.1338760794 0.1394836050 0.1444367083 
 0.1320956821 0.1379221089 0.1430807576 
 0.1302798545 0.1363178536 0.1416776722 
 0.1284406245 0.1346816054 0.1402371003 
 0.1265889430 0.1330232378 0.1387679225 
 0.1247345748 0.1313516421 0.1372781826 
 0.1228860212 0.1296746604 0.1357750340 
 0.1210504772 0.1279990440 0.1342647040 
 0.1192338230 0.1263304358 0.1327524761 
 0.1174406482 0.1246733791 0.1312426913 
 0.1156743052 0.1230313492 0.1297387683 
 0.1139369884 0.1214068061 0.1282432393 
 0.1122298318 0.1198012650 0.1267578016 
 0.1105530224 0.1182153807 0.1252833813 
 0.1089059226 0.1166490422 0.1238202061 
 0.1072871978 0.1151014743 0.1223678858 
 0.1056949447 0.1135713424 0.1209254974 
 0.1041268169 0.1120568581 0.1194916717 
 0.1025801461 0.1105558829 0.1180646808 
 0.1010520553 0.1090660280 0.1166425240 
 0.0995395642 0.1075847492 0.1152230102 
 0.0980396846 0.1061094355 0.1138038375 
 0.0965495066 0.1046374899 0.1123826667 
 0.0950662741 0.1031664039 0.1109571911 
 0.0935874502 0.1016938228 0.1095251985 
 0.0921107731 0.1002176045 0.1080846295 
 0.0906343014 0.0987358688 0.1066336275 
 0.0891564505 0.0972470400 0.1051705840 
 0.0876760196 0.0957498808 0.1036941768 
 0.0861922093 0.0942435184 0.1022034014 
 0.0847046311 0.0927274629 0.1006975966 
 0.0832133078 0.0912016181 0.0991764626 
 0.0817186665 0.0896662838 0.0976400733 
 0.0802215235 0.0881221519 0.0960888808 
 0.0787230625 0.0865702937 0.0945237138 
 0.0772248054 0.0850121413 0.0929457685 
 0.0757285786 0.0834494620 0.0913565939 
 0.0742364728 0.0818843264 0.0897580692 
 0.0727507999 0.0803190718 0.0881523769 
 0.0712740460 0.0787562599 0.0865419686 
 0.0698088231 0.0771986324 0.0849295273 
 0.0683578196 0.0756490628 0.0833179248 
 0.0669237511 0.0741105073 0.0817101767 
 0.0655093131 0.0725859551 0.0801093942 
 0.0641171359 0.0710783806 0.0785187367 
 0.0627497434 0.0695906960 0.0769413624 
 0.0614095154 0.0681257086 0.0753803825 
 0.0600986558 0.0666860810 0.0738388157 
 0.0588191660 0.0652742963 0.0723195478 
 0.0575728232 0.0638926293 0.0708252947 
 0.0563611651 0.0625431218 0.0693585704 
 0.0551854804 0.0612275659 0.0679216605 
 0.0540468041 0.0599474908 0.0665166015 
 0.0529459179 0.0587041573 0.0651451657 
 0.0518833554 0.0574985562 0.0638088526 
 0.0508594107 0.0563314122 0.0625088844 
 0.0498741506 0.0552031922 0.0612462082 
 0.0489274296 0.0541141166 0.0600215018 
 0.0480189066 0.0530641744 0.0588351837 
 0.0471480631 0.0520531406 0.0576874275 
 0.0463142229 0.0510805947 0.0565781775 
 0.0455165716 0.0501459415 0.0555071680 
 0.0447541762 0.0492484318 0.0544739433 
 0.0440260050 0.0483871833 0.0534778790 
 0.0433309463 0.0475612020 0.0525182036 
 0.0426678262 0.0467694024 0.0515940207 
 0.0420354258 0.0460106271 0.0507043300 
 0.0414324970 0.0452836652 0.0498480482 
 0.0408577769 0.0445872700 0.0490240291 
 0.0403100013 0.0439201750 0.0482310816 
 0.0397879165 0.0432811080 0.0474679879 
 0.0392902899 0.0426688052 0.0467335185 
 0.0388159194 0.0420820222 0.0460264474 
 0.0383636412 0.0415195448 0.0453455644 
 0.0379323369 0.0409801977 0.0446896868 
 0.0375209391 0.0404628519 0.0440576689 
 0.0371284355 0.0399664312 0.0434484107 
 0.0367538731 0.0394899170 0.0428608643 
 0.0363963600 0.0390323522 0.0422940395 
 0.0360550674 0.0385928436 0.0417470082 
 0.0357292301 0.0381705638 0.0412189067 
 0.0354181465 0.0377647515 0.0407089381 
 0.0351211777 0.0373747118 0.0402163724 
 0.0348377464 0.0369998146 0.0397405463 
 0.0345673346 0.0366394933 0.0392808622 
 0.0343094812 0.0362932422 0.0388367861 
 0.0340637790 0.0359606137 0.0384078446 
 0.0338298716 0.0356412149 0.0379936220 
 0.0336074496 0.0353347038 0.0375937566 
 0.0333962472 0.0350407855 0.0372079360 
 0.0331960377 0.0347592078 0.0368358933 
 0.0330066298 0.0344897566 0.0364774022 
 0.0328278634 0.0342322519 0.0361322720 
 0.0326596059 0.0339865430 0.0358003433 
 0.0325017475 0.0337525046 0.0354814829 
 0.0323541981 0.0335300319 0.0351755792 
 0.0322168830 0.0333190371 0.0348825381 
 0.0320897401 0.0331194450 0.0346022783 
 0.0319727157 0.0329311902 0.0343347277 
 0.0318657623 0.0327542130 0.0340798197 
 0.0317688357 0.0325884567 0.0338374897 
 0.0316818923 0.0324338649 0.0336076726 
 0.0316048869 0.0322903794 0.0333902997 
 0.0315377714 0.0321579377 0.0331852970 
 0.0314804927 0.0320364716 0.0329925830 
 0.0314329916 0.0319259058 0.0328120677 
 0.0313952017 0.0318261567 0.0326436510 
 0.0313670490 0.0317371321 0.0324872222 
 0.0313484510 0.0316587300 0.0323426594 
 0.0313393168 0.0315908391 0.0322098298 
 0.0313395469 0.0315333381 0.0320885891 
 0.0313490331 0.0314860967 0.0319787824 
 0.0313676593 0.0314489753 0.0318802442 
 0.0313953017 0.0314218259 0.0317927997 
 0.0314318293 0.0314044930 0.0317162652 
 0.0314771046 0.0313968139 0.0316504493 
 0.0315309847 0.0313986198 0.0315951538 
 0.0315933217 0.0314097371 0.0315501750 
 0.0316639637 0.0314299879 0.0315153047 
 0.0317427558 0.0314591913 0.0314903315 
 0.0318295408 0.0314971643 0.0314750420 
 0.0319241605 0.0315437229 0.0314692219 
 0.0320264560 0.0315986830 0.0314726571 
 0.0321362689 0.0316618616 0.0314851350 
 0.0322534423 0.0317330773 0.0315064451 
 0.0323778208 0.0318121515 0.0315363806 
 0.0325092523 0.0318989089 0.0315747386 
 0.0326475875 0.0319931785 0.0316213215 
 0.0327926813 0.0320947939 0.0316759370 
 0.0329443929 0.0322035942 0.0317383995 
 0.0331025864 0.0323194240 0.0318085301 
 0.0332671309 0.0324421344 0.0318861571 
 0.0334379012 0.0325715826 0.0319711164 
 0.0336147774 0.0327076327 0.0320632518 
 0.0337976457 0.0328501555 0.0321624149 
 0.0339863981 0.0329990287 0.0322684654 
 0.0341809321 0.0331541367 0.0323812709 
 0.0343811516 0.0333153710 0.0325007071 
 0.0345869656 0.0334826294 0.0326266570 
 0.0347982888 0.0336558162 0.0327590116 
 0.0350150415 0.0338348420 0.0328976687 
 0.0352371486 0.0340196232 0.0330425332 
 0.0354645400 0.0342100818 0.0331935164 
 0.0356971499 0.0344061451 0.0333505356 
 0.0359349169 0.0346077451 0.0335135141 
 0.0361777831 0.0348148182 0.0336823800 
 0.0364256941 0.0350273049 0.0338570664 
 0.0366785985 0.0352451494 0.0340375105 
 0.0369364476 0.0354682988 0.0342236534 
 0.0371991949 0.0356967034 0.0344154395 
 0.0374667959 0.0359303153 0.0346128160 
 0.0377392077 0.0361690891 0.0348157327 
 0.0380163887 0.0364129806 0.0350241412 
 0.0382982980 0.0366619470 0.0352379948 
 0.0385848955 0.0369159464 0.0354572480 
 0.0388761415 0.0371749374 0.0356818562 
 0.0391719962 0.0374388791 0.0359117753 
 0.0394724199 0.0377077304 0.0361469616 
 0.0397773724 0.0379814501 0.0363873713 
 0.0400868131 0.0382599966 0.0366329604 
 0.0404007007 0.0385433279 0.0368836845 
 0.0407189930 0.0388314011 0.0371394988 
 0.0410416471 0.0391241726 0.0374003575 
 0.0413686189 0.0394215978 0.0376662141 
 0.0416998636 0.0397236312 0.0379370215 
 0.0420353349 0.0400302261 0.0382127312 
 0.0423749857 0.0403413350 0.0384932942 
 0.0427187677 0.0406569092 0.0387786600 
 0.0430666315 0.0409768989 0.0390687776 
 0.0434185267 0.0413012532 0.0393635949 
 0.0437744017 0.0416299206 0.0396630587 
 0.0441342041 0.0419628480 0.0399671151 
 0.0444978805 0.0422999821 0.0402757095 
 0.0448653766 0.0426412681 0.0405887863 
 0.0452366372 0.0429866510 0.0409062893 
 0.0456116063 0.0433360746 0.0412281619 
 0.0459902275 0.0436894824 0.0415543467 
 0.0463724435 0.0440468171 0.0418847859 
 0.0467581964 0.0444080210 0.0422194213 
 0.0471474281 0.0447730360 0.0425581944 
 0.0475400795 0.0451418035 0.0429010465 
 0.0479360918 0.0455142645 0.0432479184 
 0.0483354051 0.0458903598 0.0435987511 
 0.0487379599 0.0462700300 0.0439534851 
 0.0491436958 0.0466532154 0.0443120610 
 0.0495525527 0.0470398561 0.0446744194 
 0.0499644699 0.0474298922 0.0450405007 
 0.0503793867 0.0478232635 0.0454102453 
 0.0507972423 0.0482199096 0.0457835936 
 0.0512179755 0.0486197704 0.0461604860 
 0.0516415253 0.0490227851 0.0465408628 
 0.0520678304 0.0494288934 0.0469246644 
 0.0524968293 0.0498380345 0.0473118310 
 0.0529284606 0.0502501476 0.0477023028 
 0.0533626626 0.0506651718 0.0480960200 
 0.0537993737 0.0510830461 0.0484929227 
 0.0542385321 0.0515037094 0.0488929507 
 0.0546800758 0.0519271003 0.0492960439 
 0.0551239428 0.0523531574 0.0497021418 
 0.0555700711 0.0527818192 0.0501111841 
 0.0560183985 0.0532130238 0.0505231099 
 0.0564688627 0.0536467095 0.0509378583 
 0.0569214014 0.0540828141 0.0513553681 
 0.0573759522 0.0545212756 0.0517755781 
 0.0578324528 0.0549620314 0.0521984266 
 0.0582908406 0.0554050192 0.0526238517 
 0.0587510533 0.0558501764 0.0530517915 
 0.0592130283 0.0562974401 0.0534821835 
 0.0596767034 0.0567467477 0.0539149655 
 0.0601420162 0.0571980363 0.0543500746 
 0.0606089044 0.0576512429 0.0547874480 
 0.0610773060 0.0581063047 0.0552270226 
 0.0615471591 0.0585631587 0.0556687355 
 0.0620184019 0.0590217420 0.0561125233 
 0.0624909729 0.0594819920 0.0565583226 
 0.0629648107 0.0599438458 0.0570060703 
 0.0634398546 0.0604072411 0.0574557028 
 0.0639160437 0.0608721154 0.0579071570 
 0.0643933177 0.0613384067 0.0583603695 
 0.0648716169 0.0618060530 0.0588152771 
 0.0653508815 0.0622749928 0.0592718169 
 0.0658310526 0.0627451647 0.0597299260 
 0.0663120715 0.0632165078 0.0601895417 
 0.0667938800 0.0636889614 0.0606506016 
 0.0672764203 0.0641624654 0.0611130433 
 0.0677596353 0.0646369598 0.0615768051 
 0.0682434683 0.0651123852 0.0620418252 
 0.0687278630 0.0655886825 0.0625080422 
 0.0692127636 0.0660657930 0.0629753951 
 0.0696981150 0.0665436586 0.0634438231 
 0.0701838623 0.0670222214 0.0639132658 
 0.0706699513 0.0675014239 0.0643836629 
 0.0711563280 0.0679812091 0.0648549547 
 0.0716429390 0.0684615203 0.0653270816 
 0.0721297312 0.0689423011 0.0657999843 
 0.0726166520 0.0694234955 0.0662736037 
 0.0731036489 0.0699050478 0.0667478811 
 0.0735906699 0.0703869024 0.0672227579 
 0.0740776633 0.0708690043 0.0676981756 
 0.0745645773 0.0713512982 0.0681740760 
 0.0750513607 0.0718337295 0.0686504009 
 0.0755379623 0.0723162432 0.0691270923 
 0.0760243308 0.0727987848 0.0696040922 
 0.0765104153 0.0732812996 0.0700813425 
 0.0769961648 0.0737637332 0.0705587853 
 0.0774815283 0.0742460309 0.0710363626 
 0.0779664548 0.0747281381 0.0715140162 
 0.0784508932 0.0752100002 0.0719916879 
 0.0789347923 0.0756915624 0.0724693195 
 0.0794181009 0.0761727697 0.0729468523 
 0.0799007676 0.0766535673 0.0734242278 
 0.0803827409 0.0771338998 0.0739013872 
 0.0808639691 0.0776137119 0.0743782714 
 0.0813444002 0.0780929481 0.0748548212 
 0.0818239823 0.0785715527 0.0753309772 
 0.0823026632 0.0790494698 0.0758066798 
 0.0827803904 0.0795266434 0.0762818692 
 0.0832571115 0.0800030172 0.0767564853 
 0.0837327737 0.0804785349 0.0772304681 
 0.0842073242 0.0809531399 0.0777037571 
 0.0846807101 0.0814267757 0.0781762920 
 0.0851528784 0.0818993855 0.0786480123 
 0.0856237759 0.0823709126 0.0791188574 
 0.0860933495 0.0828413002 0.0795887666 
 0.0865615462 0.0833104916 0.0800576793 
 0.0870283127 0.0837784300 0.0805255351 
 0.0874935962 0.0842450588 0.0809922734 
 0.0879573436 0.0847103215 0.0814578338 
 0.0884195022 0.0851741617 0.0819221563 
 0.0888800193 0.0856365232 0.0823851809 
 0.0893388426 0.0860973503 0.0828468479 
 0.0897959198 0.0865565871 0.0833070979 
 0.0902511991 0.0870141785 0.0837658719 
 0.0907046288 0.0874700693 0.0842231113 
 0.0911561578 0.0879242051 0.0846787578 
 0.0916057351 0.0883765316 0.0851327535 
 0.0920533101 0.0888269951 0.0855850412 
 0.0924988327 0.0892755421 0.0860355640 
 0.0929422531 0.0897221198 0.0864842655 
 0.0933835220 0.0901666757 0.0869310900 
 0.0938225903 0.0906091579 0.0873759820 
 0.0942594095 0.0910495148 0.0878188868 
 0.0946939314 0.0914876953 0.0882597501 
 0.0951261081 0.0919236488 0.0886985180 
 0.0955558922 0.0923573250 0.0891351371 
 0.0959832364 0.0927886740 0.0895695546 
 0.0964080938 0.0932176462 0.0900017179 
 0.0968304178 0.0936441925 0.0904315748 
 0.0972501619 0.0940682637 0.0908590735 
 0.0976672798 0.0944898110 0.0912841624 
 0.0980817252 0.0949087859 0.0917067900 
 0.0984934520 0.0953251397 0.0921269051 
 0.0989024139 0.0957388239 0.0925444564 
 0.0993085647 0.0961497899 0.0929593928 
 0.0997118581 0.0965579889 0.0933716629 
 0.1001122473 0.0969633722 0.0937812154 
 0.1005096855 0.0973658906 0.0941879986 
 0.1009041256 0.0977654947 0.0945919606 
 0.1012955201 0.0981621348 0.0949930490 
 0.1016838210 0.0985557605 0.0953912111 
 0.1020689798 0.0989463212 0.0957863937 
 0.1024509477 0.0993337657 0.0961785431 
 0.1028296752 0.0997180422 0.0965676048 
 0.1032051121 0.1000990982 0.0969535238 
 0.1035772078 0.1004768805 0.0973362444 
 0.1039459109 0.1008513355 0.0977157100 
 0.1043111695 0.1012224085 0.0980918635 
 0.1046729310 0.1015900445 0.0984646470 
 0.1050311422 0.1019541876 0.0988340015 
 0.1053857492 0.1023147811 0.0991998677 
 0.1057366977 0.1026717678 0.0995621853 
 0.1060839328 0.1030250899 0.0999208934 
 0.1064273990 0.1033746891 0.1002759303 
 0.1067670406 0.1037205063 0.1006272340 
 0.1071028015 0.1040624822 0.1009747418 
 0.1074346253 0.1044005573 0.1013183904 
 0.1077624555 0.1047346715 0.1016581165 
 0.1080862356 0.1050647648 0.1019938563 
 0.1084059091 0.1053907770 0.1023255460 
 0.1087214197 0.1057126483 0.1026531218 
 0.1090327116 0.1060303188 0.1029765201 
 0.1093397292 0.1063437292 0.1032956774 
 0.1096424178 0.1066528206 0.1036105309 
 0.1099407233 0.1069575349 0.1039210182 
 0.1102345925 0.1072578146 0.1042270778 
 0.1105239733 0.1075536035 0.1045286491 
 0.1108088147 0.1078448463 0.1048256724 
 0.1110890673 0.1081314890 0.1051180896 
 0.1113646830 0.1084134792 0.1054058437 
 0.1116356153 0.1086907661 0.1056888795 
 0.1119018195 0.1089633003 0.1059671433 
 0.1121632530 0.1092310348 0.1062405836 
 0.1124198750 0.1094939242 0.1065091505 
 0.1126716467 0.1097519253 0.1067727965 
 0.1129185317 0.1100049971 0.1070314764 
 0.1131604958 0.1102531011 0.1072851471 
 0.1133975071 0.1104962008 0.1075337681 
 0.1136295361 0.1107342625 0.1077773014 
 0.1138565558 0.1109672548 0.1080157115 
 0.1140785415 0.1111951488 0.1082489654 
 0.1142954709 0.1114179180 0.1084770329 
 0.1145073241 0.1116355386 0.1086998862 
 0.1147140837 0.1118479892 0.1089175004 
 0.1149157345 0.1120552507 0.1091298527 
 0.1151122635 0.1122573064 0.1093369230 
 0.1153036597 0.1124541420 0.1095386938 
 0.1154899145 0.1126457451 0.1097351496 
 0.1156710208 0.1128321057 0.1099262772 
 0.1158469735 0.1130132153 0.1101120655 
 0.1160177691 0.1131890675 0.1102925054 
 0.1161834056 0.1133596575 0.1104675895 
 0.1163438821 0.1135249819 0.1106373121 
 0.1164991991 0.1136850385 0.1108016688 
 0.1166493580 0.1138398265 0.1109606567 
 0.1167943610 0.1139893458 0.1111142737 
 0.1169342108 0.1141335972 0.1112625191 
 0.1170689109 0.1142725821 0.1114053924 
 0.1171984646 0.1144063023 0.1115428941 
 0.1173228759 0.1145347601 0.1116750248 
 0.1174421484 0.1146579576 0.1118017856 
 0.1175562859 0.1147758973 0.1119231775 
 0.1176652919 0.1148885813 0.1120392017 
 0.1177691696 0.1149960116 0.1121498591 
 0.1178679218 0.1150981900 0.1122551504 
 0.1179615510 0.1151951180 0.1123550760 
 0.1180500593 0.1152867966 0.1124496362 
 0.1181334484 0.1153732266 0.1125388306 
 0.1182117197 0.1154544083 0.1126226589 
 0.1182848742 0.1155303421 0.1127011201 
 0.1183529128 0.1156010277 0.1127742132 
 0.1184158366 0.1156664653 0.1128419373 
 0.1184736464 0.1157266549 0.1129042911 
 0.1185263436 0.1157815967 0.1129612740 
 0.1185739300 0.1158312915 0.1130128854 
 0.1186164083 0.1158757408 0.1130591256 
 0.1186537819 0.1159149471 0.1130999956 
 0.1186860559 0.1159489140 0.1131354976 
 0.1187132367 0.1159776467 0.1131656355 
 0.1187353327 0.1160011522 0.1131904146 
 0.1187523545 0.1160194398 0.1132098426 
 0.1187643154 0.1160325212 0.1132239294 
 0.1187712313 0.1160404108 0.1132326880 
 0.1187731215 0.1160431265 0.1132361342 
 0.1187700088 0.1160406894 0.1132342877 
 0.1187619198 0.1160331245 0.1132271716 
 0.1187488851 0.1160204610 0.1132148136 
 0.1187309397 0.1160027324 0.1131972455 
 0.1187081234 0.1159799770 0.1131745041 
 0.1186804805 0.1159522378 0.1131466312 
 0.1186480604 0.1159195631 0.1131136737 
 0.1186109176 0.1158820063 0.1130756840 
 0.1185691115 0.1158396261 0.1130327201 
 0.1185227071 0.1157924867 0.1129848458 
 0.1184717742 0.1157406577 0.1129321303 
 0.1184163877 0.1156842140 0.1128746486 
 0.1183566275 0.1156232359 0.1128124815 
 0.1182925782 0.1155578085 0.1127457151 
 0.1182243289 0.1154880221 0.1126744409 
 0.1181519729 0.1154139714 0.1125987553 
 0.1180756069 0.1153357553 0.1125187596 
 0.1179953315 0.1152534767 0.1124345593 
 0.1179112498 0.1151672418 0.1123462640 
 0.1178234674 0.1150771597 0.1122539863 
 0.1177320915 0.1149833416 0.1121578421 
 0.1176372305 0.1148859006 0.1120579492 
 0.1175389934 0.1147849509 0.1119544270 
 0.1174374888 0.1146806066 0.1118473959 
 0.1173328245 0.1145729820 0.1117369763 
 0.1172251065 0.1144621897 0.1116232879 
 0.1171144387 0.1143483407 0.1115064489 
 0.1170009216 0.1142315434 0.1113865755 
 0.1168846519 0.1141119024 0.1112637805 
 0.1167657219 0.1139895185 0.1111381728 
 0.1166442184 0.1138644872 0.1110098569 
 0.1165202225 0.1137368985 0.1108789313 
 0.1163938088 0.1136068362 0.1107454887 
 0.1162650447 0.1134743768 0.1106096147 
 0.1161339902 0.1133395895 0.1104713872 
 0.1160006973 0.1132025354 0.1103308759 
 0.1158652098 0.1130632672 0.1101881420 
 0.1157275628 0.1129218286 0.1100432373 
 0.1155877828 0.1127782546 0.1098962044 
 0.1154458876 0.1126325706 0.1097470759 
 0.1153018863 0.1124847931 0.1095958748 
 0.1151557792 0.1123349291 0.1094426141 
 0.1150075586 0.1121829769 0.1092872971 
 0.1148572087 0.1120289259 0.1091299175 
 0.1147047064 0.1118727573 0.1089704600 
 0.1145500215 0.1117144445 0.1088089004 
 0.1143931178 0.1115539536 0.1086452065 
 0.1142339537 0.1113912447 0.1084793388 
 0.1140724828 0.1112262720 0.1083112511 
 0.1139086555 0.1110589852 0.1081408917 
 0.1137424194 0.1108893305 0.1079682043 
 0.1135737208 0.1107172516 0.1077931292 
 0.1134025054 0.1105426908 0.1076156044 
 0.1132287202 0.1103655905 0.1074355670 
 0.1130523138 0.1101858941 0.1072529543 
 0.1128732384 0.1100035473 0.1070677054 
 0.1126914504 0.1098184999 0.1068797622 
 0.1125069120 0.1096307061 0.1066890713 
 0.1123195921 0.1094401267 0.1064955847 
 0.1121294674 0.1092467296 0.1062992614 
 0.1119365235 0.1090504912 0.1061000687 
 0.1117407557 0.1088513975 0.1058979832 
 0.1115421699 0.1086494448 0.1056929918 
 0.1113407835 0.1084446408 0.1054850931 
 0.1111366257 0.1082370051 0.1052742977 
 0.1109297381 0.1080265703 0.1050606292 
 0.1107201752 0.1078133817 0.1048441250 
 0.1105080045 0.1075974983 0.1046248363 
 0.1102933065 0.1073789928 0.1044028288 
 0.1100761748 0.1071579515 0.1041781828 
 0.1098567160 0.1069344747 0.1039509931 
 0.1096350488 0.1067086758 0.1037213691 
 0.1094113044 0.1064806814 0.1034894342 
 0.1091856250 0.1062506306 0.1032553255 
 0.1089581639 0.1060186746 0.1030191935 
 0.1087290838 0.1057849756 0.1027812009 
 0.1084985568 0.1055497061 0.1025415223 
 0.1082667625 0.1053130480 0.1023003428 
 0.1080338874 0.1050751911 0.1020578570 
 0.1078001234 0.1048363326 0.1018142681 
 0.1075656667 0.1045966750 0.1015697863 
 0.1073307165 0.1043564253 0.1013246275 
 0.1070954734 0.1041157936 0.1010790119 
 0.1068601382 0.1038749914 0.1008331624 
 0.1066249103 0.1036342301 0.1005873030 
 0.1063899867 0.1033937199 0.1003416576 
 0.1061555601 0.1031536676 0.1000964476 
 0.1059218179 0.1029142759 0.0998518910 
 0.1056889408 0.1026757415 0.0996082001 
 0.1054571014 0.1024382534 0.0993655807 
 0.1052264633 0.1022019923 0.0991242299 
 0.1049971796 0.1019671287 0.0988843347 
 0.1047693927 0.1017338219 0.0986460710 
 0.1045432324 0.1015022192 0.0984096020 
 0.1043188163 0.1012724546 0.0981750773 
 0.1040962483 0.1010446484 0.0979426318 
 0.1038756190 0.1008189064 0.0977123851 
 0.1036570048 0.1005953196 0.0974844407 
 0.1034404685 0.1003739640 0.0972588861 
 0.1032260591 0.1001549008 0.0970357922 
 0.1030138122 0.0999381764 0.0968152138 
 0.1028037507 0.0997238229 0.0965971900 
 0.1025958852 0.0995118590 0.0963817444 
 0.1023902154 0.0993022905 0.0961688867 
 0.1021867305 0.0990951116 0.0959586131 
 0.1019854108 0.0988903060 0.0957509080 
 0.1017862288 0.0986878483 0.0955457453 
 0.1015891505 0.0984877052 0.0953430897 
 0.1013941367 0.0982898371 0.0951428987 
 0.1012011445 0.0980941996 0.0949451243 
 0.1010101284 0.0979007450 0.0947497139 
 0.1008210417 0.0977094234 0.0945566130 
 0.1006338373 0.0975201843 0.0943657654 
 0.1004484690 0.0973329772 0.0941771156 
 0.1002648923 0.0971477530 0.0939906089 
 0.1000830643 0.0969644644 0.0938061928 
 0.0999029449 0.0967830663 0.0936238174 
 0.0997244963 0.0966035161 0.0934434352 
 0.0995476831 0.0964257734 0.0932650017 
 0.0993724717 0.0962497997 0.0930884745 
 0.0991988300 0.0960755578 0.0929138127 
 0.0990267263 0.0959030108 0.0927409763 
 0.0988561283 0.0957321211 0.0925699244 
 0.0986870023 0.0955628494 0.0924006146 
 0.0985193112 0.0953951529 0.0922330008 
 0.0983530141 0.0952289840 0.0920670319 
 0.0981880641 0.0950642889 0.0919026506 
 0.0980244074 0.0949010064 0.0917397909 
 0.0978619818 0.0947390660 0.0915783773 
 0.0977007156 0.0945783868 0.0914183235 
 0.0975405266 0.0944188768 0.0912595304 
 0.0973813209 0.0942604313 0.0911018860 
 0.0972229925 0.0941029326 0.0909452640 
 0.0970654225 0.0939462497 0.0907895239 
 0.0969084792 0.0937902375 0.0906345102 
 0.0967520178 0.0936347373 0.0904800530 
 