0.0936765691 0.0905333758 0.0873591828 
 0.0934387817 0.0902949764 0.0871205321 
 0.0932016182 0.0900572585 0.0868826336 
 0.0929649611 0.0898200958 0.0866453537 
 0.0927286831 0.0895833512 0.0864085483 
 0.0924926472 0.0893468785 0.0861720633 
 0.0922567082 0.0891105226 0.0859357358 
 0.0920207128 0.0888741208 0.0856993955 
 0.0917845017 0.0886375044 0.0854628655 
 0.0915479100 0.0884004994 0.0852259643 
 0.0913107692 0.0881629284 0.0849885067 
 0.0910729080 0.0879246119 0.0847503062 
 0.0908341545 0.0876853702 0.0845111761 
 0.0905943371 0.0874450246 0.0842709314 
 0.0903532865 0.0872033992 0.0840293904 
 0.0901108372 0.0869603229 0.0837863765 
 0.0898668291 0.0867156303 0.0835417199 
 0.0896211089 0.0864691642 0.0832952592 
 0.0893735321 0.0862207763 0.0830468428 
 0.0891239641 0.0859703294 0.0827963306 
 0.0888722817 0.0857176985 0.0825435955 
 0.0886183747 0.0854627721 0.0822885243 
 0.0883621471 0.0852054537 0.0820310195 
 0.0881035185 0.0849456630 0.0817710002 
 0.0878424250 0.0846833369 0.0815084031 
 0.0875788205 0.0844184307 0.0812431837 
 0.0873126775 0.0841509189 0.0809753170 
 0.0870439881 0.0838807958 0.0807047984 
 0.0867727647 0.0836080768 0.0804316443 
 0.0864990406 0.0833327983 0.0801558927 
 0.0862228704 0.0830550187 0.0798776033 
 0.0859443303 0.0827748183 0.0795968586 
 0.0856635185 0.0824922998 0.0793137633 
 0.0853805549 0.0822075879 0.0790284444 
 0.0850955811 0.0819208295 0.0787410516 
 0.0848087597 0.0816321931 0.0784517562 
 0.0845202741 0.0813418681 0.0781607512 
 0.0842303275 0.0810500643 0.0778682501 
 0.0839391416 0.0807570105 0.0775744861 
 0.0836469556 0.0804629537 0.0772797111 
 0.0833540249 0.0801681572 0.0769841937 
 0.0830606185 0.0798728990 0.0766882180 
 0.0827670182 0.0795774697 0.0763920815 
 0.0824735153 0.0792821706 0.0760960928 
 0.0821804090 0.0789873110 0.0758005692 
 0.0818880035 0.0786932055 0.0755058342 
 0.0815966053 0.0784001717 0.0752122147 
 0.0813065204 0.0781085267 0.0749200376 
 0.0810180513 0.0778185845 0.0746296273 
 0.0807314942 0.0775306527 0.0743413021 
 0.0804471360 0.0772450295 0.0740553712 
 0.0801652511 0.0769620007 0.0737721313 
 0.0798860990 0.0766818365 0.0734918637 
 0.0796099212 0.0764047888 0.0732148313 
 0.0793369386 0.0761310886 0.0729412754 
 0.0790673496 0.0758609431 0.0726714135 
 0.0788013277 0.0755945343 0.0724054367 
 0.0785390197 0.0753320160 0.0721435078 
 0.0782805442 0.0750735131 0.0718857593 
 0.0780259904 0.0748191200 0.0716322925 
 0.0777754175 0.0745688996 0.0713831761 
 0.0775288539 0.0743228831 0.0711384456 
 0.0772862975 0.0740810694 0.0708981035 
 0.0770477155 0.0738434259 0.0706621193 
 0.0768130453 0.0736098886 0.0704304300 
 0.0765821951 0.0733803634 0.0702029412 
 0.0763550457 0.0731547273 0.0699795283 
 0.0761314515 0.0729328298 0.0697600383 
 0.0759112424 0.0727144952 0.0695442917 
 0.0756942259 0.0724995241 0.0693320846 
 0.0754801893 0.0722876963 0.0691231911 
 0.0752689022 0.0720787729 0.0689173661 
 0.0750601186 0.0718724993 0.0687143476 
 0.0748535800 0.0716686073 0.0685138602 
 0.0746490178 0.0714668188 0.0683156173 
 0.0744461561 0.0712668478 0.0681193246 
 0.0742447143 0.0710684036 0.0679246827 
 0.0740444101 0.0708711938 0.0677313904 
 0.0738449618 0.0706749267 0.0675391470 
 0.0736460911 0.0704793142 0.0673476558 
 0.0734475256 0.0702840743 0.0671566259 
 0.0732490009 0.0700889336 0.0669657755 
 0.0730502632 0.0698936295 0.0667748340 
 0.0728510711 0.0696979126 0.0665835442 
 0.0726511976 0.0695015483 0.0663916643 
 0.0724504321 0.0693043190 0.0661989698 
 0.0722485814 0.0691060253 0.0660052552 
 0.0720454715 0.0689064879 0.0658103352 
 0.0718409487 0.0687055481 0.0656140465 
 0.0716348804 0.0685030695 0.0654162479 
 0.0714271560 0.0682989381 0.0652168217 
 0.0712176871 0.0680930632 0.0650156743 
 0.0710064082 0.0678853777 0.0648127358 
 0.0707932766 0.0676758379 0.0646079608 
 0.0705782720 0.0674644235 0.0644013279 
 0.0703613967 0.0672511372 0.0641928393 
 0.0701426746 0.0670360043 0.0639825201 
 0.0699221505 0.0668190716 0.0637704179 
 0.0696998894 0.0666004065 0.0635566011 
 0.0694759749 0.0663800958 0.0633411585 
 0.0692505086 0.0661582447 0.0631241972 
 0.0690236079 0.0659349746 0.0629058413 
 0.0687954049 0.0657104222 0.0626862303 
 0.0685660444 0.0654847372 0.0624655173 
 0.0683356825 0.0652580805 0.0622438668 
 0.0681044840 0.0650306225 0.0620214528 
 0.0678726212 0.0648025407 0.0617984570 
 0.0676402713 0.0645740179 0.0615750660 
 0.0674076146 0.0643452400 0.0613514699 
 0.0671748325 0.0641163938 0.0611278597 
 0.0669421054 0.0638876650 0.0609044252 
 0.0667096107 0.0636592364 0.0606813529 
 0.0664775211 0.0634312854 0.0604588244 
 0.0662460024 0.0632039828 0.0602370139 
 0.0660152120 0.0629774902 0.0600160866 
 0.0657852973 0.0627519593 0.0597961973 
 0.0655563940 0.0625275294 0.0595774883 
 0.0653286252 0.0623043267 0.0593600885 
 0.0651020995 0.0620824630 0.0591441120 
 0.0648769105 0.0618620344 0.0589296569 
 0.0646531359 0.0616431204 0.0587168044 
 0.0644308365 0.0614257836 0.0585056187 
 0.0642100558 0.0612100688 0.0582961454 
 0.0639908198 0.0609960028 0.0580884123 
 0.0637731366 0.0607835940 0.0578824284 
 0.0635569965 0.0605728331 0.0576781845 
 0.0633423722 0.0603636923 0.0574756530 
 0.0631292189 0.0601561264 0.0572747887 
 0.0629174749 0.0599500729 0.0570755286 
 0.0627070621 0.0597454529 0.0568777935 
 0.0624978870 0.0595421716 0.0566814881 
 0.0622898412 0.0593401193 0.0564865021 
 0.0620828024 0.0591391725 0.0562927114 
 0.0618766358 0.0589391947 0.0560999791 
 0.0616711948 0.0587400381 0.0559081569 
 0.0614663226 0.0585415444 0.0557170861 
 0.0612618533 0.0583435464 0.0555265992 
 0.0610576135 0.0581458695 0.0553365216 
 0.0608534233 0.0579483328 0.0551466727 
 0.0606490984 0.0577507511 0.0549568674 
 0.0604444512 0.0575529360 0.0547669182 
 0.0602392922 0.0573546980 0.0545766364 
 0.0600334321 0.0571558475 0.0543858339 
 0.0598266832 0.0569561970 0.0541943247 
 0.0596188607 0.0567555624 0.0540019268 
 0.0594097849 0.0565537650 0.0538084639 
 0.0591992823 0.0563506327 0.0536137667 
 0.0589871877 0.0561460020 0.0534176752 
 0.0587733455 0.0559397196 0.0532200397 
 0.0585576115 0.0557316442 0.0530207230 
 0.0583398546 0.0555216478 0.0528196021 
 0.0581199582 0.0553096175 0.0526165692 
 0.0578978217 0.0550954572 0.0524115340 
 0.0576733624 0.0548790889 0.0522044248 
 0.0574465168 0.0546604546 0.0519951904 
 0.0572172417 0.0544395171 0.0517838010 
 0.0569855162 0.0542162620 0.0515702502 
 0.0567513422 0.0539906986 0.0513545558 
 0.0565147464 0.0537628614 0.0511367614 
 0.0562757805 0.0535328106 0.0509169370 
 0.0560345229 0.0533006336 0.0506951801 
 0.0557910788 0.0530664455 0.0504716165 
 0.0555455812 0.0528303896 0.0502464010 
 0.0552981911 0.0525926377 0.0500197173 
 0.0550490976 0.0523533906 0.0497917782 
 0.0547985180 0.0521128776 0.0495628259 
 0.0545466969 0.0518713559 0.0493331309 
 0.0542939064 0.0516291103 0.0491029912 
 0.0540404440 0.0513864520 0.0488727316 
 0.0537866320 0.0511437167 0.0486427018 
 0.0535328155 0.0509012632 0.0484132744 
 0.0532793601 0.0506594711 0.0481848424 
 0.0530266494 0.0504187375 0.0479578169 
 0.0527750821 0.0501794748 0.0477326228 
 0.0525250681 0.0499421059 0.0475096957 
 0.0522770251 0.0497070611 0.0472894776 
 0.0520313739 0.0494747728 0.0470724114 
 0.0517885337 0.0492456708 0.0468589362 
 0.0515489166 0.0490201767 0.0466494815 
 0.0513129224 0.0487986981 0.0464444609 
 0.0510809320 0.0485816219 0.0462442651 
 0.0508533016 0.0483693083 0.0460492560 
 0.0506303558 0.0481620834 0.0458597584 
 0.0504123809 0.0479602325 0.0456760533 
 0.0501996180 0.0477639928 0.0454983705 
 0.0499922563 0.0475735462 0.0453268805 
 0.0497904261 0.0473890122 0.0451616882 
 0.0495941924 0.0472104416 0.0450028248 
 0.0494035485 0.0470378095 0.0448502422 
 0.0492184109 0.0468710101 0.0447038066 
 0.0490386134 0.0467098511 0.0445632933 
 0.0488639035 0.0465540495 0.0444283823 
 0.0486939388 0.0464032288 0.0442986555 
 0.0485282847 0.0462569161 0.0441735947 
 0.0483664134 0.0461145419 0.0440525807 
 0.0482077036 0.0459754404 0.0439348948 
 0.0480514429 0.0458388516 0.0438197210 
 0.0478968301 0.0457039247 0.0437061508 
 0.0477429798 0.0455697238 0.0435931888 
 0.0475889286 0.0454352343 0.0434797609 
 0.0474336422 0.0452993713 0.0433647234 
 0.0472760247 0.0451609897 0.0432468743 
 0.0471149282 0.0450188951 0.0431249655 
 0.0469491642 0.0448718565 0.0429977170 
 0.0467775161 0.0447186195 0.0428638311 
 0.0465987521 0.0445579206 0.0427220084 
 0.0464116393 0.0443885023 0.0425709634 
 0.0462149573 0.0442091278 0.0424094413 
 0.0460075130 0.0440185968 0.0422362341 
 0.0457881554 0.0438157601 0.0420501963 
 0.0455557891 0.0435995352 0.0418502610 
 0.0453093891 0.0433689203 0.0416354543 
 0.0450480144 0.0431230081 0.0414049093 
 0.0447708213 0.0428609994 0.0411578797 
 0.0444770763 0.0425822158 0.0408937514 
 0.0441661687 0.0422861115 0.0406120547 
 0.0438376231 0.0419722850 0.0403124748 
 0.0434911118 0.0416404909 0.0399948620 
 0.0431264665 0.0412906508 0.0396592424 
 0.0427436918 0.0409228652 0.0393058277 
 0.0423429778 0.0405374255 0.0389350265 
 0.0419247148 0.0401348271 0.0385474554 
 0.0414895078 0.0397157835 0.0381439526 
 0.0410381942 0.0392812421 0.0377255919 
 0.0405718613 0.0388324020 0.0372936998 
 0.0400918676 0.0383707333 0.0368498744 
 0.0395998650 0.0378980003 0.0363960073 
 0.0390978245 0.0374162862 0.0359343089 
 0.0385880638 0.0369280216 0.0354673372 
 0.0380732787 0.0364360162 0.0349980300 
 0.0375565765 0.0359434942 0.0345297423 
 0.0370415136 0.0354541330 0.0340662867 
 0.0365321351 0.0349721068 0.0336119802 
 0.0360330191 0.0345021332 0.0331716949 
 0.0355493222 0.0340495247 0.0327509143 
 0.0350868298 0.0336202439 0.0323557951 
 0.0346520073 0.0332209630 0.0319932346 
 0.0342520541 0.0328591261 0.0316709422 
 0.0338949576 0.0325430146 0.0313975170 
 0.0335895467 0.0322818135 0.0311825266 
 0.0333455410 0.0320856754 0.0310365872 
 0.0331735926 0.0319657791 0.0309714401 
 0.0330853134 0.0319343765 0.0310000167 
 0.0330932817 0.0320048177 0.0311364845 
 0.0332110130 0.0321915426 0.0313962571 
 0.0334528831 0.0325100200 0.0317959499 
 0.0338339794 0.0329766120 0.0323532541 
 0.0343698575 0.0336083322 0.0330866928 
 0.0350761722 0.0344224634 0.0340152197 
 0.0359681491 0.0354359944 0.0351576103 
 0.0370598689 0.0366648376 0.0365316011 
 0.0383633385 0.0381227984 0.0381527397 
 0.0398873483 0.0398202878 0.0400329345 
 0.0416361413 0.0417628099 0.0421787391 
 0.0436079664 0.0439493046 0.0445894700 
 0.0457936415 0.0463704966 0.0472553365 
 0.0481753024 0.0490074639 0.0501558390 
 0.0507255529 0.0518306811 0.0532587431 
 0.0534072285 0.0547997949 0.0565199263 
 0.0561739388 0.0578643204 0.0598843102 
 0.0589714526 0.0609653176 0.0632879161 
 0.0617398487 0.0640379340 0.0666608775 
 0.0644162204 0.0670145324 0.0699310375 
 0.0669376205 0.0698280109 0.0730276499 
 0.0692439093 0.0724149069 0.0758847042 
 0.0712802160 0.0747179580 0.0784435176 
 0.0729988398 0.0766879398 0.0806544284 
 0.0743605429 0.0782847667 0.0824776219 
 0.0753353071 0.0794779723 0.0838832669 
 0.0759026924 0.0802467671 0.0848512176 
 0.0760519527 0.0805798765 0.0853705314 
 0.0757820381 0.0804753290 0.0854390069 
 0.0751015473 0.0799402893 0.0850628564 
 0.0740286246 0.0789909469 0.0842565432 
 0.0725907278 0.0776523971 0.0830427267 
 0.0708241474 0.0759583868 0.0814521929 
 0.0687731487 0.0739507749 0.0795236093 
 0.0664886383 0.0716785668 0.0773029373 
 0.0640263286 0.0691964393 0.0748423735 
 0.0614444707 0.0665627613 0.0721987624 
 0.0588013244 0.0638372234 0.0694315272 
 0.0561526075 0.0610782815 0.0666002682 
 0.0535491876 0.0583406793 0.0637622644 
 0.0510352492 0.0556733125 0.0609701442 
 0.0486470888 0.0531176429 0.0582699758 
 0.0464125858 0.0507067763 0.0556999490 
 0.0443513000 0.0484652124 0.0532897239 
 0.0424750743 0.0464091818 0.0510604181 
 0.0407889810 0.0445474263 0.0490251237 
 0.0392924523 0.0428822591 0.0471898027 
 0.0379804523 0.0414107444 0.0455543978 
 0.0368445904 0.0401258742 0.0441140145 
 0.0358741079 0.0390176511 0.0428600640 
 0.0350567080 0.0380740270 0.0417812932 
 0.0343792217 0.0372816783 0.0408646646 
 0.0338281221 0.0366266196 0.0400960741 
 0.0333899058 0.0360946706 0.0394609147 
 0.0330513664 0.0356718005 0.0389445043 
 0.0327997831 0.0353443727 0.0385324009 
 0.0326230454 0.0350993137 0.0382106275 
 0.0325097334 0.0349242257 0.0379658302 
 0.0324491654 0.0348074597 0.0377853853 
 0.0324314250 0.0347381611 0.0376574721 
 0.0324473755 0.0347062972 0.0375711207 
 0.0324886649 0.0347026734 0.0375162430 
 0.0325477272 0.0347189407 0.0374836523 
 0.0326177783 0.0347475985 0.0374650747 
 0.0326928110 0.0347819924 0.0374531528 
 0.0327675849 0.0348163076 0.0374414437 
 0.0328376133 0.0348455574 0.0374244106 
 0.0328991462 0.0348655661 0.0373974068 
 0.0329491468 0.0348729460 0.0373566525 
 0.0329852635 0.0348650672 0.0372992045 
 0.0330057951 0.0348400209 0.0372229164 
 0.0330096502 0.0347965754 0.0371263921 
 0.0329963011 0.0347341255 0.0370089309 
 0.0329657323 0.0346526366 0.0368704662 
 0.0329183846 0.0345525830 0.0367114986 
 0.0328550966 0.0344348827 0.0365330240 
 0.0327770434 0.0343008304 0.0363364599 
 0.0326856756 0.0341520291 0.0361235695 
 0.0325826583 0.0339903223 0.0358963869 
 0.0324698122 0.0338177283 0.0356571438 
 0.0323490579 0.0336363781 0.0354082007 
 0.0322223643 0.0334484577 0.0351519817 
 0.0320917022 0.0332561555 0.0348909165 
 0.0319590026 0.0330616165 0.0346273880 
 0.0318261218 0.0328669023 0.0343636881 
 0.0316948118 0.0326739584 0.0341019805 
 0.0315666975 0.0324845882 0.0338442712 
 0.0314432590 0.0323004335 0.0335923862 
 0.0313258197 0.0321229608 0.0333479566 
 0.0312155392 0.0319534537 0.0331124092 
 0.0311134109 0.0317930099 0.0328869634 
 0.0310202630 0.0316425430 0.0326726327 
 0.0309367633 0.0315027873 0.0324702305 
 0.0308634266 0.0313743065 0.0322803793 
 0.0308006233 0.0312575033 0.0321035222 
 0.0307485909 0.0311526328 0.0319399366 
 0.0307074454 0.0310598147 0.0317897495 
 0.0306771944 0.0309790482 0.0316529530 
 0.0306577492 0.0309102259 0.0315294205 
 0.0306489382 0.0308531486 0.0314189229 
 0.0306505193 0.0308075389 0.0313211441 
 0.0306621918 0.0307730547 0.0312356961 
 0.0306836078 0.0307493024 0.0311621336 
 0.0307143835 0.0307358481 0.0310999667 
 0.0307541084 0.0307322293 0.0310486736 
 0.0308023546 0.0307379644 0.0310077117 
 0.0308586853 0.0307525624 0.0309765279 
 0.0309226618 0.0307755302 0.0309545671 
 0.0309938500 0.0308063804 0.0309412805 
 0.0310718260 0.0308446372 0.0309361324 
 0.0311561811 0.0308898415 0.0309386061 
 0.0312465256 0.0309415557 0.0309482087 
 0.0313424921 0.0309993674 0.0309644753 
 0.0314437383 0.0310628916 0.0309869718 
 0.0315499488 0.0311317737 0.0310152979 
 0.0316608368 0.0312056907 0.0310490885 
 0.0317761445 0.0312843518 0.0310880146 
 0.0318956440 0.0313674997 0.0311317841 
 0.0320191367 0.0314549095 0.0311801415 
 0.0321464533 0.0315463888 0.0312328674 
 0.0322774528 0.0316417769 0.0312897775 
 0.0324120212 0.0317409431 0.0313507213 
 0.0325500706 0.0318437857 0.0314155803 
 0.0326915372 0.0319502298 0.0314842664 
 0.0328363796 0.0320602255 0.0315567192 
 0.0329845771 0.0321737462 0.0316329042 
 0.0331361274 0.0322907857 0.0317128100 
 0.0332910447 0.0324113564 0.0317964460 
 0.0334493577 0.0325354867 0.0318838395 
 0.0336111070 0.0326632190 0.0319750336 
 0.0337763438 0.0327946069 0.0320700842 
 0.0339451271 0.0329297135 0.0321690577 
 0.0341175220 0.0330686087 0.0322720285 
 0.0342935981 0.0332113675 0.0323790769 
 0.0344734273 0.0333580679 0.0324902866 
 0.0346570823 0.0335087891 0.0326057430 
 0.0348446352 0.0336636098 0.0327255313 
 0.0350361561 0.0338226067 0.0328497345 
 0.0352317118 0.0339858532 0.0329784324 
 0.0354313646 0.0341534182 0.0331117000 
 0.0356351719 0.0343253651 0.0332496064 
 0.0358431849 0.0345017507 0.0333922138 
 0.0360554480 0.0346826252 0.0335395770 
 0.0362719988 0.0348680307 0.0336917427 
 0.0364928674 0.0350580018 0.0338487489 
 0.0367180763 0.0352525648 0.0340106249 
 0.0369476403 0.0354517377 0.0341773911 
 0.0371815665 0.0356555302 0.0343490591 
 0.0374198545 0.0358639443 0.0345256319 
 0.0376624969 0.0360769739 0.0347071037 
 0.0379094789 0.0362946053 0.0348934611 
 0.0381607794 0.0365168181 0.0350846828 
 0.0384163711 0.0367435850 0.0352807405 
 0.0386762208 0.0369748726 0.0354815992 
 0.0389402905 0.0372106422 0.0356872182 
 0.0392085374 0.0374508499 0.0358975513 
 0.0394809145 0.0376954476 0.0361125478 
 0.0397573716 0.0379443834 0.0363321531 
 0.0400378552 0.0381976025 0.0365563092 
 0.0403223099 0.0384550473 0.0367849554 
 0.0406106781 0.0387166584 0.0370180292 
 0.0409029010 0.0389823752 0.0372554665 
 0.0411989189 0.0392521360 0.0374972027 
 0.0414986718 0.0395258789 0.0377431728 
 0.0418020999 0.0398035422 0.0379933119 
 0.0421091436 0.0400850648 0.0382475561 
 0.0424197444 0.0403703863 0.0385058425 
 0.0427338445 0.0406594478 0.0387681096 
 0.0430513879 0.0409521920 0.0390342979 
 0.0433723200 0.0412485632 0.0393043499 
 0.0436965880 0.0415485078 0.0395782103 
 0.0440241411 0.0418519744 0.0398558263 
 0.0443549303 0.0421589139 0.0401371478 
 0.0446889089 0.0424692794 0.0404221270 
 0.0450260323 0.0427830264 0.0407107192 
 0.0453662579 0.0431001128 0.0410028819 
 0.0457095454 0.0434204987 0.0412985756 
 0.0460558561 0.0437441465 0.0415977629 
 0.0464051536 0.0440710208 0.0419004091 
 0.0467574030 0.0444010880 0.0422064817 
 0.0471125714 0.0447343164 0.0425159501 
 0.0474706270 0.0450706762 0.0428287858 
 0.0478315398 0.0454101388 0.0431449620 
 0.0481952808 0.0457526772 0.0434644533 
 0.0485618218 0.0460982653 0.0437872356 
 0.0489311358 0.0464468780 0.0441132860 
 0.0493031964 0.0467984911 0.0444425823 
 0.0496779775 0.0471530808 0.0447751029 
 0.0500554536 0.0475106237 0.0451108267 
 0.0504355992 0.0478710965 0.0454497329 
 0.0508183888 0.0482344760 0.0457918006 
 0.0512037968 0.0486007388 0.0461370088 
 0.0515917974 0.0489698611 0.0464853360 
 0.0519823643 0.0493418189 0.0468367605 
 0.0523754709 0.0497165873 0.0471912597 
 0.0527710897 0.0500941409 0.0475488105 
 0.0531691928 0.0504744537 0.0479093888 
 0.0535697513 0.0508574984 0.0482729695 
 0.0539727357 0.0512432471 0.0486395266 
 0.0543781156 0.0516316709 0.0490090330 
 0.0547858596 0.0520227398 0.0493814604 
 0.0551959355 0.0524164229 0.0497567794 
 0.0556083102 0.0528126880 0.0501349595 
 0.0560229495 0.0532115021 0.0505159689 
 0.0564398186 0.0536128310 0.0508997747 
 0.0568588816 0.0540166396 0.0512863429 
 0.0572801017 0.0544228917 0.0516756383 
 0.0577034413 0.0548315502 0.0520676247 
 0.0581288622 0.0552425770 0.0524622648 
 0.0585563250 0.0556559333 0.0528595203 
 0.0589857900 0.0560715792 0.0532593519 
 0.0594172165 0.0564894741 0.0536617196 
 0.0598505634 0.0569095768 0.0540665823 
 0.0602857889 0.0573318452 0.0544738984 
 0.0607228507 0.0577562367 0.0548836252 
 0.0611617058 0.0581827080 0.0552957198 
 0.0616023111 0.0586112153 0.0557101382 
 0.0620446226 0.0590417144 0.0561268360 
 0.0624885964 0.0594741605 0.0565457685 
 0.0629341879 0.0599085083 0.0569668902 
 0.0633813525 0.0603447124 0.0573901553 
 0.0638300449 0.0607827268 0.0578155175 
 0.0642802200 0.0612225053 0.0582429303 
 0.0647318321 0.0616640014 0.0586723466 
 0.0651848355 0.0621071683 0.0591037192 
 0.0656391844 0.0625519590 0.0595370005 
 0.0660948326 0.0629983263 0.0599721426 
 0.0665517339 0.0634462227 0.0604090975 
 0.0670098420 0.0638956006 0.0608478167 
 0.0674691103 0.0643464123 0.0612882518 
 0.0679294924 0.0647986098 0.0617303540 
 0.0683909416 0.0652521450 0.0621740741 
 0.0688534112 0.0657069697 0.0626193631 
 0.0693168543 0.0661630356 0.0630661716 
 0.0697812243 0.0666202943 0.0635144500 
 0.0702464742 0.0670786972 0.0639641486 
 0.0707125571 0.0675381956 0.0644152176 
 0.0711794263 0.0679987411 0.0648676070 
 0.0716470347 0.0684602847 0.0653212666 
 0.0721153356 0.0689227777 0.0657761461 
 0.0725842821 0.0693861713 0.0662321954 
 0.0730538275 0.0698504168 0.0666893638 
 0.0735239252 0.0703154654 0.0671476011 
 0.0739945285 0.0707812682 0.0676068565 
 0.0744655910 0.0712477767 0.0680670796 
 0.0749370664 0.0717149422 0.0685282198 
 0.0754089085 0.0721827162 0.0689902266 
 0.0758810712 0.0726510503 0.0694530496 
 0.0763535089 0.0731198962 0.0699166382 
 0.0768261758 0.0735892060 0.0703809423 
 0.0772990267 0.0740589316 0.0708459117 
 0.0777720165 0.0745290255 0.0713114962 
 0.0782451002 0.0749994402 0.0717776461 
 0.0787182335 0.0754701285 0.0722443117 
 0.0791913719 0.0759410434 0.0727114436 
 0.0796644716 0.0764121385 0.0731789926 
 0.0801374890 0.0768833672 0.0736469097 
 0.0806103808 0.0773546837 0.0741151462 
 0.0810831040 0.0778260422 0.0745836538 
 0.0815556159 0.0782973973 0.0750523843 
 0.0820278743 0.0787687041 0.0755212901 
 0.0824998372 0.0792399177 0.0759903235 
 0.0829714629 0.0797109937 0.0764594374 
 0.0834427100 0.0801818881 0.0769285850 
 0.0839135375 0.0806525571 0.0773977197 
 0.0843839046 0.0811229572 0.0778667951 
 0.0848537706 0.0815930452 0.0783357652 
 0.0853230954 0.0820627779 0.0788045843 
 0.0857918386 0.0825321128 0.0792732067 
 0.0862599605 0.0830010072 0.0797415872 
 0.0867274211 0.0834694186 0.0802096806 
 0.0871941807 0.0839373049 0.0806774418 
 0.0876601996 0.0844046239 0.0811448259 
 0.0881254383 0.0848713334 0.0816117881 
 0.0885898571 0.0853373913 0.0820782837 
 0.0890534163 0.0858027556 0.0825442677 
 0.0895160762 0.0862673840 0.0830096954 
 0.0899777970 0.0867312344 0.0834745219 
 0.0904385384 0.0871942642 0.0839387021 
 0.0908982604 0.0876564311 0.0844021910 
 0.0913569225 0.0881176922 0.0848649431 
 0.0918144840 0.0885780044 0.0853269129 
 0.0922709038 0.0890373247 0.0857880546 
 0.0927261406 0.0894956093 0.0862483220 
 0.0931801528 0.0899528143 0.0867076686 
 0.0936328982 0.0904088956 0.0871660477 
 0.0940843344 0.0908638084 0.0876234122 
 0.0945344186 0.0913175077 0.0880797144 
 0.0949831075 0.0917699481 0.0885349065 
 0.0954303574 0.0922210836 0.0889889400 
 0.0958761242 0.0926708681 0.0894417662 
 0.0963203633 0.0931192547 0.0898933359 
 0.0967630297 0.0935661965 0.0903435994 
 0.0972040780 0.0940116457 0.0907925067 
 0.0976434625 0.0944555544 0.0912400074 
 0.0980811370 0.0948978743 0.0916860506 
 0.0985170548 0.0953385567 0.0921305851 
 0.0989511691 0.0957775526 0.0925735594 
 0.0993834327 0.0962148124 0.0930149216 
 0.0998137980 0.0966502867 0.0934546197 
 0.1002422173 0.0970839254 0.0938926010 
 0.1006686427 0.0975156784 0.0943288131 
 0.1010930258 0.0979454953 0.0947632032 
 0.1015153186 0.0983733258 0.0951957183 
 0.1019354724 0.0987991192 0.0956263053 
 0.1023534388 0.0992228248 0.0960549112 
 0.1027691693 0.0996443920 0.0964814828 
 0.1031826153 0.1000637702 0.0969059670 
 0.1035937284 0.1004809086 0.0973283109 
 0.1040024602 0.1008957568 0.0977484614 
 0.1044087624 0.1013082644 0.0981663658 
 0.1048125869 0.1017183812 0.0985819716 
 0.1052138856 0.1021260570 0.0989952263 
 0.1056126109 0.1025312421 0.0994060777 
 0.1060087151 0.1029338869 0.0998144740 
 0.1064021511 0.1033339419 0.1002203635 
 0.1067928718 0.1037313583 0.1006236951 
 0.1071808304 0.1041260871 0.1010244176 
 0.1075659804 0.1045180800 0.1014224804 
 0.1079482758 0.1049072887 0.1018178332 
 0.1083276704 0.1052936654 0.1022104260 
 0.1087041188 0.1056771625 0.1026002091 
 0.1090775755 0.1060577327 0.1029871332 
 0.1094479954 0.1064353290 0.1033711491 
 0.1098153337 0.1068099046 0.1037522080 
 0.1101795458 0.1071814130 0.1041302613 
 0.1105405870 0.1075498078 0.1045052608 
 0.1108984133 0.1079150428 0.1048771583 
 0.1112529803 0.1082770721 0.1052459058 
 0.1116042441 0.1086358498 0.1056114553 
 0.1119521608 0.1089913299 0.1059737592 
 0.1122966864 0.1093434667 0.1063327696 
 0.1126377771 0.1096922143 0.1066884387 
 0.1129753888 0.1100375271 0.1070407189 
 0.1133094779 0.1103793590 0.1073895621 
 0.1136400001 0.1107176641 0.1077349203 
 0.1139669114 0.1110523962 0.1080767455 
 0.1142901677 0.1113835092 0.1084149892 
 0.1146097246 0.1117109566 0.1087496029 
 0.1149255376 0.1120346916 0.1090805378 
 0.1152375620 0.1123546675 0.1094077448 
 0.1155457532 0.1126708373 0.1097311745 
 0.1158500663 0.1129831536 0.1100507774 
 0.1161504561 0.1132915690 0.1103665035 
 0.1164468775 0.1135960358 0.1106783027 
 0.1167392854 0.1138965061 0.1109861246 
 0.1170276344 0.1141929320 0.1112899184 
 0.1173118793 0.1144852653 0.1115896334 
 0.1175919748 0.1147734580 0.1118852184 
 0.1178678758 0.1150574619 0.1121766225 
 0.1181395374 0.1153372289 0.1124637944 
 0.1184069149 0.1156127109 0.1127466830 
 0.1186699639 0.1158838604 0.1130252372 
 0.1189286404 0.1161506298 0.1132994062 
 0.1191829012 0.1164129720 0.1135691393 
 0.1194327033 0.1166708405 0.1138343863 
 0.1196780046 0.1169241893 0.1140950975 
 0.1199187640 0.1171729731 0.1143512238 
 0.1201549410 0.1174171474 0.1146027165 
 0.1203864965 0.1176566687 0.1148495281 
 0.1206133923 0.1178914944 0.1150916118 
 0.1208355917 0.1181215834 0.1153289220 
 0.1210530592 0.1183468954 0.1155614141 
 0.1212657610 0.1185673919 0.1157890450 
 0.1214736648 0.1187830356 0.1160117730 
 0.1216767400 0.1189937911 0.1162295577 
 0.1218749578 0.1191996246 0.1164423606 
 0.1220682915 0.1194005040 0.1166501448 
 0.1222567160 0.1195963991 0.1168528753 
 0.1224402085 0.1197872820 0.1170505191 
 0.1226187483 0.1199731264 0.1172430450 
 0.1227923167 0.1201539084 0.1174304241 
 0.1229608972 0.1203296061 0.1176126295 
 0.1231244756 0.1205001998 0.1177896366 
 0.1232830396 0.1206656719 0.1179614228 
 0.1234365793 0.1208260072 0.1181279678 
 0.1235850868 0.1209811925 0.1182892537 
 0.1237285565 0.1211312166 0.1184452645 
 0.1238669844 0.1212760708 0.1185959867 
 0.1240003690 0.1214157480 0.1187414086 
 0.1241287101 0.1215502433 0.1188815208 
 0.1242520096 0.1216795537 0.1190163159 
 0.1243702710 0.1218036779 0.1191457883 
 0.1244834991 0.1219226161 0.1192699343 
 0.1245917002 0.1220363704 0.1193887518 
 0.1246948820 0.1221449439 0.1195022405 
 0.1247930528 0.1222483413 0.1196104013 
 0.1248862221 0.1223465682 0.1197132365 
 0.1249744001 0.1224396311 0.1198107496 
 0.1250575975 0.1225275376 0.1199029452 
 0.1251358254 0.1226102955 0.1199898286 
 0.1252090950 0.1226879134 0.1200714059 
 0.1252774176 0.1227604002 0.1201476837 
 0.1253408045 0.1228277647 0.1202186691 
 0.1253992667 0.1228900160 0.1202843693 
 0.1254528148 0.1229471630 0.1203447919 
 0.1255014587 0.1229992143 0.1203999442 
 0.1255452082 0.1230461783 0.1204498336 
 0.1255840719 0.1230880628 0.1204944673 
 0.1256180578 0.1231248754 0.1205338521 
 0.1256471733 0.1231566228 0.1205679944 
 0.1256714247 0.1231833112 0.1205969005 
 0.1256908178 0.1232049464 0.1206205759 
 0.1257053573 0.1232215335 0.1206390260 
 0.1257150474 0.1232330769 0.1206522556 
 0.1257198916 0.1232395808 0.1206602691 
 0.1257198929 0.1232410489 0.1206630708 
 0.1257150538 0.1232374844 0.1206606647 
 0.1257053767 0.1232288907 0.1206530546 
 0.1256908639 0.1232152710 0.1206402446 
 0.1256715178 0.1231966289 0.1206222388 
 0.1256473413 0.1231729680 0.1205990419 
 0.1256183377 0.1231442930 0.1205706588 
 0.1255845116 0.1231106090 0.1205370958 
 0.1255458682 0.1230719227 0.1204983598 
 0.1255024146 0.1230282417 0.1204544592 
 0.1254541594 0.1229795756 0.1204054039 
 0.1254011132 0.1229259357 0.1203512058 
 0.1253432890 0.1228673355 0.1202918786 
 0.1252807022 0.1228037910 0.1202274386 
 0.1252133712 0.1227353212 0.1201579047 
 0.1251413176 0.1226619476 0.1200832987 
 0.1250645661 0.1225836953 0.1200036457 
 0.1249831451 0.1225005929 0.1199189739 
 0.1248970869 0.1224126725 0.1198293154 
 0.1248064276 0.1223199701 0.1197347061 
 0.1247112073 0.1222225258 0.1196351858 
 0.1246114704 0.1221203840 0.1195307986 
 0.1245072657 0.1220135929 0.1194215927 
 0.1243986459 0.1219022055 0.1193076209 
 0.1242856684 0.1217862789 0.1191889403 
 0.1241683943 0.1216658744 0.1190656124 
 0.1240468893 0.1215410577 0.1189377031 
 0.1239212226 0.1214118986 0.1188052827 
 0.1237914675 0.1212784707 0.1186684258 
 0.1236577005 0.1211408516 0.1185272108 
 0.1235200016 0.1209991223 0.1183817202 
 0.1233784535 0.1208533672 0.1182320400 
 0.1232331415 0.1207036734 0.1180782595 
 0.1230841532 0.1205501307 0.1179204711 
 0.1229315776 0.1203928311 0.1177587697 
 0.1227755051 0.1202318683 0.1175932526 
 0.1226160271 0.1200673374 0.1174240188 
 0.1224532347 0.1198993340 0.1172511686 
 0.1222872194 0.1197279545 0.1170748032 
 0.1221180713 0.1195532945 0.1168950241 
 0.1219458796 0.1193754493 0.1167119324 
 0.1217707314 0.1191945128 0.1165256289 
 0.1215927115 0.1190105769 0.1163362125 
 0.1214119018 0.1188237314 0.1161437807 
 0.1212283808 0.1186340631 0.1159484284 
 0.1210422231 0.1184416554 0.1157502475 
 0.1208534991 0.1182465878 0.1155493266 
 0.1206622744 0.1180489357 0.1153457499 
 0.1204686097 0.1178487695 0.1151395977 
 0.1202725601 0.1176461549 0.1149309449 
 0.1200741753 0.1174411517 0.1147198614 
 0.1198734992 0.1172338143 0.1145064113 
 0.1196705695 0.1170241912 0.1142906529 
 0.1194654183 0.1168123246 0.1140726380 
 0.1192580711 0.1165982506 0.1138524122 
 0.1190485480 0.1163819991 0.1136300146 
 0.1188368627 0.1161635938 0.1134054776 
 0.1186230236 0.1159430523 0.1131788272 
 0.1184070334 0.1157203862 0.1129500827 
 0.1181888900 0.1154956015 0.1127192574 
 0.1179685863 0.1152686987 0.1124863583 
 0.1177461112 0.1150396735 0.1122513868 
 0.1175214497 0.1148085168 0.1120143389 
 0.1172945837 0.1145752157 0.1117752057 
 0.1170654924 0.1143397537 0.1115339739 
 0.1168341533 0.1141021114 0.1112906266 
 0.1166005426 0.1138622674 0.1110451437 
 0.1163646361 0.1136201986 0.1107975026 
 0.1161264097 0.1133758814 0.1105476791 
 0.1158858405 0.1131292921 0.1102956483 
 0.1156429074 0.1128804077 0.1100413849 
 0.1153975917 0.1126292071 0.1097848646 
 0.1151498781 0.1123756715 0.1095260647 
 0.1148997554 0.1121197851 0.1092649648 
 0.1146472171 0.1118615363 0.1090015478 
 0.1143922620 0.1116009180 0.1087358007 
 0.1141348950 0.1113379285 0.1084677153 
 0.1138751276 0.1110725721 0.1081972889 
 0.1136129782 0.1108048595 0.1079245251 
 0.1133484726 0.1105348089 0.1076494343 
 0.1130816446 0.1102624456 0.1073720343 
 0.1128125360 0.1099878030 0.1070923507 
 0.1125411967 0.1097109228 0.1068104175 
 0.1122676851 0.1094318548 0.1065262771 
 0.1119920678 0.1091506576 0.1062399809 
 0.1117144197 0.1088673984 0.1059515891 
 0.1114348239 0.1085821526 0.1056611708 
 0.1111533712 0.1082950041 0.1053688043 
 0.1108701599 0.1080060451 0.1050745765 
 0.1105852953 0.1077153754 0.1047785829 
 0.1102988895 0.1074231023 0.1044809273 
 0.1100110606 0.1071293400 0.1041817214 
 0.1097219318 0.1068342091 0.1038810841 
 0.1094316315 0.1065378361 0.1035791414 
 0.1091402917 0.1062403526 0.1032760253 
 0.1088480480 0.1059418944 0.1029718733 
 0.1085550381 0.1056426013 0.1026668279 
 0.1082614016 0.1053426156 0.1023610353 
 0.1079672788 0.1050420818 0.1020546450 
 0.1076728098 0.1047411455 0.1017478086 
 0.1073781339 0.1044399523 0.1014406791 
 0.1070833886 0.1041386476 0.1011334096 
 0.1067887089 0.1038373747 0.1008261530 
 0.1064942261 0.1035362749 0.1005190601 
 0.1062000675 0.1032354859 0.1002122795 
 0.1059063555 0.1029351414 0.0999059561 
 0.1056132067 0.1026353700 0.0996002303 
 0.1053207316 0.1023362947 0.0992952372 
 0.1050290338 0.1020380319 0.0989911055 
 0.1047382096 0.1017406909 0.0986879571 
 0.1044483475 0.1014443735 0.0983859059 
 0.1041595281 0.1011491731 0.0980850576 
 0.1038718236 0.1008551746 0.0977855086 
 0.1035852976 0.1005624543 0.0974873464 
 0.1033000056 0.1002710793 0.0971906484 
 0.1030159945 0.0999811077 0.0968954824 
 0.1027333031 0.0996925886 0.0966019061 
 0.1024519621 0.0994055624 0.0963099677 
 0.1021719950 0.0991200609 0.0960197055 
 0.1018934183 0.0988361079 0.0957311488 
 0.1016162418 0.0985537199 0.0954443184 
 0.1013404699 0.0982729065 0.0951592270 
 0.1010661020 0.0979936710 0.0948758801 
 0.1007931330 0.0977160118 0.0945942770 
 0.1005215549 0.0974399227 0.0943144115 
 0.1002513567 0.0971653941 0.0940362730 
 0.0999825261 0.0968924136 0.0937598477 
 0.0997150497 0.0966209674 0.0934851193 
 0.0994489137 0.0963510406 0.0932120699 
 0.0991841052 0.0960826183 0.0929406815 
 0.0989206119 0.0958156858 0.0926709358 
 0.0986584230 0.0955502298 0.0924028158 
 0.0983975296 0.0952862382 0.0921363056 
 0.0981379244 0.0950237005 0.0918713911 
 0.0978796020 0.0947626078 0.0916080599 
 0.0976225586 0.0945029527 0.0913463011 
 0.0973667915 0.0942447292 0.0910861056 
 0.0971122990 0.0939879315 0.0908274647 
 0.0968590791 0.0937325541 0.0905703703 
 0.0966071293 0.0934785906 0.0903148135 
 0.0963564455 0.0932260328 0.0900607837 
 0.0961070207 0.0929748697 0.0898082677 
 0.0958588444 0.0927250866 0.0895572483 
 0.0956119014 0.0924766635 0.0893077034 
 0.0953661707 0.0922295744 0.0890596044 
 0.0951216242 0.0919837862 0.0888129154 
 0.0948782263 0.0917392575 0.0885675916 
 0.0946359326 0.0914959375 0.0883235791 
 0.0943946892 0.0912537660 0.0880808133 
 0.0941544322 0.0910126717 0.0878392187 
 0.0939150873 0.0907725728 0.0875987081 
 0.0936765691 0.0905333758 0.0873591828 
 