0.0431630053 0.0459539349 0.0493378480 
 0.0433051597 0.0461514384 0.0495935274 
 0.0434512109 0.0463522850 0.0498517972 
 0.0436038364 0.0465594563 0.0501159418 
 0.0437657749 0.0467759968 0.0503893063 
 0.0439397966 0.0470049790 0.0506752570 
 0.0441286728 0.0472494696 0.0509771428 
 0.0443351488 0.0475124973 0.0512982587 
 0.0445619174 0.0477970228 0.0516418107 
 0.0448115948 0.0481059102 0.0520108839 
 0.0450866973 0.0484419007 0.0524084114 
 0.0453896199 0.0488075865 0.0528371453 
 0.0457226155 0.0492053880 0.0532996298 
 0.0460877755 0.0496375301 0.0537981745 
 0.0464870102 0.0501060204 0.0543348302 
 0.0469220303 0.0506126275 0.0549113646 
 0.0473943279 0.0511588600 0.0555292395 
 0.0479051574 0.0517459456 0.0561895889 
 0.0484555171 0.0523748109 0.0568931977 
 0.0490461295 0.0530460609 0.0576404827 
 0.0496774233 0.0537599609 0.0584314742 
 0.0503495149 0.0545164179 0.0592658009 
 0.0510621910 0.0553149656 0.0601426772 
 0.0518148935 0.0561547504 0.0610608944 
 0.0526067058 0.0570345221 0.0620188162 
 0.0534363427 0.0579526277 0.0630143796 
 0.0543021445 0.0589070110 0.0640451021 
 0.0552020750 0.0598952173 0.0651080949 
 0.0561337258 0.0609144051 0.0662000841 
 0.0570943263 0.0619613646 0.0673174386 
 0.0580807610 0.0630325436 0.0684562057 
 0.0590895933 0.0641240809 0.0696121543 
 0.0601170973 0.0652318464 0.0707808239 
 0.0611592955 0.0663514886 0.0719575797 
 0.0622120039 0.0674784875 0.0731376722 
 0.0632708829 0.0686082120 0.0743163002 
 0.0643314922 0.0697359817 0.0754886748 
 0.0653893499 0.0708571292 0.0766500837 
 0.0664399935 0.0719670642 0.0777959545 
 0.0674790408 0.0730613352 0.0789219133 
 0.0685022510 0.0741356891 0.0800238405 
 0.0695055819 0.0751861261 0.0810979197 
 0.0704852441 0.0762089493 0.0821406802 
 0.0714377494 0.0772008081 0.0831490323 
 0.0723599539 0.0781587339 0.0841202950 
 0.0732490928 0.0790801690 0.0850522155 
 0.0741028094 0.0799629867 0.0859429819 
 0.0749191750 0.0808055046 0.0867912272 
 0.0756967019 0.0816064899 0.0875960282 
 0.0764343491 0.0823651581 0.0883568971 
 0.0771315203 0.0830811648 0.0890737677 
 0.0777880557 0.0837545922 0.0897469775 
 0.0784042176 0.0843859301 0.0903772453 
 0.0789806713 0.0849760527 0.0909656449 
 0.0795184603 0.0855261918 0.0915135777 
 0.0800189788 0.0860379068 0.0920227413 
 0.0804839398 0.0865130525 0.0924950979 
 0.0809153417 0.0869537449 0.0929328409 
 0.0813154322 0.0873623255 0.0933383609 
 0.0816866712 0.0877413256 0.0937142119 
 0.0820316927 0.0880934294 0.0940630766 
 0.0823532669 0.0884214379 0.0943877329 
 0.0826542620 0.0887282321 0.0946910205 
 0.0829376065 0.0890167387 0.0949758086 
 0.0832062536 0.0892898954 0.0952449646 
 0.0834631456 0.0895506183 0.0955013247 
 0.0837111812 0.0898017712 0.0957476648 
 0.0839531844 0.0900461363 0.0959866752 
 0.0841918758 0.0902863875 0.0962209352 
 0.0844298463 0.0905250662 0.0964528917 
 0.0846695337 0.0907645591 0.0966848389 
 0.0849132022 0.0910070795 0.0969189013 
 0.0851629250 0.0912546506 0.0971570188 
 0.0854205692 0.0915090924 0.0974009348 
 0.0856877848 0.0917720110 0.0976521865 
 0.0859659958 0.0920447908 0.0979120988 
 0.0862563947 0.0923285900 0.0981817801 
 0.0865599399 0.0926243385 0.0984621208 
 0.0868773557 0.0929327385 0.0987537947 
 0.0872091346 0.0932542677 0.0990572628 
 0.0875555428 0.0935891848 0.0993727787 
 0.0879166275 0.0939375376 0.0997003968 
 0.0882922259 0.0942991724 0.1000399823 
 0.0886819772 0.0946737460 0.1003912224 
 0.0890853349 0.0950607384 0.1007536393 
 0.0895015816 0.0954594679 0.1011266048 
 0.0899298445 0.0958691062 0.1015093549 
 0.0903691121 0.0962886955 0.1019010060 
 0.0908182515 0.0967171649 0.1023005716 
 0.0912760260 0.0971533485 0.1027069786 
 0.0917411139 0.0975960031 0.1031190841 
 0.0922121262 0.0980438253 0.1035356923 
 0.0926876249 0.0984954694 0.1039555705 
 0.0931661405 0.0989495640 0.1043774648 
 0.0936461897 0.0994047283 0.1048001150 
 0.0941262912 0.0998595872 0.1052222689 
 0.0946049817 0.1003127863 0.1056426954 
 0.0950808301 0.1007630046 0.1060601963 
 0.0955524509 0.1012089670 0.1064736175 
 0.0960185165 0.1016494550 0.1068818585 
 0.0964777675 0.1020833165 0.1072838806 
 0.0969290225 0.1025094736 0.1076787147 
 0.0973711854 0.1029269298 0.1080654664 
 0.0978032524 0.1033347753 0.1084433212 
 0.0982243170 0.1037321913 0.1088115477 
 0.0986335733 0.1041184527 0.1091694998 
 0.0990303183 0.1044929297 0.1095166183 
 0.0994139534 0.1048550886 0.1098524306 
 0.0997839834 0.1052044910 0.1101765499 
 0.1001400159 0.1055407921 0.1104886739 
 0.1004817583 0.1058637381 0.1107885820 
 0.1008090144 0.1061731632 0.1110761322 
 0.1011216806 0.1064689850 0.1113512572 
 0.1014197404 0.1067512003 0.1116139601 
 0.1017032591 0.1070198792 0.1118643097 
 0.1019723773 0.1072751599 0.1121024350 
 0.1022273041 0.1075172421 0.1123285198 
 0.1024683108 0.1077463808 0.1125427972 
 0.1026957225 0.1079628800 0.1127455434 
 0.1029099118 0.1081670854 0.1129370719 
 0.1031112907 0.1083593782 0.1131177275 
 0.1033003031 0.1085401683 0.1132878808 
 0.1034774180 0.1087098878 0.1134479218 
 0.1036431220 0.1088689845 0.1135982548 
 0.1037979127 0.1090179162 0.1137392933 
 0.1039422924 0.1091571451 0.1138714546 
 0.1040767620 0.1092871320 0.1139951554 
 0.1042018154 0.1094083321 0.1141108076 
 0.1043179353 0.1095211906 0.1142188150 
 0.1044255882 0.1096261389 0.1143195691 
 0.1045252215 0.1097235914 0.1144134477 
 0.1046172601 0.1098139432 0.1145008116 
 0.1047021050 0.1098975683 0.1145820038 
 0.1047801310 0.1099748184 0.1146573481 
 0.1048516870 0.1100460223 0.1147271490 
 0.1049170957 0.1101114863 0.1147916917 
 0.1049766547 0.1101714947 0.1148512429 
 0.1050306377 0.1102263118 0.1149060520 
 0.1050792974 0.1102761833 0.1149563532 
 0.1051228680 0.1103213396 0.1150023676 
 0.1051615689 0.1103619982 0.1150443060 
 0.1051956087 0.1103983680 0.1150823720 
 0.1052251897 0.1104306529 0.1151167658 
 0.1052505127 0.1104590563 0.1151476873 
 0.1052717825 0.1104837853 0.1151753409 
 0.1052892127 0.1105050560 0.1151999391 
 0.1053030316 0.1105230979 0.1152217067 
 0.1053134877 0.1105381588 0.1152408852 
 0.1053208548 0.1105505097 0.1152577368 
 0.1053254375 0.1105604491 0.1152725483 
 0.1053275759 0.1105683076 0.1152856347 
 0.1053276503 0.1105744514 0.1152973425 
 0.1053260852 0.1105792859 0.1153080528 
 0.1053233525 0.1105832589 0.1153181833 
 0.1053199743 0.1105868623 0.1153281905 
 0.1053165250 0.1105906340 0.1153385708 
 0.1053136322 0.1105951585 0.1153498605 
 0.1053119766 0.1106010664 0.1153626361 
 0.1053122913 0.1106090342 0.1153775124 
 0.1053153597 0.1106197809 0.1153951410 
 0.1053220118 0.1106340659 0.1154162066 
 0.1053331204 0.1106526841 0.1154414234 
 0.1053495949 0.1106764607 0.1154715301 
 0.1053723745 0.1107062444 0.1155072833 
 0.1054024198 0.1107429000 0.1155494510 
 0.1054407037 0.1107872996 0.1155988042 
 0.1054882001 0.1108403123 0.1156561080 
 0.1055458723 0.1109027936 0.1157221117 
 0.1056146601 0.1109755734 0.1157975382 
 0.1056954657 0.1110594435 0.1158830727 
 0.1057891392 0.1111551438 0.1159793503 
 0.1058964625 0.1112633487 0.1160869442 
 0.1060181339 0.1113846526 0.1162063527 
 0.1061547515 0.1115195553 0.1163379863 
 0.1063067972 0.1116684477 0.1164821555 
 0.1064746200 0.1118315973 0.1166390581 
 0.1066584206 0.1120091349 0.1168087677 
 0.1068582367 0.1122010414 0.1169912225 
 0.1070739289 0.1124071362 0.1171862156 
 0.1073051682 0.1126270668 0.1173933864 
 0.1075514256 0.1128602998 0.1176122133 
 0.1078119632 0.1131061141 0.1178420081 
 0.1080858276 0.1133635962 0.1180819130 
 0.1083718462 0.1136316374 0.1183308987 
 0.1086686263 0.1139089342 0.1185877651 
 0.1089745561 0.1141939904 0.1188511443 
 0.1092878104 0.1144851224 0.1191195062 
 0.1096063580 0.1147804674 0.1193911655 
 0.1099279726 0.1150779938 0.1196642920 
 0.1102502470 0.1153755140 0.1199369219 
 0.1105706099 0.1156707001 0.1202069725 
 0.1108863450 0.1159611017 0.1204722573 
 0.1111946132 0.1162441649 0.1207305036 
 0.1114924763 0.1165172542 0.1209793712 
 0.1117769227 0.1167776748 0.1212164720 
 0.1120448942 0.1170226963 0.1214393909 
 0.1122933144 0.1172495774 0.1216457070 
 0.1125191172 0.1174555905 0.1218330152 
 0.1127192757 0.1176380474 0.1219989481 
 0.1128908320 0.1177943244 0.1221411982 
 0.1130309257 0.1179218875 0.1222575391 
 0.1131368232 0.1180183172 0.1223458477 
 0.1132059454 0.1180813330 0.1224041250 
 0.1132358963 0.1181088177 0.1224305175 
 0.1132244901 0.1180988413 0.1224233375 
 0.1131697779 0.1180496840 0.1223810842 
 0.1130700744 0.1179598599 0.1223024634 
 0.1129239841 0.1178281394 0.1221864082 
 0.1127304269 0.1176535728 0.1220320988 
 0.1124886636 0.1174355119 0.1218389826 
 0.1121983215 0.1171736337 0.1216067947 
 0.1118594185 0.1168679620 0.1213355770 
 0.1114723879 0.1165188898 0.1210256989 
 0.1110381017 0.1161272010 0.1206778763 
 0.1105578924 0.1156940912 0.1202931906 
 0.1100335740 0.1152211869 0.1198731067 
 0.1094674597 0.1147105639 0.1194194895 
 0.1088623777 0.1141647627 0.1189346188 
 0.1082216818 0.1135868008 0.1184212015 
 0.1075492592 0.1129801818 0.1178823808 
 0.1068495311 0.1123488994 0.1173217411 
 0.1061274487 0.1116974363 0.1167433094 
 0.1053884806 0.1110307570 0.1161515496 
 0.1046385943 0.1103542932 0.1155513522 
 0.1038842282 0.1096739224 0.1149480160 
 0.1031322565 0.1089959379 0.1143472231 
 0.1023899446 0.1083270106 0.1137550058 
 0.1016648974 0.1076741430 0.1131777047 
 0.1009649990 0.1070446135 0.1126219192 
 0.1002983455 0.1064459135 0.1120944490 
 0.0996731709 0.1058856763 0.1116022276 
 0.0990977666 0.1053715984 0.1111522475 
 0.0985803963 0.1049113541 0.1107514781 
 0.0981292048 0.1045125038 0.1104067770 
 0.0977521228 0.1041823961 0.1101247945 
 0.0974567669 0.1039280650 0.1099118729 
 0.0972503352 0.1037561223 0.1097739418 
 0.0971394986 0.1036726461 0.1097164093 
 0.0971302865 0.1036830659 0.1097440525 
 0.0972279696 0.1037920458 0.1098609069 
 0.0974369383 0.1040033673 0.1100701586 
 0.0977605781 0.1043198135 0.1103740407 
 0.0982011460 0.1047430582 0.1107737381 
 0.0987596495 0.1052735628 0.1112693032 
 0.0994357327 0.1059104868 0.1118595877 
 0.1002275767 0.1066516151 0.1125421939 
 0.1011318197 0.1074933096 0.1133134508 
 0.1021435044 0.1084304902 0.1141684179 
 0.1032560612 0.1094566490 0.1151009203 
 0.1044613318 0.1105639041 0.1161036182 
 0.1057496415 0.1117430939 0.1171681086 
 0.1071099200 0.1129839111 0.1182850598 
 0.1085298719 0.1142750759 0.1194443740 
 0.1099961922 0.1156045413 0.1206353723 
 0.1114948196 0.1169597223 0.1218469944 
 0.1130112152 0.1183277397 0.1230680055 
 0.1145306544 0.1196956673 0.1242871997 
 0.1160385164 0.1210507692 0.1254935930 
 0.1175205578 0.1223807194 0.1266765972 
 0.1189631564 0.1236737923 0.1278261690 
 0.1203535167 0.1249190196 0.1289329304 
 0.1216798302 0.1261063092 0.1299882592 
 0.1229313885 0.1272265264 0.1309843490 
 0.1240986500 0.1282715388 0.1319142422 
 0.1251732660 0.1292342305 0.1327718383 
 0.1261480712 0.1301084887 0.1335518832 
 0.1270170479 0.1308891726 0.1342499439 
 0.1277752717 0.1315720672 0.1348623727 
 0.1284188472 0.1321538321 0.1353862676 
 0.1289448407 0.1326319471 0.1358194307 
 0.1293512161 0.1330046618 0.1361603291 
 0.1296367789 0.1332709512 0.1364080607 
 0.1298011316 0.1334304807 0.1365623269 
 0.1298446432 0.1334835809 0.1366234121 
 0.1297684324 0.1334312338 0.1365921723 
 0.1295743654 0.1332750697 0.1364700316 
 0.1292650666 0.1330173743 0.1362589847 
 0.1288439394 0.1326611023 0.1359616065 
 0.1283151947 0.1322098985 0.1355810650 
 0.1276838814 0.1316681190 0.1351211354 
 0.1269559157 0.1310408524 0.1345862132 
 0.1261381011 0.1303339344 0.1339813228 
 0.1252381356 0.1295539517 0.1333121176 
 0.1242645974 0.1287082311 0.1325848687 
 0.1232269060 0.1278048087 0.1318064390 
 0.1221352515 0.1268523762 0.1309842386 
 0.1210004919 0.1258601999 0.1301261608 
 0.1198340150 0.1248380143 0.1292404968 
 0.1186475688 0.1237958882 0.1283358294 
 0.1174530633 0.1227440669 0.1274209069 
 0.1162623509 0.1216927955 0.1265045014 
 0.1150869952 0.1206521294 0.1255952551 
 0.1139380369 0.1196317393 0.1247015202 
 0.1128257685 0.1186407192 0.1238311990 
 0.1117595282 0.1176874060 0.1229915909 
 0.1107475209 0.1167792180 0.1221892524 
 0.1097966745 0.1159225195 0.1214298762 
 0.1089125356 0.1151225159 0.1207181930 
 0.1080992064 0.1143831823 0.1200579002 
 0.1073593231 0.1137072268 0.1194516199 
 0.1066940727 0.1130960882 0.1189008839 
 0.1061032457 0.1125499655 0.1184061475 
 0.1055853177 0.1120678751 0.1179668285 
 0.1051375561 0.1116477331 0.1175813686 
 0.1047561450 0.1112864563 0.1172473128 
 0.1044363237 0.1109800783 0.1169614045 
 0.1041725329 0.1107238750 0.1167196908 
 0.1039585643 0.1105124965 0.1165176347 
 0.1037877097 0.1103400998 0.1163502300 
 0.1036529067 0.1102004804 0.1162121170 
 0.1035468776 0.1100871989 0.1160976944 
 0.1034622599 0.1099937008 0.1160012264 
 0.1033917270 0.1099134283 0.1159169433 
 0.1033280977 0.1098399215 0.1158391328 
 0.1032644337 0.1097669095 0.1157622233 
 0.1031941259 0.1096883905 0.1156808567 
 0.1031109678 0.1095987009 0.1155899520 
 0.1030092180 0.1094925736 0.1154847591 
 0.1028836515 0.1093651861 0.1153609036 
 0.1027295996 0.1092121989 0.1152144226 
 0.1025429813 0.1090297849 0.1150417926 
 0.1023203245 0.1088146504 0.1148399502 
 0.1020587788 0.1085640488 0.1146063056 
 0.1017561211 0.1082757871 0.1143387499 
 0.1014107535 0.1079482257 0.1140356576 
 0.1010216940 0.1075802728 0.1136958826 
 0.1005885615 0.1071713731 0.1133187503 
 0.1001115537 0.1067214907 0.1129040446 
 0.0995914200 0.1062310875 0.1124519909 
 0.0990294274 0.1057010960 0.1119632346 
 0.0984273218 0.1051328878 0.1114388155 
 0.0977872838 0.1045282373 0.1108801381 
 0.0971118789 0.1038892808 0.1102889384 
 0.0964040047 0.1032184721 0.1096672470 
 0.0956668326 0.1025185335 0.1090173483 
 0.0949037481 0.1017924051 0.1083417383 
 0.0941182885 0.1010431909 0.1076430783 
 0.0933140798 0.1002741037 0.1069241485 
 0.0924947741 0.0994884102 0.1061878001 
 0.0916639886 0.0986893758 0.1054369071 
 0.0908252479 0.0978802119 0.1046743199 
 0.0899819295 0.0970640261 0.1039028195 
 0.0891372160 0.0962437752 0.1031250760 
 0.0882940522 0.0954222248 0.1023436094 
 0.0874551096 0.0946019128 0.1015607553 
 0.0866227585 0.0937851202 0.1007786357 
 0.0857990477 0.0929738482 0.0999991354 
 0.0849856919 0.0921698017 0.0992238836 
 0.0841840665 0.0913743807 0.0984542425 
 0.0833952099 0.0905886777 0.0976913009 
 0.0826198325 0.0898134809 0.0969358740 
 0.0818583310 0.0890492846 0.0961885091 
 0.0811108086 0.0882963037 0.0954494952 
 0.0803770990 0.0875544931 0.0947188781 
 0.0796567939 0.0868235707 0.0939964787 
 0.0789492731 0.0861030435 0.0932819151 
 0.0782537364 0.0853922361 0.0925746262 
 0.0775692363 0.0846903198 0.0918738981 
 0.0768947105 0.0839963436 0.0911788913 
 0.0762290147 0.0833092642 0.0904886679 
 0.0755709538 0.0826279762 0.0898022197 
 0.0749193113 0.0819513405 0.0891184949 
 0.0742728778 0.0812782122 0.0884364240 
 0.0736304755 0.0806074654 0.0877549448 
 0.0729909817 0.0799380169 0.0870730242 
 0.0723533488 0.0792688463 0.0863896799 
 0.0717166211 0.0785990147 0.0857039978 
 0.0710799489 0.0779276794 0.0850151484 
 0.0704426000 0.0772541069 0.0843224002 
 0.0698039674 0.0765776817 0.0836251301 
 0.0691635745 0.0758979140 0.0829228314 
 0.0685210775 0.0752144427 0.0822151199 
 0.0678762652 0.0745270376 0.0815017362 
 0.0672290560 0.0738355977 0.0807825464 
 0.0665794931 0.0731401478 0.0800575406 
 0.0659277375 0.0724408335 0.0793268289 
 0.0652740593 0.0717379130 0.0785906353 
 0.0646188273 0.0710317486 0.0778492908 
 0.0639624981 0.0703227964 0.0771032240 
 0.0633056037 0.0696115945 0.0763529510 
 0.0626487387 0.0688987511 0.0755990643 
 0.0619925474 0.0681849320 0.0748422213 
 0.0613377107 0.0674708471 0.0740831313 
 0.0606849334 0.0667572382 0.0733225439 
 0.0600349317 0.0660448660 0.0725612360 
 0.0593884218 0.0653344982 0.0718000001 
 0.0587461089 0.0646268982 0.0710396324 
 0.0581086775 0.0639228142 0.0702809224 
 0.0574767828 0.0632229705 0.0695246424 
 0.0568510432 0.0625280584 0.0687715389 
 0.0562320343 0.0618387296 0.0680223245 
 0.0556202833 0.0611555898 0.0672776712 
 0.0550162660 0.0604791948 0.0665382048 
 0.0544204042 0.0598100463 0.0658045010 
 0.0538330638 0.0591485906 0.0650770816 
 0.0532545554 0.0584952166 0.0643564133 
 0.0526851344 0.0578502569 0.0636429067 
 0.0521250028 0.0572139881 0.0629369165 
 0.0515743118 0.0565866330 0.0622387426 
 0.0510331645 0.0559683631 0.0615486324 
 0.0505016197 0.0553593020 0.0608667838 
 0.0499796959 0.0547595293 0.0601933477 
 0.0494673752 0.0541690847 0.0595284331 
 0.0489646083 0.0535879724 0.0588721103 
 0.0484713190 0.0530161656 0.0582244162 
 0.0479874083 0.0524536119 0.0575853584 
 0.0475127593 0.0519002371 0.0569549204 
 0.0470472415 0.0513559502 0.0563330658 
 0.0465907148 0.0508206479 0.0557197431 
 0.0461430334 0.0502942185 0.0551148900 
 0.0457040490 0.0497765457 0.0545184375 
 0.0452736148 0.0492675122 0.0539303133 
 0.0448515872 0.0487670029 0.0533504456 
 0.0444378290 0.0482749074 0.0527787657 
 0.0440322113 0.0477911223 0.0522152108 
 0.0436346148 0.0473155533 0.0516597259 
 0.0432449316 0.0468481164 0.0511122657 
 0.0428630653 0.0463887393 0.0505727957 
 0.0424889326 0.0459373616 0.0500412933 
 0.0421224624 0.0454939358 0.0495177478 
 0.0417635967 0.0450584267 0.0490021609 
 0.0414122896 0.0446308116 0.0484945467 
 0.0410685069 0.0442110794 0.0479949304 
 0.0407322256 0.0437992299 0.0475033482 
 0.0404034326 0.0433952730 0.0470198461 
 0.0400821237 0.0429992272 0.0465444787 
 0.0397683026 0.0426111188 0.0460773076 
 0.0394619795 0.0422309803 0.0456184005 
 0.0391631699 0.0418588488 0.0451678292 
 0.0388718930 0.0414947651 0.0447256683 
 0.0385881709 0.0411387719 0.0442919936 
 0.0383120270 0.0407909124 0.0438668804 
 0.0380434850 0.0404512292 0.0434504024 
 0.0377825675 0.0401197631 0.0430426300 
 0.0375292953 0.0397965515 0.0426436293 
 0.0372836862 0.0394816280 0.0422534606 
 0.0370457544 0.0391750209 0.0418721776 
 0.0368155094 0.0388767529 0.0414998265 
 0.0365929559 0.0385868400 0.0411364451 
 0.0363780930 0.0383052914 0.0407820624 
 0.0361709138 0.0380321086 0.0404366979 
 0.0359714054 0.0377672856 0.0401003617 
 0.0357795487 0.0375108085 0.0397730540 
 0.0355953179 0.0372626557 0.0394547650 
 0.0354186813 0.0370227976 0.0391454754 
 0.0352496009 0.0367911972 0.0388451564 
 0.0350880331 0.0365678102 0.0385537699 
 0.0349339283 0.0363525852 0.0382712693 
 0.0347872320 0.0361454646 0.0379975995 
 0.0346478847 0.0359463845 0.0377326980 
 0.0345158228 0.0357552758 0.0374764951 
 0.0343909787 0.0355720644 0.0372289151 
 0.0342732813 0.0353966719 0.0369898763 
 0.0341626569 0.0352290163 0.0367592924 
 0.0340590294 0.0350690126 0.0365370729 
 0.0339623211 0.0349165735 0.0363231240 
 0.0338724529 0.0347716097 0.0361173492 
 0.0337893449 0.0346340310 0.0359196501 
 0.0337129173 0.0345037465 0.0357299272 
 0.0336430903 0.0343806653 0.0355480802 
 0.0335797846 0.0342646970 0.0353740090 
 0.0335229223 0.0341557522 0.0352076144 
 0.0334724268 0.0340537428 0.0350487979 
 0.0334282230 0.0339585827 0.0348974630 
 0.0333902383 0.0338701878 0.0347535151 
 0.0333584021 0.0337884765 0.0346168624 
 0.0333326462 0.0337133700 0.0344874154 
 0.0333129053 0.0336447924 0.0343650879 
 0.0332991168 0.0335826706 0.0342497971 
 0.0332912207 0.0335269352 0.0341414632 
 0.0332891604 0.0334775196 0.0340400104 
 0.0332928817 0.0334343608 0.0339453662 
 0.0333023337 0.0333973990 0.0338574616 
 0.0333174680 0.0333665775 0.0337762315 
 0.0333382393 0.0333418430 0.0337016139 
 0.0333646048 0.0333231451 0.0336335505 
 0.0333965240 0.0333104363 0.0335719862 
 0.0334339591 0.0333036720 0.0335168687 
 0.0334768744 0.0333028100 0.0334681489 
 0.0335252361 0.0333078106 0.0334257804 
 0.0335790123 0.0333186363 0.0333897191 
 0.0336381728 0.0333352514 0.0333599233 
 0.0337026887 0.0333576220 0.0333363530 
 0.0337725323 0.0333857158 0.0333189703 
 0.0338476771 0.0334195016 0.0333077386 
 0.0339280970 0.0334589493 0.0333026225 
 0.0340137669 0.0335040297 0.0333035875 
 0.0341046619 0.0335547140 0.0333106003 
 0.0342007573 0.0336109738 0.0333236275 
 0.0343020284 0.0336727811 0.0333426363 
 0.0344084505 0.0337401077 0.0333675941 
 0.0345199983 0.0338129253 0.0333984680 
 0.0346366465 0.0338912050 0.0334352249 
 0.0347583687 0.0339749178 0.0334778311 
 0.0348851383 0.0340640337 0.0335262524 
 0.0350169274 0.0341585222 0.0335804539 
 0.0351537076 0.0342583518 0.0336403999 
 0.0352954494 0.0343634901 0.0337060534 
 0.0354421220 0.0344739036 0.0337773768 
 0.0355936938 0.0345895578 0.0338543312 
 0.0357501319 0.0347104169 0.0339368765 
 0.0359114022 0.0348364441 0.0340249715 
 0.0360774695 0.0349676012 0.0341185737 
 0.0362482972 0.0351038491 0.0342176394 
 0.0364238475 0.0352451470 0.0343221236 
 0.0366040814 0.0353914531 0.0344319802 
 0.0367889586 0.0355427245 0.0345471618 
 0.0369784376 0.0356989169 0.0346676197 
 0.0371724755 0.0358599847 0.0347933041 
 0.0373710284 0.0360258813 0.0349241642 
 0.0375740510 0.0361965588 0.0350601478 
 0.0377814970 0.0363719684 0.0352012018 
 0.0379933186 0.0365520597 0.0353472721 
 0.0382094671 0.0367367818 0.0354983034 
 0.0384298925 0.0369260822 0.0356542395 
 0.0386545437 0.0371199075 0.0358150234 
 0.0388833684 0.0373182034 0.0359805970 
 0.0391163130 0.0375209144 0.0361509015 
 0.0393533229 0.0377279840 0.0363258769 
 0.0395943424 0.0379393547 0.0365054626 
 0.0398393143 0.0381549679 0.0366895972 
 0.0400881805 0.0383747639 0.0368782184 
 0.0403408816 0.0385986822 0.0370712628 
 0.0405973567 0.0388266609 0.0372686667 
 0.0408575440 0.0390586373 0.0374703649 
 0.0411213801 0.0392945474 0.0376762919 
 0.0413888003 0.0395343260 0.0378863808 
 0.0416597386 0.0397779069 0.0381005642 
 0.0419341274 0.0400252225 0.0383187735 
 0.0422118978 0.0402762039 0.0385409390 
 0.0424929793 0.0405307811 0.0387669903 
 0.0427772998 0.0407888826 0.0389968555 
 0.0430647856 0.0410504354 0.0392304618 
 0.0433553612 0.0413153652 0.0394677350 
 0.0436489498 0.0415835960 0.0397086000 
 0.0439454723 0.0418550503 0.0399529799 
 0.0442448482 0.0421296491 0.0402007968 
 0.0445469950 0.0424073116 0.0404519711 
 0.0448518285 0.0426879554 0.0407064220 
 0.0451592623 0.0429714961 0.0409640669 
 0.0454692084 0.0432578478 0.0412248216 
 0.0457815766 0.0435469226 0.0414886004 
 0.0460962750 0.0438386308 0.0417553157 
 0.0464132096 0.0441328807 0.0420248784 
 0.0467322842 0.0444295788 0.0422971974 
 0.0470534011 0.0447286297 0.0425721798 
 0.0473764603 0.0450299360 0.0428497308 
 0.0477013600 0.0453333982 0.0431297539 
 0.0480279962 0.0456389151 0.0434121505 
 0.0483562635 0.0459463835 0.0436968202 
 0.0486860541 0.0462556981 0.0439836604 
 0.0490172587 0.0465667519 0.0442725670 
 0.0493497660 0.0468794358 0.0445634335 
 0.0496834631 0.0471936391 0.0448561517 
 0.0500182353 0.0475092491 0.0451506116 
 0.0503539662 0.0478261512 0.0454467010 
 0.0506905379 0.0481442292 0.0457443060 
 0.0510278310 0.0484633652 0.0460433107 
 0.0513657243 0.0487834395 0.0463435976 
 0.0517040956 0.0491043309 0.0466450472 
 0.0520428209 0.0494259164 0.0469475382 
 0.0523817753 0.0497480718 0.0472509477 
 0.0527208322 0.0500706711 0.0475551511 
 0.0530598640 0.0503935870 0.0478600221 
 0.0533987421 0.0507166909 0.0481654327 
 0.0537373365 0.0510398527 0.0484712534 
 0.0540755163 0.0513629411 0.0487773533 
 0.0544131494 0.0516858234 0.0490835996 
 0.0547501030 0.0520083657 0.0493898585 
 0.0550862432 0.0523304332 0.0496959944 
 0.0554214350 0.0526518895 0.0500018706 
 0.0557555427 0.0529725973 0.0503073487 
 0.0560884297 0.0532924183 0.0506122892 
 0.0564199584 0.0536112128 0.0509165512 
 0.0567499907 0.0539288403 0.0512199925 
 0.0570783871 0.0542451593 0.0515224696 
 0.0574050078 0.0545600269 0.0518238379 
 0.0577297119 0.0548732995 0.0521239513 
 0.0580523577 0.0551848325 0.0524226627 
 0.0583728029 0.0554944801 0.0527198237 
 0.0586909040 0.0558020958 0.0530152849 
 0.0590065170 0.0561075318 0.0533088956 
 0.0593194971 0.0564106396 0.0536005040 
 0.0596296986 0.0567112697 0.0538899572 
 0.0599369751 0.0570092717 0.0541771014 
 0.0602411795 0.0573044944 0.0544617817 
 0.0605421639 0.0575967856 0.0547438421 
 0.0608397797 0.0578859926 0.0550231260 
 0.0611338779 0.0581719615 0.0552994756 
 0.0614243086 0.0584545383 0.0555727325 
 0.0617109216 0.0587335680 0.0558427377 
 0.0619935662 0.0590088951 0.0561093314 
 0.0622720913 0.0592803638 0.0563723534 
 0.0625463454 0.0595478179 0.0566316431 
 0.0628161771 0.0598111011 0.0568870395 
 0.0630814349 0.0600700567 0.0571383818 
 0.0633419671 0.0603245284 0.0573855088 
 0.0635976224 0.0605743599 0.0576282597 
 0.0638482501 0.0608193953 0.0578664740 
 0.0640936996 0.0610594792 0.0580999917 
 0.0643338213 0.0612944570 0.0583286537 
 0.0645684664 0.0615241750 0.0585523015 
 0.0647974873 0.0617484805 0.0587707781 
 0.0650207375 0.0619672222 0.0589839276 
 0.0652380722 0.0621802506 0.0591915960 
 0.0654493484 0.0623874177 0.0593936308 
 0.0656544247 0.0625885776 0.0595898818 
 0.0658531623 0.0627835867 0.0597802014 
 0.0660454248 0.0629723042 0.0599644442 
 0.0662310782 0.0631545916 0.0601424680 
 0.0664099918 0.0633303138 0.0603141336 
 0.0665820378 0.0634993390 0.0604793053 
 0.0667470919 0.0636615388 0.0606378510 
 0.0669050335 0.0638167886 0.0607896428 
 0.0670557458 0.0639649681 0.0609345567 
 0.0671991163 0.0641059609 0.0610724733 
 0.0673350365 0.0642396555 0.0612032779 
 0.0674634028 0.0643659448 0.0613268608 
 0.0675841161 0.0644847269 0.0614431172 
 0.0676970824 0.0645959050 0.0615519479 
 0.0678022126 0.0646993875 0.0616532592 
 0.0678994230 0.0647950885 0.0617469630 
 0.0679886353 0.0648829274 0.0618329773 
 0.0680697766 0.0649628298 0.0619112259 
 0.0681427798 0.0650347268 0.0619816388 
 0.0682075833 0.0650985558 0.0620441522 
 0.0682641316 0.0651542600 0.0620987088 
 0.0683123746 0.0652017888 0.0621452574 
 0.0683522684 0.0652410978 0.0621837534 
 0.0683837747 0.0652721485 0.0622141583 
 0.0684068611 0.0652949086 0.0622364402 
 0.0684215010 0.0653093519 0.0622505735 
 0.0684276735 0.0653154580 0.0622565386 
 0.0684253631 0.0653132126 0.0622543223 
 0.0684145601 0.0653026070 0.0622439173 
 0.0683952599 0.0652836381 0.0622253220 
 0.0683674634 0.0652563084 0.0621985407 
 0.0683311761 0.0652206255 0.0621635832 
 0.0682864088 0.0651766021 0.0621204645 
 0.0682331767 0.0651242559 0.0620692045 
 0.0681714993 0.0650636091 0.0620098282 
 0.0681014007 0.0649946883 0.0619423650 
 0.0680229085 0.0649175242 0.0618668485 
 0.0679360543 0.0648321514 0.0617833166 
 0.0678408732 0.0647386082 0.0616918106 
 0.0677374033 0.0646369362 0.0615923754 
 0.0676256859 0.0645271800 0.0614850593 
 0.0675057650 0.0644093873 0.0613699131 
 0.0673776871 0.0642836080 0.0612469906 
 0.0672415011 0.0641498949 0.0611163481 
 0.0670972580 0.0640083027 0.0609780437 
 0.0669450107 0.0638588881 0.0608321380 
 0.0667848141 0.0637017097 0.0606786934 
 0.0666167248 0.0635368281 0.0605177737 
 0.0664408008 0.0633643051 0.0603494449 
 0.0662571019 0.0631842046 0.0601737743 
 0.0660656896 0.0629965918 0.0599908309 
 0.0658666267 0.0628015337 0.0598006854 
 0.0656599780 0.0625990990 0.0596034102 
 0.0654458100 0.0623893581 0.0593990799 
 0.0652241911 0.0621723838 0.0591877708 
 0.0649951919 0.0619482510 0.0589695618 
 0.0647588857 0.0617170371 0.0587445346 
 0.0645153481 0.0614788225 0.0585127736 
 0.0642646583 0.0612336907 0.0582743671 
 0.0640068986 0.0609817291 0.0580294068 
 0.0637421554 0.0607230291 0.0577779891 
 0.0634705193 0.0604576868 0.0575202153 
 0.0631920858 0.0601858034 0.0572561921 
 0.0629069560 0.0599074859 0.0569860324 
 0.0626152365 0.0596228475 0.0567098557 
 0.0623170408 0.0593320083 0.0564277889 
 0.0620124891 0.0590350961 0.0561399671 
 0.0617017093 0.0587322466 0.0558465336 
 0.0613848375 0.0584236041 0.0555476414 
 0.0610620186 0.0581093224 0.0552434531 
 0.0607334064 0.0577895651 0.0549341418 
 0.0603991647 0.0574645059 0.0546198916 
 0.0600594674 0.0571343295 0.0543008982 
 0.0597144991 0.0567992318 0.0539773690 
 0.0593644550 0.0564594203 0.0536495238 
 0.0590095417 0.0561151142 0.0533175947 
 0.0586499774 0.0557665448 0.0529818266 
 0.0582859914 0.0554139556 0.0526424772 
 0.0579178249 0.0550576020 0.0522998168 
 0.0575457304 0.0546977517 0.0519541283 
 0.0571699716 0.0543346838 0.0516057068 
 0.0567908232 0.0539686890 0.0512548592 
 0.0564085705 0.0536000687 0.0509019034 
 0.0560235085 0.0532291345 0.0505471678 
 0.0556359415 0.0528562073 0.0501909905 
 0.0552461821 0.0524816165 0.0498337177 
 0.0548545503 0.0521056986 0.0494757029 
 0.0544613722 0.0517287962 0.0491173053 
 0.0540669787 0.0513512564 0.0487588882 
 0.0536717042 0.0509734292 0.0484008175 
 0.0532758850 0.0505956658 0.0480434593 
 0.0528798574 0.0502183167 0.0476871784 
 0.0524839561 0.0498417298 0.0473323355 
 0.0520885122 0.0494662482 0.0469792857 
 0.0516938513 0.0490922081 0.0466283753 
 0.0513002911 0.0487199363 0.0462799400 
 0.0509081397 0.0483497483 0.0459343020 
 0.0505176932 0.0479819458 0.0455917677 
 0.0501292338 0.0476168141 0.0452526252 
 0.0497430275 0.0472546208 0.0449171420 
 0.0493593225 0.0468956126 0.0445855626 
 0.0489783473 0.0465400142 0.0442581064 
 0.0486003086 0.0461880261 0.0439349662 
 0.0482253905 0.0458398233 0.0436163061 
 0.0478537531 0.0454955541 0.0433022605 
 0.0474855316 0.0451553390 0.0429929332 
 0.0471208355 0.0448192702 0.0426883967 
 0.0467597488 0.0444874117 0.0423886925 
 0.0464023302 0.0441597996 0.0420938311 
 0.0460486135 0.0438364427 0.0418037933 
 0.0456986088 0.0435173239 0.0415185319 
 0.0453523041 0.0432024022 0.0412379733 
 0.0450096672 0.0428916146 0.0409620205 
 0.0446706481 0.0425848793 0.0406905563 
 0.0443351820 0.0422820989 0.0404234470 
 0.0440031925 0.0419831639 0.0401605465 
 0.0436745953 0.0416879572 0.0399017016 
 0.0433493017 0.0413963583 0.0396467561 
 0.0430272237 0.0411082483 0.0393955573 
 0.0427082775 0.0408235146 0.0391479610 
 0.0423923885 0.0405420565 0.0389038374 
 0.0420794961 0.0402637901 0.0386630771 
 0.0417695575 0.0399886532 0.0384255970 
 0.0414625533 0.0397166112 0.0381913459 
 0.0411584907 0.0394476611 0.0379603099 
 0.0408574087 0.0391818365 0.0377325177 
 0.0405593808 0.0389192118 0.0375080450 
 0.0402645193 0.0386599059 0.0372870193 
 0.0399729778 0.0384040856 0.0370696229 
 0.0396849540 0.0381519682 0.0368560963 
 0.0394006918 0.0379038242 0.0366467409 
 0.0391204827 0.0376599785 0.0364419201 
 0.0388446667 0.0374208113 0.0362420608 
 0.0385736334 0.0371867594 0.0360476538 
 0.0383078214 0.0369583149 0.0358592532 
 0.0380477177 0.0367360252 0.0356774756 
 0.0377938572 0.0365204916 0.0355029983 
 0.0375468206 0.0363123669 0.0353365575 
 0.0373072325 0.0361123536 0.0351789447 
 0.0370757587 0.0359212005 0.0350310038 
 0.0368531033 0.0357396990 0.0348936267 
 0.0366400050 0.0355686795 0.0347677491 
 0.0364372332 0.0354090065 0.0346543445 
 0.0362455831 0.0352615735 0.0345544192 
 0.0360658707 0.0351272971 0.0344690051 
 0.0358989273 0.0350071108 0.0343991529 
 0.0357455930 0.0349019576 0.0343459243 
 0.0356067095 0.0348127827 0.0343103826 
 0.0354831130 0.0347405246 0.0342935838 
 0.0353756252 0.0346861059 0.0342965660 
 0.0352850448 0.0346504230 0.0343203375 
 0.0352121372 0.0346343352 0.0343658647 
 0.0351576240 0.0346386527 0.0344340586 
 0.0351221716 0.0346641235 0.0345257600 
 0.0351063796 0.0347114205 0.0346417244 
 0.0351107673 0.0347811264 0.0347826054 
 0.0351357615 0.0348737191 0.0349489377 
 0.0351816825 0.0349895568 0.0351411195 
 0.0352487310 0.0351288619 0.0353593950 
 0.0353369748 0.0352917063 0.0356038367 
 0.0354463360 0.0354779963 0.0358743285 
 0.0355765794 0.0356874595 0.0361705496 
 0.0357273019 0.0359196320 0.0364919611 
 0.0358979238 0.0361738488 0.0368377936 
 0.0360876829 0.0364492361 0.0372070390 
 0.0362956304 0.0367447071 0.0375984455 
 0.0365206310 0.0370589613 0.0380105169 
 0.0367613661 0.0373904884 0.0384415174 
 0.0370163413 0.0377375772 0.0388894818 
 0.0372838984 0.0380983285 0.0393522310 
 0.0375622318 0.0384706745 0.0398273945 
 0.0378494091 0.0388524031 0.0403124386 
 0.0381433973 0.0392411866 0.0408047003 
 0.0384420913 0.0396346165 0.0413014271 
 0.0387433482 0.0400302412 0.0417998210 
 0.0390450226 0.0404256081 0.0422970864 
 0.0393450057 0.0408183071 0.0427904808 
 0.0396412643 0.0412060167 0.0432773661 
 0.0399318814 0.0415865488 0.0437552608 
 0.0402150947 0.0419578937 0.0442218893 
 0.0404893337 0.0423182615 0.0446752294 
 0.0407532539 0.0426661208 0.0451135546 
 0.0410057670 0.0430002324 0.0455354713 
 0.0412460659 0.0433196771 0.0459399490 
 0.0414736443 0.0436238777 0.0463263438 
 0.0416883111 0.0439126138 0.0466944136 
 0.0418901975 0.0441860295 0.0470443255 
 0.0420797584 0.0444446340 0.0473766551 
 0.0422577674 0.0446892958 0.0476923782 
 0.0424253064 0.0449212292 0.0479928552 
 0.0425837494 0.0451419760 0.0482798087 
 0.0427347418 0.0453533814 0.0485552963 
 0.0428801760 0.0455575657 0.0488216774 
 0.0430221635 0.0457568926 0.0490815773 
 0.0431630053 0.0459539349 0.0493378480 
 