0.1033437629 0.1013269592 0.0994194957 
 0.1009928777 0.0989896745 0.0971131517 
 0.0985864421 0.0965982446 0.0947546919 
 0.0961344266 0.0941630119 0.0923547157 
 0.0936480687 0.0916956001 0.0899250961 
 0.0911396839 0.0892087051 0.0874787521 
 0.0886224212 0.0867158281 0.0850293629 
 0.0861099694 0.0842309595 0.0825910356 
 0.0836162293 0.0817682302 0.0801779429 
 0.0811549665 0.0793415490 0.0778039504 
 0.0787394661 0.0769642450 0.0754822556 
 0.0763822062 0.0746487360 0.0732250576 
 0.0740945695 0.0724062417 0.0710432776 
 0.0718866054 0.0702465531 0.0689463397 
 0.0697668555 0.0681778701 0.0669420237 
 0.0677422435 0.0662067082 0.0650363892 
 0.0658180323 0.0643378740 0.0632337678 
 0.0639978423 0.0625745020 0.0615368180 
 0.0622837219 0.0609181446 0.0599466286 
 0.0606762620 0.0593689018 0.0584628619 
 0.0591747405 0.0579255806 0.0570839220 
 0.0577772880 0.0565858706 0.0558071366 
 0.0564810618 0.0553465266 0.0546289432 
 0.0552824224 0.0542035488 0.0535450705 
 0.0541771020 0.0531523542 0.0525507085 
 0.0531603629 0.0521879349 0.0516406645 
 0.0522271404 0.0513049991 0.0508095003 
 0.0513721691 0.0504980945 0.0500516519 
 0.0505900916 0.0497617140 0.0493615300 
 0.0498755505 0.0490903827 0.0487336034 
 0.0492232635 0.0484787299 0.0481624657 
 0.0486280840 0.0479215450 0.0476428883 
 0.0480850485 0.0474138213 0.0471698604 
 0.0475894125 0.0469507887 0.0467386189 
 0.0471366765 0.0465279365 0.0463446687 
 0.0467226037 0.0461410291 0.0459837963 
 0.0463432311 0.0457861144 0.0456520777 
 0.0459948751 0.0454595283 0.0453458807 
 0.0456741327 0.0451578942 0.0450618650 
 0.0453778788 0.0448781201 0.0447969778 
 0.0451032616 0.0446173926 0.0445484489 
 0.0448476953 0.0443731700 0.0443137829 
 0.0446088512 0.0441431725 0.0440907505 
 0.0443846478 0.0439253731 0.0438773793 
 0.0441732403 0.0437179862 0.0436719430 
 0.0439730084 0.0435194562 0.0434729503 
 0.0437825443 0.0433284455 0.0432791333 
 0.0436006406 0.0431438218 0.0430894353 
 0.0434262767 0.0429646457 0.0429029982 
 0.0432586060 0.0427901569 0.0427191493 
 0.0430969428 0.0426197610 0.0425373877 
 0.0429407482 0.0424530161 0.0423573707 
 0.0427896173 0.0422896184 0.0421788996 
 0.0426432652 0.0421293887 0.0420019051 
 0.0425015140 0.0419722583 0.0418264334 
 0.0423642792 0.0418182553 0.0416526313 
 0.0422315572 0.0416674911 0.0414807319 
 0.0421034124 0.0415201467 0.0413110406 
 0.0419799651 0.0413764600 0.0411439211 
 0.0418613801 0.0412367134 0.0409797821 
 0.0417478551 0.0411012217 0.0408190648 
 0.0416396112 0.0409703215 0.0406622302 
 0.0415368823 0.0408443600 0.0405097484 
 0.0414399074 0.0407236863 0.0403620881 
 0.0413489218 0.0406086421 0.0402197069 
 0.0412641502 0.0404995543 0.0400830429 
 0.0411858010 0.0403967286 0.0399525076 
 0.0411140604 0.0403004427 0.0398284792 
 0.0410490883 0.0402109428 0.0397112976 
 0.0409910146 0.0401284386 0.0396012598 
 0.0409399369 0.0400531010 0.0394986170 
 0.0408959180 0.0399850598 0.0394035721 
 0.0408589850 0.0399244024 0.0393162780 
 0.0408291286 0.0398711732 0.0392368377 
 0.0408063036 0.0398253739 0.0391653038 
 0.0407904290 0.0397869639 0.0391016795 
 0.0407813896 0.0397558620 0.0390459203 
 0.0407790372 0.0397319479 0.0389979356 
 0.0407831929 0.0397150645 0.0389575913 
 0.0407936491 0.0397050201 0.0389247127 
 0.0408101720 0.0397015915 0.0388990871 
 0.0408325044 0.0397045271 0.0388804677 
 0.0408603686 0.0397135497 0.0388685770 
 0.0408934693 0.0397283600 0.0388631100 
 0.0409314965 0.0397486400 0.0388637388 
 0.0409741291 0.0397740565 0.0388701156 
 0.0410210374 0.0398042644 0.0388818770 
 0.0410718865 0.0398389101 0.0388986479 
 0.0411263395 0.0398776353 0.0389200448 
 0.0411840599 0.0399200798 0.0389456801 
 0.0412447153 0.0399658850 0.0389751653 
 0.0413079795 0.0400146972 0.0390081147 
 0.0413735357 0.0400661702 0.0390441490 
 0.0414410784 0.0401199686 0.0390828979 
 0.0415103166 0.0401757702 0.0391240039 
 0.0415809754 0.0402332686 0.0391671248 
 0.0416527981 0.0402921757 0.0392119362 
 0.0417255484 0.0403522237 0.0392581346 
 0.0417990116 0.0404131667 0.0393054388 
 0.0418729960 0.0404747830 0.0393535923 
 0.0419473345 0.0405368759 0.0394023651 
 0.0420218847 0.0405992750 0.0394515545 
 0.0420965304 0.0406618371 0.0395009867 
 0.0421711810 0.0407244465 0.0395505171 
 0.0422457725 0.0407870154 0.0396000311 
 0.0423202663 0.0408494839 0.0396494437 
 0.0423946496 0.0409118191 0.0396986994 
 0.0424689338 0.0409740148 0.0397477717 
 0.0425431540 0.0410360906 0.0397966618 
 0.0426173673 0.0410980898 0.0398453977 
 0.0426916513 0.0411600788 0.0398940320 
 0.0427661022 0.0412221442 0.0399426405 
 0.0428408327 0.0412843914 0.0399913196 
 0.0429159700 0.0413469422 0.0400401844 
 0.0429916530 0.0414099317 0.0400893654 
 0.0430680299 0.0414735062 0.0401390060 
 0.0431452555 0.0415378201 0.0401892597 
 0.0432234884 0.0416030331 0.0402402866 
 0.0433028885 0.0416693074 0.0402922508 
 0.0433836138 0.0417368041 0.0403453168 
 0.0434658178 0.0418056813 0.0403996466 
 0.0435496469 0.0418760904 0.0404553968 
 0.0436352377 0.0419481736 0.0405127152 
 0.0437227146 0.0420220615 0.0405717387 
 0.0438121877 0.0420978706 0.0406325903 
 0.0439037503 0.0421757007 0.0406953766 
 0.0439974776 0.0422556336 0.0407601861 
 0.0440934244 0.0423377309 0.0408270871 
 0.0441916246 0.0424220326 0.0408961263 
 0.0442920895 0.0425085563 0.0409673276 
 0.0443948075 0.0425972962 0.0410406913 
 0.0444997432 0.0426882225 0.0411161933 
 0.0446068380 0.0427812817 0.0411937855 
 0.0447160096 0.0428763965 0.0412733956 
 0.0448271531 0.0429734662 0.0413549279 
 0.0449401416 0.0430723683 0.0414382643 
 0.0450548275 0.0431729591 0.0415232652 
 0.0451710439 0.0432750752 0.0416097717 
 0.0452886065 0.0433785360 0.0416976071 
 0.0454073155 0.0434831452 0.0417865793 
 0.0455269579 0.0435886933 0.0418764831 
 0.0456473101 0.0436949602 0.0419671031 
 0.0457681403 0.0438017180 0.0420582162 
 0.0458892117 0.0439087340 0.0421495950 
 0.0460102849 0.0440157734 0.0422410108 
 0.0461311215 0.0441226028 0.0423322366 
 0.0462514868 0.0442289928 0.0424230506 
 0.0463711528 0.0443347218 0.0425132391 
 0.0464899015 0.0444395786 0.0426026001 
 0.0466075277 0.0445433655 0.0426909458 
 0.0467238418 0.0446459014 0.0427781061 
 0.0468386728 0.0447470244 0.0428639308 
 0.0469518705 0.0448465943 0.0429482925 
 0.0470633082 0.0449444951 0.0430310891 
 0.0471728846 0.0450406369 0.0431122452 
 0.0472805258 0.0451349582 0.0431917145 
 0.0473861870 0.0452274268 0.0432694812 
 0.0474898537 0.0453180417 0.0433455609 
 0.0475915427 0.0454068338 0.0434200015 
 0.0476913031 0.0454938663 0.0434928838 
 0.0477892166 0.0455792353 0.0435643217 
 0.0478853972 0.0456630697 0.0436344619 
 0.0479799917 0.0457455308 0.0437034831 
 0.0480731783 0.0458268115 0.0437715956 
 0.0481651666 0.0459071354 0.0438390398 
 0.0482561956 0.0459867554 0.0439060846 
 0.0483465324 0.0460659517 0.0439730256 
 0.0484364707 0.0461450303 0.0440401828 
 0.0485263279 0.0462243201 0.0441078979 
 0.0486164434 0.0463041708 0.0441765321 
 0.0487071753 0.0463849495 0.0442464621 
 0.0487988977 0.0464670377 0.0443180773 
 0.0488919969 0.0465508279 0.0443917760 
 0.0489868685 0.0466367197 0.0444679613 
 0.0490839132 0.0467251160 0.0445470371 
 0.0491835329 0.0468164188 0.0446294040 
 0.0492861263 0.0469110247 0.0447154543 
 0.0493920853 0.0470093207 0.0448055677 
 0.0495017896 0.0471116795 0.0449001066 
 0.0496156029 0.0472184549 0.0449994112 
 0.0497338683 0.0473299772 0.0451037948 
 0.0498569035 0.0474465487 0.0452135391 
 0.0499849967 0.0475684388 0.0453288899 
 0.0501184024 0.0476958804 0.0454500525 
 0.0502573372 0.0478290655 0.0455771877 
 0.0504019764 0.0479681418 0.0457104087 
 0.0505524504 0.0481132090 0.0458497775 
 0.0507088419 0.0482643167 0.0459953022 
 0.0508711840 0.0484214618 0.0461469359 
 0.0510394578 0.0485845871 0.0463045747 
 0.0512135918 0.0487535808 0.0464680576 
 0.0513934612 0.0489282763 0.0466371673 
 0.0515788885 0.0491084528 0.0468116311 
 0.0517696447 0.0492938374 0.0469911234 
 0.0519654510 0.0494841074 0.0471752689 
 0.0521659815 0.0496788935 0.0473636467 
 0.0523708668 0.0498777841 0.0475557951 
 0.0525796981 0.0500803299 0.0477512173 
 0.0527920315 0.0502860494 0.0479493876 
 0.0530073938 0.0504944351 0.0481497583 
 0.0532252879 0.0507049593 0.0483517669 
 0.0534451987 0.0509170813 0.0485548431 
 0.0536665993 0.0511302536 0.0487584169 
 0.0538889571 0.0513439290 0.0489619250 
 0.0541117401 0.0515575667 0.0491648185 
 0.0543344225 0.0517706388 0.0493665688 
 0.0545564903 0.0519826356 0.0495666739 
 0.0547774463 0.0521930709 0.0497646632 
 0.0549968149 0.0524014866 0.0499601017 
 0.0552141457 0.0526074560 0.0501525938 
 0.0554290172 0.0528105871 0.0503417855 
 0.0556410391 0.0530105247 0.0505273659 
 0.0558498546 0.0532069517 0.0507090680 
 0.0560551419 0.0533995899 0.0508866687 
 0.0562566147 0.0535882003 0.0510599878 
 0.0564540228 0.0537725822 0.0512288866 
 0.0566471520 0.0539525729 0.0513932661 
 0.0568358236 0.0541280459 0.0515530648 
 0.0570198937 0.0542989097 0.0517082560 
 0.0571992524 0.0544651062 0.0518588458 
 0.0573738227 0.0546266088 0.0520048701 
 0.0575435593 0.0547834211 0.0521463927 
 0.0577084479 0.0549355752 0.0522835027 
 0.0578685040 0.0550831303 0.0524163132 
 0.0580237722 0.0552261717 0.0525449596 
 0.0581743253 0.0553648096 0.0526695980 
 0.0583202634 0.0554991784 0.0527904049 
 0.0584617136 0.0556294363 0.0529075760 
 0.0585988296 0.0557557644 0.0530213261 
 0.0587317903 0.0558783664 0.0531318886 
 0.0588608003 0.0559974683 0.0532395152 
 0.0589860882 0.0561133177 0.0533444760 
 0.0591079064 0.0562261834 0.0534470583 
 0.0592265298 0.0563363539 0.0535475669 
 0.0593422543 0.0564441371 0.0536463225 
 0.0594553953 0.0565498582 0.0537436605 
 0.0595662856 0.0566538577 0.0538399294 
 0.0596752731 0.0567564895 0.0539354884 
 0.0597827175 0.0568581177 0.0540307044 
 0.0598889875 0.0569591132 0.0541259489 
 0.0599944571 0.0570598500 0.0542215937 
 0.0600995010 0.0571607009 0.0543180065 
 0.0602044909 0.0572620330 0.0544155461 
 0.0603097903 0.0573642021 0.0545145568 
 0.0604157499 0.0574675483 0.0546153629 
 0.0605227026 0.0575723900 0.0547182629 
 0.0606309588 0.0576790190 0.0548235238 
 0.0607408017 0.0577876953 0.0549313755 
 0.0608524828 0.0578986427 0.0550420057 
 0.0609662187 0.0580120440 0.0551555555 
 0.0610821872 0.0581280384 0.0552721156 
 0.0612005257 0.0582467188 0.0553917241 
 0.0613213295 0.0583681304 0.0555143647 
 0.0614446518 0.0584922707 0.0556399673 
 0.0615705047 0.0586190908 0.0557684094 
 0.0616988611 0.0587484983 0.0558995197 
 0.0618296587 0.0588803613 0.0560330828 
 0.0619628040 0.0590145142 0.0561688464 
 0.0620981790 0.0591507644 0.0563065291 
 0.0622356475 0.0592889008 0.0564458304 
 0.0623750629 0.0594287029 0.0565864414 
 0.0625162766 0.0595699503 0.0567280562 
 0.0626591466 0.0597124331 0.0568703841 
 0.0628035461 0.0598559623 0.0570131618 
 0.0629493719 0.0600003792 0.0571561647 
 0.0630965521 0.0601455652 0.0572992180 
 0.0632450531 0.0602914491 0.0574422060 
 0.0633948848 0.0604380146 0.0575850800 
 0.0635461054 0.0605853043 0.0577278642 
 0.0636988232 0.0607334236 0.0578706591 
 0.0638531983 0.0608825410 0.0580136424 
 0.0640094409 0.0610328871 0.0581570683 
 0.0641678087 0.0611847515 0.0583012627 
 0.0643286027 0.0613384775 0.0584466176 
 0.0644921611 0.0614944547 0.0585935826 
 0.0646588518 0.0616531108 0.0587426547 
 0.0648290645 0.0618149018 0.0588943670 
 0.0650032013 0.0619803010 0.0590492759 
 0.0651816675 0.0621497882 0.0592079480 
 0.0653648617 0.0623238380 0.0593709470 
 0.0655531667 0.0625029095 0.0595388208 
 0.0657469404 0.0626874351 0.0597120893 
 0.0659465079 0.0628778114 0.0598912329 
 0.0661521539 0.0630743904 0.0600766832 
 0.0663641171 0.0632774729 0.0602688141 
 0.0665825848 0.0634873023 0.0604679357 
 0.0668076899 0.0637040607 0.0606742888 
 0.0670395081 0.0639278661 0.0608880423 
 0.0672780575 0.0641587712 0.0611092913 
 0.0675232982 0.0643967636 0.0613380576 
 0.0677751342 0.0646417674 0.0615742910 
 0.0680334153 0.0648936456 0.0618178726 
 0.0682979407 0.0651522038 0.0620686183 
 0.0685684627 0.0654171949 0.0623262841 
 0.0688446917 0.0656883236 0.0625905717 
 0.0691263003 0.0659652524 0.0628611348 
 0.0694129295 0.0662476073 0.0631375852 
 0.0697041935 0.0665349839 0.0634195002 
 0.0699996858 0.0668269538 0.0637064288 
 0.0702989842 0.0671230701 0.0639978989 
 0.0706016565 0.0674228740 0.0642934234 
 0.0709072656 0.0677259001 0.0645925071 
 0.0712153746 0.0680316823 0.0648946524 
 0.0715255512 0.0683397584 0.0651993648 
 0.0718373728 0.0686496755 0.0655061586 
 0.0721504298 0.0689609942 0.0658145617 
 0.0724643299 0.0692732929 0.0661241199 
 0.0727787012 0.0695861712 0.0664344011 
 0.0730931954 0.0698992535 0.0667449990 
 0.0734074907 0.0702121920 0.0670555363 
 0.0737212938 0.0705246690 0.0673656677 
 0.0740343418 0.0708363995 0.0676750820 
 0.0743464045 0.0711471326 0.0679835046 
 0.0746572849 0.0714566533 0.0682906989 
 0.0749668207 0.0717647835 0.0685964674 
 0.0752748846 0.0720713824 0.0689006529 
 0.0755813845 0.0723763471 0.0692031384 
 0.0758862635 0.0726796125 0.0695038478 
 0.0761894993 0.0729811506 0.0698027448 
 0.0764911034 0.0732809699 0.0700998325 
 0.0767911199 0.0735791141 0.0703951522 
 0.0770896238 0.0738756606 0.0706887813 
 0.0773867197 0.0741707181 0.0709808318 
 0.0776825387 0.0744644251 0.0712714478 
 0.0779772372 0.0747569466 0.0715608026 
 0.0782709930 0.0750484719 0.0718490957 
 0.0785640035 0.0753392109 0.0721365497 
 0.0788564820 0.0756293913 0.0724234064 
 0.0791486547 0.0759192549 0.0727099236 
 0.0794407576 0.0762090543 0.0729963710 
 0.0797330332 0.0764990493 0.0732830262 
 0.0800257269 0.0767895029 0.0735701712 
 0.0803190841 0.0770806786 0.0738580881 
 0.0806133471 0.0773728364 0.0741470561 
 0.0809087521 0.0776662296 0.0744373472 
 0.0812055261 0.0779611022 0.0747292235 
 0.0815038849 0.0782576858 0.0750229337 
 0.0818040305 0.0785561970 0.0753187109 
 0.0821061489 0.0788568354 0.0756167695 
 0.0824104089 0.0791597819 0.0759173039 
 0.0827169603 0.0794651969 0.0762204864 
 0.0830259328 0.0797732190 0.0765264660 
 0.0833374356 0.0800839648 0.0768353676 
 0.0836515565 0.0803975277 0.0771472916 
 0.0839683623 0.0807139784 0.0774623134 
 0.0842878985 0.0810333648 0.0777804841 
 0.0846101899 0.0813557123 0.0781018307 
 0.0849352412 0.0816810251 0.0784263571 
 0.0852630383 0.0820092866 0.0787540451 
 0.0855935489 0.0823404613 0.0790848559 
 0.0859267240 0.0826744954 0.0794187315 
 0.0862624993 0.0830113191 0.0797555967 
 0.0866007969 0.0833508480 0.0800953603 
 0.0869415265 0.0836929846 0.0804379179 
 0.0872845876 0.0840376205 0.0807831529 
 0.0876298707 0.0843846381 0.0811309394 
 0.0879772593 0.0847339123 0.0814811435 
 0.0883266313 0.0850853126 0.0818336258 
 0.0886778612 0.0854387047 0.0821882428 
 0.0890308207 0.0857939519 0.0825448492 
 0.0893853813 0.0861509174 0.0829032992 
 0.0897414148 0.0865094650 0.0832634483 
 0.0900987949 0.0868694610 0.0836251549 
 0.0904573987 0.0872307754 0.0839882815 
 0.0908171070 0.0875932827 0.0843526956 
 0.0911778062 0.0879568632 0.0847182714 
 0.0915393880 0.0883214038 0.0850848900 
 0.0919017512 0.0886867985 0.0854524405 
 0.0922648011 0.0890529489 0.0858208206 
 0.0926284508 0.0894197652 0.0861899369 
 0.0929926211 0.0897871656 0.0865597048 
 0.0933572406 0.0901550771 0.0869300495 
 0.0937222459 0.0905234352 0.0873009052 
 0.0940875815 0.0908921840 0.0876722153 
 0.0944531995 0.0912612760 0.0880439323 
 0.0948190597 0.0916306714 0.0884160172 
 0.0951851287 0.0920003385 0.0887884391 
 0.0955513802 0.0923702523 0.0891611750 
 0.0959177941 0.0927403950 0.0895342089 
 0.0962843560 0.0931107546 0.0899075312 
 0.0966510568 0.0934813248 0.0902811383 
 0.0970178923 0.0938521042 0.0906550319 
 0.0973848620 0.0942230956 0.0910292177 
 0.0977519693 0.0945943055 0.0914037057 
 0.0981192202 0.0949657434 0.0917785085 
 0.0984866233 0.0953374210 0.0921536413 
 0.0988541886 0.0957093519 0.0925291209 
 0.0992219275 0.0960815505 0.0929049650 
 0.0995898521 0.0964540321 0.0932811921 
 0.0999579743 0.0968268117 0.0936578202 
 0.1003263061 0.0971999041 0.0940348667 
 0.1006948585 0.0975733229 0.0944123481 
 0.1010636415 0.0979470806 0.0947902790 
 0.1014326635 0.0983211878 0.0951686724 
 0.1018019313 0.0986956534 0.0955475391 
 0.1021714496 0.0990704839 0.0959268871 
 0.1025412211 0.0994456835 0.0963067220 
 0.1029112459 0.0998212536 0.0966870466 
 0.1032815219 0.1001971932 0.0970678608 
 0.1036520442 0.1005734985 0.0974491613 
 0.1040228056 0.1009501628 0.0978309421 
 0.1043937962 0.1013271769 0.0982131942 
 0.1047650037 0.1017045287 0.0985959057 
 0.1051364132 0.1020822038 0.0989790621 
 0.1055080075 0.1024601849 0.0993626461 
 0.1058797674 0.1028384528 0.0997466379 
 0.1062516712 0.1032169858 0.1001310157 
 0.1066236955 0.1035957604 0.1005157554 
 0.1069958152 0.1039747511 0.1009008310 
 0.1073680032 0.1043539307 0.1012862149 
 0.1077402313 0.1047332709 0.1016718780 
 0.1081124701 0.1051127418 0.1020577901 
 0.1084846887 0.1054923125 0.1024439196 
 0.1088568558 0.1058719515 0.1028302346 
 0.1092289389 0.1062516262 0.1032167021 
 0.1096009054 0.1066313038 0.1036032888 
 0.1099727220 0.1070109512 0.1039899614 
 0.1103443552 0.1073905348 0.1043766862 
 0.1107157713 0.1077700214 0.1047634296 
 0.1110869369 0.1081493776 0.1051501584 
 0.1114578183 0.1085285703 0.1055368396 
 0.1118283824 0.1089075666 0.1059234404 
 0.1121985961 0.1092863343 0.1063099288 
 0.1125684269 0.1096648413 0.1066962732 
 0.1129378425 0.1100430562 0.1070824429 
 0.1133068112 0.1104209482 0.1074684074 
 0.1136753019 0.1107984871 0.1078541373 
 0.1140432837 0.1111756431 0.1082396037 
 0.1144107266 0.1115523872 0.1086247785 
 0.1147776007 0.1119286910 0.1090096343 
 0.1151438770 0.1123045266 0.1093941441 
 0.1155095267 0.1126798667 0.1097782819 
 0.1158745216 0.1130546844 0.1101620220 
 0.1162388337 0.1134289534 0.1105453395 
 0.1166024356 0.1138026478 0.1109282097 
 0.1169653000 0.1141757421 0.1113106085 
 0.1173274001 0.1145482108 0.1116925121 
 0.1176887089 0.1149200291 0.1120738971 
 0.1180491999 0.1152911720 0.1124547401 
 0.1184088464 0.1156616149 0.1128350181 
 0.1187676218 0.1160313329 0.1132147079 
 0.1191254996 0.1164003014 0.1135937866 
 0.1194824528 0.1167684955 0.1139722311 
 0.1198384546 0.1171358903 0.1143500182 
 0.1201934776 0.1175024606 0.1147271244 
 0.1205474943 0.1178681809 0.1151035263 
 0.1209004769 0.1182330253 0.1154791999 
 0.1212523969 0.1185969678 0.1158541209 
 0.1216032255 0.1189599818 0.1162282648 
 0.1219529336 0.1193220401 0.1166016063 
 0.1223014911 0.1196831152 0.1169741200 
 0.1226488677 0.1200431790 0.1173457798 
 0.1229950324 0.1204022028 0.1177165592 
 0.1233399534 0.1207601573 0.1180864309 
 0.1236835983 0.1211170126 0.1184553672 
 0.1240259343 0.1214727382 0.1188233398 
 0.1243669274 0.1218273029 0.1191903198 
 0.1247065434 0.1221806748 0.1195562775 
 0.1250447471 0.1225328214 0.1199211829 
 0.1253815025 0.1228837096 0.1202850051 
 0.1257167733 0.1232333055 0.1206477128 
 0.1260505221 0.1235815747 0.1210092738 
 0.1263827111 0.1239284821 0.1213696556 
 0.1267133015 0.1242739918 0.1217288249 
 0.1270422542 0.1246180676 0.1220867479 
 0.1273695291 0.1249606724 0.1224433904 
 0.1276950859 0.1253017687 0.1227987173 
 0.1280188833 0.1256413184 0.1231526933 
 0.1283408796 0.1259792828 0.1235052825 
 0.1286610325 0.1263156228 0.1238564483 
 0.1289792993 0.1266502987 0.1242061540 
 0.1292956365 0.1269832703 0.1245543622 
 0.1296100004 0.1273144970 0.1249010351 
 0.1299223467 0.1276439379 0.1252461347 
 0.1302326308 0.1279715513 0.1255896223 
 0.1305408075 0.1282972956 0.1259314591 
 0.1308468312 0.1286211285 0.1262716059 
 0.1311506563 0.1289430075 0.1266100230 
 0.1314522363 0.1292628897 0.1269466707 
 0.1317515248 0.1295807320 0.1272815087 
 0.1320484749 0.1298964907 0.1276144966 
 0.1323430394 0.1302101222 0.1279455936 
 0.1326351708 0.1305215823 0.1282747587 
 0.1329248214 0.1308308267 0.1286019507 
 0.1332119430 0.1311378108 0.1289271281 
 0.1334964873 0.1314424895 0.1292502489 
 0.1337784056 0.1317448178 0.1295712712 
 0.1340576489 0.1320447501 0.1298901527 
 0.1343341680 0.1323422406 0.1302068506 
 0.1346079132 0.1326372432 0.1305213221 
 0.1348788344 0.1329297115 0.1308335239 
 0.1351468814 0.1332195985 0.1311434124 
 0.1354120033 0.1335068571 0.1314509438 
 0.1356741488 0.1337914397 0.1317560737 
 0.1359332664 0.1340732983 0.1320587575 
 0.1361893037 0.1343523842 0.1323589499 
 0.1364422080 0.1346286485 0.1326566054 
 0.1366919259 0.1349020416 0.1329516779 
 0.1369384034 0.1351725133 0.1332441206 
 0.1371815857 0.1354400128 0.1335338864 
 0.1374214175 0.1357044886 0.1338209274 
 0.1376578425 0.1359658884 0.1341051950 
 0.1378908036 0.1362241592 0.1343866401 
 0.1381202427 0.1364792473 0.1346652126 
 0.1383461009 0.1367310979 0.1349408618 
 0.1385683183 0.1369796554 0.1352135361 
 0.1387868338 0.1372248633 0.1354831831 
 0.1390015853 0.1374666639 0.1357497492 
 0.1392125095 0.1377049987 0.1360131802 
 0.1394195418 0.1379398079 0.1362734207 
 0.1396226167 0.1381710306 0.1365304144 
 0.1398216670 0.1383986050 0.1367841038 
 0.1400166245 0.1386224677 0.1370344305 
 0.1402074196 0.1388425544 0.1372813348 
 0.1403939813 0.1390587996 0.1375247560 
 0.1405762372 0.1392711363 0.1377646324 
 0.1407541138 0.1394794964 0.1380009008 
 0.1409275359 0.1396838108 0.1382334973 
 0.1410964273 0.1398840088 0.1384623567 
 0.1412607102 0.1400800187 0.1386874125 
 0.1414203058 0.1402717677 0.1389085974 
 0.1415751339 0.1404591818 0.1391258431 
 0.1417251132 0.1406421860 0.1393390800 
 0.1418701614 0.1408207040 0.1395482378 
 0.1420101950 0.1409946590 0.1397532452 
 0.1421451297 0.1411639730 0.1399540302 
 0.1422748804 0.1413285674 0.1401505200 
 0.1423993614 0.1414883629 0.1403426410 
 0.1425184862 0.1416432796 0.1405303194 
 0.1426321681 0.1417932373 0.1407134806 
 0.1427403202 0.1419381555 0.1408920500 
 0.1428428552 0.1420779533 0.1410659525 
 0.1429396861 0.1422125502 0.1412351131 
 0.1430307263 0.1423418657 0.1413994570 
 0.1431158895 0.1424658195 0.1415589094 
 0.1431950902 0.1425843321 0.1417133961 
 0.1432682437 0.1426973247 0.1418628433 
 0.1433352664 0.1428047192 0.1420071780 
 0.1433960764 0.1429064388 0.1421463282 
 0.1434505930 0.1430024081 0.1422802229 
 0.1434987375 0.1430925530 0.1424087924 
 0.1435404335 0.1431768015 0.1425319684 
 0.1435756067 0.1432550833 0.1426496844 
 0.1436041855 0.1433273305 0.1427618756 
 0.1436261011 0.1433934774 0.1428684793 
 0.1436412879 0.1434534611 0.1429694350 
 0.1436496835 0.1435072215 0.1430646847 
 0.1436512292 0.1435547015 0.1431541730 
 0.1436458701 0.1435958475 0.1432378470 
 0.1436335552 0.1436306089 0.1433156571 
 0.1436142381 0.1436589391 0.1433875566 
 0.1435878766 0.1436807953 0.1434535020 
 0.1435544331 0.1436961385 0.1435134536 
 0.1435138750 0.1437049340 0.1435673748 
 0.1434661746 0.1437071515 0.1436152329 
 0.1434113097 0.1437027648 0.1436569990 
 0.1433492628 0.1436917525 0.1436926482 
 0.1432800225 0.1436740979 0.1437221594 
 0.1432035824 0.1436497890 0.1437455157 
 0.1431199420 0.1436188186 0.1437627045 
 0.1430291064 0.1435811844 0.1437737173 
 0.1429310866 0.1435368892 0.1437785500 
 0.1428258992 0.1434859406 0.1437772027 
 0.1427135668 0.1434283515 0.1437696800 
 0.1425941178 0.1433641396 0.1437559908 
 0.1424675862 0.1432933279 0.1437361484 
 0.1423340123 0.1432159443 0.1437101707 
 0.1421934419 0.1431320218 0.1436780799 
 0.1420459266 0.1430415986 0.1436399025 
 0.1418915239 0.1429447177 0.1435956696 
 0.1417302969 0.1428414273 0.1435454167 
 0.1415623144 0.1427317807 0.1434891838 
 0.1413876511 0.1426158359 0.1434270151 
 0.1412063871 0.1424936563 0.1433589595 
 0.1410186083 0.1423653101 0.1432850703 
 0.1408244062 0.1422308705 0.1432054054 
 0.1406238781 0.1420904160 0.1431200272 
 0.1404171269 0.1419440302 0.1430290026 
 0.1402042614 0.1417918019 0.1429324036 
 0.1399853964 0.1416338252 0.1428303068 
 0.1397606525 0.1414702000 0.1427227939 
 0.1395301568 0.1413010316 0.1426099517 
 0.1392940426 0.1411264313 0.1424918724 
 0.1390524501 0.1409465163 0.1423686539 
 0.1388055263 0.1407614105 0.1422403996 
 0.1385534254 0.1405712443 0.1421072195 
 0.1382963095 0.1403761552 0.1419692296 
 0.1380343485 0.1401762881 0.1418265529 
 0.1377677210 0.1399717957 0.1416793196 
 0.1374966144 0.1397628391 0.1415276675 
 0.1372212259 0.1395495880 0.1413717422 
 0.1369417624 0.1393322215 0.1412116980 
 0.1366584420 0.1391109286 0.1410476981 
 0.1363714937 0.1388859085 0.1408799150 
 0.1360811584 0.1386573715 0.1407085315 
 0.1357876900 0.1384255393 0.1405337406 
 0.1354913551 0.1381906458 0.1403557464 
 0.1351924347 0.1379529378 0.1401747645 
 0.1348912240 0.1377126751 0.1399910225 
 0.1345880334 0.1374701314 0.1398047607 
 0.1342831890 0.1372255949 0.1396162321 
 0.1339770332 0.1369793685 0.1394257033 
 0.1336699251 0.1367317704 0.1392334545 
 0.1333622408 0.1364831344 0.1390397801 
 0.1330543740 0.1362338101 0.1388449886 
 0.1327467361 0.1359841635 0.1386494033 
 0.1324397560 0.1357345766 0.1384533619 
 0.1321338807 0.1354854476 0.1382572166 
 0.1318295747 0.1352371909 0.1380613342 
 0.1315273198 0.1349902368 0.1378660959 
 0.1312276150 0.1347450309 0.1376718964 
 0.1309309755 0.1345020341 0.1374791442 
 0.1306379322 0.1342617213 0.1372882604 
 0.1303490305 0.1340245810 0.1370996784 
 0.1300648297 0.1337911141 0.1369138426 
 0.1297859011 0.1335618328 0.1367312074 
 0.1295128269 0.1333372593 0.1365522366 
 0.1292461985 0.1331179242 0.1363774012 
 0.1289866145 0.1329043650 0.1362071785 
 0.1287346788 0.1326971239 0.1360420500 
 0.1284909984 0.1324967465 0.1358825003 
 0.1282561807 0.1323037787 0.1357290145 
 0.1280308318 0.1321187654 0.1355820763 
 0.1278155530 0.1319422473 0.1354421662 
 0.1276109384 0.1317747589 0.1353097590 
 0.1274175720 0.1316168257 0.1351853213 
 0.1272360250 0.1314689614 0.1350693094 
 0.1270668524 0.1313316656 0.1349621667 
 0.1269105900 0.1312054202 0.1348643212 
 0.1267677517 0.1310906877 0.1347761831 
 0.1266388261 0.1309879075 0.1346981421 
 0.1265242739 0.1308974937 0.1346305654 
 0.1264245246 0.1308198322 0.1345737947 
 0.1263399740 0.1307552784 0.1345281446 
 0.1262709813 0.1307041546 0.1344939000 
 0.1262178670 0.1306667479 0.1344713143 
 0.1261809103 0.1306433078 0.1344606072 
 0.1261603469 0.1306340446 0.1344619637 
 0.1261563676 0.1306391279 0.1344755321 
 0.1261691167 0.1306586848 0.1345014227 
 0.1261986904 0.1306927993 0.1345397075 
 0.1262451362 0.1307415109 0.1345904188 
 0.1263084525 0.1308048149 0.1346535494 
 0.1263885878 0.1308826616 0.1347290521 
 0.1264854415 0.1309749566 0.1348168398 
 0.1265988641 0.1310815618 0.1349167865 
 0.1267286584 0.1312022958 0.1350287279 
 0.1268745802 0.1313369350 0.1351524621 
 0.1270363407 0.1314852158 0.1352877517 
 0.1272136081 0.1316468359 0.1354343251 
 0.1274060101 0.1318214568 0.1355918784 
 0.1276131366 0.1320087060 0.1357600780 
 0.1278345427 0.1322081803 0.1359385628 
 0.1280697520 0.1324194479 0.1361269466 
 0.1283182600 0.1326420525 0.1363248215 
 0.1285795382 0.1328755160 0.1365317604 
 0.1288530374 0.1331193424 0.1367473205 
 0.1291381922 0.1333730209 0.1369710459 
 0.1294344247 0.1336360302 0.1372024712 
 0.1297411491 0.1339078414 0.1374411245 
 0.1300577748 0.1341879221 0.1376865306 
 0.1303837115 0.1344757396 0.1379382141 
 0.1307183723 0.1347707646 0.1381957021 
 0.1310611776 0.1350724740 0.1384585275 
 0.1314115584 0.1353803542 0.1387262310 
 0.1317689599 0.1356939040 0.1389983638 
 0.1321328438 0.1360126366 0.1392744899 
 0.1325026914 0.1363360823 0.1395541877 
 0.1328780053 0.1366637902 0.1398370518 
 0.1332583117 0.1369953296 0.1401226941 
 0.1336431612 0.1373302913 0.1404107453 
 0.1340321303 0.1376682885 0.1407008550 
 0.1344248213 0.1380089571 0.1409926922 
 0.1348208630 0.1383519554 0.1412859456 
 0.1352199099 0.1386969646 0.1415803230 
 0.1356216415 0.1390436871 0.1418755508 
 0.1360257614 0.1393918462 0.1421713733 
 0.1364319949 0.1397411845 0.1424675510 
 0.1368400880 0.1400914620 0.1427638598 
 0.1372498046 0.1404424543 0.1430600889 
 0.1376609237 0.1407939504 0.1433560389 
 0.1380732371 0.1411457504 0.1436515202 
 0.1384865460 0.1414976624 0.1439463502 
 0.1389006578 0.1418495005 0.1442403515 
 0.1393153828 0.1422010813 0.1445333490 
 0.1397305310 0.1425522217 0.1448251683 
 0.1401459086 0.1429027353 0.1451156323 
 0.1405613146 0.1432524303 0.1454045596 
 0.1409765377 0.1436011065 0.1456917621 
 0.1413913533 0.1439485527 0.1459770424 
 0.1418055205 0.1442945443 0.1462601926 
 0.1422187798 0.1446388416 0.1465409916 
 0.1426308508 0.1449811872 0.1468192043 
 0.1430414300 0.1453213050 0.1470945796 
 0.1434501898 0.1456588987 0.1473668499 
 0.1438567771 0.1459936507 0.1476357300 
 0.1442608125 0.1463252220 0.1479009166 
 0.1446618904 0.1466532516 0.1481620882 
 0.1450595793 0.1469773569 0.1484189053 
 0.1454534220 0.1472971341 0.1486710108 
 0.1458429373 0.1476121592 0.1489180304 
 0.1462276210 0.1479219894 0.1491595744 
 0.1466069485 0.1482261645 0.1493952381 
 0.1469803765 0.1485242087 0.1496246041 
 0.1473473461 0.1488156332 0.1498472438 
 0.1477072852 0.1490999383 0.1500627191 
 0.1480596124 0.1493766160 0.1502705853 
 0.1484037397 0.1496451529 0.1504703924 
 0.1487390762 0.1499050330 0.1506616885 
 0.1490650318 0.1501557407 0.1508440214 
 0.1493810206 0.1503967638 0.1510169418 
 0.1496864646 0.1506275963 0.1511800053 
 0.1499807970 0.1508477418 0.1513327749 
 0.1502634659 0.1510567156 0.1514748237 
 0.1505339371 0.1512540480 0.1516057369 
 0.1507916975 0.1514392868 0.1517251140 
 0.1510362574 0.1516119994 0.1518325710 
 0.1512671535 0.1517717749 0.1519277421 
 0.1514839511 0.1519182265 0.1520102813 
 0.1516862454 0.1520509928 0.1520798642 
 0.1518736641 0.1521697395 0.1521361890 
 0.1520458677 0.1522741602 0.1521789777 
 0.1522025514 0.1523639778 0.1522079770 
 0.1523434451 0.1524389449 0.1522229590 
 0.1524683140 0.1524988444 0.1522237215 
 0.1525769588 0.1525434892 0.1522100885 
 0.1526692153 0.1525727230 0.1521819101 
 0.1527449540 0.1525864192 0.1521390627 
 0.1528040791 0.1525844809 0.1520814481 
 0.1528465280 0.1525668400 0.1520089939 
 0.1528722698 0.1525334565 0.1519216522 
 0.1528813038 0.1524843173 0.1518193995 
 0.1528736583 0.1524194351 0.1517022354 
 0.1528493885 0.1523388474 0.1515701818 
 0.1528085750 0.1522426145 0.1514232822 
 0.1527513215 0.1521308184 0.1512616001 
 0.1526777530 0.1520035612 0.1510852181 
 0.1525880136 0.1518609634 0.1508942365 
 0.1524822642 0.1517031618 0.1506887720 
 0.1523606802 0.1515303083 0.1504689565 
 0.1522234494 0.1513425675 0.1502349356 
 0.1520707692 0.1511401151 0.1499868667 
 0.1519028447 0.1509231359 0.1497249180 
 0.1517198861 0.1506918219 0.1494492669 
 0.1515221060 0.1504463699 0.1491600977 
 0.1513097170 0.1501869796 0.1488576006 
 0.1510829296 0.1499138516 0.1485419692 
 0.1508419489 0.1496271848 0.1482133993 
 0.1505869723 0.1493271742 0.1478720860 
 0.1503181866 0.1490140083 0.1475182220 
 0.1500357652 0.1486878665 0.1471519950 
 0.1497398653 0.1483489165 0.1467735852 
 0.1494306243 0.1479973108 0.1463831623 
 0.1491081565 0.1476331838 0.1459808823 
 0.1487725498 0.1472566481 0.1455668845 
 0.1484238617 0.1468677909 0.1451412872 
 0.1480621151 0.1464666693 0.1447041836 
 0.1476872939 0.1460533063 0.1442556376 
 0.1472993379 0.1456276855 0.1437956782 
 0.1468981379 0.1451897455 0.1433242941 
 0.1464835299 0.1447393745 0.1428414276 
 0.1460552886 0.1442764029 0.1423469677 
 0.1456131213 0.1438005971 0.1418407430 
 0.1451566602 0.1433116513 0.1413225133 
 0.1446854549 0.1428091795 0.1407919611 
 0.1441989645 0.1422927068 0.1402486825 
 0.1436965482 0.1417616596 0.1396921769 
 0.1431774567 0.1412153560 0.1391218363 
 0.1426408226 0.1406529952 0.1385369346 
 0.1420856501 0.1400736469 0.1379366153 
 0.1415108050 0.1394762397 0.1373198801 
 0.1409150049 0.1388595501 0.1366855760 
 0.1402968083 0.1382221911 0.1360323832 
 0.1396546055 0.1375626011 0.1353588027 
 0.1389866088 0.1368790333 0.1346631448 
 0.1382908444 0.1361695461 0.1339435180 
 0.1375651452 0.1354319943 0.1331978188 
 0.1368071451 0.1346640226 0.1324237243 
 0.1360142763 0.1338630608 0.1316186860 
 0.1351837685 0.1330263222 0.1307799271 
 0.1343126520 0.1321508057 0.1299044433 
 0.1333977650 0.1312333021 0.1289890085 
 0.1324357659 0.1302704056 0.1280301859 
 0.1314231519 0.1292585325 0.1270243461 
 0.1303562842 0.1281939462 0.1259676925 
 0.1292314216 0.1270727918 0.1248562967 
 0.1280447628 0.1258911403 0.1236861438 
 0.1267925001 0.1246450437 0.1224531899 
 0.1254708829 0.1233306024 0.1211534317 
 0.1240762944 0.1219440459 0.1197829916 
 0.1226053410 0.1204818267 0.1183382156 
 0.1210549539 0.1189407292 0.1168157876 
 0.1194225043 0.1173179911 0.1152128568 
 0.1177059297 0.1156114378 0.1135271784 
 0.1159038689 0.1138196262 0.1117572645 
 0.1140158044 0.1119419953 0.1099025405 
 0.1120422054 0.1099790174 0.1079635024 
 0.1099846669 0.1079323439 0.1059418672 
 0.1078460365 0.1058049380 0.1038407072 
 0.1056305209 0.1036011831 0.1016645590 
 0.1033437629 0.1013269592 0.0994194957 
 