0.0532592307 0.0523709476 0.0517497666 
 0.0501744031 0.0491280472 0.0483489487 
 0.0474636462 0.0462839498 0.0453701910 
 0.0451227087 0.0438318539 0.0428044864 
 0.0431375980 0.0417547550 0.0406321089 
 0.0414874680 0.0400286844 0.0388262067 
 0.0401471823 0.0386255256 0.0373558783 
 0.0390894008 0.0375152581 0.0361885804 
 0.0382861612 0.0366676160 0.0352918679 
 0.0377099961 0.0360532225 0.0346345520 
 0.0373346647 0.0356443019 0.0341873970 
 0.0371355864 0.0354150730 0.0339234764 
 0.0370900583 0.0353419158 0.0338182943 
 0.0371773228 0.0354033897 0.0338497552 
 0.0373785396 0.0355801570 0.0339980436 
 0.0376766990 0.0358548555 0.0342454562 
 0.0380565039 0.0362119446 0.0345762155 
 0.0385042380 0.0366375453 0.0349762813 
 0.0390076322 0.0371192827 0.0354331717 
 0.0395557350 0.0376461385 0.0359357976 
 0.0401387916 0.0382083157 0.0364743147 
 0.0407481322 0.0387971174 0.0370399909 
 0.0413760716 0.0394048376 0.0376250914 
 0.0420158185 0.0400246660 0.0382227770 
 0.0426613948 0.0406506035 0.0388270168 
 0.0433075635 0.0412773881 0.0394325124 
 0.0439497650 0.0419004301 0.0400346317 
 0.0445840599 0.0425157554 0.0406293528 
 0.0452070785 0.0431199549 0.0412132138 
 0.0458159756 0.0437101409 0.0417832703 
 0.0464083895 0.0442839070 0.0423370573 
 0.0469824055 0.0448392932 0.0428725554 
 0.0475365216 0.0453747537 0.0433881602 
 0.0480696178 0.0458891270 0.0438826550 
 0.0485809266 0.0463816079 0.0443551836 
 0.0490700046 0.0468517214 0.0448052260 
 0.0495367066 0.0472992962 0.0452325731 
 0.0499811584 0.0477244400 0.0456373030 
 0.0504037315 0.0481275136 0.0460197558 
 0.0508050174 0.0485091061 0.0463805089 
 0.0511858017 0.0488700090 0.0467203519 
 0.0515470390 0.0492111906 0.0470402601 
 0.0518898275 0.0495337702 0.0473413687 
 0.0522153835 0.0498389924 0.0476249463 
 0.0525250171 0.0501282013 0.0478923679 
 0.0528201074 0.0504028155 0.0481450896 
 0.0531020801 0.0506643037 0.0483846223 
 0.0533723841 0.0509141613 0.0486125076 
 0.0536324714 0.0511538880 0.0488302942 
 0.0538837772 0.0513849678 0.0490395159 
 0.0541277021 0.0516088495 0.0492416724 
 0.0543655962 0.0518269307 0.0494382107 
 0.0545987457 0.0520405421 0.0496305097 
 0.0548283606 0.0522509360 0.0498198671 
 0.0550555653 0.0524592755 0.0500074883 
 0.0552813911 0.0526666267 0.0501944777 
 0.0555067710 0.0528739531 0.0503818334 
 0.0557325358 0.0530821117 0.0505704422 
 0.0559594132 0.0532918516 0.0507610787 
 0.0561880274 0.0535038141 0.0509544053 
 0.0564189011 0.0537185346 0.0511509736 
 0.0566524585 0.0539364457 0.0513512284 
 0.0568890295 0.0541578818 0.0515555122 
 0.0571288548 0.0543830843 0.0517640706 
 0.0573720922 0.0546122084 0.0519770595 
 0.0576188226 0.0548453293 0.0521945518 
 0.0578690571 0.0550824500 0.0524165451 
 0.0581227446 0.0553235085 0.0526429699 
 0.0583797784 0.0555683856 0.0528736970 
 0.0586400037 0.0558169124 0.0531085460 
 0.0589032247 0.0560688775 0.0533472925 
 0.0591692117 0.0563240346 0.0535896758 
 0.0594377070 0.0565821087 0.0538354056 
 0.0597084317 0.0568428029 0.0540841694 
 0.0599810908 0.0571058045 0.0543356379 
 0.0602553794 0.0573707900 0.0545894709 
 0.0605309865 0.0576374304 0.0548453229 
 0.0608076002 0.0579053959 0.0551028470 
 0.0610849114 0.0581743595 0.0553616999 
 0.0613626169 0.0584440010 0.0556215448 
 0.0616404229 0.0587140097 0.0558820552 
 0.0619180473 0.0589840875 0.0561429170 
 0.0621952222 0.0592539509 0.0564038317 
 0.0624716954 0.0595233327 0.0566645173 
 0.0627472323 0.0597919841 0.0569247108 
 0.0630216166 0.0600596754 0.0571841687 
 0.0632946518 0.0603261971 0.0574426686 
 0.0635661615 0.0605913607 0.0577000092 
 0.0638359899 0.0608549990 0.0579560116 
 0.0641040020 0.0611169665 0.0582105186 
 0.0643700838 0.0613771390 0.0584633956 
 0.0646341420 0.0616354142 0.0587145299 
 0.0648961041 0.0618917109 0.0589638308 
 0.0651559174 0.0621459686 0.0592112290 
 0.0654135492 0.0623981475 0.0594566765 
 0.0656689858 0.0626482275 0.0597001453 
 0.0659222319 0.0628962076 0.0599416275 
 0.0661733098 0.0631421051 0.0601811342 
 0.0664222589 0.0633859549 0.0604186946 
 0.0666691343 0.0636278085 0.0606543552 
 0.0669140061 0.0638677332 0.0608881787 
 0.0671569586 0.0641058108 0.0611202434 
 0.0673980886 0.0643421366 0.0613506417 
 0.0676375051 0.0645768183 0.0615794788 
 0.0678753273 0.0648099750 0.0618068720 
 0.0681116840 0.0650417357 0.0620329494 
 0.0683467120 0.0652722378 0.0622578479 
 0.0685805549 0.0655016265 0.0624817127 
 0.0688133618 0.0657300526 0.0627046955 
 0.0690452859 0.0659576717 0.0629269530 
 0.0692764828 0.0661846422 0.0631486455 
 0.0695071098 0.0664111245 0.0633699354 
 0.0697373236 0.0666372789 0.0635909858 
 0.0699672795 0.0668632646 0.0638119587 
 0.0701971297 0.0670892377 0.0640330135 
 0.0704270220 0.0673153501 0.0642543058 
 0.0706570983 0.0675417482 0.0644759853 
 0.0708874934 0.0677685708 0.0646981947 
 0.0711183333 0.0679959484 0.0649210684 
 0.0713497346 0.0682240016 0.0651447307 
 0.0715818028 0.0684528399 0.0653692945 
 0.0718146315 0.0686825605 0.0655948606 
 0.0720483010 0.0689132472 0.0658215160 
 0.0722828782 0.0691449695 0.0660493330 
 0.0725184149 0.0693777820 0.0662783686 
 0.0727549481 0.0696117234 0.0665086634 
 0.0729924986 0.0698468160 0.0667402412 
 0.0732310714 0.0700830655 0.0669731087 
 0.0734706552 0.0703204606 0.0672072547 
 0.0737112225 0.0705589731 0.0674426506 
 0.0739527296 0.0707985579 0.0676792504 
 0.0741951171 0.0710391534 0.0679169905 
 0.0744383101 0.0712806820 0.0681557908 
 0.0746822196 0.0715230507 0.0683955552 
 0.0749267423 0.0717661520 0.0686361721 
 0.0751717626 0.0720098649 0.0688775160 
 0.0754171530 0.0722540561 0.0691194482 
 0.0756627759 0.0724985816 0.0693618185 
 0.0759084847 0.0727432875 0.0696044667 
 0.0761541257 0.0729880125 0.0698472243 
 0.0763995395 0.0732325887 0.0700899159 
 0.0766445627 0.0734768445 0.0703323617 
 0.0768890300 0.0737206054 0.0705743791 
 0.0771327759 0.0739636967 0.0708157848 
 0.0773756367 0.0742059454 0.0710563969 
 0.0776174521 0.0744471818 0.0712960372 
 0.0778580678 0.0746872422 0.0715345330 
 0.0780973365 0.0749259701 0.0717717193 
 0.0783351205 0.0751632187 0.0720074410 
 0.0785712930 0.0753988527 0.0722415544 
 0.0788057401 0.0756327498 0.0724739298 
 0.0790383619 0.0758648026 0.0727044525 
 0.0792690747 0.0760949200 0.0729330248 
 0.0794978113 0.0763230286 0.0731595675 
 0.0797245231 0.0765490742 0.0733840211 
 0.0799491806 0.0767730224 0.0736063470 
 0.0801717744 0.0769948599 0.0738265283 
 0.0803923153 0.0772145949 0.0740445706 
 0.0806108358 0.0774322576 0.0742605028 
 0.0808273891 0.0776479008 0.0744743767 
 0.0810420500 0.0778615993 0.0746862681 
 0.0812549145 0.0780734505 0.0748962757 
 0.0814660990 0.0782835735 0.0751045212 
 0.0816757405 0.0784921086 0.0753111487 
 0.0818839949 0.0786992168 0.0755163240 
 0.0820910367 0.0789050783 0.0757202330 
 0.0822970575 0.0791098915 0.0759230811 
 0.0825022646 0.0793138718 0.0761250914 
 0.0827068796 0.0795172497 0.0763265031 
 0.0829111365 0.0797202690 0.0765275697 
 0.0831152799 0.0799231851 0.0767285570 
 0.0833195629 0.0801262626 0.0769297407 
 0.0835242452 0.0803297732 0.0771314043 
 0.0837295903 0.0805339934 0.0773338365 
 0.0839358637 0.0807392017 0.0775373286 
 0.0841433301 0.0809456766 0.0777421719 
 0.0843522511 0.0811536934 0.0779486551 
 0.0845628824 0.0813635219 0.0781570609 
 0.0847754717 0.0815754234 0.0783676642 
 0.0849902557 0.0817896487 0.0785807281 
 0.0852074580 0.0820064345 0.0787965023 
 0.0854272867 0.0822260019 0.0790152196 
 0.0856499317 0.0824485532 0.0792370937 
 0.0858755632 0.0826742701 0.0794623168 
 0.0861043292 0.0829033112 0.0796910570 
 0.0863363539 0.0831358104 0.0799234567 
 0.0865717362 0.0833718750 0.0801596305 
 0.0868105482 0.0836115843 0.0803996638 
 0.0870528344 0.0838549886 0.0806436113 
 0.0872986106 0.0841021081 0.0808914966 
 0.0875478638 0.0843529327 0.0811433110 
 0.0878005517 0.0846074213 0.0813990138 
 0.0880566033 0.0848655028 0.0816585321 
 0.0883159190 0.0851270755 0.0819217616 
 0.0885783717 0.0853920091 0.0821885672 
 0.0888438079 0.0856601451 0.0824587845 
 0.0891120492 0.0859312985 0.0827322211 
 0.0893828940 0.0862052600 0.0830086591 
 0.0896561195 0.0864817976 0.0832878565 
 0.0899314840 0.0867606592 0.0835695503 
 0.0902087295 0.0870415754 0.0838534591 
 0.0904875841 0.0873242617 0.0841392857 
 0.0907677648 0.0876084220 0.0844267206 
 0.0910489805 0.0878937512 0.0847154447 
 0.0913309347 0.0881799383 0.0850051325 
 0.0916133286 0.0884666695 0.0852954558 
 0.0918958640 0.0887536312 0.0855860860 
 0.0921782456 0.0890405129 0.0858766980 
 0.0924601845 0.0893270100 0.0861669725 
 0.0927414002 0.0896128267 0.0864565990 
 0.0930216232 0.0898976780 0.0867452785 
 0.0933005971 0.0901812925 0.0870327258 
 0.0935780809 0.0904634144 0.0873186713 
 0.0938538504 0.0907438050 0.0876028637 
 0.0941277001 0.0910222447 0.0878850707 
 0.0943994443 0.0912985343 0.0881650812 
 0.0946689182 0.0915724960 0.0884427059 
 0.0949359789 0.0918439743 0.0887177787 
 0.0952005056 0.0921128367 0.0889901568 
 0.0954624006 0.0923789739 0.0892597214 
 0.0957215887 0.0926423002 0.0895263780 
 0.0959780175 0.0929027534 0.0897900560 
 0.0962316573 0.0931602944 0.0900507090 
 0.0964825000 0.0934149069 0.0903083139 
 0.0967305590 0.0936665968 0.0905628704 
 0.0969758683 0.0939153911 0.0908144008 
 0.0972184811 0.0941613377 0.0910629482 
 0.0974584692 0.0944045033 0.0913085762 
 0.0976959216 0.0946449731 0.0915513676 
 0.0979309427 0.0948828492 0.0917914228 
 0.0981636517 0.0951182491 0.0920288589 
 0.0983941803 0.0953513041 0.0922638080 
 0.0986226716 0.0955821582 0.0924964157 
 0.0988492782 0.0958109662 0.0927268395 
 0.0990741606 0.0960378918 0.0929552473 
 0.0992974855 0.0962631065 0.0931818155 
 0.0995194242 0.0964867873 0.0934067274 
 0.0997401506 0.0967091155 0.0936301714 
 0.0999598399 0.0969302744 0.0938523392 
 0.1001786668 0.0971504483 0.0940734245 
 0.1003968038 0.0973698204 0.0942936206 
 0.1006144200 0.0975885715 0.0945131194 
 0.1008316797 0.0978068783 0.0947321095 
 0.1010487408 0.0980249123 0.0949507748 
 0.1012657538 0.0982428382 0.0951692931 
 0.1014828612 0.0984608131 0.0953878349 
 0.1017001958 0.0986789855 0.0956065625 
 0.1019178810 0.0988974943 0.0958256287 
 0.1021360295 0.0991164681 0.0960451762 
 0.1023547433 0.0993360251 0.0962653372 
 0.1025741137 0.0995562727 0.0964862328 
 0.1027942210 0.0997773073 0.0967079730 
 0.1030151349 0.0999992143 0.0969306566 
 0.1032369150 0.1002220689 0.0971543716 
 0.1034596113 0.1004459361 0.0973791955 
 0.1036832646 0.1006708718 0.0976051961 
 0.1039079081 0.1008969230 0.0978324318 
 0.1041335675 0.1011241293 0.0980609531 
 0.1043602626 0.1013525238 0.0982908034 
 0.1045880085 0.1015821337 0.0985220200 
 0.1048168164 0.1018129822 0.0987546352 
 0.1050466948 0.1020450893 0.0989886779 
 0.1052776511 0.1022784727 0.0992241742 
 0.1055096922 0.1025131493 0.0994611490 
 0.1057428258 0.1027491363 0.0996996267 
 0.1059770614 0.1029864514 0.0999396325 
 0.1062124110 0.1032251146 0.1001811927 
 0.1064488895 0.1034651481 0.1004243358 
 0.1066865160 0.1037065771 0.1006690927 
 0.1069253134 0.1039494302 0.1009154972 
 0.1071653089 0.1041937392 0.1011635856 
 0.1074065341 0.1044395394 0.1014133974 
 0.1076490250 0.1046868695 0.1016649743 
 0.1078928210 0.1049357707 0.1019183601 
 0.1081379654 0.1051862867 0.1021736002 
 0.1083845042 0.1054384628 0.1024307404 
 0.1086324855 0.1056923452 0.1026898266 
 0.1088819587 0.1059479803 0.1029509036 
 0.1091329739 0.1062054132 0.1032140140 
 0.1093855803 0.1064646876 0.1034791974 
 0.1096398258 0.1067258441 0.1037464892 
 0.1098957560 0.1069889193 0.1040159198 
 0.1101534125 0.1072539454 0.1042875134 
 0.1104128329 0.1075209483 0.1045612873 
 0.1106740490 0.1077899477 0.1048372508 
 0.1109370863 0.1080609556 0.1051154050 
 0.1112019632 0.1083339762 0.1053957416 
 0.1114686902 0.1086090047 0.1056782428 
 0.1117372693 0.1088860272 0.1059628809 
 0.1120076932 0.1091650203 0.1062496181 
 0.1122799453 0.1094459506 0.1065384062 
 0.1125539989 0.1097287750 0.1068291869 
 0.1128298175 0.1100134401 0.1071218920 
 0.1131073542 0.1102998831 0.1074164433 
 0.1133865521 0.1105880312 0.1077127536 
 0.1136673444 0.1108778026 0.1080107268 
 0.1139496544 0.1111691064 0.1083102586 
 0.1142333962 0.1114618436 0.1086112374 
 0.1145184752 0.1117559077 0.1089135448 
 0.1148047882 0.1120511849 0.1092170568 
 0.1150922248 0.1123475557 0.1095216444 
 0.1153806675 0.1126448953 0.1098271749 
 0.1156699931 0.1129430743 0.1101335125 
 0.1159600734 0.1132419603 0.1104405200 
 0.1162507758 0.1135414186 0.1107480589 
 0.1165419652 0.1138413131 0.1110559915 
 0.1168335042 0.1141415074 0.1113641813 
 0.1171252548 0.1144418663 0.1116724940 
 0.1174170790 0.1147422562 0.1119807990 
 0.1177088404 0.1150425466 0.1122889701 
 0.1180004050 0.1153426108 0.1125968863 
 0.1182916421 0.1156423272 0.1129044329 
 0.1185824257 0.1159415797 0.1132115021 
 0.1188726354 0.1162402591 0.1135179940 
 0.1191621570 0.1165382634 0.1138238171 
 0.1194508836 0.1168354989 0.1141288887 
 0.1197387161 0.1171318803 0.1144331356 
 0.1200255643 0.1174273318 0.1147364946 
 0.1203113471 0.1177217868 0.1150389122 
 0.1205959928 0.1180151889 0.1153403453 
 0.1208794399 0.1183074916 0.1156407609 
 0.1211616370 0.1185986584 0.1159401365 
 0.1214425430 0.1188886631 0.1162384591 
 0.1217221270 0.1191774893 0.1165357259 
 0.1220003684 0.1194651304 0.1168319431 
 0.1222772565 0.1197515890 0.1171271261 
 0.1225527903 0.1200368768 0.1174212984 
 0.1228269778 0.1203210136 0.1177144914 
 0.1230998358 0.1206040273 0.1180067434 
 0.1233713892 0.1208859526 0.1182980989 
 0.1236416702 0.1211668306 0.1185886078 
 0.1239107176 0.1214467079 0.1188783248 
 0.1241785760 0.1217256358 0.1191673080 
 0.1244452950 0.1220036694 0.1194556183 
 0.1247109281 0.1222808667 0.1197433187 
 0.1249755322 0.1225572875 0.1200304727 
 0.1252391660 0.1228329929 0.1203171442 
 0.1255018897 0.1231080440 0.1206033960 
 0.1257637637 0.1233825009 0.1208892892 
 0.1260248475 0.1236564226 0.1211748824 
 0.1262851994 0.1239298650 0.1214602309 
 0.1265448750 0.1242028814 0.1217453858 
 0.1268039267 0.1244755205 0.1220303936 
 0.1270624028 0.1247478267 0.1223152956 
 0.1273203469 0.1250198389 0.1226001270 
 0.1275777971 0.1252915903 0.1228849170 
 0.1278347853 0.1255631077 0.1231696879 
 0.1280913370 0.1258344111 0.1234544552 
 0.1283474706 0.1261055135 0.1237392272 
 0.1286031972 0.1263764206 0.1240240047 
 0.1288585202 0.1266471305 0.1243087812 
 0.1291134351 0.1269176339 0.1245935429 
 0.1293679296 0.1271879137 0.1248782685 
 0.1296219831 0.1274579454 0.1251629296 
 0.1298755674 0.1277276972 0.1254474907 
 0.1301286463 0.1279971299 0.1257319099 
 0.1303811762 0.1282661974 0.1260161386 
 0.1306331060 0.1285348473 0.1263001224 
 0.1308843778 0.1288030206 0.1265838011 
 0.1311349271 0.1290706527 0.1268671098 
 0.1313846833 0.1293376738 0.1271499784 
 0.1316335703 0.1296040092 0.1274323333 
 0.1318815068 0.1298695799 0.1277140968 
 0.1321284074 0.1301343034 0.1279951886 
 0.1323741825 0.1303980938 0.1282755257 
 0.1326187396 0.1306608629 0.1285550232 
 0.1328619835 0.1309225207 0.1288335949 
 0.1331038171 0.1311829754 0.1291111539 
 0.1333441418 0.1314421347 0.1293876128 
 0.1335828586 0.1316999062 0.1296628844 
 0.1338198682 0.1319561973 0.1299368823 
 0.1340550717 0.1322109166 0.1302095210 
 0.1342883714 0.1324639738 0.1304807167 
 0.1345196707 0.1327152800 0.1307503874 
 0.1347488752 0.1329647487 0.1310184530 
 0.1349758927 0.1332122954 0.1312848360 
 0.1352006336 0.1334578384 0.1315494618 
 0.1354230113 0.1337012988 0.1318122582 
 0.1356429422 0.1339426007 0.1320731562 
 0.1358603462 0.1341816714 0.1323320898 
 0.1360751466 0.1344184415 0.1325889960 
 0.1362872702 0.1346528447 0.1328438150 
 0.1364966473 0.1348848179 0.1330964898 
 0.1367032117 0.1351143013 0.1333469666 
 0.1369069005 0.1353412381 0.1335951942 
 0.1371076541 0.1355655745 0.1338411241 
 0.1373054160 0.1357872591 0.1340847100 
 0.1375001324 0.1360062432 0.1343259082 
 0.1376917520 0.1362224803 0.1345646766 
 0.1378802257 0.1364359257 0.1348009748 
 0.1380655065 0.1366465364 0.1350347639 
 0.1382475487 0.1368542707 0.1352660061 
 0.1384263080 0.1370590878 0.1354946641 
 0.1386017406 0.1372609474 0.1357207013 
 0.1387738035 0.1374598098 0.1359440811 
 0.1389424533 0.1376556348 0.1361647667 
 0.1391076465 0.1378483821 0.1363827209 
 0.1392693388 0.1380380104 0.1365979056 
 0.1394274848 0.1382244774 0.1368102817 
 0.1395820377 0.1384077396 0.1370198087 
 0.1397329490 0.1385877517 0.1372264446 
 0.1398801679 0.1387644664 0.1374301456 
 0.1400236416 0.1389378344 0.1376308657 
 0.1401633145 0.1391078040 0.1378285572 
 0.1402991285 0.1392743212 0.1380231695 
 0.1404310225 0.1394373291 0.1382146501 
 0.1405589322 0.1395967682 0.1384029436 
 0.1406827905 0.1397525762 0.1385879924 
 0.1408025268 0.1399046878 0.1387697360 
 0.1409180677 0.1400530350 0.1389481114 
 0.1410293362 0.1401975469 0.1391230531 
 0.1411362526 0.1403381498 0.1392944931 
 0.1412387338 0.1404747672 0.1394623608 
 0.1413366940 0.1406073203 0.1396265833 
 0.1414300445 0.1407357273 0.1397870854 
 0.1415186942 0.1408599044 0.1399437900 
 0.1416025493 0.1409797655 0.1400966178 
 0.1416815138 0.1410952226 0.1402454878 
 0.1417554898 0.1412061856 0.1403903171 
 0.1418243775 0.1413125630 0.1405310216 
 0.1418880754 0.1414142616 0.1406675157 
 0.1419464808 0.1415111871 0.1407997126 
 0.1419994897 0.1416032441 0.1409275245 
 0.1420469973 0.1416903361 0.1410508630 
 0.1420888978 0.1417723661 0.1411696385 
 0.1421250852 0.1418492363 0.1412837612 
 0.1421554527 0.1419208487 0.1413931407 
 0.1421798937 0.1419871048 0.1414976865 
 0.1421983011 0.1420479060 0.1415973074 
 0.1422105679 0.1421031535 0.1416919123 
 0.1422165874 0.1421527484 0.1417814101 
 0.1422162527 0.1421965920 0.1418657093 
 0.1422094573 0.1422345855 0.1419447185 
 0.1421960948 0.1422666300 0.1420183462 
 0.1421760588 0.1422926267 0.1420865007 
 0.1421492432 0.1423124766 0.1421490901 
 0.1421155416 0.1423260808 0.1422060226 
 0.1420748478 0.1423333398 0.1422572056 
 0.1420270552 0.1423341540 0.1423025463 
 0.1419720568 0.1423284231 0.1423419515 
 0.1419097451 0.1423160464 0.1423753270 
 0.1418400119 0.1422969223 0.1424025779 
 0.1417627479 0.1422709479 0.1424236086 
 0.1416778429 0.1422380196 0.1424383218 
 0.1415851851 0.1421980322 0.1424466193 
 0.1414846615 0.1421508788 0.1424484014 
 0.1413761569 0.1420964512 0.1424435665 
 0.1412595544 0.1420346387 0.1424320113 
 0.1411347348 0.1419653289 0.1424136305 
 0.1410015765 0.1418884070 0.1423883168 
 0.1408599556 0.1418037556 0.1423559603 
 0.1407097452 0.1417112549 0.1423164488 
 0.1405508156 0.1416107821 0.1422696677 
 0.1403830344 0.1415022119 0.1422154994 
 0.1402062657 0.1413854157 0.1421538239 
 0.1400203711 0.1412602621 0.1420845180 
 0.1398252085 0.1411266167 0.1420074561 
 0.1396206332 0.1409843418 0.1419225092 
 0.1394064971 0.1408332970 0.1418295458 
 0.1391826494 0.1406733387 0.1417284314 
 0.1389489363 0.1405043204 0.1416190285 
 0.1387052013 0.1403260928 0.1415011972 
 0.1384512856 0.1401385041 0.1413747947 
 0.1381870280 0.1399413998 0.1412396758 
 0.1379122654 0.1397346231 0.1410956929 
 0.1376268330 0.1395180155 0.1409426961 
 0.1373305649 0.1392914163 0.1407805336 
 0.1370232942 0.1390546635 0.1406090519 
 0.1367048533 0.1388075939 0.1404280959 
 0.1363750749 0.1385500435 0.1402375091 
 0.1360337919 0.1382818477 0.1400371341 
 0.1356808384 0.1380028419 0.1398268128 
 0.1353160497 0.1377128618 0.1396063867 
 0.1349392633 0.1374117437 0.1393756971 
 0.1345503194 0.1370993252 0.1391345857 
 0.1341490610 0.1367754455 0.1388828946 
 0.1337353353 0.1364399458 0.1386204669 
 0.1333089936 0.1360926696 0.1383471469 
 0.1328698922 0.1357334638 0.1380627805 
 0.1324178932 0.1353621782 0.1377672156 
 0.1319528645 0.1349786669 0.1374603022 
 0.1314746811 0.1345827879 0.1371418931 
 0.1309832251 0.1341744044 0.1368118439 
 0.1304783866 0.1337533844 0.1364700132 
 0.1299600643 0.1333196016 0.1361162635 
 0.1294281657 0.1328729358 0.1357504609 
 0.1288826078 0.1324132730 0.1353724755 
 0.1283233178 0.1319405060 0.1349821819 
 0.1277502330 0.1314545348 0.1345794591 
 0.1271633018 0.1309552665 0.1341641910 
 0.1265624836 0.1304426162 0.1337362662 
 0.1259477497 0.1299165067 0.1332955788 
 0.1253190830 0.1293768691 0.1328420280 
 0.1246764787 0.1288236430 0.1323755183 
 0.1240199444 0.1282567765 0.1318959600 
 0.1233495002 0.1276762265 0.1314032689 
 0.1226651791 0.1270819588 0.1308973667 
 0.1219670270 0.1264739484 0.1303781807 
 0.1212551026 0.1258521793 0.1298456441 
 0.1205294780 0.1252166447 0.1292996963 
 0.1197902380 0.1245673474 0.1287402823 
 0.1190374807 0.1239042993 0.1281673533 
 0.1182713172 0.1232275220 0.1275808664 
 0.1174918715 0.1225370463 0.1269807849 
 0.1166992808 0.1218329127 0.1263670782 
 0.1158936950 0.1211151713 0.1257397219 
 0.1150752768 0.1203838818 0.1250986977 
 0.1142442017 0.1196391136 0.1244439938 
 0.1134006580 0.1188809460 0.1237756051 
 0.1125448462 0.1181094682 0.1230935327 
 0.1116769799 0.1173247794 0.1223977850 
 0.1107972847 0.1165269893 0.1216883771 
 0.1099059992 0.1157162178 0.1209653318 
 0.1090033743 0.1148925958 0.1202286796 
 0.1080896736 0.1140562652 0.1194784588 
 0.1071651734 0.1132073793 0.1187147167 
 0.1062301630 0.1123461031 0.1179375096 
 0.1052849446 0.1114726143 0.1171469032 
 0.1043298338 0.1105871031 0.1163429740 
 0.1033651595 0.1096897732 0.1155258093 
 0.1023912648 0.1087808424 0.1146955083 
 0.1014085065 0.1078605430 0.1138521832 
 0.1004172562 0.1069291231 0.1129959595 
 0.0994179003 0.1059868467 0.1121269776 
 0.0984108404 0.1050339947 0.1112453935 
 0.0973964935 0.1040708660 0.1103513801 
 0.0963752931 0.1030977780 0.1094451281 
 0.0953476884 0.1021150673 0.1085268473 
 0.0943141458 0.1011230910 0.1075967677 
 0.0932751484 0.1001222269 0.1066551408 
 0.0922311962 0.0991128745 0.1057022406 
 0.0911828069 0.0980954557 0.1047383647 
 0.0901305151 0.0970704152 0.1037638357 
 0.0890748729 0.0960382210 0.1027790015 
 0.0880164490 0.0949993648 0.1017842373 
 0.0869558293 0.0939543622 0.1007799452 
 0.0858936154 0.0929037527 0.0997665560 
 0.0848304249 0.0918480998 0.0987445288 
 0.0837668898 0.0907879904 0.0977143521 
 0.0827036561 0.0897240343 0.0966765434 
 0.0816413823 0.0886568639 0.0956316498 
 0.0805807381 0.0875871328 0.0945802469 
 0.0795224032 0.0865155149 0.0935229393 
 0.0784670651 0.0854427028 0.0924603590 
 0.0774154177 0.0843694067 0.0913931650 
 0.0763681590 0.0832963519 0.0903220416 
 0.0753259892 0.0822242772 0.0892476975 
 0.0742896079 0.0811539325 0.0881708631 
 0.0732597126 0.0800860763 0.0870922894 
 0.0722369952 0.0790214732 0.0860127451 
 0.0712221402 0.0779608913 0.0849330143 
 0.0702158220 0.0769050987 0.0838538937 
 0.0692187020 0.0758548614 0.0827761899 
 0.0682314263 0.0748109393 0.0817007159 
 0.0672546233 0.0737740841 0.0806282882 
 0.0662889008 0.0727450352 0.0795597233 
 0.0653348441 0.0717245175 0.0784958344 
 0.0643930136 0.0707132380 0.0774374279 
 0.0634639427 0.0697118828 0.0763852998 
 0.0625481359 0.0687211146 0.0753402326 
 0.0616460671 0.0677415700 0.0743029918 
 0.0607581780 0.0667738568 0.0732743226 
 0.0598848768 0.0658185522 0.0722549470 
 0.0590265375 0.0648762006 0.0712455608 
 0.0581834983 0.0639473117 0.0702468309 
 0.0573560616 0.0630323592 0.0692593929 
 0.0565444937 0.0621317796 0.0682838489 
 0.0557490241 0.0612459710 0.0673207654 
 0.0549698460 0.0603752927 0.0663706721 
 0.0542071166 0.0595200648 0.0654340601 
 0.0534609577 0.0586805679 0.0645113810 
 0.0527314561 0.0578570433 0.0636030464 
 0.0520186650 0.0570496936 0.0627094274 
 0.0513226045 0.0562586832 0.0618308543 
 0.0506432636 0.0554841390 0.0609676168 
 0.0499806009 0.0547261517 0.0601199647 
 0.0493345464 0.0539847772 0.0592881085 
 0.0487050031 0.0532600377 0.0584722203 
 0.0480918488 0.0525519234 0.0576724347 
 0.0474949376 0.0518603943 0.0568888509 
 0.0469141016 0.0511853819 0.0561215334 
 0.0463491531 0.0505267912 0.0553705143 
 0.0457998863 0.0498845023 0.0546357947 
 0.0452660788 0.0492583729 0.0539173470 
 0.0447474939 0.0486482399 0.0532151165 
 0.0442438818 0.0480539215 0.0525290238 
 0.0437549820 0.0474752194 0.0518589664 
 0.0432805243 0.0469119203 0.0512048215 
 0.0428202309 0.0463637980 0.0505664472 
 0.0423738178 0.0458306157 0.0499436852 
 0.0419409961 0.0453121268 0.0493363626 
 0.0415214734 0.0448080776 0.0487442937 
 0.0411149554 0.0443182081 0.0481672820 
 0.0407211467 0.0438422540 0.0476051219 
 0.0403397520 0.0433799479 0.0470576003 
 0.0399704773 0.0429310205 0.0465244984 
 0.0396130306 0.0424952020 0.0460055928 
 0.0392671226 0.0420722231 0.0455006574 
 0.0389324678 0.0416618159 0.0450094640 
 0.0386087848 0.0412637147 0.0445317837 
 0.0382957969 0.0408776569 0.0440673881 
 0.0379932326 0.0405033837 0.0436160498 
 0.0377008258 0.0401406403 0.0431775434 
 0.0374183164 0.0397891769 0.0427516460 
 0.0371454502 0.0394487486 0.0423381380 
 0.0368819794 0.0391191158 0.0419368033 
 0.0366276623 0.0388000445 0.0415474297 
 0.0363822636 0.0384913065 0.0411698093 
 0.0361455542 0.0381926792 0.0408037387 
 0.0359173115 0.0379039461 0.0404490190 
 0.0356973190 0.0376248961 0.0401054557 
 0.0354853660 0.0373553241 0.0397728593 
 0.0352812482 0.0370950303 0.0394510445 
 0.0350847668 0.0368438207 0.0391398309 
 0.0348957286 0.0366015063 0.0388390421 
 0.0347139458 0.0363679033 0.0385485061 
 0.0345392360 0.0361428330 0.0382680550 
 0.0343714216 0.0359261212 0.0379975249 
 0.0342103301 0.0357175984 0.0377367552 
 0.0340557934 0.0355170993 0.0374855894 
 0.0339076480 0.0353244628 0.0372438737 
 0.0337657348 0.0351395316 0.0370114580 
 0.0336298987 0.0349621524 0.0367881946 
 0.0334999885 0.0347921752 0.0365739389 
 0.0333758570 0.0346294535 0.0363685487 
 0.0332573607 0.0344738439 0.0361718842 
 0.0331443595 0.0343252062 0.0359838077 
 0.0330367166 0.0341834029 0.0358041837 
 0.0329342989 0.0340482993 0.0356328782 
 0.0328369759 0.0339197634 0.0354697594 
 0.0327446207 0.0337976653 0.0353146967 
 0.0326571087 0.0336818775 0.0351675607 
 0.0325743184 0.0335722748 0.0350282235 
 0.0324961308 0.0334687335 0.0348965581 
 0.0324224295 0.0333711321 0.0347724382 
 0.0323531000 0.0332793502 0.0346557383 
 0.0322880302 0.0331932690 0.0345463330 
 0.0322271099 0.0331127709 0.0344440975 
 0.0321702304 0.0330377390 0.0343489066 
 0.0321172847 0.0329680574 0.0342606350 
 0.0320681668 0.0329036104 0.0341791568 
 0.0320227719 0.0328442826 0.0341043453 
 0.0319809960 0.0327899584 0.0340360729 
 0.0319427355 0.0327405220 0.0339742104 
 0.0319078869 0.0326958570 0.0339186274 
 0.0318763471 0.0326558462 0.0338691914 
 0.0318480123 0.0326203712 0.0338257679 
 0.0318227786 0.0325893125 0.0337882202 
 0.0318005413 0.0325625488 0.0337564091 
 0.0317811947 0.0325399574 0.0337301930 
 0.0317646322 0.0325214138 0.0337094275 
 0.0317507463 0.0325067916 0.0336939655 
 0.0317394280 0.0324959626 0.0336836575 
 0.0317305675 0.0324887970 0.0336783513 
 0.0317240539 0.0324851630 0.0336778925 
 0.0317197754 0.0324849279 0.0336821249 
 0.0317176197 0.0324879578 0.0336908907 
 0.0317174742 0.0324941183 0.0337040312 
 0.0317192267 0.0325032749 0.0337213875 
 0.0317227657 0.0325152940 0.0337428013 
 0.0317279812 0.0325300434 0.0337681160 
 0.0317347657 0.0325473935 0.0337971776 
 0.0317430146 0.0325672182 0.0338298361 
 0.0317526279 0.0325893963 0.0338659468 
 0.0317635109 0.0326138127 0.0339053722 
 0.0317755756 0.0326403599 0.0339479833 
 0.0317887422 0.0326689396 0.0339936614 
 0.0318029402 0.0326994643 0.0340423007 
 0.0318181105 0.0327318595 0.0340938094 
 0.0318342068 0.0327660650 0.0341481127 
 0.0318511970 0.0328020374 0.0342051543 
 0.0318690655 0.0328397514 0.0342648992 
 0.0318878147 0.0328792028 0.0343273359 
 0.0319074668 0.0329204097 0.0343924785 
 0.0319280657 0.0329634148 0.0344603691 
 0.0319496787 0.0330082878 0.0345310800 
 0.0319723983 0.0330551265 0.0346047161 
 0.0319963437 0.0331040596 0.0346814167 
 0.0320216627 0.0331552478 0.0347613575 
 0.0320485329 0.0332088857 0.0348447525 
 0.0320771629 0.0332652031 0.0349318556 
 0.0321077940 0.0333244666 0.0350229618 
 0.0321407007 0.0333869804 0.0351184089 
 0.0321761919 0.0334530874 0.0352185778 
 0.0322146112 0.0335231698 0.0353238936 
 0.0322563377 0.0335976495 0.0354348257 
 0.0323017857 0.0336769880 0.0355518881 
 0.0323514051 0.0337616867 0.0356756387 
 0.0324056805 0.0338522859 0.0358066791 
 0.0324651312 0.0339493644 0.0359456532 
 0.0325303095 0.0340535379 0.0360932456 
 0.0326017999 0.0341654580 0.0362501803 
 0.0326802174 0.0342858096 0.0364172175 
 0.0327662051 0.0344153089 0.0365951513 
 0.0328604324 0.0345547003 0.0367848060 
 0.0329635916 0.0347047535 0.0369870324 
 0.0330763946 0.0348662591 0.0372027028 
 0.0331995697 0.0350400244 0.0374327061 
 0.0333338566 0.0352268686 0.0376779416 
 0.0334800019 0.0354276168 0.0379393129 
 0.0336387535 0.0356430938 0.0382177199 
 0.0338108548 0.0358741172 0.0385140510 
 0.0339970376 0.0361214898 0.0388291740 
 0.0341980151 0.0363859905 0.0391639262 
 0.0344144737 0.0366683657 0.0395191039 
 0.0346470640 0.0369693190 0.0398954508 
 0.0348963920 0.0372895005 0.0402936457 
 0.0351630086 0.0376294954 0.0407142894 
 0.0354473988 0.0379898116 0.0411578914 
 0.0357499712 0.0383708675 0.0416248554 
 0.0360710457 0.0387729789 0.0421154652 
 0.0364108423 0.0391963458 0.0426298699 
 0.0367694688 0.0396410391 0.0431680701 
 0.0371469091 0.0401069878 0.0437299034 
 0.0375430123 0.0405939669 0.0443150324 
 0.0379574816 0.0411015862 0.0449229327 
 0.0383898652 0.0416292800 0.0455528837 
 0.0388395484 0.0421763000 0.0462039609 
 0.0393057473 0.0427417092 0.0468750321 
 0.0397875057 0.0433243793 0.0475647563 
 0.0402836942 0.0439229918 0.0482715868 
 0.0407930131 0.0445360425 0.0489937791 
 0.0413139986 0.0451618504 0.0497294029 
 0.0418450341 0.0457985720 0.0504763609 
 0.0423843655 0.0464442200 0.0512324112 
 0.0429301212 0.0470966881 0.0519951974 
 0.0434803383 0.0477537802 0.0527622827 
 0.0440329926 0.0484132466 0.0535311910 
 0.0445860349 0.0490728241 0.0542994521 
 0.0451374314 0.0497302822 0.0550646525 
 0.0456852098 0.0503834733 0.0558244900 
 0.0462275087 0.0510303872 0.0565768326 
 0.0467626309 0.0516692091 0.0573197786 
 0.0472891008 0.0522983800 0.0580517206 
 0.0478057225 0.0529166589 0.0587714089 
 0.0483116408 0.0535231865 0.0594780154 
 0.0488064024 0.0541175477 0.0601711968 
 0.0492900171 0.0546998348 0.0608511557 
 0.0497630182 0.0552707076 0.0615186988 
 0.0502265213 0.0558314518 0.0621752919 
 0.0506822805 0.0563840334 0.0628231097 
 0.0511327418 0.0569311497 0.0634650806 
 0.0515810931 0.0574762741 0.0641049249 
 0.0520313088 0.0580236961 0.0647471857 
 0.0524881902 0.0585785539 0.0653972503 
 0.0529573998 0.0591468589 0.0660613626 
 0.0534454884 0.0597355103 0.0667466214 
 0.0539599137 0.0603522990 0.0674609660 
 0.0545090487 0.0610058963 0.0682131426 
 0.0551021775 0.0617058259 0.0690126498 
 0.0557494733 0.0624624137 0.0698696577 
 0.0564619568 0.0632867107 0.0707948961 
 0.0572514253 0.0641903815 0.0717995032 
 0.0581303472 0.0651855513 0.0728948293 
 0.0591117104 0.0662846008 0.0740921880 
 0.0602088136 0.0674998998 0.0754025453 
 0.0614349874 0.0688434686 0.0768361426 
 0.0628032304 0.0703265570 0.0784020485 
 0.0643257482 0.0719591366 0.0801076413 
 0.0660133854 0.0737493028 0.0819580295 
 0.0678749466 0.0757025972 0.0839554282 
 0.0699164144 0.0778212686 0.0860985201 
 0.0721400881 0.0801035086 0.0883818413 
 0.0745436842 0.0825427154 0.0907952477 
 0.0771194668 0.0851268530 0.0933235197 
 0.0798534924 0.0878379866 0.0959461708 
 0.0827250735 0.0906520778 0.0986375146 
 0.0857065637 0.0935391078 0.1013670241 
 0.0887635558 0.0964635754 0.1040999916 
 0.0918555408 0.0993853695 0.1067984576 
 0.0949370268 0.1022609696 0.1094223409 
 0.0979590441 0.1050448772 0.1119306725 
 0.1008709035 0.1076911432 0.1142828201 
 0.1036220338 0.1101548440 0.1164395927 
 0.1061637076 0.1123933671 0.1183641330 
 0.1084504930 0.1143674017 0.1200225436 
 0.1104413174 0.1160415810 0.1213842269 
 0.1121000979 0.1173847730 0.1224219610 
 0.1133959606 0.1183700677 0.1231117614 
 0.1143031273 0.1189745386 0.1234326009 
 0.1148005818 0.1191788811 0.1233660692 
 0.1148716451 0.1189670321 0.1228960583 
 0.1145035881 0.1183258779 0.1220085607 
 0.1136874004 0.1172451490 0.1206916673 
 0.1124178190 0.1157175960 0.1189358534 
 0.1106936988 0.1137395270 0.1167346397 
 0.1085187827 0.1113117738 0.1140857059 
 0.1059028857 0.1084411126 0.1109925025 
 0.1028634415 0.1051421036 0.1074663440 
 0.0994272672 0.1014392049 0.1035288490 
 0.0956322785 0.0973688787 0.0992144347 
 0.0915287683 0.0929812504 0.0945723872 
 0.0871797793 0.0883407753 0.0896678799 
 0.0826601241 0.0835253674 0.0845812939 
 0.0780537793 0.0786236362 0.0794053806 
 0.0734497028 0.0737302522 0.0742402403 
 0.0689365209 0.0689399446 0.0691866580 
 0.0645968726 0.0643410586 0.0643388533 
 0.0605023343 0.0600097708 0.0597779347 
 0.0567097236 0.0560059157 0.0555671804 
 0.0532592307 0.0523709476 0.0517497666 
 