0.0617690574 0.0587930591 0.0559021585 
 0.0621208847 0.0591312580 0.0562236221 
 0.0624788679 0.0594770933 0.0565543878 
 0.0628417981 0.0598292760 0.0568930822 
 0.0632083914 0.0601864308 0.0572382345 
 0.0635773156 0.0605471264 0.0575883093 
 0.0639472145 0.0609099031 0.0579417378 
 0.0643167310 0.0612732978 0.0582969456 
 0.0646845273 0.0616358668 0.0586523777 
 0.0650493026 0.0619962054 0.0590065195 
 0.0654098087 0.0623529643 0.0593579155 
 0.0657648626 0.0627048643 0.0597051843 
 0.0661133573 0.0630507070 0.0600470308 
 0.0664542701 0.0633893843 0.0603822558 
 0.0667866693 0.0637198850 0.0607097632 
 0.0671097187 0.0640412999 0.0610285652 
 0.0674226807 0.0643528246 0.0613377851 
 0.0677249183 0.0646537617 0.0616366592 
 0.0680158958 0.0649435211 0.0619245372 
 0.0682951781 0.0652216191 0.0622008809 
 0.0685624299 0.0654876775 0.0624652630 
 0.0688174136 0.0657414208 0.0627173641 
 0.0690599868 0.0659826740 0.0629569698 
 0.0692900992 0.0662113587 0.0631839671 
 0.0695077896 0.0664274899 0.0633983407 
 0.0697131816 0.0666311717 0.0636001679 
 0.0699064799 0.0668225930 0.0637896150 
 0.0700879657 0.0670020228 0.0639669317 
 0.0702579921 0.0671698057 0.0641324468 
 0.0704169795 0.0673263565 0.0642865623 
 0.0705654099 0.0674721550 0.0644297488 
 0.0707038222 0.0676077406 0.0645625392 
 0.0708328064 0.0677337068 0.0646855237 
 0.0709529977 0.0678506949 0.0647993432 
 0.0710650709 0.0679593886 0.0649046835 
 0.0711697342 0.0680605069 0.0650022691 
 0.0712677226 0.0681547985 0.0650928564 
 0.0713597923 0.0682430349 0.0651772273 
 0.0714467135 0.0683260038 0.0652561824 
 0.0715292644 0.0684045025 0.0653305341 
 0.0716082245 0.0684793312 0.0654010997 
 0.0716843684 0.0685512862 0.0654686944 
 0.0717584595 0.0686211538 0.0655341250 
 0.0718312436 0.0686897032 0.0655981825 
 0.0719034437 0.0687576814 0.0656616366 
 0.0719757541 0.0688258063 0.0657252285 
 0.0720488352 0.0688947623 0.0657896663 
 0.0721233094 0.0689651945 0.0658556187 
 0.0721997562 0.0690377049 0.0659237108 
 0.0722787090 0.0691128481 0.0659945197 
 0.0723606521 0.0691911278 0.0660685708 
 0.0724460181 0.0692729949 0.0661463348 
 0.0725351859 0.0693588444 0.0662282257 
 0.0726284797 0.0694490149 0.0663145986 
 0.0727261685 0.0695437873 0.0664057496 
 0.0728284659 0.0696433852 0.0665019147 
 0.0729355308 0.0697479749 0.0666032709 
 0.0730474683 0.0698576668 0.0667099370 
 0.0731643319 0.0699725172 0.0668219749 
 0.0732861251 0.0700925303 0.0669393925 
 0.0734128043 0.0702176607 0.0670621457 
 0.0735442814 0.0703478167 0.0671901420 
 0.0736804273 0.0704828634 0.0673232435 
 0.0738210752 0.0706226264 0.0674612708 
 0.0739660244 0.0707668959 0.0676040072 
 0.0741150440 0.0709154301 0.0677512027 
 0.0742678769 0.0710679599 0.0679025779 
 0.0744242435 0.0712241926 0.0680578292 
 0.0745838462 0.0713838162 0.0682166321 
 0.0747463725 0.0715465038 0.0683786463 
 0.0749114998 0.0717119169 0.0685435195 
 0.0750788981 0.0718797100 0.0687108916 
 0.0752482342 0.0720495339 0.0688803985 
 0.0754191750 0.0722210396 0.0690516760 
 0.0755913905 0.0723938812 0.0692243632 
 0.0757645570 0.0725677196 0.0693981062 
 0.0759383599 0.0727422249 0.0695725603 
 0.0761124959 0.0729170796 0.0697473937 
 0.0762866758 0.0730919805 0.0699222898 
 0.0764606262 0.0732666414 0.0700969492 
 0.0766340917 0.0734407945 0.0702710920 
 0.0768068362 0.0736141925 0.0704444595 
 0.0769786443 0.0737866100 0.0706168158 
 0.0771493227 0.0739578444 0.0707879489 
 0.0773187005 0.0741277170 0.0709576717 
 0.0774866307 0.0742960737 0.0711258228 
 0.0776529899 0.0744627856 0.0712922670 
 0.0778176790 0.0746277490 0.0714568955 
 0.0779806231 0.0747908855 0.0716196260 
 0.0781417713 0.0749521421 0.0717804026 
 0.0783010962 0.0751114903 0.0719391952 
 0.0784585939 0.0752689262 0.0720959991 
 0.0786142827 0.0754244692 0.0722508343 
 0.0787682027 0.0755781616 0.0724037443 
 0.0789204146 0.0757300672 0.0725547955 
 0.0790709987 0.0758802701 0.0727040754 
 0.0792200534 0.0760288740 0.0728516917 
 0.0793676944 0.0761759998 0.0729977706 
 0.0795140525 0.0763217851 0.0731424552 
 0.0796592729 0.0764663820 0.0732859041 
 0.0798035129 0.0766099554 0.0734282893 
 0.0799469406 0.0767526815 0.0735697945 
 0.0800897332 0.0768947462 0.0737106133 
 0.0802320753 0.0770363426 0.0738509474 
 0.0803741568 0.0771776701 0.0739910044 
 0.0805161716 0.0773189315 0.0741309961 
 0.0806583157 0.0774603323 0.0742711366 
 0.0808007852 0.0776020780 0.0744116403 
 0.0809437752 0.0777443727 0.0745527200 
 0.0810874775 0.0778874174 0.0746945854 
 0.0812320795 0.0780314083 0.0748374411 
 0.0813777624 0.0781765352 0.0749814847 
 0.0815246999 0.0783229797 0.0751269060 
 0.0816730567 0.0784709145 0.0752738846 
 0.0818229874 0.0786205013 0.0754225892 
 0.0819746355 0.0787718900 0.0755731761 
 0.0821281317 0.0789252177 0.0757257879 
 0.0822835940 0.0790806075 0.0758805529 
 0.0824411259 0.0792381677 0.0760375839 
 0.0826008165 0.0793979914 0.0761969775 
 0.0827627396 0.0795601555 0.0763588138 
 0.0829269536 0.0797247209 0.0765231557 
 0.0830935011 0.0798917318 0.0766900491 
 0.0832624087 0.0800612158 0.0768595221 
 0.0834336876 0.0802331840 0.0770315859 
 0.0836073332 0.0804076310 0.0772062343 
 0.0837833259 0.0805845358 0.0773834445 
 0.0839616315 0.0807638619 0.0775631778 
 0.0841422016 0.0809455579 0.0777453798 
 0.0843249750 0.0811295588 0.0779299818 
 0.0845098779 0.0813157864 0.0781169012 
 0.0846968254 0.0815041507 0.0783060431 
 0.0848857222 0.0816945511 0.0784973013 
 0.0850764645 0.0818868773 0.0786905597 
 0.0852689405 0.0820810111 0.0788856937 
 0.0854630325 0.0822768278 0.0790825715 
 0.0856586176 0.0824741971 0.0792810562 
 0.0858555698 0.0826729857 0.0794810067 
 0.0860537614 0.0828730577 0.0796822800 
 0.0862530642 0.0830742773 0.0798847324 
 0.0864533511 0.0832765095 0.0800882216 
 0.0866544981 0.0834796222 0.0802926079 
 0.0868563849 0.0836834877 0.0804977561 
 0.0870588972 0.0838879838 0.0807035370 
 0.0872619275 0.0840929958 0.0809098290 
 0.0874653766 0.0842984176 0.0811165194 
 0.0876691548 0.0845041529 0.0813235058 
 0.0878731828 0.0847101163 0.0815306973 
 0.0880773933 0.0849162349 0.0817380158 
 0.0882817310 0.0851224486 0.0819453968 
 0.0884861541 0.0853287113 0.0821527902 
 0.0886906347 0.0855349913 0.0823601613 
 0.0888951592 0.0857412722 0.0825674913 
 0.0890997285 0.0859475529 0.0827747775 
 0.0893043587 0.0861538481 0.0829820338 
 0.0895090806 0.0863601882 0.0831892905 
 0.0897139400 0.0865666195 0.0833965948 
 0.0899189974 0.0867732035 0.0836040099 
 0.0901243271 0.0869800169 0.0838116150 
 0.0903300175 0.0871871511 0.0840195048 
 0.0905361696 0.0873947110 0.0842277887 
 0.0907428970 0.0876028148 0.0844365899 
 0.0909503242 0.0878115928 0.0846460444 
 0.0911585859 0.0880211860 0.0848563001 
 0.0913678259 0.0882317455 0.0850675154 
 0.0915781956 0.0884434306 0.0852798578 
 0.0917898528 0.0886564079 0.0854935026 
 0.0920029603 0.0888708492 0.0857086311 
 0.0922176841 0.0890869307 0.0859254293 
 0.0924341920 0.0893048304 0.0861440858 
 0.0926526522 0.0895247275 0.0863647903 
 0.0928732312 0.0897467997 0.0865877319 
 0.0930960925 0.0899712220 0.0868130969 
 0.0933213950 0.0901981651 0.0870410674 
 0.0935492911 0.0904277932 0.0872718191 
 0.0937799253 0.0906602627 0.0875055202 
 0.0940134326 0.0908957204 0.0877423287 
 0.0942499374 0.0911343023 0.0879823917 
 0.0944895516 0.0913761317 0.0882258434 
 0.0947323738 0.0916213181 0.0884728036 
 0.0949784880 0.0918699561 0.0887233767 
 0.0952279627 0.0921221241 0.0889776506 
 0.0954808501 0.0923778836 0.0892356951 
 0.0957371853 0.0926372785 0.0894975619 
 0.0959969863 0.0929003344 0.0897632837 
 0.0962602531 0.0931670583 0.0900328734 
 0.0965269680 0.0934374387 0.0903063247 
 0.0967970958 0.0937114455 0.0905836114 
 0.0970705839 0.0939890299 0.0908646881 
 0.0973473626 0.0942701258 0.0911494906 
 0.0976273465 0.0945546496 0.0914379365 
 0.0979104347 0.0948425016 0.0917299261 
 0.0981965121 0.0951335668 0.0920253434 
 0.0984854508 0.0954277162 0.0923240576 
 0.0987771111 0.0957248084 0.0926259245 
 0.0990713433 0.0960246907 0.0929307877 
 0.0993679891 0.0963272011 0.0932384806 
 0.0996668831 0.0966321700 0.0935488283 
 0.0999678550 0.0969394214 0.0938616490 
 0.1002707310 0.0972487757 0.0941767562 
 0.1005753357 0.0975600506 0.0944939607 
 0.1008814939 0.0978730635 0.0948130720 
 0.1011890319 0.0981876331 0.0951339008 
 0.1014977801 0.0985035811 0.0954562602 
 0.1018075737 0.0988207340 0.0957799678 
 0.1021182546 0.0991389244 0.0961048473 
 0.1024296727 0.0994579926 0.0964307297 
 0.1027416874 0.0997777883 0.0967574549 
 0.1030541685 0.1000981708 0.0970848729 
 0.1033669970 0.1004190112 0.0974128450 
 0.1036800664 0.1007401922 0.0977412442 
 0.1039932830 0.1010616095 0.0980699565 
 0.1043065666 0.1013831722 0.0983988812 
 0.1046198506 0.1017048029 0.0987279312 
 0.1049330822 0.1020264381 0.0990570336 
 0.1052462226 0.1023480283 0.0993861293 
 0.1055592466 0.1026695376 0.0997151734 
 0.1058721424 0.1029909438 0.1000441345 
 0.1061849111 0.1033122377 0.1003729946 
 0.1064975659 0.1036334226 0.1007017486 
 0.1068101315 0.1039545135 0.1010304035 
 0.1071226433 0.1042755366 0.1013589779 
 0.1074351464 0.1045965283 0.1016875009 
 0.1077476942 0.1049175339 0.1020160113 
 0.1080603476 0.1052386068 0.1023445568 
 0.1083731738 0.1055598074 0.1026731924 
 0.1086862446 0.1058812018 0.1030019797 
 0.1089996354 0.1062028604 0.1033309857 
 0.1093134240 0.1065248570 0.1036602812 
 0.1096276886 0.1068472669 0.1039899404 
 0.1099425070 0.1071701665 0.1043200385 
 0.1102579552 0.1074936312 0.1046506517 
 0.1105741059 0.1078177345 0.1049818550 
 0.1108910271 0.1081425469 0.1053137218 
 0.1112087813 0.1084681344 0.1056463222 
 0.1115274242 0.1087945580 0.1059797223 
 0.1118470035 0.1091218718 0.1063139830 
 0.1121675583 0.1094501231 0.1066491592 
 0.1124891180 0.1097793506 0.1069852989 
 0.1128117016 0.1101095847 0.1073224424 
 0.1131353175 0.1104408459 0.1076606219 
 0.1134599628 0.1107731450 0.1079998609 
 0.1137856230 0.1111064827 0.1083401734 
 0.1141122720 0.1114408492 0.1086815644 
 0.1144398721 0.1117762240 0.1090240291 
 0.1147683743 0.1121125767 0.1093675531 
 0.1150977182 0.1124498661 0.1097121128 
 0.1154278330 0.1127880418 0.1100576750 
 0.1157586380 0.1131270435 0.1104041981 
 0.1160900428 0.1134668025 0.1107516316 
 0.1164219489 0.1138072419 0.1110999177 
 0.1167542502 0.1141482775 0.1114489913 
 0.1170868343 0.1144898190 0.1117987808 
 0.1174195832 0.1148317703 0.1121492095 
 0.1177523753 0.1151740316 0.1125001960 
 0.1180850858 0.1155164994 0.1128516551 
 0.1184175885 0.1158590685 0.1132034996 
 0.1187497570 0.1162016325 0.1135556402 
 0.1190814660 0.1165440854 0.1139079874 
 0.1194125926 0.1168863227 0.1142604524 
 0.1197430175 0.1172282425 0.1146129478 
 0.1200726266 0.1175697462 0.1149653887 
 0.1204013114 0.1179107403 0.1153176938 
 0.1207289709 0.1182511366 0.1156697861 
 0.1210555122 0.1185908537 0.1160215938 
 0.1213808516 0.1189298175 0.1163730509 
 0.1217049150 0.1192679619 0.1167240978 
 0.1220276391 0.1196052293 0.1170746822 
 0.1223489716 0.1199415715 0.1174247588 
 0.1226688719 0.1202769495 0.1177742901 
 0.1229873110 0.1206113341 0.1181232468 
 0.1233042717 0.1209447059 0.1184716071 
 0.1236197491 0.1212770551 0.1188193574 
 0.1239337495 0.1216083814 0.1191664917 
 0.1242462909 0.1219386940 0.1195130112 
 0.1245574018 0.1222680107 0.1198589246 
 0.1248671211 0.1225963573 0.1202042466 
 0.1251754971 0.1229237673 0.1205489981 
 0.1254825863 0.1232502808 0.1208932049 
 0.1257884525 0.1235759436 0.1212368973 
 0.1260931658 0.1239008060 0.1215801088 
 0.1263968007 0.1242249219 0.1219228756 
 0.1266994353 0.1245483474 0.1222652351 
 0.1270011493 0.1248711397 0.1226072250 
 0.1273020223 0.1251933552 0.1229488821 
 0.1276021326 0.1255150489 0.1232902412 
 0.1279015549 0.1258362722 0.1236313341 
 0.1282003592 0.1261570720 0.1239721878 
 0.1284986084 0.1264774891 0.1243128240 
 0.1287963571 0.1267975565 0.1246532577 
 0.1290936497 0.1271172985 0.1249934959 
 0.1293905186 0.1274367292 0.1253335370 
 0.1296869834 0.1277558514 0.1256733694 
 0.1299830487 0.1280746551 0.1260129709 
 0.1302787036 0.1283931171 0.1263523079 
 0.1305739200 0.1287111999 0.1266913345 
 0.1308686522 0.1290288508 0.1270299926 
 0.1311628359 0.1293460016 0.1273682107 
 0.1314563878 0.1296625685 0.1277059042 
 0.1317492054 0.1299784511 0.1280429750 
 0.1320411668 0.1302935333 0.1283793119 
 0.1323321310 0.1306076828 0.1287147904 
 0.1326219381 0.1309207520 0.1290492732 
 0.1329104102 0.1312325782 0.1293826109 
 0.1331973519 0.1315429843 0.1297146423 
 0.1334825516 0.1318517799 0.1300451953 
 0.1337657823 0.1321587622 0.1303740880 
 0.1340468037 0.1324637174 0.1307011292 
 0.1343253630 0.1327664215 0.1310261203 
 0.1346011968 0.1330666422 0.1313488557 
 0.1348740332 0.1333641405 0.1316691244 
 0.1351435934 0.1336586715 0.1319867116 
 0.1354095936 0.1339499871 0.1323013997 
 0.1356717471 0.1342378368 0.1326129698 
 0.1359297664 0.1345219700 0.1329212032 
 0.1361833650 0.1348021373 0.1332258826 
 0.1364322596 0.1350780923 0.1335267939 
 0.1366761722 0.1353495933 0.1338237272 
 0.1369148313 0.1356164049 0.1341164779 
 0.1371479746 0.1358782991 0.1344048486 
 0.1373753502 0.1361350573 0.1346886498 
 0.1375967181 0.1363864713 0.1349677008 
 0.1378118520 0.1366323444 0.1352418312 
 0.1380205402 0.1368724926 0.1355108813 
 0.1382225872 0.1371067455 0.1357747030 
 0.1384178142 0.1373349471 0.1360331604 
 0.1386060600 0.1375569562 0.1362861302 
 0.1387871818 0.1377726471 0.1365335022 
 0.1389610553 0.1379819098 0.1367751793 
 0.1391275750 0.1381846500 0.1370110775 
 0.1392866541 0.1383807889 0.1372411260 
 0.1394382240 0.1385702634 0.1374652666 
 0.1395822343 0.1387530249 0.1376834537 
 0.1397186517 0.1389290395 0.1378956532 
 0.1398474593 0.1390982865 0.1381018423 
 0.1399686553 0.1392607578 0.1383020081 
 0.1400822518 0.1394164565 0.1384961471 
 0.1401882732 0.1395653958 0.1386842638 
 0.1402867547 0.1397075976 0.1388663693 
 0.1403777402 0.1398430905 0.1390424805 
 0.1404612807 0.1399719088 0.1392126179 
 0.1405374316 0.1400940900 0.1393768048 
 0.1406062511 0.1402096735 0.1395350654 
 0.1406677978 0.1403186983 0.1396874230 
 0.1407221280 0.1404212013 0.1398338988 
 0.1407692941 0.1405172152 0.1399745098 
 0.1408093415 0.1406067669 0.1401092678 
 0.1408423070 0.1406898750 0.1402381769 
 0.1408682162 0.1407665485 0.1403612331 
 0.1408870816 0.1408367849 0.1404784219 
 0.1408989008 0.1409005687 0.1405897174 
 0.1409036545 0.1409578696 0.1406950813 
 0.1409013049 0.1410086415 0.1407944612 
 0.1408917946 0.1410528213 0.1408877902 
 0.1408750453 0.1410903281 0.1409749860 
 0.1408509568 0.1411210620 0.1410559502 
 0.1408194068 0.1411449041 0.1411305679 
 0.1407802500 0.1411617161 0.1411987076 
 0.1407333184 0.1411713400 0.1412602212 
 0.1406784215 0.1411735986 0.1413149438 
 0.1406153466 0.1411682957 0.1413626947 
 0.1405438599 0.1411552169 0.1414032772 
 0.1404637070 0.1411341303 0.1414364800 
 0.1403746145 0.1411047875 0.1414620773 
 0.1402762915 0.1410669250 0.1414798309 
 0.1401684311 0.1410202655 0.1414894902 
 0.1400507123 0.1409645196 0.1414907943 
 0.1399228022 0.1408993869 0.1414834731 
 0.1397843579 0.1408245587 0.1414672489 
 0.1396350285 0.1407397190 0.1414418375 
 0.1394744582 0.1406445468 0.1414069506 
 0.1393022878 0.1405387181 0.1413622967 
 0.1391181574 0.1404219076 0.1413075829 
 0.1389217088 0.1402937907 0.1412425166 
 0.1387125878 0.1401540456 0.1411668072 
 0.1384904459 0.1400023547 0.1410801672 
 0.1382549433 0.1398384069 0.1409823138 
 0.1380057502 0.1396618986 0.1408729706 
 0.1377425489 0.1394725358 0.1407518683 
 0.1374650353 0.1392700350 0.1406187459 
 0.1371729210 0.1390541248 0.1404733522 
 0.1368659337 0.1388245465 0.1403154460 
 0.1365438193 0.1385810556 0.1401447971 
 0.1362063419 0.1383234220 0.1399611870 
 0.1358532851 0.1380514306 0.1397644089 
 0.1354844523 0.1377648819 0.1395542682 
 0.1350996668 0.1374635917 0.1393305825 
 0.1346987720 0.1371473915 0.1390931813 
 0.1342816309 0.1368161279 0.1388419062 
 0.1338481260 0.1364696623 0.1385766101 
 0.1333981586 0.1361078705 0.1382971566 
 0.1329316478 0.1357306417 0.1380034197 
 0.1324485300 0.1353378777 0.1376952828 
 0.1319487571 0.1349294922 0.1373726377 
 0.1314322960 0.1345054092 0.1370353839 
 0.1308991270 0.1340655625 0.1366834273 
 0.1303492424 0.1336098939 0.1363166794 
 0.1297826451 0.1331383523 0.1359350559 
 0.1291993474 0.1326508924 0.1355384758 
 0.1285993693 0.1321474735 0.1351268603 
 0.1279827378 0.1316280584 0.1347001318 
 0.1273494849 0.1310926122 0.1342582126 
 0.1266996473 0.1305411016 0.1338010247 
 0.1260332650 0.1299734937 0.1333284883 
 0.1253503810 0.1293897559 0.1328405216 
 0.1246510402 0.1287898549 0.1323370402 
 0.1239352898 0.1281737566 0.1318179567 
 0.1232031787 0.1275414261 0.1312831808 
 0.1224547583 0.1268928278 0.1307326191 
 0.1216900824 0.1262279259 0.1301661753 
 0.1209092084 0.1255466848 0.1295837511 
 0.1201121982 0.1248490704 0.1289852462 
 0.1192991195 0.1241350505 0.1283705598 
 0.1184700473 0.1234045969 0.1277395914 
 0.1176250659 0.1226576868 0.1270922419 
 0.1167642704 0.1218943040 0.1264284154 
 0.1158877696 0.1211144417 0.1257480209 
 0.1149956875 0.1203181040 0.1250509736 
 0.1140881663 0.1195053084 0.1243371973 
 0.1131653686 0.1186760882 0.1236066265 
 0.1122274800 0.1178304947 0.1228592082 
 0.1112747114 0.1169685999 0.1220949043 
 0.1103073017 0.1160904989 0.1213136941 
 0.1093255200 0.1151963121 0.1205155763 
 0.1083296674 0.1142861879 0.1197005711 
 0.1073200794 0.1133603048 0.1188687230 
 0.1062971275 0.1124188731 0.1180201025 
 0.1052612204 0.1114621375 0.1171548080 
 0.1042128050 0.1104903780 0.1162729682 
 0.1031523676 0.1095039119 0.1153747434 
 0.1020804338 0.1085030945 0.1144603270 
 0.1009975686 0.1074883201 0.1135299472 
 0.0999043758 0.1064600224 0.1125838676 
 0.0988014975 0.1054186747 0.1116223885 
 0.0976896124 0.1043647895 0.1106458469 
 0.0965694341 0.1032989180 0.1096546173 
 0.0954417093 0.1022216493 0.1086491112 
 0.0943072152 0.1011336087 0.1076297772 
 0.0931667566 0.1000354564 0.1065971000 
 0.0920211630 0.0989278854 0.1055515999 
 0.0908712848 0.0978116193 0.1044938314 
 0.0897179904 0.0966874095 0.1034243817 
 0.0885621619 0.0955560327 0.1023438692 
 0.0874046914 0.0944182879 0.1012529419 
 0.0862464773 0.0932749933 0.1001522746 
 0.0850884200 0.0921269828 0.0990425675 
 0.0839314184 0.0909751030 0.0979245431 
 0.0827763658 0.0898202094 0.0967989442 
 0.0816241465 0.0886631639 0.0956665315 
 0.0804756321 0.0875048304 0.0945280803 
 0.0793316786 0.0863460726 0.0933843787 
 0.0781931231 0.0851877503 0.0922362245 
 0.0770607813 0.0840307166 0.0910844231 
 0.0759354447 0.0828758154 0.0899297845 
 0.0748178792 0.0817238787 0.0887731215 
 0.0737088227 0.0805757240 0.0876152469 
 0.0726089839 0.0794321527 0.0864569721 
 0.0715190411 0.0782939481 0.0852991042 
 0.0704396412 0.0771618734 0.0841424450 
 0.0693713996 0.0760366710 0.0829877885 
 0.0683148991 0.0749190605 0.0818359202 
 0.0672706908 0.0738097387 0.0806876148 
 0.0662392934 0.0727093780 0.0795436357 
 0.0652211941 0.0716186263 0.0784047332 
 0.0642168490 0.0705381068 0.0772716440 
 0.0632266835 0.0694684170 0.0761450899 
 0.0622510933 0.0684101295 0.0750257769 
 0.0612904455 0.0673637912 0.0739143948 
 0.0603450787 0.0663299239 0.0728116162 
 0.0594153049 0.0653090242 0.0717180960 
 0.0585014098 0.0643015636 0.0706344705 
 0.0576036540 0.0633079889 0.0695613571 
 0.0567222739 0.0623287224 0.0684993537 
 0.0558574826 0.0613641620 0.0674490378 
 0.0550094710 0.0604146816 0.0664109663 
 0.0541784080 0.0594806311 0.0653856748 
 0.0533644420 0.0585623369 0.0643736768 
 0.0525677013 0.0576601019 0.0633754636 
 0.0517882945 0.0567742058 0.0623915033 
 0.0510263117 0.0559049049 0.0614222404 
 0.0502818246 0.0550524331 0.0604680952 
 0.0495548871 0.0542170010 0.0595294634 
 0.0488455361 0.0533987967 0.0586067155 
 0.0481537914 0.0525979861 0.0577001962 
 0.0474796569 0.0518147125 0.0568102242 
 0.0468231202 0.0510490970 0.0559370919 
 0.0461841534 0.0503012390 0.0550810648 
 0.0455627138 0.0495712162 0.0542423815 
 0.0449587437 0.0488590849 0.0534212535 
 0.0443721713 0.0481648803 0.0526178652 
 0.0438029108 0.0474886169 0.0518323739 
 0.0432508629 0.0468302891 0.0510649100 
 0.0427159158 0.0461898714 0.0503155771 
 0.0421979447 0.0455673192 0.0495844527 
 0.0416968132 0.0449625691 0.0488715881 
 0.0412123734 0.0443755398 0.0481770094 
 0.0407444666 0.0438061327 0.0475007182 
 0.0402929239 0.0432542326 0.0468426919 
 0.0398575668 0.0427197086 0.0462028849 
 0.0394382077 0.0422024150 0.0455812294 
 0.0390346509 0.0417021917 0.0449776365 
 0.0386466930 0.0412188658 0.0443919970 
 0.0382741235 0.0407522521 0.0438241829 
 0.0379167259 0.0403021541 0.0432740480 
 0.0375742780 0.0398683651 0.0427414297 
 0.0372465531 0.0394506692 0.0422261501 
 0.0369333200 0.0390488419 0.0417280168 
 0.0366343444 0.0386626517 0.0412468249 
 0.0363493891 0.0382918607 0.0407823575 
 0.0360782152 0.0379362254 0.0403343878 
 0.0358205822 0.0375954982 0.0399026794 
 0.0355762491 0.0372694279 0.0394869886 
 0.0353449746 0.0369577605 0.0390870648 
 0.0351265182 0.0366602405 0.0387026518 
 0.0349206406 0.0363766114 0.0383334895 
 0.0347271040 0.0361066166 0.0379793144 
 0.0345456728 0.0358500001 0.0376398606 
 0.0343761144 0.0356065074 0.0373148616 
 0.0342181990 0.0353758859 0.0370040501 
 0.0340717006 0.0351578855 0.0367071598 
 0.0339363971 0.0349522595 0.0364239259 
 0.0338120706 0.0347587650 0.0361540857 
 0.0336985081 0.0345771630 0.0358973796 
 0.0335955010 0.0344072192 0.0356535515 
 0.0335028462 0.0342487046 0.0354223495 
 0.0334203457 0.0341013950 0.0352035262 
 0.0333478071 0.0339650722 0.0349968397 
 0.0332850434 0.0338395235 0.0348020532 
 0.0332318732 0.0337245423 0.0346189359 
 0.0331881211 0.0336199282 0.0344472630 
 0.0331536169 0.0335254868 0.0342868161 
 0.0331281966 0.0334410300 0.0341373831 
 0.0331117014 0.0333663760 0.0339987583 
 0.0331039783 0.0333013491 0.0338707430 
 0.0331048795 0.0332457798 0.0337531446 
 0.0331142627 0.0331995045 0.0336457773 
 0.0331319904 0.0331623655 0.0335484615 
 0.0331579305 0.0331342110 0.0334610241 
 0.0331919551 0.0331148945 0.0333832980 
 0.0332339412 0.0331042747 0.0333151220 
 0.0332837697 0.0331022156 0.0332563408 
 0.0333413259 0.0331085857 0.0332068044 
 0.0334064984 0.0331232583 0.0331663679 
 0.0334791795 0.0331461105 0.0331348914 
 0.0335592646 0.0331770238 0.0331122395 
 0.0336466521 0.0332158829 0.0330982813 
 0.0337412427 0.0332625759 0.0330928895 
 0.0338429397 0.0333169940 0.0330959405 
 0.0339516483 0.0333790309 0.0331073142 
 0.0340672753 0.0334485826 0.0331268930 
 0.0341897291 0.0335255472 0.0331545623 
 0.0343189192 0.0336098246 0.0331902094 
 0.0344547560 0.0337013161 0.0332337239 
 0.0345971505 0.0337999239 0.0332849967 
 0.0347460142 0.0339055514 0.0333439202 
 0.0349012587 0.0340181024 0.0334103879 
 0.0350627956 0.0341374811 0.0334842939 
 0.0352305360 0.0342635918 0.0335655330 
 0.0354043910 0.0343963388 0.0336539999 
 0.0355842705 0.0345356258 0.0337495899 
 0.0357700841 0.0346813564 0.0338521976 
 0.0359617401 0.0348334332 0.0339617175 
 0.0361591459 0.0349917582 0.0340780435 
 0.0363622074 0.0351562321 0.0342010687 
 0.0365708294 0.0353267548 0.0343306856 
 0.0367849152 0.0355032249 0.0344667854 
 0.0370043666 0.0356855394 0.0346092584 
 0.0372290835 0.0358735943 0.0347579936 
 0.0374589645 0.0360672837 0.0349128787 
 0.0376939060 0.0362665003 0.0350738003 
 0.0379338030 0.0364711351 0.0352406430 
 0.0381785484 0.0366810774 0.0354132905 
 0.0384280331 0.0368962146 0.0355916246 
 0.0386821462 0.0371164326 0.0357755255 
 0.0389407748 0.0373416150 0.0359648720 
 0.0392038037 0.0375716440 0.0361595409 
 0.0394711160 0.0378063996 0.0363594076 
 0.0397425924 0.0380457598 0.0365643455 
 0.0400181116 0.0382896008 0.0367742266 
 0.0402975501 0.0385377966 0.0369889206 
 0.0405807821 0.0387902193 0.0372082958 
 0.0408676798 0.0390467389 0.0374322186 
 0.0411581129 0.0393072231 0.0376605532 
 0.0414519489 0.0395715377 0.0378931623 
 0.0417490529 0.0398395461 0.0381299064 
 0.0420492877 0.0401111096 0.0383706441 
 0.0423525135 0.0403860873 0.0386152320 
 0.0426585884 0.0406643359 0.0388635246 
 0.0429673677 0.0409457098 0.0391153743 
 0.0432787044 0.0412300611 0.0393706315 
 0.0435924488 0.0415172393 0.0396291442 
 0.0439084490 0.0418070918 0.0398907585 
 0.0442265500 0.0420994632 0.0401553179 
 0.0445465948 0.0423941961 0.0404226641 
 0.0448684235 0.0426911301 0.0406926361 
 0.0451918737 0.0429901028 0.0409650708 
 0.0455167804 0.0432909490 0.0412398029 
 0.0458429764 0.0435935013 0.0415166646 
 0.0461702918 0.0438975897 0.0417954859 
 0.0464985542 0.0442030419 0.0420760945 
 0.0468275893 0.0445096833 0.0423583160 
 0.0471572202 0.0448173372 0.0426419738 
 0.0474872680 0.0451258244 0.0429268890 
 0.0478175521 0.0454349642 0.0432128812 
 0.0481478896 0.0457445735 0.0434997675 
 0.0484780964 0.0460544678 0.0437873636 
 0.0488079868 0.0463644609 0.0440754837 
 0.0491373736 0.0466743652 0.0443639402 
 0.0494660691 0.0469839920 0.0446525445 
 0.0497938844 0.0472931518 0.0449411070 
 0.0501206303 0.0476016542 0.0452294371 
 0.0504461175 0.0479093085 0.0455173439 
 0.0507701566 0.0482159240 0.0458046360 
 0.0510925588 0.0485213101 0.0460911222 
 0.0514131360 0.0488252768 0.0463766117 
 0.0517317013 0.0491276351 0.0466609142 
 0.0520480693 0.0494281970 0.0469438405 
 0.0523620564 0.0497267764 0.0472252029 
 0.0526734813 0.0500231891 0.0475048153 
 0.0529821652 0.0503172532 0.0477824939 
 0.0532879326 0.0506087896 0.0480580573 
 0.0535906111 0.0508976225 0.0483313270 
 0.0538900321 0.0511835795 0.0486021278 
 0.0541860313 0.0514664920 0.0488702883 
 0.0544784487 0.0517461960 0.0491356410 
 0.0547671292 0.0520225317 0.0493980227 
 0.0550519227 0.0522953446 0.0496572752 
 0.0553326847 0.0525644853 0.0499132450 
 0.0556092762 0.0528298099 0.0501657843 
 0.0558815641 0.0530911803 0.0504147507 
 0.0561494217 0.0533484645 0.0506600077 
 0.0564127284 0.0536015366 0.0509014249 
 0.0566713699 0.0538502772 0.0511388779 
 0.0569252385 0.0540945731 0.0513722490 
 0.0571742333 0.0543343179 0.0516014266 
 0.0574182597 0.0545694116 0.0518263058 
 0.0576572296 0.0547997607 0.0520467880 
 0.0578910616 0.0550252782 0.0522627811 
 0.0581196803 0.0552458835 0.0524741993 
 0.0583430169 0.0554615020 0.0526809627 
 0.0585610080 0.0556720654 0.0528829976 
 0.0587735962 0.0558775106 0.0530802359 
 0.0589807294 0.0560777803 0.0532726147 
 0.0591823605 0.0562728220 0.0534600765 
 0.0593784470 0.0564625882 0.0536425682 
 0.0595689508 0.0566470354 0.0538200408 
 0.0597538374 0.0568261240 0.0539924496 
 0.0599330759 0.0569998177 0.0541597527 
 0.0601066381 0.0571680834 0.0543219115 
 0.0602744984 0.0573308900 0.0544788894 
 0.0604366329 0.0574882087 0.0546306518 
 0.0605930196 0.0576400118 0.0547771655 
 0.0607436372 0.0577862729 0.0549183982 
 0.0608884650 0.0579269659 0.0550543179 
 0.0610274828 0.0580620650 0.0551848926 
 0.0611606701 0.0581915439 0.0553100901 
 0.0612880060 0.0583153761 0.0554298774 
 0.0614094689 0.0584335341 0.0555442205 
 0.0615250363 0.0585459892 0.0556530842 
 0.0616346849 0.0586527121 0.0557564322 
 0.0617383903 0.0587536719 0.0558542269 
 0.0618361272 0.0588488369 0.0559464293 
 0.0619278698 0.0589381746 0.0560329997 
 0.0620135914 0.0590216515 0.0561138976 
 0.0620932655 0.0590992344 0.0561890819 
 0.0621668659 0.0591708901 0.0562585122 
 0.0622343671 0.0592365862 0.0563221487 
 0.0622957456 0.0592962922 0.0563799532 
 0.0623509798 0.0593499796 0.0564318900 
 0.0624000515 0.0593976235 0.0564779271 
 0.0624429467 0.0594392032 0.0565180365 
 0.0624796564 0.0594747035 0.0565521964 
 0.0625101779 0.0595041154 0.0565803914 
 0.0625345157 0.0595274379 0.0566026146 
 0.0625526830 0.0595446789 0.0566188684 
 0.0625647023 0.0595558563 0.0566291658 
 0.0625706073 0.0595609996 0.0566335322 
 0.0625704433 0.0595601508 0.0566320061 
 0.0625642687 0.0595533658 0.0566246408 
 0.0625521561 0.0595407152 0.0566115052 
 0.0625341926 0.0595222856 0.0565926851 
 0.0625104814 0.0594981803 0.0565682841 
 0.0624811420 0.0594685198 0.0565384242 
 0.0624463106 0.0594334428 0.0565032464 
 0.0624061406 0.0593931061 0.0564629112 
 0.0623608026 0.0593476847 0.0564175986 
 0.0623104842 0.0592973721 0.0563675078 
 0.0622553897 0.0592423791 0.0563128569 
 0.0621957390 0.0591829339 0.0562538821 
 0.0621317671 0.0591192802 0.0561908366 
 0.0620637224 0.0590516764 0.0561239890 
 0.0619918652 0.0589803937 0.0560536215 
 0.0619164659 0.0589057139 0.0559800278 
 0.0618378022 0.0588279272 0.0559035105 
 0.0617561570 0.0587473293 0.0558243781 
 0.0616718154 0.0586642181 0.0557429417 
 0.0615850612 0.0585788907 0.0556595115 
 0.0614961735 0.0584916392 0.0555743924 
 0.0614054234 0.0584027472 0.0554878804 
 0.0613130692 0.0583124852 0.0554002576 
 0.0612193532 0.0582211063 0.0553117877 
 0.0611244969 0.0581288419 0.0552227112 
 0.0610286969 0.0580358970 0.0551332406 
 0.0609321210 0.0579424456 0.0550435555 
 0.0608349037 0.0578486268 0.0549537978 
 0.0607371425 0.0577545398 0.0548640675 
 0.0606388946 0.0576602409 0.0547744184 
 0.0605401734 0.0575657397 0.0546848545 
 0.0604409457 0.0574709962 0.0545953268 
 0.0603411303 0.0573759185 0.0545057309 
 0.0602405958 0.0572803616 0.0544159056 
 0.0601391609 0.0571841266 0.0543256321 
 0.0600365939 0.0570869611 0.0542346344 
 0.0599326144 0.0569885604 0.0541425806 
 0.0598268959 0.0568885702 0.0540490859 
 0.0597190682 0.0567865899 0.0539537162 
 0.0596087228 0.0566821777 0.0538559935 
 0.0594954177 0.0565748562 0.0537554021 
 0.0593786841 0.0564641196 0.0536513961 
 0.0592580336 0.0563494414 0.0535434086 
 0.0591329670 0.0562302840 0.0534308609 
 0.0590029830 0.0561061078 0.0533131733 
 0.0588675880 0.0559763823 0.0531897767 
 0.0587263065 0.0558405969 0.0530601242 
 0.0585786914 0.0556982721 0.0529237035 
 0.0584243350 0.0555489714 0.0527800490 
 0.0582628794 0.0553923122 0.0526287543 
 0.0580940273 0.0552279776 0.0524694841 
 0.0579175519 0.0550557265 0.0523019854 
 0.0577333067 0.0548754043 0.0521260980 
 0.0575412341 0.0546869515 0.0519417647 
 0.0573413736 0.0544904129 0.0517490393 
 0.0571338690 0.0542859442 0.0515480949 
 0.0569189744 0.0540738188 0.0513392292 
 0.0566970596 0.0538544324 0.0511228702 
 0.0564686133 0.0536283068 0.0508995793 
 0.0562342463 0.0533960924 0.0506700534 
 0.0559946929 0.0531585694 0.0504351259 
 0.0557508109 0.0529166477 0.0501957658 
 0.0555035807 0.0526713652 0.0499530759 
 0.0552541030 0.0524238849 0.0497082889 
 0.0550035948 0.0521754908 0.0494627631 
 0.0547533844 0.0519275820 0.0492179754 
 0.0545049048 0.0516816658 0.0489755137 
 0.0542596854 0.0514393480 0.0487370673 
 0.0540193417 0.0512023229 0.0485044151 
 0.0537855640 0.0509723604 0.0482794124 
 0.0535601031 0.0507512912 0.0480639750 
 0.0533447545 0.0505409899 0.0478600617 
 0.0531413402 0.0503433557 0.0476696530 
 0.0529516879 0.0501602900 0.0474947282 
 0.0527776080 0.0499936724 0.0473372391 
 0.0526208685 0.0498453330 0.0471990811 
 0.0524831667 0.0497170230 0.0470820606 
 0.0523660999 0.0496103823 0.0469878612 
 0.0522711337 0.0495269057 0.0469180063 
 0.0521995697 0.0494679074 0.0468738209 
 0.0521525122 0.0494344850 0.0468563918 
 0.0521308361 0.0494274840 0.0468665290 
 0.0521351559 0.0494474638 0.0469047278 
 0.0521657977 0.0494946666 0.0469711343 
 0.0522227755 0.0495689916 0.0470655165 
 0.0523057734 0.0496699744 0.0471872414 
 0.0524141351 0.0497967756 0.0473352616 
 0.0525468615 0.0499481788 0.0475081131 
 0.0527026193 0.0501225991 0.0477039254 
 0.0528797593 0.0503181054 0.0479204457 
 0.0530763469 0.0505324543 0.0481550783 
 0.0532902034 0.0507631377 0.0484049388 
 0.0535189581 0.0510074427 0.0486669229 
 0.0537601100 0.0512625224 0.0489377871 
 0.0540110962 0.0515254745 0.0492142407 
 0.0542693664 0.0517934273 0.0494930429 
 0.0545324579 0.0520636257 0.0497711039 
 0.0547980699 0.0523335168 0.0500455821 
 0.0550641328 0.0526008296 0.0503139762 
 0.0553288691 0.0528636438 0.0505742037 
 0.0555908426 0.0531204463 0.0508246651 
 0.0558489951 0.0533701710 0.0510642884 
 0.0561026659 0.0536122206 0.0512925519 
 0.0563515966 0.0538464691 0.0515094849 
 0.0565959189 0.0540732457 0.0517156460 
 0.0568361271 0.0542932999 0.0519120812 
 0.0570730372 0.0545077525 0.0521002626 
 0.0573077347 0.0547180322 0.0522820143 
 0.0575415145 0.0549258041 0.0524594266 
 0.0577758149 0.0551328924 0.0526347649 
 0.0580121505 0.0553412008 0.0528103770 
 0.0582520462 0.0555526356 0.0529886035 
 0.0584969743 0.0557690337 0.0531716946 
 0.0587482992 0.0559920981 0.0533617366 
 0.0590072291 0.0562233435 0.0535605900 
 0.0592747779 0.0564640531 0.0537698408 
 0.0595517361 0.0567152464 0.0539907663 
 0.0598386527 0.0569776599 0.0542243130 
 0.0601358261 0.0572517379 0.0544710890 
 0.0604433039 0.0575376339 0.0547313668 
 0.0607608912 0.0578352208 0.0550050967 
 0.0610881646 0.0581441088 0.0552919281 
 0.0614244922 0.0584636686 0.0555912369 
 0.0617690574 0.0587930591 0.0559021585 
 