12.9760631091 13.5341963278 14.0466012177 
 12.9984299088 13.5612635689 14.0792043236 
 13.0196266194 13.5866060955 14.1094169308 
 13.0398628238 13.6103923476 14.1373523796 
 13.0593664706 13.6328160226 14.1631576860 
 13.0783744312 13.6540855717 14.1870019143 
 13.0971232515 13.6744138705 14.2090646826 
 13.1158404206 13.6940084408 14.2295252471 
 13.1347364273 13.7130625441 14.2485525422 
 13.1539978223 13.7317474041 14.2662964804 
 13.1737814549 13.7502057566 14.2828807479 
 13.1942100025 13.7685468673 14.2983972631 
 13.2153688680 13.7868431073 14.3129024052 
 13.2373044815 13.8051281294 14.3264150645 
 13.2600240068 13.8233966458 14.3389165165 
 13.2834964201 13.8416057708 14.3503520771 
 13.3076549016 13.8596778584 14.3606344534 
 13.3324004517 13.8775047285 14.3696486670 
 13.3576066168 13.8949531497 14.3772583870 
 13.3831251861 13.9118714092 14.3833134723 
 13.4087926922 13.9280967735 14.3876584877 
 13.4344375251 13.9434636133 14.3901419184 
 13.4598874461 13.9578119353 14.3906257792 
 13.4849772635 13.9709960396 14.3889952800 
 13.5095564180 13.9828930032 14.3851681918 
 13.5334962113 13.9934106716 14.3791035416 
 13.5566964085 14.0024948441 14.3708092646 
 13.5790909490 14.0101353411 14.3603484584 
 13.6006525177 14.0163706675 14.3478439135 
 13.6213957563 14.0212910221 14.3334806435 
 13.6413789358 14.0250394546 14.3175062077 
 13.6607039623 14.0278110374 14.3002286963 
 13.6795146537 14.0298499977 14.2820123483 
 13.6979932930 14.0314448399 14.2632708695 
 13.7163555406 14.0329215757 14.2444586257 
 13.7348438622 14.0346352719 14.2260599832 
 13.7537196994 14.0369601995 14.2085771602 
 13.7732546739 14.0402789430 14.1925170236 
 13.7937211627 14.0449708775 14.1783773170 
 13.8153826175 14.0514004541 14.1666328340 
 13.8384840153 14.0599057455 14.1577220509 
 13.8632428217 14.0707876909 14.1520347102 
 13.8898408269 14.0843004466 14.1499007974 
 13.9184171711 14.1006431954 14.1515812901 
 13.9490628209 14.1199537010 14.1572609730 
 13.9818166906 14.1423038130 14.1670435246 
 14.0166635251 14.1676970427 14.1809489833 
 14.0535335857 14.1960682419 14.1989136049 
 14.0923040993 14.2272853298 14.2207920336 
 14.1328023604 14.2611529360 14.2463616243 
 14.1748103116 14.2974177568 14.2753286852 
 14.2180703731 14.3357753655 14.3073363498 
 14.2622922555 14.3758781755 14.3419737468 
 14.3071604619 14.4173442290 14.3787861112 
 14.3523421770 14.4597664707 14.4172854659 
 14.3974952454 14.5027221752 14.4569615123 
 14.4422759587 14.5457822094 14.4972923848 
 14.4863463995 14.5885198476 14.5377549577 
 14.5293811303 14.6305188931 14.5778344326 
 14.5710730581 14.6713809122 14.6170329865 
 14.6111383558 14.7107314350 14.6548773128 
 14.6493203691 14.7482250331 14.6909249457 
 14.6853924841 14.7835492353 14.7247693121 
 14.7191599777 14.8164272909 14.7560435084 
 14.7504609047 14.8466198324 14.7844228444 
 14.7791661109 14.8739255237 14.8096262377 
 14.8051784810 14.8981808083 14.8314165709 
 14.8284315457 14.9192588875 14.8496001454 
 14.8488875813 14.9370680711 14.8640253809 
 14.8665353309 14.9515496445 14.8745809118 
 14.8813874765 14.9626753897 14.8811932298 
 14.8934779762 14.9704448912 14.8838240135 
 14.9028593688 14.9748827402 14.8824672712 
 14.9096001320 14.9760357348 14.8771464062 
 14.9137821613 14.9739701566 14.8679112931 
 14.9154984214 14.9687691813 14.8548354372 
 14.9148508016 14.9605304658 14.8380132634 
 14.9119481944 14.9493639351 14.8175575685 
 14.9069048009 14.9353897781 14.7935971504 
 14.8998386534 14.9187366464 14.7662746146 
 14.8908703402 14.8995400433 14.7357443488 
 14.8801219084 14.8779408796 14.7021706461 
 14.8677159150 14.8540841698 14.6657259529 
 14.8537745982 14.8281178388 14.6265892169 
 14.8384191379 14.8001916113 14.5849443075 
 14.8217689768 14.7704559562 14.5409784860 
 14.8039411786 14.7390610621 14.4948809059 
 14.7850498020 14.7061558273 14.4468411292 
 14.7652052754 14.6718868510 14.3970476501 
 14.7445137647 14.6363974194 14.3456864262 
 14.7230765291 14.5998264883 14.2929394203 
 14.7009892684 14.5623076672 14.2389831663 
 14.6783414702 14.5239682177 14.1839873746 
 14.6552157676 14.4849280825 14.1281135983 
 14.6316873251 14.4452989648 14.0715139842 
 14.6078232706 14.4051834810 14.0143301344 
 14.5836821932 14.3646744094 13.9566921046 
 14.5593137282 14.3238540587 13.8987175639 
 14.5347582481 14.2827937775 13.8405111388 
 14.5100466783 14.2415536244 13.7821639599 
 14.4852004517 14.2001822140 13.7237534265 
 14.4602316144 14.1587167500 13.6653431978 
 14.4351430902 14.1171832513 13.6069834141 
 14.4099291055 14.0755969734 13.5487111461 
 14.3845757742 14.0339630182 13.4905510634 
 14.3590618349 13.9922771246 13.4325163073 
 14.3333595284 13.9505266232 13.3746095495 
 14.3074356015 13.9086915363 13.3168242108 
 14.2812524154 13.8667457981 13.2591458120 
 14.2547691362 13.8246585696 13.2015534250 
 14.2279429828 13.7823956160 13.1440211889 
 14.2007305030 13.7399207160 13.0865198571 
 14.1730888494 13.6971970711 13.0290183375 
 14.1449770265 13.6541886794 12.9714851910 
 14.1163570794 13.6108616449 12.9138900525 
 14.0871951956 13.5671853891 12.8562049442 
 14.0574626961 13.5231337383 12.7984054491 
 14.0271368885 13.4786858605 12.7404717198 
 13.9962017648 13.4338270296 12.6823893009 
 13.9646485239 13.3885491991 12.6241497451 
 13.9324759057 13.3428513715 12.5657510136 
 13.8996903272 13.2967397536 12.5071976484 
 13.8663058144 13.2502276934 12.4485007171 
 13.8323437292 13.2033353986 12.3896775300 
 13.7978322921 13.1560894401 12.3307511370 
 13.7628059111 13.1085220509 12.2717496158 
 13.7273043236 13.0606702337 12.2127051669 
 13.6913715691 13.0125746926 12.1536530348 
 13.6550548091 12.9642786120 12.0946302796 
 13.6184030156 12.9158263042 12.0356744230 
 13.5814655519 12.8672617535 11.9768219992 
 13.5442906711 12.8186270842 11.9181070388 
 13.5069239602 12.7699609820 11.8595595177 
 13.4694067570 12.7212970999 11.8012038031 
 13.4317745696 12.6726624778 11.7430571257 
 13.3940555256 12.6240760073 11.6851281116 
 13.3562688806 12.5755469694 11.6274154015 
 13.3184236109 12.5270736740 11.5699063844 
 13.2805171173 12.4786422263 11.5125760732 
 13.2425340607 12.4302254430 11.4553861426 
 13.2044453527 12.3817819407 11.3982841515 
 13.1662073169 12.3332554121 11.3412029650 
 13.1277610371 12.2845741065 11.2840603914 
 13.0890319048 12.2356505260 11.2267590429 
 13.0499293737 12.1863813449 11.1691864293 
 13.0103469292 12.1366475585 11.1112152863 
 12.9701622742 12.0863148633 11.0527041415 
 12.9292377333 12.0352342678 10.9934981136 
 12.8874208726 11.9832429303 10.9334299415 
 12.8445453308 11.9301652184 10.8723212340 
 12.8004318556 11.8758139815 10.8099839313 
 12.7548895369 11.8199920256 10.7462219635 
 12.7077172286 11.7624937798 10.6808330933 
 12.6587051456 11.7031071384 10.6136109243 
 12.6076366273 11.6416154655 10.5443470575 
 12.5542900516 11.5777997436 10.4728333743 
 12.4984408886 11.5114408493 10.3988644242 
 12.4398638770 11.4423219362 10.3222398939 
 12.3783353099 11.3702309042 10.2427671311 
 12.3136354124 11.2949629335 10.1602636971 
 12.2455507935 11.2163230596 10.0745599198 
 12.1738769548 11.1341287645 9.9855014161 
 12.0984208341 11.0482125576 9.8929515542 
 12.0190033636 10.9584245169 9.7967938222 
 11.9354620170 10.8646347634 9.6969340704 
 11.8476533210 10.7667358336 9.5933025944 
 11.7554553029 10.6646449219 9.4858560233 
 11.6587698428 10.5583059546 9.3745789810 
 11.5575249009 10.4476914654 9.2594854889 
 11.4516765836 10.3328042360 9.1406200777 
 11.3412110167 10.2136786691 9.0180585817 
 11.2261459889 10.0903818627 8.8919085918 
 11.1065323318 9.9630143566 8.7623095474 
 10.9824550046 9.8317105258 8.6294324525 
 10.8540338524 9.6966386012 8.4934792101 
 10.7214240126 9.5580003030 8.3546815731 
 10.5848159479 9.4160300794 8.2132997198 
 10.4444350903 9.2709939505 8.0696204692 
 10.3005410888 9.1231879669 7.9239551600 
 10.1534266605 8.9729362985 7.7766372239 
 10.0034160527 8.8205889808 7.6280194931 
 9.8508631331 8.6665193498 7.4784712851 
 9.6961491336 8.5111212088 7.3283753180 
 9.5396800794 8.3548057724 7.1781245060 
 9.3818839452 8.1979984399 7.0281186948 
 9.2232075817 8.0411354532 6.8787613896 
 9.0641134636 7.8846604936 6.7304565309 
 8.9050763089 7.7290212738 6.5836053683 
 8.7465796222 7.5746661755 6.4386034760 
 8.5891122104 7.4220409802 6.2958379483 
 8.4331647177 7.2715857320 6.1556848035 
 8.2792262162 7.1237317646 6.0185066161 
 8.1277808868 6.9788989141 5.8846503870 
 7.9793048105 6.8374929287 5.7544456498 
 7.8342628826 6.6999030751 5.6282028026 
 7.6931058502 6.5664999300 5.5062116427 
 7.5562674629 6.4376333360 5.3887400737 
 7.4241617130 6.3136304862 5.2760329442 
 7.2971801324 6.1947940955 5.1683109705 
 7.1756891016 6.0814006073 5.0657696893 
 7.0600271159 5.9736983748 4.9685783790 
 6.9505019474 5.8719057500 4.8768788886 
 6.8473876312 5.7762090127 4.7907843067 
 6.7509212026 5.6867600626 4.7103774045 
 6.6612991056 5.6036738034 4.6357087898 
 6.5786731948 5.5270251463 4.5667947107 
 6.5031462559 5.4568455665 4.5036144555 
 6.4347669732 5.3931191557 4.4461073067 
 6.3735242887 5.3357781260 4.3941690182 
 6.3193411098 5.2846977408 4.3476478075 
 6.2720673475 5.2396906700 4.3063398745 
 6.2314722986 5.2005008027 4.2699844933 
 6.1972364229 5.1667965852 4.2382587564 
 6.1689426185 5.1381640057 4.2107720989 
 6.1460671550 5.1140994021 4.1870607800 
 6.1279705009 5.0940023384 4.1665825619 
 6.1138883629 5.0771688736 4.1487118913 
 6.1029233542 5.0627856336 4.1327359632 
 6.0940378178 5.0499251927 4.1178521214 
 6.0860484514 5.0375433689 4.1031671277 
 6.0776235110 5.0244791391 4.0876989007 
 6.0672835024 5.0094579710 4.0703813818 
 6.0534063992 4.9910994507 4.0500732215 
 6.0342385423 4.9679301295 4.0255709814 
 6.0079124587 4.9384025242 3.9956274978 
 5.9724728685 4.9009211414 3.9589759452 
 5.9259120926 4.8538762512 3.9143599436 
 5.8662158946 4.7956858638 3.8605697671 
 5.7914204371 4.7248459543 3.7964843091 
 5.6996804562 4.6399883949 3.7211179472 
 5.5893479192 4.5399452913 3.6336708289 
 5.4590592893 4.4238174879 3.5335804013 
 5.3078281038 4.2910439464 3.4205712866 
 5.1351379458 4.1414676170 3.2946999452 
 4.9410292114 3.9753924446 3.1563900871 
 4.7261716024 3.7936254917 3.0064546101 
 4.4919133515 3.5974980274 2.8461001094 
 4.2402982002 3.3888600594 2.6769108022 
 3.9740424519 3.1700443039 2.5008100873 
 3.6964672233 2.9437980227 2.3199998513 
 3.4113852378 2.7131843287 2.1368798572 
 3.1229467322 2.4814580821 1.9539518221 
 2.8354545037 2.2519248356 1.7737147518 
 2.5531627941 2.0277938095 1.5985594026 
 2.2800776016 1.8120370667 1.4306701129 
 2.0197763969 1.6072666083 1.2719415813 
 1.7752629172 1.4156390561 1.1239165593 
 1.5488681304 1.2387942831 0.9877481230 
 1.3422025304 1.0778304172 0.8641875791 
 1.1561588029 0.9333137360 0.7535965361 
 0.9909586589 0.8053187055 0.6559795676 
 0.8462339902 0.6934911510 0.5710324371 
 0.7211307084 0.5971264217 0.4982001193 
 0.6144235305 0.5152543479 0.4367388262 
 0.5246311683 0.4467235752 0.3857768187 
 0.4501233948 0.3902792537 0.3443698000 
 0.3892138864 0.3446297956 0.3115479585 
 0.3402352447 0.3085002494 0.2863530729 
 0.3015949310 0.2806715563 0.2678653235 
 0.2718128059 0.2600063796 0.2552204602 
 0.2495424080 0.2454632143 0.2476186702 
 0.2335789750 0.2361010694 0.2443268699 
 0.2228575347 0.2310772041 0.2446762599 
 0.2164442832 0.2296402851 0.2480568820 
 0.2135240609 0.2311210246 0.2539106955 
 0.2133861853 0.2349219484 0.2617243944 
 0.2154103108 0.2405075208 0.2710228823 
 0.2190534426 0.2473954512 0.2813640184 
 0.2238387672 0.2551496609 0.2923349833 
 0.2293465976 0.2633751058 0.3035503812 
 0.2352074517 0.2717144246 0.3146520038 
 0.2410970917 0.2798462197 0.3253100283 
 0.2467332176 0.2874846590 0.3352253140 
 0.2518734408 0.2943800173 0.3441323878 
 0.2563141314 0.3003197492 0.3518026782 
 0.2598897396 0.3051296854 0.3580475635 
 0.2624722319 0.3086749876 0.3627208365 
 0.2639703346 0.3108605521 0.3657202604 
 0.2643283546 0.3116306364 0.3669879786 
 0.2635244243 0.3109675692 0.3665096433 
 0.2615681008 0.3088894979 0.3643122393 
 0.2584973252 0.3054472155 0.3604606751 
 0.2543748144 0.3007201818 0.3550533078 
 0.2492840092 0.2948119139 0.3482166306 
 0.2433247366 0.2878449600 0.3400993979 
 0.2366087643 0.2799556868 0.3308664836 
 0.2292554234 0.2712891103 0.3206927583 
 0.2213874637 0.2619939790 0.3097572498 
 0.2131272807 0.2522182871 0.2982378072 
 0.2045936219 0.2421053547 0.2863064376 
 0.1958988437 0.2317905644 0.2741254271 
 0.1871467544 0.2213988010 0.2618443047 
 0.1784310451 0.2110425973 0.2495976520 
 0.1698342828 0.2008209552 0.2375037219 
 0.1614274148 0.1908187819 0.2256637938 
 0.1532697214 0.1811068621 0.2141621696 
 0.1454091403 0.1717422759 0.2030667006 
 0.1378828854 0.1627691678 0.1924297309 
 0.1307182838 0.1542197726 0.1822893462 
 0.1239337584 0.1461156141 0.1726708232 
 0.1175398939 0.1384687981 0.1635881888 
 0.1115405319 0.1312833367 0.1550458115 
 0.1059338506 0.1245564503 0.1470399633 
 0.1007133970 0.1182798089 0.1395603044 
 0.0958690471 0.1124406826 0.1325912571 
 0.0913878767 0.1070229846 0.1261132483 
 0.0872549366 0.1020081951 0.1201038082 
 0.0834539265 0.0973761644 0.1145385232 
 0.0799677715 0.0931057964 0.1093918458 
 0.0767791041 0.0891756197 0.1046377685 
 0.0738706588 0.0855642538 0.1002503741 
 0.0712255888 0.0822507816 0.0962042736 
 0.0688277122 0.0792150380 0.0924749453 
 0.0666616975 0.0764378274 0.0890389882 
 0.0647131969 0.0739010789 0.0858743035 
 0.0629689360 0.0715879494 0.0829602144 
 0.0614167666 0.0694828854 0.0802775364 
 0.0600456908 0.0675716485 0.0778086071 
 0.0588458600 0.0658413148 0.0755372833 
 0.0578085568 0.0642802520 0.0734489140 
 0.0569261615 0.0628780803 0.0715302937 
 0.0561921086 0.0616256214 0.0697696025 
 0.0556008359 0.0605148389 0.0681563355 
 0.0551477287 0.0595387732 0.0666812274 
 0.0548290610 0.0586914735 0.0653361721 
 0.0546419358 0.0579679288 0.0641141420 
 0.0545842259 0.0573639984 0.0630091070 
 0.0546545160 0.0568763451 0.0620159558 
 0.0548520474 0.0565023704 0.0611304199 
 0.0551766656 0.0562401533 0.0603490007 
 0.0556287724 0.0560883926 0.0596689019 
 0.0562092816 0.0560463545 0.0590879657 
 0.0569195797 0.0561138242 0.0586046143 
 0.0577614922 0.0562910629 0.0582177969 
 0.0587372543 0.0565787700 0.0579269421 
 0.0598494882 0.0569780506 0.0577319151 
 0.0611011851 0.0574903888 0.0576329815 
 0.0624956939 0.0581176260 0.0576307761 
 0.0640367151 0.0588619447 0.0577262765 
 0.0657283007 0.0597258582 0.0579207829 
 0.0675748598 0.0607122046 0.0582159027 
 0.0695811698 0.0618241470 0.0586135396 
 0.0717523926 0.0630651775 0.0591158883 
 0.0740940966 0.0644391266 0.0597254329 
 0.0766122824 0.0659501763 0.0604449497 
 0.0793134139 0.0676028781 0.0612775138 
 0.0822044527 0.0694021734 0.0622265100 
 0.0852928964 0.0713534184 0.0632956454 
 0.0885868197 0.0734624114 0.0644889664 
 0.0920949178 0.0757354220 0.0658108774 
 0.0958265523 0.0781792236 0.0672661617 
 0.0997917978 0.0808011262 0.0688600043 
 0.1040014897 0.0836090111 0.0705980159 
 0.1084672719 0.0866113661 0.0724862585 
 0.1132016445 0.0898173211 0.0745312707 
 0.1182180100 0.0932366831 0.0767400942 
 0.1235307185 0.0968799710 0.0791202998 
 0.1291551102 0.1007584494 0.0816800133 
 0.1351075559 0.1048841609 0.0844279409 
 0.1414054942 0.1092699564 0.0873733932 
 0.1480674647 0.1139295240 0.0905263090 
 0.1551131380 0.1188774150 0.0938972763 
 0.1625633408 0.1241290674 0.0974975534 
 0.1704400761 0.1297008261 0.1013390870 
 0.1787665392 0.1356099611 0.1054345288 
 0.1875671273 0.1418746808 0.1097972504 
 0.1968674448 0.1485141435 0.1144413552 
 0.2066943022 0.1555484638 0.1193816893 
 0.2170757096 0.1629987170 0.1246338491 
 0.2280408651 0.1708869387 0.1302141871 
 0.2396201366 0.1792361213 0.1361398163 
 0.2518450398 0.1880702077 0.1424286107 
 0.2647482099 0.1974140808 0.1490992061 
 0.2783633694 0.2072935510 0.1561709973 
 0.2927252919 0.2177353404 0.1636641348 
 0.3078697618 0.2287670656 0.1715995200 
 0.3238335320 0.2404172178 0.1799987994 
 0.3406542790 0.2527151425 0.1888843584 
 0.3583705575 0.2656910182 0.1982793146 
 0.3770217541 0.2793758356 0.2082075122 
 0.3966480429 0.2938013766 0.2186935159 
 0.4172903423 0.3090001963 0.2297626078 
 0.4389902752 0.3250056056 0.2414407843 
 0.4617901334 0.3418516582 0.2537547568 
 0.4857328474 0.3595731406 0.2667319548 
 0.5108619617 0.3782055667 0.2804005321 
 0.5372216180 0.3977851780 0.2947893772 
 0.5648565461 0.4183489486 0.3099281279 
 0.5938120623 0.4399345971 0.3258471907 
 0.6241340780 0.4625806051 0.3425777649 
 0.6558691162 0.4863262418 0.3601518718 
 0.6890643371 0.5112115956 0.3786023889 
 0.7237675723 0.5372776127 0.3979630898 
 0.7600273671 0.5645661410 0.4182686884 
 0.7978930285 0.5931199804 0.4395548879 
 0.8374146808 0.6229829379 0.4618584334 
 0.8786433231 0.6541998859 0.4852171689 
 0.9216308910 0.6868168240 0.5096700960 
 0.9664303172 0.7208809415 0.5352574348 
 1.0130955907 0.7564406799 0.5620206852 
 1.0616818118 0.7935457931 0.5900026878 
 1.1122452388 0.8322474038 0.6192476829 
 1.1648433261 0.8725980542 0.6498013659 
 1.2195347488 0.9146517482 0.6817109386 
 1.2763794121 0.9584639837 0.7150251534 
 1.3354384422 1.0040917729 0.7497943503 
 1.3967741565 1.0515936479 0.7860704841 
 1.4604500099 1.1010296500 0.8239071405 
 1.5265305155 1.1524613006 0.8633595401 
 1.5950811374 1.2059515522 0.9044845282 
 1.6661681532 1.2615647171 0.9473405491 
 1.7398584862 1.3193663735 0.9919876044 
 1.8162195044 1.3794232465 1.0384871930 
 1.8953187870 1.4418030645 1.0869022336 
 1.9772238579 1.5065743889 1.1372969672 
 2.0620018862 1.5738064181 1.1897368399 
 2.1497193542 1.6435687651 1.2442883662 
 2.2404416956 1.7159312087 1.3010189719 
 2.3342329039 1.7909634203 1.3599968169 
 2.4311551144 1.8687346661 1.4212905990 
 2.5312681625 1.9493134868 1.4849693385 
 2.6346291214 2.0327673565 1.5511021451 
 2.7412918231 2.1191623231 1.6197579679 
 2.8513063671 2.2085626320 1.6910053308 
 2.9647186207 2.3010303368 1.7649120530 
 3.0815697168 2.3966248999 1.8415449585 
 3.2018955535 2.4954027854 1.9209695761 
 3.3257263011 2.5974170488 2.0032498305 
 3.4530859226 2.7027169269 2.0884477291 
 3.5839917118 2.8113474316 2.1766230455 
 3.7184538560 2.9233489505 2.2678330020 
 3.8564750269 3.0387568599 2.3621319547 
 3.9980500061 3.1576011521 2.4595710819 
 4.1431653487 3.2799060811 2.5601980803 
 4.2917990901 3.4056898305 2.6640568691 
 4.4439204982 3.5349642052 2.7711873048 
 4.5994898752 3.6677343513 2.8816249099 
 4.7584584110 3.8039985047 2.9954006144 
 4.9207680894 3.9437477715 3.1125405135 
 5.0863516473 4.0869659402 3.2330656425 
 5.2551325881 4.2336293281 3.3569917675 
 5.4270252477 4.3837066600 3.4843291945 
 5.6019349112 4.5371589816 3.6150825963 
 5.7797579784 4.6939396036 3.7492508552 
 5.9603821747 4.8539940784 3.8868269233 
 6.1436868041 5.0172602057 4.0277976974 
 6.3295430398 5.1836680651 4.1721439079 
 6.5178142484 5.3531400741 4.3198400207 
 6.7083563422 5.5255910688 4.4708541489 
 6.9010181556 5.7009284032 4.6251479746 
 7.0956418400 5.8790520666 4.7826766772 
 7.2920632730 6.0598548141 4.9433888671 
 7.4901124771 6.2432223092 5.1072265236 
 7.6896140444 6.4290332755 5.2741249347 
 7.8903875624 6.6171596559 5.4440126383 
 8.0922480400 6.8074667766 5.6168113638 
 8.2950063293 6.9998135172 5.7924359737 
 8.4984695425 7.1940524834 5.9707944053 
 8.7024414633 7.3900301848 6.1517876136 
 8.9067229509 7.5875872169 6.3353095156 
 9.1111123394 7.7865584490 6.5212469390 
 9.3154058309 7.9867732203 6.7094795765 
 9.5193978856 8.1880555445 6.8998799502 
 9.7228816108 8.3902243288 7.0923133873 
 9.9256491495 8.5930936068 7.2866380132 
 10.1274920733 8.7964727912 7.4827047651 
 10.3282017804 9.0001669482 7.6803574310 
 10.5275699020 9.2039770981 7.8794327189 
 10.7253887197 9.4077005448 8.0797603609 
 10.9214515950 9.6111312369 8.2811632578 
 11.1155534138 9.8140601643 8.4834576673 
 11.3074910459 10.0162757914 8.6864534418 
 11.4970638206 10.2175645287 8.8899543186 
 11.6840740183 10.4177112441 9.0937582659 
 11.8683273766 10.6164998133 9.2976578867 
 12.0496336100 10.8137137086 9.5014408834 
 12.2278069399 11.0091366244 9.7048905818 
 12.4026666332 11.2025531367 9.9077865161 
 12.5740375442 11.3937493923 10.1099050711 
 12.7417506558 11.5825138241 10.3110201816 
 12.9056436161 11.7686378854 10.5109040817 
 13.0655612638 11.9519167997 10.7093281027 
 13.2213561374 12.1321503152 10.9060635109 
 13.3728889625 12.3091434606 11.1008823783 
 13.5200291111 12.4827072917 11.2935584805 
 13.6626550274 12.6526596215 11.4838682101 
 13.8006546152 12.8188257266 11.6715914989 
 13.9339255805 12.9810390204 11.8565127370 
 14.0623757267 13.1391416870 12.0384216809 
 14.1859231964 13.2929852668 12.2171143385 
 14.3044966585 13.4424311895 12.3923938238 
 14.4180354362 13.5873512458 12.5640711688 
 14.5264895760 13.7276279955 12.7319660864 
 14.6298198553 13.8631551050 12.8959076747 
 14.7279977300 13.9938376142 13.0557350556 
 14.8210052217 14.1195921275 13.2112979415 
 14.9088347464 14.2403469305 13.3624571253 
 14.9914888879 14.3560420306 13.5090848886 
 15.0689801178 14.4666291237 13.6510653263 
 15.1413304663 14.5720714882 13.7882945860 
 15.2085711483 14.6723438101 13.9206810210 
 15.2707421486 14.7674319418 14.0481452590 
 15.3278917718 14.8573326006 14.1706201866 
 15.3800761625 14.9420530103 14.2880508558 
 15.4273587999 15.0216104932 14.4003943128 
 15.4698099732 15.0960320168 14.5076193565 
 15.5075062433 15.1653537032 14.6097062319 
 15.5405298955 15.2296203058 14.7066462632 
 15.5689683887 15.2888846615 14.7984414347 
 15.5929138054 15.3432071231 14.8851039256 
 15.6124623084 15.3926549793 14.9666556055 
 15.6277136066 15.4373018682 15.0431274989 
 15.6387704347 15.4772271885 15.1145592239 
 15.6457380510 15.5125155163 15.1809984136 
 15.6487237541 15.5432560292 15.2425001263 
 15.6478364237 15.5695419454 15.2991262497 
 15.6431860851 15.5914699782 15.3509449069 
 15.6348835010 15.6091398130 15.3980298675 
 15.6230397914 15.6226536065 15.4404599707 
 15.6077660814 15.6321155123 15.4783185630 
 15.5891731791 15.6376312343 15.5116929549 
 15.5673712829 15.6393076096 15.5406739006 
 15.5424697176 15.6372522217 15.5653551022 
 15.5145766999 15.6315730437 15.5858327413 
 15.4837991323 15.6223781143 15.6022050391 
 15.4502424235 15.6097752426 15.6145718471 
 15.4140103357 15.5938717451 15.6230342678 
 15.3752048568 15.5747742111 15.6276943066 
 15.3339260952 15.5525882971 15.6286545544 
 15.2902721977 15.5274185487 15.6260179006 
 15.2443392866 15.4993682478 15.6198872752 
 15.1962214161 15.4685392847 15.6103654202 
 15.1460105455 15.4350320525 15.5975546867 
 15.0937965270 15.3989453620 15.5815568592 
 15.0396671072 15.3603763765 15.5624730027 
 14.9837079406 15.3194205626 15.5404033326 
 14.9260026123 15.2761716567 15.5154471046 
 14.8666326698 15.2307216451 15.4877025234 
 14.8056776610 15.1831607554 15.4572666678 
 14.7432151774 15.1335774572 15.4242354299 
 14.6793209019 15.0820584715 15.3887034677 
 14.6140686582 15.0286887863 15.3507641683 
 14.5475304621 14.9735516767 15.3105096197 
 14.4797765727 14.9167287292 15.2680305902 
 14.4108755431 14.8582998674 15.2234165140 
 14.3408942691 14.7983433789 15.1767554807 
 14.2698980354 14.7369359426 15.1281342274 
 14.1979505594 14.6741526545 15.0776381330 
 14.1251140301 14.6100670513 15.0253512133 
 14.0514491444 14.5447511330 14.9713561155 
 13.9770151377 14.4782753806 14.9157341118 
 13.9018698108 14.4107087721 14.8585650911 
 13.8260695519 14.3421187939 14.7999275493 
 13.7496693538 14.2725714487 14.7398985764 
 13.6727228268 14.2021312594 14.6785538412 
 13.5952822074 14.1308612700 14.6159675737 
 13.5173983624 14.0588230417 14.5522125438 
 13.4391207900 13.9860766472 14.4873600390 
 13.3604976174 13.9126806606 14.4214798384 
 13.2815755956 13.8386921464 14.3546401861 
 13.2024000921 13.7641666454 14.2869077622 
 13.1230150821 13.6891581597 14.2183476539 
 13.0434631385 13.6137191369 14.1490233254 
 12.9637854222 13.5379004543 14.0789965892 
 12.8840216716 13.4617514034 14.0083275773 
 12.8042101946 13.3853196759 13.9370747152 
 12.7243878610 13.3086513517 13.8652946973 
 12.6445900984 13.2317908891 13.7930424663 
 12.5648508899 13.1547811186 13.7203711960 
 12.4852027769 13.0776632405 13.6473322780 
 12.4056768645 13.0004768273 13.5739753147 
 12.3263028327 12.9232598303 13.5003481165 
 12.2471089528 12.8460485930 13.4264967063 
 12.1681221086 12.7688778691 13.3524653298 
 12.0893678243 12.6917808481 13.2782964730 
 12.0108702981 12.6147891862 13.2040308873 
 11.9326524430 12.5379330456 13.1297076215 
 11.8547359330 12.4612411392 13.0553640616 
 11.7771412568 12.3847407833 12.9810359787 
 11.6998877777 12.3084579569 12.9067575835 
 11.6229937998 12.2324173678 12.8325615896 
 11.5464766401 12.1566425250 12.7584792826 
 11.4703527072 12.0811558183 12.6845405970 
 11.3946375844 12.0059786021 12.6107741991 
 11.3193461184 11.9311312863 12.5372075763 
 11.2444925118 11.8566334302 12.4638671309 
 11.1700904201 11.7825038419 12.3907782792 
 11.0961530502 11.7087606803 12.3179655541 
 11.0226932627 11.6354215593 12.2454527113 
 10.9497236741 11.5625036544 12.1732628366 
 10.8772567602 11.4900238095 12.1014184553 
 10.8053049585 11.4179986435 12.0299416417 
 10.7338807692 11.3464446558 11.9588541272 
 10.6629968534 11.2753783292 11.8881774076 
 10.5926661284 11.2048162300 11.8179328464 
 10.5229018572 11.1347751034 11.7481417746 
 10.4537177337 11.0652719633 11.6788255861 
 10.3851279603 10.9963241763 11.6100058263 
 10.3171473182 10.9279495380 11.5417042735 
 10.2497912297 10.8601663409 11.4739430137 
 10.1830758106 10.7929934334 11.4067445047 
 10.1170179127 10.7264502688 11.3401316318 
 10.0516351556 10.6605569432 11.2741277528 
 9.9869459466 10.5953342226 11.2087567311 
 9.9229694896 10.5308035572 11.1440429579 
 9.8597257805 10.4669870847 11.0800113620 
 9.7972355905 10.4039076190 11.0166874059 
 9.7355204365 10.3415886276 10.9540970705 
 9.6746025387 10.2800541950 10.8922668255 
 9.6145047644 10.2193289726 10.8312235871 
 9.5552505607 10.1594381169 10.7709946624 
 9.4968638733 10.1004072142 10.7116076815 
 9.4393690542 10.0422621929 10.6530905160 
 9.3827907585 9.9850292243 10.5954711866 
 9.3271538296 9.9287346131 10.5387777587 
 9.2724831756 9.8734046768 10.4830382281 
 9.2188036374 9.8190656161 10.4282803959 
 9.1661398483 9.7657433782 10.3745317362 
 9.1145160881 9.7134635118 10.3218192555 
 9.0639561328 9.6622510186 10.2701693470 
 9.0144831004 9.6121301988 10.2196076394 
 8.9661192951 9.5631244966 10.1701588438 
 8.9188860524 9.5152563434 10.1218465992 
 8.8728035848 9.4685470031 10.0746933187 
 8.8278908324 9.4230164209 10.0287200384 
 8.7841653185 9.3786830769 9.9839462713 
 8.7416430126 9.3355638466 9.9403898674 
 8.7003382036 9.2936738714 9.8980668841 
 8.6602633836 9.2530264401 9.8569914658 
 8.6214291460 9.2136328836 9.8171757386 
 8.5838440977 9.1755024850 9.7786297193 
 8.5475147895 9.1386424073 9.7413612418 
 8.5124456641 9.1030576392 9.7053759036 
 8.4786390250 9.0687509631 9.6706770325 
 8.4460950271 9.0357229439 9.6372656771 
 8.4148116891 9.0039719421 9.6051406203 
 8.3847849307 8.9734941515 9.5742984192 
 8.3560086337 8.9442836617 9.5447334709 
 8.3284747278 8.9163325473 9.5164381049 
 8.3021733014 8.8896309822 9.4894027030 
 8.2770927371 8.8641673804 9.4636158454 
 8.2532198710 8.8399285617 9.4390644834 
 8.2305401753 8.8168999412 9.4157341373 
 8.2090379620 8.7950657420 9.3936091178 
 8.1886966069 8.7744092285 9.3726727688 
 8.1694987911 8.7549129580 9.3529077298 
 8.1514267570 8.7365590483 9.3342962139 
 8.1344625777 8.7193294576 9.3168202996 
 8.1185884334 8.7032062741 9.3004622312 
 8.1037868948 8.6881720098 9.2852047239 
 8.0900412067 8.6742098968 9.2710312704 
 8.0773355693 8.6613041790 9.2579264429 
 8.0656554127 8.6494403974 9.2458761861 
 8.0549876601 8.6386056620 9.2348680975 
 8.0453209754 8.6287889074 9.2248916882 
 8.0366459914 8.6199811275 9.2159386206 
 8.0289555142 8.6121755835 9.2080029185 
 8.0222446994 8.6053679831 9.2010811454 
 8.0165111984 8.5995566258 9.1951725462 
 8.0117552686 8.5947425120 9.1902791499 
 8.0079798481 8.5909294117 9.1864058304 
 8.0051905899 8.5881238921 9.1835603225 
 8.0033958554 8.5863353014 9.1817531916 
 8.0026066649 8.5855757074 9.1809977567 
 8.0028366054 8.5858597908 9.1813099657 
 8.0041016942 8.5872046937 9.1827082232 
 8.0064202004 8.5896298222 9.1852131723 
 8.0098124231 8.5931566063 9.1888474311 
 8.0143004292 8.5978082168 9.1936352862 
 8.0199077518 8.6036092425 9.1996023453 
 8.0266590515 8.6105853292 9.2067751525 
 8.0345797430 8.6187627844 9.2151807678 
 8.0436955900 8.6281681492 9.2248463159 
 8.0540322711 8.6388277422 9.2357985060 
 8.0656149204 8.6507671777 9.2480631287 
 8.0784676463 8.6640108633 9.2616645312 
 8.0926130327 8.6785814793 9.2766250771 
 8.1080716254 8.6944994459 9.2929645949 
 8.1248614108 8.7117823815 9.3106998181 
 8.1429972883 8.7304445574 9.3298438249 
 8.1624905454 8.7504963549 9.3504054796 
 8.1833483379 8.7719437299 9.3723888853 
 8.2055731836 8.7947876916 9.3957928510 
 8.2291624759 8.8190238028 9.4206103830 
 8.2541080237 8.8446417096 9.4468282079 
 8.2803956276 8.8716247081 9.4744263360 
 8.3080046993 8.8999493588 9.5033776748 
 8.3369079349 8.9295851579 9.5336477038 
 8.3670710512 8.9604942754 9.5651942216 
 8.3984525948 8.9926313725 9.5979671776 
 8.4310038364 9.0259435086 9.6319085997 
 8.4646687576 9.0603701498 9.6669526317 
 8.4993841435 9.0958432889 9.7030256920 
 8.5350797869 9.1322876885 9.7400467641 
 8.5716788165 9.1696212559 9.7779278311 
 8.6090981517 9.2077555563 9.8165744597 
 8.6472490914 9.2465964715 9.8558865431 
 8.6860380387 9.2860450047 9.8957592015 
 8.7253673598 9.3259982317 9.9360838435 
 8.7651363736 9.3663503938 9.9767493793 
 8.8052424648 9.4069941232 10.0176435778 
 8.8455823078 9.4478217872 10.0586545517 
 8.8860531845 9.4887269331 10.0996723482 
 8.9265543778 9.5296058102 10.1405906202 
 8.9669886135 9.5703589409 10.1813083436 
 9.0072635244 9.6108927082 10.2217315457 
 9.0472931034 9.6511209230 10.2617750003 
 9.0869991132 9.6909663343 10.3013638472 
 9.1263124154 9.7303620382 10.3404350878 
 9.1651741857 9.7692527496 10.3789389109 
 9.2035369794 9.8075958931 10.4168398035 
 9.2413656162 9.8453624818 10.4541174071 
 9.2786378580 9.8825377491 10.4907670829 
 9.3153448559 9.9191215130 10.5268001613 
 9.3514913544 9.9551282558 10.5622438578 
 9.3870956440 9.9905869123 10.5971408511 
 9.4221892646 10.0255403731 10.6315485304 
 9.4568164710 10.0600447154 10.6655379310 
 9.4910334791 10.0941681876 10.6991923925 
 9.5249075200 10.1279899827 10.7326059811 
 9.5585157366 10.1615988414 10.7658817305 
 9.5919439603 10.1950915353 10.7991297603 
 9.6252854106 10.2285712796 10.8324653371 
 9.6586393602 10.2621461304 10.8660069405 
 9.6921098040 10.2959274129 10.8998743978 
 9.7258041714 10.3300282290 10.9341871396 
 9.7598321095 10.3645620772 10.9690626223 
 9.7943043596 10.3996416138 11.0046149489 
 9.8293317396 10.4353775690 11.0409537065 
 9.8650242333 10.4718778191 11.0781830215 
 9.9014901785 10.5092466052 11.1164008188 
 9.9388355358 10.5475838741 11.1556982566 
 9.9771632097 10.5869847076 11.1961592953 
 10.0165723901 10.6275387995 11.2378603472 
 10.0571578744 10.6693299305 11.2808699485 
 10.0990093315 10.7124353918 11.3252483912 
 10.1422104668 10.7569253081 11.3710472526 
 10.1868380549 10.8028618151 11.4183087669 
 10.2329608111 10.8502980535 11.4670649896 
 10.2806380804 10.8992769542 11.5173367225 
 10.3299183391 10.9498298009 11.5691321765 
 10.3808375113 11.0019745727 11.6224453745 
 10.4334171212 11.0557140857 11.6772543116 
 10.4876623147 11.1110339709 11.7335189121 
 10.5435598006 11.1679005429 11.7911788463 
 10.6010757755 11.2262586331 11.8501512880 
 10.6601539112 11.2860294754 11.9103287143 
 10.7207134959 11.3471087501 11.9715768699 
 10.7826478311 11.4093649039 12.0337330289 
 10.8458229952 11.4726378714 12.0966047045 
 10.9100770891 11.5367383362 12.1599689611 
 10.9752200806 11.6014476648 12.2235724897 
 11.0410343632 11.6665186497 12.2871326018 
 11.1072761340 11.7316771857 12.3503392910 
 11.1736776836 11.7966249881 12.4128584884 
 11.2399506692 11.8610434401 12.4743366146 
 11.3057904128 11.9245986182 12.5344064897 
 11.3708812333 11.9869475100 12.5926946138 
 11.4349027747 12.0477453801 12.6488297718 
 11.4975372441 12.1066541849 12.7024528390 
 11.5584774149 12.1633518668 12.7532275909 
 11.6174351929 12.2175422867 12.8008522267 
 11.6741504795 12.2689654804 12.8450712325 
 11.7284000084 12.3174078549 12.8856871239 
 11.7800057849 12.3627118770 12.9225715362 
 11.8288427149 12.4047847678 12.9556750777 
 11.8748449975 12.4436056856 12.9850353340 
 11.9180108549 12.4792308953 13.0107824243 
 11.9584052098 12.5117964550 13.0331415593 
 11.9961599808 12.5415180305 13.0524321455 
 12.0314717592 12.5686875623 13.0690631214 
 12.0645967522 12.5936666525 13.0835243878 
 12.0958430177 12.6168767159 13.0963744024 
 12.1255601752 12.6387861232 13.1082242356 
 12.1541269338 12.6598947596 13.1197186078 
 12.1819369311 12.6807165980 13.1315146406 
 12.2093835068 12.7017610408 13.1442592269 
 12.2368441300 12.7235138942 13.1585660509 
 12.2646652571 12.7464189038 13.1749933544 
 12.2931484005 12.7708607815 13.1940235420 
 12.3225381480 12.7971505972 13.2160456431 
 12.3530127751 12.8255143005 13.2413415157 
 12.3846779575 12.8560849646 13.2700764788 
 12.4175639173 12.8888991521 13.3022948261 
 12.4516261425 12.9238975642 13.3379204108 
 12.4867496141 12.9609299023 13.3767622154 
 12.5227562758 12.9997636358 13.4185245573 
 12.5594153034 13.0400961594 13.4628213367 
 12.5964555792 13.0815696498 13.5091935346 
 12.6335796718 13.1237878007 13.5571290175 
 12.6704785589 13.1663335437 13.6060836146 
 12.7068463205 13.2087868424 13.6555024101 
 12.7423940676 13.2507416902 13.7048402314 
 12.7768624504 13.2918215271 13.7535804100 
 12.8100322074 13.3316924283 13.8012510403 
 12.8417323541 13.3700735725 13.8474381438 
 12.8718457638 13.4067446817 13.8917953508 
 12.9003120475 13.4415503020 13.9340499207 
 12.9271277832 13.4744009663 13.9740051259 
 12.9523442728 13.5052714344 14.0115392024 
 12.9760631091 13.5341963278 14.0466012177 
 