0.2575339712 0.1998354050 0.1597789133 
 0.2631673158 0.2039605466 0.1628093995 
 0.2682864130 0.2077172574 0.1655782585 
 0.2728169529 0.2110526108 0.1680482866 
 0.2766928112 0.2139195350 0.1701864529 
 0.2798574875 0.2162778320 0.1719646137 
 0.2822653243 0.2180950432 0.1733601190 
 0.2838824615 0.2193471286 0.1743562903 
 0.2846874866 0.2200189329 0.1749427480 
 0.2846717602 0.2201044215 0.1751155790 
 0.2838394058 0.2196066798 0.1748773374 
 0.2822069689 0.2185376772 0.1742368803 
 0.2798027653 0.2169178101 0.1732090469 
 0.2766659473 0.2147752432 0.1718141962 
 0.2728453295 0.2121450786 0.1700776204 
 0.2683980215 0.2090683853 0.1680288606 
 0.2633879217 0.2055911275 0.1657009482 
 0.2578841263 0.2017630305 0.1631296006 
 0.2519593090 0.1976364225 0.1603523991 
 0.2456881229 0.1932650908 0.1574079736 
 0.2391456721 0.1887031836 0.1543352191 
 0.2324060917 0.1840041895 0.1511725648 
 0.2255412719 0.1792200150 0.1479573115 
 0.2186197465 0.1744001812 0.1447250520 
 0.2117057661 0.1695911476 0.1415091809 
 0.2048585596 0.1648357727 0.1383405010 
 0.1981317865 0.1601729092 0.1352469243 
 0.1915731734 0.1556371305 0.1322532678 
 0.1852243211 0.1512585811 0.1293811361 
 0.1791206672 0.1470629374 0.1266488848 
 0.1732915847 0.1430714679 0.1240716551 
 0.1677605937 0.1393011762 0.1216614686 
 0.1625456668 0.1357650117 0.1194273727 
 0.1576596041 0.1324721327 0.1173756247 
 0.1531104578 0.1294282075 0.1155099049 
 0.1489019885 0.1266357397 0.1138315492 
 0.1450341339 0.1240944050 0.1123397925 
 0.1415034788 0.1218013906 0.1110320147 
 0.1383037108 0.1197517273 0.1099039847 
 0.1354260556 0.1179386077 0.1089500953 
 0.1328596833 0.1163536862 0.1081635871 
 0.1305920812 0.1149873555 0.1075367569 
 0.1286093909 0.1138289999 0.1070611502 
 0.1268967089 0.1128672216 0.1067277358 
 0.1254383503 0.1120900431 0.1065270626 
 0.1242180786 0.1114850832 0.1064493998 
 0.1232193025 0.1110397118 0.1064848598 
 0.1224252446 0.1107411827 0.1066235062 
 0.1218190837 0.1105767471 0.1068554470 
 0.1213840756 0.1105337518 0.1071709168 
 0.1211036558 0.1105997226 0.1075603460 
 0.1209615262 0.1107624359 0.1080144225 
 0.1209417318 0.1110099812 0.1085241435 
 0.1210287266 0.1113308157 0.1090808617 
 0.1212074347 0.1117138126 0.1096763251 
 0.1214633059 0.1121483053 0.1103027124 
 0.1217823683 0.1126241277 0.1109526639 
 0.1221512794 0.1131316517 0.1116193091 
 0.1225573747 0.1136618224 0.1122962914 
 0.1229887158 0.1142061904 0.1129777891 
 0.1234341363 0.1147569429 0.1136585338 
 0.1238832855 0.1153069309 0.1143338262 
 0.1243266691 0.1158496939 0.1149995473 
 0.1247556857 0.1163794810 0.1156521674 
 0.1251626579 0.1168912670 0.1162887503 
 0.1255408578 0.1173807639 0.1169069537 
 0.1258845239 0.1178444266 0.1175050249 
 0.1261888712 0.1182794526 0.1180817915 
 0.1264500902 0.1186837746 0.1186366479 
 0.1266653382 0.1190560460 0.1191695356 
 0.1268327191 0.1193956203 0.1196809198 
 0.1269512537 0.1197025221 0.1201717599 
 0.1270208399 0.1199774122 0.1206434762 
 0.1270422039 0.1202215459 0.1210979119 
 0.1270168423 0.1204367257 0.1215372919 
 0.1269469572 0.1206252487 0.1219641774 
 0.1268353842 0.1207898496 0.1223814189 
 0.1266855157 0.1209336414 0.1227921071 
 0.1265012206 0.1210600523 0.1231995225 
 0.1262867613 0.1211727629 0.1236070844 
 0.1260467108 0.1212756424 0.1240183013 
 0.1257858697 0.1213726856 0.1244367212 
 0.1255091855 0.1214679526 0.1248658845 
 0.1252216758 0.1215655101 0.1253092788 
 0.1249283549 0.1216693771 0.1257702975 
 0.1246341664 0.1217834739 0.1262522004 
 0.1243439221 0.1219115767 0.1267580797 
 0.1240622468 0.1220572769 0.1272908288 
 0.1237935307 0.1222239451 0.1278531161 
 0.1235418892 0.1224147021 0.1284473629 
 0.1233111296 0.1226323940 0.1290757258 
 0.1231047252 0.1228795739 0.1297400837 
 0.1229257969 0.1231584887 0.1304420286 
 0.1227771009 0.1234710706 0.1311828612 
 0.1226610230 0.1238189342 0.1319635897 
 0.1225795786 0.1242033776 0.1327849329 
 0.1225344182 0.1246253881 0.1336473264 
 0.1225268373 0.1250856513 0.1345509318 
 0.1225577906 0.1255845634 0.1354956493 
 0.1226279101 0.1261222471 0.1364811318 
 0.1227375252 0.1266985693 0.1375068024 
 0.1228866861 0.1273131609 0.1385718723 
 0.1230751888 0.1279654388 0.1396753620 
 0.1233026014 0.1286546285 0.1408161220 
 0.1235682909 0.1293797881 0.1419928557 
 0.1238714513 0.1301398326 0.1432041424 
 0.1242111313 0.1309335587 0.1444484610 
 0.1245862613 0.1317596693 0.1457242135 
 0.1249956806 0.1326167976 0.1470297488 
 0.1254381632 0.1335035315 0.1483633862 
 0.1259124426 0.1344184360 0.1497234382 
 0.1264172355 0.1353600759 0.1511082326 
 0.1269512634 0.1363270364 0.1525161344 
 0.1275132737 0.1373179432 0.1539455657 
 0.1281020578 0.1383314807 0.1553950252 
 0.1287164685 0.1393664093 0.1568631064 
 0.1293554348 0.1404215806 0.1583485141 
 0.1300179751 0.1414959517 0.1598500798 
 0.1307032085 0.1425885970 0.1613667754 
 0.1314103648 0.1436987190 0.1628977254 
 0.1321387912 0.1448256575 0.1644422177 
 0.1328879592 0.1459688968 0.1659997123 
 0.1336574679 0.1471280713 0.1675698490 
 0.1344470473 0.1483029700 0.1691524529 
 0.1352565589 0.1494935389 0.1707475386 
 0.1360859952 0.1506998823 0.1723553132 
 0.1369354785 0.1519222628 0.1739761769 
 0.1378052573 0.1531610996 0.1756107228 
 0.1386957031 0.1544169660 0.1772597354 
 0.1396073046 0.1556905855 0.1789241874 
 0.1405406628 0.1569828274 0.1806052355 
 0.1414964836 0.1582947005 0.1823042149 
 0.1424755714 0.1596273472 0.1840226330 
 0.1434788213 0.1609820360 0.1857621620 
 0.1445072114 0.1623601535 0.1875246303 
 0.1455617944 0.1637631967 0.1893120140 
 0.1466436896 0.1651927636 0.1911264267 
 0.1477540746 0.1666505447 0.1929701092 
 0.1488941771 0.1681383130 0.1948454189 
 0.1500652669 0.1696579155 0.1967548183 
 0.1512686481 0.1712112627 0.1987008630 
 0.1525056516 0.1728003195 0.2006861901 
 0.1537776280 0.1744270957 0.2027135057 
 0.1550859407 0.1760936360 0.2047855719 
 0.1564319597 0.1778020109 0.2069051949 
 0.1578170556 0.1795543070 0.2090752109 
 0.1592425941 0.1813526184 0.2112984740 
 0.1607099312 0.1831990366 0.2135778421 
 0.1622204083 0.1850956423 0.2159161638 
 0.1637753477 0.1870444958 0.2183162646 
 0.1653760494 0.1890476284 0.2207809330 
 0.1670237865 0.1911070335 0.2233129068 
 0.1687198026 0.1932246573 0.2259148581 
 0.1704653074 0.1954023903 0.2285893795 
 0.1722614743 0.1976420579 0.2313389690 
 0.1741094366 0.1999454108 0.2341660152 
 0.1760102837 0.2023141166 0.2370727816 
 0.1779650581 0.2047497492 0.2400613920 
 0.1799747512 0.2072537796 0.2431338144 
 0.1820402987 0.2098275659 0.2462918456 
 0.1841625770 0.2124723435 0.2495370957 
 0.1863423979 0.2151892150 0.2528709727 
 0.1885805040 0.2179791402 0.2562946676 
 0.1908775635 0.2208429270 0.2598091403 
 0.1932341652 0.2237812219 0.2634151057 
 0.1956508142 0.2267945020 0.2671130221 
 0.1981279267 0.2298830674 0.2709030800 
 0.2006658273 0.2330470355 0.2747851938 
 0.2032647455 0.2362863370 0.2787589959 
 0.2059248154 0.2396007137 0.2828238334 
 0.2086460759 0.2429897195 0.2869787685 
 0.2114284740 0.2464527247 0.2912225839 
 0.2142718709 0.2499889241 0.2955537920 
 0.2171760511 0.2535973489 0.2999706506 
 0.2201407364 0.2572768850 0.3044711845 
 0.2231656037 0.2610262961 0.3090532141 
 0.2262503080 0.2648442532 0.3137143921 
 0.2293945124 0.2687293715 0.3184522482 
 0.2325979226 0.2726802550 0.3232642433 
 0.2358603300 0.2766955484 0.3281478334 
 0.2391816613 0.2807739987 0.3331005431 
 0.2425620357 0.2849145250 0.3381200507 
 0.2460018309 0.2891162979 0.3432042836 
 0.2495017565 0.2933788283 0.3483515249 
 0.2530629366 0.2977020660 0.3535605309 
 0.2566869998 0.3020865072 0.3588306605 
 0.2603761786 0.3065333112 0.3641620133 
 0.2641334150 0.3110444261 0.3695555794 
 0.2679624746 0.3156227219 0.3750133970 
 0.2718680670 0.3202721308 0.3805387181 
 0.2758559715 0.3249977934 0.3861361810 
 0.2799331680 0.3298062093 0.3918119865 
 0.2841079712 0.3347053907 0.3975740783 
 0.2883901661 0.3397050171 0.4034323220 
 0.2927911450 0.3448165884 0.4093986830 
 0.2973240420 0.3500535748 0.4154873981 
 0.3020038641 0.3554315604 0.4217151388 
 0.3068476162 0.3609683774 0.4281011613 
 0.3118744179 0.3666842276 0.4346674405 
 0.3171056086 0.3726017874 0.4414387810 
 0.3225648387 0.3787462927 0.4484429024 
 0.3282781422 0.3851455981 0.4557104915 
 0.3342739890 0.3918302074 0.4632752150 
 0.3405833115 0.3988332673 0.4711736868 
 0.3472395021 0.4061905218 0.4794453819 
 0.3542783775 0.4139402181 0.4881324873 
 0.3617381048 0.4221229593 0.4972796826 
 0.3696590858 0.4307814970 0.5069338407 
 0.3780837953 0.4399604557 0.5171436370 
 0.3870565698 0.4497059845 0.5279590592 
 0.3966233447 0.4600653287 0.5394308075 
 0.4068313384 0.4710863184 0.5516095758 
 0.4177286862 0.4828167699 0.5645452086 
 0.4293640275 0.4953038035 0.5782857291 
 0.4417860575 0.5085930816 0.5928762396 
 0.4550430567 0.5227279788 0.6083577022 
 0.4691824232 0.5377487053 0.6247656146 
 0.4842502383 0.5536914131 0.6421286095 
 0.5002909107 0.5705873269 0.6604670182 
 0.5173469551 0.5884619608 0.6797914576 
 0.5354589783 0.6073344942 0.7001015207 
 0.5546659632 0.6272174056 0.7213846731 
 0.5750059586 0.6481164824 0.7436154883 
 0.5965173019 0.6700313500 0.7667553787 
 0.6192405229 0.6929566858 0.7907530149 
 0.6432210914 0.7168843076 0.8155456491 
 0.6685131853 0.7418063426 0.8410615870 
 0.6951846673 0.7677196969 0.8672240727 
 0.7233234541 0.7946320493 0.8939568540 
 0.7530454574 0.8225695838 0.9211916982 
 0.7845042529 0.8515866546 0.9488780967 
 0.8179025982 0.8817775343 0.9769953568 
 0.8535058716 0.9132903415 1.0055672066 
 0.8916574406 0.9463431625 1.0346789414 
 0.9327958841 0.9812422900 1.0644970248 
 0.9774739063 1.0184023915 1.0952909155 
 1.0263786711 1.0583683046 1.1274567458 
 1.0803531782 1.1018380337 1.1615423272 
 1.1404181790 1.1496864140 1.1982728323 
 1.2077940043 1.2029887963 1.2385763920 
 1.2839215337 1.2630440151 1.2836087859 
 1.3704813672 1.3313958054 1.3347763717 
 1.4694100600 1.4098517274 1.3937564003 
 1.5829120079 1.5004985156 1.4625138605 
 1.7134652293 1.6057125532 1.5433139604 
 1.8638188330 1.7281638551 1.6387292164 
 2.0369793989 1.8708114830 1.7516398451 
 2.2361828332 2.0368877051 1.8852256757 
 2.4648475453 2.2298674505 2.0429471075 
 2.7265041328 2.4534187577 2.2285117336 
 3.0246963503 2.7113290958 2.4458222149 
 3.3628482334 3.0074018528 2.6988999562 
 3.7440932464 3.3453172601 2.9917783566 
 4.1710636296 3.7284529716 3.3283592374 
 4.6456421638 4.1596619290 3.7122269533 
 5.1686845821 4.6410095035 4.1464172270 
 5.7397287219 5.1734784787 4.6331424241 
 6.3567154901 5.7566591086 5.1734821236 
 7.0157553171 6.3884514164 5.7670572775 
 7.7109797257 7.0648164038 6.4117170746 
 8.4345182594 7.7796193482 7.1032779262 
 9.1766338996 8.5246088612 7.8353609328 
 9.9260341839 9.2895672174 8.5993744567 
 10.6703517088 10.0626495539 9.3846791760 
 11.3967604557 10.8309033987 10.1789531711 
 12.0926693808 11.5809301589 10.9687460880 
 12.7464183980 12.2996234504 11.7401793952 
 13.3478989399 12.9749025487 12.4797216994 
 13.8890328888 13.5963576771 13.1749515893 
 14.3640669503 14.1557381016 13.8152204563 
 14.7696685984 14.6472404204 14.3921445519 
 15.1048377290 15.0675861978 14.8998847034 
 15.3706695203 15.4159077331 15.3352060482 
 15.5700157695 15.6934824588 15.6973408823 
 15.7070940783 15.9033674976 15.9876993738 
 15.7870887569 16.0499866468 16.2094830197 
 15.8157772736 16.1387150531 16.3672551462 
 15.7992045046 16.1754955281 16.4665144431 
 15.7434162076 16.1665080022 16.5133051934 
 15.6542544049 16.1179023455 16.5138847894 
 15.5372111913 16.0355959424 16.4744576106 
 15.3973337588 15.9251313593 16.4009755164 
 15.2391717242 15.7915859650 16.2989993458 
 15.0667575713 15.6395239190 16.1736125780 
 14.8836116814 15.4729809170 16.0293771063 
 14.6927645693 15.2954729369 15.8703212540 
 14.4967902743 15.1100215163 15.6999511681 
 14.2978461699 14.9191895170 15.5212781138 
 14.0977156405 14.7251227009 15.3368556816 
 13.8978510775 14.5295936532 15.1488223135 
 13.6994154548 14.3340455975 14.9589457798 
 13.5033213761 14.1396344571 14.7686672420 
 13.3102669565 13.9472681316 14.5791433329 
 13.1207682406 13.7576424213 14.3912852965 
 12.9351881024 13.5712733586 14.2057946685 
 12.7537617248 13.3885259326 14.0231953043 
 12.5766188611 13.2096393412 13.8438617684 
 12.4038031334 13.0347489979 13.6680442475 
 12.2352886526 12.8639055675 13.4958902272 
 12.0709942448 12.6970913272 13.3274632211 
 11.9107955675 12.5342341511 13.1627588557 
 11.7545353754 12.3752194035 13.0017186126 
 11.6020321806 12.2199000089 12.8442415174 
 11.4530875235 12.0681049415 12.6901940425 
 11.3074920520 11.9196463556 12.5394184663 
 11.1650305777 11.7743255493 12.3917399089 
 11.0254862619 11.6319379328 12.2469722321 
 10.8886440587 11.4922771495 12.1049229749 
 10.7542935280 11.3551384760 11.9653974650 
 10.6222311132 11.2203216100 11.8282022308 
 10.4922619625 11.0876329369 11.6931478179 
 10.3642013633 10.9568873530 11.5600510960 
 10.2378758447 10.8279097091 11.4287371290 
 10.1131239961 10.7005359262 11.2990406693 
 9.9897970399 10.5746138302 11.1708073234 
 9.8677591919 10.4500037385 11.0438944310 
 9.7468878353 10.3265788315 10.9181716909 
 9.6270735314 10.2042253321 10.7935215596 
 9.5082198864 10.0828425156 10.6698394495 
 9.3902432902 9.9623425673 10.5470337434 
 9.2730725428 9.8426503057 10.4250256464 
 9.1566483805 9.7237027849 10.3037488902 
 9.0409229157 9.6054487903 10.1831493068 
 8.9258590009 9.4878482419 10.0631842858 
 8.8114295297 9.3708715183 9.9438221325 
 8.6976166851 9.2544987127 9.8250413396 
 8.5844111471 9.1387188374 9.7068297902 
 8.4718112697 9.0235289856 9.5891839055 
 8.3598222394 8.9089334666 9.4721077533 
 8.2484552256 8.7949429248 9.3556121317 
 8.1377265315 8.6815734551 9.2397136412 
 8.0276567576 8.5688457264 9.1244337611 
 7.9182699857 8.4567841226 9.0097979392 
 7.8095929911 8.3454159124 8.8958347101 
 7.7016544918 8.2347704550 8.7825748484 
 7.5944844405 8.1248784508 8.6700505696 
 7.4881133653 8.0157712422 8.5582947827 
 7.3825717631 7.9074801704 8.4473404032 
 7.2778895501 7.8000359924 8.3372197295 
 7.1740955713 7.6934683606 8.2279638871 
 7.0712171699 7.5878053667 8.1196023415 
 6.9692798191 7.4830731510 8.0121624821 
 6.8683068136 7.3792955761 7.9056692743 
 6.7683190210 7.2764939644 7.8001449811 
 6.6693346911 7.1746868966 7.6956089495 
 6.5713693202 7.0738900693 7.5920774607 
 6.4744355674 6.9741162072 7.4895636388 
 6.3785432199 6.8753750274 7.3880774139 
 6.2836992026 6.7776732506 7.2876255371 
 6.1899076284 6.6810146555 7.1882116395 
 6.0971698849 6.5854001708 7.0898363323 
 6.0054847534 6.4908280020 6.9924973425 
 5.9148485542 6.3972937856 6.8961896790 
 5.8252553166 6.3047907686 6.8009058239 
 5.7366969668 6.2133100073 6.7066359446 
 5.6491635305 6.1228405819 6.6133681223 
 5.5626433470 6.0333698217 6.5210885917 
 5.4771232896 5.9448835386 6.4297819890 
 5.3925889904 5.8573662639 6.3394316034 
 5.3090250647 5.7708014852 6.2500196289 
 5.2264153341 5.6851718815 6.1615274136 
 5.1447430429 5.6004595528 6.0739357035 
 5.0639910686 5.5166462412 5.9872248777 
 4.9841421216 5.4337135434 5.9013751737 
 4.9051789344 5.3516431098 5.8163669000 
 4.8270844377 5.2704168322 5.7321806355 
 4.7498419221 5.1900170150 5.6487974125 
 4.6734351856 5.1104265321 5.5661988847 
 4.5978486640 5.0316289667 5.4843674768 
 4.5230675466 4.9536087340 5.4032865171 
 4.4490778736 4.8763511871 5.3229403516 
 4.3758666185 4.7998427050 5.2433144399 
 4.3034217529 4.7240707634 5.1643954330 
 4.2317322951 4.6490239881 5.0861712330 
 4.1607883434 4.5746921922 5.0086310346 
 4.0905810937 4.5010663972 4.9317653509 
 4.0211028433 4.4281388378 4.8555660214 
 3.9523469804 4.3559029535 4.7800262060 
 3.8843079611 4.2843533661 4.7051403631 
 3.8169812757 4.2134858444 4.6309042155 
 3.7503634031 4.1432972582 4.5573147036 
 3.6844517575 4.0737855220 4.4843699275 
 3.6192446256 4.0049495296 4.4120690798 
 3.5547410986 3.9367890820 4.3404123699 
 3.4909409970 3.8693048079 4.2694009417 
 3.4278447926 3.8024980804 4.1990367850 
 3.3654535263 3.7363709300 4.1293226439 
 3.3037687252 3.6709259542 4.0602619211 
 3.2427923178 3.6061662276 3.9918585817 
 3.1825265504 3.5420952108 3.9241170562 
 3.1229739045 3.4787166612 3.8570421444 
 3.0641370167 3.4160345455 3.7906389214 
 3.0060186014 3.3540529556 3.7249126465 
 2.9486213778 3.2927760281 3.6598686759 
 2.8919480007 3.2322078686 3.5955123800 
 2.8360009972 3.1723524809 3.5318490663 
 2.7807827080 3.1132137024 3.4688839077 
 2.7262952353 3.0547951447 3.4066218771 
 2.6725403954 2.9971001416 3.3450676892 
 2.6195196792 2.9401317022 3.2842257486 
 2.5672342171 2.8838924722 3.2241001045 
 2.5156847509 2.8283847002 3.1646944131 
 2.4648716118 2.7736102113 3.1060119066 
 2.4147947035 2.7195703866 3.0480553681 
 2.3654534912 2.6662661487 2.9908271139 
 2.3168469956 2.6136979528 2.9343289815 
 2.2689737921 2.5618657831 2.8785623227 
 2.2218320137 2.5107691540 2.8235280031 
 2.1754193582 2.4604071154 2.7692264053 
 2.1297330995 2.4107782629 2.7156574369 
 2.0847701009 2.3618807501 2.6628205424 
 2.0405268321 2.3137123045 2.6107147183 
 1.9969993872 2.2662702466 2.5593385304 
 1.9541835058 2.2195515094 2.5086901345 
 1.9120745945 2.1735526608 2.4587672977 
 1.8706677491 2.1282699264 2.4095674219 
 1.8299577785 2.0836992136 2.3610875673 
 1.7899392275 2.0398361351 2.3133244773 
 1.7506064004 1.9966760333 2.2662746025 
 1.7119533835 1.9542140038 2.2199341253 
 1.6739740678 1.9124449184 2.1742989832 
 1.6366621700 1.8713634474 2.1293648917 
 1.6000112529 1.8309640809 2.0851273660 
 1.5640147446 1.7912411484 2.0415817411 
 1.5286659565 1.7521888377 1.9987231917 
 1.4939580995 1.7138012120 1.9565467488 
 1.4598842995 1.6760722254 1.9150473164 
 1.4264376111 1.6389957375 1.8742196854 
 1.3936110296 1.6025655260 1.8340585469 
 1.3613975021 1.5667752975 1.7945585030 
 1.3297899373 1.5316186979 1.7557140769 
 1.2987812134 1.4970893204 1.7175197208 
 1.2683641857 1.4631807129 1.6799698231 
 1.2385316921 1.4298863837 1.6430587137 
 1.2092765588 1.3971998067 1.6067806687 
 1.1805916037 1.3651144251 1.5711299139 
 1.1524696404 1.3336236546 1.5361006272 
 1.1249034805 1.3027208859 1.5016869402 
 1.0978859360 1.2723994861 1.4678829401 
 1.0714098205 1.2426528006 1.4346826695 
 1.0454679512 1.2134741533 1.4020801274 
 1.0200531492 1.1848568481 1.3700692688 
 0.9951582409 1.1567941686 1.3386440048 
 0.9707760587 1.1292793793 1.3077982025 
 0.9468994413 1.1023057254 1.2775256850 
 0.9235212353 1.0758664338 1.2478202313 
 0.9006342953 1.0499547138 1.2186755765 
 0.8782314856 1.0245637577 1.1900854127 
 0.8563056810 0.9996867420 1.1620433893 
 0.8348497683 0.9753168290 1.1345431148 
 0.8138566481 0.9514471683 1.1075781577 
 0.7933192364 0.9280708986 1.0811420487 
 0.7732304668 0.9051811504 1.0552282829 
 0.7535832930 0.8827710478 1.0298303221 
 0.7343706907 0.8608337120 1.0049415982 
 0.7155856611 0.8393622638 0.9805555162 
 0.6972212329 0.8183498271 0.9566654576 
 0.6792704657 0.7977895320 0.9332647840 
 0.6617264533 0.7776745189 0.9103468416 
 0.6445823261 0.7579979415 0.8879049648 
 0.6278312551 0.7387529710 0.8659324803 
 0.6114664545 0.7199327997 0.8444227120 
 0.5954811851 0.7015306448 0.8233689847 
 0.5798687575 0.6835397521 0.8027646285 
 0.5646225349 0.6659533995 0.7826029832 
 0.5497359362 0.6487649010 0.7628774023 
 0.5352024389 0.6319676096 0.7435812569 
 0.5210155813 0.6155549209 0.7247079397 
 0.5071689654 0.5995202760 0.7062508682 
 0.4936562592 0.5838571645 0.6882034888 
 0.4804711985 0.5685591270 0.6705592793 
 0.4676075890 0.5536197577 0.6533117521 
 0.4550593080 0.5390327067 0.6364544572 
 0.4428203059 0.5247916816 0.6199809840 
 0.4308846074 0.5108904497 0.6038849638 
 0.4192463126 0.4973228392 0.5881600720 
 0.4078995982 0.4840827409 0.5728000292 
 0.3968387178 0.4711641090 0.5577986033 
 0.3860580026 0.4585609620 0.5431496100 
 0.3755518622 0.4462673839 0.5288469148 
 0.3653147843 0.4342775244 0.5148844330 
 0.3553413353 0.4225855994 0.5012561309 
 0.3456261601 0.4111858916 0.4879560265 
 0.3361639823 0.4000727507 0.4749781896 
 0.3269496040 0.3892405935 0.4623167428 
 0.3179779054 0.3786839038 0.4499658611 
 0.3092438454 0.3683972332 0.4379197730 
 0.3007424606 0.3583752004 0.4261727604 
 0.2924688654 0.3486124918 0.4147191590 
 0.2844182522 0.3391038613 0.4035533587 
 0.2765858906 0.3298441309 0.3926698040 
 0.2689671280 0.3208281901 0.3820629943 
 0.2615573890 0.3120509969 0.3717274849 
 0.2543521757 0.3035075777 0.3616578869 
 0.2473470677 0.2951930276 0.3518488687 
 0.2405377223 0.2871025114 0.3422951561 
 0.2339198748 0.2792312633 0.3329915337 
 0.2274893384 0.2715745883 0.3239328457 
 0.2212420054 0.2641278626 0.3151139972 
 0.2151738467 0.2568865342 0.3065299552 
 0.2092809130 0.2498461241 0.2981757500 
 0.2035593355 0.2430022271 0.2900464767 
 0.1980053261 0.2363505131 0.2821372967 
 0.1926151785 0.2298867278 0.2744434391 
 0.1873852692 0.2236066940 0.2669602026 
 0.1823120579 0.2175063131 0.2596829570 
 0.1773920891 0.2115815660 0.2526071452 
 0.1726219924 0.2058285146 0.2457282844 
 0.1679984844 0.2002433031 0.2390419688 
 0.1635183691 0.1948221593 0.2325438704 
 0.1591785390 0.1895613961 0.2262297416 
 0.1549759770 0.1844574125 0.2200954167 
 0.1509077567 0.1795066954 0.2141368133 
 0.1469710440 0.1747058206 0.2083499346 
 0.1431630981 0.1700514542 0.2027308706 
 0.1394812730 0.1655403539 0.1972758000 
 0.1359230180 0.1611693702 0.1919809915 
 0.1324858795 0.1569354475 0.1868428051 
 0.1291675019 0.1528356252 0.1818576940 
 0.1259656285 0.1488670389 0.1770222051 
 0.1228781028 0.1450269213 0.1723329808 
 0.1199028695 0.1413126030 0.1677867597 
 0.1170379754 0.1377215137 0.1633803774 
 0.1142815703 0.1342511826 0.1591107678 
 0.1116319085 0.1308992393 0.1549749632 
 0.1090873487 0.1276634142 0.1509700955 
 0.1066463557 0.1245415394 0.1470933959 
 0.1043075007 0.1215315489 0.1433421962 
 0.1020694623 0.1186314790 0.1397139282 
 0.0999310271 0.1158394688 0.1362061242 
 0.0978910902 0.1131537601 0.1328164172 
 0.0959486560 0.1105726979 0.1295425403 
 0.0941028384 0.1080947302 0.1263823270 
 0.0923528619 0.1057184082 0.1233337107 
 0.0906980612 0.1034423861 0.1203947244 
 0.0891378821 0.1012654212 0.1175635002 
 0.0876718818 0.0991863732 0.1148382686 
 0.0862997289 0.0972042047 0.1122173583 
 0.0850212034 0.0953179801 0.1096991952 
 0.0838361974 0.0935268658 0.1072823016 
 0.0827447148 0.0918301296 0.1049652958 
 0.0817468709 0.0902271398 0.1027468906 
 0.0808428932 0.0887173655 0.1006258932 
 0.0800331203 0.0873003753 0.0986012035 
 0.0793180025 0.0859758370 0.0966718138 
 0.0786981009 0.0847435167 0.0948368070 
 0.0781740874 0.0836032785 0.0930953565 
 0.0777467441 0.0825550835 0.0914467246 
 0.0774169630 0.0815989889 0.0898902613 
 0.0771857454 0.0807351475 0.0884254038 
 0.0770542011 0.0799638069 0.0870516751 
 0.0770235483 0.0792853083 0.0857686829 
 0.0770951122 0.0787000862 0.0845761188 
 0.0772703251 0.0782086671 0.0834737571 
 0.0775507249 0.0778116690 0.0824614541 
 0.0779379549 0.0775098005 0.0815391466 
 0.0784337626 0.0773038600 0.0807068518 
 0.0790399994 0.0771947348 0.0799646656 
 0.0797586194 0.0771834006 0.0793127623 
 0.0805916789 0.0772709208 0.0787513940 
 0.0815413357 0.0774584458 0.0782808894 
 0.0826098482 0.0777472124 0.0779016536 
 0.0837995755 0.0781385434 0.0776141674 
 0.0851129761 0.0786338474 0.0774189871 
 0.0865526080 0.0792346181 0.0773167437 
 0.0881211282 0.0799424345 0.0773081434 
 0.0898212928 0.0807589606 0.0773939666 
 0.0916559567 0.0816859455 0.0775750687 
 0.0936280736 0.0827252237 0.0778523794 
 0.0957406967 0.0838787150 0.0782269036 
 0.0979969784 0.0851484252 0.0786997210 
 0.1004001716 0.0865364464 0.0792719871 
 0.1029536293 0.0880449579 0.0799449329 
 0.1056608062 0.0896762264 0.0807198663 
 0.1085252591 0.0914326069 0.0815981716 
 0.1115506473 0.0933165436 0.0825813112 
 0.1147407340 0.0953305704 0.0836708251 
 0.1180993866 0.0974773116 0.0848683324 
 0.1216305773 0.0997594826 0.0861755308 
 0.1253383834 0.1021798900 0.0875941976 
 0.1292269871 0.1047414320 0.0891261898 
 0.1333006755 0.1074470981 0.0907734433 
 0.1375638389 0.1102999682 0.0925379734 
 0.1420209693 0.1133032121 0.0944218732 
 0.1466766580 0.1164600867 0.0964273128 
 0.1515355915 0.1197739344 0.0985565371 
 0.1566025467 0.1232481790 0.1008118631 
 0.1618823847 0.1268863211 0.1031956770 
 0.1673800426 0.1306919324 0.1057104294 
 0.1731005233 0.1346686484 0.1083586301 
 0.1790488840 0.1388201597 0.1111428416 
 0.1852302213 0.1431502010 0.1140656713 
 0.1916496540 0.1476625387 0.1171297620 
 0.1983123033 0.1523609561 0.1203377809 
 0.2052232697 0.1572492364 0.1236924073 
 0.2123876058 0.1623311424 0.1271963174 
 0.2198102864 0.1676103945 0.1308521683 
 0.2274961742 0.1730906453 0.1346625787 
 0.2354499814 0.1787754508 0.1386301080 
 0.2436762271 0.1846682390 0.1427572329 
 0.2521791902 0.1907722745 0.1470463212 
 0.2609628581 0.1970906204 0.1514996037 
 0.2700308706 0.2036260964 0.1561191428 
 0.2793864592 0.2103812335 0.1609067992 
 0.2890323824 0.2173582252 0.1658641957 
 0.2989708567 0.2245588763 0.1709926788 
 0.3092034837 0.2319845473 0.1762932777 
 0.3197311735 0.2396360977 0.1817666620 
 0.3305540659 0.2475138257 0.1874130969 
 0.3416714479 0.2556174068 0.1932323968 
 0.3530816716 0.2639458304 0.1992238788 
 0.3647820694 0.2724973367 0.2053863147 
 0.3767688709 0.2812693524 0.2117178832 
 0.3890371208 0.2902584287 0.2182161230 
 0.4015806000 0.2994601799 0.2248778866 
 0.4143917499 0.3088692259 0.2316992970 
 0.4274616038 0.3184791384 0.2386757062 
 0.4407797245 0.3282823921 0.2458016583 
 0.4543341513 0.3382703229 0.2530708572 
 0.4681113580 0.3484330936 0.2604761396 
 0.4820962226 0.3587596689 0.2680094548 
 0.4962720124 0.3692378006 0.2756618524 
 0.5106203834 0.3798540252 0.2834234784 
 0.5251213989 0.3905936738 0.2912835808 
 0.5397535657 0.4014408962 0.2992305257 
 0.5544938911 0.4123787007 0.3072518243 
 0.5693179614 0.4233890089 0.3153341722 
 0.5842000416 0.4344527281 0.3234635002 
 0.5991131982 0.4455498393 0.3316250381 
 0.6140294441 0.4566595035 0.3398033914 
 0.6289199063 0.4677601836 0.3479826297 
 0.6437550135 0.4788297836 0.3561463880 
 0.6585047053 0.4898458020 0.3642779789 
 0.6731386587 0.5007855001 0.3723605157 
 0.6876265307 0.5116260818 0.3803770449 
 0.7019382146 0.5223448850 0.3883106860 
 0.7160441056 0.5329195791 0.3961447781 
 0.7299153738 0.5433283695 0.4038630303 
 0.7435242381 0.5535502031 0.4114496739 
 0.7568442396 0.5635649734 0.4188896139 
 0.7698505077 0.5733537206 0.4261685784 
 0.7825200141 0.5828988239 0.4332732608 
 0.7948318120 0.5921841818 0.4401914547 
 0.8067672532 0.6011953770 0.4469121769 
 0.8183101793 0.6099198225 0.4534257766 
 0.8294470837 0.6183468851 0.4597240291 
 0.8401672378 0.6264679832 0.4658002092 
 0.8504627805 0.6342766568 0.4716491452 
 0.8603287662 0.6417686067 0.4772672499 
 0.8697631685 0.6489417007 0.4826525270 
 0.8787668396 0.6557959462 0.4878045531 
 0.8873434223 0.6623334281 0.4927244337 
 0.8954992161 0.6685582114 0.4974147328 
 0.9032429967 0.6744762091 0.5018793780 
 0.9105857906 0.6800950167 0.5061235392 
 0.9175406074 0.6854237143 0.5101534844 
 0.9241221325 0.6904726397 0.5139764131 
 0.9303463836 0.6952531328 0.5176002695 
 0.9362303356 0.6997772582 0.5210335384 
 0.9417915189 0.7040575059 0.5242850250 
 0.9470475967 0.7081064773 0.5273636246 
 0.9520159273 0.7119365594 0.5302780826 
 0.9567131174 0.7155595927 0.5330367499 
 0.9611545743 0.7189865375 0.5356473380 
 0.9653540625 0.7222271447 0.5381166767 
 0.9693232737 0.7252896362 0.5404504790 
 0.9730714164 0.7281803998 0.5426531179 
 0.9766048335 0.7309037064 0.5447274183 
 0.9799266550 0.7334614532 0.5466744701 
 0.9830364938 0.7358529395 0.5484934647 
 0.9859301920 0.7380746810 0.5501815606 
 0.9885996246 0.7401202681 0.5517337819 
 0.9910325687 0.7419802724 0.5531429526 
 0.9932126435 0.7436422083 0.5543996726 
 0.9951193284 0.7450905520 0.5554923356 
 0.9967280636 0.7463068236 0.5564071944 
 0.9980104377 0.7472697339 0.5571284743 
 0.9989344665 0.7479553997 0.5576385364 
 0.9994649632 0.7483376275 0.5579180919 
 0.9995640015 0.7483882656 0.5579464665 
 0.9991914695 0.7480776239 0.5577019142 
 0.9983057101 0.7473749575 0.5571619775 
 0.9968642431 0.7462490091 0.5563038898 
 0.9948245582 0.7446686040 0.5551050158 
 0.9921449710 0.7426032888 0.5535433226 
 0.9887855248 0.7400240029 0.5515978732 
 0.9847089248 0.7369037714 0.5492493344 
 0.9798814852 0.7332184043 0.5464804874 
 0.9742740687 0.7289471881 0.5432767303 
 0.9678629972 0.7240735519 0.5396265608 
 0.9606309103 0.7185856927 0.5355220262 
 0.9525675488 0.7124771413 0.5309591287 
 0.9436704408 0.7057472534 0.5259381741 
 0.9339454681 0.6984016107 0.5204640523 
 0.9234072946 0.6904523159 0.5145464403 
 0.9120796398 0.6819181736 0.5081999203 
 0.8999953845 0.6728247452 0.5014440052 
 0.8871965005 0.6632042740 0.4943030703 
 0.8737338009 0.6530954781 0.4868061874 
 0.8596665121 0.6425432133 0.4789868669 
 0.8450616745 0.6315980115 0.4708827091 
 0.8299933846 0.6203155047 0.4625349739 
 0.8145418946 0.6087557467 0.4539880783 
 0.7987925904 0.5969824487 0.4452890337 
 0.7828348736 0.5850621484 0.4364868353 
 0.7667609732 0.5730633303 0.4276318199 
 0.7506647165 0.5610555192 0.4187750053 
 0.7346402864 0.5491083683 0.4099674275 
 0.7187809938 0.5372907598 0.4012594893 
 0.7031780894 0.5256699384 0.3927003327 
 0.6879196387 0.5143106917 0.3843372473 
 0.6730894774 0.5032745919 0.3762151238 
 0.6587662626 0.4926193089 0.3683759586 
 0.6450226281 0.4823979994 0.3608584141 
 0.6319244501 0.4726587772 0.3536974380 
 0.6195302219 0.4634442636 0.3469239395 
 0.6078905347 0.4547912146 0.3405645212 
 0.5970476579 0.4467302199 0.3346412627 
 0.5870352072 0.4392854665 0.3291715505 
 0.5778778906 0.4324745587 0.3241679491 
 0.5695913209 0.4263083860 0.3196381060 
 0.5621818808 0.4207910306 0.3155846871 
 0.5556466340 0.4159197084 0.3120053365 
 0.5499732724 0.4116847376 0.3088926568 
 0.5451400972 0.4080695333 0.3062342106 
 0.5411160317 0.4050506275 0.3040125416 
 0.5378606728 0.4025977180 0.3022052180 
 0.5353243865 0.4006737536 0.3007849046 
 0.5334484633 0.3992350633 0.2997194682 
 0.5321653480 0.3982315429 0.2989721266 
 0.5313989640 0.3976069129 0.2985016503 
 0.5310651556 0.3972990625 0.2982626279 
 0.5310722677 0.3972404964 0.2982058060 
 0.5313218867 0.3973588982 0.2982785141 
 0.5317097615 0.3975778246 0.2984251823 
 0.5321269169 0.3978175386 0.2985879591 
 0.5324609703 0.3979959874 0.2987074304 
 0.5325976494 0.3980299229 0.2987234389 
 0.5324225030 0.3978361582 0.2985759979 
 0.5318227838 0.3973329427 0.2982062855 
 0.5306894714 0.3964414325 0.2975577032 
 0.5289193943 0.3950872246 0.2965769747 
 0.5264173942 0.3932019151 0.2952152560 
 0.5230984728 0.3907246347 0.2934292248 
 0.5188898483 0.3876035127 0.2911821120 
 0.5137328487 0.3837970143 0.2884446390 
 0.5075845660 0.3792750989 0.2851958223 
 0.5004191982 0.3740201481 0.2814236101 
 0.4922290156 0.3680276184 0.2771253212 
 0.4830248952 0.3613063820 0.2723078596 
 0.4728363861 0.3538787287 0.2669876896 
 0.4617112833 0.3457800181 0.2611905624 
 0.4497147102 0.3370579818 0.2549509980 
 0.4369277294 0.3277716946 0.2483115346 
 0.4234455242 0.3179902438 0.2413217697 
 0.4093752114 0.3077911440 0.2340372257 
 0.3948333645 0.2972585536 0.2265180791 
 0.3799433379 0.2864813572 0.2188278014 
 0.3648324909 0.2755511860 0.2110317595 
 0.3496294158 0.2645604468 0.2031958262 
 0.3344612661 0.2536004303 0.1953850497 
 0.3194512804 0.2427595606 0.1876624239 
 0.3047165772 0.2321218416 0.1800877982 
 0.2903662856 0.2217655425 0.1727169558 
 0.2765000548 0.2117621509 0.1656008786 
 0.2632069652 0.2021756094 0.1587852112 
 0.2505648459 0.1930618380 0.1523099222 
 0.2386399828 0.1844685291 0.1462091567 
 0.2274871855 0.1764351934 0.1405112629 
 0.2171501685 0.1689934260 0.1352389717 
 0.2076621922 0.1621673526 0.1304097023 
 0.1990469021 0.1559742152 0.1260359657 
 0.1913193052 0.1504250525 0.1221258341 
 0.1844868188 0.1455254326 0.1186834493 
 0.1785503352 0.1412761968 0.1157095386 
 0.1735052493 0.1376741783 0.1132019158 
 0.1693424028 0.1347128646 0.1111559439 
 0.1660489095 0.1323829766 0.1095649417 
 0.1636088332 0.1306729472 0.1084205206 
 0.1620036990 0.1295692841 0.1077128435 
 0.1612128295 0.1290568105 0.1074307982 
 0.1612135024 0.1291187837 0.1075620873 
 0.1619809387 0.1297368938 0.1080932352 
 0.1634881328 0.1308911551 0.1090095209 
 0.1657055480 0.1325597023 0.1102948450 
 0.1686007027 0.1347185122 0.1119315452 
 0.1721376805 0.1373410727 0.1139001763 
 0.1762766015 0.1403980251 0.1161792709 
 0.1809730948 0.1438568079 0.1187451028 
 0.1861778143 0.1476813319 0.1215714711 
 0.1918360421 0.1518317160 0.1246295284 
 0.1978874196 0.1562641131 0.1278876705 
 0.2042658462 0.1609306530 0.1313115073 
 0.2108995782 0.1657795243 0.1348639312 
 0.2177115526 0.1707552138 0.1385052933 
 0.2246199539 0.1757989147 0.1421936974 
 0.2315390271 0.1808491069 0.1458854118 
 0.2383801316 0.1858423046 0.1495353975 
 0.2450530150 0.1907139572 0.1530979421 
 0.2514672759 0.1953994834 0.1565273852 
 0.2575339712 0.1998354050 0.1597789133 
 