3.5133144280 3.9353035085 4.3846858399 
 3.5306393034 3.9537028198 4.4041200198 
 3.5483323562 3.9724824627 4.4239429919 
 3.5665279467 3.9917878089 4.4443108704 
 3.5853598010 4.0117634836 4.4653789333 
 3.6049596868 4.0325518971 4.4873000022 
 3.6254560930 4.0542917775 4.5102228220 
 3.6469729290 4.0771167278 4.5342904659 
 3.6696282642 4.1011538272 4.5596387927 
 3.6935331235 4.1265222986 4.5863949776 
 3.7187903550 4.1533322580 4.6146761387 
 3.7454935824 4.1816835645 4.6445880794 
 3.7737262563 4.2116647836 4.6762241612 
 3.8035608127 4.2433522764 4.7096643223 
 3.8350579475 4.2768094236 4.7449742528 
 3.8682660142 4.3120859927 4.7822047344 
 3.9032205486 4.3492176527 4.8213911506 
 3.9399439237 4.3882256392 4.8625531710 
 3.9784451367 4.4291165725 4.9056946087 
 4.0187197262 4.4718824252 4.9508034509 
 4.0607498198 4.5165006381 4.9978520569 
 4.1045043076 4.5629343795 5.0467975171 
 4.1499391366 4.6111329407 5.0975821653 
 4.1969977224 4.6610322598 5.1501342315 
 4.2456114673 4.7125555647 5.2043686251 
 4.2957003805 4.7656141238 5.2601878322 
 4.3471737893 4.8201080927 5.3174829120 
 4.3999311310 4.8759274435 5.3761345770 
 4.4538628169 4.9329529640 5.4360143373 
 4.5088511571 4.9910573124 5.4969856939 
 4.5647713343 5.0501061144 5.5589053636 
 4.6214924182 5.1099590897 5.6216245180 
 4.6788784097 5.1704711952 5.6849900239 
 4.7367893060 5.2314937754 5.7488456709 
 4.7950821778 5.2928757085 5.8130333756 
 4.8536122533 5.3544645427 5.8773943546 
 4.9122340018 5.4161076158 5.9417702600 
 4.9708022119 5.4776531533 6.0060042748 
 5.0291730621 5.5389513439 6.0699421672 
 5.0872051785 5.5998553901 6.1334333051 
 5.1447606793 5.6602225338 6.1963316337 
 5.2017062019 5.7199150574 6.2584966191 
 5.2579139103 5.7788012597 6.3197941634 
 5.3132624799 5.8367564070 6.3800974924 
 5.3676380540 5.8936636566 6.4392880193 
 5.4209351673 5.9494149501 6.4972561842 
 5.4730576284 6.0039118707 6.5539022662 
 5.5239193522 6.0570664576 6.6091371636 
 5.5734451322 6.1088019670 6.6628831335 
 5.6215713405 6.1590535702 6.7150744802 
 5.6682465429 6.2077689728 6.7656581791 
 5.7134320158 6.2549089441 6.8145944202 
 5.7571021516 6.3004477388 6.8618570563 
 5.7992447399 6.3443733997 6.9074339373 
 5.8398611145 6.3866879264 6.9513271161 
 5.8789661552 6.4274072985 6.9935529118 
 5.9165881395 6.4665613457 7.0341418174 
 5.9527684391 6.5041934579 7.0731382444 
 5.9875610623 6.5403601336 7.1106000992 
 6.0210320443 6.5751303691 7.1465981909 
 6.0532586928 6.6085848920 7.1812154751 
 6.0843286987 6.6408152516 7.2145461417 
 6.1143391256 6.6719227768 7.2466945595 
 6.1433952933 6.7020174193 7.2777740949 
 6.1716095741 6.7312165005 7.3079058226 
 6.1991001216 6.7596433831 7.3372171526 
 6.2259895523 6.7874260900 7.3658403953 
 6.2524036019 6.8146958928 7.3939112908 
 6.2784697764 6.8415858926 7.4215675255 
 6.3043160188 6.8682296161 7.4489472618 
 6.3300694101 6.8947596465 7.4761877021 
 6.3558549216 6.9213063078 7.5034237089 
 6.3817942342 6.9479964215 7.5307864983 
 6.4080046372 6.9749521469 7.5584024247 
 6.4345980178 7.0022899198 7.5863918679 
 6.4616799491 7.0301194964 7.6148682332 
 6.4893488837 7.0585431109 7.6439370733 
 6.5176954557 7.0876547495 7.6736953344 
 6.5468018928 7.1175395436 7.7042307301 
 6.5767415402 7.1482732821 7.7356212420 
 6.6075784922 7.1799220398 7.7679347451 
 6.6393673301 7.2125419198 7.8012287540 
 6.6721529622 7.2461789037 7.8355502837 
 6.7059705599 7.2808688048 7.8709358195 
 6.7408455847 7.3166373174 7.9074113872 
 6.7767939003 7.3535001551 7.9449927171 
 6.8138219630 7.3914632705 7.9836854925 
 6.8519270832 7.4305231501 8.0234856744 
 6.8910977529 7.4706671749 8.0643798943 
 6.9313140312 7.5118740415 8.1063459073 
 6.9725479827 7.5541142355 8.1493530967 
 7.0147641621 7.5973505509 8.1933630244 
 7.0579201394 7.6415386487 8.2383300180 
 7.1019670604 7.6866276501 8.2842017904 
 7.1468502368 7.7325607564 8.3309200842 
 7.1925097615 7.7792758926 8.3784213367 
 7.2388811428 7.8267063676 8.4266373586 
 7.2858959551 7.8747815479 8.4754960241 
 7.3334824991 7.9234275390 8.5249219647 
 7.3815664686 7.9725678700 8.5748372655 
 7.4300716180 8.0221241784 8.6251621573 
 7.4789204276 8.0720168879 8.6758157024 
 7.5280347606 8.1221658790 8.7267164681 
 7.5773365089 8.1724911432 8.7777831863 
 7.6267482210 8.2229134214 8.8289353927 
 7.6761937107 8.2733548182 8.8800940439 
 7.7255986390 8.3237393910 8.9311821074 
 7.7748910674 8.3739937081 8.9821251209 
 7.8240019776 8.4240473724 9.0328517173 
 7.8728657545 8.4738335079 9.0832941125 
 7.9214206277 8.5232892046 9.1333885519 
 7.9696090712 8.5723559199 9.1830757137 
 8.0173781559 8.6209798329 9.2323010657 
 8.0646798552 8.6691121515 9.2810151748 
 8.1114713014 8.7167093692 9.3291739662 
 8.1577149920 8.7637334714 9.3767389331 
 8.2033789464 8.8101520916 9.4236772952 
 8.2484368136 8.8559386177 9.4699621073 
 8.2928679307 8.9010722489 9.5155723187 
 8.3366573362 8.9455380058 9.5604927848 
 8.3797957387 8.9893266958 9.6047142332 
 8.4222794444 9.0324348363 9.6482331875 
 8.4641102472 9.0748645397 9.6910518507 
 8.5052952838 9.1166233626 9.7331779535 
 8.5458468594 9.1577241246 9.7746245705 
 8.5857822468 9.1981847004 9.8154099075 
 8.6251234636 9.2380277888 9.8555570667 
 8.6638970320 9.2772806640 9.8950937921 
 8.7021337253 9.3159749127 9.9340521994 
 8.7398683044 9.3541461620 9.9724684968 
 8.7771392492 9.3918338004 10.0103826976 
 8.8139884882 9.4290806978 10.0478383311 
 8.8504611279 9.4659329255 10.0848821532 
 8.8866051876 9.5024394803 10.1215638605 
 8.9224713385 9.5386520150 10.1579358109 
 8.9581126514 9.5746245760 10.1940527506 
 8.9935843529 9.6104133512 10.2299715515 
 9.0289435914 9.6460764265 10.2657509573 
 9.0642492115 9.6816735528 10.3014513407 
 9.0995615389 9.7172659226 10.3371344692 
 9.1349421723 9.7529159548 10.3728632800 
 9.1704537815 9.7886870858 10.4087016613 
 9.2061599111 9.8246435656 10.4447142392 
 9.2421247840 9.8608502563 10.4809661653 
 9.2784131059 9.8973724287 10.5175229044 
 9.3150898637 9.9342755548 10.5544500166 
 9.3522201172 9.9716250918 10.5918129312 
 9.3898687780 10.0094862545 10.6296767076 
 9.4281003730 10.0479237701 10.6681057788 
 9.4669787891 10.0870016135 10.7071636739 
 9.5065669928 10.1267827172 10.7469127135 
 9.5469267239 10.1673286522 10.7874136759 
 9.5881181569 10.2086992770 10.8287254285 
 9.6301995295 10.2509523501 10.8709045210 
 9.6732267335 10.2941431033 10.9140047382 
 9.7172528668 10.3383237744 10.9580766090 
 9.7623277452 10.3835430965 11.0031668699 
 9.8084973726 10.4298457444 11.0493178839 
 9.8558033705 10.4772717366 11.0965670123 
 9.9042823682 10.5258557969 11.1449459437 
 9.9539653547 10.5756266752 11.1944799813 
 10.0048769984 10.6266064340 11.2451872941 
 10.0570349369 10.6788097043 11.2970781366 
 10.1104490452 10.7322429194 11.3501540460 
 10.1651206905 10.7869035335 11.4044070263 
 10.2210419809 10.8427792382 11.4598187304 
 10.2781950230 10.8998471864 11.5163596542 
 10.3365511984 10.9580732406 11.5739883595 
 10.3960704754 11.0174112608 11.6326507425 
 10.4567007733 11.0778024506 11.6922793695 
 10.5183773973 11.1391747822 11.7527929024 
 10.5810225635 11.2014425233 11.8140956392 
 10.6445450383 11.2645058894 11.8760771953 
 10.7088399134 11.3282508477 11.9386123567 
 10.7737885421 11.3925491001 12.0015611333 
 10.8392586615 11.4572582733 12.0647690442 
 10.9051047270 11.5222223434 12.1280676663 
 10.9711684827 11.5872723230 12.1912754767 
 11.0372797925 11.6522272381 12.2541990167 
 11.1032577532 11.7168954157 12.3166344049 
 11.1689121063 11.7810761043 12.3783692179 
 11.2340449647 11.8445614399 12.4391847549 
 11.2984528592 11.9071387657 12.4988586923 
 11.3619291062 11.9685933029 12.5571681230 
 11.4242664879 12.0287111623 12.6138929659 
 11.4852602256 12.0872826710 12.6688197146 
 11.5447112151 12.1441059790 12.7217454792 
 11.6024294820 12.1989908921 12.7724822583 
 11.6582378000 12.2517628645 12.8208613614 
 11.7119754030 12.3022670691 12.8667378820 
 11.7635017092 12.3503724493 12.9099951093 
 11.8126999643 12.3959756418 12.9505487482 
 11.8594807026 12.4390046534 12.9883508099 
 11.9037849178 12.4794221654 13.0233930291 
 11.9455868360 12.5172283423 13.0557096610 
 11.9848961854 12.5524630221 13.0853795245 
 12.0217598667 12.5852071812 13.1125271669 
 12.0562629420 12.6155835825 13.1373230524 
 12.0885288829 12.6437565423 13.1599827053 
 12.1187190418 12.6699307815 13.1807647797 
 12.1470313422 12.6943493646 13.1999680664 
 12.1736982179 12.7172907683 13.2179275002 
 12.1989838648 12.7390651663 13.2350092751 
 12.2231809038 12.7600100511 13.2516052229 
 12.2466065867 12.7804853581 13.2681266542 
 12.2695987016 12.8008682805 13.2849978912 
 12.2925113541 12.8215479919 13.3026497490 
 12.3157108138 12.8429204975 13.3215132311 
 12.3395716133 12.8653838427 13.3420137030 
 12.3644730782 12.8893338858 13.3645657878 
 12.3907964449 12.9151608213 13.3895692004 
 12.4189226926 12.9432465997 13.4174056846 
 12.4492311746 12.9739633436 13.4484371686 
 12.4820990874 13.0076728001 13.4830051815 
 12.5179017646 13.0447268150 13.5214315091 
 12.5570137287 13.0854687449 13.5640199894 
 12.5998103802 13.1302356648 13.6110592790 
 12.6466701527 13.1793611696 13.6628263544 
 12.6979769177 13.2331785126 13.7195904491 
 12.7541223820 13.2920237832 13.7816170786 
 12.8155081872 13.3562387824 13.8491717605 
 12.8825473967 13.4261732312 13.9225230061 
 12.9556650293 13.5021859204 14.0019441344 
 13.0352972871 13.5846443947 14.0877134429 
 13.1218891037 13.6739227477 14.1801122548 
 13.2158896243 13.7703970877 14.2794203458 
 13.3177452020 13.8744382137 14.3859082402 
 13.4278894659 13.9864010083 14.4998258311 
 13.5467299677 14.1066100124 14.6213867488 
 13.6746308582 14.2353405892 14.7507478405 
 13.8118909645 14.3727950084 14.8879830617 
 13.9587165497 14.5190726930 15.0330509925 
 14.1151879307 14.6741337694 15.1857551073 
 14.2812190156 14.8377549566 15.3456958395 
 14.4565087220 15.0094767463 15.5122134275 
 14.6404831587 15.1885407751 15.6843205331 
 14.8322274489 15.3738163352 15.8606237399 
 15.0304061799 15.5637151576 16.0392333458 
 15.2331717783 15.7560940369 16.2176614656 
 15.4380607297 15.9481456718 16.3927095071 
 15.6418786501 16.1362794475 16.5603477610 
 15.8405769694 16.3159960018 16.7155923889 
 16.0291266486 16.4817625533 16.8523887529 
 16.2013981787 16.6269003824 16.9635150291 
 16.3500623390 16.7435017294 17.0405264674 
 16.4665328924 16.8224006633 17.0737682810 
 16.5409803023 16.8532306973 17.0524931330 
 16.5624537743 16.8246097711 16.9651257637 
 16.5191555154 16.7244982212 16.7997193647 
 16.3989127777 16.5407735366 16.5446413006 
 16.1898852175 16.2620517250 16.1895042020 
 15.8815217097 15.8787533695 15.7263174876 
 15.4657373133 15.3843595303 15.1507730945 
 14.9382173113 14.7767314334 14.4635049314 
 14.2996797178 14.0592919510 13.6710933789 
 13.5568610592 13.2418122778 12.7865540223 
 12.7229636708 12.3405473262 11.8290853562 
 11.8173472312 11.3775446286 10.8229695853 
 10.8643756908 10.3791137927 9.7957065817 
 9.8915209296 9.3736474693 8.7756584843 
 8.9270174571 8.3891598945 7.7896174981 
 7.9974847861 7.4509852536 6.8607262618 
 7.1259352782 6.5800236107 6.0070723111 
 6.3304663372 5.7917619344 5.2410923945 
 5.6237483600 5.0960984263 4.5697314790 
 5.0132359780 4.4978312262 3.9951661946 
 4.5019059764 3.9975806346 3.5158485320 
 4.0892806499 3.5929014342 3.1276425010 
 3.7725167876 3.2793850539 2.8248844797 
 3.5473983438 3.0516180443 2.6012665159 
 3.4091367308 2.9039280393 2.4505003940 
 3.3529386376 2.8308978123 2.3667607415 
 3.3743408449 2.8276596807 2.3449286877 
 3.4693356842 2.8899996947 2.3806684296 
 3.6343236205 3.0143086197 2.4703724616 
 3.8659350821 3.1974186648 2.6110106569 
 4.1607654117 3.4363639933 2.7999158993 
 4.5150668615 3.7281010839 3.0345358492 
 4.9244410257 4.0692230611 3.3121775559 
 5.3835738340 4.4557004081 3.6297693795 
 5.8860520618 4.8826783361 3.9836627792 
 6.4242935705 5.3443572887 4.3694941514 
 6.9896119739 5.8339763439 4.7821230366 
 7.5724202187 6.3439090654 5.2156569073 
 8.1625585202 6.8658682371 5.6635643313 
 8.7497136268 7.3912017087 6.1188683876 
 9.3238824855 7.9112489732 6.5744023468 
 9.8758273514 8.4177198190 7.0231017355 
 10.3974725967 8.9030543281 7.4583026522 
 10.8822049184 9.3607280153 7.8740165079 
 11.3250552809 9.7854757887 8.2651560681 
 11.7227588017 10.1734212571 8.6276956273 
 12.0737042405 10.5221109247 8.9587576049 
 12.3777954001 10.8304636403 9.2566269575 
 12.6362517915 11.0986528660 9.5207021187 
 12.8513759501 11.3279425527 9.7513958868 
 13.0263112166 11.5204971747 9.9500016789 
 13.1648082897 11.6791837954 10.1185402549 
 13.2710128591 11.8073800446 10.2596000857 
 13.3492811730 11.9087975766 10.3761817387 
 13.4040260324 11.9873266231 10.4715536263 
 13.4395926080 12.0469040473 10.5491236530 
 13.4601615561 12.0914049640 10.6123289674 
 13.4696759407 12.1245564633 10.6645442650 
 13.4717881888 12.1498711250 10.7090078753 
 13.4698234661 12.1705976627 10.7487641291 
 13.4667562644 12.1896860248 10.7866201205 
 13.4651975021 12.2097644696 10.8251148611 
 13.4673899467 12.2331264300 10.8664988799 
 13.4752102456 12.2617253128 10.9127224773 
 13.4901762466 12.2971757062 10.9654310595 
 13.5134586195 12.3407597679 11.0259662126 
 13.5458960403 12.3934378300 11.0953714133 
 13.5880133909 12.4558624749 11.1744014952 
 13.6400425585 12.5283955171 11.2635351883 
 13.7019455057 12.6111274599 11.3629902191 
 13.7734393242 12.7038990925 11.4727405935 
 13.8540229987 12.8063249519 11.5925357847 
 13.9430055862 12.9178183961 11.7219216061 
 14.0395354824 13.0376180264 11.8602625805 
 14.1426303901 13.1648151669 12.0067656035 
 14.2512075554 13.2983820582 12.1605046707 
 14.3641137804 13.4372003668 12.3204463843 
 14.4801546882 13.5800895577 12.4854758926 
 14.5981226936 13.7258346319 12.6544228592 
 14.7168231448 13.8732127107 12.8260870026 
 14.8350981330 14.0210179440 12.9992627210 
 14.9518475338 14.1680842550 13.1727623044 
 15.0660469305 14.3133054839 13.3454372593 
 15.1767621771 14.4556525842 13.5161973176 
 15.2831604789 14.5941876177 13.6840267761 
 15.3845179885 14.7280744180 13.8479979053 
 15.4802240352 14.8565859044 14.0072812737 
 15.5697822077 14.9791081454 14.1611529450 
 15.6528085989 15.0951413740 14.3089986165 
 15.7290275874 15.2042982439 14.4503148653 
 15.7982655694 15.3062996777 14.5847077534 
 15.8604430759 15.4009687051 14.7118891106 
 15.9155657052 15.4882227061 14.8316708542 
 15.9637142822 15.5680644739 14.9439577316 
 16.0050346187 15.6405724964 15.0487388734 
 16.0397272050 15.7058908181 15.1460785310 
 16.0680371128 15.7642188078 15.2361063469 
 16.0902443354 15.8158011051 15.3190074681 
 16.1066547383 15.8609179697 15.3950127694 
 16.1175917479 15.8998762092 15.4643894089 
 16.1233888556 15.9330008099 15.5274318907 
 16.1243829839 15.9606273584 15.5844537657 
 16.1209087233 15.9830952985 15.6357800623 
 16.1132934266 16.0007420434 15.6817405040 
 16.1018531262 16.0138979317 15.7226635382 
 16.0868892285 16.0228820027 15.7588711797 
 16.0686859251 16.0279985466 15.7906746506 
 16.0475082620 16.0295343806 15.8183707842 
 16.0236007984 16.0277567908 15.8422391508 
 15.9971867925 16.0229120817 15.8625398553 
 15.9684678498 16.0152246700 15.8795119528 
 15.9376239738 16.0048966632 15.8933724271 
 15.9048139629 15.9921078644 15.9043156738 
 15.8701760999 15.9770161467 15.9125134358 
 15.8338290860 15.9597581456 15.9181151336 
 15.7958731740 15.9404502195 15.9212485416 
 15.7563914611 15.9191896322 15.9220207587 
 15.7154513024 15.8960559151 15.9205194276 
 15.6731058115 15.8711123676 15.9168141554 
 15.6293954175 15.8444076614 15.9109580961 
 15.5843494496 15.8159775111 15.9029896520 
 15.5379877234 15.7858463815 15.8929342575 
 15.4903221056 15.7540292018 15.8808062085 
 15.4413580361 15.7205330589 15.8666105059 
 15.3910959889 15.6853588466 15.8503446797 
 15.3395328550 15.6485028481 15.8320005684 
 15.2866632340 15.6099582329 15.8115660263 
 15.2324806216 15.5697164517 15.7890265370 
 15.1769784852 15.5277685152 15.7643667142 
 15.1201512188 15.4841061468 15.7375716728 
 15.0619949750 15.4387227995 15.7086282593 
 15.0025083692 15.3916145339 15.6775261297 
 14.9416930581 15.3427807533 15.6442586717 
 14.8795541937 15.2922247965 15.6088237660 
 14.8161007565 15.2399543912 15.5712243891 
 14.7513457743 15.1859819727 15.5314690594 
 14.6853064330 15.1303248751 15.4895721332 
 14.6180040890 15.0730054026 15.4455539591 
 14.5494641914 15.0140507924 15.3994408994 
 14.4797161250 14.9534930797 15.3512652329 
 14.4087929847 14.8913688758 15.3010649492 
 14.3367312922 14.8277190735 15.2488834507 
 14.2635706658 14.7625884910 15.1947691743 
 14.1893534533 14.6960254667 15.1387751492 
 14.1141243403 14.6280814186 15.0809585041 
 14.0379299410 14.5588103771 15.0213799369 
 13.9608183826 14.4882685054 14.9601031609 
 13.8828388898 14.4165136140 14.8971943392 
 13.8040413777 14.3436046810 14.8327215177 
 13.7244760599 14.2696013847 14.7667540684 
 13.6441930750 14.1945636558 14.6993621487 
 13.5632421391 14.1185512543 14.6306161875 
 13.4816722248 14.0416233770 14.5605864012 
 13.3995312716 13.9638382981 14.4893423472 
 13.3168659288 13.8852530461 14.4169525157 
 13.2337213314 13.8059231187 14.3434839658 
 13.1501409103 13.7259022362 14.2690020047 
 13.0661662366 13.6452421347 14.1935699124 
 12.9818368986 13.5639923968 14.1172487110 
 12.8971904109 13.4822003212 14.0400969787 
 12.8122621538 13.3999108266 13.9621707057 
 12.7270853416 13.3171663913 13.8835231912 
 12.6416910166 13.2340070231 13.8042049794 
 12.5561080682 13.1504702599 13.7242638296 
 12.4703632726 13.0665911953 13.6437447209 
 12.3844813526 12.9824025297 13.5626898850 
 12.2984850536 12.8979346404 13.4811388658 
 12.2123952338 12.8132156711 13.3991286020 
 12.1262309658 12.7282716360 13.3166935292 
 12.0400096476 12.6431265355 13.2338656983 
 11.9537471206 12.5578024823 13.1506749065 
 11.8674577913 12.4723198340 13.0671488392 
 11.7811547567 12.3866973297 12.9833132180 
 11.6948499297 12.3009522292 12.8991919534 
 11.6085541626 12.2151004518 12.8148072987 
 11.5222773695 12.1291567135 12.7301800039 
 11.4360286423 12.0431346596 12.6453294658 
 11.3498163635 11.9570469932 12.5602738741 
 11.2636483105 11.8709055960 12.4750303503 
 11.1775317537 11.7847216422 12.3896150795 
 11.0914735464 11.6985057034 12.3040434329 
 11.0054802055 11.6122678443 12.2183300798 
 10.9195579841 11.5260177088 12.1324890900 
 10.8337129348 11.4397645962 12.0465340245 
 10.7479509634 11.3535175268 11.9604780151 
 10.6622778746 11.2672852980 11.8743338326 
 10.5766994084 11.1810765304 11.7881139443 
 10.4912212683 11.0948997048 11.7018305601 
 10.4058491421 11.0087631892 11.6154956693 
 10.3205887152 10.9226752593 11.5291210663 
 10.2354456774 10.8366441095 11.4427183691 
 10.1504257239 10.7506778588 11.3562990288 
 10.0655345511 10.6647845491 11.2698743316 
 9.9807778487 10.5789721396 11.1834553959 
 9.8961612873 10.4932484962 11.0970531628 
 9.8116905040 10.4076213778 11.0106783835 
 9.7273710857 10.3220984201 10.9243416024 
 9.6432085516 10.2366871173 10.8380531391 
 9.5592083346 10.1513948037 10.7518230679 
 9.4753757631 10.0662286342 10.6656611976 
 9.3917160438 9.9811955659 10.5795770511 
 9.3082342452 9.8963023413 10.4935798462 
 9.2249352835 9.8115554718 10.4076784783 
 9.1418239103 9.7269612251 10.3218815048 
 9.0589047024 9.6425256141 10.2361971322 
 8.9761820555 9.5582543887 10.1506332073 
 8.8936601796 9.4741530317 10.0651972103 
 8.8113430982 9.3902267568 9.9798962525 
 8.7292346503 9.3064805106 9.8947370773 
 8.6473384958 9.2229189782 9.8097260652 
 8.5656581236 9.1395465919 9.7248692419 
 8.4841968626 9.0563675426 9.6401722911 
 8.4029578959 8.9733857953 9.5556405696 
 8.3219442769 8.8906051068 9.4712791264 
 8.2411589480 8.8080290458 9.3870927242 
 8.1606047612 8.7256610158 9.3030858642 
 8.0802845002 8.6435042796 9.2192628125 
 8.0002009038 8.5615619851 9.1356276290 
 7.9203566906 8.4798371932 9.0521841970 
 7.8407545836 8.3983329052 8.9689362550 
 7.7613973357 8.3170520922 8.8858874283 
 7.6822877546 8.2359977227 8.8030412612 
 7.6034287274 8.1551727918 8.7204012493 
 7.5248232441 8.0745803479 8.6379708705 
 7.4464744207 7.9942235197 8.5557536159 
 7.3683855194 7.9141055411 8.4737530190 
 7.2905599688 7.8342297744 8.3919726834 
 7.2130013808 7.7545997319 8.3104163084 
 7.1357135658 7.6752190949 8.2290877125 
 7.0587005453 7.5960917308 8.1479908545 
 6.9819665625 7.5172217064 8.0671298519 
 6.9055160895 7.4386133001 7.9865089965 
 6.8293538321 7.3602710102 7.9061327668 
 6.7534847319 7.2821995599 7.8260058376 
 6.6779139656 7.2044039007 7.7461330869 
 6.6026469410 7.1268892116 7.6665195988 
 6.5276892911 7.0496608961 7.5871706638 
 6.4530468651 6.9727245758 7.5080917765 
 6.3787257166 6.8960860823 7.4292886297 
 6.3047320904 6.8197514450 7.3507671061 
 6.2310724060 6.7437268783 7.2725332674 
 6.1577532399 6.6680187651 7.1945933408 
 6.0847813060 6.5926336391 7.1169537037 
 6.0121634342 6.5175781653 7.0396208660 
 5.9399065482 6.4428591187 6.9626014511 
 5.8680176417 6.3684833624 6.8859021751 
 5.7965037546 6.2944578242 6.8095298253 
 5.7253719484 6.2207894727 6.7334912378 
 5.6546292812 6.1474852933 6.6577932744 
 5.5842827834 6.0745522641 6.5824427990 
 5.5143394330 6.0019973318 6.5074466551 
 5.4448061329 5.9298273883 6.4328116425 
 5.3756896874 5.8580492482 6.3585444955 
 5.3069967808 5.7866696268 6.2846518616 
 5.2387339578 5.7156951200 6.2111402811 
 5.1709076043 5.6451321857 6.1380161691 
 5.1035239307 5.5749871258 6.0652857982 
 5.0365889569 5.5052660715 5.9929552829 
 4.9701084992 5.4359749700 5.9210305669 
 4.9040881596 5.3671195726 5.8495174119 
 4.8385333168 5.2987054260 5.7784213882 
 4.7734491200 5.2307378657 5.7077478684 
 4.7088404843 5.1632220110 5.6375020228 
 4.6447120891 5.0961627631 5.5676888179 
 4.5810683776 5.0295648050 5.4983130160 
 4.5179135600 4.9634326037 5.4293791784 
 4.4552516172 4.8977704149 5.3608916699 
 4.3930863072 4.8325822889 5.2928546661 
 4.3314211733 4.7678720796 5.2252721619 
 4.2702595542 4.7036434539 5.1581479828 
 4.2096045946 4.6398999041 5.0914857971 
 4.1494592583 4.5766447603 5.0252891301 
 4.0898263415 4.5138812054 4.9595613793 
 4.0307084877 4.4516122898 4.8943058306 
 3.9721082027 4.3898409478 4.8295256761 
 3.9140278704 4.3285700141 4.7652240311 
 3.8564697687 4.2678022405 4.7014039528 
 3.7994360854 4.2075403129 4.6380684584 
 3.7429289341 4.1477868682 4.5752205432 
 3.6869503691 4.0885445103 4.5128631982 
 3.6315024003 4.0298158258 4.4509994269 
 3.5765870070 3.9716033990 4.3896322618 
 3.5222061503 3.9139098251 4.3287647791 
 3.4683617851 3.8567377230 4.2684001124 
 3.4150558696 3.8000897460 4.2085414647 
 3.3622903747 3.7439685911 4.1491921187 
 3.3100672900 3.6883770066 4.0903554453 
 3.2583886301 3.6333177978 4.0320349103 
 3.2072564370 3.5787938306 3.9742340781 
 3.1566727826 3.5248080331 3.9169566144 
 3.1066397675 3.4713633953 3.8602062856 
 3.0571595194 3.4184629665 3.8039869562 
 3.0082341884 3.3661098503 3.7483025842 
 2.9598659416 3.3143071984 3.6931572136 
 2.9120569545 3.2630582014 3.6385549650 
 2.8648094023 3.2123660780 3.5845000240 
 2.8181254481 3.1622340630 3.5309966276 
 2.7720072306 3.1126653923 3.4780490477 
 2.7264568500 3.0636632875 3.4256615744 
 2.6814763530 3.0152309385 3.3738384964 
 2.6370677164 2.9673714849 3.3225840802 
 2.5932328303 2.9200879967 3.2719025480 
 2.5499734802 2.8733834537 3.2217980554 
 2.5072913292 2.8272607248 3.1722746668 
 2.4651878995 2.7817225465 3.1233363316 
 2.4236645541 2.7367715018 3.0749868591 
 2.3827224786 2.6924099982 3.0272298945 
 2.3423626636 2.6486402475 2.9800688939 
 2.3025858875 2.6054642445 2.9335071005 
 2.2633927002 2.5628837481 2.8875475214 
 2.2247834077 2.5209002623 2.8421929056 
 2.1867580580 2.4795150186 2.7974457226 
 2.1493164281 2.4387289605 2.7533081431 
 2.1124580131 2.3985427284 2.7097820215 
 2.0761820162 2.3589566475 2.6668688790 
 2.0404873405 2.3199707169 2.6245698906 
 2.0053725837 2.2815846006 2.5828858727 
 1.9708360329 2.2437976211 2.5418172740 
 1.9368756633 2.2066087552 2.5013641683 
 1.9034891375 2.1700166315 2.4615262501 
 1.8706738076 2.1340195307 2.4223028326 
 1.8384267191 2.0986153884 2.3836928487 
 1.8067446167 2.0638017996 2.3456948538 
 1.7756239524 2.0295760257 2.3083070320 
 1.7450608955 1.9959350043 2.2715272045 
 1.7150513438 1.9628753602 2.2353528402 
 1.6855909373 1.9303934191 2.1997810696 
 1.6566750732 1.8984852230 2.1648086994 
 1.6282989225 1.8671465473 2.1304322308 
 1.6004574475 1.8363729197 2.0966478788 
 1.5731454211 1.8061596403 2.0634515934 
 1.5463574469 1.7765018034 2.0308390825 
 1.5200879799 1.7473943198 1.9988058361 
 1.4943313478 1.7188319407 1.9673471516 
 1.4690817736 1.6908092812 1.9364581599 
 1.4443333973 1.6633208453 1.9061338521 
 1.4200802983 1.6363610508 1.8763691072 
 1.3963165179 1.6099242535 1.8471587187 
 1.3730360810 1.5840047723 1.8184974224 
 1.3502330173 1.5585969129 1.7903799229 
 1.3279013825 1.5336949914 1.7628009198 
 1.3060352778 1.5092933570 1.7357551334 
 1.2846288690 1.4853864133 1.7092373288 
 1.2636764041 1.4619686390 1.6832423388 
 1.2431722299 1.4390346063 1.6577650856 
 1.2231108069 1.4165789988 1.6328006009 
 1.2034867229 1.3945966268 1.6083440436 
 1.1842947047 1.3730824416 1.5843907160 
 1.1655296290 1.3520315474 1.5609360780 
 1.1471865298 1.3314392113 1.5379757584 
 1.1292606064 1.3113008716 1.5155055653 
 1.1117472270 1.2916121436 1.4935214926 
 1.0946419330 1.2723688238 1.4720197252 
 1.0779404396 1.2535668916 1.4509966414 
 1.0616386356 1.2352025096 1.4304488135 
 1.0457325814 1.2172720210 1.4103730052 
 1.0302185051 1.1997719461 1.3907661677 
 1.0150927972 1.1826989759 1.3716254334 
 1.0003520042 1.1660499654 1.3529481070 
 0.9859928198 1.1498219237 1.3347316557 
 0.9720120761 1.1340120039 1.3169736969 
 0.9584067331 1.1186174908 1.2996719845 
 0.9451738668 1.1036357880 1.2828243940 
 0.9323106576 1.0890644036 1.2664289061 
 0.9198143766 1.0749009352 1.2504835895 
 0.9076823728 1.0611430546 1.2349865823 
 0.8959120587 1.0477884910 1.2199360737 
 0.8845008962 1.0348350150 1.2053302845 
 0.8734463827 1.0222804216 1.1911674473 
 0.8627460369 1.0101225138 1.1774457876 
 0.8523973844 0.9983590863 1.1641635041 
 0.8423979446 0.9869879092 1.1513187497 
 0.8327452178 0.9760067126 1.1389096136 
 0.8234366719 0.9654131719 1.1269341031 
 0.8144697318 0.9552048939 1.1153901277 
 0.8058417676 0.9453794037 1.1042754830 
 0.7975500856 0.9359341331 1.0935878370 
 0.7895919191 0.9268664102 1.0833247172 
 0.7819644208 0.9181734499 1.0734834997 
 0.7746646571 0.9098523468 1.0640613998 
 0.7676896028 0.9019000687 1.0550554642 
 0.7610361376 0.8943134529 1.0464625665 
 0.7547010447 0.8870892031 1.0382794027 
 0.7486810100 0.8802238893 1.0305024911 
 0.7429726238 0.8737139487 1.0231281727 
 0.7375723836 0.8675556894 1.0161526153 
 0.7324766986 0.8617452955 1.0095718189 
 0.7276818966 0.8562788342 1.0033816242 
 0.7231842315 0.8511522658 0.9975777237 
 0.7189798939 0.8463614551 0.9921556748 
 0.7150650222 0.8419021847 0.9871109152 
 0.7114357161 0.8377701708 0.9824387820 
 0.7080880516 0.8339610812 0.9781345313 
 0.7050180976 0.8304705543 0.9741933620 
 0.7022219339 0.8272942209 0.9706104403 
 0.6996956708 0.8244277275 0.9673809274 
 0.6974354704 0.8218667609 0.9645000085 
 0.6954375683 0.8196070745 0.9619629241 
 0.6936982969 0.8176445161 0.9597650021 
 0.6922141101 0.8159750566 0.9579016925 
 0.6909816075 0.8145948199 0.9563686019 
 0.6899975607 0.8135001130 0.9551615300 
 0.6892589383 0.8126874570 0.9542765057 
 0.6887629328 0.8121536179 0.9537098238 
 0.6885069854 0.8118956376 0.9534580818 
 0.6884888122 0.8119108642 0.9535182161 
 0.6887064288 0.8121969817 0.9538875363 
 0.6891581738 0.8127520381 0.9545637600 
 0.6898427312 0.8135744726 0.9555450438 
 0.6907591522 0.8146631407 0.9568300141 
 0.6919068731 0.8160173370 0.9584177937 
 0.6932857330 0.8176368152 0.9603080260 
 0.6948959882 0.8195218062 0.9625008961 
 0.6967383233 0.8216730311 0.9649971472 
 0.6988138602 0.8240917127 0.9677980934 
 0.7011241633 0.8267795809 0.9709056273 
 0.7036712409 0.8297388757 0.9743222230 
 0.7064575430 0.8329723441 0.9780509334 
 0.7094859550 0.8364832332 0.9820953819 
 0.7127597874 0.8402752781 0.9864597481 
 0.7162827600 0.8443526835 0.9911487477 
 0.7200589827 0.8487201014 0.9961676053 
 0.7240929311 0.8533826023 1.0015220212 
 0.7283894170 0.8583456407 1.0072181317 
 0.7329535544 0.8636150153 1.0132624622 
 0.7377907208 0.8691968235 1.0196618741 
 0.7429065129 0.8750974096 1.0264235050 
 0.7483066987 0.8813233083 1.0335547025 
 0.7539971639 0.8878811823 1.0410629516 
 0.7599838547 0.8947777552 1.0489557966 
 0.7662727159 0.9020197390 1.0572407570 
 0.7728696255 0.9096137574 1.0659252385 
 0.7797803256 0.9175662656 1.0750164392 
 0.7870103503 0.9258834654 1.0845212524 
 0.7945649513 0.9345712192 1.0944461658 
 0.8024490213 0.9436349599 1.1047971580 
 0.8106670164 0.9530796012 1.1155795946 
 0.8192228779 0.9629094466 1.1267981229 
 0.8281199547 0.9731280990 1.1384565683 
 0.8373609271 0.9837383723 1.1505578321 
 0.8469477322 0.9947422058 1.1631037935 
 0.8568814943 1.0061405829 1.1760952161 
 0.8671624582 1.0179334548 1.1895316614 
 0.8777899296 1.0301196721 1.2034114098 
 0.8887622222 1.0426969238 1.2177313926 
 0.9000766127 1.0556616870 1.2324871348 
 0.9117293066 1.0690091875 1.2476727112 
 0.9237154138 1.0827333735 1.2632807181 
 0.9360289369 1.0968269035 1.2793022611 
 0.9486627729 1.1112811498 1.2957269611 
 0.9616087292 1.1260862186 1.3125429797 
 0.9748575543 1.1412309880 1.3297370653 
 0.9883989855 1.1567031644 1.3472946206 
 1.0022218122 1.1724893586 1.3651997915 
 1.0163139565 1.1885751804 1.3834355795 
 1.0306625705 1.2049453533 1.4019839751 
 1.0452541502 1.2215838484 1.4208261140 
 1.0600746659 1.2384740363 1.4399424538 
 1.0751097070 1.2555988564 1.4593129701 
 1.0903446420 1.2729410032 1.4789173716 
 1.1057647909 1.2904831253 1.4987353302 
 1.1213556078 1.3082080386 1.5187467250 
 1.1371028743 1.3260989478 1.5389318978 
 1.1529928979 1.3441396762 1.5592719149 
 1.1690127162 1.3623148999 1.5797488352 
 1.1851503027 1.3806103835 1.6003459774 
 1.2013947711 1.3990132142 1.6210481863 
 1.2177365776 1.4175120311 1.6418420920 
 1.2341677157 1.4360972471 1.6627163591 
 1.2506819027 1.4547612598 1.6836619238 
 1.2672747550 1.4734986481 1.7046722132 
 1.2839439486 1.4923063531 1.7257433460 
 1.3006893645 1.5111838385 1.7468743095 
 1.3175132148 1.5301332311 1.7680671128 
 1.3344201488 1.5491594363 1.7893269116 
 1.3514173373 1.5682702285 1.8106621050 
 1.3685145332 1.5874763151 1.8320844001 
 1.3857241073 1.6067913717 1.8536088451 
 1.4030610587 1.6262320474 1.8752538299 
 1.4205429981 1.6458179411 1.8970410511 
 1.4381901038 1.6655715457 1.9189954437 
 1.4560250497 1.6855181612 1.9411450775 
 1.4740729056 1.7056857766 1.9635210173 
 1.4923610076 1.7261049187 1.9861571486 
 1.5109188007 1.7468084692 2.0090899672 
 1.5297776518 1.7678314498 2.0323583330 
 1.5489706340 1.7892107742 2.0560031883 
 1.5685322818 1.8109849688 2.0800672413 
 1.5884983181 1.8331938615 2.1045946139 
 1.6089053531 1.8558782396 2.1296304558 
 1.6297905559 1.8790794766 2.1552205257 
 1.6511912993 1.9028391316 2.1814107395 
 1.6731447810 1.9271985194 2.2082466891 
 1.6956876206 1.9521982566 2.2357731335 
 1.7188554363 1.9778777841 2.2640334643 
 1.7426824036 2.0042748704 2.2930691509 
 1.7672007996 2.0314250995 2.3229191679 
 1.7924405359 2.0593613468 2.3536194125 
 1.8184286868 2.0881132505 2.3852021150 
 1.8451890161 2.1177066829 2.4176952520 
 1.8727415091 2.1481632286 2.4511219695 
 1.9011019170 2.1794996787 2.4855000229 
 1.9302813200 2.2117275469 2.5208412463 
 1.9602857172 2.2448526182 2.5571510579 
 1.9911156508 2.2788745377 2.5944280138 
 2.0227658724 2.3137864498 2.6326634201 
 2.0552250605 2.3495746958 2.6718410133 
 2.0884755958 2.3862185802 2.7119367187 
 2.1224934022 2.4236902122 2.7529184971 
 2.1572478605 2.4619544309 2.7947462864 
 2.1927017988 2.5009688198 2.8373720458 
 2.2288115669 2.5406838156 2.8807399070 
 2.2655271943 2.5810429143 2.9247864358 
 2.3027926362 2.6219829747 2.9694410030 
 2.3405461048 2.6634346193 3.0146262652 
 2.3787204848 2.7053227288 3.0602587478 
 2.4172438285 2.7475670234 3.1062495249 
 2.4560399236 2.7900827245 3.1525049850 
 2.4950289267 2.8327812865 3.1989276710 
 2.5341280531 2.8755711855 3.2454171788 
 2.5732523104 2.9183587539 3.2918710996 
 2.6123152668 2.9610490451 3.3381859890 
 2.6512298396 3.0035467148 3.3842583449 
 2.6899090942 3.0457569039 3.4299855776 
 2.7282670393 3.0875861108 3.4752669570 
 2.7662194101 3.1289430387 3.5200045220 
 2.8036844291 3.1697394093 3.5641039405 
 2.8405835364 3.2098907345 3.6074753125 
 2.8768420847 3.2493170390 3.6500339094 
 2.9123899944 3.2879435325 3.6917008476 
 2.9471623674 3.3257012293 3.7324036981 
 2.9811000594 3.3625275178 3.7720770351 
 3.0141502110 3.3983666827 3.8106629304 
 3.0462667419 3.4331703850 3.8481114008 
 3.0774108084 3.4668981048 3.8843808175 
 3.1075512292 3.4995175521 3.9194382860 
 3.1366648794 3.5310050496 3.9532600026 
 3.1647370555 3.5613458907 3.9858315946 
 3.1917618088 3.5905346730 4.0171484446 
 3.2177422460 3.6185756052 4.0472159992 
 3.2426907918 3.6454827831 4.0760500574 
 3.2666294065 3.6712804269 4.1036770307 
 3.2895897511 3.6960030711 4.1301341625 
 3.3116132888 3.7196956930 4.1554696938 
 3.3327513129 3.7424137689 4.1797429585 
 3.3530648906 3.7642232420 4.2030243898 
 3.3726247099 3.7852003905 4.2253954226 
 3.3915108229 3.8054315808 4.2469482730 
 3.4098122748 3.8250128975 4.2677855831 
 3.4276266160 3.8440496410 4.2880199187 
 3.4450592913 3.8626556890 4.3077731136 
 3.4622229100 3.8809527198 4.3271754579 
 3.4792363982 3.8990693021 4.3463647323 
 3.4962240416 3.9171398579 4.3654850961 
 3.5133144280 3.9353035085 4.3846858399 
 