14.9836215346 14.5614860341 13.9301728374 
 15.0653082153 14.6515666531 14.0271835046 
 15.1383474270 14.7318716628 14.1134571561 
 15.2021026555 14.8015743301 14.1879765821 
 15.2560591084 14.8599878584 14.2498811437 
 15.2998092650 14.9065527268 14.2984569872 
 15.3330373759 14.9408225508 14.3331253039 
 15.3555039075 14.9624495116 14.3534296933 
 15.3670308252 14.9711703159 14.3590236127 
 15.3674884764 14.9667935156 14.3496587861 
 15.3567846850 14.9491888637 14.3251752837 
 15.3348565110 14.9182792057 14.2854938085 
 15.3016649643 14.8740352289 14.2306105301 
 15.2571928054 14.8164732098 14.1605946089 
 15.2014454128 14.7456557238 14.0755883618 
 15.1344545523 14.6616951168 13.9758098366 
 15.0562847506 14.5647593846 13.8615573978 
 14.9670418515 14.4550799714 13.7332157843 
 14.8668832266 14.3329608805 13.5912629847 
 14.7560290169 14.1987884016 13.4362771959 
 14.6347737135 14.0530406954 13.2689430898 
 14.5034973363 13.8962964508 13.0900566119 
 14.3626754559 13.7292418418 12.9005275894 
 14.2128873213 13.5526750645 12.7013795144 
 14.0548214144 13.3675078344 12.4937460137 
 13.8892778502 13.1747633630 12.2788636893 
 13.7171671762 12.9755705099 12.0580612236 
 13.5395052964 12.7711540083 11.8327448619 
 13.3574044354 12.5628208790 11.6043806048 
 13.1720602695 12.3519433678 11.3744736478 
 12.9847355547 12.1399389349 11.1445457694 
 12.7967407711 11.9282479979 10.9161114945 
 12.6094124644 11.7183102448 10.6906539204 
 12.4240900761 11.5115404056 10.4696010960 
 12.2420921239 11.3093043731 10.2543037926 
 12.0646925983 11.1128965163 10.0460153928 
 11.8930984014 10.9235189316 9.8458744823 
 11.7284285613 10.7422632352 9.6548905546 
 11.5716958297 10.5700953419 9.4739330634 
 11.4237911213 10.4078434999 9.3037238782 
 11.2854710941 10.2561896871 9.1448330520 
 11.1573490121 10.1156643227 8.9976776749 
 11.0398888956 9.9866441267 8.8625235044 
 10.9334028389 9.8693528624 8.7394889967 
 10.8380512897 9.7638646430 8.6285513474 
 10.7538460166 9.6701094463 8.5295541487 
 10.6806554559 9.5878804837 8.4422163005 
 10.6182121144 9.5168430831 8.3661418548 
 10.5661217057 9.4565447760 8.3008305225 
 10.5238737181 9.4064263173 8.2456886262 
 10.4908531254 9.3658334051 8.2000403309 
 10.4663529853 9.3340289053 8.1631390278 
 10.4495876837 9.3102054127 8.1341787775 
 10.4397066076 9.2934980076 8.1123057447 
 10.4358080416 9.2829970769 8.0966295639 
 10.4369530934 9.2777610796 8.0862345820 
 10.4421794620 9.2768291356 8.0801909185 
 10.4505148666 9.2792333157 8.0775652741 
 10.4609899634 9.2840105101 8.0774314088 
 10.4726505841 9.2902137443 8.0788801982 
 10.4845691417 9.2969228207 8.0810291701 
 10.4958550679 9.3032541599 8.0830314157 
 10.5056641631 9.3083697330 8.0840837732 
 10.5132067683 9.3114849842 8.0834341839 
 10.5177546927 9.3118756661 8.0803881339 
 10.5186468611 9.3088835297 8.0743141081 
 10.5152936745 9.3019208356 8.0646480027 
 10.5071801038 9.2904736782 8.0508964629 
 10.4938675648 9.2741041383 8.0326391359 
 10.4749946406 9.2524513021 8.0095298494 
 10.4502767374 9.2252312044 7.9812967480 
 10.4195047703 9.1922357687 7.9477414391 
 10.3825429860 9.1533308314 7.9087372121 
 10.3393260270 9.1084533430 7.8642264140 
 10.2898553491 9.0576078466 7.8142170671 
 10.2341950935 9.0008623352 7.7587788271 
 10.1724675129 8.9383435882 7.6980383795 
 10.1048480441 8.8702320861 7.6321743784 
 10.0315601103 8.7967565979 7.5614120255 
 9.9528697315 8.7181885327 7.4860173922 
 9.8690800121 8.6348361403 7.4062915788 
 9.7805255727 8.5470386417 7.3225648024 
 9.6875669838 8.4551603671 7.2351905035 
 9.5905852596 8.3595849708 7.1445395487 
 9.4899764641 8.2607097909 7.0509946078 
 9.3861464803 8.1589404156 6.9549447728 
 9.2795059904 8.0546855121 6.8567804782 
 9.1704657135 7.9483519711 6.7568887783 
 9.0594319420 7.8403404102 6.6556490246 
 8.9468024171 7.7310410774 6.5534289794 
 8.8329625786 7.6208301859 6.4505813937 
 8.7182822170 7.5100667043 6.3474410662 
 8.6031125539 7.3990896206 6.2443223933 
 8.4877837675 7.2882156870 6.1415174102 
 8.3726029730 7.1777376475 6.0392943140 
 8.2578526619 7.0679229410 5.9378964547 
 8.1437895951 6.9590128647 5.8375417696 
 8.0306441386 6.8512221770 5.7384226337 
 7.9186200226 6.7447391113 5.6407060907 
 7.8078944991 6.6397257693 5.5445344290 
 7.6986188682 6.5363188549 5.4500260599 
 7.5909193360 6.4346307092 5.3572766566 
 7.4848981670 6.3347506041 5.2663605108 
 7.3806350874 6.2367462500 5.1773320633 
 7.2781888969 6.1406654731 5.0902275656 
 7.1775992433 6.0465380200 5.0050668337 
 7.0788885173 5.9543774455 4.9218550532 
 6.9820638226 5.8641830448 4.8405846016 
 6.8871189798 5.7759417916 4.7612368537 
 6.7940365262 5.6896302471 4.6837839421 
 6.7027896737 5.6052164093 4.6081904446 
 6.6133441923 5.5226614744 4.5344149781 
 6.5256601896 5.4419214853 4.4624116787 
 6.4396937619 5.3629488494 4.3921315539 
 6.3553984948 5.2856937071 4.3235236934 
 6.2727267960 5.2101051402 4.2565363327 
 6.1916310491 5.1361322104 4.1911177615 
 6.1120645786 5.0637248252 4.1272170776 
 6.0339824226 4.9928344274 4.0647847852 
 5.9573419123 4.9234145114 4.0037732425 
 5.8821030622 4.8554209728 3.9441369634 
 5.8082287774 4.7888122960 3.8858327830 
 5.7356848889 4.7235495932 3.8288198958 
 5.6644400289 4.6595965058 3.7730597782 
 5.5944653611 4.5969189835 3.7185160100 
 5.5257341855 4.5354849554 3.6651540063 
 5.4582214334 4.4752639127 3.6129406774 
 5.3919030758 4.4162264181 3.5618440300 
 5.3267554637 4.3583435619 3.5118327252 
 5.2627546234 4.3015863820 3.4628756103 
 5.1998755259 4.2459252665 3.4149412368 
 5.1380913531 4.1913293556 3.3679973813 
 5.0773727798 4.1377659599 3.3220105810 
 5.0176872899 4.0852000115 3.2769456980 
 4.9589985454 4.0335935599 3.2327655225 
 4.9012658238 3.9829053284 3.1894304270 
 4.8444435380 3.9330903415 3.1468980783 
 4.7884808514 3.8840996323 3.1051232178 
 4.7333213991 3.8358800395 3.0640575136 
 4.6789031235 3.7883741002 3.0236494915 
 4.6251582303 3.7415200427 2.9838445477 
 4.5720132703 3.6952518830 2.9445850443 
 4.5193893491 3.6494996264 2.9058104898 
 4.4672024640 3.6041895731 2.8674578029 
 4.4153639679 3.5592447265 2.8294616573 
 4.3637811556 3.5145853001 2.7917549045 
 4.3123579666 3.4701293173 2.7542690697 
 4.2609957974 3.4257932976 2.7169349138 
 4.2095944130 3.3814930203 2.6796830553 
 4.1580529469 3.3371443558 2.6424446423 
 4.1062709765 3.2926641531 2.6051520667 
 4.0541496583 3.2479711707 2.5677397070 
 4.0015929088 3.2029870367 2.5301446916 
 3.9485086111 3.1576372242 2.4923076673 
 3.8948098310 3.1118520255 2.4541735620 
 3.8404160219 3.0655675086 2.4156923274 
 3.7852541991 3.0187264405 2.3768196484 
 3.7292600629 2.9712791594 2.3375176063 
 3.6723790508 2.9231843801 2.2977552820 
 3.6145672989 2.8744099171 2.2575092876 
 3.5557924931 2.8249333090 2.2167642143 
 3.4960345943 2.7747423324 2.1755129863 
 3.4352864186 2.7238353925 2.1337571130 
 3.3735540629 2.6722217796 2.0915068304 
 3.3108571603 2.6199217858 2.0487811288 
 3.2472289604 2.5669666740 2.0056076622 
 3.1827162272 2.5133985001 1.9620225393 
 3.1173789543 2.4592697853 1.9180699984 
 3.0512898978 2.4046430452 1.8738019694 
 2.9845339339 2.3495901800 1.8292775302 
 2.9172072496 2.2941917371 1.7845622661 
 2.8494163795 2.2385360561 1.7397275427 
 2.7812771047 2.1827183136 1.6948497056 
 2.7129132334 2.1268394824 1.6500092214 
 2.6444552843 2.0710052246 1.6052897742 
 2.5760390958 2.0153247393 1.5607773353 
 2.5078043880 1.9599095842 1.5165592219 
 2.4398933007 1.9048724927 1.4727231618 
 2.3724489352 1.8503262072 1.4293563791 
 2.3056139243 1.7963823481 1.3865447178 
 2.2395290534 1.7431503369 1.3443718150 
 2.1743319574 1.6907363894 1.3029183382 
 2.1101559092 1.6392425945 1.2622612946 
 2.0471287191 1.5887660888 1.2224734225 
 1.9853717579 1.5393983370 1.1836226696 
 1.9249991114 1.4912245241 1.1457717623 
 1.8661168747 1.4443230608 1.1089778672 
 1.8088225870 1.3987652051 1.0732923430 
 1.7532048051 1.3546147943 1.0387605806 
 1.6993428116 1.3119280835 1.0054219259 
 1.6473064487 1.2707536831 0.9733096777 
 1.5971560664 1.2311325836 0.9424511529 
 1.5489425721 1.1930982578 0.9128678091 
 1.5027075639 1.1566768258 0.8845754131 
 1.4584835327 1.1218872693 0.8575842452 
 1.4162941116 1.0887416795 0.8318993260 
 1.3761543555 1.0572455231 0.8075206543 
 1.3380710282 1.0273979115 0.7844434444 
 1.3020428805 0.9991918568 0.7626583502 
 1.2680608964 0.9726145014 0.7421516664 
 1.2361084915 0.9476473048 0.7229054951 
 1.2061616454 0.9242661782 0.7048978699 
 1.1781889520 0.9024415528 0.6881028290 
 1.1521515764 0.8821383747 0.6724904306 
 1.1280031054 0.8633160181 0.6580267079 
 1.1056892877 0.8459281143 0.6446735595 
 1.0851476582 0.8299222943 0.6323885773 
 1.0663070512 0.8152398497 0.6211248152 
 1.0490870100 0.8018153194 0.6108305056 
 1.0333971085 0.7895760166 0.6014487357 
 1.0191362084 0.7784415144 0.5929170997 
 1.0061916874 0.7683231191 0.5851673467 
 0.9944386788 0.7591233640 0.5781250536 
 0.9837393798 0.7507355667 0.5717093532 
 0.9739424953 0.7430435018 0.5658327559 
 0.9648828925 0.7359212455 0.5604011086 
 0.9563815579 0.7292332592 0.5553137379 
 0.9482459512 0.7228347814 0.5504638275 
 0.9402708600 0.7165726006 0.5457390803 
 0.9322398564 0.7102862800 0.5410227137 
 0.9239274527 0.7038098997 0.5361948305 
 0.9151020398 0.6969743665 0.5311341973 
 0.9055296661 0.6896103260 0.5257204465 
 0.8949786835 0.6815516828 0.5198367004 
 0.8832252398 0.6726396998 0.5133725869 
 0.8700595422 0.6627276093 0.5062275910 
 0.8552927501 0.6516856178 0.4983146507 
 0.8387642852 0.6394061427 0.4895638760 
 0.8203492737 0.6258090652 0.4799262345 
 0.7999657661 0.6108467448 0.4693770265 
 0.7775813282 0.5945085073 0.4579189475 
 0.7532185583 0.5768243015 0.4455845380 
 0.7269590841 0.5578672280 0.4324378257 
 0.6989456242 0.5377546749 0.4185749932 
 0.6693817717 0.5166478518 0.4041239533 
 0.6385292753 0.4947496055 0.3892427712 
 0.6067027476 0.4723005068 0.3741169533 
 0.5742619095 0.4495733214 0.3589557025 
 0.5416016795 0.4268661100 0.3439873215 
 0.5091405984 0.4044943164 0.3294540227 
 0.4773082418 0.3827823000 0.3156064507 
 0.4465323773 0.3620548238 0.3026982581 
 0.4172266640 0.3426290221 0.2909810680 
 0.3897796548 0.3248073298 0.2807001189 
 0.3645457468 0.3088717656 0.2720908197 
 0.3418385446 0.2950798312 0.2653763489 
 0.3219268737 0.2836621294 0.2607663165 
 0.3050334324 0.2748216341 0.2584563960 
 0.2913358278 0.2687343872 0.2586287203 
 0.2809695389 0.2655512592 0.2614527433 
 0.2740321964 0.2654003150 0.2670862051 
 0.2705884919 0.2683892748 0.2756758019 
 0.2706750156 0.2746075600 0.2873571638 
 0.2743043866 0.2841274574 0.3022537797 
 0.2814681471 0.2970040217 0.3204745777 
 0.2921380495 0.3132734553 0.3421099668 
 0.3062655405 0.3329498459 0.3672262721 
 0.3237794308 0.3560202976 0.3958586360 
 0.3445819235 0.3824386543 0.4280026143 
 0.3685433374 0.4121181706 0.4636048539 
 0.3954960095 0.4449236293 0.5025533910 
 0.4252279713 0.4806635275 0.5446682384 
 0.4574770736 0.5190830375 0.5896930340 
 0.4919262633 0.5598584963 0.6372885744 
 0.5282007018 0.6025941657 0.6870290558 
 0.5658673440 0.6468219358 0.7384017746 
 0.6044374707 0.6920045174 0.7908108966 
 0.6433724951 0.7375424712 0.8435856938 
 0.6820931450 0.7827851822 0.8959933668 
 0.7199918746 0.8270456043 0.9472562529 
 0.7564481019 0.8696183004 0.9965728710 
 0.7908456196 0.9098000172 1.0431419192 
 0.8225913147 0.9469117824 1.0861880485 
 0.8511341791 0.9803213300 1.1249880190 
 0.8759835115 1.0094645672 1.1588957349 
 0.8967252284 1.0338648084 1.1873646711 
 0.9130353017 1.0531486255 1.2099663486 
 0.9246895294 1.0670573865 1.2264037777 
 0.9315691004 1.0754538549 1.2365191463 
 0.9336617103 1.0783235739 1.2402954416 
 0.9310582913 1.0757711197 1.2378521208 
 0.9239457092 1.0680116514 1.2294353399 
 0.9125960235 1.0553584651 1.2154035820 
 0.8973530863 1.0382074707 1.1962097617 
 0.8786173605 1.0170196254 1.1723810129 
 0.8568298653 0.9923023856 1.1444973910 
 0.8324561136 0.9645911826 1.1131706493 
 0.8059708068 0.9344318053 1.0790241016 
 0.7778439097 0.9023644070 1.0426743839 
 0.7485285678 0.8689096577 1.0047157027 
 0.7184511551 0.8345573668 0.9657069283 
 0.6880035840 0.7997577155 0.9261616781 
 0.6575378646 0.7649150750 0.8865413502 
 0.6273627855 0.7303842558 0.8472509206 
 0.5977425049 0.6964689373 0.8086372119 
 0.5688967800 0.6634219644 0.7709892696 
 0.5410025386 0.6314471675 0.7345404549 
 0.5141964854 0.6007023557 0.6994718543 
 0.4885784534 0.5713031503 0.6659166317 
 0.4642152310 0.5433273554 0.6339649783 
 0.4411446340 0.5168196020 0.6036693668 
 0.4193796287 0.4917960473 0.5750498646 
 0.3989123526 0.4682489560 0.5480993116 
 0.3797179173 0.4461510331 0.5227882186 
 0.3617579140 0.4254594197 0.4990692858 
 0.3449835710 0.4061192943 0.4768814780 
 0.3293385400 0.3880670518 0.4561536270 
 0.3147613063 0.3712330581 0.4368075554 
 0.3011872332 0.3555439887 0.4187607348 
 0.2885502639 0.3409247795 0.4019285067 
 0.2767843084 0.3273002194 0.3862259010 
 0.2658243494 0.3145962236 0.3715690944 
 0.2556073002 0.3027408254 0.3578765507 
 0.2460726493 0.2916649243 0.3450698865 
 0.2371629249 0.2813028284 0.3330745024 
 0.2288240068 0.2715926230 0.3218200182 
 0.2210053149 0.2624763972 0.3112405454 
 0.2136598970 0.2539003550 0.3012748276 
 0.2067444364 0.2458148332 0.2918662749 
 0.2002191967 0.2381742480 0.2829629145 
 0.1940479198 0.2309369855 0.2745172769 
 0.1881976876 0.2240652502 0.2664862333 
 0.1826387582 0.2175248835 0.2588307967 
 0.1773443860 0.2112851619 0.2515158981 
 0.1722906296 0.2053185814 0.2445101465 
 0.1674561552 0.1996006345 0.2377855788 
 0.1628220388 0.1941095852 0.2313174056 
 0.1583715697 0.1888262452 0.2250837582 
 0.1540900587 0.1837337541 0.2190654382 
 0.1499646526 0.1788173668 0.2132456745 
 0.1459841567 0.1740642480 0.2076098888 
 0.1421388654 0.1694632776 0.2021454711 
 0.1384204028 0.1650048654 0.1968415669 
 0.1348215739 0.1606807783 0.1916888766 
 0.1313362247 0.1564839778 0.1866794683 
 0.1279591142 0.1524084703 0.1818066031 
 0.1246857964 0.1484491690 0.1770645751 
 0.1215125122 0.1446017678 0.1724485640 
 0.1184360928 0.1408626269 0.1679545014 
 0.1154538716 0.1372286700 0.1635789510 
 0.1125636064 0.1336972920 0.1593190001 
 0.1097634111 0.1302662784 0.1551721652 
 0.1070516952 0.1269337335 0.1511363076 
 0.1044271123 0.1236980193 0.1472095617 
 0.1018885159 0.1205577026 0.1433902723 
 0.0994349220 0.1175115107 0.1396769428 
 0.0970654791 0.1145582945 0.1360681915 
 0.0947794432 0.1116969988 0.1325627165 
 0.0925761588 0.1089266391 0.1291592677 
 0.0904550443 0.1062462828 0.1258566254 
 0.0884155819 0.1036550374 0.1226535847 
 0.0864573113 0.1011520409 0.1195489457 
 0.0845798262 0.0987364575 0.1165415063 
 0.0827827737 0.0964074757 0.1136300611 
 0.0810658564 0.0941643092 0.1108134011 
 0.0794288356 0.0920062004 0.1080903177 
 0.0778715368 0.0899324247 0.1054596074 
 0.0763938556 0.0879422970 0.1029200791 
 0.0749957646 0.0860351791 0.1004705619 
 0.0736773218 0.0842104870 0.0981099133 
 0.0724386777 0.0824676996 0.0958370291 
 0.0712800840 0.0808063666 0.0936508521 
 0.0702019017 0.0792261175 0.0915503816 
 0.0692046086 0.0777266692 0.0895346820 
 0.0682888074 0.0763078341 0.0876028921 
 0.0674552329 0.0749695276 0.0857542322 
 0.0667047588 0.0737117750 0.0839880126 
 0.0660384043 0.0725347178 0.0823036395 
 0.0654573400 0.0714386199 0.0807006219 
 0.0649628936 0.0704238728 0.0791785771 
 0.0645565547 0.0694910006 0.0777372349 
 0.0642399797 0.0686406639 0.0763764426 
 0.0640149960 0.0678736644 0.0750961685 
 0.0638836063 0.0671909476 0.0738965048 
 0.0638479918 0.0665936067 0.0727776707 
 0.0639105163 0.0660828849 0.0717400142 
 0.0640737295 0.0656601786 0.0707840147 
 0.0643403706 0.0653270394 0.0699102847 
 0.0647133719 0.0650851775 0.0691195709 
 0.0651958624 0.0649364637 0.0684127565 
 0.0657911726 0.0648829323 0.0677908628 
 0.0665028383 0.0649267848 0.0672550503 
 0.0673346063 0.0650703925 0.0668066217 
 0.0682904398 0.0653163013 0.0664470233 
 0.0693745247 0.0656672353 0.0661778484 
 0.0705912775 0.0661261025 0.0660008398 
 0.0719453529 0.0666960004 0.0659178939 
 0.0734416533 0.0673802222 0.0659310646 
 0.0750853392 0.0681822648 0.0660425686 
 0.0768818405 0.0691058365 0.0662547904 
 0.0788368697 0.0701548669 0.0665702891 
 0.0809564354 0.0713335164 0.0669918055 
 0.0832468579 0.0726461883 0.0675222698 
 0.0857147860 0.0740975406 0.0681648105 
 0.0883672152 0.0756924996 0.0689227640 
 0.0912115065 0.0774362746 0.0697996851 
 0.0942554079 0.0793343733 0.0707993586 
 0.0975070759 0.0813926184 0.0719258111 
 0.1009750988 0.0836171654 0.0731833240 
 0.1046685210 0.0860145208 0.0745764478 
 0.1085968686 0.0885915620 0.0761100162 
 0.1127701754 0.0913555574 0.0777891613 
 0.1171990099 0.0943141873 0.0796193302 
 0.1218945032 0.0974755656 0.0816063004 
 0.1268683773 0.1008482624 0.0837561978 
 0.1321329732 0.1044413258 0.0860755137 
 0.1377012796 0.1082643058 0.0885711229 
 0.1435869621 0.1123272768 0.0912503015 
 0.1498043906 0.1166408611 0.0941207457 
 0.1563686679 0.1212162521 0.0971905901 
 0.1632956567 0.1260652371 0.1004684265 
 0.1706020062 0.1312002205 0.1039633221 
 0.1783051777 0.1366342453 0.1076848385 
 0.1864234683 0.1423810158 0.1116430495 
 0.1949760348 0.1484549181 0.1158485597 
 0.2039829143 0.1548710406 0.1203125220 
 0.2134650446 0.1616451937 0.1250466551 
 0.2234442819 0.1687939284 0.1300632607 
 0.2339434174 0.1763345538 0.1353752401 
 0.2449861913 0.1842851544 0.1409961105 
 0.2565973055 0.1926646049 0.1469400206 
 0.2688024336 0.2014925853 0.1532217661 
 0.2816282298 0.2107895946 0.1598568045 
 0.2951023349 0.2205769629 0.1668612696 
 0.3092533816 0.2308768634 0.1742519856 
 0.3241109970 0.2417123229 0.1820464809 
 0.3397058040 0.2531072318 0.1902630015 
 0.3560694218 0.2650863533 0.1989205250 
 0.3732344639 0.2776753322 0.2080387729 
 0.3912345362 0.2909007032 0.2176382251 
 0.4101042344 0.3047898991 0.2277401328 
 0.4298791395 0.3193712585 0.2383665325 
 0.4505958152 0.3346740343 0.2495402604 
 0.4722918033 0.3507284024 0.2612849673 
 0.4950056207 0.3675654701 0.2736251340 
 0.5187767566 0.3852172864 0.2865860879 
 0.5436456702 0.4037168526 0.3001940203 
 0.5696537897 0.4230981334 0.3144760048 
 0.5968435123 0.4433960703 0.3294600172 
 0.6252582055 0.4646465952 0.3451749560 
 0.6549422094 0.4868866457 0.3616506648 
 0.6859408409 0.5101541821 0.3789179559 
 0.7183003979 0.5344882046 0.3970086348 
 0.7520681659 0.5599287727 0.4159555264 
 0.7872924236 0.5865170250 0.4357925023 
 0.8240224501 0.6142951997 0.4565545085 
 0.8623085312 0.6433066556 0.4782775947 
 0.9022019645 0.6735958933 0.5009989433 
 0.9437550638 0.7052085752 0.5247568990 
 0.9870211602 0.7381915450 0.5495909984 
 1.0320546000 0.7725928452 0.5755419980 
 1.0789107386 0.8084617320 0.6026519018 
 1.1276459283 0.8458486874 0.6309639869 
 1.1783174998 0.8848054259 0.6605228268 
 1.2309837352 0.9253848973 0.6913743108 
 1.2857038318 0.9676412826 0.7235656606 
 1.3425378551 1.0116299825 0.7571454416 
 1.4015466797 1.0574075977 0.7921635686 
 1.4627919165 1.1050318996 0.8286713054 
 1.5263358245 1.1545617902 0.8667212571 
 1.5922412072 1.2060572501 0.9063673539 
 1.6605712900 1.2595792735 0.9476648258 
 1.7313895801 1.3151897886 0.9906701679 
 1.8047597052 1.3729515638 1.0354410934 
 1.8807452325 1.4329280962 1.0820364761 
 1.9594094648 1.4951834841 1.1305162798 
 2.0408152151 1.5597822812 1.1809414733 
 2.1250245588 1.6267893318 1.2333739329 
 2.2120985621 1.6962695875 1.2878763287 
 2.3020969888 1.7682879035 1.3445119961 
 2.3950779842 1.8429088160 1.4033447916 
 2.4910977385 1.9201962996 1.4644389320 
 2.5902101289 2.0002135047 1.5278588182 
 2.6924663431 2.0830224769 1.5936688414 
 2.7979144865 2.1686838569 1.6619331745 
 2.9065991727 2.2572565646 1.7327155466 
 3.0185611036 2.3487974652 1.8060790026 
 3.1338366381 2.4433610227 1.8820856478 
 3.2524573553 2.5409989389 1.9607963788 
 3.3744496148 2.6417597829 2.0422706012 
 3.4998341173 2.7456886115 2.1265659361 
 3.6286254710 2.8528265840 2.2137379161 
 3.7608317664 2.9632105735 2.3038396730 
 3.8964541656 3.0768727789 2.3969216183 
 4.0354865093 3.1938403396 2.4930311194 
 4.1779149479 3.3141349565 2.5922121726 
 4.3237175990 3.4377725235 2.6945050762 
 4.4728642378 3.5647627723 2.7999461051 
 4.6253160250 3.6951089344 2.9085671902 
 4.7810252739 3.8288074235 3.0203956041 
 4.9399352642 3.9658475429 3.1354536572 
 5.1019801027 4.1062112195 3.2537584047 
 5.2670846365 4.2498727694 3.3753213692 
 5.4351644198 4.3967986969 3.5001482797 
 5.6061257364 4.5469475295 3.6282388296 
 5.7798656799 4.7002696927 3.7595864569 
 5.9562722913 4.8567074245 3.8941781472 
 6.1352247554 5.0161947321 4.0319942619 
 6.3165936532 5.1786573929 4.1730083938 
 6.5002412703 5.3440129980 4.3171872499 
 6.6860219587 5.5121710401 4.4644905636 
 6.8737825485 5.6830330455 4.6148710357 
 7.0633628071 5.8564927469 4.7682743065 
 7.2545959403 6.0324362991 4.9246389566 
 7.4473091317 6.2107425320 5.0838965378 
 7.6413241150 6.3912832419 5.2459716326 
 7.8364577731 6.5739235152 5.4107819414 
 8.0325227599 6.7585220841 5.5782383971 
 8.2293281369 6.9449317092 5.7482453036 
 8.4266800200 7.1329995857 5.9207004992 
 8.6243822309 7.3225677706 6.0954955404 
 8.8222369464 7.5134736246 6.2725159059 
 9.0200453410 7.7055502684 6.4516412184 
 9.2176082173 7.8986270458 6.6327454811 
 9.4147266205 8.0925299932 6.8156973289 
 9.6112024310 8.2870823101 7.0003602895 
 9.8068389343 8.4821048283 7.1865930555 
 10.0014413622 8.6774164768 7.3742497638 
 10.1948174055 8.8728347400 7.5631802812 
 10.3867776945 9.0681761065 7.7532304955 
 10.5771362471 9.2632565081 7.9442426107 
 10.7657108845 9.4578917462 8.1360554453 
 10.9523236125 9.6518979055 8.3285047340 
 11.1368009713 9.8450917547 8.5214234312 
 11.3189743523 10.0372911335 8.7146420185 
 11.4986802857 10.2283153261 8.9079888142 
 11.6757606983 10.4179854220 9.1012902870 
 11.8500631449 10.6061246652 9.2943713740 
 12.0214410145 10.7925587910 9.4870558036 
 12.1897537141 10.9771163540 9.6791664248 
 12.3548668319 11.1596290456 9.8705255437 
 12.5166522818 11.3399320042 10.0609552677 
 12.6749884321 11.5178641183 10.2502778591 
 12.8297602196 11.6932683233 10.4383160979 
 12.9808592510 11.8659918932 10.6248936559 
 13.1281838932 12.0358867270 10.8098354799 
 13.2716393531 12.2028096313 10.9929681872 
 13.4111377494 12.3666225977 11.1741204704 
 13.5465981744 12.5271930766 11.3531235121 
 13.6779467489 12.6843942447 11.5298114092 
 13.8051166680 12.8381052670 11.7040216033 
 13.9280482392 12.9882115520 11.8755953175 
 14.0466889108 13.1346049970 12.0443779960 
 14.1609932911 13.2771842251 12.2102197452 
 14.2709231571 13.4158548082 12.3729757720 
 14.3764474509 13.5505294774 12.5325068167 
 14.4775422641 13.6811283165 12.6886795784 
 14.5741908079 13.8075789366 12.8413671263 
 14.6663833678 13.9298166314 12.9904492964 
 14.7541172426 14.0477845081 13.1358130680 
 14.8373966654 14.1614335947 13.2773529160 
 14.9162327069 14.2707229196 13.4149711368 
 14.9906431593 14.3756195633 13.5485781429 
 15.0606524009 14.4760986797 13.6780927241 
 15.1262912405 14.5721434864 13.8034422713 
 15.1875967422 14.6637452234 13.9245629609 
 15.2446120299 14.7509030786 14.0413998985 
 15.2973860729 14.8336240814 14.1539072176 
 15.3459734523 14.9119229637 14.2620481359 
 15.3904341104 14.9858219891 14.3657949651 
 15.4308330826 15.0553507521 14.4651290756 
 15.4672402149 15.1205459469 14.5600408174 
 15.4997298679 15.1814511099 14.6505293961 
 15.5283806089 15.2381163359 14.7366027065 
 15.5532748945 15.2905979710 14.8182771263 
 15.5744987455 15.3389582851 14.8955772710 
 15.5921414167 15.3832651266 14.9685357133 
 15.6062950634 15.4235915613 15.0371926705 
 15.6170544070 15.4600154996 15.1015956618 
 15.6245164021 15.4926193148 15.1617991408 
 15.6287799068 15.5214894546 15.2178641060 
 15.6299453596 15.5467160504 15.2698576922 
 15.6281144629 15.5683925255 15.3178527490 
 15.6233898770 15.5866152071 15.3619274073 
 15.6158749249 15.6014829425 15.4021646404 
 15.6056733107 15.6130967241 15.4386518208 
 15.5928888513 15.6215593244 15.4714802779 
 15.5776252249 15.6269749427 15.5007448589 
 15.5599857352 15.6294488665 15.5265434967 
 15.5400730928 15.6290871488 15.5489767868 
 15.5179892155 15.6259963018 15.5681475757 
 15.4938350456 15.6202830090 15.5841605641 
 15.4677103865 15.6120538572 15.5971219255 
 15.4397137578 15.6014150867 15.6071389420 
 15.4099422679 15.5884723624 15.6143196601 
 15.3784915053 15.5733305651 15.6187725653 
 15.3454554471 15.5560936024 15.6206062775 
 15.3109263835 15.5368642399 15.6199292683 
 15.2749948593 15.5157439512 15.6168495989 
 15.2377496294 15.4928327874 15.6114746800 
 15.1992776293 15.4682292641 15.6039110527 
 15.1596639577 15.4420302660 15.5942641910 
 15.1189918714 15.4143309679 15.5826383237 
 15.0773427904 15.3852247702 15.5691362777 
 15.0347963134 15.3548032497 15.5538593392 
 14.9914302401 15.3231561224 15.5369071338 
 14.9473206015 15.2903712189 15.5183775236 
 14.9025416955 15.2565344700 15.4983665214 
 14.8571661267 15.2217299021 15.4769682189 
 14.8112648500 15.1860396402 15.4542747304 
 14.7649072159 15.1495439182 15.4303761485 
 14.7181610162 15.1123210953 15.4053605117 
 14.6710925303 15.0744476757 15.3793137830 
 14.6237665692 15.0359983329 15.3523198370 
 14.5762465176 14.9970459351 15.3244604552 
 14.5285943724 14.9576615719 15.2958153281 
 14.4808707767 14.9179145806 15.2664620622 
 14.4331350483 14.8778725711 15.2364761913 
 14.3854452022 14.8376014486 15.2059311899 
 14.3378579661 14.7971654327 15.1748984886 
 14.2904287886 14.7566270719 15.1434474892 
 14.2432118387 14.7160472536 15.1116455786 
 14.1962599967 14.6754852068 15.0795581406 
 14.1496248370 14.6349985001 15.0472485650 
 14.1033566004 14.5946430301 15.0147782513 
 14.0575041579 14.5544730049 14.9822066087 
 14.0121149657 14.5145409176 14.9495910501 
 13.9672350106 14.4748975135 14.9169869801 
 13.9229087474 14.4355917493 14.8844477770 
 13.8791790293 14.3966707455 14.8520247692 
 13.8360870302 14.3581797318 14.8197672057 
 13.7936721635 14.3201619878 14.7877222213 
 13.7519719947 14.2826587789 14.7559347982 
 13.7110221530 14.2457092899 14.7244477249 
 13.6708562415 14.2093505567 14.6933015528 
 13.6315057491 14.1736174000 14.6625345546 
 13.5929999659 14.1385423608 14.6321826839 
 13.5553659046 14.1041556424 14.6022795409 
 13.5186282307 14.0704850595 14.5728563444 
 13.4828092037 14.0375559989 14.5439419143 
 13.4479286324 14.0053913925 14.5155626671 
 13.4140038469 13.9740117076 14.4877426268 
 13.3810496895 13.9434349552 14.4605034539 
 13.3490785276 13.9136767201 14.4338644957 
 13.3181002912 13.8847502152 14.4078428603 
 13.2881225352 13.8566663613 14.3824535157 
 13.2591505312 13.8294338944 14.3577094167 
 13.2311873867 13.8030595033 14.3336216599 
 13.2042341958 13.7775479949 14.3101996688 
 13.1782902189 13.7529024915 14.2874514070 
 13.1533530927 13.7291246561 14.2653836214 
 13.1294190685 13.7062149461 14.2440021113 
 13.1064832781 13.6841728934 14.2233120222 
 13.0845400231 13.6629974072 14.2033181617 
 13.0635830860 13.6426870966 14.1840253319 
 13.0436060582 13.6232406077 14.1654386733 
 13.0246026795 13.6046569705 14.1475640158 
 13.0065671855 13.5869359495 14.1304082285 
 12.9894946551 13.5700783909 14.1139795613 
 12.9733813517 13.5540865597 14.0982879710 
 12.9582250530 13.5389644589 14.0833454230 
 12.9440253593 13.5247181230 14.0691661606 
 12.9307839758 13.5113558784 14.0557669331 
 12.9185049604 13.4988885626 14.0431671753 
 12.9071949302 13.4873296954 14.0313891299 
 12.8968632207 13.4766955954 14.0204579073 
 12.8875219920 13.4670054357 14.0104014757 
 12.8791862771 13.4582812348 14.0012505772 
 12.8718739681 13.4505477788 13.9930385684 
 12.8656057388 13.4438324714 13.9858011804 
 12.8604049003 13.4381651137 13.9795762023 
 12.8562971910 13.4335776112 13.9744030868 
 12.8533105011 13.4301036124 13.9703224827 
 12.8514745350 13.4277780820 13.9673756990 
 12.8508204133 13.4266368122 13.9656041073 
 12.8513802209 13.4267158804 13.9650484900 
 12.8531865053 13.4280510581 13.9657483429 
 12.8562717320 13.4306771806 13.9677411429 
 12.8606677031 13.4346274838 13.9710615894 
 12.8664049470 13.4399329186 13.9757408300 
 12.8735120854 13.4466214497 13.9818056822 
 12.8820151849 13.4547173480 13.9892778578 
 12.8919371000 13.4642404837 13.9981732019 
 12.9032968145 13.4752056284 14.0085009533 
 12.9161087858 13.4876217714 14.0202630337 
 12.9303822987 13.5014914575 14.0334533727 
 12.9461208336 13.5168101500 14.0480572742 
 12.9633214536 13.5335656264 14.0640508289 
 12.9819742156 13.5517374081 14.0814003783 
 13.0020616098 13.5712962321 14.1000620342 
 13.0235580333 13.5922035681 14.1199812596 
 13.0464293041 13.6144111872 14.1410925161 
 13.0706322217 13.6378607900 14.1633189857 
 13.0961141837 13.6624837025 14.1865723762 
 13.1228128690 13.6882006502 14.2107528202 
 13.1506559979 13.7149216237 14.2357488825 
 13.1795611861 13.7425458510 14.2614376913 
 13.2094359064 13.7709618936 14.2876852132 
 13.2401775777 13.8000478870 14.3143466909 
 13.2716738015 13.8296719465 14.3412672712 
 13.3038027665 13.8596927625 14.3682828441 
 13.3364338438 13.8899604090 14.3952211220 
 13.3694283943 13.9203173879 14.4219029829 
 13.4026408097 13.9505999336 14.4481441007 
 13.4359198033 13.9806395942 14.4737568828 
 13.4691099671 14.0102651060 14.4985527283 
 13.5020536020 14.0393045674 14.5223446139 
 13.5345928232 14.0675879138 14.5449500017 
 13.5665719338 14.0949496799 14.5661940550 
 13.5978400478 14.1212320278 14.5859131296 
 13.6282539338 14.1462880043 14.6039584953 
 13.6576810358 14.1699849726 14.6202002224 
 13.6860026137 14.1922081530 14.6345311520 
 13.7131169353 14.2128641874 14.6468708488 
 13.7389424338 14.2318846274 14.6571694203 
 13.7634207365 14.2492292360 14.6654110720 
 13.7865194585 14.2648889791 14.6716172547 
 13.8082346508 14.2788885773 14.6758492587 
 13.8285927895 14.2912884895 14.6782101063 
 13.8476521935 14.3021862009 14.6788456028 
 13.8655037705 14.3117167024 14.6779444208 
 13.8822710016 14.3200520637 14.6757371164 
 13.8981090962 14.3274000288 14.6724940028 
 13.9132032770 14.3340015938 14.6685218497 
 13.9277661790 14.3401275605 14.6641594131 
 13.9420343887 14.3460741025 14.6597718500 
 13.9562641763 14.3521574188 14.6557441194 
 13.9707265170 14.3587075917 14.6524735148 
 13.9857015253 14.3660618058 14.6503615159 
 14.0014724597 14.3745571117 14.6498051829 
 14.0183194745 14.3845229504 14.6511883416 
 14.0365133134 14.3962736631 14.6548728216 
 14.0563091460 14.4101012218 14.6611900153 
 14.0779407408 14.4262684049 14.6704330117 
 14.1016151597 14.4450026301 14.6828495424 
 14.1275081327 14.4664906226 14.6986359373 
 14.1557602393 14.4908740654 14.7179322507 
 14.1864739877 14.5182463297 14.7408186639 
 14.2197118366 14.5486503358 14.7673132158 
 14.2554951609 14.5820775440 14.7973708579 
 14.2938041167 14.6184680207 14.8308837703 
 14.3345783179 14.6577114815 14.8676828258 
 14.3777182015 14.6996491669 14.9075400404 
 14.4230869258 14.7440763754 14.9501718164 
 14.4705126276 14.7907454548 14.9952427527 
 14.5197908521 14.8393690384 15.0423697894 
 14.5706869691 14.8896233169 15.0911264502 
 14.6229384029 14.9411511463 15.1410469632 
 14.6762565226 14.9935648168 15.1916300652 
 14.7303280713 15.0464483475 15.2423423375 
 14.7848160555 15.0993592111 15.2926209674 
 14.8393600582 15.1518294501 15.3418758946 
 14.8935759956 15.2033662043 15.3894913598 
 14.9470553870 15.2534517286 15.4348269503 
 14.9993642667 15.3015430462 15.4772182997 
 15.0500419188 15.3470714419 15.5159776734 
 15.0985996659 15.3894420580 15.5503947294 
 15.1445199914 15.4280339056 15.5797378031 
 15.1872563101 15.4622006460 15.6032561027 
 15.2262337314 15.4912725258 15.6201832336 
 15.2608511763 15.5145598620 15.6297424742 
 15.2904852079 15.5313584690 15.6311542126 
 15.3144959200 15.5409573890 15.6236459077 
 15.3322351843 15.5426492349 15.6064648633 
 15.3430574952 15.5357433660 15.5788939929 
 15.3463335559 15.5195819989 15.5402706031 
 15.3414666229 15.4935592046 15.4900080386 
 15.3279114765 15.4571425555 15.4276198114 
 15.3051956983 15.4098969704 15.3527455944 
 15.2729427335 15.3515100750 15.2651781980 
 15.2308960027 15.2818181543 15.1648904035 
 15.1789431074 15.2008315483 15.0520602991 
 15.1171389881 15.1087581518 14.9270936067 
 15.0457267365 15.0060235532 14.7906414004 
 14.9651546832 14.8932863019 14.6436116545 
 14.8760883790 14.7714468611 14.4871732099 
 14.7794161933 14.6416489888 14.3227510427 
 14.6762474681 14.5052725974 14.1520121329 
 14.5679024849 14.3639175576 13.9768417469 
 14.4558939162 14.2193784168 13.7993105220 
 14.3418999071 14.0736105370 13.6216333207 
 14.2277294315 13.9286886934 13.4461213483 
 14.1152810420 13.7867596458 13.2751294495 
 14.0064965443 13.6499905606 13.1110007672 
 13.9033114326 13.5205153840 12.9560110451 
 13.8076040970 13.4003813390 12.8123147748 
 13.7211458534 13.2914976262 12.6818951538 
 13.6455537476 13.1955881930 12.5665194707 
 13.5822478787 13.1141501218 12.4677011201 
 13.5324146985 13.0484188152 12.3866690141 
 13.4969774091 12.9993407814 12.3243447689 
 13.4765742342 12.9675544692 12.2813277072 
 13.4715450076 12.9533792950 12.2578874801 
 13.4819262180 12.9568127656 12.2539639492 
 13.5074543831 12.9775354093 12.2691738892 
 13.5475773936 13.0149230868 12.3028240345 
 13.6014732593 13.0680661392 12.3539299856 
 13.6680755030 13.1357947191 12.4212404707 
 13.7461042693 13.2167095399 12.5032664203 
 13.8341020501 13.3092171481 12.5983142338 
 13.9304727769 13.4115686895 12.7045224991 
 14.0335229095 13.5219010020 12.8199012889 
 14.1415030697 13.6382787541 12.9423730069 
 14.2526487463 13.7587362688 13.0698136262 
 14.3652186486 13.8813176591 13.2000930786 
 14.4775294082 14.0041139578 13.3311135306 
 14.5879855309 14.1252960624 13.4608443441 
 14.6951037631 14.2431425287 13.5873526605 
 14.7975313466 14.3560615241 13.7088287699 
 14.8940579678 14.4626065702 13.8236057077 
 14.9836215346 14.5614860341 13.9301728374 
 