4.3846858399 4.8601161868 5.3599762383 
 4.4041200198 4.8805461929 5.3813690106 
 4.4239429919 4.9013690799 5.4031536218 
 4.4443108704 4.9227512327 5.4255060373 
 4.4653789333 4.9448581468 5.4486013334 
 4.4873000022 4.9678526499 5.4726117534 
 4.5102228220 4.9918931205 5.4977047584 
 4.5342904659 5.0171317341 5.5240411065 
 4.5596387927 5.0437127676 5.5517729956 
 4.5863949776 5.0717709868 5.5810423009 
 4.6146761387 5.1014301439 5.6119789360 
 4.6445880794 5.1328016073 5.6446993652 
 4.6762241612 5.1659831408 5.6793052866 
 4.7096643223 5.2010578519 5.7158825074 
 4.7449742528 5.2380933179 5.7545000234 
 4.7822047344 5.2771409027 5.7952093163 
 4.8213911506 5.3182352687 5.8380438727 
 4.8625531710 5.3613940871 5.8830189300 
 4.9056946087 5.4066179470 5.9301314479 
 4.9508034509 5.4538904604 5.9793602998 
 4.9978520569 5.5031785562 6.0306666790 
 5.0467975171 5.5544329552 6.0839947057 
 5.0975821653 5.6075888145 6.1392722212 
 5.1501342315 5.6625665279 6.1964117525 
 5.2043686251 5.7192726647 6.2553116261 
 5.2601878322 5.7776010303 6.3158572084 
 5.3174829120 5.8374338282 6.3779222489 
 5.3761345770 5.8986429023 6.4413702985 
 5.4360143373 5.9610910386 6.5060561793 
 5.4969856939 6.0246333041 6.5718274766 
 5.5589053636 6.0891184025 6.6385260284 
 5.6216245180 6.1543900266 6.7059893901 
 5.6849900239 6.2202881901 6.7740522506 
 5.7488456709 6.2866505234 6.8425477847 
 5.8130333756 6.3533135208 6.9113089259 
 5.8773943546 6.4201137311 6.9801695518 
 5.9417702600 6.4868888860 7.0489655769 
 6.0060042748 6.5534789641 7.1175359533 
 6.0699421672 6.6197271937 7.1857235848 
 6.1334333051 6.6854809972 7.2533761621 
 6.1963316337 6.7505928850 7.3203469319 
 6.2584966191 6.8149213066 7.3864954131 
 6.3197941634 6.8783314684 7.4516880767 
 6.3800974924 6.9406961252 7.5157990006 
 6.4392880193 7.0018963526 7.5787105162 
 6.4972561842 7.0618223055 7.6403138528 
 6.5539022662 7.1203739620 7.7005097877 
 6.6091371636 7.1774618519 7.7592093030 
 6.6628831335 7.2330077625 7.8163342445 
 6.7150744802 7.2869454127 7.8718179744 
 6.7656581791 7.3392210797 7.9256060032 
 6.8145944202 7.3897941641 7.9776565830 
 6.8618570563 7.4386376739 8.0279412416 
 6.9074339373 7.4857386067 8.0764452333 
 6.9513271161 7.5310982135 8.1231678831 
 6.9935529118 7.5747321226 8.1681228014 
 7.0341418174 7.6166703114 8.2113379492 
 7.0731382444 7.6569569109 8.2528555355 
 7.1106000992 7.6956498370 8.2927317353 
 7.1465981909 7.7328202437 8.3310362215 
 7.1812154751 7.7685518016 8.3678515079 
 7.2145461417 7.8029398075 8.4032721099 
 7.2466945595 7.8360901369 8.4374035312 
 7.2777740949 7.8681180575 8.4703610945 
 7.3079058226 7.8991469207 8.5022686348 
 7.3372171526 7.9293067577 8.5332570809 
 7.3658403953 7.9587328028 8.5634629509 
 7.3939112908 7.9875639720 8.5930267907 
 7.4215675255 8.0159413234 8.6220915859 
 7.4489472618 8.0440065248 8.6508011734 
 7.4761877021 8.0719003550 8.6792986833 
 7.5034237089 8.0997612607 8.7077250345 
 7.5307864983 8.1277239896 8.7362175076 
 7.5584024247 8.1559183179 8.7649084156 
 7.5863918679 8.1844678864 8.7939238871 
 7.6148682332 8.2134891565 8.8233827769 
 7.6439370733 8.2430904950 8.8533957109 
 7.6736953344 8.2733713912 8.8840642735 
 7.7042307301 8.3044218105 8.9154803379 
 7.7356212420 8.3363216826 8.9477255402 
 7.7679347451 8.3691405230 8.9808708942 
 7.8012287540 8.4029371811 9.0149765408 
 7.8355502837 8.4377597113 9.0500916262 
 7.8709358195 8.4736453579 9.0862542993 
 7.9074113872 8.5106206451 9.1234918202 
 7.9449927171 8.5487015643 9.1618207675 
 7.9836854925 8.5878938492 9.2012473365 
 8.0234856744 8.6281933280 9.2417677156 
 8.0643798943 8.6695863449 9.2833685316 
 8.1063459073 8.7120502406 9.3260273538 
 8.1493530967 8.7555538846 9.3697132470 
 8.1933630244 8.8000582499 9.4143873650 
 8.2383300180 8.8455170235 9.4600035770 
 8.2842017904 8.8918772458 9.5065091183 
 8.3309200842 8.9390799716 9.5538452608 
 8.3784213367 8.9870609488 9.6019479953 
 8.4266373586 9.0357513079 9.6507487225 
 8.4754960241 9.0850782589 9.7001749470 
 8.5249219647 9.1349657902 9.7501509714 
 8.5748372655 9.1853353660 9.8005985852 
 8.6251621573 9.2361066193 9.8514377476 
 8.6758157024 9.2871980346 9.9025872596 
 8.7267164681 9.3385276191 9.9539654225 
 8.7777831863 9.3900135577 10.0054906809 
 8.8289353927 9.4415748485 10.0570822466 
 8.8800940439 9.4931319155 10.1086607005 
 8.9311821074 9.5446071945 10.1601485701 
 8.9821251209 9.5959256904 10.2114708788 
 9.0328517173 9.6470154998 10.2625556643 
 9.0832941125 9.6978082983 10.3133344634 
 9.1333885519 9.7482397880 10.3637427595 
 9.1830757137 9.7982501027 10.4137203904 
 9.2323010657 9.8477841682 10.4632119142 
 9.2810151748 9.8967920165 10.5121669298 
 9.3291739662 9.9452290501 10.5605403513 
 9.3767389331 9.9930562588 10.6082926346 
 9.4236772952 10.0402403842 10.6553899547 
 9.4699621073 10.0867540362 10.7018043342 
 9.5155723187 10.1325757591 10.7475137224 
 9.5604927848 10.1776900498 10.7925020268 
 9.6047142332 10.2220873307 10.8367590975 
 9.6482331875 10.2657638780 10.8802806680 
 9.6910518507 10.3087217106 10.9230682530 
 9.7331779535 10.3509684405 10.9651290084 
 9.7746245705 10.3925170908 11.0064755557 
 9.8154099075 10.4333858843 11.0471257750 
 9.8555570667 10.4735980063 11.0871025712 
 9.8950937921 10.5131813478 11.1264336171 
 9.9340521994 10.5521682312 11.1651510777 
 9.9724684968 10.5905951250 11.2032913203 
 10.0103826976 10.6285023496 11.2408946152 
 10.0478383311 10.6659337798 11.2780048292 
 10.0848821532 10.7029365455 11.3146691174 
 10.1215638605 10.7395607362 11.3509376152 
 10.1579358109 10.7758591089 11.3868631337 
 10.1940527506 10.8118868046 11.4225008619 
 10.2299715515 10.8477010718 11.4579080747 
 10.2657509573 10.8833610010 11.4931438509 
 10.3014513407 10.9189272674 11.5282687995 
 10.3371344692 10.9544618839 11.5633447945 
 10.3728632800 10.9900279627 11.5984347187 
 10.4087016613 11.0256894824 11.6336022126 
 10.4447142392 11.0615110613 11.6689114287 
 10.4809661653 11.0975577315 11.7044267868 
 10.5175229044 11.1338947121 11.7402127277 
 10.5544500166 11.1705871769 11.7763334615 
 10.5918129312 11.2077000138 11.8128527064 
 10.6296767076 11.2452975700 11.8498334133 
 10.6681057788 11.2834433795 11.8873374715 
 10.7071636739 11.3221998677 11.9254253910 
 10.7469127135 11.3616280294 11.9641559565 
 10.7874136759 11.4017870741 12.0035858477 
 10.8287254285 11.4427340362 12.0437692228 
 10.8709045210 11.4845233451 12.0847572605 
 10.9140047382 11.5272063518 12.1265976564 
 10.9580766090 11.5708308113 12.1693340735 
 11.0031668699 11.6154403162 12.2130055424 
 11.0493178839 11.6610736836 12.2576458126 
 11.0965670123 11.7077642941 12.3032826547 
 11.1449459437 11.7555393847 12.3499371159 
 11.1944799813 11.8044193003 12.3976227328 
 11.2451872941 11.8544167070 12.4463447070 
 11.2970781366 11.9055357752 12.4960990504 
 11.3501540460 11.9577713398 12.5468717117 
 11.4044070263 12.0111080503 12.5986376944 
 11.4598187304 12.0655195212 12.6513601822 
 11.5163596542 12.1209675009 12.7049896883 
 11.5739883595 12.1774010742 12.7594632495 
 11.6326507425 12.2347559209 12.8147036869 
 11.6922793695 12.2929536520 12.8706189598 
 11.7527929024 12.3519012504 12.9271016416 
 11.8140956392 12.4114906421 12.9840285476 
 11.8760771953 12.4715984303 13.0412605508 
 11.9386123567 12.5320858227 13.0986426193 
 12.0015611333 12.5927987874 13.1560041139 
 12.0647690442 12.6535684699 13.2131593849 
 12.1280676663 12.7142119078 13.2699087042 
 12.1912754767 12.7745330752 13.3260395714 
 12.2541990167 12.8343242894 13.3813284259 
 12.3166344049 12.8933680058 13.4355427953 
 12.3783692179 12.9514390244 13.4884439007 
 12.4391847549 13.0083071213 13.5397897331 
 12.4988586923 13.0637401091 13.5893386001 
 12.5571681230 13.1175073192 13.6368531307 
 12.6138929659 13.1693834840 13.6821047079 
 12.6688197146 13.2191529786 13.7248782770 
 12.7217454792 13.2666143673 13.7649774607 
 12.7724822583 13.3115851757 13.8022298860 
 12.8208613614 13.3539067931 13.8364926043 
 12.8667378820 13.3934493868 13.8676574679 
 12.9099951093 13.4301166942 13.8956563010 
 12.9505487482 13.4638505414 13.9204656903 
 12.9883508099 13.4946349270 13.9421112088 
 13.0233930291 13.5224995036 13.9606708812 
 13.0557096610 13.5475222937 13.9762777070 
 13.0853795245 13.5698314846 13.9891210695 
 13.1125271669 13.5896061677 13.9994468864 
 13.1373230524 13.6070759173 14.0075563916 
 13.1599827053 13.6225191385 14.0138034853 
 13.1807647797 13.6362601641 14.0185906427 
 13.1999680664 13.6486651272 14.0223634313 
 13.2179275002 13.6601366942 14.0256037502 
 13.2350092751 13.6711077978 14.0288219693 
 13.2516052229 13.6820345620 14.0325482007 
 13.2681266542 13.6933886581 14.0373229897 
 13.2849978912 13.7056493678 14.0436877474 
 13.3026497490 13.7192956535 14.0521752742 
 13.3215132311 13.7347985473 14.0633007280 
 13.3420137030 13.7526141620 14.0775533827 
 13.3645657878 13.7731776054 14.0953894913 
 13.3895692004 13.7968980426 14.1172265230 
 13.4174056846 13.8241550916 14.1434389801 
 13.4484371686 13.8552966787 14.1743559280 
 13.4830051815 13.8906383997 14.2102602831 
 13.5214315091 13.9304643547 14.2513898170 
 13.5640199894 13.9750293395 14.2979397392 
 13.6110592790 14.0245621967 14.3500666331 
 13.6628263544 14.0792700530 14.4078934314 
 13.7195904491 14.1393430974 14.4715150449 
 13.7816170786 14.2049595024 14.5410041884 
 13.8491717605 14.2762900357 14.6164168981 
 13.9225230061 14.3535018800 14.6977971911 
 14.0019441344 14.4367611469 14.7851802917 
 14.0877134429 14.5262335566 14.8785938280 
 14.1801122548 14.6220827402 14.9780563916 
 14.2794203458 14.7244656107 15.0835728451 
 14.3859082402 14.8335242324 15.1951257526 
 14.4998258311 14.9493735999 15.3126622940 
 14.6213867488 15.0720847014 15.4360760051 
 14.7507478405 15.2016622021 15.5651826529 
 14.8879830617 15.3380160202 15.6996895205 
 15.0330509925 15.4809260074 15.8391573352 
 15.1857551073 15.6299988761 15.9829540492 
 15.3456958395 15.7846164710 16.1301996827 
 15.5122134275 15.9438744718 16.2797015149 
 15.6843205331 16.1065106992 16.4298790924 
 15.8606237399 16.2708224215 16.5786789019 
 16.0392333458 16.4345725234 16.7234792237 
 16.2176614656 16.5948852228 16.8609867698 
 16.3927095071 16.7481333604 16.9871283948 
 16.5603477610 16.8898213524 17.0969436401 
 16.7155923889 17.0144709015 17.1844873283 
 16.8523887529 17.1155207429 17.2427560306 
 16.9635150291 17.1852571928 17.2636579682 
 17.0405264674 17.2147989893 17.2380524863 
 17.0737682810 17.1941673714 17.1558917664 
 17.0524931330 17.1124792683 17.0065022069 
 16.9651257637 16.9583055466 16.7790430532 
 16.7997193647 16.7202338173 16.4631714185 
 16.5446413006 16.3876614996 16.0499212401 
 16.1895042020 15.9518146460 15.5327653559 
 15.7263174876 15.4069385301 14.9087749095 
 15.1507730945 14.7515400092 14.1797261098 
 14.4635049314 13.9894916997 13.3529482365 
 13.6710933789 13.1307577945 12.4416844215 
 12.7865540223 12.1915013839 11.4647741551 
 11.8290853562 11.1934078558 10.4455755209 
 10.8229695853 10.1622091138 9.4102092956 
 9.7957065817 9.1255840590 8.3853784739 
 8.7756584843 8.1107778063 7.3961327610 
 7.7896174981 7.1423595236 6.4639608776 
 6.8607262618 6.2404940804 5.6054985640 
 6.0070723111 5.4199555654 4.8319763938 
 5.2410923945 4.6899215647 4.1493613730 
 4.5697314790 4.0544237966 3.5590234883 
 3.9951661946 3.5132368849 3.0587067975 
 3.5158485320 3.0629699622 2.6435970987 
 3.1276425010 2.6981647686 2.3073294404 
 2.8248844797 2.4122682551 2.0428412875 
 2.6012665159 2.1984115222 1.8430316328 
 2.4505003940 2.0499758658 1.7012241873 
 2.3667607415 1.9609572828 1.6114540162 
 2.3449286877 1.9261562288 1.5686060334 
 2.3806684296 1.9412251130 1.5684357706 
 2.4703724616 2.0026064789 1.6075015284 
 2.6110106569 2.1073927813 1.6830343207 
 2.7999158993 2.2531354875 1.7927687282 
 3.0345358492 2.4376276900 1.9347542989 
 3.3121775559 2.6586811620 2.1071638910 
 3.6297693795 2.9139161979 2.3081127153 
 3.9836627792 3.2005806431 2.5354998771 
 4.3694941514 3.5154127467 2.7868826989 
 4.7821230366 3.8545601250 3.0593925241 
 5.2156569073 4.2135635350 3.3496985414 
 5.6635643313 4.5874089980 3.6540230600 
 6.1188683876 4.9706453332 3.9682076043 
 6.5744023468 5.3575571583 4.2878245339 
 7.0231017355 5.7423770766 4.6083243023 
 7.4583026522 6.1195163265 4.9252047515 
 7.8740165079 6.4837915378 5.2341867122 
 8.2651560681 6.8306267276 5.5313800644 
 8.6276956273 7.1562139143 5.8134263059 
 8.9587576049 7.4576217960 6.0776071901 
 9.2566269575 7.7328486361 6.3219134299 
 9.5207021187 7.9808216579 6.5450720560 
 9.7513958868 8.2013500399 6.7465350643 
 9.9500016789 8.3950415855 6.9264350241 
 10.1185402549 8.5631943270 7.0855151419 
 10.2596000857 8.7076740018 7.2250419253 
 10.3761817387 8.8307869724 7.3467082791 
 10.4715536263 8.9351562197 7.4525338839 
 10.5491236530 9.0236059373 7.5447683591 
 10.6123289674 9.0990582734 7.6258012438 
 10.6645442650 9.1644440874 7.6980814391 
 10.7090078753 9.2226282697 7.7640475413 
 10.7487641291 9.2763492294 7.8260695301 
 10.7866201205 9.3281715259 7.8864015479 
 10.8251148611 9.3804502644 7.9471450091 
 10.8664988799 9.4353057158 8.0102209792 
 10.9127224773 9.4946066108 8.0773506129 
 10.9654310595 9.5599606434 8.1500424155 
 11.0259662126 9.6327108669 8.2295851488 
 11.0953714133 9.7139368508 8.3170453210 
 11.1744014952 9.8044596602 8.4132683488 
 11.2635351883 9.9048499144 8.5188826492 
 11.3629902191 10.0154383622 8.6343060849 
 11.4727405935 10.1363285634 8.7597543431 
 11.5925357847 10.2674113949 8.8952509635 
 11.7219216061 10.4083811907 9.0406388388 
 11.8602625805 10.5587533772 9.1955930863 
 12.0067656035 10.7178834894 9.3596352340 
 12.1605046707 10.8849874398 9.5321486741 
 12.3204463843 11.0591628736 9.7123953183 
 12.4854758926 11.2394113889 9.8995333505 
 12.6544228592 11.4246613357 10.0926359106 
 12.8260870026 11.6137908400 10.2907104790 
 12.9992627210 11.8056506465 10.4927186660 
 13.1727623044 11.9990863320 10.6975960494 
 13.3454372593 12.1929594271 10.9042716650 
 13.5161973176 12.3861669957 11.1116867309 
 13.6840267761 12.5776592564 11.3188121894 
 13.8479979053 12.7664548939 11.5246646778 
 14.0072812737 12.9516537910 11.7283205886 
 14.1611529450 13.1324470050 11.9289279478 
 14.3089986165 13.3081239173 12.1257159221 
 14.4503148653 13.4780765831 12.3180018564 
 14.5847077534 13.6418014066 12.5051958307 
 14.7118891106 13.7988983429 12.6868028133 
 14.8316708542 13.9490678964 12.8624225621 
 14.9439577316 14.0921062302 13.0317474861 
 15.0487388734 14.2278987271 13.1945587270 
 15.1460785310 14.3564123512 13.3507207507 
 15.2361063469 14.4776871552 13.5001747498 
 15.3190074681 14.5918272533 13.6429311615 
 15.3950127694 14.6989915541 13.7790615894 
 15.4643894089 14.7993845084 13.9086903965 
 15.5274318907 14.8932470896 14.0319862109 
 15.5844537657 14.9808481810 14.1491535477 
 15.6357800623 15.0624765062 14.2604247227 
 15.6817405040 15.1384332028 14.3660521930 
 15.7226635382 15.2090251040 14.4663014333 
 15.7588711797 15.2745587692 14.5614444231 
 15.7906746506 15.3353352747 14.6517537943 
 15.8183707842 15.3916457625 14.7374976702 
 15.8422391508 15.4437677257 14.8189352021 
 15.8625398553 15.4919620006 14.8963127997 
 15.8795119528 15.5364704251 14.9698610372 
 15.8933724271 15.5775141194 15.0397922080 
 15.9043156738 15.6152923413 15.1062984942 
 15.9125134358 15.6499818640 15.1695507124 
 15.9181151336 15.6817368281 15.2296975931 
 15.9212485416 15.7106890142 15.2868655500 
 15.9220207587 15.7369484888 15.3411588919 
 15.9205194276 15.7606045722 15.3926604303 
 15.9168141554 15.7817270809 15.4414324360 
 15.9109580961 15.8003677984 15.4875178967 
 15.9029896520 15.8165621297 15.5309420274 
 15.8929342575 15.8303308941 15.5717139877 
 15.8808062085 15.8416822172 15.6098287601 
 15.8666105059 15.8506134804 15.6452691437 
 15.8503446797 15.8571132917 15.6780078191 
 15.8320005684 15.8611634418 15.7080094461 
 15.8115660263 15.8627408145 15.7352327504 
 15.7890265370 15.8618192208 15.7596325675 
 15.7643667142 15.8583711316 15.7811618067 
 15.7375716728 15.8523692868 15.7997733083 
 15.7086282593 15.8437881616 15.8154215662 
 15.6775261297 15.8326052752 15.8280642953 
 15.6442586717 15.8188023318 15.8376638269 
 15.6088237660 15.8023661858 15.8441883176 
 15.5712243891 15.7832896299 15.8476127654 
 15.5314690594 15.7615720034 15.8479198284 
 15.4895721332 15.7372196288 15.8451004449 
 15.4455539591 15.7102460792 15.8391542619 
 15.3994408994 15.6806722891 15.8300898774 
 15.3512652329 15.6485265194 15.8179249073 
 15.3010649492 15.6138441892 15.8026858912 
 15.2488834507 15.5766675906 15.7844080524 
 15.1947691743 15.5370455019 15.7631349268 
 15.1387751492 15.4950327149 15.7389178819 
 15.0809585041 15.4506894933 15.7118155409 
 15.0213799369 15.4040809781 15.6818931333 
 14.9601031609 15.3552765548 15.6492217876 
 14.8971943392 15.3043491984 15.6138777849 
 14.8327215177 15.2513748082 15.5759417903 
 14.7667540684 15.1964315451 15.5354980746 
 14.6993621487 15.1395991836 15.4926337437 
 14.6306161875 15.0809584859 15.4474379852 
 14.5605864012 15.0205906077 15.4000013430 
 14.4893423472 14.9585765422 15.3504150306 
 14.4169525157 14.8949966063 15.2987702884 
 14.3434839658 14.8299299752 15.2451577921 
 14.2690020047 14.7634542657 15.1896671154 
 14.1935699124 14.6956451719 15.1323862514 
 14.1172487110 14.6265761522 15.0734011921 
 14.0400969787 14.5563181680 15.0127955692 
 13.9621707057 14.4849394735 14.9506503530 
 13.8835231912 14.4125054540 14.8870436098 
 13.8042049794 14.3390785098 14.8220503148 
 13.7242638296 14.2647179849 14.7557422179 
 13.6437447209 14.1894801352 14.6881877592 
 13.5626898850 14.1134181334 14.6194520295 
 13.4811388658 14.0365821077 14.5495967736 
 13.3991286020 13.9590192090 14.4786804303 
 13.3166935292 13.8807737044 14.4067582051 
 13.2338656983 13.8018870919 14.3338821725 
 13.1506749065 13.7223982325 14.2601014018 
 13.0671488392 13.6423434976 14.1854621021 
 12.9833132180 13.5617569258 14.1100077841 
 12.8991919534 13.4806703875 14.0337794322 
 12.8148072987 13.3991137538 13.9568156851 
 12.7301800039 13.3171150665 13.8791530200 
 12.6453294658 13.2347007057 13.8008259374 
 12.5602738741 13.1518955554 13.7218671447 
 12.4750303503 13.0687231614 13.6423077334 
 12.3896150795 12.9852058823 13.5621773504 
 12.3040434329 12.9013650314 13.4815043598 
 12.2183300798 12.8172210074 13.4003159930 
 12.1324890900 12.7327934143 13.3186384881 
 12.0465340245 12.6481011690 13.2364972149 
 11.9604780151 12.5631625959 13.1539167871 
 11.8743338326 12.4779955098 13.0709211595 
 11.7881139443 12.3926172854 12.9875337117 
 11.7018305601 12.3070449151 12.9037773176 
 11.6154956693 12.2212950542 12.8196744013 
 11.5291210663 12.1353840559 12.7352469797 
 11.4427183691 12.0493279950 12.6505166937 
 11.3562990288 11.9631426830 12.5655048278 
 11.2698743316 11.8768436740 12.4802323194 
 11.1834553959 11.7904462633 12.3947197598 
 11.0970531628 11.7039654801 12.3089873868 
 11.0106783835 11.6174160744 12.2230550716 
 10.9243416024 11.5308125002 12.1369422998 
 10.8380531391 11.4441688954 12.0506681492 
 10.7518230679 11.3574990599 11.9642512641 
 10.6656611976 11.2708164326 11.8777098291 
 10.5795770511 11.1841340685 11.7910615412 
 10.4935798462 11.0974646165 11.7043235837 
 10.4076784783 11.0108202990 11.6175126004 
 10.3218815048 10.9242128929 11.5306446730 
 10.2361971322 10.8376537149 11.4437353006 
 10.1506332073 10.7511536084 11.3567993833 
 10.0651972103 10.6647229351 11.2698512097 
 9.9798962525 10.5783715704 11.1829044478 
 9.8947370773 10.4921089024 11.0959721421 
 9.8097260652 10.4059438356 11.0090667137 
 9.7248692419 10.3198847983 10.9221999662 
 9.6401722911 10.2339397542 10.8353830958 
 9.5556405696 10.1481162186 10.7486267056 
 9.4712791264 10.0624212769 10.6619408254 
 9.3870927242 9.9768616079 10.5753349336 
 9.3030858642 9.8914435093 10.4888179847 
 9.2192628125 9.8061729264 10.4023984387 
 9.1356276290 9.7210554830 10.3160842942 
 9.0521841970 9.6360965140 10.2298831231 
 8.9689362550 9.5513010998 10.1438021081 
 8.8858874283 9.4666741013 10.0578480810 
 8.8030412612 9.3822201962 9.9720275620 
 8.7204012493 9.2979439144 9.8863467998 
 8.6379708705 9.2138496738 9.8008118113 
 8.5557536159 9.1299418152 9.7154284211 
 8.4737530190 9.0462246360 9.6302022995 
 8.3919726834 8.9627024222 9.5451389999 
 8.3104163084 8.8793794790 9.4602439940 
 8.2290877125 8.7962601589 9.3755227047 
 8.1479908545 8.7133488870 9.2909805369 
 8.0671298519 8.6306501846 9.2066229060 
 7.9865089965 8.5481686891 9.1224552624 
 7.9061327668 8.4659091711 9.0384831139 
 7.8260058376 8.3838765481 8.9547120443 
 7.7461330869 8.3020758957 8.8711477292 
 7.6665195988 8.2205124550 8.7877959474 
 7.5871706638 8.1391916366 8.7046625900 
 7.5080917765 8.0581190219 8.6217536658 
 7.4292886297 7.9773003610 8.5390753030 
 7.3507671061 7.8967415679 8.4566337479 
 7.2725332674 7.8164487124 8.3744353611 
 7.1945933408 7.7364280101 8.2924866105 
 7.1169537037 7.6566858093 8.2107940612 
 7.0396208660 7.5772285765 8.1293643639 
 6.9626014511 7.4980628789 8.0482042407 
 6.8859021751 7.4191953666 7.9673204691 
 6.8095298253 7.3406327526 7.8867198649 
 6.7334912378 7.2623817919 7.8064092631 
 6.6577932744 7.1844492606 7.7263954988 
 6.5824427990 7.1068419335 7.6466853869 
 6.5074466551 7.0295665623 7.5672857019 
 6.4328116425 6.9526298543 7.4882031578 
 6.3585444955 6.8760384508 7.4094443883 
 6.2846518616 6.7997989072 7.3310159275 
 6.2111402811 6.7239176734 7.2529241922 
 6.1380161691 6.6484010759 7.1751754646 
 6.0652857982 6.5732553017 7.0977758773 
 5.9929552829 6.4984863835 7.0207313995 
 5.9210305669 6.4241001869 6.9440478254 
 5.8495174119 6.3501023999 6.8677307643 
 5.7784213882 6.2764985248 6.7917856335 
 5.7077478684 6.2032938716 6.7162176529 
 5.6375020228 6.1304935546 6.6410318426 
 5.5676888179 6.0581024911 6.5662330221 
 5.4983130160 5.9861254021 6.4918258131 
 5.4293791784 5.9145668161 6.4178146437 
 5.3608916699 5.8434310748 6.3442037554 
 5.2928546661 5.7727223406 6.2709972124 
 5.2252721619 5.7024446071 6.1981989132 
 5.1581479828 5.6326017107 6.1258126039 
 5.0914857971 5.5631973445 6.0538418935 
 5.0252891301 5.4942350738 5.9822902713 
 4.9595613793 5.4257183524 5.9111611248 
 4.8943058306 5.3576505407 5.8404577602 
 4.8295256761 5.2900349245 5.7701834225 
 4.7652240311 5.2228747343 5.7003413174 
 4.7014039528 5.1561731654 5.6309346331 
 4.6380684584 5.0899333976 5.5619665626 
 4.5752205432 5.0241586151 5.4934403254 
 4.5128631982 4.9588520260 5.4253591897 
 4.4509994269 4.8940168813 5.3577264929 
 4.3896322618 4.8296564921 5.2905456620 
 4.3287647791 4.7657742472 5.2238202326 
 4.2684001124 4.7023736276 5.1575538658 
 4.2085414647 4.6394582205 5.0917503646 
 4.1491921187 4.5770317311 5.0264136873 
 4.0903554453 4.5150979923 4.9615479591 
 4.0320349103 4.4536609727 4.8971574818 
 3.9742340781 4.3927247814 4.8332467407 
 3.9169566144 4.3322936713 4.7698204087 
 3.8602062856 4.2723720397 4.7068833478 
 3.8039869562 4.2129644254 4.6444406085 
 3.7483025842 4.1540755051 4.5824974254 
 3.6931572136 4.0957100853 4.5210592104 
 3.6385549650 4.0378730927 4.4601315435 
 3.5845000240 3.9805695623 4.3997201600 
 3.5309966276 3.9238046223 4.3398309359 
 3.4780490477 3.8675834777 4.2804698700 
 3.4256615744 3.8119113906 4.2216430643 
 3.3738384964 3.7567936600 4.1633567015 
 3.3225840802 3.7022355989 4.1056170210 
 3.2719025480 3.6482425099 4.0484302929 
 3.2217980554 3.5948196599 3.9918027900 
 3.1722746668 3.5419722537 3.9357407594 
 3.1233363316 3.4897054066 3.8802503924 
 3.0749868591 3.4380241166 3.8253377935 
 3.0272298945 3.3869332367 3.7710089499 
 2.9800688939 3.3364374467 3.7172697001 
 2.9335071005 3.2865412260 3.6641257027 
 2.8875475214 3.2372488265 3.6115824062 
 2.8421929056 3.1885642468 3.5596450192 
 2.7974457226 3.1404912073 3.5083184822 
 2.7533081431 3.0930331273 3.4576074402 
 2.7097820215 3.0461931032 3.4075162175 
 2.6668688790 2.9999738889 3.3580487944 
 2.6245698906 2.9543778785 3.3092087858 
 2.5828858727 2.9094070909 3.2609994230 
 2.5418172740 2.8650631575 3.2134235370 
 2.5013641683 2.8213473120 3.1664835457 
 2.4615262501 2.7782603833 3.1201814433 
 2.4223028326 2.7358027909 3.0745187933 
 2.3836928487 2.6939745435 3.0294967243 
 2.3456948538 2.6527752404 2.9851159290 
 2.3083070320 2.6122040757 2.9413766667 
 2.2715272045 2.5722598455 2.8982787686 
 2.2353528402 2.5329409576 2.8558216468 
 2.1997810696 2.4942454447 2.8140043053 
 2.1648086994 2.4561709788 2.7728253555 
 2.1304322308 2.4187148898 2.7322830330 
 2.0966478788 2.3818741849 2.6923752182 
 2.0634515934 2.3456455706 2.6530994582 
 2.0308390825 2.3100254771 2.6144529923 
 1.9988058361 2.2750100832 2.5764327781 
 1.9673471516 2.2405953438 2.5390355199 
 1.9364581599 2.2067770178 2.5022576993 
 1.9061338521 2.1735506970 2.4660956050 
 1.8763691072 2.1409118354 2.4305453656 
 1.8471587187 2.1088557798 2.3956029811 
 1.8184974224 2.0773777986 2.3612643561 
 1.7903799229 2.0464731124 2.3275253313 
 1.7628009198 2.0161369223 2.2943817161 
 1.7357551334 1.9863644386 2.2618293193 
 1.7092373288 1.9571509077 2.2298639795 
 1.6832423388 1.9284916382 2.1984815933 
 1.6577650856 1.9003820248 2.1676781428 
 1.6328006009 1.8728175711 2.1374497207 
 1.6083440436 1.8457939100 2.1077925534 
 1.5843907160 1.8193068221 2.0787030215 
 1.5609360780 1.7933522517 2.0501776784 
 1.5379757584 1.7679263207 2.0222132657 
 1.5155055653 1.7430253392 1.9948067258 
 1.4935214926 1.7186458147 1.9679552122 
 1.4720197252 1.6947844574 1.9416560959 
 1.4509966414 1.6714381836 1.9159069696 
 1.4304488135 1.6486041164 1.8907056485 
 1.4103730052 1.6262795836 1.8660501683 
 1.3907661677 1.6044621127 1.8419387800 
 1.3716254334 1.5831494244 1.8183699423 
 1.3529481070 1.5623394229 1.7953423108 
 1.3347316557 1.5420301841 1.7728547251 
 1.3169736969 1.5222199424 1.7509061931 
 1.2996719845 1.5029070743 1.7294958732 
 1.2828243940 1.4840900821 1.7086230549 
 1.2664289061 1.4657675746 1.6882871368 
 1.2504835895 1.4479382468 1.6684876038 
 1.2349865823 1.4306008595 1.6492240027 
 1.2199360737 1.4137542170 1.6304959168 
 1.2053302845 1.3973971447 1.6123029400 
 1.1911674473 1.3815284664 1.5946446498 
 1.1774457876 1.3661469814 1.5775205812 
 1.1641635041 1.3512514416 1.5609301996 
 1.1513187497 1.3368405295 1.5448728746 
 1.1389096136 1.3229128364 1.5293478545 
 1.1269341031 1.3094668415 1.5143542417 
 1.1153901277 1.2965008918 1.4998909689 
 1.1042754830 1.2840131845 1.4859567773 
 1.0935878370 1.2720017489 1.4725501960 
 1.0833247172 1.2604644319 1.4596695235 
 1.0734834997 1.2493988842 1.4473128115 
 1.0640613998 1.2388025487 1.4354778507 
 1.0550554642 1.2286726516 1.4241621591 
 1.0464625665 1.2190061952 1.4133629736 
 1.0382794027 1.2097999535 1.4030772434 
 1.0305024911 1.2010504702 1.3933016273 
 1.0231281727 1.1927540597 1.3840324940 
 1.0161526153 1.1849068105 1.3752659253 
 1.0095718189 1.1775045914 1.3669977225 
 1.0033816242 1.1705430611 1.3592234170 
 0.9975777237 1.1640176803 1.3519382837 
 0.9921556748 1.1579237269 1.3451373577 
 0.9871109152 1.1522563136 1.3388154551 
 0.9824387820 1.1470104096 1.3329671970 
 0.9781345313 1.1421808641 1.3275870364 
 0.9741933620 1.1377624328 1.3226692892 
 0.9706104403 1.1337498072 1.3182081677 
 0.9673809274 1.1301376467 1.3141978177 
 0.9645000085 1.1269206123 1.3106323575 
 0.9619629241 1.1240934032 1.3075059205 
 0.9597650021 1.1216507950 1.3048126996 
 0.9579016925 1.1195876795 1.3025469935 
 0.9563686019 1.1178991060 1.3007032549 
 0.9551615300 1.1165803235 1.2992761395 
 0.9542765057 1.1156268236 1.2982605565 
 0.9537098238 1.1150343838 1.2976517192 
 0.9534580818 1.1147991107 1.2974451947 
 0.9535182161 1.1149174820 1.2976369543 
 0.9538875363 1.1153863883 1.2982234215 
 0.9545637600 1.1162031728 1.2992015190 
 0.9555450438 1.1173656690 1.3005687127 
 0.9568300141 1.1188722362 1.3023230534 
 0.9584177937 1.1207217914 1.3044632145 
 0.9603080260 1.1229138382 1.3069885252 
 0.9625008961 1.1254484911 1.3098990004 
 0.9649971472 1.1283264957 1.3131953631 
 0.9677980934 1.1315492434 1.3168790631 
 0.9709056273 1.1351187811 1.3209522876 
 0.9743222230 1.1390378146 1.3254179664 
 0.9780509334 1.1433097062 1.3302797684 
 0.9820953819 1.1479384646 1.3355420915 
 0.9864597481 1.1529287294 1.3412100435 
 0.9911487477 1.1582857470 1.3472894159 
 0.9961676053 1.1640153398 1.3537866476 
 1.0015220212 1.1701238677 1.3607087807 
 1.0072181317 1.1766181817 1.3680634080 
 1.0132624622 1.1835055703 1.3758586100 
 1.0196618741 1.1907936975 1.3841028847 
 1.0264235050 1.1984905335 1.3928050678 
 1.0335547025 1.2066042788 1.4019742447 
 1.0410629516 1.2151432795 1.4116196543 
 1.0489557966 1.2241159376 1.4217505852 
 1.0572407570 1.2335306135 1.4323762646 
 1.0659252385 1.2433955237 1.4435057406 
 1.0750164392 1.2537186325 1.4551477586 
 1.0845212524 1.2645075403 1.4673106332 
 1.0944461658 1.2757693670 1.4800021157 
 1.1047971580 1.2875106341 1.4932292589 
 1.1155795946 1.2997371449 1.5069982808 
 1.1267981229 1.3124538637 1.5213144278 
 1.1384565683 1.3256647978 1.5361818395 
 1.1505578321 1.3393728804 1.5516034174 
 1.1631037935 1.3535798589 1.5675806972 
 1.1760952161 1.3682861890 1.5841137299 
 1.1895316614 1.3834909360 1.6012009708 
 1.2034114098 1.3991916861 1.6188391802 
 1.2177313926 1.4153844697 1.6370233373 
 1.2324871348 1.4320636977 1.6557465703 
 1.2476727112 1.4492221131 1.6750001037 
 1.2632807181 1.4668507608 1.6947732262 
 1.2793022611 1.4849389758 1.7150532801 
 1.2957269611 1.5034743927 1.7358256751 
 1.3125429797 1.5224429773 1.7570739276 
 1.3297370653 1.5418290821 1.7787797264 
 1.3472946206 1.5616155260 1.8009230268 
 1.3651997915 1.5817836992 1.8234821735 
 1.3834355795 1.6023136940 1.8464340517 
 1.4019839751 1.6231844603 1.8697542672 
 1.4208261140 1.6443739863 1.8934173541 
 1.4399424538 1.6658595023 1.9173970092 
 1.4593129701 1.6876177073 1.9416663507 
 1.4789173716 1.7096250149 1.9661981994 
 1.4987353302 1.7318578177 1.9909653789 
 1.5187467250 1.7542927662 2.0159410328 
 1.5389318978 1.7769070589 2.0410989528 
 1.5592719149 1.7996787411 2.0664139159 
 1.5797488352 1.8225870075 2.0918620250 
 1.6003459774 1.8456125051 2.1174210487 
 1.6210481863 1.8687376322 2.1430707550 
 1.6418420920 1.8919468293 2.1687932359 
 1.6627163591 1.9152268581 2.1945732161 
 1.6836619238 1.9385670647 2.2203983433 
 1.7046722132 1.9619596222 2.2462594546 
 1.7257433460 1.9853997514 2.2721508164 
 1.7468743095 2.0088859146 2.2980703340 
 1.7680671128 2.0324199803 2.3240197276 
 1.7893269116 2.0560073572 2.3500046725 
 1.8106621050 2.0796570941 2.3760349028 
 1.8320844001 2.1033819458 2.4021242738 
 1.8536088451 2.1271984019 2.4282907862 
 1.8752538299 2.1511266789 2.4545565672 
 1.8970410511 2.1751906743 2.4809478109 
 1.9189954437 2.1994178825 2.5074946757 
 1.9411450775 2.2238392715 2.5342311406 
 1.9635210173 2.2484891209 2.5611948174 
 1.9861571486 2.2734048214 2.5884267220 
 2.0090899672 2.2986266342 2.6159710030 
 2.0323583330 2.3241974125 2.6438746274 
 2.0560031883 2.3501622837 2.6721870253 
 2.0800672413 2.3765682926 2.7009596928 
 2.1045946139 2.4034640074 2.7302457527 
 2.1296304558 2.4308990880 2.7600994761 
 2.1552205257 2.4589238176 2.7905757632 
 2.1814107395 2.4875885996 2.8217295875 
 2.2082466891 2.5169434218 2.8536154028 
 2.2357731335 2.5470372900 2.8862865187 
 2.2640334643 2.5779176346 2.9197944453 
 2.2930691509 2.6096296942 2.9541882148 
 2.3229191679 2.6422158817 2.9895136825 
 2.3536194125 2.6757151381 3.0258128166 
 2.3852021150 2.7101622819 3.0631229835 
 2.4176952520 2.7455873612 3.1014762372 
 2.4511219695 2.7820150183 3.1408986242 
 2.4855000229 2.8194638763 3.1814095139 
 2.5208412463 2.8579459576 3.2230209680 
 2.5571510579 2.8974661476 3.2657371595 
 2.5944280138 2.9380217128 3.3095538566 
 2.6326634201 2.9796018866 3.3544579838 
 2.6718410133 3.0221875339 3.4004272730 
 2.7119367187 3.0657509064 3.4474300180 
 2.7529184971 3.1102554968 3.4954249423 
 2.7947462864 3.1556560036 3.5443611913 
 2.8373720458 3.2018984107 3.5941784562 
 2.8807399070 3.2489201896 3.6448072339 
 2.9247864358 3.2966506247 3.6961692273 
 2.9694410030 3.3450112628 3.7481778825 
 3.0146262652 3.3939164832 3.8007390609 
 3.0602587478 3.4432741818 3.8537518365 
 3.1062495249 3.4929865606 3.9071094066 
 3.1525049850 3.5429510091 3.9607001024 
 3.1989276710 3.5930610635 4.0144084778 
 3.2454171788 3.6432074249 4.0681164594 
 3.2918710996 3.6932790188 4.1217045303 
 3.3381859890 3.7431640741 4.1750529269 
 3.3842583449 3.7927512025 4.2280428234 
 3.4299855776 3.8419304568 4.2805574794 
 3.4752669570 3.8905943519 4.3324833311 
 3.5200045220 3.9386388304 4.3837110071 
 3.5641039405 3.9859641610 4.4341362545 
 3.6074753125 4.0324757610 4.4836607652 
 3.6500339094 4.0780849366 4.5321928990 
 3.6917008476 4.1227095403 4.5796483036 
 3.7324036981 4.1662745500 4.6259504373 
 3.7720770351 4.2087125748 4.6710310059 
 3.8106629304 4.2499642978 4.7148303267 
 3.8481114008 4.2899788688 4.7572976376 
 3.8843808175 4.3287142580 4.7983913693 
 3.9194382860 4.3661375845 4.8380793971 
 3.9532600026 4.4022254292 4.8763392902 
 3.9858315946 4.4369641427 4.9131585684 
 4.0171484446 4.4703501503 4.9485349768 
 4.0472159992 4.5023902571 4.9824767792 
 4.0760500574 4.5331019469 5.0150030671 
 4.1036770307 4.5625136681 5.0461440747 
 4.1301341625 4.5906650914 5.0759414844 
 4.1554696938 4.6176073233 5.1044487017 
 4.1797429585 4.6434030547 5.1317310762 
 4.2030243898 4.6681266235 5.1578660400 
 4.2253954226 4.6918639691 5.1829431385 
 4.2469482730 4.7147124579 5.2070639247 
 4.2677855831 4.7367805610 5.2303416946 
 4.2880199187 4.7581873706 5.2529010436 
 4.3077731136 4.7790619430 5.2748772302 
 4.3271754579 4.7995424652 5.2964153382 
 4.3463647323 4.8197752453 5.3176692380 
 4.3654850961 4.8399135337 5.3388003521 
 4.3846858399 4.8601161868 5.3599762383 
 