12.7647610678 13.3589474877 13.9208568754 
 12.7575812821 13.3573868124 13.9263095163 
 12.7490939843 13.3537379637 13.9287210449 
 12.7397772769 13.3484827263 13.9285696198 
 12.7301120538 13.3421118877 13.9263505184 
 12.7205677165 13.3351088898 13.9225574277 
 12.7115895610 13.3279353909 13.9176659023 
 12.7035880564 13.3210190006 13.9121193045 
 12.6969301395 13.3147433302 13.9063173992 
 12.6919325669 13.3094404100 13.9006076646 
 12.6888573015 13.3053854422 13.8952792865 
 12.6879088575 13.3027938036 13.8905597360 
 12.6892334932 13.3018201661 13.8866137788 
 12.6929201128 13.3025595734 13.8835447276 
 12.6990027175 13.3050502896 13.8813977228 
 12.7074642360 13.3092782196 13.8801648084 
 12.7182415502 13.3151826892 13.8797915557 
 12.7312315254 13.3226633608 13.8801849709 
 12.7462978437 13.3315880502 13.8812224123 
 12.7632784311 13.3418012001 13.8827612280 
 12.7819932608 13.3531327522 13.8846488101 
 12.8022523041 13.3654071513 13.8867327498 
 12.8238633986 13.3784522067 13.8888707674 
 12.8466397940 13.3921075301 13.8909400869 
 12.8704071429 13.4062322728 13.8928459280 
 12.8950097089 13.4207118948 13.8945288009 
 12.9203155798 13.4354637174 13.8959703168 
 12.9462207022 13.4504410423 13.8971972643 
 12.9726515844 13.4656356642 13.8982837571 
 12.9995665601 13.4810786556 13.8993513235 
 13.0269555597 13.4968393678 13.9005668876 
 13.0548383907 13.5130226636 13.9021386772 
 13.0832615960 13.5297644729 13.9043101850 
 13.1122940175 13.5472258346 13.9073523954 
 13.1420212582 13.5655856650 13.9115545728 
 13.1725392838 13.5850325498 13.9172139787 
 13.2039474519 13.6057559072 13.9246249335 
 13.2363412853 13.6279369042 13.9340676772 
 13.2698053192 13.6517395189 13.9457974901 
 13.3044063509 13.6773021365 13.9600345229 
 13.3401873994 13.7047300426 13.9769547518 
 13.3771626475 13.7340891285 13.9966824186 
 13.4153135891 13.7654010703 14.0192842432 
 13.4545865436 13.7986401659 14.0447656156 
 13.4948916332 13.8337319382 14.0730688794 
 13.5361032452 13.8705535307 14.1040737310 
 13.5780619331 13.9089358393 14.1375996624 
 13.6205776457 13.9486672505 14.1734102980 
 13.6634341123 13.9894987889 14.2112193988 
 13.7063941711 14.0311504271 14.2506982512 
 13.7492057900 14.0733182684 14.2914841145 
 13.7916085128 14.1156822939 14.3331893757 
 13.8333400594 14.1579143572 14.3754110531 
 13.8741428163 14.1996861207 14.4177402974 
 13.9137699767 14.2406766482 14.4597715660 
 13.9519911217 14.2805794069 14.5011111810 
 13.9885970729 14.3191084735 14.5413850292 
 14.0234038916 14.3560037880 14.5802452194 
 14.0562559466 14.3910353553 14.6173755653 
 14.0870280172 14.4240063422 14.6524958256 
 14.1156264423 14.4547550699 14.6853646850 
 14.1419893621 14.4831559437 14.7157815109 
 14.1660861309 14.5091194007 14.7435869637 
 14.1879160031 14.5325909822 14.7686625721 
 14.2075062092 14.5535496589 14.7909294102 
 14.2249095498 14.5720055505 14.8103460276 
 14.2402016338 14.5879971808 14.8269057913 
 14.2534778864 14.6015884111 14.8406337959 
 14.2648504408 14.6128651813 14.8515834906 
 14.2744450164 14.6219321797 14.8598331596 
 14.2823978707 14.6289095418 14.8654823718 
 14.2888528955 14.6339296631 14.8686485019 
 14.2939589134 14.6371341919 14.8694633986 
 14.2978672097 14.6386712489 14.8680702595 
 14.3007293253 14.6386929039 14.8646207522 
 14.3026951196 14.6373529257 14.8592724030 
 14.3039111004 14.6348048055 14.8521862600 
 14.3045190113 14.6312000460 14.8435248258 
 14.3046546573 14.6266866989 14.8334502448 
 14.3044469458 14.6214081270 14.8221227224 
 14.3040171170 14.6155019647 14.8096991510 
 14.3034781357 14.6090992493 14.7963319138 
 14.3029342180 14.6023236936 14.7821678393 
 14.3024804682 14.5952910751 14.7673472788 
 14.3022026018 14.5881087186 14.7520032855 
 14.3021767374 14.5808750513 14.7362608750 
 14.3024692413 14.5736792175 14.7202363539 
 14.3031366137 14.5666007415 14.7040367064 
 14.3042254115 14.5597092331 14.6877590357 
 14.3057722025 14.5530641346 14.6714900600 
 14.3078035543 14.5467145121 14.6553056690 
 14.3103360599 14.5406988969 14.6392705474 
 14.3133764077 14.5350451858 14.6234378782 
 14.3169215038 14.5297706101 14.6078491364 
 14.3209586548 14.5248817853 14.5925339888 
 14.3254658216 14.5203748522 14.5775103103 
 14.3304119525 14.5162357206 14.5627843307 
 14.3357574039 14.5124404243 14.5483509217 
 14.3414544536 14.5089555944 14.5341940307 
 14.3474479127 14.5057390559 14.5202872666 
 14.3536758359 14.5027405486 14.5065946388 
 14.3600703298 14.4999025712 14.4930714446 
 14.3665584555 14.4971613419 14.4796653001 
 14.3730632188 14.4944478695 14.4663173031 
 14.3795046377 14.4916891210 14.4529633128 
 14.3858008762 14.4888092732 14.4395353300 
 14.3918694300 14.4857310288 14.4259629557 
 14.3976283475 14.4823769798 14.4121749065 
 14.4029974687 14.4786709958 14.3981005596 
 14.4078996635 14.4745396143 14.3836715026 
 14.4122620493 14.4699134108 14.3688230600 
 14.4160171676 14.4647283234 14.3534957685 
 14.4191041006 14.4589269101 14.3376367739 
 14.4214695077 14.4524595137 14.3212011236 
 14.4230685631 14.4452853140 14.3041529287 
 14.4238657770 14.4373732461 14.2864663724 
 14.4238356838 14.4287027650 14.2681265443 
 14.4229633840 14.4192644421 14.2491300818 
 14.4212449253 14.4090603764 14.2294856023 
 14.4186875140 14.3981044123 14.2092139154 
 14.4153095485 14.3864221524 14.1883480060 
 14.4111404697 14.3740507621 14.1669327833 
 14.4062204253 14.3610385635 14.1450245953 
 14.4005997491 14.3474444208 14.1226905124 
 14.3943382596 14.3333369209 14.1000073870 
 14.3875043830 14.3187933610 14.0770607018 
 14.3801741126 14.3038985532 14.0539432209 
 14.3724298158 14.2887434639 14.0307534642 
 14.3643589066 14.2734237064 14.0075940288 
 14.3560524013 14.2580379099 13.9845697811 
 14.3476033788 14.2426859901 13.9617859512 
 14.3391053700 14.2274673480 13.9393461593 
 14.3306507009 14.2124790267 13.9173504061 
 14.3223288158 14.1978138565 13.8958930633 
 14.3142246084 14.1835586190 13.8750608955 
 14.3064167878 14.1697922605 13.8549311486 
 14.2989763066 14.1565841859 13.8355697374 
 14.2919648761 14.1439926599 13.8170295622 
 14.2854335938 14.1320633437 13.7993489835 
 14.2794217035 14.1208279901 13.7825504808 
 14.2739555098 14.1103033187 13.7666395162 
 14.2690474594 14.1004900879 13.7516036235 
 14.2646954059 14.0913723784 13.7374117353 
 14.2608820644 14.0829170971 13.7240137592 
 14.2575746634 14.0750737095 13.7113404105 
 14.2547247955 14.0677741994 13.6993033018 
 14.2522684664 14.0609332594 13.6877952892 
 14.2501263376 14.0544487024 13.6766910704 
 14.2482041572 14.0482020922 13.6658480255 
 14.2463933694 14.0420595784 13.6551072915 
 14.2445718935 14.0358729287 13.6442950563 
 14.2426050605 14.0294807428 13.6332240595 
 14.2403466965 14.0227098359 13.6216952845 
 14.2376403414 14.0153767790 13.6094998255 
 14.2343205927 14.0072895819 13.5964209161 
 14.2302145638 13.9982495072 13.5822361016 
 14.2251434494 13.9880530037 13.5667195424 
 14.2189241903 13.9764937496 13.5496444332 
 14.2113712328 13.9633647954 13.5307855254 
 14.2022983770 13.9484607986 13.5099217380 
 14.1915207112 13.9315803421 13.4868388455 
 14.1788566289 13.9125283276 13.4613322266 
 14.1641299236 13.8911184359 13.4332096602 
 14.1471719578 13.8671756418 13.4022941498 
 14.1278238971 13.8405387719 13.3684267574 
 14.1059390005 13.8110630876 13.3314694212 
 14.0813849512 13.7786228726 13.2913077313 
 14.0540462101 13.7431139983 13.2478536280 
 14.0238263659 13.7044564362 13.2010479860 
 13.9906504502 13.6625966792 13.1508630407 
 13.9544671825 13.6175100281 13.0973046076 
 13.9152510979 13.5692026937 13.0404140427 
 13.8730045098 13.5177136605 12.9802698873 
 13.8277592515 13.4631162540 12.9169891394 
 13.7795781372 13.4055193502 12.8507280934 
 13.7285560819 13.3450681677 12.7816826924 
 13.6748208172 13.2819445815 12.7100883412 
 13.6185331446 13.2163669071 12.6362191358 
 13.5598866699 13.1485891038 12.5603864733 
 13.4991069724 13.0788993626 12.4829370200 
 13.4364501702 13.0076180504 12.4042500265 
 13.3722008576 12.9350950019 12.3247339960 
 13.3066694035 12.8617061607 12.2448227277 
 13.2401886168 12.7878495938 12.1649707723 
 13.1731098034 12.7139409174 12.0856483558 
 13.1057982551 12.6404081896 12.0073358386 
 13.0386282309 12.5676863435 11.9305177941 
 12.9719775055 12.4962112464 11.8556767985 
 12.9062215766 12.4264134838 11.7832870350 
 12.8417276331 12.3587119755 11.7138078153 
 12.7788483991 12.2935075392 11.6476771303 
 12.7179159708 12.2311765162 11.5853053346 
 12.6592357711 12.1720645783 11.5270690686 
 12.6030807437 12.1164808286 11.4733055175 
 12.5496859051 12.0646923036 11.4243070957 
 12.4992433692 12.0169189790 11.3803166383 
 12.4518979472 11.9733293678 11.3415231731 
 12.4077434156 11.9340367923 11.3080583329 
 12.3668195320 11.8990963967 11.2799934627 
 12.3291098638 11.8685029567 11.2573374636 
 12.2945404781 11.8421895271 11.2400354066 
 12.2629795249 11.8200269574 11.2279679414 
 12.2342377284 11.8018242884 11.2209515141 
 12.2080697832 11.7873300312 11.2187393995 
 12.1841766325 11.7762343140 11.2210235417 
 12.1622085917 11.7681718659 11.2274371882 
 12.1417692568 11.7627257941 11.2375582869 
 12.1224201272 11.7594320938 11.2509136064 
 12.1036858522 11.7577848137 11.2669835223 
 12.0850599995 11.7572417905 11.2852074018 
 12.0660112311 11.7572308469 11.3049895021 
 12.0459897661 11.7571563411 11.3257052863 
 12.0244340013 11.7564059463 11.3467080498 
 12.0007771634 11.7543575319 11.3673357382 
 11.9744538655 11.7503860207 11.3869178358 
 11.9449064494 11.7438700931 11.4047821981 
 11.9115910049 11.7341986240 11.4202617058 
 11.8739829707 11.7207767400 11.4327006226 
 11.8315822392 11.7030314070 11.4414605513 
 11.7839177045 11.6804164703 11.4459258960 
 11.7305512140 11.6524170919 11.4455087574 
 11.6710809045 11.6185535498 11.4396532068 
 11.6051439213 11.5783843857 11.4278389098 
 11.5324185388 11.5315089088 11.4095840894 
 11.4526257168 11.4775690821 11.3844478438 
 11.3655301374 11.4162508351 11.3520318525 
 11.2709407794 11.3472848586 11.3119815228 
 11.1687110933 11.2704469517 11.2639866435 
 11.0587388396 11.1855579913 11.2077816236 
 10.9409656570 11.0924836034 11.1431453993 
 10.8153764187 10.9911336079 11.0699010960 
 10.6819984330 10.8814613091 10.9879155278 
 10.5409005318 10.7634626919 10.8970986136 
 10.3921920839 10.6371755762 10.7974027753 
 10.2360219571 10.5026787675 10.6888223748 
 10.0725774438 10.3600912295 10.5713932254 
 9.9020831497 10.2095712886 10.4451922023 
 9.7247998421 10.0513158676 10.3103369535 
 9.5410232357 9.8855597311 10.1669856970 
 9.3510826966 9.7125747133 10.0153370718 
 9.1553398300 9.5326688884 9.8556299963 
 8.9541869214 9.3461856371 9.6881434707 
 8.7480451958 9.1535025558 9.5131962558 
 8.5373628619 8.9550301549 9.3311463500 
 8.3226129123 8.7512102942 9.1423901869 
 8.1042906577 8.5425143072 8.9473614799 
 7.8829109796 8.3294407759 8.7465296465 
 7.6590052975 8.1125129289 8.5403977576 
 7.4331182565 7.8922756470 8.3294999744 
 7.2058041551 7.6692920800 8.1143984543 
 6.9776231429 7.4441398916 7.8956797268 
 6.7491372309 7.2174071680 7.6739505663 
 6.5209061677 6.9896880401 7.4498334082 
 6.2934832433 6.7615780866 7.2239613754 
 6.0674110895 6.5336695937 6.9969730025 
 5.8432175491 6.3065467591 6.7695067577 
 5.6214116900 6.0807809316 6.5421954730 
 5.4024800357 5.8569259813 6.3156607996 
 5.1868830813 5.6355138909 6.0905078053 
 4.9750521584 5.4170506567 5.8673198272 
 4.7673867012 5.2020125741 5.6466536836 
 4.5642519561 4.9908429761 5.4290353379 
 4.3659771665 4.7839494765 5.2149560912 
 4.1728542499 4.5817017549 5.0048693636 
 3.9851369739 4.3844299066 4.7991881041 
 3.8030406231 4.1924233631 4.5982828533 
 3.6267421404 4.0059303768 4.4024804612 
 3.4563807142 3.8251580466 4.2120634477 
 3.2920587743 3.6502728527 4.0272699775 
 3.1338433562 3.4814016584 3.8482944081 
 2.9817677826 3.3186331266 3.6752883597 
 2.8358336150 3.1620194982 3.5083622459 
 2.6960128201 3.0115786722 3.3475872032 
 2.5622501025 2.8672965274 3.1929973484 
 2.4344653509 2.7291294296 3.0445922998 
 2.3125561528 2.5970068633 2.9023398926 
 2.1964003329 2.4708341398 2.7661790273 
 2.0858584764 2.3504951280 2.6360225915 
 1.9807764030 2.2358549688 2.5117604023 
 1.8809875613 2.1267627318 2.3932621216 
 1.7863153203 2.0230539847 2.2803801044 
 1.6965751367 1.9245532461 2.1729521448 
 1.6115765838 1.8310763037 2.0708040932 
 1.5311252315 1.7424323796 1.9737523208 
 1.4550243690 1.6584261322 1.8816060189 
 1.3830765673 1.5788594883 1.7941693176 
 1.3150850819 1.5035333023 1.7112432222 
 1.2508550960 1.4322488419 1.6326273613 
 1.1901948089 1.3648091033 1.5581215498 
 1.1329163768 1.3010199620 1.4875271704 
 1.0788367113 1.2406911651 1.4206483798 
 1.0277781448 1.1836371737 1.3572931468 
 0.9795689730 1.1296778649 1.2972741336 
 0.9340438820 1.0786391037 1.2404094295 
 0.8910442713 1.0303531944 1.1865231470 
 0.8504184826 0.9846592230 1.1354458947 
 0.8120219427 0.9414033013 1.0870151347 
 0.7757172319 0.9004387212 1.0410754389 
 0.7413740862 0.8616260324 0.9974786527 
 0.7088693410 0.8248330498 0.9560839780 
 0.6780868262 0.7899348018 0.9167579857 
 0.6489172193 0.7568134275 0.8793745652 
 0.6212578627 0.7253580292 0.8438148217 
 0.5950125541 0.6954644899 0.8099669285 
 0.5700913120 0.6670352602 0.7777259412 
 0.5464101256 0.6399791210 0.7469935811 
 0.5238906901 0.6142109287 0.7176779937 
 0.5024601342 0.5896513452 0.6896934878 
 0.4820507415 0.5662265591 0.6629602597 
 0.4625996698 0.5438680008 0.6374041074 
 0.4440486715 0.5225120542 0.6129561381 
 0.4263438155 0.5020997697 0.5895524721 
 0.4094352153 0.4825765780 0.5671339474 
 0.3932767618 0.4638920097 0.5456458252 
 0.3778258653 0.4459994206 0.5250375007 
 0.3630432052 0.4288557248 0.5052622198 
 0.3488924900 0.4124211364 0.4862768036 
 0.3353402271 0.3966589213 0.4680413821 
 0.3223555040 0.3815351599 0.4505191376 
 0.3099097803 0.3670185204 0.4336760597 
 0.2979766918 0.3530800443 0.4174807117 
 0.2865318650 0.3396929436 0.4019040093 
 0.2755527444 0.3268324103 0.3869190115 
 0.2650184305 0.3144754377 0.3725007249 
 0.2549095299 0.3026006544 0.3586259204 
 0.2452080155 0.2911881698 0.3452729628 
 0.2358970983 0.2802194317 0.3324216535 
 0.2269611097 0.2696770953 0.3200530848 
 0.2183853937 0.2595449031 0.3081495079 
 0.2101562086 0.2498075762 0.2966942112 
 0.2022606386 0.2404507151 0.2856714110 
 0.1946865138 0.2314607109 0.2750661529 
 0.1874223386 0.2228246658 0.2648642234 
 0.1804572281 0.2145303224 0.2550520721 
 0.1737808516 0.2065660009 0.2456167420 
 0.1673833835 0.1989205443 0.2365458097 
 0.1612554600 0.1915832712 0.2278273330 
 0.1553881417 0.1845439341 0.2194498058 
 0.1497728825 0.1777926851 0.2114021206 
 0.1444015024 0.1713200462 0.2036735365 
 0.1392661652 0.1651168847 0.1962536530 
 0.1343593604 0.1591743935 0.1891323891 
 0.1296738890 0.1534840754 0.1822999665 
 0.1252028517 0.1480377303 0.1757468971 
 0.1209396413 0.1428274467 0.1694639738 
 0.1168779367 0.1378455949 0.1634422642 
 0.1130116994 0.1330848229 0.1576731068 
 0.1093351725 0.1285380547 0.1521481098 
 0.1058428808 0.1241984902 0.1468591510 
 0.1025296328 0.1200596057 0.1417983796 
 0.0993905234 0.1161151570 0.1369582188 
 0.0964209386 0.1123591820 0.1323313695 
 0.0936165601 0.1087860053 0.1279108145 
 0.0909733711 0.1053902425 0.1236898231 
 0.0884876627 0.1021668048 0.1196619561 
 0.0861560405 0.0991109051 0.1158210703 
 0.0839754316 0.0962180622 0.1121613236 
 0.0819430920 0.0934841072 0.1086771797 
 0.0800566139 0.0909051881 0.1053634124 
 0.0783139333 0.0884777754 0.1022151100 
 0.0767133370 0.0861986669 0.0992276784 
 0.0752534707 0.0840649929 0.0963968453 
 0.0739333459 0.0820742203 0.0937186624 
 0.0727523469 0.0802241576 0.0911895084 
 0.0717102386 0.0785129584 0.0888060910 
 0.0708071726 0.0769391256 0.0865654485 
 0.0700436943 0.0755015149 0.0844649513 
 0.0694207494 0.0741993382 0.0825023028 
 0.0689396904 0.0730321668 0.0806755403 
 0.0686022823 0.0719999341 0.0789830350 
 0.0684107095 0.0711029390 0.0774234929 
 0.0683675811 0.0703418479 0.0759959540 
 0.0684759370 0.0697176980 0.0746997931 
 0.0687392540 0.0692318995 0.0735347189 
 0.0691614512 0.0688862384 0.0725007746 
 0.0697468963 0.0686828794 0.0715983373 
 0.0705004120 0.0686243689 0.0708281184 
 0.0714272816 0.0687136379 0.0701911641 
 0.0725332563 0.0689540059 0.0696888557 
 0.0738245623 0.0693491850 0.0693229108 
 0.0753079081 0.0699032841 0.0690953852 
 0.0769904932 0.0706208144 0.0690086743 
 0.0788800172 0.0715066949 0.0690655164 
 0.0809846898 0.0725662598 0.0692689961 
 0.0833132421 0.0738052660 0.0696225486 
 0.0858749391 0.0752299018 0.0701299652 
 0.0886795934 0.0768467974 0.0707953993 
 0.0917375811 0.0786630362 0.0716233747 
 0.0950598588 0.0806861681 0.0726187935 
 0.0986579826 0.0829242236 0.0737869473 
 0.1025441296 0.0853857308 0.0751335280 
 0.1067311211 0.0880797334 0.0766646414 
 0.1112324484 0.0910158105 0.0783868221 
 0.1160623008 0.0942040996 0.0803070496 
 0.1212355963 0.0976553199 0.0824327668 
 0.1267680145 0.1013807998 0.0847719002 
 0.1326760325 0.1053925045 0.0873328812 
 0.1389769626 0.1097030675 0.0901246702 
 0.1456889933 0.1143258230 0.0931567818 
 0.1528312317 0.1192748412 0.0964393122 
 0.1604237488 0.1245649648 0.0999829682 
 0.1684876262 0.1302118483 0.1037990977 
 0.1770450048 0.1362319978 0.1078997218 
 0.1861191348 0.1426428137 0.1122975689 
 0.1957344267 0.1494626331 0.1170061093 
 0.2059165025 0.1567107748 0.1220395914 
 0.2166922482 0.1644075836 0.1274130788 
 0.2280898647 0.1725744760 0.1331424883 
 0.2401389184 0.1812339858 0.1392446278 
 0.2528703909 0.1904098084 0.1457372356 
 0.2663167259 0.2001268461 0.1526390188 
 0.2805118741 0.2104112507 0.1599696918 
 0.2954913351 0.2212904655 0.1677500142 
 0.3112921948 0.2327932651 0.1760018283 
 0.3279531594 0.2449497928 0.1847480950 
 0.3455145841 0.2577915953 0.1940129289 
 0.3640184963 0.2713516542 0.2038216312 
 0.3835086131 0.2856644139 0.2142007210 
 0.4040303523 0.3007658055 0.2251779648 
 0.4256308366 0.3166932672 0.2367824031 
 0.4483588907 0.3334857589 0.2490443747 
 0.4722650310 0.3511837735 0.2619955378 
 0.4974014480 0.3698293421 0.2756688894 
 0.5238219800 0.3894660349 0.2900987798 
 0.5515820807 0.4101389567 0.3053209260 
 0.5807387772 0.4318947373 0.3213724203 
 0.6113506221 0.4547815167 0.3382917366 
 0.6434776371 0.4788489257 0.3561187336 
 0.6771812504 0.5041480613 0.3748946548 
 0.7125242266 0.5307314578 0.3946621255 
 0.7495705912 0.5586530532 0.4154651471 
 0.7883855489 0.5879681524 0.4373490897 
 0.8290353965 0.6187333862 0.4603606810 
 0.8715874315 0.6510066671 0.4845479944 
 0.9161098564 0.6848471422 0.5099604346 
 0.9626716793 0.7203151444 0.5366487225 
 1.0113426111 0.7574721405 0.5646648780 
 1.0621929608 0.7963806782 0.5940622025 
 1.1152935275 0.8371043310 0.6248952604 
 1.1707154907 0.8797076430 0.6572198603 
 1.2285302986 0.9242560709 0.6910930353 
 1.2888095540 0.9708159262 0.7265730232 
 1.3516248988 1.0194543150 0.7637192464 
 1.4170478948 1.0702390772 0.8025922908 
 1.4851499022 1.1232387231 0.8432538841 
 1.5560019543 1.1785223672 0.8857668727 
 1.6296746268 1.2361596590 0.9301951965 
 1.7062379019 1.2962207097 0.9766038621 
 1.7857610252 1.3587760129 1.0250589114 
 1.8683123535 1.4238963593 1.0756273872 
 1.9539591930 1.4916527426 1.1283772923 
 2.0427676255 1.5621162562 1.1833775429 
 2.1348023209 1.6353579784 1.2406979128 
 2.2301263338 1.7114488443 1.3004089695 
 2.3288008830 1.7904595030 1.3625819976 
 2.4308851121 1.8724601570 1.4272889100 
 2.5364358279 1.9575203834 1.4946021448 
 2.6455072178 2.0457089337 1.5645945447 
 2.7581505412 2.1370935115 1.6373392186 
 2.8744137981 2.2317405248 1.7129093831 
 2.9943413694 2.3297148135 1.7913781819 
 3.1179736324 2.4310793487 1.8728184815 
 3.2453465494 2.5358949043 1.9573026422 
 3.3764912306 2.6442196989 2.0449022620 
 3.5114334724 2.7561090095 2.1356878939 
 3.6501932727 2.8716147550 2.2297287335 
 3.7927843263 2.9907850515 2.3270922791 
 3.9392135018 3.1136637407 2.4278439611 
 4.0894803062 3.2402898917 2.5320467438 
 4.2435763400 3.3706972804 2.6397606981 
 4.4014847482 3.5049138481 2.7510425469 
 4.5631796742 3.6429611436 2.8659451853 
 4.7286257220 3.7848537529 2.9845171772 
 4.8977774343 3.9305987212 3.1068022306 
 5.0705787949 4.0801949737 3.2328386561 
 5.2469627623 4.2336327396 3.3626588110 
 5.4268508431 4.3908929886 3.4962885340 
 5.6101527154 4.5519468840 3.6337465762 
 5.7967659082 4.7167552629 3.7750440317 
 5.9865755470 4.8852681494 3.9201837762 
 6.1794541739 5.0574243093 4.0691599178 
 6.3752616475 5.2331508554 4.2219572678 
 6.5738451330 5.4123629098 4.3785508387 
 6.7750391853 5.5949633322 4.5389053745 
 6.9786659320 5.7808425210 4.7029749232 
 7.1845353592 5.9698782937 4.8707024564 
 7.3924457030 6.1619358540 5.0420195435 
 7.6021839472 6.3568678482 5.2168460881 
 7.8135264266 6.5545145184 5.3950901306 
 8.0262395336 6.7547039517 5.5766477250 
 8.2400805239 6.9572524305 5.7614028928 
 8.4547984166 7.1619648815 5.9492276586 
 8.6701349791 7.3686354235 6.1399821716 
 8.8858257911 7.5770480116 6.3335149127 
 9.1016013745 7.7869771719 6.5296629900 
 9.3171883797 7.9981888234 6.7282525220 
 9.5323108153 8.2104411781 6.9290991060 
 9.7466913078 8.4234857114 7.1320083704 
 9.9600523772 8.6370681947 7.3367766048 
 10.1721177155 8.8509297774 7.5431914658 
 10.3826134526 9.0648081087 7.7510327490 
 10.5912693976 9.2784384865 7.9600732217 
 10.7978202397 9.4915550216 8.1700795081 
 11.0020066995 9.7038918043 8.3808130178 
 11.2035766159 9.9151840610 8.5920309072 
 11.4022859603 10.1251692894 8.8034870662 
 11.5978997697 10.3335883606 9.0149331173 
 11.7901929885 10.5401865767 9.2261194200 
 11.9789512168 10.7447146750 9.4367960674 
 12.1639713576 10.9469297698 9.6467138681 
 12.3450621629 11.1465962243 9.8556253029 
 12.5220446763 11.3434864462 10.0632854480 
 12.6947525727 11.5373816031 10.2694528576 
 12.8630323977 11.7280722523 10.4738903985 
 13.0267437098 11.9153588864 10.6763660320 
 13.1857591296 12.0990523896 10.8766535369 
 13.3399643015 12.2789744098 11.0745331715 
 13.4892577754 12.4549576449 11.2697922718 
 13.6335508134 12.6268460479 11.4622257836 
 13.7727671307 12.7944949546 11.6516367293 
 13.9068425786 12.9577711380 11.8378366090 
 14.0357247764 13.1165527947 12.0206457388 
 14.1593727011 13.2707294702 12.1998935265 
 14.2777562429 13.4202019280 12.3754186895 
 14.3908557340 13.5648819694 12.5470694175 
 14.4986614576 13.7046922115 12.7147034844 
 14.6011731444 13.8395658278 12.8781883128 
 14.6983994624 13.9694462596 13.0374009970 
 14.7903575066 14.0942869036 13.1922282875 
 14.8770722923 14.2140507802 13.3425665426 
 14.9585762571 14.3287101900 13.4883216511 
 15.0349087757 14.4382463610 13.6294089300 
 15.1061156897 14.5426490918 13.7657530019 
 15.1722488553 14.6419163944 13.8972876547 
 15.2333657104 14.7360541397 14.0239556874 
 15.2895288629 14.8250757071 14.1457087445 
 15.3408056994 14.9090016422 14.2625071413 
 15.3872680170 14.9878593216 14.3743196824 
 15.4289916750 15.0616826287 14.4811234741 
 15.4660562683 15.1305116372 14.5829037319 
 15.4985448197 15.1943923066 14.6796535851 
 15.5265434921 15.2533761858 14.7713738761 
 15.5501413165 15.3075201268 14.8580729573 
 15.5694299369 15.3568860067 14.9397664835 
 15.5845033683 15.4015404568 15.0164772002 
 15.5954577683 15.4415545988 15.0882347262 
 15.6023912184 15.4770037859 15.1550753320 
 15.6054035158 15.5079673485 15.2170417107 
 15.6045959718 15.5345283432 15.2741827420 
 15.6000712176 15.5567733039 15.3265532496 
 15.5919330149 15.5747919939 15.3742137491 
 15.5802860708 15.5886771596 15.4172301882 
 15.5652358555 15.5985242827 15.4556736781 
 15.5468884233 15.6044313333 15.4896202153 
 15.5253502349 15.6064985214 15.5191503955 
 15.5007279817 15.6048280479 15.5443491187 
 15.4731284118 15.5995238549 15.5653052869 
 15.4426581570 15.5906913757 15.5821114940 
 15.4094235617 15.5784372844 15.5948637102 
 15.3735305140 15.5628692466 15.6036609612 
 15.3350842792 15.5440956716 15.6086050043 
 15.2941893358 15.5222254664 15.6098000010 
 15.2509492158 15.4973677934 15.6073521902 
 15.2054663492 15.4696318322 15.6013695618 
 15.1578419131 15.4391265471 15.5919615331 
 15.1081756877 15.4059604607 15.5792386293 
 15.0565659185 15.3702414354 15.5633121706 
 15.0031091859 15.3320764641 15.5442939668 
 14.9479002843 15.2915714700 15.5222960216 
 14.8910321090 15.2488311186 15.4974302482 
 14.8325955543 15.2039586401 15.4698081967 
 14.7726794211 15.1570556662 15.4395407966 
 14.7113703369 15.1082220796 15.4067381137 
 14.6487526865 15.0575558781 15.3715091240 
 14.5849085551 15.0051530537 15.3339615041 
 14.5199176844 14.9511074873 15.2942014404 
 14.4538574406 14.8955108587 15.2523334571 
 14.3868027956 14.8384525729 15.2084602627 
 14.3188263214 14.7800197025 15.1626826166 
 14.2499981963 14.7202969454 15.1150992151 
 14.1803862246 14.6593665995 15.0658065966 
 14.1100558680 14.5973085514 15.0148990667 
 14.0390702891 14.5342002814 14.9624686418 
 13.9674904058 14.4701168822 14.9086050112 
 13.8953749571 14.4051310920 14.8533955172 
 13.8227805789 14.3393133401 14.7969251516 
 13.7497618881 14.2727318052 14.7392765687 
 13.6763715765 14.2054524847 14.6805301136 
 13.6026605114 14.1375392742 14.6207638635 
 13.5286778432 14.0690540569 14.5600536828 
 13.4544711177 14.0000567994 14.4984732887 
 13.3800863939 13.9306056560 14.4360943277 
 13.3055683640 13.8607570775 14.3729864605 
 13.2309604766 13.7905659244 14.3092174539 
 13.1563050593 13.7200855835 14.2448532792 
 13.0816434423 13.6493680849 14.1799582144 
 13.0070160799 13.5784642209 14.1145949499 
 12.9324626687 13.5074236621 14.0488246948 
 12.8580222628 13.4362950723 13.9827072840 
 12.7837333827 13.3651262192 13.9163012836 
 12.7096341185 13.2939640797 13.8496640927 
 12.6357622255 13.2228549398 13.7828520423 
 12.5621552107 13.1518444864 13.7159204872 
 12.4888504099 13.0809778906 13.6489238924 
 12.4158850547 13.0102998821 13.5819159101 
 12.3432963273 12.9398548117 13.5149494494 
 12.2711214037 12.8696867041 13.4480767342 
 12.1993974832 12.7998392968 13.3813493508 
 12.1281618054 12.7303560676 13.3148182844 
 12.0574516525 12.6612802474 13.2485339416 
 11.9873043379 12.5926548202 13.1825461614 
 11.9177571799 12.5245225083 13.1169042118 
 11.8488474617 12.4569257437 13.0516567732 
 11.7806123762 12.3899066252 12.9868519074 
 11.7130889579 12.3235068614 12.9225370141 
 11.6463140001 12.2577677001 12.8587587723 
 11.5803239601 12.1927298446 12.7955630699 
 11.5151548522 12.1284333578 12.7329949202 
 11.4508421290 12.0649175546 12.6710983670 
 11.3874205538 12.0022208840 12.6099163790 
 11.3249240634 11.9403808023 12.5494907342 
 11.2633856246 11.8794336386 12.4898618973 
 11.2028370851 11.8194144539 12.4310688897 
 11.1433090208 11.7603568969 12.3731491549 
 11.0848305818 11.7022930571 12.3161384218 
 11.0274293389 11.6452533179 12.2600705668 
 10.9711311328 11.5892662125 12.2049774775 
 10.9159599293 11.5343582838 12.1508889213 
 10.8619376811 11.4805539518 12.0978324200 
 10.8090842007 11.4278753912 12.0458331340 
 10.7574170456 11.3763424205 11.9949137584 
 10.7069514183 11.3259724068 11.9450944339 
 10.6577000848 11.2767801877 11.8963926750 
 10.6096733122 11.2287780136 11.8488233186 
 10.5628788294 11.1819755118 11.8023984943 
 10.5173218113 11.1363796761 11.7571276204 
 10.4730048893 11.0919948818 11.7130174260 
 10.4299281903 11.0488229301 11.6700720024 
 10.3880894038 11.0068631212 11.6282928844 
 10.3474838789 10.9661123589 11.5876791629 
 10.3081047528 10.9265652853 11.5482276289 
 10.2699431079 10.8882144477 11.5099329500 
 10.2329881608 10.8510504955 11.4727878780 
 10.1972274788 10.8150624076 11.4367834864 
 10.1626472249 10.7802377471 11.4019094371 
 10.1292324270 10.7465629427 11.3681542729 
 10.0969672715 10.7140235922 11.3355057334 
 10.0658354145 10.6826047867 11.3039510896 
 10.0358203096 10.6522914495 11.2734774948 
 10.0069055474 10.6230686865 11.2440723441 
 9.9790752002 10.5949221416 11.2157236403 
 9.9523141696 10.5678383537 11.1884203572 
 9.9266085289 10.5418051068 11.1621527957 
 9.9019458556 10.5168117696 11.1369129269 
 9.8783155488 10.4928496161 11.1126947130 
 9.8557091242 10.4699121229 11.0894944024 
 9.8341204816 10.4479952358 11.0673107905 
 9.8135461396 10.4270976003 11.0461454413 
 9.7939854319 10.4072207511 11.0260028633 
 9.7754406601 10.3883692541 11.0068906357 
 9.7579171991 10.3705507990 10.9888194800 
 9.7414235523 10.3537762366 10.9718032735 
 9.7259713521 10.3380595601 10.9558590032 
 9.7115753054 10.3234178272 10.9410066577 
 9.6982530817 10.3098710229 10.9272690566 
 9.6860251443 10.2974418627 10.9146716189 
 9.6749145244 10.2861555378 10.9032420712 
 9.6649465400 10.2760394025 10.8930100983 
 9.6561484618 10.2671226089 10.8840069395 
 9.6485491273 10.2594356897 10.8762649344 
 9.6421785092 10.2530100944 10.8698170231 
 9.6370672388 10.2478776827 10.8646962054 
 9.6332460909 10.2440701804 10.8609349644 
 9.6307454346 10.2416186020 10.8585646599 
 9.6295946528 10.2405526454 10.8576148978 
 9.6298215390 10.2409000651 10.8581128798 
 9.6314516728 10.2426860278 10.8600827409 
 9.6345077839 10.2459324574 10.8635448791 
 9.6390091056 10.2506573743 10.8685152834 
 9.6449707287 10.2568742359 10.8750048671 
 9.6524029589 10.2645912841 10.8830188114 
 9.6613106859 10.2738109079 10.8925559274 
 9.6716927724 10.2845290268 10.9036080437 
 9.6835414699 10.2967345058 10.9161594279 
 9.6968418727 10.3104086101 10.9301862525 
 9.7115714179 10.3255245102 10.9456561151 
 9.7276994442 10.3420468493 10.9625276254 
 9.7451868212 10.3599313856 10.9807500731 
 9.7639856626 10.3791247247 11.0002631916 
 9.7840391369 10.3995641551 11.0209970324 
 9.8052813902 10.4211776043 11.0428719704 
 9.8276375969 10.4438837324 11.0657988545 
 9.8510241524 10.4675921765 11.0896793237 
 9.8753490214 10.4922039653 11.1144063058 
 9.9005122562 10.5176121157 11.1398647133 
 9.9264066948 10.5437024243 11.1659323517 
 9.9529188470 10.5703544631 11.1924810488 
 9.9799299739 10.5974427843 11.2193780119 
 10.0073173589 10.6248383336 11.2464874107 
 10.0349557674 10.6524100666 11.2736721808 
 10.0627190807 10.6800267545 11.3007960308 
 10.0904820882 10.7075589579 11.3277256291 
 10.1181224112 10.7348811404 11.3543329376 
 10.1455225250 10.7618738831 11.3804976468 
 10.1725718400 10.7884261543 11.4061096608 
 10.1991687947 10.8144375810 11.4310715685 
 10.2252229072 10.8398206603 11.4553010321 
 10.2506567294 10.8645028473 11.4787330171 
 10.2754076437 10.8884284495 11.5013217853 
 10.2994294438 10.9115602609 11.5230425717 
 10.3226936409 10.9338808697 11.5438928729 
 10.3451904457 10.9553935819 11.5638932779 
 10.3669293811 10.9761229114 11.5830877880 
 10.3879394931 10.9961146007 11.6015435868 
 10.4082691423 11.0154351535 11.6193502395 
 10.4279853694 11.0341708765 11.6366183254 
 10.4471728500 11.0524264505 11.6534775281 
 10.4659324667 11.0703230675 11.6700742333 
 10.4843795439 11.0879961929 11.6865687072 
 10.5026418070 11.1055930273 11.7031319483 
 10.5208571360 11.1232697559 11.7199423204 
 10.5391711950 11.1411886844 11.7371820884 
 10.5577350206 11.1595153635 11.7550339791 
 10.5767026520 11.1784158014 11.7736778903 
 10.5962288800 11.1980538587 11.7932878584 
 10.6164671809 11.2185889042 11.8140293819 
 10.6375678861 11.2401737926 11.8360571712 
 10.6596766209 11.2629532041 11.8595133729 
 10.6829330253 11.2870623583 11.8845262813 
 10.7074697478 11.3126260906 11.9112095221 
 10.7334116815 11.3397582544 11.9396616613 
 10.7608753961 11.3685613863 11.9699661623 
 10.7899686986 11.3991265564 12.0021915953 
 10.8207902479 11.4315333062 12.0363919793 
 10.8534291390 11.4658495740 12.0726071340 
 10.8879643722 11.5021315008 12.1108629103 
 10.9244641275 11.5404230177 12.1511711781 
 10.9629847732 11.5807551277 12.1935294624 
 11.0035695532 11.6231448096 12.2379201398 
 11.0462469177 11.6675934993 12.2843091347 
 11.0910284846 11.7140851275 12.3326440885 
 11.1379066448 11.7625837259 12.3828520099 
 11.1868518540 11.8130306466 12.4348364549 
 11.2378096808 11.8653414732 12.4884743241 
 11.2906977115 11.9194027376 12.5436124068 
 11.3454024394 11.9750685873 12.6000638407 
 11.4017762930 12.0321575831 12.6576046897 
 11.4596349810 12.0904498313 12.7159708823 
 11.5187553531 12.1496846814 12.7748557738 
 11.5788739898 12.2095592383 12.8339086261 
 11.6396867442 12.2697279494 12.8927343072 
 11.7008494598 12.3298035293 12.9508945188 
 11.7619800813 12.3893594776 13.0079108523 
 11.8226623516 12.4479344205 13.0632699449 
 11.8824512602 12.5050384703 13.1164309643 
 11.9408803506 12.5601617376 13.1668355817 
 11.9974709340 12.6127850491 13.2139204967 
 12.0517431638 12.6623928271 13.2571324580 
 12.1032288246 12.7084879552 13.2959455738 
 12.1514855675 12.7506083164 13.3298805321 
 12.1961121911 12.7883445265 13.3585251616 
 12.2367644311 12.8213582232 13.3815555656 
 12.2731705893 12.8494001118 13.3987568731 
 12.3051462189 12.8723268308 13.4100424852 
 12.3326069993 12.8901156008 13.4154705853 
 12.3555788952 12.9028755787 13.4152566316 
 12.3742047178 12.9108548651 13.4097805961 
 12.3887462947 12.9144422294 13.3995878621 
 12.3995816195 12.9141628192 13.3853829451 
 12.4071965900 12.9106674116 13.3680155616 
 12.4121712432 12.9047151265 13.3484590091 
 12.4151607361 12.8971499370 13.3277813165 
 12.4168716892 12.8888717438 13.3071101316 
 12.4180348558 12.8808031944 13.2875927900 
 12.4193753939 12.8738537850 13.2703534113 
 12.4215822532 12.8688830534 13.2564491593 
 12.4252783283 12.8666648167 13.2468279489 
 12.4309930596 12.8678544293 13.2422898774 
 12.4391390673 12.8729609113 13.2434544946 
 12.4499942002 12.8823255481 13.2507357211 
 12.4636900709 12.8961081968 13.2643258025 
 12.4802077617 12.9142820855 13.2841891722 
 12.4993809518 12.9366373907 13.3100665331 
 12.5209062599 12.9627933531 13.3414888863 
 12.5443601591 12.9922181951 13.3778006717 
 12.5692214329 13.0242556480 13.4181906823 
 12.5948978257 13.0581565361 13.4617289957 
 12.6207553271 13.0931136055 13.5074078645 
 12.6461484273 13.1282976584 13.5541843433 
 12.6704496945 13.1628930542 13.6010224155 
 12.6930771519 13.1961307773 13.6469325116 
 12.7135181546 13.2273175138 13.6910065789 
 12.7313487604 13.2558595227 13.7324472361 
 12.7462479309 13.2812804794 13.7705899962 
 12.7580062526 13.3032328868 13.8049180235 
 12.7665292079 13.3215030548 13.8350693664 
 12.7718353271 13.3360100088 13.8608370375 
 12.7740497933 13.3467989819 13.8821626689 
 12.7733942483 13.3540303593 13.8991247342 
 12.7701736499 13.3579650725 13.9119224928 
 12.7647610678 13.3589474877 13.9208568754 
 