0.1707810508 0.1446745685 0.1293739858 
 0.1682561707 0.1434883083 0.1293440278 
 0.1659976268 0.1425278181 0.1295136599 
 0.1639749390 0.1417714244 0.1298680448 
 0.1621609549 0.1411999800 0.1303942799 
 0.1605317575 0.1407967899 0.1310813398 
 0.1590665686 0.1405475337 0.1319200143 
 0.1577476460 0.1404401839 0.1329028435 
 0.1565601731 0.1404649174 0.1340240471 
 0.1554921376 0.1406140198 0.1352794482 
 0.1545341990 0.1408817812 0.1366663890 
 0.1536795439 0.1412643820 0.1381836396 
 0.1529237259 0.1417597687 0.1398312982 
 0.1522644940 0.1423675192 0.1416106831 
 0.1517016060 0.1430886983 0.1435242164 
 0.1512366306 0.1439257042 0.1455753004 
 0.1508727384 0.1448821057 0.1477681862 
 0.1506144851 0.1459624739 0.1501078372 
 0.1504675884 0.1471722082 0.1525997881 
 0.1504387013 0.1485173590 0.1552499993 
 0.1505351861 0.1500044505 0.1580647113 
 0.1507648909 0.1516403039 0.1610502979 
 0.1511359320 0.1534318643 0.1642131216 
 0.1516564859 0.1553860339 0.1675593918 
 0.1523345917 0.1575095117 0.1710950282 
 0.1531779685 0.1598086438 0.1748255303 
 0.1541938474 0.1622892836 0.1787558544 
 0.1553888222 0.1649566653 0.1828902997 
 0.1567687172 0.1678152895 0.1872324037 
 0.1583384747 0.1708688238 0.1917848492 
 0.1601020617 0.1741200177 0.1965493812 
 0.1620623959 0.1775706312 0.2015267372 
 0.1642212902 0.1812213799 0.2067165888 
 0.1665794151 0.1850718930 0.2121174963 
 0.1691362786 0.1891206865 0.2177268757 
 0.1718902217 0.1933651500 0.2235409792 
 0.1748384288 0.1978015462 0.2295548873 
 0.1779769518 0.2024250243 0.2357625153 
 0.1813007457 0.2072296438 0.2421566305 
 0.1848037166 0.2122084112 0.2487288832 
 0.1884787778 0.2173533267 0.2554698495 
 0.1923179161 0.2226554409 0.2623690854 
 0.1963122645 0.2281049209 0.2694151924 
 0.2004521823 0.2336911252 0.2765958944 
 0.2047273404 0.2394026868 0.2838981247 
 0.2091268114 0.2452276023 0.2913081214 
 0.2136391640 0.2511533289 0.2988115334 
 0.2182525596 0.2571668853 0.3063935323 
 0.2229548523 0.2632549582 0.3140389315 
 0.2277336891 0.2694040118 0.3217323109 
 0.2325766115 0.2756003996 0.3294581450 
 0.2374711565 0.2818304775 0.3372009336 
 0.2424049561 0.2880807171 0.3449453328 
 0.2473658354 0.2943378168 0.3526762863 
 0.2523419067 0.3005888118 0.3603791525 
 0.2573216602 0.3068211782 0.3680398286 
 0.2622940495 0.3130229335 0.3756448677 
 0.2672485712 0.3191827294 0.3831815882 
 0.2721753376 0.3252899369 0.3906381747 
 0.2770651419 0.3313347232 0.3980037666 
 0.2819095152 0.3373081175 0.4052685360 
 0.2867007741 0.3432020668 0.4124237513 
 0.2914320588 0.3490094796 0.4194618274 
 0.2960973617 0.3547242575 0.4263763608 
 0.3006915452 0.3603413153 0.4331621495 
 0.3052103496 0.3658565866 0.4398151980 
 0.3096503904 0.3712670193 0.4463327068 
 0.3140091455 0.3765705569 0.4527130473 
 0.3182849333 0.3817661089 0.4589557228 
 0.3224768804 0.3868535105 0.4650613157 
 0.3265848815 0.3918334711 0.4710314233 
 0.3306095513 0.3967075140 0.4768685820 
 0.3345521688 0.4014779082 0.4825761819 
 0.3384146160 0.4061475920 0.4881583740 
 0.3421993111 0.4107200920 0.4936199696 
 0.3459091373 0.4151994366 0.4989663360 
 0.3495473689 0.4195900667 0.5042032875 
 0.3531175950 0.4238967440 0.5093369755 
 0.3566236419 0.4281244592 0.5143737776 
 0.3600694960 0.4322783393 0.5193201880 
 0.3634592270 0.4363635582 0.5241827105 
 0.3667969129 0.4403852484 0.5289677547 
 0.3700865681 0.4443484170 0.5336815370 
 0.3733320740 0.4482578661 0.5383299880 
 0.3765371143 0.4521181181 0.5429186654 
 0.3797051149 0.4559333470 0.5474526753 
 0.3828391883 0.4597073164 0.5519366007 
 0.3859420841 0.4634433234 0.5563744386 
 0.3890161455 0.4671441509 0.5607695459 
 0.3920632715 0.4708120265 0.5651245942 
 0.3950848858 0.4744485892 0.5694415338 
 0.3980819119 0.4780548639 0.5737215668 
 0.4010547552 0.4816312434 0.5779651289 
 0.4040032911 0.4851774785 0.5821718812 
 0.4069268597 0.4886926744 0.5863407096 
 0.4098242669 0.4921752962 0.5904697334 
 0.4126937919 0.4956231796 0.5945563217 
 0.4155331995 0.4990335500 0.5985971184 
 0.4183397597 0.5024030467 0.6025880732 
 0.4211102714 0.5057277541 0.6065244813 
 0.4238410912 0.5090032381 0.6104010278 
 0.4265281676 0.5122245878 0.6142118396 
 0.4291670790 0.5153864622 0.6179505415 
 0.4317530748 0.5184831411 0.6216103177 
 0.4342811214 0.5215085792 0.6251839775 
 0.4367459498 0.5244564643 0.6286640240 
 0.4391421063 0.5273202774 0.6320427267 
 0.4414640048 0.5300933555 0.6353121951 
 0.4437059808 0.5327689552 0.6384644547 
 0.4458623464 0.5353403181 0.6414915239 
 0.4479274450 0.5378007355 0.6443854906 
 0.4498957070 0.5401436138 0.6471385887 
 0.4517617041 0.5423625383 0.6497432733 
 0.4535202028 0.5444513363 0.6521922942 
 0.4551662161 0.5464041373 0.6544787666 
 0.4566950536 0.5482154320 0.6565962399 
 0.4581023690 0.5498801269 0.6585387612 
 0.4593842044 0.5513935970 0.6603009364 
 0.4605370320 0.5527517332 0.6618779856 
 0.4615577916 0.5539509866 0.6632657942 
 0.4624439250 0.5549884078 0.6644609581 
 0.4631934058 0.5558616812 0.6654608236 
 0.4638047648 0.5565691552 0.6662635216 
 0.4642771120 0.5571098655 0.6668679953 
 0.4646101524 0.5574835553 0.6672740216 
 0.4648041987 0.5576906877 0.6674822268 
 0.4648601786 0.5577324550 0.6674940955 
 0.4647796374 0.5576107807 0.6673119736 
 0.4645647368 0.5573283173 0.6669390647 
 0.4642182480 0.5568884386 0.6663794208 
 0.4637435414 0.5562952268 0.6656379270 
 0.4631445719 0.5555534548 0.6647202811 
 0.4624258601 0.5546685641 0.6636329665 
 0.4615924693 0.5536466377 0.6623832218 
 0.4606499794 0.5524943694 0.6609790039 
 0.4596044575 0.5512190289 0.6594289475 
 0.4584624248 0.5498284231 0.6577423203 
 0.4572308212 0.5483308546 0.6559289742 
 0.4559169671 0.5467350767 0.6539992932 
 0.4545285224 0.5450502458 0.6519641374 
 0.4530734447 0.5432858716 0.6498347854 
 0.4515599440 0.5414517648 0.6476228730 
 0.4499964370 0.5395579830 0.6453403303 
 0.4483914999 0.5376147753 0.6429993170 
 0.4467538200 0.5356325254 0.6406121555 
 0.4450921460 0.5336216937 0.6381912634 
 0.4434152387 0.5315927584 0.6357490844 
 0.4417318200 0.5295561563 0.6332980193 
 0.4400505231 0.5275222233 0.6308503552 
 0.4383798410 0.5255011341 0.6284181954 
 0.4367280769 0.5235028428 0.6260133891 
 0.4351032929 0.5215370233 0.6236474606 
 0.4335132610 0.5196130098 0.6213315400 
 0.4319654133 0.5177397383 0.6190762929 
 0.4304667933 0.5159256885 0.6168918521 
 0.4290240085 0.5141788267 0.6147877492 
 0.4276431830 0.5125065496 0.6127728484 
 0.4263299116 0.5109156292 0.6108552797 
 0.4250892157 0.5094121591 0.6090423756 
 0.4239254996 0.5080015023 0.6073406082 
 0.4228425093 0.5066882410 0.6057555283 
 0.4218432920 0.5054761278 0.6042917073 
 0.4209301590 0.5043680399 0.6029526814 
 0.4201046497 0.5033659352 0.6017408987 
 0.4193674993 0.5024708126 0.6006576699 
 0.4187186085 0.5016826742 0.5997031231 
 0.4181570175 0.5010004930 0.5988761631 
 0.4176808837 0.5004221844 0.5981744361 
 0.4172874636 0.4999445829 0.5975943006 
 0.4169730997 0.4995634250 0.5971308049 
 0.4167332139 0.4992733386 0.5967776726 
 0.4165623060 0.4990678400 0.5965272973 
 0.4164539597 0.4989393392 0.5963707465 
 0.4164008565 0.4988791540 0.5962977764 
 0.4163947978 0.4988775343 0.5962968590 
 0.4164267353 0.4989236973 0.5963552215 
 0.4164868119 0.4990058740 0.5964589000 
 0.4165644122 0.4991113681 0.5965928069 
 0.4166482239 0.4992266272 0.5967408148 
 0.4167263092 0.4993373279 0.5968858554 
 0.4167861886 0.4994284737 0.5970100345 
 0.4168149341 0.4994845067 0.5970947639 
 0.4167992746 0.4994894316 0.5971209082 
 0.4167257104 0.4994269539 0.5970689480 
 0.4165806382 0.4992806283 0.5969191568 
 0.4163504842 0.4990340187 0.5966517914 
 0.4160218448 0.4986708675 0.5962472934 
 0.4155816333 0.4981752722 0.5956865010 
 0.4150172309 0.4975318671 0.5949508659 
 0.4143166394 0.4967260089 0.5940226767 
 0.4134686353 0.4957439622 0.5928852811 
 0.4124629199 0.4945730829 0.5915233073 
 0.4112902665 0.4932019965 0.5899228789 
 0.4099426596 0.4916207678 0.5880718205 
 0.4084134245 0.4898210601 0.5859598500 
 0.4066973453 0.4877962791 0.5835787547 
 0.4047907681 0.4855417006 0.5809225465 
 0.4026916882 0.4830545786 0.5779875948 
 0.4003998191 0.4803342310 0.5747727327 
 0.3979166411 0.4773821021 0.5712793356 
 0.3952454296 0.4742017996 0.5675113690 
 0.3923912617 0.4707991062 0.5634754059 
 0.3893610005 0.4671819633 0.5591806121 
 0.3861632573 0.4633604299 0.5546386992 
 0.3828083333 0.4593466145 0.5498638480 
 0.3793081400 0.4551545829 0.5448726008 
 0.3756761013 0.4508002431 0.5396837273 
 0.3719270378 0.4463012093 0.5343180645 
 0.3680770368 0.4416766471 0.5287983346 
 0.3641433080 0.4369471034 0.5231489442 
 0.3601440304 0.4321343237 0.5173957672 
 0.3560981899 0.4272610595 0.5115659174 
 0.3520254125 0.4223508692 0.5056875111 
 0.3479457945 0.4174279159 0.4997894273 
 0.3438797325 0.4125167642 0.4939010655 
 0.3398477557 0.4076421802 0.4880521071 
 0.3358703618 0.4028289351 0.4822722811 
 0.3319678597 0.3981016169 0.4765911387 
 0.3281602192 0.3934844500 0.4710378378 
 0.3244669297 0.3890011259 0.4656409386 
 0.3209068691 0.3846746441 0.4604282136 
 0.3174981824 0.3805271665 0.4554264702 
 0.3142581718 0.3765798825 0.4506613884 
 0.3112031971 0.3728528878 0.4461573721 
 0.3083485868 0.3693650740 0.4419374145 
 0.3057085596 0.3661340309 0.4380229763 
 0.3032961551 0.3631759578 0.4344338758 
 0.3011231733 0.3605055856 0.4311881900 
 0.2992001217 0.3581361066 0.4283021651 
 0.2975361698 0.3560791124 0.4257901354 
 0.2961391086 0.3543445373 0.4236644492 
 0.2950153156 0.3529406070 0.4219353997 
 0.2941697236 0.3518737921 0.4206111620 
 0.2936057924 0.3511487641 0.4196977331 
 0.2933254834 0.3507683555 0.4191988756 
 0.2933292363 0.3507335213 0.4191160657 
 0.2936159475 0.3510433048 0.4194484435 
 0.2941829506 0.3516948045 0.4201927691 
 0.2950259991 0.3526831470 0.4213433832 
 0.2961392517 0.3540014623 0.4228921743 
 0.2975152620 0.3556408672 0.4248285556 
 0.2991449717 0.3575904543 0.4271394512 
 0.3010177107 0.3598372921 0.4298092956 
 0.3031212044 0.3623664345 0.4328200484 
 0.3054415897 0.3651609450 0.4361512268 
 0.3079634421 0.3682019345 0.4397799569 
 0.3106698145 0.3714686168 0.4436810480 
 0.3135422900 0.3749383824 0.4478270901 
 0.3165610496 0.3785868916 0.4521885760 
 0.3197049557 0.3823881884 0.4567340496 
 0.3229516527 0.3863148354 0.4614302794 
 0.3262776840 0.3903380693 0.4662424580 
 0.3296586265 0.3944279772 0.4711344243 
 0.3330692404 0.3985536907 0.4760689095 
 0.3364836355 0.4026835984 0.4810078007 
 0.3398754501 0.4067855728 0.4859124227 
 0.3432180420 0.4108272090 0.4907438305 
 0.3464846897 0.4147760739 0.4954631130 
 0.3496487997 0.4185999602 0.5000316995 
 0.3526841195 0.4222671443 0.5044116682 
 0.3555649517 0.4257466428 0.5085660510 
 0.3582663672 0.4290084664 0.5124591318 
 0.3607644155 0.4320238660 0.5160567341 
 0.3630363281 0.4347655709 0.5193264960 
 0.3650607147 0.4372080141 0.5222381290 
 0.3668177476 0.4393275449 0.5247636601 
 0.3682893349 0.4411026249 0.5268776538 
 0.3694592788 0.4425140074 0.5285574138 
 0.3703134188 0.4435448985 0.5297831635 
 0.3708397571 0.4441810979 0.5305382032 
 0.3710285662 0.4444111192 0.5308090441 
 0.3708724760 0.4442262870 0.5305855177 
 0.3703665404 0.4436208122 0.5298608591 
 0.3695082816 0.4425918409 0.5286317631 
 0.3682977102 0.4411394785 0.5268984119 
 0.3667373224 0.4392667854 0.5246644720 
 0.3648320705 0.4369797456 0.5219370596 
 0.3625893084 0.4342872041 0.5187266721 
 0.3600187105 0.4312007754 0.5150470852 
 0.3571321644 0.4277347209 0.5109152147 
 0.3539436387 0.4239057965 0.5063509427 
 0.3504690253 0.4197330702 0.5013769089 
 0.3467259595 0.4152377130 0.4960182683 
 0.3427336198 0.4104427632 0.4903024181 
 0.3385125089 0.4053728695 0.4842586967 
 0.3340842212 0.4000540145 0.4779180591 
 0.3294711992 0.3945132249 0.4713127338 
 0.3246964832 0.3887782715 0.4644758667 
 0.3197834586 0.3828773650 0.4574411583 
 0.3147556059 0.3768388533 0.4502425006 
 0.3096362561 0.3706909244 0.4429136201 
 0.3044483575 0.3644613216 0.4354877328 
 0.2992142562 0.3581770737 0.4279972180 
 0.2939554941 0.3518642468 0.4204733157 
 0.2886926277 0.3455477189 0.4129458514 
 0.2834450686 0.3392509826 0.4054429938 
 0.2782309489 0.3329959752 0.3979910465 
 0.2730670103 0.3268029407 0.3906142764 
 0.2679685194 0.3206903210 0.3833347791 
 0.2629492068 0.3146746788 0.3761723817 
 0.2580212309 0.3087706495 0.3691445817 
 0.2531951634 0.3029909213 0.3622665208 
 0.2484799962 0.2973462419 0.3555509900 
 0.2438831675 0.2918454486 0.3490084654 
 0.2394106038 0.2864955199 0.3426471698 
 0.2350667776 0.2813016458 0.3364731570 
 0.2308547766 0.2762673137 0.3304904162 
 0.2267763837 0.2713944075 0.3247009926 
 0.2228321644 0.2666833164 0.3191051203 
 0.2190215612 0.2621330528 0.3137013658 
 0.2153429912 0.2577413739 0.3084867776 
 0.2117939469 0.2535049084 0.3034570405 
 0.2083710987 0.2494192835 0.2986066311 
 0.2050703959 0.2454792522 0.2939289741 
 0.2018871682 0.2416788192 0.2894165957 
 0.1988162237 0.2380113636 0.2850612743 
 0.1958519451 0.2344697583 0.2808541863 
 0.1929883816 0.2310464848 0.2767860459 
 0.1902193374 0.2277337425 0.2728472390 
 0.1875384554 0.2245235527 0.2690279502 
 0.1849392962 0.2214078560 0.2653182810 
 0.1824154119 0.2183786039 0.2617083618 
 0.1799604146 0.2154278426 0.2581884537 
 0.1775680397 0.2125477910 0.2547490435 
 0.1752322029 0.2097309107 0.2513809287 
 0.1729470521 0.2069699692 0.2480752944 
 0.1707070129 0.2042580958 0.2448237806 
 0.1685068284 0.2015888295 0.2416185409 
 0.1663415929 0.1989561604 0.2384522923 
 0.1642067801 0.1963545629 0.2353183552 
 0.1620982650 0.1937790222 0.2322106849 
 0.1600123401 0.1912250532 0.2291238943 
 0.1579457262 0.1886887124 0.2260532680 
 0.1558955776 0.1861666033 0.2229947671 
 0.1538594825 0.1836558750 0.2199450273 
 0.1518354579 0.1811542147 0.2169013481 
 0.1498219409 0.1786598342 0.2138616759 
 0.1478177745 0.1761714520 0.2108245791 
 0.1458221914 0.1736882696 0.2077892188 
 0.1438347932 0.1712099440 0.2047553135 
 0.1418555274 0.1687365569 0.2017230986 
 0.1398846620 0.1662685806 0.1986932836 
 0.1379227581 0.1638068417 0.1956670053 
 0.1359706419 0.1613524832 0.1926457793 
 0.1340293749 0.1589069251 0.1896314501 
 0.1321002245 0.1564718257 0.1866261410 
 0.1301846343 0.1540490417 0.1836322042 
 0.1282841953 0.1516405904 0.1806521714 
 0.1264006173 0.1492486118 0.1776887067 
 0.1245357023 0.1468753335 0.1747445615 
 0.1226913188 0.1445230372 0.1718225322 
 0.1208693778 0.1421940275 0.1689254205 
 0.1190718110 0.1398906034 0.1660559983 
 0.1173005511 0.1376150329 0.1632169751 
 0.1155575135 0.1353695303 0.1604109702 
 0.1138445810 0.1331562363 0.1576404883 
 0.1121635901 0.1309772021 0.1549078996 
 0.1105163200 0.1288343752 0.1522154234 
 0.1089044828 0.1267295890 0.1495651155 
 0.1073297170 0.1246645549 0.1469588597 
 0.1057935814 0.1226408570 0.1443983619 
 0.1042975524 0.1206599494 0.1418851485 
 0.1028430212 0.1187231556 0.1394205663 
 0.1014312941 0.1168316695 0.1370057862 
 0.1000635932 0.1149865593 0.1346418083 
 0.0987410587 0.1131887717 0.1323294696 
 0.0974647516 0.1114391381 0.1300694525 
 0.0962356584 0.1097383819 0.1278622958 
 0.0950546957 0.1080871264 0.1257084054 
 0.0939227155 0.1064859035 0.1236080670 
 0.0928405111 0.1049351629 0.1215614586 
 0.0918088238 0.1034352818 0.1195686631 
 0.0908283490 0.1019865744 0.1176296819 
 0.0898997433 0.1005893016 0.1157444471 
 0.0890236312 0.0992436808 0.1139128350 
 0.0882006121 0.0979498952 0.1121346774 
 0.0874312673 0.0967081032 0.1104097739 
 0.0867161667 0.0955184469 0.1087379031 
 0.0860558759 0.0943810610 0.1071188324 
 0.0854509627 0.0932960810 0.1055523285 
 0.0849020041 0.0922636503 0.1040381661 
 0.0844095925 0.0912839283 0.1025761362 
 0.0839743426 0.0903570967 0.1011660536 
 0.0835968979 0.0894833663 0.0998077642 
 0.0832779366 0.0886629831 0.0985011505 
 0.0830181789 0.0878962340 0.0972461378 
 0.0828183927 0.0871834527 0.0960426991 
 0.0826794001 0.0865250244 0.0948908591 
 0.0826020842 0.0859213912 0.0937906987 
 0.0825873954 0.0853730566 0.0927423583 
 0.0826363578 0.0848805906 0.0917460409 
 0.0827500761 0.0844446335 0.0908020152 
 0.0829297416 0.0840659009 0.0899106180 
 0.0831766397 0.0837451876 0.0890722566 
 0.0834921560 0.0834833721 0.0882874109 
 0.0838777831 0.0832814203 0.0875566360 
 0.0843351275 0.0831403899 0.0868805632 
 0.0848659161 0.0830614345 0.0862599030 
 0.0854720028 0.0830458074 0.0856954459 
 0.0861553751 0.0830948654 0.0851880653 
 0.0869181606 0.0832100733 0.0847387182 
 0.0877626330 0.0833930068 0.0843484482 
 0.0886912186 0.0836453572 0.0840183862 
 0.0897065019 0.0839689345 0.0837497532 
 0.0908112315 0.0843656712 0.0835438616 
 0.0920083252 0.0848376260 0.0834021175 
 0.0933008757 0.0853869866 0.0833260224 
 0.0946921552 0.0860160740 0.0833171751 
 0.0961856201 0.0867273449 0.0833772740 
 0.0977849154 0.0875233949 0.0835081189 
 0.0994938788 0.0884069619 0.0837116129 
 0.1013165444 0.0893809288 0.0839897647 
 0.1032571463 0.0904483262 0.0843446906 
 0.1053201222 0.0916123352 0.0847786165 
 0.1075101162 0.0928762901 0.0852938801 
 0.1098319818 0.0942436810 0.0858929333 
 0.1122907850 0.0957181565 0.0865783440 
 0.1148918068 0.0973035264 0.0873527991 
 0.1176405462 0.0990037640 0.0882191063 
 0.1205427228 0.1008230095 0.0891801971 
 0.1236042797 0.1027655726 0.0902391293 
 0.1268313866 0.1048359355 0.0913990899 
 0.1302304431 0.1070387565 0.0926633985 
 0.1338080825 0.1093788737 0.0940355104 
 0.1375711754 0.1118613085 0.0955190201 
 0.1415268345 0.1144912708 0.0971176657 
 0.1456824198 0.1172741630 0.0988353331 
 0.1500455438 0.1202155860 0.1006760603 
 0.1546240785 0.1233213449 0.1026440436 
 0.1594261624 0.1265974556 0.1047436421 
 0.1644602088 0.1300501525 0.1069793852 
 0.1697349148 0.1336858960 0.1093559783 
 0.1752592718 0.1375113819 0.1118783114 
 0.1810425763 0.1415335512 0.1145514663 
 0.1870944432 0.1457596005 0.1173807262 
 0.1934248188 0.1501969942 0.1203715851 
 0.2000439964 0.1548534768 0.1235297579 
 0.2069626324 0.1597370870 0.1268611924 
 0.2141917638 0.1648561723 0.1303720807 
 0.2217428276 0.1702194053 0.1340688723 
 0.2296276810 0.1758358000 0.1379582881 
 0.2378586228 0.1817147306 0.1420473348 
 0.2464484167 0.1878659502 0.1463433206 
 0.2554103151 0.1942996111 0.1508538713 
 0.2647580844 0.2010262857 0.1555869476 
 0.2745060314 0.2080569888 0.1605508631 
 0.2846690304 0.2154032004 0.1657543027 
 0.2952625512 0.2230768892 0.1712063426 
 0.3063026879 0.2310905371 0.1769164697 
 0.3178061875 0.2394571642 0.1828946024 
 0.3297904801 0.2481903540 0.1891511119 
 0.3422737081 0.2573042789 0.1956968435 
 0.3552747553 0.2668137266 0.2025431389 
 0.3688132768 0.2767341257 0.2097018576 
 0.3829097268 0.2870815713 0.2171853996 
 0.3975853868 0.2978728510 0.2250067276 
 0.4128623924 0.3091254692 0.2331793889 
 0.4287637584 0.3208576722 0.2417175375 
 0.4453134026 0.3330884711 0.2506359553 
 0.4625361680 0.3458376644 0.2599500734 
 0.4804578424 0.3591258596 0.2696759924 
 0.4991051758 0.3729744922 0.2798305019 
 0.5185058953 0.3874058447 0.2904310992 
 0.5386887167 0.4024430621 0.3014960069 
 0.5596833529 0.4181101670 0.3130441894 
 0.5815205198 0.4344320707 0.3250953679 
 0.6042319369 0.4514345838 0.3376700340 
 0.6278503255 0.4691444228 0.3507894618 
 0.6524094018 0.4875892145 0.3644757182 
 0.6779438668 0.5067974978 0.3787516712 
 0.7044893904 0.5267987221 0.3936409966 
 0.7320825922 0.5476232426 0.4091681823 
 0.7607610170 0.5693023127 0.4253585310 
 0.7905631057 0.5918680728 0.4422381600 
 0.8215281615 0.6153535359 0.4598339994 
 0.8536963111 0.6397925700 0.4781737874 
 0.8871084618 0.6652198766 0.4972860643 
 0.9218062529 0.6916709663 0.5172001629 
 0.9578320031 0.7191821313 0.5379461974 
 0.9952286540 0.7477904135 0.5595550503 
 1.0340397076 0.7775335714 0.5820583562 
 1.0743091618 0.8084500418 0.6054884842 
 1.1160814405 0.8405789005 0.6298785184 
 1.1594013208 0.8739598190 0.6552622356 
 1.2043138569 0.9086330198 0.6816740824 
 1.2508643007 0.9446392287 0.7091491500 
 1.2990980205 0.9820196252 0.7377231477 
 1.3490604170 1.0208157918 0.7674323755 
 1.4007968373 1.0610696611 0.7983136951 
 1.4543524883 1.1028234620 0.8304045007 
 1.5097723483 1.1461196655 0.8637426891 
 1.5671010786 1.1910009289 0.8983666289 
 1.6263829343 1.2375100407 0.9343151301 
 1.6876616761 1.2856898646 0.9716274137 
 1.7509804814 1.3355832845 1.0103430809 
 1.8163818577 1.3872331489 1.0505020838 
 1.8839075557 1.4406822167 1.0921446953 
 1.9535984844 1.4959731033 1.1353114806 
 2.0254946276 1.5531482269 1.1800432687 
 2.0996349616 1.6122497566 1.2263811250 
 2.1760573742 1.6733195603 1.2743663240 
 2.2547985860 1.7363991533 1.3240403232 
 2.3358940712 1.8015296473 1.3754447365 
 2.4193779810 1.8687516993 1.4286213079 
 2.5052830662 1.9381054604 1.4836118856 
 2.5936406008 2.0096305229 1.5404583939 
 2.6844803036 2.0833658669 1.5992028054 
 2.7778302600 2.1593498043 1.6598871102 
 2.8737168408 2.2376199193 1.7225532839 
 2.9721646182 2.3182130063 1.7872432505 
 3.0731962774 2.4011650020 1.8539988430 
 3.1768325246 2.4865109124 1.9228617580 
 3.2830919873 2.5742847325 1.9938735041 
 3.3919911085 2.6645193582 2.0670753438 
 3.5035440325 2.7572464892 2.1425082265 
 3.6177624814 2.8524965212 2.2202127120 
 3.7346556213 2.9502984269 2.3002288841 
 3.8542299169 3.0506796240 2.3825962510 
 3.9764889747 3.1536658295 2.4673536336 
 4.1014333730 3.2592808992 2.5545390387 
 4.2290604784 3.3675466515 2.6441895172 
 4.3593642491 3.4784826743 2.7363410049 
 4.4923350246 3.5921061154 2.8310281466 
 4.6279593019 3.7084314546 2.9282841012 
 4.7662194982 3.8274702592 3.0281403274 
 4.9070937035 3.9492309213 3.1306263508 
 5.0505554205 4.0737183782 3.2357695098 
 5.1965732973 4.2009338172 3.3435946831 
 5.3451108529 4.3308743652 3.4541239962 
 5.4961261980 4.4635327651 3.5673765109 
 5.6495717556 4.5988970412 3.6833678950 
 5.8053939836 4.7369501559 3.8021100773 
 5.9635331039 4.8776696610 3.9236108874 
 6.1239228414 5.0210273467 4.0478736833 
 6.2864901790 5.1669888925 4.1748969694 
 6.4511551323 5.3155135242 4.3046740092 
 6.6178305497 5.4665536821 4.4371924340 
 6.7864219431 5.6200547048 4.5724338543 
 6.9568273551 5.7759545344 4.7103734770 
 7.1289372670 5.9341834499 4.8509797332 
 7.3026345543 6.0946638318 4.9942139229 
 7.4777944944 6.2573099677 5.1400298813 
 7.6542848301 6.4220279008 5.2883736734 
 7.8319658948 6.5887153300 5.4391833210 
 8.0106908023 6.7572615659 5.5923885710 
 8.1903057042 6.9275475480 5.7479107085 
 8.3706501165 7.0994459270 5.9056624215 
 8.5515573183 7.2728212175 6.0655477222 
 8.7328548210 7.4475300232 6.2274619318 
 8.9143649076 7.6234213371 6.3912917301 
 9.0959052410 7.8003369186 6.5569152770 
 9.2772895370 7.9781117470 6.7242024074 
 9.4583282978 8.1565745500 6.8930149017 
 9.6388296018 8.3355484076 7.0632068341 
 9.8185999408 8.5148514244 7.2346249973 
 9.9974450993 8.6942974684 7.4071094044 
 10.1751710662 8.8736969701 7.5804938645 
 10.3515849700 9.0528577737 7.7546066289 
 10.5264960272 9.2315860343 7.9292711031 
 10.6997164949 9.4096871504 8.1043066198 
 10.8710626154 9.5869667236 8.2795292643 
 11.0403555436 9.7632315342 8.4547527455 
 11.2074222460 9.9382905226 8.6297893037 
 11.3720963616 10.1119557649 8.8044506447 
 11.5342190146 10.2840434321 8.9785488912 
 11.6936395709 10.4543747224 9.1518975394 
 11.8502163298 10.6227767548 9.3243124115 
 12.0038171440 10.7890834158 9.4956125920 
 12.1543199614 10.9531361486 9.6656213383 
 12.3016132857 11.1147846769 9.8341669532 
 12.4455965503 11.2738876561 10.0010836124 
 12.5861804044 11.4303132464 10.1662121357 
 12.7232869100 11.5839396005 10.3294006939 
 12.8568496506 11.7346552659 10.4905054462 
 12.9868137518 11.8823594956 10.6493910993 
 13.1131358179 12.0269624693 10.8059313857 
 13.2357837868 12.1683854230 10.9600094559 
 13.3547367083 12.3065606896 11.1115181838 
 13.4699844509 12.4414316533 11.2603603828 
 13.5815273425 12.5729526195 11.4064489337 
 13.6893757523 12.7010886074 11.5497068254 
 13.7935496199 12.8258150684 11.6900671114 
 13.8940779383 12.9471175373 11.8274727851 
 13.9909981995 13.0649912220 11.9618765784 
 14.0843558079 13.1794405405 12.0932406892 
 14.1742034698 13.2904786094 12.2215364440 
 14.2606005658 13.3981266942 12.3467439006 
 14.3436125121 13.5024136268 12.4688513999 
 14.4233101176 13.6033751986 12.5878550721 
 14.4997689426 13.7010535356 12.7037583060 
 14.5730686641 13.7954964632 12.8165711883 
 14.6432924534 13.8867568662 12.9263099191 
 14.7105263696 13.9748920512 13.0329962136 
 14.7748587741 14.0599631164 13.1366566933 
 14.8363797677 14.1420343341 13.2373222765 
 14.8951806558 14.2211725510 13.3350275716 
 14.9513534407 14.2974466094 13.4298102809 
 15.0049903465 14.3709267939 13.5217106188 
 15.0561833740 14.4416843058 13.6107707490 
 15.1050238903 14.5097907675 13.6970342452 
 15.1516022499 14.5753177595 13.7805455788 
 15.1960074495 14.6383363899 13.8613496346 
 15.2383268154 14.6989168977 13.9394912593 
 15.2786457218 14.7571282906 14.0150148416 
 15.3170473392 14.8130380154 14.0879639267 
 15.3536124122 14.8667116618 14.1583808641 
 15.3884190631 14.9182126969 14.2263064898 
 15.4215426204 14.9676022305 14.2917798407 
 15.4530554697 15.0149388069 14.3548379011 
 15.4830269245 15.0602782243 14.4155153799 
 15.5115231138 15.1036733754 14.4738445149 
 15.5386068858 15.1451741113 14.5298549051 
 15.5643377226 15.1848271220 14.5835733654 
 15.5887716661 15.2226758341 14.6350238043 
 15.6119612508 15.2587603212 14.6842271197 
 15.6339554428 15.2931172259 14.7312011130 
 15.6547995823 15.3257796915 14.7759604167 
 15.6745353289 15.3567773002 14.8185164362 
 15.6932006071 15.3861360174 14.8588773024 
 15.7108295531 15.4138781417 14.8970478336 
 15.7274524608 15.4400222574 14.9330295077 
 15.7430957274 15.4645831926 14.9668204421 
 15.7577817999 15.4875719793 14.9984153828 
 15.7715291218 15.5089958205 15.0278057018 
 15.7843520826 15.5288580608 15.0549794052 
 15.7962609713 15.5471581662 15.0799211526 
 15.8072619357 15.5638917121 15.1026122898 
 15.8173569504 15.5790503842 15.1230308969 
 15.8265437963 15.5926219933 15.1411518550 
 15.8348160537 15.6045905076 15.1569469341 
 15.8421631142 15.6149361067 15.1703849045 
 15.8485702117 15.6236352587 15.1814316764 
 15.8540184790 15.6306608251 15.1900504695 
 15.8584850303 15.6359821963 15.1962020154 
 15.8619430750 15.6395654602 15.1998447967 
 15.8643620638 15.6413736070 15.2009353228 
 15.8657078696 15.6413667708 15.1994284457 
 15.8659430055 15.6395025114 15.1952777153 
 15.8650268805 15.6357361345 15.1884357737 
 15.8629160917 15.6300210510 15.1788547881 
 15.8595647548 15.6223091737 15.1664869181 
 15.8549248682 15.6125513477 15.1512848146 
 15.8489467093 15.6006978119 15.1332021444 
 15.8415792581 15.5866986837 15.1121941332 
 15.8327706423 15.5705044631 15.0882181189 
 15.8224685979 15.5520665446 15.0612341051 
 15.8106209358 15.5313377299 15.0312053043 
 15.7971760056 15.5082727285 14.9980986565 
 15.7820831464 15.4828286351 14.9618853114 
 15.7652931117 15.4549653708 14.9225410590 
 15.7467584578 15.4246460730 14.8800466937 
 15.7264338803 15.3918374215 14.8343882970 
 15.7042764871 15.3565098849 14.7855574241 
 15.6802459939 15.3186378748 14.7335511805 
 15.6543048290 15.2781997930 14.6783721757 
 15.6264181346 15.2351779608 14.6200283434 
 15.5965536549 15.1895584192 14.5585326186 
 15.5646814999 15.1413305924 14.4939024669 
 15.5307737780 15.0904868085 14.4261592616 
 15.4948040926 15.0370216742 14.3553275107 
 15.4567468991 14.9809313056 14.2814339379 
 15.4165767252 14.9222124177 14.2045064255 
 15.3742672558 14.8608612819 14.1245728341 
 15.3297902929 14.7968725639 14.0416597143 
 15.2831146004 14.7302380568 13.9557909340 
 15.2342046493 14.6609453324 13.8669862448 
 15.1830192823 14.5889763319 13.7752598182 
 15.1295103199 14.5143059261 13.6806187831 
 15.0736211351 14.4369004746 13.5830618008 
 15.0152852231 14.3567164185 13.4825777128 
 14.9544247998 14.2736989429 13.3791443026 
 14.8909494623 14.1877807450 13.2727272094 
 14.8247549460 14.0988809500 13.1632790326 
 14.7557220171 14.0069042105 13.0507386679 
 14.6837155372 13.9117400312 12.9350309100 
 14.6085837387 13.8132623561 12.8160663576 
 14.5301577497 13.7113294549 12.6937416535 
 14.4482514050 13.6057841443 12.5679400853 
 14.3626613811 13.4964543753 12.4385325732 
 14.2731676887 13.3831542150 12.3053790608 
 14.1795345561 13.2656852472 12.1683303220 
 14.0815117327 13.1438384119 12.0272301896 
 13.9788362389 13.0173962947 11.8819182027 
 13.8712345831 12.8861358744 11.7322326620 
 13.7584254622 12.7498317271 11.5780140745 
 13.6401229546 12.6082596740 11.4191089548 
 13.5160402058 12.4612008557 11.2553739448 
 13.3858935988 12.3084461971 11.0866801969 
 13.2494073891 12.1498012201 10.9129179578 
 13.1063187712 11.9850911448 10.7340012740 
 12.9563833288 11.8141662054 10.5498727320 
 12.7993808053 11.6369070920 10.3605081307 
 12.6351211129 11.4532304157 10.1659209746 
 12.4634504795 11.2630940752 9.9661666694 
 12.2842576147 11.0665023960 9.7613462904 
 12.0974797577 10.8635108948 9.5516097979 
 11.9031084514 10.6542305198 9.3371585677 
 11.7011948746 10.4388312088 9.1182471171 
 11.4918545526 10.2175446120 8.8951839123 
 11.2752712628 9.9906658312 8.6683311645 
 11.0516999522 9.7585540435 8.4381035403 
 10.8214684953 9.5216318976 8.2049657435 
 10.5849781376 9.2803836028 7.9694289559 
 10.3427024989 9.0353516632 7.7320461593 
 10.0951850463 8.7871322543 7.4934064045 
 9.8430349931 8.5363692834 7.2541281255 
 9.5869216298 8.2837472244 7.0148516380 
 9.3275671508 8.0299828641 6.7762309937 
 9.0657380978 7.7758161437 6.5389253891 
 8.8022355977 7.5220003144 6.3035903475 
 8.5378846248 7.2692916623 6.0708689034 
 8.2735225583 7.0184390716 5.8413830220 
 8.0099873436 6.7701737090 5.6157254738 
 7.7481055780 6.5251991044 5.3944523714 
 7.4886808517 6.2841818890 5.1780765440 
 7.2324826611 6.0477434227 4.9670618954 
 6.9802361857 5.8164525061 4.7618188509 
 6.7326131836 5.5908193280 4.5627009592 
 6.4902242113 5.3712907502 4.3700026731 
 6.2536123176 5.1582469809 4.1839582945 
 6.0232483052 4.9519996407 4.0047420334 
 5.7995275912 4.7527911762 3.8324690997 
 5.5827686471 4.5607955419 3.6671977236 
 5.3732129451 4.3761200350 3.5089319825 
 5.1710262988 4.1988081468 3.3576253010 
 4.9763014557 4.0288432763 3.2131844879 
 4.7890617722 3.8661531475 3.0754741745 
 4.6092657954 3.7106147692 2.9443215258 
 4.4368125666 3.5620597827 2.8195211056 
 4.2715474711 3.4202800557 2.7008397897 
 4.1132684643 3.2850333913 2.5880216364 
 3.9617325211 3.1560492421 2.4807926376 
 3.8166621735 3.0330343324 2.3788652890 
 3.6777520190 2.9156781118 2.2819429323 
 3.5446751016 2.8036579781 2.1897238344 
 3.4170890848 2.6966442229 2.1019049789 
 3.2946421540 2.5943046636 2.0181855547 
 3.1769785962 2.4963089391 1.9382701339 
 3.0637440190 2.4023324508 1.8618715342 
 2.9545901794 2.3120599390 1.7887133674 
 2.8491793975 2.2251886863 1.7185322747 
 2.7471885366 2.1414313453 1.6510798530 
 2.6483125344 2.0605183845 1.5861242743 
 2.5522674699 1.9822001515 1.5234516021 
 2.4587931538 1.9062485508 1.4628668073 
 2.3676552313 1.8324583324 1.4041944861 
 2.2786467868 1.7606479922 1.3472792837 
 2.1915894444 1.6906602835 1.2919860266 
 2.1063339596 1.6223623420 1.2381995706 
 2.0227603044 1.5556454317 1.1858243717 
 1.9407772534 1.4904243224 1.1347837914 
 1.8603214843 1.4266363135 1.0850191515 
 1.7813562176 1.3642399283 1.0364885582 
 1.7038694267 1.3032133053 0.9891655173 
 1.6278716592 1.2435523226 0.9430373717 
 1.5533935210 1.1852684958 0.8981035902 
 1.4804828805 1.1283866961 0.8543739460 
 1.4092018597 1.0729427407 0.8118666228 
 1.3396236836 1.0189809082 0.7706062885 
 1.2718294623 0.9665514373 0.7306221793 
 1.2059049836 0.9157080639 0.6919462337 
 1.1419375888 0.8665056507 0.6546113157 
 1.0800132056 0.8189979618 0.6186495628 
 1.0202136012 0.7732356262 0.5840908899 
 0.9626139139 0.7292643292 0.5509616750 
 0.9072805086 0.6871232635 0.5192836467 
 0.8542691923 0.6468438607 0.4890729855 
 0.8036238110 0.6084488154 0.4603396463 
 0.7553752393 0.5719514063 0.4330869006 
 0.7095407585 0.5373551071 0.4073110906 
 0.6661238100 0.5046534731 0.3830015844 
 0.6251140983 0.4738302818 0.3601409116 
 0.5864880108 0.4448599005 0.3387050599 
 0.5502093121 0.4177078468 0.3186639061 
 0.5162300695 0.3923315102 0.2999817572 
 0.4844917586 0.3686809940 0.2826179726 
 0.4549265024 0.3467000452 0.2665276433 
 0.4274583945 0.3263270350 0.2516623010 
 0.4020048623 0.3074959582 0.2379706368 
 0.3784780283 0.2901374234 0.2253992074 
 0.3567860361 0.2741796085 0.2138931132 
 0.3368343093 0.2595491621 0.2033966348 
 0.3185267213 0.2461720349 0.1938538169 
 0.3017666599 0.2339742303 0.1852089938 
 0.2864579730 0.2228824684 0.1774072515 
 0.2725057932 0.2128247587 0.1703948251 
 0.2598172387 0.2037308845 0.1641194333 
 0.2483019935 0.1955328001 0.1585305518 
 0.2378727759 0.1881649478 0.1535796297 
 0.2284457023 0.1815645008 0.1492202550 
 0.2199405576 0.1756715409 0.1454082737 
 0.2122809850 0.1704291787 0.1421018697 
 0.2053946065 0.1657836254 0.1392616111 
 0.1992130850 0.1616842257 0.1368504689 
 0.1936721424 0.1580834581 0.1348338141 
 0.1887115402 0.1549369110 0.1331793974 
 0.1842750348 0.1522032406 0.1318573164 
 0.1803103136 0.1498441166 0.1308399745 
 0.1767689190 0.1478241592 0.1301020335 
 0.1736061651 0.1461108712 0.1296203626 
 0.1707810508 0.1446745685 0.1293739858 
 