1.0909948070 1.2789580331 1.4918631543 
 1.1042906467 1.2940249828 1.5088129158 
 1.1177485483 1.3092642335 1.5259434876 
 1.1314096180 1.3247229716 1.5433086608 
 1.1453160943 1.3404496153 1.5609635550 
 1.1595109877 1.3564933930 1.5789641274 
 1.1740377053 1.3729039038 1.5973666643 
 1.1889396633 1.3897306668 1.6162272578 
 1.2042598923 1.4070226608 1.6356012750 
 1.2200406383 1.4248278614 1.6555428240 
 1.2363229628 1.4431927789 1.6761042231 
 1.2531463471 1.4621620009 1.6973354771 
 1.2705483029 1.4817777460 1.7192837679 
 1.2885639932 1.5020794294 1.7419929613 
 1.3072258671 1.5231032479 1.7655031388 
 1.3265633106 1.5448817853 1.7898501538 
 1.3466023180 1.5674436430 1.8150652211 
 1.3673651850 1.5908130984 1.8411745400 
 1.3888702274 1.6150097954 1.8681989559 
 1.4111315272 1.6400484680 1.8961536639 
 1.4341587093 1.6659387014 1.9250479565 
 1.4579567499 1.6926847314 1.9548850177 
 1.4825258198 1.7202852861 1.9856617673 
 1.5078611641 1.7487334700 2.0173687551 
 1.5339530197 1.7780166936 2.0499901086 
 1.5607865728 1.8081166489 2.0835035332 
 1.5883419577 1.8390093327 2.1178803680 
 1.6165942972 1.8706651181 2.1530856961 
 1.6455137870 1.9030488755 2.1890785093 
 1.6750658232 1.9361201414 2.2258119275 
 1.7052111745 1.9698333377 2.2632334729 
 1.7359061983 2.0041380386 2.3012853949 
 1.7671031007 2.0389792851 2.3399050472 
 1.7987502395 2.0742979465 2.3790253140 
 1.8307924700 2.1100311260 2.4185750822 
 1.8631715308 2.1461126098 2.4584797582 
 1.8958264686 2.1824733556 2.4986618253 
 1.9286940994 2.2190420193 2.5390414385 
 1.9617095034 2.2557455154 2.5795370531 
 1.9948065497 2.2925096072 2.6200660821 
 2.0279184474 2.3292595235 2.6605455783 
 2.0609783187 2.3659205959 2.7008929353 
 2.0939197885 2.4024189111 2.7410266022 
 2.1266775852 2.4386819738 2.7808668049 
 2.1591881464 2.4746393713 2.8203362681 
 2.1913902236 2.5102234347 2.8593609299 
 2.2232254774 2.5453698885 2.8978706419 
 2.2546390575 2.5800184805 2.9357998454 
 2.2855801582 2.6141135840 2.9730882171 
 2.3160025430 2.6476047639 3.0096812732 
 2.3458650296 2.6804472992 3.0455309251 
 2.3751319280 2.7126026519 3.0805959770 
 2.4037734246 2.7440388771 3.1148425579 
 2.4317659058 2.7747309646 3.1482444792 
 2.4590922149 2.8046611075 3.1807835127 
 2.4857418376 2.8338188920 3.2124495821 
 2.5117110124 2.8622014040 3.2432408635 
 2.5370027626 2.8898132491 3.2731637930 
 2.5616268502 2.9166664870 3.3022329781 
 2.5855996498 2.9427804769 3.3304710148 
 2.6089439456 2.9681816394 3.3579082116 
 2.6316886531 2.9929031351 3.3845822241 
 2.6538684720 3.0169844669 3.4105376048 
 2.6755234723 3.0404710103 3.4358252763 
 2.6966986235 3.0634134808 3.4605019348 
 2.7174432720 3.0858673451 3.4846293933 
 2.7378105764 3.1078921860 3.5082738752 
 2.7578569077 3.1295510314 3.5315052684 
 2.7776412251 3.1509096550 3.5543963510 
 2.7972244349 3.1720358620 3.5770220007 
 2.8166687422 3.1929987664 3.5994583971 
 2.8360370035 3.2138680728 3.6217822298 
 2.8553920889 3.2347133683 3.6440699203 
 2.8747962606 3.2556034358 3.6663968682 
 2.8943105747 3.2766055944 3.6888367294 
 2.9139943135 3.2977850744 3.7114607337 
 2.9339044508 3.3192044320 3.7343370490 
 2.9540951577 3.3409230095 3.7575301954 
 2.9746173502 3.3629964432 3.7811005153 
 2.9955182819 3.3854762232 3.8051037010 
 3.0168411838 3.4084093072 3.8295903830 
 3.0386249526 3.4318377878 3.8546057793 
 3.0609038881 3.4557986162 3.8801894072 
 3.0837074784 3.4803233797 3.9063748552 
 3.1070602348 3.5054381347 3.9331896164 
 3.1309815736 3.5311632919 3.9606549806 
 3.1554857443 3.5575135531 3.9887859831 
 3.1805818026 3.5844978989 4.0175914079 
 3.2062736269 3.6121196223 4.0470738439 
 3.2325599763 3.6403764095 4.0772297898 
 3.2594345868 3.6692604621 4.1080498059 
 3.2868863067 3.6987586612 4.1395187094 
 3.3148992656 3.7288527683 4.1716158099 
 3.3434530774 3.7595196629 4.2043151832 
 3.3725230732 3.7907316110 4.2375859781 
 3.4020805639 3.8224565655 4.2713927560 
 3.4320931271 3.8546584922 4.3056958568 
 3.4625249196 3.8872977209 4.3404517905 
 3.4933370091 3.9203313182 4.3756136504 
 3.5244877257 3.9537134776 4.4111315433 
 3.5559330280 3.9873959263 4.4469530354 
 3.5876268831 4.0213283432 4.4830236089 
 3.6195216553 4.0554587861 4.5192871262 
 3.6515685024 4.0897341250 4.5556862984 
 3.6837177756 4.1241004764 4.5921631537 
 3.7159194194 4.1585036371 4.6286595028 
 3.7481233690 4.1928895137 4.6651173977 
 3.7802799420 4.2272045425 4.7014795787 
 3.8123402202 4.2613960990 4.7376899089 
 3.8442564196 4.2954128918 4.7736937897 
 3.8759822452 4.3292053394 4.8094385567 
 3.9074732267 4.3627259248 4.8448738514 
 3.9386870349 4.3959295275 4.8799519664 
 3.9695837739 4.4287737296 4.9146281624 
 4.0001262489 4.4612190931 4.9488609537 
 4.0302802068 4.4932294088 4.9826123625 
 4.0600145490 4.5247719132 5.0158481386 
 4.0893015156 4.5558174750 5.0485379462 
 4.1181168397 4.5863407487 5.0806555152 
 4.1464398723 4.6163202968 5.1121787598 
 4.1742536782 4.6457386809 5.1430898627 
 4.2015451035 4.6745825215 5.1733753277 
 4.2283048148 4.7028425296 5.2030260014 
 4.2545273137 4.7305135098 5.2320370662 
 4.2802109253 4.7575943386 5.2604080061 
 4.3053577648 4.7840879179 5.2881425489 
 4.3299736834 4.8100011083 5.3152485856 
 4.3540681951 4.8353446420 5.3417380707 
 4.3776543871 4.8601330202 5.3676269057 
 4.4007488163 4.8843843950 5.3929348085 
 4.4233713924 4.9081204395 5.4176851702 
 4.4455452515 4.9313662080 5.4419049026 
 4.4672966207 4.9541499876 5.4656242782 
 4.4886546750 4.9765031428 5.4888767636 
 4.5096513892 4.9984599562 5.5116988486 
 4.5303213847 5.0200574635 5.5341298722 
 4.5507017721 5.0413352860 5.5562118451 
 4.5708319909 5.0623354607 5.5779892712 
 4.5907536455 5.0831022664 5.5995089653 
 4.6105103389 5.1036820487 5.6208198703 
 4.6301475016 5.1241230409 5.6419728706 
 4.6497122180 5.1444751811 5.6630206021 
 4.6692530474 5.1647899260 5.6840172582 
 4.6888198397 5.1851200575 5.7050183895 
 4.7084635450 5.2055194844 5.7260806975 
 4.7282360148 5.2260430346 5.7472618194 
 4.7481897956 5.2467462397 5.7686201035 
 4.7683779118 5.2676851076 5.7902143733 
 4.7888536377 5.2889158846 5.8121036792 
 4.8096702572 5.3104948037 5.8343470366 
 4.8308808106 5.3324778187 5.8570031481 
 4.8525378263 5.3549203237 5.8801301106 
 4.8746930380 5.3778768558 5.9037851044 
 4.8973970861 5.4014007813 5.9280240649 
 4.9206992022 5.4255439648 5.9529013362 
 4.9446468779 5.4503564206 5.9784693062 
 4.9692855168 5.4758859468 6.0047780231 
 4.9946580698 5.5021777426 6.0318747943 
 5.0208046560 5.5292740085 6.0598037685 
 5.0477621674 5.5572135324 6.0886055010 
 5.0755638619 5.5860312604 6.1183165054 
 5.1042389436 5.6157578570 6.1489687925 
 5.1338121341 5.6464192547 6.1805893996 
 5.1643032374 5.6780361974 6.2131999128 
 5.1957267007 5.7106237799 6.2468159859 
 5.2280911759 5.7441909883 6.2814468602 
 5.2613990855 5.7787402455 6.3170948905 
 5.2956461977 5.8142669670 6.3537550815 
 5.3308212172 5.8507591325 6.3914146419 
 5.3669053965 5.8881968807 6.4300525630 
 5.4038721756 5.9265521340 6.4696392288 
 5.4416868575 5.9657882605 6.5101360657 
 5.4803063267 6.0058597827 6.5514952422 
 5.5196788205 6.0467121413 6.5936594264 
 5.5597437604 6.0882815232 6.6365616121 
 5.6004316548 6.1304947651 6.6801250235 
 5.6416640809 6.1732693402 6.7242631098 
 5.6833537563 6.2165134403 6.7688796395 
 5.7254047082 6.2601261617 6.8138689043 
 5.7677125507 6.3039978038 6.8591160439 
 5.8101648767 6.3480102906 6.9044974984 
 5.8526417720 6.3920377202 6.9498815982 
 5.8950164571 6.4359470497 6.9951292956 
 5.9371560607 6.4795989185 7.0400950436 
 5.9789225271 6.5228486133 7.0846278218 
 6.0201736569 6.5655471720 7.1285723115 
 6.0607642779 6.6075426254 7.1717702118 
 6.1005475414 6.6486813690 7.2140616935 
 6.1393763344 6.6888096551 7.2552869765 
 6.1771047972 6.7277751935 7.2952880180 
 6.2135899300 6.7654288429 7.3339102931 
 6.2486932733 6.8016263753 7.3710046453 
 6.2822826394 6.8362302895 7.4064291834 
 6.3142338749 6.8691116510 7.4400511970 
 6.3444326273 6.9001519292 7.4717490610 
 6.3727760926 6.9292448072 7.5014140997 
 6.3991747156 6.9562979328 7.5289523793 
 6.4235538180 6.9812345857 7.5542863993 
 6.4458551294 7.0039952326 7.5773566549 
 6.4660381977 7.0245389480 7.5981230463 
 6.4840816573 7.0428446777 7.6165661125 
 6.4999843401 7.0589123304 7.6326880757 
 6.5137662136 7.0727636828 7.6465136827 
 6.5254691372 7.0844430920 7.6580908415 
 6.5351574322 7.0940180125 7.6674910512 
 6.5429182640 7.1015793192 7.6748096335 
 6.5488618405 7.1072414439 7.6801657758 
 6.5531214318 7.1111423354 7.6837024027 
 6.5558532230 7.1134432562 7.6855858927 
 6.5572360094 7.1143284311 7.6860056608 
 6.5574707470 7.1140045631 7.6851736259 
 6.5567799716 7.1127002306 7.6833235813 
 6.5554070950 7.1106651790 7.6807104826 
 6.5536155898 7.1081695159 7.6776096645 
 6.5516880666 7.1055028156 7.6743159896 
 6.5499252461 7.1029731326 7.6711429285 
 6.5486448243 7.1009059191 7.6684215639 
 6.5481802232 7.0996428368 7.6664995012 
 6.5488792155 7.0995404464 7.6657396663 
 6.5511024077 7.1009687527 7.6665189609 
 6.5552215601 7.1043095812 7.6692267433 
 6.5616177194 7.1099547536 7.6742630968 
 6.5706791370 7.1183040297 7.6820368441 
 6.5827989399 7.1297627798 7.6929632653 
 6.5983725231 7.1447393483 7.7074614745 
 6.6177946285 7.1636420702 7.7259514090 
 6.6414560746 7.1868759007 7.7488503882 
 6.6697401032 7.2148386198 7.7765691969 
 6.7030183099 7.2479165754 7.8095076536 
 6.7416461283 7.2864799310 7.8480496257 
 6.7859578423 7.3308773899 7.8925574577 
 6.8362611096 7.3814303740 7.9433657879 
 6.8928309862 7.4384266430 8.0007747337 
 6.9559034572 7.5021133562 8.0650424410 
 7.0256684958 7.5726895909 8.1363770063 
 7.1022626919 7.6502983553 8.2149278034 
 7.1857615216 7.7350181612 8.3007762694 
 7.2761713607 7.8268542534 8.3939262451 
 7.3734213852 7.9257296382 8.4942940034 
 7.4773555482 8.0314760997 8.6016981560 
 7.5877248815 8.1438254574 8.7158496957 
 7.7041804249 8.2624013844 8.8363425082 
 7.8262671631 8.3867121884 8.9626447820 
 7.9534194137 8.5161450440 9.0940918492 
 8.0849581923 8.6499622561 9.2298811038 
 8.2200911442 8.7873002308 9.3690697666 
 8.3579156949 8.9271719118 9.5105763814 
 8.4974261109 9.0684735120 9.6531870292 
 8.6375251660 9.2099963987 9.7955673174 
 8.7770410678 9.3504449754 9.9362812096 
 8.9147501900 9.4884613080 10.0738176906 
 9.0494059604 9.6226570447 10.2066260643 
 9.1797739605 9.7516528604 10.3331603362 
 9.3046728834 9.8741251884 10.4519326003 
 9.4230204661 9.9888593809 10.5615746189 
 9.5338828909 10.0948076796 10.6609058592 
 9.6365254497 10.1911495074 10.7490051736 
 9.7304615668 10.2773506962 10.8252821664 
 9.8154966500 10.3532174361 10.8895432095 
 9.8917628008 10.4189401138 10.9420462294 
 9.9597402701 10.4751219475 10.9835379792 
 10.0202618033 10.5227875596 11.0152677254 
 10.0744967428 10.5633674582 11.0389722386 
 10.1239129647 10.5986558408 11.0568287306 
 10.1702163570 10.6307411243 11.0713748213 
 10.2152694702 10.6619109670 11.0853975245 
 10.2609929854 10.6945360266 11.1017962841 
 10.3092555237 10.7309389986 11.1234278705 
 10.3617588274 10.7732573099 11.1529431238 
 10.4199262955 10.8233089789 11.1926268183 
 10.4848031124 10.8824714514 11.2442522015 
 10.5569757406 10.9515826539 11.3089610236 
 10.6365173632 11.0308721316 11.3871782422 
 10.7229640717 11.1199280640 11.4785682178 
 10.8153243190 11.2177033632 11.5820363032 
 10.9121215997 11.3225611222 11.6957764684 
 11.0114676708 11.4323566330 11.8173621737 
 11.1111611417 11.5445502697 11.9438743634 
 11.2088041866 11.6563430196 12.0720574672 
 11.3019287004 11.7648246155 12.1984920023 
 11.3881226188 11.8671233304 12.3197710705 
 11.4651474334 11.9605466725 12.4326679800 
 11.5310391307 12.0427034802 12.5342834533 
 11.5841866969 12.1116000975 12.6221632888 
 11.6233847015 12.1657061069 12.6943805849 
 11.6478589752 12.2039881264 12.7495802604 
 11.6572667225 12.2259130336 12.7869871059 
 11.6516742909 12.2314243304 12.8063815370 
 11.6315171120 12.2208969950 12.8080493042 
 11.5975469710 12.1950770002 12.7927125151 
 11.5507718119 12.1550117661 12.7614494955 
 11.4923928542 12.1019773025 12.7156104302 
 11.4237430377 12.0374068733 12.6567346146 
 11.3462298870 11.9628248801 12.5864737689 
 11.2612849211 11.8797884851 12.5065244333 
 11.1703208385 11.7898384031 12.4185711365 
 11.0746969443 11.6944593720 12.3242409135 
 10.9756926818 11.5950500897 12.2250688863 
 10.8744886990 11.4929018992 12.1224740166 
 10.7721546016 11.3891851776 12.0177437662 
 10.6696423933 11.2849422274 11.9120262195 
 10.5677845587 11.1810854221 11.8063281846 
 10.4672957756 11.0783994095 11.7015178623 
 10.3687773207 10.9775462802 11.5983308024 
 10.2727233476 10.8790727480 11.4973780437 
 10.1795283410 10.7834185460 11.3991555187 
 10.0894951825 10.6909253969 11.3040539953 
 10.0028433904 10.6018460680 11.2123690047 
 9.9197172122 10.5163531603 11.1243103653 
 9.8401933530 10.4345473971 11.0400110568 
 9.7642882115 10.3564652884 10.9595353151 
 9.6919645707 10.2820861247 10.8828859192 
 9.6231377451 10.2113383245 10.8100107138 
 9.5576812322 10.1441052055 10.7408084675 
 9.4954319413 10.0802302806 10.6751342001 
 9.4361950887 10.0195221953 10.6128041269 
 9.3797488519 9.9617594242 10.5536003703 
 9.3258488658 9.9066948352 10.4972755740 
 9.2742326323 9.8540602092 10.4435575287 
 9.2246238919 9.8035707774 10.3921538890 
 9.1767369825 9.7549298100 10.3427570219 
 9.1302811858 9.7078332567 10.2950489894 
 9.0849650379 9.6619744118 10.2487066329 
 9.0405005574 9.6170485481 10.2034066920 
 8.9966073316 9.5727574469 10.1588308684 
 8.9530163863 9.5288137328 10.1146707246 
 8.9094737608 9.4849449191 10.0706323017 
 8.8657437108 9.4408970669 10.0264403381 
 8.8216114686 9.3964379717 9.9818419816 
 8.7768855004 9.3513598023 9.9366099028 
 8.7313992162 9.3054811365 9.8905447385 
 8.6850121068 9.2586483573 9.8434768198 
 8.6376103005 9.2107364000 9.7952671674 
 8.5891065508 9.1616488585 9.7458077609 
 8.5394396863 9.1113174844 9.6950211179 
 8.4885735683 9.0597011276 9.6428592377 
 8.4364956132 9.0067841867 9.5893019834 
 8.3832149510 8.9525746435 9.5343549902 
 8.3287602916 8.8971017671 9.4780471941 
 8.2731775762 8.8404135740 9.4204280808 
 8.2165274916 8.7825741302 9.3615647517 
 8.1588829183 8.7236607779 9.3015389001 
 8.1003263809 8.6637613616 9.2404437841 
 8.0409475597 8.6029715212 9.1783812694 
 7.9808409158 8.5413921086 9.1154590083 
 7.9201034706 8.4791267751 9.0517878055 
 7.8588327739 8.4162797654 8.9874792111 
 7.7971250831 8.3529539439 8.9226433699 
 7.7350737698 8.2892490698 8.8573871424 
 7.6727679613 8.2252603295 8.7918125094 
 7.6102914173 8.1610771252 8.7260152558 
 7.5477216381 8.0967821155 8.6600839294 
 7.4851291935 8.0324504959 8.5940990618 
 7.4225772603 7.9681495044 8.5281326325 
 7.3601213519 7.9039381350 8.4622477593 
 7.2978092223 7.8398670384 8.3964985906 
 7.2356809250 7.7759785902 8.3309303775 
 7.1737690078 7.7123071028 8.2655797031 
 7.1120988232 7.6488791634 8.2004748431 
 7.0506889356 7.5857140723 8.1356362387 
 6.9895516061 7.5228243665 8.0710770571 
 6.9286933379 7.4602164061 8.0068038204 
 6.8681154654 7.3978910070 7.9428170849 
 6.8078147716 7.3358441042 7.8791121520 
 6.7477841208 7.2740674301 7.8156797950 
 6.6880130926 7.2125491952 7.7525069890 
 6.6284886077 7.1512747581 7.6895776299 
 6.5691955342 7.0902272765 7.6268732315 
 6.5101172675 7.0293883284 7.5643735927 
 6.4512362759 6.9687384967 7.5020574248 
 6.3925346061 6.9082579120 7.4399029342 
 6.3339943446 6.8479267470 7.3778883533 
 6.2755980311 6.7877256604 7.3159924184 
 6.2173290224 6.7276361873 7.2541947892 
 6.1591718047 6.6676410750 7.1924764105 
 6.1011122548 6.6077245631 7.1308198144 
 6.0431378499 6.5478726100 7.0692093649 
 5.9852378295 6.4880730665 7.0076314452 
 5.9274033078 6.4283157978 6.9460745909 
 5.8696273438 6.3685927587 6.8845295720 
 5.8119049686 6.3088980240 6.8229894265 
 5.7542331750 6.2492277784 6.7614494517 
 5.6966108743 6.1895802699 6.6999071550 
 5.6390388224 6.1299557316 6.6383621714 
 5.5815195204 6.0703562762 6.5768161514 
 5.5240570948 6.0107857669 6.5152726233 
 5.4666571601 5.9512496713 6.4537368379 
 5.4093266686 5.8917549003 6.3922155960 
 5.3520737516 5.8323096385 6.3307170675 
 5.2949075550 5.7729231682 6.2692506034 
 5.2378380735 5.7136056915 6.2078265459 
 5.1808759856 5.6543681546 6.1464560401 
 5.1240324934 5.5952220757 6.0851508504 
 5.0673191680 5.5361793796 6.0239231843 
 5.0107478044 5.4772522428 5.9627855259 
 4.9543302856 5.4184529481 5.9017504814 
 4.8980784589 5.3597937521 5.8408306377 
 4.8420040244 5.3012867666 5.7800384356 
 4.7861184368 5.2429438533 5.7193860574 
 4.7304328205 5.1847765334 5.6588853314 
 4.6749578986 5.1267959117 5.5985476503 
 4.6197039345 5.0690126151 5.5383839066 
 4.5646806877 5.0114367449 5.4784044416 
 4.5098973806 4.9540778425 5.4186190098 
 4.4553626785 4.8969448674 5.3590367556 
 4.4010846786 4.8400461872 5.2996662032 
 4.3470709107 4.7833895780 5.2405152578 
 4.2933283455 4.7269822336 5.1815912163 
 4.2398634106 4.6708307844 5.1229007874 
 4.1866820141 4.6149413217 5.0644501192 
 4.1337895728 4.5593194293 5.0062448332 
 4.0811910450 4.5039702195 4.9482900632 
 4.0288909672 4.4488983720 4.8905904984 
 3.9768934927 4.3941081767 4.8331504292 
 3.9252024322 4.3396035771 4.7759737944 
 3.8738212940 4.2853882144 4.7190642296 
 3.8227533254 4.2314654721 4.6624251147 
 3.7720015520 4.1778385189 4.6060596214 
 3.7215688164 4.1245103501 4.5499707576 
 3.6714578141 4.0714838274 4.4941614105 
 3.6216711275 4.0187617148 4.4386343862 
 3.5722112565 3.9663467126 4.3833924462 
 3.5230806466 3.9142414873 4.3284383401 
 3.4742817130 3.8624486979 4.2737748340 
 3.4258168614 3.8109710188 4.2194047359 
 3.3776885060 3.7598111585 4.1653309156 
 3.3298990825 3.7089718743 4.1115563210 
 3.2824510594 3.6584559841 4.0580839910 
 3.2353469445 3.6082663733 4.0049170629 
 3.1885892891 3.5584059994 3.9520587777 
 3.1421806890 3.5088778928 3.8995124802 
 3.0961237829 3.4596851544 3.8472816177 
 3.0504212481 3.4108309513 3.7953697336 
 3.0050757944 3.3623185090 3.7437804604 
 2.9600901557 3.3141511029 3.6925175090 
 2.9154670808 3.2663320468 3.6415846568 
 2.8712093222 3.2188646807 3.5909857338 
 2.8273196244 3.1717523576 3.5407246079 
 2.7838007114 3.1249984292 3.4908051692 
 2.7406552738 3.0786062314 3.4412313138 
 2.6978859563 3.0325790698 3.3920069271 
 2.6554953446 2.9869202049 3.3431358682 
 2.6134859536 2.9416328384 3.2946219532 
 2.5718602151 2.8967200997 3.2464689409 
 2.5306204676 2.8521850329 3.1986805178 
 2.4897689458 2.8080305859 3.1512602853 
 2.4493077717 2.7642595992 3.1042117477 
 2.4092389475 2.7208747975 3.0575383012 
 2.3695643481 2.6778787812 3.0112432252 
 2.3302857166 2.6352740203 2.9653296742 
 2.2914046598 2.5930628491 2.9198006720 
 2.2529226457 2.5512474628 2.8746591071 
 2.2148410020 2.5098299152 2.8299077294 
 2.1771609157 2.4688121177 2.7855491489 
 2.1398834337 2.4281958393 2.7415858353 
 2.1030094651 2.3879827087 2.6980201192 
 2.0665397836 2.3481742164 2.6548541943 
 2.0304750312 2.3087717183 2.6120901211 
 1.9948157226 2.2697764400 2.5697298304 
 1.9595622500 2.2311894818 2.5277751295 
 1.9247148884 2.1930118241 2.4862277066 
 1.8902738018 2.1552443336 2.4450891381 
 1.8562390483 2.1178877692 2.4043608942 
 1.8226105870 2.0809427886 2.3640443461 
 1.7893882833 2.0444099543 2.3241407722 
 1.7565719155 2.0082897400 2.2846513650 
 1.7241611795 1.9725825365 2.2455772371 
 1.6921556950 1.9372886573 2.2069194271 
 1.6605550099 1.9024083436 2.1686789050 
 1.6293586049 1.8679417691 2.1308565771 
 1.5985658971 1.8338890437 2.0934532899 
 1.5681762437 1.8002502171 2.0564698336 
 1.5381889444 1.7670252812 2.0199069446 
 1.5086032431 1.7342141723 1.9837653073 
 1.4794183299 1.7018167717 1.9480455552 
 1.4506333414 1.6698329066 1.9127482704 
 1.4222473605 1.6382623495 1.8778739835 
 1.3942594163 1.6071048170 1.8434231714 
 1.3666684827 1.5763599684 1.8093962551 
 1.3394734765 1.5460274028 1.7757935965 
 1.3126732556 1.5161066567 1.7426154949 
 1.2862666160 1.4865971999 1.7098621817 
 1.2602522887 1.4574984320 1.6775338165 
 1.2346289368 1.4288096777 1.6456304806 
 1.2093951516 1.4005301827 1.6141521720 
 1.1845494488 1.3726591082 1.5830987988 
 1.1600902648 1.3451955263 1.5524701732 
 1.1360159532 1.3181384153 1.5222660051 
 1.1123247802 1.2914866539 1.4924858956 
 1.0890149217 1.2652390173 1.4631293310 
 1.0660844596 1.2393941719 1.4341956770 
 1.0435313785 1.2139506714 1.4056841725 
 1.0213535630 1.1889069523 1.3775939246 
 0.9995487952 1.1642613310 1.3499239036 
 0.9781147523 1.1400120001 1.3226729389 
 0.9570490057 1.1161570263 1.2958397150 
 0.9363490190 1.0926943480 1.2694227683 
 0.9160121485 1.0696217741 1.2434204852 
 0.8960356420 1.0469369833 1.2178310998 
 0.8764166403 1.0246375241 1.1926526932 
 0.8571521778 1.0027208149 1.1678831934 
 0.8382391844 0.9811841457 1.1435203760 
 0.8196744876 0.9600246799 1.1195618650 
 0.8014548153 0.9392394566 1.0960051357 
 0.7835767991 0.9188253940 1.0728475170 
 0.7660369781 0.8987792931 1.0500861952 
 0.7488318034 0.8790978421 1.0277182182 
 0.7319576423 0.8597776210 1.0057405007 
 0.7154107838 0.8408151073 0.9841498292 
 0.6991874436 0.8222066817 0.9629428684 
 0.6832837705 0.8039486339 0.9421161675 
 0.6676958517 0.7860371697 0.9216661675 
 0.6524197192 0.7684684173 0.9015892080 
 0.6374513561 0.7512384343 0.8818815350 
 0.6227867034 0.7343432151 0.8625393088 
 0.6084216656 0.7177786979 0.8435586119 
 0.5943521182 0.7015407720 0.8249354568 
 0.5805739131 0.6856252852 0.8066657943 
 0.5670828856 0.6700280506 0.7887455215 
 0.5538748605 0.6547448539 0.7711704893 
 0.5409456575 0.6397714602 0.7539365108 
 0.5282910979 0.6251036206 0.7370393681 
 0.5159070091 0.6107370785 0.7204748198 
 0.5037892306 0.5966675757 0.7042386080 
 0.4919336184 0.5828908581 0.6883264648 
 0.4803360498 0.5694026810 0.6727341181 
 0.4689924277 0.5561988142 0.6574572976 
 0.4578986841 0.5432750461 0.6424917400 
 0.4470507838 0.5306271885 0.6278331937 
 0.4364447274 0.5182510796 0.6134774232 
 0.4260765541 0.5061425875 0.5994202126 
 0.4159423437 0.4942976133 0.5856573691 
 0.4060382189 0.4827120929 0.5721847260 
 0.3963603466 0.4713819992 0.5589981445 
 0.3869049393 0.4603033440 0.5460935160 
 0.3776682555 0.4494721784 0.5334667632 
 0.3686466010 0.4388845941 0.5211138413 
 0.3598363283 0.4285367239 0.5090307384 
 0.3512338371 0.4184247414 0.4972134759 
 0.3428355740 0.4085448609 0.4856581079 
 0.3346380317 0.3988933374 0.4743607216 
 0.3266377482 0.3894664652 0.4633174355 
 0.3188313066 0.3802605778 0.4525243995 
 0.3112153331 0.3712720460 0.4419777931 
 0.3037864965 0.3624972776 0.4316738245 
 0.2965415069 0.3539327155 0.4216087287 
 0.2894771141 0.3455748365 0.4117787669 
 0.2825901064 0.3374201501 0.4021802240 
 0.2758773095 0.3294651969 0.3928094080 
 0.2693355847 0.3217065474 0.3836626479 
 0.2629618279 0.3141408007 0.3747362927 
 0.2567529684 0.3067645829 0.3660267098 
 0.2507059676 0.2995745466 0.3575302841 
 0.2448178177 0.2925673693 0.3492434166 
 0.2390855414 0.2857397526 0.3411625240 
 0.2335061903 0.2790884220 0.3332840378 
 0.2280768446 0.2726101253 0.3256044037 
 0.2227946124 0.2663016333 0.3181200813 
 0.2176566292 0.2601597386 0.3108275446 
 0.2126600577 0.2541812563 0.3037232812 
 0.2078020876 0.2483630236 0.2968037938 
 0.2030799357 0.2427019002 0.2900656000 
 0.1984908458 0.2371947691 0.2835052335 
 0.1940320891 0.2318385369 0.2771192450 
 0.1897009647 0.2266301345 0.2709042037 
 0.1854948003 0.2215665188 0.2648566985 
 0.1814109524 0.2166446729 0.2589733400 
 0.1774468073 0.2118616080 0.2532507618 
 0.1735997823 0.2072143645 0.2476856229 
 0.1698673263 0.2027000135 0.2422746095 
 0.1662469210 0.1983156584 0.2370144374 
 0.1627360817 0.1940584367 0.2319018543 
 0.1593323590 0.1899255213 0.2269336417 
 0.1560333396 0.1859141228 0.2221066181 
 0.1528366476 0.1820214905 0.2174176407 
 0.1497399458 0.1782449149 0.2128636081 
 0.1467409367 0.1745817289 0.2084414630 
 0.1438373636 0.1710293099 0.2041481939 
 0.1410270120 0.1675850808 0.1999808380 
 0.1383077104 0.1642465126 0.1959364832 
 0.1356773314 0.1610111246 0.1920122703 
 0.1331337924 0.1578764868 0.1882053947 
 0.1306750565 0.1548402207 0.1845131086 
 0.1282991329 0.1519000003 0.1809327226 
 0.1260040775 0.1490535533 0.1774616070 
 0.1237879935 0.1462986616 0.1740971935 
 0.1216490310 0.1436331624 0.1708369760 
 0.1195853873 0.1410549479 0.1676785119 
 0.1175953068 0.1385619661 0.1646194222 
 0.1156770805 0.1361522205 0.1616573927 
 0.1138290451 0.1338237701 0.1587901737 
 0.1120495827 0.1315747289 0.1560155803 
 0.1103371195 0.1294032652 0.1533314921 
 0.1086901246 0.1273076009 0.1507358527 
 0.1071071088 0.1252860106 0.1482266690 
 0.1055866227 0.1233368197 0.1458020104 
 0.1041272550 0.1214584039 0.1434600076 
 0.1027276306 0.1196491869 0.1411988511 
 0.1013864082 0.1179076387 0.1390167901 
 0.1001022785 0.1162322737 0.1369121301 
 0.0988739609 0.1146216487 0.1348832317 
 0.0977002020 0.1130743605 0.1329285081 
 0.0965797719 0.1115890433 0.1310464229 
 0.0955114621 0.1101643669 0.1292354882 
 0.0944940828 0.1087990335 0.1274942619 
 0.0935264595 0.1074917758 0.1258213452 
 0.0926074311 0.1062413537 0.1242153805 
 0.0917358466 0.1050465528 0.1226750486 
 0.0909105628 0.1039061809 0.1211990662 
 0.0901304420 0.1028190664 0.1197861838 
 0.0893943494 0.1017840557 0.1184351829 
 0.0887011515 0.1008000114 0.1171448743 
 0.0880497143 0.0998658101 0.1159140956 
 0.0874389016 0.0989803409 0.1147417092 
 0.0868675742 0.0981425042 0.1136266010 
 0.0863345894 0.0973512102 0.1125676785 
 0.0858388001 0.0966053784 0.1115638694 
 0.0853790556 0.0959039370 0.1106141211 
 0.0849542021 0.0952458228 0.1097173991 
 0.0845630836 0.0946299814 0.1088726874 
 0.0842045437 0.0940553681 0.1080789876 
 0.0838774278 0.0935209485 0.1073353194 
 0.0835805857 0.0930257003 0.1066407212 
 0.0833128747 0.0925686149 0.1059942504 
 0.0830731631 0.0921486995 0.1053949846 
 0.0828603346 0.0917649800 0.1048420234 
 0.0826732924 0.0914165032 0.1043344895 
 0.0825109641 0.0911023406 0.1038715308 
 0.0823723070 0.0908215914 0.1034523227 
 0.0822563132 0.0905733864 0.1030760703 
 0.0821620152 0.0903568915 0.1027420112 
 0.0820884918 0.0901713119 0.1024494178 
 0.0820348734 0.0900158962 0.1021976006 
 0.0820003477 0.0898899398 0.1019859109 
 0.0819841654 0.0897927898 0.1018137436 
 0.0819856449 0.0897238480 0.1016805408 
 0.0820041777 0.0896825753 0.1015857939 
 0.0820392326 0.0896684947 0.1015290472 
 0.0820903602 0.0896811950 0.1015099002 
 0.0821571956 0.0897203334 0.1015280107 
 0.0822394621 0.0897856385 0.1015830968 
 0.0823369733 0.0898769119 0.1016749395 
 0.0824496346 0.0899940306 0.1018033850 
 0.0825774440 0.0901369484 0.1019683459 
 0.0827204929 0.0903056964 0.1021698038 
 0.0828789650 0.0905003840 0.1024078099 
 0.0830531356 0.0907211987 0.1026824867 
 0.0832433694 0.0909684060 0.1029940288 
 0.0834501184 0.0912423485 0.1033427036 
 0.0836739189 0.0915434453 0.1037288519 
 0.0839153875 0.0918721899 0.1041528885 
 0.0841752179 0.0922291491 0.1046153021 
 0.0844541759 0.0926149610 0.1051166552 
 0.0847530952 0.0930303327 0.1056575846 
 0.0850728724 0.0934760383 0.1062388007 
 0.0854144623 0.0939529163 0.1068610876 
 0.0857788726 0.0944618675 0.1075253026 
 0.0861671594 0.0950038523 0.1082323755 
 0.0865804222 0.0955798888 0.1089833091 
 0.0870197992 0.0961910498 0.1097791776 
 0.0874864635 0.0968384616 0.1106211273 
 0.0879816184 0.0975233009 0.1115103752 
 0.0885064944 0.0982467939 0.1124482090 
 0.0890623455 0.0990102138 0.1134359863 
 0.0896504471 0.0998148796 0.1144751342 
 0.0902720926 0.1006621548 0.1155671485 
 0.0909285926 0.1015534457 0.1167135931 
 0.0916212729 0.1024902007 0.1179160985 
 0.0923514735 0.1034739092 0.1191763614 
 0.0931205480 0.1045061003 0.1204961430 
 0.0939298637 0.1055883423 0.1218772672 
 0.0947808011 0.1067222414 0.1233216192 
 0.0956747547 0.1079094407 0.1248311426 
 0.0966131331 0.1091516192 0.1264078372 
 0.0975973599 0.1104504902 0.1280537552 
 0.0986288744 0.1118077996 0.1297709979 
 0.0997091318 0.1132253243 0.1315617113 
 0.1008396040 0.1147048692 0.1334280807 
 0.1020217796 0.1162482650 0.1353723257 
 0.1032571641 0.1178573645 0.1373966929 
 0.1045472789 0.1195340385 0.1395034496 
 0.1058936608 0.1212801718 0.1416948754 
 0.1072978600 0.1230976575 0.1439732536 
 0.1087614379 0.1249883913 0.1463408617 
 0.1102859644 0.1269542650 0.1487999614 
 0.1118730140 0.1289971589 0.1513527875 
 0.1135241612 0.1311189343 0.1540015362 
 0.1152409756 0.1333214245 0.1567483536 
 0.1170250157 0.1356064262 0.1595953225 
 0.1188778220 0.1379756893 0.1625444503 
 0.1208009101 0.1404309071 0.1655976555 
 0.1227957623 0.1429737066 0.1687567551 
 0.1248638198 0.1456056376 0.1720234521 
 0.1270064737 0.1483281631 0.1753993230 
 0.1292250563 0.1511426493 0.1788858068 
 0.1315208331 0.1540503564 0.1824841944 
 0.1338949940 0.1570524306 0.1861956194 
 0.1363486458 0.1601498964 0.1900210511 
 0.1388828058 0.1633436509 0.1939612882 
 0.1414983954 0.1666344595 0.1980169560 
 0.1441962366 0.1700229532 0.2021885050 
 0.1469770486 0.1735096288 0.2064762125 
 0.1498414471 0.1770948505 0.2108801876 
 0.1527899461 0.1807788548 0.2154003792 
 0.1558229605 0.1845617578 0.2200365866 
 0.1589408130 0.1884435657 0.2247884749 
 0.1621437421 0.1924241880 0.2296555928 
 0.1654319137 0.1965034541 0.2346373948 
 0.1688054353 0.2006811327 0.2397332669 
 0.1722643724 0.2049569547 0.2449425553 
 0.1758087681 0.2093306388 0.2502645992 
 0.1794386656 0.2138019195 0.2556987662 
 0.1831541319 0.2183705786 0.2612444913 
 0.1869552855 0.2230364785 0.2669013173 
 0.1908423243 0.2277995975 0.2726689391 
 0.1948155563 0.2326600673 0.2785472481 
 0.1988754312 0.2376182109 0.2845363790 
 0.2030225731 0.2426745822 0.2906367566 
 0.2072578139 0.2478300056 0.2968491438 
 0.2115822262 0.2530856154 0.3031746879 
 0.2159971564 0.2584428946 0.3096149668 
 0.2205042573 0.2639037128 0.3161720332 
 0.2251055183 0.2694703617 0.3228484568 
 0.2298032953 0.2751455890 0.3296473626 
 0.2346003371 0.2809326287 0.3365724670 
 0.2394998098 0.2868352288 0.3436281083 
 0.2445053179 0.2928576745 0.3508192732 
 0.2496209218 0.2990048069 0.3581516174 
 0.2548511511 0.3052820370 0.3656314801 
 0.2602010135 0.3116953541 0.3732658917 
 0.2656759988 0.3182513278 0.3810625749 
 0.2712820779 0.3249571046 0.3890299370 
 0.2770256955 0.3318203963 0.3971770548 
 0.2829137578 0.3388494629 0.4055136508 
 0.2889536129 0.3460530860 0.4140500599 
 0.2951530255 0.3534405361 0.4227971872 
 0.3015201446 0.3610215307 0.4317664555 
 0.3080634638 0.3688061847 0.4409697443 
 0.3147917754 0.3768049522 0.4504193172 
 0.3217141167 0.3850285596 0.4601277404 
 0.3288397091 0.3934879306 0.4701077913 
 0.3361778908 0.4021941032 0.4803723571 
 0.3437380420 0.4111581379 0.4909343240 
 0.3515295033 0.4203910185 0.5018064580 
 0.3595614886 0.4299035464 0.5130012772 
 0.3678429913 0.4397062270 0.5245309166 
 0.3763826856 0.4498091518 0.5364069869 
 0.3851888237 0.4602218741 0.5486404276 
 0.3942691289 0.4709532825 0.5612413565 
 0.4036306861 0.4820114705 0.5742189168 
 0.4132798313 0.4934036061 0.5875811238 
 0.4232220405 0.5051358012 0.6013347122 
 0.4334618203 0.5172129837 0.6154849880 
 0.4440026007 0.5296387729 0.6300356845 
 0.4548466329 0.5424153622 0.6449888275 
 0.4659948929 0.5555434083 0.6603446101 
 0.4774469932 0.5690219313 0.6761012799 
 0.4892011040 0.5828482271 0.6922550417 
 0.5012538858 0.5970177931 0.7087999777 
 0.5136004352 0.6115242708 0.7257279864 
 0.5262342453 0.6263594059 0.7430287439 
 0.5391471823 0.6415130276 0.7606896883 
 0.5523294799 0.6569730499 0.7786960286 
 0.5657697519 0.6727254934 0.7970307804 
 0.5794550245 0.6887545321 0.8156748283 
 0.5933707890 0.7050425617 0.8346070150 
 0.6075010748 0.7215702938 0.8538042595 
 0.6218285428 0.7383168721 0.8732417008 
 0.6363345998 0.7552600129 0.8928928693 
 0.6509995321 0.7723761683 0.9127298828 
 0.6658026586 0.7896407101 0.9327236671 
 0.6807225018 0.8070281343 0.9528441978 
 0.6957369755 0.8245122836 0.9730607629 
 0.7108235874 0.8420665874 0.9933422428 
 0.7259596557 0.8596643142 1.0136574048 
 0.7411225363 0.8772788383 1.0339752109 
 0.7562898599 0.8948839144 1.0542651347 
 0.7714397762 0.9124539599 1.0744974849 
 0.7865512023 0.9299643414 1.0946437322 
 0.8016040740 0.9473916632 1.1146768371 
 0.8165795966 0.9647140534 1.1345715751 
 0.8314604926 0.9819114475 1.1543048557 
 0.8462312439 0.9989658629 1.1738560331 
 0.8608783263 1.0158616654 1.1932072038 
 0.8753904323 1.0325858207 1.2123434900 
 0.8897586800 1.0491281308 1.2312533026 
 0.9039768060 1.0654814505 1.2499285834 
 0.9180413389 1.0816418821 1.2683650205 
 0.9319517498 1.0976089439 1.2865622356 
 0.9457105797 1.1133857109 1.3045239385 
 0.9593235387 1.1289789242 1.3222580460 
 0.9727995761 1.1443990669 1.3397767632 
 0.9861509200 1.1596604036 1.3570966226 
 0.9993930833 1.1747809820 1.3742384807 
 1.0125448353 1.1897825958 1.3912274692 
 1.0256281392 1.2046907056 1.4080928989 
 1.0386680530 1.2195343198 1.4248681172 
 1.0516925955 1.2343458337 1.4415903179 
 1.0647325771 1.2491608285 1.4583003040 
 1.0778213969 1.2640178306 1.4750422058 
 1.0909948070 1.2789580331 1.4918631543 
 