0.6044788279 0.7066188427 0.8239136693 
 0.5720971675 0.6694173182 0.7814722447 
 0.5413693205 0.6340119417 0.7409631212 
 0.5122435133 0.6003561703 0.7023479393 
 0.4846700788 0.5684058084 0.6655909213 
 0.4586011083 0.5381183845 0.6306578936 
 0.4339899773 0.5094524137 0.5975152171 
 0.4107908225 0.4823666378 0.5661287341 
 0.3889580339 0.4568193155 0.5364628133 
 0.3684458086 0.4327676153 0.5084795513 
 0.3492077980 0.4101671454 0.4821381675 
 0.3311968651 0.3889716374 0.4573946082 
 0.3143649572 0.3691327866 0.4342013590 
 0.2986630905 0.3506002413 0.4125074509 
 0.2840414332 0.3333217238 0.3922586387 
 0.2704494732 0.3172432607 0.3733977197 
 0.2578362490 0.3023094993 0.3558649619 
 0.2461506256 0.2884640820 0.3395986073 
 0.2353415961 0.2756500562 0.3245354210 
 0.2253585907 0.2638102970 0.3106112558 
 0.2161517787 0.2528879225 0.2977616096 
 0.2076723525 0.2428266891 0.2859221565 
 0.1998727825 0.2335713517 0.2750292356 
 0.1927070388 0.2250679836 0.2650202890 
 0.1861307750 0.2172642506 0.2558342417 
 0.1801014739 0.2101096367 0.2474118223 
 0.1745785552 0.2035556227 0.2396958228 
 0.1695234481 0.1975558205 0.2326313029 
 0.1648996320 0.1920660653 0.2261657406 
 0.1606726488 0.1870444721 0.2202491367 
 0.1568100915 0.1824514593 0.2148340773 
 0.1532815743 0.1782497469 0.2098757615 
 0.1500586864 0.1744043325 0.2053320005 
 0.1471149354 0.1708824499 0.2011631933 
 0.1444256824 0.1676535160 0.1973322835 
 0.1419680719 0.1646890673 0.1938047038 
 0.1397209598 0.1619626911 0.1905483096 
 0.1376648394 0.1594499520 0.1875333060 
 0.1357817690 0.1571283175 0.1847321710 
 0.1340552999 0.1549770825 0.1821195758 
 0.1324704073 0.1529772940 0.1796723042 
 0.1310134224 0.1511116771 0.1773691715 
 0.1296719667 0.1493645619 0.1751909437 
 0.1284348890 0.1477218117 0.1731202569 
 0.1272922025 0.1461707518 0.1711415374 
 0.1262350238 0.1447000988 0.1692409204 
 0.1252555126 0.1432998909 0.1674061703 
 0.1243468112 0.1419614171 0.1656265987 
 0.1235029841 0.1406771465 0.1638929824 
 0.1227189569 0.1394406571 0.1621974793 
 0.1219904554 0.1382465628 0.1605335441 
 0.1213139430 0.1370904407 0.1588958411 
 0.1206865584 0.1359687566 0.1572801567 
 0.1201060523 0.1348787897 0.1556833101 
 0.1195707239 0.1338185577 0.1541030632 
 0.1190793581 0.1327867407 0.1525380296 
 0.1186311619 0.1317826061 0.1509875849 
 0.1182257037 0.1308059337 0.1494517755 
 0.1178628520 0.1298569429 0.1479312307 
 0.1175427178 0.1289362211 0.1464270753 
 0.1172655985 0.1280446551 0.1449408455 
 0.1170319252 0.1271833653 0.1434744080 
 0.1168422135 0.1263536439 0.1420298827 
 0.1166970183 0.1255568967 0.1406095705 
 0.1165968931 0.1247945902 0.1392158861 
 0.1165423535 0.1240682030 0.1378512957 
 0.1165338461 0.1233791830 0.1365182617 
 0.1165717225 0.1227289098 0.1352191927 
 0.1166562181 0.1221186630 0.1339564001 
 0.1167874363 0.1215495954 0.1327320618 
 0.1169653380 0.1210227130 0.1315481911 
 0.1171897355 0.1205388595 0.1304066129 
 0.1174602918 0.1200987061 0.1293089452 
 0.1177765238 0.1197027469 0.1282565872 
 0.1181378095 0.1193512984 0.1272507118 
 0.1185433995 0.1190445030 0.1262922639 
 0.1189924307 0.1187823369 0.1253819628 
 0.1194839436 0.1185646210 0.1245203086 
 0.1200169014 0.1183910343 0.1237075924 
 0.1205902105 0.1182611301 0.1229439089 
 0.1212027432 0.1181743538 0.1222291723 
 0.1218533597 0.1181300617 0.1215631328 
 0.1225409314 0.1181275411 0.1209453962 
 0.1232643633 0.1181660308 0.1203754428 
 0.1240226161 0.1182447405 0.1198526475 
 0.1248147269 0.1183628715 0.1193763005 
 0.1256398287 0.1185196349 0.1189456263 
 0.1264971678 0.1187142701 0.1185598036 
 0.1273861198 0.1189460606 0.1182179834 
 0.1283062030 0.1192143499 0.1179193060 
 0.1292570896 0.1195185538 0.1176629171 
 0.1302386150 0.1198581729 0.1174479823 
 0.1312507838 0.1202328016 0.1172737001 
 0.1322937745 0.1206421363 0.1171393131 
 0.1333679414 0.1210859814 0.1170441181 
 0.1344738147 0.1215642536 0.1169874745 
 0.1356120983 0.1220769848 0.1169688109 
 0.1367836663 0.1226243231 0.1169876313 
 0.1379895583 0.1232065331 0.1170435188 
 0.1392309725 0.1238239951 0.1171361395 
 0.1405092596 0.1244772025 0.1172652444 
 0.1418259141 0.1251667600 0.1174306714 
 0.1431825676 0.1258933803 0.1176323465 
 0.1445809802 0.1266578813 0.1178702840 
 0.1460230339 0.1274611828 0.1181445876 
 0.1475107252 0.1283043042 0.1184554508 
 0.1490461602 0.1291883620 0.1188031572 
 0.1506315495 0.1301145686 0.1191880820 
 0.1522692059 0.1310842316 0.1196106928 
 0.1539615424 0.1320987542 0.1200715521 
 0.1557110734 0.1331596371 0.1205713197 
 0.1575204164 0.1342684810 0.1211107558 
 0.1593922972 0.1354269912 0.1216907252 
 0.1613295556 0.1366369824 0.1223122024 
 0.1633351545 0.1379003862 0.1229762772 
 0.1654121899 0.1392192589 0.1236841606 
 0.1675639028 0.1405957904 0.1244371925 
 0.1697936933 0.1420323144 0.1252368492 
 0.1721051354 0.1435313199 0.1260847508 
 0.1745019926 0.1450954618 0.1269826705 
 0.1769882351 0.1467275735 0.1279325421 
 0.1795680556 0.1484306782 0.1289364686 
 0.1822458864 0.1502080005 0.1299967296 
 0.1850264145 0.1520629768 0.1311157885 
 0.1879145953 0.1539992646 0.1322962984 
 0.1909156648 0.1560207504 0.1335411062 
 0.1940351480 0.1581315547 0.1348532556 
 0.1972788647 0.1603360347 0.1362359875 
 0.2006529302 0.1626387838 0.1376927380 
 0.2041637508 0.1650446264 0.1392271330 
 0.2078180140 0.1675586096 0.1408429804 
 0.2116226714 0.1701859882 0.1425442569 
 0.2155849139 0.1729322055 0.1443350923 
 0.2197121391 0.1758028666 0.1462197476 
 0.2240119090 0.1788037061 0.1482025892 
 0.2284918981 0.1819405476 0.1502880571 
 0.2331598309 0.1852192559 0.1524806275 
 0.2380234089 0.1886456812 0.1547847698 
 0.2430902253 0.1922255945 0.1572048968 
 0.2483676687 0.1959646145 0.1597453091 
 0.2538628147 0.1998681264 0.1624101332 
 0.2595823057 0.2039411912 0.1652032533 
 0.2655322196 0.2081884474 0.1681282367 
 0.2717179273 0.2126140046 0.1711882547 
 0.2781439410 0.2172213296 0.1743859967 
 0.2848137529 0.2220131276 0.1777235821 
 0.2917296686 0.2269912167 0.1812024668 
 0.2988926341 0.2321564005 0.1848233489 
 0.3063020618 0.2375083388 0.1885860725 
 0.3139556566 0.2430454185 0.1924895335 
 0.3218492469 0.2487646293 0.1965315871 
 0.3299766230 0.2546614440 0.2007089608 
 0.3383293895 0.2607297097 0.2050171744 
 0.3468968336 0.2669615514 0.2094504702 
 0.3556658177 0.2733472932 0.2140017554 
 0.3646206983 0.2798753993 0.2186625607 
 0.3737432802 0.2865324412 0.2234230170 
 0.3830128084 0.2933030931 0.2282718537 
 0.3924060052 0.3001701608 0.2331964213 
 0.4018971566 0.3071146466 0.2381827410 
 0.4114582523 0.3141158553 0.2432155843 
 0.4210591839 0.3211515414 0.2482785830 
 0.4306680031 0.3281981021 0.2533543727 
 0.4402512416 0.3352308156 0.2584247694 
 0.4497742934 0.3422241255 0.2634709804 
 0.4592018579 0.3491519698 0.2684738473 
 0.4684984407 0.3559881529 0.2734141207 
 0.4776289069 0.3627067567 0.2782727635 
 0.4865590813 0.3692825858 0.2830312795 
 0.4952563873 0.3756916413 0.2876720620 
 0.5036905132 0.3819116157 0.2921787588 
 0.5118340970 0.3879224007 0.2965366466 
 0.5196634154 0.3937065988 0.3007330078 
 0.5271590650 0.3992500299 0.3047575036 
 0.5343066229 0.4045422214 0.3086025370 
 0.5410972713 0.4095768743 0.3122635962 
 0.5475283760 0.4143522942 0.3157395749 
 0.5536040044 0.4188717797 0.3190330599 
 0.5593353757 0.4231439602 0.3221505844 
 0.5647412318 0.4271830774 0.3251028395 
 0.5698481258 0.4310092065 0.3279048421 
 0.5746906222 0.4346484133 0.3305760584 
 0.5793114095 0.4381328483 0.3331404800 
 0.5837613264 0.4415007782 0.3356266570 
 0.5880993054 0.4447965577 0.3380676870 
 0.5923922414 0.4480705476 0.3405011660 
 0.5967147933 0.4513789844 0.3429691051 
 0.6011491278 0.4547838086 0.3455178167 
 0.6057846176 0.4583524609 0.3481977781 
 0.6107175037 0.4621576514 0.3510634763 
 0.6160505310 0.4662771124 0.3541732394 
 0.6218925685 0.4707933372 0.3575890594 
 0.6283582175 0.4757933130 0.3613764095 
 0.6355674136 0.4813682477 0.3656040568 
 0.6436450217 0.4876132916 0.3703438702 
 0.6527204201 0.4946272508 0.3756706220 
 0.6629270667 0.5025122848 0.3816617762 
 0.6744020328 0.5113735810 0.3883972583 
 0.6872854897 0.5213189893 0.3959591947 
 0.7017201252 0.5324586045 0.4044316107 
 0.7178504660 0.5449042733 0.4139000718 
 0.7358220779 0.5587690079 0.4244512515 
 0.7557806135 0.5741662794 0.4361724087 
 0.7778706778 0.5912091701 0.4491507558 
 0.8022344804 0.6100093582 0.4634726980 
 0.8290102482 0.6306759148 0.4792229287 
 0.8583303753 0.6533138931 0.4964833633 
 0.8903192939 0.6780226961 0.5153319012 
 0.9250910588 0.7048942151 0.5358410090 
 0.9627466495 0.7340107392 0.5580761225 
 1.0033710053 0.7654426465 0.5820938750 
 1.0470298275 0.7992458995 0.6079401672 
 1.0937661943 0.8354593779 0.6356481017 
 1.1435970550 0.8741020988 0.6652358200 
 1.1965096858 0.9151703843 0.6967042851 
 1.2524582077 0.9586350553 0.7300350696 
 1.3113602801 1.0044387364 0.7651882141 
 1.3730940992 1.0524933744 0.8021002341 
 1.4374958370 1.1026780769 0.8406823581 
 1.5043576632 1.1548373834 0.8808190846 
 1.5734264897 1.2087800834 0.9223671498 
 1.6444035719 1.2642786904 0.9651549919 
 1.7169450855 1.3210696739 1.0089827957 
 1.7906637793 1.3788545337 1.0536231883 
 1.8651317749 1.4373017856 1.0988226446 
 1.9398845551 1.4960498987 1.1443036407 
 2.0144261417 1.5547111993 1.1897675734 
 2.0882354268 1.6128767224 1.2348984373 
 2.1607735773 1.6701219582 1.2793672254 
 2.2314923913 1.7260134073 1.3228369907 
 2.2998434469 1.7801158232 1.3649684792 
 2.3652878473 1.8319999917 1.4054262170 
 2.4273063378 1.8812508672 1.4438849139 
 2.4854095476 1.9274758667 1.4800360238 
 2.5391480946 1.9703131050 1.5135942895 
 2.5881222876 2.0094393483 1.5443040920 
 2.6319911611 2.0445774624 1.5719454204 
 2.6704805943 2.0755031416 1.5963392880 
 2.7033902828 2.1020507187 1.6173524290 
 2.7305993654 2.1241178835 1.6349011324 
 2.7520705433 2.1416691685 1.6489540949 
 2.7678525713 2.1547380951 1.6595342059 
 2.7780810534 2.1634279232 1.6667192148 
 2.7829775237 2.1679109867 1.6706412670 
 2.7828468519 2.1684266497 1.6714853381 
 2.7780730651 2.1652779650 1.6694866340 
 2.7691137323 2.1588271606 1.6649270599 
 2.7564931052 2.1494901219 1.6581308964 
 2.7407942501 2.1377300672 1.6494598462 
 2.7226504357 2.1240506442 1.6393076319 
 2.7027360624 2.1089886816 1.6280943387 
 2.6817574235 2.0931068389 1.6162606941 
 2.6604435803 2.0769863846 1.6042624674 
 2.6395376109 2.0612203122 1.5925651565 
 2.6197884565 2.0464069732 1.5816391001 
 2.6019435403 2.0331443653 1.5719551248 
 2.5867422811 2.0220251688 1.5639807947 
 2.5749105575 2.0136325707 1.5581772947 
 2.5671561176 2.0085368670 1.5549969361 
 2.5641648656 2.0072927827 1.5548812326 
 2.5665978970 2.0104374006 1.5582594613 
 2.5750891069 2.0184885533 1.5655475889 
 2.5902431540 2.0319434997 1.5771474212 
 2.6126335392 2.0512776859 1.5934458151 
 2.6428005439 2.0769433807 1.6148137848 
 2.6812487790 2.1093679784 1.6416053336 
 2.7284441137 2.1489517747 1.6741558536 
 2.7848097925 2.1960650483 1.7127799534 
 2.8507215978 2.2510443209 1.7577686029 
 2.9265019840 2.3141877160 1.8093855230 
 3.0124131868 2.3857493994 1.8678627908 
 3.1086493991 2.4659331485 1.9333956827 
 3.2153282026 2.5548851775 2.0061368378 
 3.3324815363 2.6526864147 2.0861898790 
 3.4600465796 2.7593445109 2.1736026921 
 3.5978570082 2.8747859223 2.2683606196 
 3.7456351448 2.9988484743 2.3703798761 
 3.9029855709 3.1312748535 2.4795015314 
 4.0693907705 3.2717074993 2.5954864339 
 4.2442093529 3.4196853592 2.7180114540 
 4.4266773309 3.5746429413 2.8466674121 
 4.6159128262 3.7359120297 2.9809590187 
 4.8109244247 3.9027263327 3.1203070933 
 5.0106232334 4.0742292125 3.2640532431 
 5.2138384954 4.2494844973 3.4114670813 
 5.4193364235 4.4274902252 3.5617559470 
 5.6258417249 4.6071950104 3.7140769660 
 5.8320611335 4.7875165781 3.8675511725 
 6.0367081422 4.9673618924 4.0212792994 
 6.2385280658 5.1456482110 4.1743587569 
 6.4363225453 5.3213243513 4.3259012538 
 6.6289726508 5.4933914434 4.4750504803 
 6.8154598310 5.6609224827 4.6209992719 
 6.9948840857 5.8230800636 4.7630057036 
 7.1664788993 5.9791317822 4.9004076208 
 7.3296226390 6.1284629154 5.0326351973 
 7.4838462922 6.2705861207 5.1592212032 
 7.6288375716 6.4051480307 5.2798087743 
 7.7644415489 6.5319327440 5.3941565778 
 7.8906580820 6.6508623211 5.5021413685 
 8.0076363765 6.7619944846 5.6037580184 
 8.1156670664 6.8655177884 5.6991171785 
 8.2151722170 6.9617445674 5.7884407871 
 8.3066936542 7.0511020027 5.8720556819 
 8.3908799999 7.1341216458 5.9503855991 
 8.4684727687 7.2114277372 6.0239418518 
 8.5402918410 7.2837246396 6.0933129817 
 8.6072205914 7.3517836791 6.1591536647 
 8.6701909103 7.4164296585 6.2221731329 
 8.7301683236 7.4785272773 6.2831233523 
 8.7881373785 7.5389676582 6.3427871655 
 8.8450874404 7.5986551490 6.4019665791 
 8.9019990142 7.6584945389 6.4614713452 
 8.9598306894 7.7193788016 6.5221079570 
 9.0195067855 7.7821774497 6.5846691463 
 9.0819057644 7.8477255676 6.6499239507 
 9.1478494660 7.9168135701 6.7186083925 
 9.2180932151 7.9901777214 6.7914167947 
 9.2933168460 8.0684914435 6.8689937492 
 9.3741166930 8.1523574352 6.9519267423 
 9.4609985957 8.2423006298 7.0407394455 
 9.5543719755 8.3387620205 7.1358856791 
 9.6545450480 8.4420933944 7.2377440681 
 9.7617212409 8.5525530276 7.3466134218 
 9.8759968952 8.6703024028 7.4627088810 
 9.9973603308 8.7954040269 7.5861588949 
 10.1256923540 8.9278204287 7.7170031023 
 10.2607682775 9.0674144238 7.8551912021 
 10.4022615063 9.2139507273 8.0005829066 
 10.5497487194 9.3670989838 8.1529490659 
 10.7027166416 9.5264382630 8.3119740470 
 10.8605703596 9.6914630381 8.4772594290 
 11.0226430891 9.8615906261 8.6483290520 
 11.1882072462 10.0361700222 8.8246354181 
 11.3564866277 10.2144920119 9.0055674030 
 11.5266694511 10.3958003906 9.1904591880 
 11.6979219684 10.5793040735 9.3786002727 
 11.8694023300 10.7641898318 9.5692463802 
 12.0402743599 10.9496353592 9.7616310249 
 12.2097208966 11.1348223483 9.9549774754 
 12.3769563678 11.3189492483 10.1485108214 
 12.5412382901 11.5012433830 10.3414698418 
 12.7018774310 11.6809721266 10.5331183711 
 12.8582464165 11.8574528742 10.7227558799 
 13.0097866323 12.0300615860 10.9097270101 
 13.1560133274 12.1982397415 11.0934298490 
 13.2965188942 12.3614995997 11.2733227721 
 13.4309743606 12.5194277204 11.4489297378 
 13.5591291839 12.6716867622 11.6198439750 
 13.6808094799 12.8180156250 11.7857300560 
 13.7959148627 12.9582280519 11.9463244016 
 13.9044140868 13.0922098421 12.1014343059 
 14.0063397070 13.2199148515 12.2509356088 
 14.1017819687 13.3413599789 12.3947691704 
 14.1908821426 13.4566193406 12.5329363224 
 14.2738255040 13.5658178362 12.6654934815 
 14.3508341436 13.6691243028 12.7925461145 
 14.4221597736 13.7667444405 12.9142422408 
 14.4880766762 13.8589136776 13.0307656485 
 14.5488749154 13.9458901227 13.1423289911 
 14.6048539133 14.0279477345 13.2491669104 
 14.6563164713 14.1053698153 13.3515293222 
 14.7035632984 14.1784429212 13.4496749753 
 14.7468880898 14.2474512563 13.5438653834 
 14.7865731874 14.3126716095 13.6343592094 
 14.8228858393 14.3743688708 13.7214071654 
 14.8560750643 14.4327921548 13.8052474783 
 14.8863691185 14.4881715463 13.8861019569 
 14.9139735544 14.5407154712 13.9641726828 
 14.9390698540 14.5906086886 14.0396393381 
 14.9618146120 14.6380108902 14.1126571699 
 14.9823392403 14.6830558857 14.1833555849 
 15.0007501603 14.7258513473 14.2518373557 
 15.0171294434 14.7664790779 14.3181784142 
 15.0315358575 14.8049957634 14.3824281989 
 15.0440062737 14.8414341642 14.4446105142 
 15.0545573835 14.8758046949 14.5047248582 
 15.0631876751 14.9080973389 14.5627481623 
 15.0698796147 14.9382838408 14.6186368887 
 15.0746019798 14.9663201167 14.6723294224 
 15.0773122884 14.9921488227 14.7237486939 
 15.0779592727 15.0157020206 14.7728049673 
 15.0764853441 15.0369038811 14.8193987268 
 15.0728290021 15.0556733683 14.8634235986 
 15.0669271431 15.0719268511 14.9047692434 
 15.0587172278 15.0855805933 14.9433241631 
 15.0481392748 15.0965530782 14.9789783673 
 15.0351376500 15.1047671306 15.0116258525 
 15.0196626328 15.1101518074 15.0411668541 
 15.0016717407 15.1126440315 15.0675098386 
 14.9811308057 15.1121899561 15.0905732118 
 14.9580147993 15.1087460486 15.1102867270 
 14.9323084092 15.1022798961 15.1265925852 
 14.9040063772 15.0927707353 15.1394462274 
 14.8731136116 15.0802097193 15.1488168264 
 14.8396450908 15.0645999388 15.1546874905 
 14.8036255799 15.0459562162 15.1570552004 
 14.7650891823 15.0243046985 15.1559305011 
 14.7240787514 14.9996822750 15.1513369766 
 14.6806451867 14.9721358467 15.1433105374 
 14.6348466402 14.9417214769 15.1318985521 
 14.5867476574 14.9085034510 15.1171588539 
 14.5364182762 14.8725532719 15.0991586536 
 14.4839331053 14.8339486183 15.0779733900 
 14.4293704029 14.7927722882 15.0536855450 
 14.3728111720 14.7491111511 15.0263834495 
 14.3143382886 14.7030551260 14.9961601057 
 14.2540356766 14.6546962034 14.9631120427 
 14.1919875372 14.6041275233 14.9273382274 
 14.1282776445 14.5514425224 14.8889390417 
 14.0629887110 14.4967341565 14.8480153397 
 13.9962018278 14.4400942062 14.8046675930 
 13.9279959818 14.3816126675 14.7589951297 
 13.8584476492 14.3213772311 14.7110954716 
 13.7876304661 14.2594728481 14.6610637693 
 13.7156149715 14.1959813818 14.6089923354 
 13.6424684214 14.1309813408 14.5549702732 
 13.5682546672 14.0645476902 14.4990831956 
 13.4930340958 13.9967517350 14.4414130304 
 13.4168636239 13.9276610692 14.3820379036 
 13.3397967412 13.8573395849 14.3210320955 
 13.2618835963 13.7858475329 14.2584660609 
 13.1831711187 13.7132416291 14.1944065045 
 13.1037031708 13.6395751990 14.1289165050 
 13.0235207242 13.5648983522 14.0620556785 
 12.9426620529 13.4892581814 13.9938803735 
 12.8611629405 13.4126989791 13.9244438898 
 12.7790568928 13.3352624643 13.8537967136 
 12.6963753543 13.2569880154 13.7819867628 
 12.6131479221 13.1779129038 13.7090596355 
 12.5294025545 13.0980725219 13.6350588565 
 12.4451657704 13.0175006044 13.5600261164 
 12.3604628378 12.9362294365 13.4840015001 
 12.2753179479 12.8542900485 13.4070237005 
 12.1897543742 12.7717123941 13.3291302141 
 12.1037946146 12.6885255093 13.2503575179 
 12.0174605169 12.6047576539 13.1707412251 
 11.9307733858 12.5204364318 13.0903162184 
 11.8437540735 12.4355888928 13.0091167626 
 11.7564230523 12.3502416146 12.9271765941 
 11.6688004714 12.2644207663 12.8445289908 
 11.5809061991 12.1781521548 12.7612068210 
 11.4927598499 12.0914612553 12.6772425745 
 11.4043808001 12.0043732267 12.5926683770 
 11.3157881917 11.9169129150 12.5075159899 
 11.2270009274 11.8291048452 12.4218167968 
 11.1380376574 11.7409732044 12.3356017795 
 11.0489167602 11.6525418174 12.2489014862 
 10.9596563188 11.5638341171 12.1617459920 
 10.8702740936 11.4748731109 12.0741648560 
 10.7807874943 11.3856813450 11.9861870751 
 10.6912135504 11.2962808689 11.8978410378 
 10.6015688833 11.2066931994 11.8091544781 
 10.5118696802 11.1169392879 11.7201544318 
 10.4221316700 11.0270394896 11.6308671968 
 10.3323701037 10.9370135380 11.5413182972 
 10.2425997383 10.8468805227 11.4515324535 
 10.1528348249 10.7566588730 11.3615335580 
 10.0630891022 10.6663663473 11.2713446572 
 9.9733757945 10.5760200273 11.1809879411 
 9.8837076148 10.4856363192 11.0904847384 
 9.7940967728 10.3952309595 10.9998555199 
 9.7045549873 10.3048190271 10.9091199069 
 9.6150935035 10.2144149601 10.8182966875 
 9.5257231138 10.1240325779 10.7274038370 
 9.4364541821 10.0336851068 10.6364585452 
 9.3472966720 9.9433852107 10.5454772476 
 9.2582601766 9.8531450240 10.4544756607 
 9.1693539510 9.7629761874 10.3634688213 
 9.0805869456 9.6728898859 10.2724711278 
 8.9919678414 9.5828968882 10.1814963839 
 8.9035050841 9.4930075864 10.0905578437 
 8.8152069195 9.4032320362 9.9996682570 
 8.7270814270 9.3135799970 9.9088399151 
 8.6391365523 9.2240609699 9.8180846953 
 8.5513801389 9.1346842351 9.7274141043 
 8.4638199565 9.0454588872 9.6368393203 
 8.3764637281 8.9563938678 9.5463712317 
 8.2893191531 8.8674979954 9.4560204742 
 8.2023939285 8.7787799923 9.3657974639 
 8.1156957663 8.6902485083 9.2757124278 
 8.0292324080 8.6019121407 9.1857754300 
 7.9430116350 8.5137794508 9.0959963944 
 7.8570412761 8.4258589768 9.0063851240 
 7.7713292117 8.3381592431 8.9169513152 
 7.6858833741 8.2506887658 8.8277045697 
 7.6007117453 8.1634560548 8.7386544014 
 7.5158223509 8.0764696128 8.6498102404 
 7.4312232522 7.9897379311 8.5611814333 
 7.3469225348 7.9032694822 8.4727772409 
 7.2629282956 7.8170727105 8.3846068319 
 7.1792486276 7.7311560199 8.2966792755 
 7.0958916027 7.6455277605 8.2090035305 
 7.0128652537 7.5601962127 8.1215884334 
 6.9301775554 7.4751695711 8.0344426850 
 6.8478364046 7.3904559266 7.9475748353 
 6.7658496001 7.3060632489 7.8609932683 
 6.6842248233 7.2219993684 7.7747061870 
 6.6029696187 7.1382719589 7.6887215971 
 6.5220913753 7.0548885201 7.6030472926 
 6.4415973093 6.9718563625 7.5176908417 
 6.3614944482 6.8891825919 7.4326595739 
 6.2817896165 6.8068740970 7.3479605683 
 6.2024894234 6.7249375378 7.2636006446 
 6.1236002522 6.6433793366 7.1795863551 
 6.0451282526 6.5622056713 7.0959239794 
 5.9670793351 6.4814224706 7.0126195219 
 5.8894591678 6.4010354122 6.9296787108 
 5.8122731758 6.3210499235 6.8471070008 
 5.7355265432 6.2414711847 6.7649095781 
 5.6592242180 6.1623041350 6.6830913676 
 5.5833709187 6.0835534805 6.6016570436 
 5.5079711442 6.0052237058 6.5206110428 
 5.4330291852 5.9273190871 6.4399575794 
 5.3585491385 5.8498437078 6.3597006629 
 5.2845349226 5.7728014762 6.2798441185 
 5.2109902954 5.6961961453 6.2003916085 
 5.1379188734 5.6200313335 6.1213466567 
 5.0653241522 5.5443105479 6.0427126727 
 4.9932095278 5.4690372073 5.9644929792 
 4.9215783188 5.3942146673 5.8866908392 
 4.8504337891 5.3198462449 5.8093094836 
 4.7797791708 5.2459352444 5.7323521400 
 4.7096176864 5.1724849819 5.6558220609 
 4.6399525717 5.0994988109 5.5797225516 
 4.5707870969 5.0269801460 5.5040569979 
 4.5021245873 4.9549324862 5.4288288922 
 4.4339684427 4.8833594370 5.3540418587 
 4.3663221552 4.8122647308 5.2796996772 
 4.2991893252 4.7416522454 5.2058063048 
 4.2325736759 4.6715260210 5.1323658957 
 4.1664790655 4.6018902742 5.0593828186 
 4.1009094968 4.5327494105 4.9868616715 
 4.0358691248 4.4641080338 4.9148072942 
 3.9713622621 4.3959709529 4.8432247776 
 3.9073933808 4.3283431860 4.7721194703 
 3.8439671129 4.2612299621 4.7014969818 
 3.7810882474 4.1946367192 4.6313631832 
 3.7187617252 4.1285690999 4.5617242042 
 3.6569926309 4.0630329445 4.4925864276 
 3.5957861830 3.9980342811 4.4239564804 
 3.5351477209 3.9335793128 4.3558412219 
 3.4750826903 3.8696744026 4.2882477294 
 3.4155966261 3.8063260563 4.2211832807 
 3.3566951338 3.7435409026 4.1546553343 
 3.2983838685 3.6813256714 4.0886715077 
 3.2406685138 3.6196871706 4.0232395525 
 3.1835547575 3.5586322610 3.9583673290 
 3.1270482680 3.4981678299 3.8940627781 
 3.0711546692 3.4383007640 3.8303338927 
 3.0158795143 3.3790379213 3.7671886871 
 2.9612282609 3.3203861024 3.7046351668 
 2.9072062442 3.2623520218 3.6426812967 
 2.8538186520 3.2049422792 3.5813349698 
 2.8010704991 3.1481633310 3.5206039764 
 2.7489666033 3.0920214627 3.4604959724 
 2.6975115614 3.0365227615 3.4010184494 
 2.6467097270 2.9816730909 3.3421787058 
 2.5965651894 2.9274780654 3.2839838182 
 2.5470817544 2.8739430284 3.2264406152 
 2.4982629258 2.8210730296 3.1695556521 
 2.4501118898 2.7688728063 3.1133351881 
 2.4026315006 2.7173467654 3.0577851650 
 2.3558242681 2.6664989678 3.0029111884 
 2.3096923482 2.6163331155 2.9487185109 
 2.2642375344 2.5668525398 2.8952120178 
 2.2194612518 2.5180601933 2.8423962154 
 2.1753645538 2.4699586430 2.7902752213 
 2.1319481199 2.4225500658 2.7388527575 
 2.0892122564 2.3758362471 2.6881321461 
 2.0471568984 2.3298185809 2.6381163066 
 2.0057816144 2.2844980719 2.5888077567 
 1.9650856120 2.2398753398 2.5402086144 
 1.9250677457 2.1959506261 2.4923206023 
 1.8857265259 2.1527238016 2.4451450548 
 1.8470601301 2.1101943761 2.3986829256 
 1.8090664138 2.0683615098 2.3529347980 
 1.7717429243 2.0272240252 2.3079008969 
 1.7350869141 1.9867804209 2.2635811007 
 1.6990953557 1.9470288859 2.2199749559 
 1.6637649564 1.9079673147 2.1770816914 
 1.6290921746 1.8695933232 2.1349002343 
 1.5950732349 1.8319042643 2.0934292259 
 1.5617041446 1.7948972447 2.0526670379 
 1.5289807094 1.7585691409 2.0126117888 
 1.4968985491 1.7229166155 1.9732613606 
 1.4654531130 1.6879361329 1.9346134144 
 1.4346396947 1.6536239749 1.8966654068 
 1.4044534469 1.6199762555 1.8594146043 
 1.3748893943 1.5869889352 1.8228580987 
 1.3459424475 1.5546578345 1.7869928199 
 1.3176074143 1.5229786462 1.7518155495 
 1.2898790114 1.4919469473 1.7173229320 
 1.2627518748 1.4615582094 1.6835114859 
 1.2362205689 1.4318078087 1.6503776132 
 1.2102795951 1.4026910342 1.6179176077 
 1.1849233993 1.3742030956 1.5861276629 
 1.1601463786 1.3463391296 1.5550038774 
 1.1359428864 1.3190942050 1.5245422607 
 1.1123072377 1.2924633281 1.4947387365 
 1.0892337126 1.2664414451 1.4655891461 
 1.0667165596 1.2410234456 1.4370892497 
 1.0447499978 1.2162041641 1.4092347280 
 1.0233282185 1.1919783808 1.3820211816 
 1.0024453866 1.1683408225 1.3554441309 
 0.9820956407 1.1452861619 1.3294990146 
 0.9622730936 1.1228090174 1.3041811876 
 0.9429718318 1.1009039513 1.2794859188 
 0.9241859151 1.0795654690 1.2554083884 
 0.9059093755 1.0587880171 1.2319436849 
 0.8881362168 1.0385659815 1.2090868019 
 0.8708604131 1.0188936858 1.1868326350 
 0.8540759083 0.9997653890 1.1651759786 
 0.8377766147 0.9811752843 1.1441115231 
 0.8219564125 0.9631174971 1.1236338518 
 0.8066091493 0.9455860841 1.1037374386 
 0.7917286393 0.9285750317 1.0844166460 
 0.7773086633 0.9120782558 1.0656657232 
 0.7633429692 0.8960896011 1.0474788052 
 0.7498252719 0.8806028417 1.0298499116 
 0.7367492545 0.8656116810 1.0127729474 
 0.7241085695 0.8511097532 0.9962417025 
 0.7118968398 0.8370906247 0.9802498535 
 0.7001076613 0.8235477957 0.9647909652 
 0.6887346048 0.8104747033 0.9498584930 
 0.6777712187 0.7978647241 0.9354457859 
 0.6672110319 0.7857111776 0.9215460904 
 0.6570475574 0.7740073301 0.9081525542 
 0.6472742958 0.7627463994 0.8952582317 
 0.6378847396 0.7519215592 0.8828560890 
 0.6288723771 0.7415259447 0.8709390103 
 0.6202306975 0.7315526578 0.8594998040 
 0.6119531955 0.7219947739 0.8485312104 
 0.6040333768 0.7128453475 0.8380259090 
 0.5964647635 0.7040974195 0.8279765268 
 0.5892408997 0.6957440243 0.8183756467 
 0.5823553579 0.6877781973 0.8092158167 
 0.5758017448 0.6801929827 0.8004895597 
 0.5695737081 0.6729814417 0.7921893833 
 0.5636649434 0.6661366611 0.7843077903 
 0.5580692009 0.6596517622 0.7768372896 
 0.5527802931 0.6535199100 0.7697704079 
 0.5477921021 0.6477343228 0.7630997010 
 0.5430985877 0.6422882823 0.7568177669 
 0.5386937954 0.6371751436 0.7509172578 
 0.5345718650 0.6323883463 0.7453908941 
 0.5307270395 0.6279214254 0.7402314779 
 0.5271536741 0.6237680229 0.7354319071 
 0.5238462457 0.6199218999 0.7309851906 
 0.5207993627 0.6163769485 0.7268844635 
 0.5180077754 0.6131272050 0.7231230027 
 0.5154663861 0.6101668628 0.7196942433 
 0.5131702602 0.6074902861 0.7165917956 
 0.5111146370 0.6050920233 0.7138094616 
 0.5092949413 0.6029668218 0.7113412529 
 0.5077067948 0.6011096418 0.7091814085 
 0.5063460277 0.5995156713 0.7073244124 
 0.5052086908 0.5981803402 0.7057650123 
 0.5042910668 0.5970993357 0.7044982369 
 0.5035896825 0.5962686162 0.7035194143 
 0.5031013199 0.5956844260 0.7028241894 
 0.5028230278 0.5953433088 0.7024085414 
 0.5027521319 0.5952421214 0.7022687996 
 0.5028862456 0.5953780461 0.7024016594 
 0.5032232788 0.5957486024 0.7028041966 
 0.5037614463 0.5963516571 0.7034738804 
 0.5044992753 0.5971854339 0.7044085844 
 0.5054356105 0.5982485203 0.7056065965 
 0.5065696192 0.5995398733 0.7070666254 
 0.5079007926 0.6010588225 0.7087878050 
 0.5094289470 0.6028050710 0.7107696964 
 0.5111542209 0.6047786933 0.7130122856 
 0.5130770710 0.6069801301 0.7155159780 
 0.5151982646 0.6094101804 0.7182815893 
 0.5175188689 0.6120699890 0.7213103317 
 0.5200402378 0.6149610306 0.7246037956 
 0.5227639941 0.6180850903 0.7281639264 
 0.5256920093 0.6214442390 0.7319929964 
 0.5288263790 0.6250408044 0.7360935710 
 0.5321693939 0.6288773379 0.7404684702 
 0.5357235081 0.6329565764 0.7451207232 
 0.5394913024 0.6372813993 0.7500535191 
 0.5434754441 0.6418547814 0.7552701505 
 0.5476786430 0.6466797403 0.7607739529 
 0.5521036038 0.6517592808 0.7665682387 
 0.5567529755 0.6570963344 0.7726562263 
 0.5616292973 0.6626936959 0.7790409656 
 0.5667349432 0.6685539570 0.7857252597 
 0.5720720639 0.6746794382 0.7927115847 
 0.5776425289 0.6810721193 0.8000020077 
 0.5834478677 0.6877335699 0.8075981050 
 0.5894892130 0.6946648816 0.8155008812 
 0.5957672461 0.7018666023 0.8237106921 
 0.6022821457 0.7093386755 0.8322271719 
 0.6090335427 0.7170803856 0.8410491678 
 0.6160204816 0.7250903106 0.8501746838 
 0.6232413912 0.7333662865 0.8596008363 
 0.6306940656 0.7419053827 0.8693238239 
 0.6383756584 0.7507038932 0.8793389147 
 0.6462826915 0.7597573445 0.8896404529 
 0.6544110809 0.7690605232 0.9002218886 
 0.6627561813 0.7786075260 0.9110758321 
 0.6713128520 0.7883918331 0.9221941368 
 0.6800755444 0.7984064083 0.9335680125 
 0.6890384150 0.8086438273 0.9451881704 
 0.6981954628 0.8190964351 0.9570450026 
 0.7075406938 0.8297565345 0.9691287969 
 0.7170683120 0.8406166054 0.9814299875 
 0.7267729377 0.8516695557 0.9939394413 
 0.7366498521 0.8629090020 1.0066487797 
 0.7466952674 0.8743295806 1.0195507338 
 0.7569066206 0.8859272851 1.0326395303 
 0.7672828884 0.8976998279 1.0459113053 
 0.7778249209 0.9096470238 1.0593645420 
 0.7885357894 0.9217711883 1.0730005256 
 0.7994211441 0.9340775482 1.0868238108 
 0.8104895782 0.9465746567 1.1008426947 
 0.8217529898 0.9592748078 1.1150696868 
 0.8332269387 0.9721944412 1.1295219682 
 0.8449309889 0.9853545319 1.1442218306 
 0.8568890312 0.9987809545 1.1591970868 
 0.8691295777 1.0125048148 1.1744814416 
 0.8816860208 1.0265627385 1.1901148124 
 0.8945968472 1.0409971094 1.2061435917 
 0.9079058006 1.0558562458 1.2226208376 
 0.9216619814 1.0711945055 1.2396063827 
 0.9359198757 1.0870723099 1.2571668511 
 0.9507393026 1.1035560750 1.2753755691 
 0.9661852701 1.1207180380 1.2943123597 
 0.9823277264 1.1386359688 1.3140632072 
 0.9992411958 1.1573927498 1.3347197767 
 1.0170042845 1.1770758142 1.3563787761 
 1.0356990434 1.1977764235 1.3791411429 
 1.0554101702 1.2195887705 1.4031110397 
 1.0762240368 1.2426088903 1.4283946402 
 1.0982275235 1.2669333600 1.4550986878 
 1.1215066435 1.2926577714 1.4833288072 
 1.1461449413 1.3198749569 1.5131875517 
 1.1722216498 1.3486729556 1.5447721693 
 1.1998095947 1.3791327033 1.5781720736 
 1.2289728367 1.4113254410 1.6134660111 
 1.2597640510 1.4453098383 1.6507189223 
 1.2922216512 1.4811288383 1.6899785044 
 1.3263666725 1.5188062431 1.7312714929 
 1.3621994468 1.5583430715 1.7745996986 
 1.3996961155 1.5997137388 1.8199358498 
 1.4388050435 1.6428621269 1.8672193146 
 1.4794432219 1.6876976371 1.9163518001 
 1.5214927644 1.7340913408 1.9671931514 
 1.5647976305 1.7818723684 2.0195574022 
 1.6091607269 1.8308247038 2.0732092551 
 1.6543415620 1.8806845715 2.1278611940 
 1.7000546450 1.9311386275 2.1831714578 
 1.7459688301 1.9818231720 2.2387431128 
 1.7917078122 2.0323246139 2.2941244746 
 1.8368519703 2.0821814028 2.3488111197 
 1.8809417333 2.1308876273 2.4022497074 
 1.9234826090 2.1778984407 2.4538437943 
 1.9639519621 2.2226374154 2.5029617646 
 2.0018075598 2.2645058590 2.5489469194 
 2.0364978174 2.3028940275 2.5911296705 
 2.0674735812 2.3371940673 2.6288416651 
 2.0942011763 2.3668143994 2.6614315402 
 2.1161763429 2.3911951358 2.6882818694 
 2.1329385804 2.4098240046 2.7088267307 
 2.1440853301 2.4222521564 2.7225692116 
 2.1492853674 2.4281091501 2.7290980730 
 2.1482907428 2.4271163785 2.7281027476 
 2.1409466236 2.4190981993 2.7193858460 
 2.1271984482 2.4039900970 2.7028724059 
 2.1070959069 2.3818433173 2.6786152365 
 2.0807934143 2.3528255744 2.6467958952 
 2.0485469211 2.3172176421 2.6077210580 
 2.0107071185 2.2754058705 2.5618143117 
 1.9677092996 2.2278709135 2.5096036719 
 1.9200603434 2.1751731825 2.4517053967 
 1.8683234537 2.1179357405 2.3888048954 
 1.8131014142 2.0568254984 2.3216357085 
 1.7550191869 1.9925336594 2.2509576311 
 1.6947066937 1.9257563701 2.1775350760 
 1.6327825669 1.8571764824 2.1021167082 
 1.5698395550 1.7874472119 2.0254172486 
 1.5064321239 1.7171783129 1.9481021547 
 1.4430666270 1.6469251931 1.8707756586 
 1.3801942349 1.5771811846 1.7939724021 
 1.3182066446 1.5083729842 1.7181526739 
 1.2574344313 1.4408590971 1.6437010479 
 1.1981477766 1.3749309687 1.5709280495 
 1.1405592142 1.3108163844 1.5000743555 
 1.0848279767 1.2486846481 1.4313169606 
 1.0310654998 1.1886530275 1.3647767140 
 0.9793416504 1.1307939629 1.3005266472 
 0.9296912750 1.0751425765 1.2386005626 
 0.8821207153 1.0217040794 1.1790014232 
 0.8366140026 0.9704607477 1.1217091743 
 0.7931385074 0.9213782208 1.0666877234 
 0.7516498938 0.8744109561 1.0138908972 
 0.7120962904 0.8295067478 0.9632672854 
 0.6744216485 0.7866102883 0.9147639560 
 0.6385683080 0.7456658041 0.8683290952 
 0.6044788279 0.7066188427 0.8239136693 
 