1.6743608451 1.9386455422 2.2302418320 
 1.8338390905 2.1202338794 2.4351255577 
 2.0031028214 2.3124652142 2.6514302850 
 2.1817241268 2.5147694308 2.8784196925 
 2.3690952070 2.7263691699 3.1151223810 
 2.5644277949 2.9462818777 3.3603375805 
 2.7667597002 3.1733305493 3.6126512770 
 2.9749688923 3.4061634972 3.8704629217 
 3.1877950220 3.6432828126 4.1320220514 
 3.4038677226 3.8830804829 4.3954732867 
 3.6217404730 4.1238804571 4.6589073987 
 3.8399283264 4.3639844080 4.9204155454 
 4.0569474699 4.6017185944 5.1781434648 
 4.2713544178 4.8354791266 5.4303424158 
 4.4817826912 5.0637730999 5.6754139797 
 4.6869750775 5.2852534578 5.9119464322 
 4.8858099676 5.4987460234 6.1387411650 
 5.0773207812 5.7032678119 6.3548284982 
 5.2607080437 5.8980364318 6.5594730481 
 5.4353442144 6.0824710130 6.7521695288 
 5.6007718262 6.2561856127 6.9326304023 
 5.7566958491 6.4189764051 7.1007671231 
 5.9029714183 6.5708041581 7.2566668546 
 6.0395881647 6.7117735383 7.4005664925 
 6.1666523813 6.8421107058 7.5328256537 
 6.2843681569 6.9621404826 7.6539000255 
 6.3930184555 7.0722641524 7.7643161674 
 6.4929469299 7.1729386996 7.8646485421 
 6.5845410572 7.2646580450 7.9554992683 
 6.6682169967 7.3479366172 8.0374808339 
 6.7444063976 7.4232954052 8.1112018085 
 6.8135452450 7.4912504899 8.1772554427 
 6.8760647179 7.5523039362 8.2362109339 
 6.9323839554 7.6069368558 8.2886070765 
 6.9829045658 7.6556044026 8.3349479802 
 7.0280066875 7.6987324397 8.3757005341 
 7.0680463922 7.7367156187 8.4112933062 
 7.1033542202 7.7699166195 8.4421165915 
 7.1342346502 7.7986663197 8.4685233518 
 7.1609663180 7.8232646872 8.4908308236 
 7.1838028207 7.8439822172 8.5093226079 
 7.2029739616 7.8610617605 8.5242510829 
 7.2186873137 7.8747206161 8.5358400146 
 7.2311299995 7.8851527856 8.5442872660 
 7.2404706011 7.8925313054 8.5497675252 
 7.2468611336 7.8970105933 8.5524349964 
 7.2504390262 7.8987287580 8.5524260086 
 7.2513290689 7.8978098347 8.5498615112 
 7.2496452928 7.8943659196 8.5448494368 
 7.2454927566 7.8884991812 8.5374869141 
 7.2389692243 7.8803037369 8.5278623236 
 7.2301667172 7.8698673824 8.5160571901 
 7.2191729341 7.8572731706 8.5021479086 
 7.2060725304 7.8426008341 8.4862073028 
 7.1909482550 7.8259280502 8.4683060154 
 7.1738819408 7.8073315482 8.4485137318 
 7.1549553508 7.7868880600 8.4269002376 
 7.1342508798 7.7646751147 8.4035363121 
 7.1118521153 7.7407716820 8.3784944609 
 7.0878442604 7.7152586676 8.3518494905 
 7.0623144256 7.6882192644 8.3236789306 
 7.0353517944 7.6597391693 8.2940633084 
 7.0070476712 7.6299066688 8.2630862832 
 6.9774954188 7.5988126058 8.2308346490 
 6.9467902971 7.5665502348 8.1973982149 
 6.9150292115 7.5332149777 8.1628695742 
 6.8823103833 7.4989040912 8.1273437744 
 6.8487329527 7.4637162583 8.0909179004 
 6.8143965284 7.4277511172 8.0536905855 
 6.7794006937 7.3911087397 8.0157614632 
 6.7438444828 7.3538890737 7.9772305756 
 6.7078258382 7.3161913609 7.9381977500 
 6.6714410617 7.2781135444 7.8987619608 
 6.6347842679 7.2397516761 7.8590206869 
 6.5979468522 7.2011993356 7.8190692782 
 6.5610169795 7.1625470706 7.7790003425 
 6.5240791049 7.1238818681 7.7389031619 
 6.4872135289 7.0852866619 7.6988631479 
 6.4504959964 7.0468398855 7.6589613418 
 6.4139973406 7.0086150728 7.6192739672 
 6.3777831777 6.9706805117 7.5798720365 
 6.3419136515 6.9330989521 7.5408210172 
 6.3064432314 6.8959273703 7.5021805571 
 6.2714205614 6.8592167885 7.4640042694 
 6.2368883615 6.8230121504 7.4263395778 
 6.2028833771 6.7873522492 7.3892276182 
 6.1694363770 6.7522697072 7.3527031958 
 6.1365721945 6.7177910027 7.3167947939 
 6.1043098104 6.6839365416 7.2815246297 
 6.0726624730 6.6507207698 7.2469087556 
 6.0416378524 6.6181523218 7.2129571990 
 6.0112382252 6.5862342024 7.1796741374 
 5.9814606855 6.5549639976 7.1470581054 
 5.9522973789 6.5243341095 7.1151022281 
 5.9237357569 6.4943320133 7.0837944773 
 5.8957588469 6.4649405318 7.0531179477 
 5.8683455368 6.4361381252 7.0230511489 
 5.8414708698 6.4078991924 6.9935683099 
 5.8151063485 6.3801943823 6.9646396954 
 5.7892202457 6.3529909121 6.9362319295 
 5.7637779195 6.3262528918 6.9083083256 
 5.7387421322 6.2999416521 6.8808292218 
 5.7140733715 6.2740160754 6.8537523193 
 5.6897301720 6.2484329277 6.8270330230 
 5.6656694372 6.2231471920 6.8006247839 
 5.6418467599 6.1981124012 6.7744794423 
 5.6182167423 6.1732809691 6.7485475698 
 5.5947333124 6.1486045214 6.7227788125 
 5.5713500382 6.1240342229 6.6971222307 
 5.5480204380 6.0995211028 6.6715266386 
 5.5246982864 6.0750163759 6.6459409395 
 5.5013379154 6.0504717591 6.6203144589 
 5.4778945096 6.0258397833 6.5945972721 
 5.4543243946 6.0010740987 6.5687405272 
 5.4305853181 5.9761297735 6.5426967613 
 5.4066367231 5.9509635845 6.5164202096 
 5.3824400108 5.9255342981 6.4898671056 
 5.3579587943 5.8998029425 6.4629959717 
 5.3331591403 5.8737330673 6.4357678986 
 5.3080097986 5.8472909918 6.4081468126 
 5.2824824188 5.8204460394 6.3800997292 
 5.2565517521 5.7931707574 6.3515969921 
 5.2301958377 5.7654411214 6.3226124960 
 5.2033961730 5.7372367223 6.2931238919 
 5.1761378661 5.7085409362 6.2631127743 
 5.1484097701 5.6793410735 6.2325648482 
 5.1202045970 5.6496285101 6.2014700754 
 5.0915190118 5.6193987947 6.1698227981 
 5.0623537048 5.5886517357 6.1376218399 
 5.0327134411 5.5573914631 6.1048705814 
 5.0026070868 5.5256264668 6.0715770106 
 4.9720476103 5.4933696082 6.0377537459 
 4.9410520592 5.4606381064 6.0034180317 
 4.9096415107 5.4274534959 5.9685917048 
 4.8778409951 5.3938415564 5.9333011306 
 4.8456793927 5.3598322141 5.8975771093 
 4.8131893032 5.3254594130 5.8614547504 
 4.7804068874 5.2907609568 5.8249733155 
 4.7473716813 5.2557783215 5.7881760296 
 4.7141263831 5.2205564374 5.7511098601 
 4.6807166137 5.1851434430 5.7138252647 
 4.6471906510 5.1495904103 5.6763759085 
 4.6135991399 5.1139510422 5.6388183506 
 4.5799947785 5.0782813448 5.6012117032 
 4.5464319827 5.0426392743 5.5636172626 
 4.5129665308 5.0070843620 5.5260981163 
 4.4796551905 4.9716773190 5.4887187258 
 4.4465553295 4.9364796221 5.4515444903 
 4.4137245138 4.9015530848 5.4146412916 
 4.3812200951 4.8669594155 5.3780750247 
 4.3490987892 4.8327597651 5.3419111155 
 4.3174162504 4.7990142676 5.3062140302 
 4.2862266422 4.7657815764 5.2710467778 
 4.2555822077 4.7331183991 5.2364704105 
 4.2255328429 4.7010790329 5.2025435230 
 4.1961256748 4.6697149049 5.1693217557 
 4.1674046464 4.6390741179 5.1368573026 
 4.1394101119 4.6092010067 5.1051984287 
 4.1121784439 4.5801357050 5.0743889980 
 4.0857416543 4.5519137270 5.0444680161 
 4.0601270324 4.5245655662 5.0154691892 
 4.0353568018 4.4981163130 4.9874205028 
 4.0114477982 4.4725852944 4.9603438234 
 3.9884111711 4.4479857392 4.9342545249 
 3.9662521123 4.4243244696 4.9091611450 
 3.9449696136 4.4016016254 4.8850650730 
 3.9245562563 4.3798104218 4.8619602749 
 3.9049980373 4.3589369453 4.8398330585 
 3.8862742341 4.3389599926 4.8186618836 
 3.8683573135 4.3198509558 4.7984172220 
 3.8512128873 4.3015737585 4.7790614730 
 3.8347997197 4.2840848485 4.7605489389 
 3.8190697906 4.2673332516 4.7428258662 
 3.8039684195 4.2512606904 4.7258305592 
 3.7894344538 4.2358017742 4.7094935688 
 3.7754005254 4.2208842646 4.6937379649 
 3.7617933789 4.2064294189 4.6784796935 
 3.7485342757 4.1923524171 4.6636280254 
 3.7355394737 4.1785628726 4.6490860965 
 3.7227207849 4.1649654296 4.6347515437 
 3.7099862115 4.1514604464 4.6205172340 
 3.6972406566 4.1379447620 4.6062720881 
 3.6843867087 4.1243125449 4.5919019912 
 3.6713254926 4.1104562163 4.5772907889 
 3.6579575826 4.0962674420 4.5623213581 
 3.6441839674 4.0816381834 4.5468767432 
 3.6299070567 4.0664617950 4.5308413453 
 3.6150317183 4.0506341576 4.5141021505 
 3.5994663310 4.0340548292 4.4965499796 
 3.5831238384 4.0166281995 4.4780807416 
 3.5659227877 3.9982646285 4.4585966726 
 3.5477883370 3.9788815526 4.4380075382 
 3.5286532133 3.9584045369 4.4162317805 
 3.5084586048 3.9367682583 4.3931975879 
 3.4871549716 3.9139173985 4.3688438703 
 3.4647027587 3.8898074335 4.3431211206 
 3.4410729998 3.8644053023 4.3159921468 
 3.4162477984 3.8376899445 4.2874326619 
 3.3902206792 3.8096526958 4.2574317221 
 3.3629968019 3.7802975356 4.2259920041 
 3.3345930356 3.7496411835 4.1931299213 
 3.3050378923 3.7177130422 4.1588755760 
 3.2743713221 3.6845549937 4.1232725535 
 3.2426443766 3.6502210502 4.0863775630 
 3.2099187457 3.6147768721 4.0482599362 
 3.1762661810 3.5782991611 4.0090009953 
 3.1417678142 3.5408749432 3.9686933027 
 3.1065133868 3.5026007543 3.9274398101 
 3.0706004019 3.4635817434 3.8853529200 
 3.0341332147 3.4239307095 3.8425534772 
 2.9972220748 3.3837670853 3.7991697041 
 2.9599821349 3.3432158841 3.7553360968 
 2.9225324377 3.3024066215 3.7111922920 
 2.8849948949 3.2614722256 3.6668819199 
 2.8474932671 3.2205479455 3.6225514522 
 2.8101521565 3.1797702682 3.5783490535 
 2.7730960183 3.1392758522 3.5344234458 
 2.7364481991 3.0992004836 3.4909227905 
 2.7003300083 3.0596780619 3.4479935936 
 2.6648598256 3.0208396183 3.4057796394 
 2.6301522495 2.9828123719 3.3644209545 
 2.5963172891 2.9457188248 3.3240528069 
 2.5634596008 2.9096759008 3.2848047416 
 2.5316777726 2.8747941278 3.2467996567 
 2.5010636555 2.8411768673 3.2101529218 
 2.4717017448 2.8089195914 3.1749715423 
 2.4436686100 2.7781092103 3.1413533714 
 2.4170323766 2.7488234519 3.1093863756 
 2.3918522575 2.7211302948 3.0791479542 
 2.3681781381 2.6950874580 3.0507043195 
 2.3460502147 2.6707419497 3.0241099406 
 2.3254986876 2.6481296774 2.9994070558 
 2.3065435117 2.6272751236 2.9766252587 
 2.2891942070 2.6081910906 2.9557811633 
 2.2734497305 2.5908785171 2.9368781539 
 2.2592984144 2.5753263737 2.9199062260 
 2.2467179727 2.5615116391 2.9048419230 
 2.2356755806 2.5493993636 2.8916483775 
 2.2261280305 2.5389428241 2.8802754594 
 2.2180219680 2.5300837751 2.8706600400 
 2.2112942116 2.5227528001 2.8627263745 
 2.2058721591 2.5168697657 2.8563866071 
 2.2016742821 2.5123443818 2.8515414015 
 2.1986107096 2.5090768671 2.8480806963 
 2.1965839000 2.5069587200 2.8458845837 
 2.1954893993 2.5058735896 2.8448243066 
 2.1952166793 2.5056982422 2.8447633670 
 2.1956500511 2.5063036141 2.8455587331 
 2.1966696432 2.5075559391 2.8470621337 
 2.1981524331 2.5093179368 2.8491214197 
 2.1999733188 2.5114500453 2.8515819744 
 2.2020062160 2.5138116783 2.8542881489 
 2.2041251618 2.5162624886 2.8570846990 
 2.2062054099 2.5186636146 2.8598181969 
 2.2081244976 2.5208788896 2.8623383937 
 2.2097632684 2.5227759933 2.8644995076 
 2.2110068333 2.5242275264 2.8661614156 
 2.2117454574 2.5251119912 2.8671907302 
 2.2118753586 2.5253146668 2.8674617463 
 2.2112994119 2.5247283671 2.8668572471 
 2.2099277512 2.5232540789 2.8652691668 
 2.2076782700 2.5208014770 2.8625991085 
 2.2044770189 2.5172893222 2.8587587245 
 2.2002585073 2.5126457470 2.8536699696 
 2.1949659160 2.5068084414 2.8472652424 
 2.1885512284 2.4997247511 2.8394874314 
 2.1809752932 2.4913517021 2.8302898852 
 2.1722078267 2.4816559653 2.8196363255 
 2.1622273671 2.4706137766 2.8075007205 
 2.1510211891 2.4582108221 2.7938671341 
 2.1385851844 2.4444420987 2.7787295616 
 2.1249237156 2.4293117550 2.7620917594 
 2.1100494431 2.4128329152 2.7439670706 
 2.0939831255 2.3950274852 2.7243782452 
 2.0767533909 2.3759259349 2.7033572459 
 2.0583964737 2.3555670508 2.6809450326 
 2.0389559108 2.3339976496 2.6571913093 
 2.0184821910 2.3112722428 2.6321542227 
 1.9970323506 2.2874526423 2.6058999957 
 1.9746695095 2.2626074984 2.5785024855 
 1.9514623442 2.2368117644 2.5500426540 
 1.9274844961 2.2101460821 2.5206079456 
 1.9028139156 2.1826960899 2.4902915686 
 1.8775321461 2.1545516549 2.4591916831 
 1.8517235547 2.1258060363 2.4274105014 
 1.8254745191 2.0965549915 2.3950533127 
 1.7988725826 2.0668958366 2.3622274470 
 1.7720055909 2.0369264782 2.3290411968 
 1.7449608250 2.0067444347 2.2956027162 
 1.7178241483 1.9764458640 2.2620189219 
 1.6906791804 1.9461246187 2.2283944153 
 1.6636065153 1.9158713448 2.1948304503 
 1.6366829965 1.8857726420 2.1614239650 
 1.6099810616 1.8559103004 2.1282666966 
 1.5835681663 1.8263606245 2.0954443941 
 1.5575062948 1.7971938563 2.0630361398 
 1.5318515640 1.7684737025 2.0311137903 
 1.5066539206 1.7402569695 1.9997415388 
 1.4819569351 1.7125933087 1.9689756038 
 1.4577976880 1.6855250678 1.9388640383 
 1.4342067460 1.6590872460 1.9094466599 
 1.4112082212 1.6333075459 1.8807550902 
 1.3888199077 1.6082065141 1.8528128985 
 1.3670534871 1.5837977629 1.8256358375 
 1.3459147937 1.5600882607 1.7992321602 
 1.3254041317 1.5370786843 1.7736030072 
 1.3055166348 1.5147638195 1.7487428517 
 1.2862426591 1.4931330021 1.7246399901 
 1.2675682020 1.4721705890 1.7012770691 
 1.2494753381 1.4518564501 1.6786316371 
 1.2319426661 1.4321664734 1.6566767110 
 1.2149457594 1.4130730748 1.6353813508 
 1.1984576159 1.3945457088 1.6147112331 
 1.1824491009 1.3765513708 1.5946292187 
 1.1668893807 1.3590550897 1.5750959079 
 1.1517463415 1.3420204051 1.5560701803 
 1.1369869930 1.3254098266 1.5375097135 
 1.1225778529 1.3091852727 1.5193714805 
 1.1084853113 1.2933084869 1.5016122214 
 1.0946759738 1.2777414298 1.4841888888 
 1.0811169812 1.2624466464 1.4670590655 
 1.0677763063 1.2473876061 1.4501813521 
 1.0546230256 1.2325290164 1.4335157257 
 1.0416275672 1.2178371081 1.4170238670 
 1.0287619316 1.2032798924 1.4006694555 
 1.0159998881 1.1888273881 1.3844184325 
 1.0033171433 1.1744518197 1.3682392306 
 0.9906914838 1.1601277844 1.3521029691 
 0.9781028914 1.1458323891 1.3359836150 
 0.9655336305 1.1315453552 1.3198581085 
 0.9529683091 1.1172490932 1.3037064529 
 0.9403939114 1.1029287451 1.2875117690 
 0.9277998044 1.0885721963 1.2712603141 
 0.9151777179 1.0741700565 1.2549414657 
 0.9025216992 1.0597156122 1.2385476712 
 0.8898280433 1.0452047495 1.2220743648 
 0.8770952011 1.0306358515 1.2055198536 
 0.8643236660 1.0160096705 1.1888851750 
 0.8515158425 1.0013291780 1.1721739273 
 0.8386758973 0.9865993954 1.1553920779 
 0.8258095977 0.9718272078 1.1385477511 
 0.8129241377 0.9570211644 1.1216510007 
 0.8000279570 0.9421912689 1.1047135687 
 0.7871305532 0.9273487628 1.0877486372 
 0.7742422930 0.9125059055 1.0707705748 
 0.7613742222 0.8976757544 1.0537946830 
 0.7485378804 0.8828719485 1.0368369454 
 0.7357451198 0.8681084975 1.0199137840 
 0.7230079329 0.8533995801 1.0030418255 
 0.7103382901 0.8387593546 0.9862376802 
 0.6977479886 0.8242017813 0.9695177367 
 0.6852485150 0.8097404622 0.9528979740 
 0.6728509223 0.7953884957 0.9363937927 
 0.6605657218 0.7811583496 0.9200198667 
 0.6484027910 0.7670617530 0.9037900155 
 0.6363712968 0.7531096054 0.8877170990 
 0.6244796356 0.7393119053 0.8718129326 
 0.6127353872 0.7256776964 0.8560882237 
 0.6011452850 0.7122150312 0.8405525287 
 0.5897151994 0.6989309508 0.8252142283 
 0.5784501342 0.6858314805 0.8100805215 
 0.5673542352 0.6729216389 0.7951574359 
 0.5564308097 0.6602054603 0.7804498519 
 0.5456823551 0.6476860276 0.7659615418 
 0.5351105955 0.6353655155 0.7516952182 
 0.5247165264 0.6232452415 0.7376525939 
 0.5145004634 0.6113257236 0.7238344485 
 0.5044620964 0.5996067436 0.7102407016 
 0.4946005466 0.5880874137 0.6968704904 
 0.4849144255 0.5767662459 0.6837222507 
 0.4754018953 0.5656412224 0.6707937989 
 0.4660607285 0.5547098667 0.6580824146 
 0.4568883679 0.5439693132 0.6455849222 
 0.4478819840 0.5334163751 0.6332977707 
 0.4390385305 0.5230476103 0.6212171098 
 0.4303547977 0.5128593834 0.6093388634 
 0.4218274613 0.5028479240 0.5976587978 
 0.4134531289 0.4930093814 0.5861725852 
 0.4052283818 0.4833398737 0.5748758622 
 0.3971498127 0.4738355328 0.5637642821 
 0.3892140599 0.4644925442 0.5528335615 
 0.3814178362 0.4553071815 0.5420795214 
 0.3737579543 0.4462758361 0.5314981217 
 0.3662313475 0.4373950423 0.5210854903 
 0.3588350869 0.4286614962 0.5108379462 
 0.3515663941 0.4200720719 0.5007520172 
 0.3444226508 0.4116238318 0.4908244531 
 0.3374014045 0.4033140334 0.4810522325 
 0.3305003710 0.3951401322 0.4714325669 
 0.3237174351 0.3870997818 0.4619628994 
 0.3170506470 0.3791908295 0.4526409004 
 0.3104982181 0.3714113111 0.4434644604 
 0.3040585139 0.3637594418 0.4344316789 
 0.2977300457 0.3562336058 0.4255408522 
 0.2915114606 0.3488323448 0.4167904590 
 0.2854015316 0.3415543446 0.4081791440 
 0.2793991454 0.3343984212 0.3997057014 
 0.2735032911 0.3273635060 0.3913690572 
 0.2677130478 0.3204486317 0.3831682510 
 0.2620275731 0.3136529170 0.3751024187 
 0.2564460912 0.3069755525 0.3671707747 
 0.2509678812 0.3004157869 0.3593725950 
 0.2455922668 0.2939729134 0.3517072014 
 0.2403186062 0.2876462577 0.3441739462 
 0.2351462825 0.2814351663 0.3367721984 
 0.2300746954 0.2753389962 0.3295013311 
 0.2251032536 0.2693571057 0.3223607100 
 0.2202313686 0.2634888463 0.3153496839 
 0.2154584484 0.2577335554 0.3084675759 
 0.2107838936 0.2520905510 0.3017136765 
 0.2062070929 0.2465591269 0.2950872376 
 0.2017274210 0.2411385489 0.2885874688 
 0.1973442360 0.2358280527 0.2822135338 
 0.1930568787 0.2306268422 0.2759645486 
 0.1888646719 0.2255340888 0.2698395807 
 0.1847669208 0.2205489317 0.2638376496 
 0.1807629137 0.2156704792 0.2579577275 
 0.1768519236 0.2108978095 0.2521987413 
 0.1730332100 0.2062299738 0.2465595753 
 0.1693060210 0.2016659981 0.2410390742 
 0.1656695961 0.1972048870 0.2356360467 
 0.1621231688 0.1928456263 0.2303492696 
 0.1586659702 0.1885871872 0.2251774916 
 0.1552972316 0.1844285298 0.2201194384 
 0.1520161879 0.1803686067 0.2151738164 
 0.1488220817 0.1764063673 0.2103393182 
 0.1457141656 0.1725407615 0.2056146264 
 0.1426917065 0.1687707437 0.2009984184 
 0.1397539885 0.1650952763 0.1964893707 
 0.1369003166 0.1615133337 0.1920861632 
 0.1341300194 0.1580239056 0.1877874831 
 0.1314424528 0.1546260008 0.1835920290 
 0.1288370030 0.1513186499 0.1794985142 
 0.1263130892 0.1481009092 0.1755056703 
 0.1238701670 0.1449718630 0.1716122505 
 0.1215077310 0.1419306269 0.1678170324 
 0.1192253178 0.1389763503 0.1641188210 
 0.1170225085 0.1361082192 0.1605164511 
 0.1148989319 0.1333254585 0.1570087899 
 0.1128542668 0.1306273346 0.1535947393 
 0.1108882450 0.1280131577 0.1502732379 
 0.1090006540 0.1254822839 0.1470432633 
 0.1071913396 0.1230341178 0.1439038336 
 0.1054602089 0.1206681145 0.1408540098 
 0.1038072331 0.1183837819 0.1378928972 
 0.1022324504 0.1161806830 0.1350196475 
 0.1007359693 0.1140584381 0.1322334602 
 0.0993179712 0.1120167272 0.1295335849 
 0.0979787142 0.1100552922 0.1269193224 
 0.0967185359 0.1081739398 0.1243900271 
 0.0955378576 0.1063725436 0.1219451088 
 0.0944371870 0.1046510469 0.1195840340 
 0.0934171227 0.1030094653 0.1173063289 
 0.0924783576 0.1014478897 0.1151115805 
 0.0916216834 0.0999664892 0.1129994394 
 0.0908479939 0.0985655139 0.1109696215 
 0.0901582904 0.0972452983 0.1090219106 
 0.0895536852 0.0960062644 0.1071561608 
 0.0890354066 0.0948489251 0.1053722988 
 0.0886048036 0.0937738875 0.1036703264 
 0.0882633506 0.0927818568 0.1020503234 
 0.0880126524 0.0918736396 0.1005124498 
 0.0878544492 0.0910501479 0.0990569493 
 0.0877906222 0.0903124029 0.0976841515 
 0.0878231981 0.0896615389 0.0963944752 
 0.0879543554 0.0890988074 0.0951884315 
 0.0881864295 0.0886255812 0.0940666264 
 0.0885219183 0.0882433587 0.0930297646 
 0.0889634880 0.0879537684 0.0920786521 
 0.0895139790 0.0877585728 0.0912142002 
 0.0901764119 0.0876596734 0.0904374281 
 0.0909539936 0.0876591152 0.0897494671 
 0.0918501230 0.0877590912 0.0891515636 
 0.0928683980 0.0879619475 0.0886450830 
 0.0940126214 0.0882701879 0.0882315131 
 0.0952868075 0.0886864794 0.0879124684 
 0.0966951889 0.0892136566 0.0876896935 
 0.0982422232 0.0898547281 0.0875650675 
 0.0999325999 0.0906128807 0.0875406080 
 0.1017712480 0.0914914860 0.0876184752 
 0.1037633424 0.0924941059 0.0878009766 
 0.1059143126 0.0936244983 0.0880905717 
 0.1082298496 0.0948866238 0.0884898763 
 0.1107159143 0.0962846517 0.0890016682 
 0.1133787460 0.0978229670 0.0896288917 
 0.1162248707 0.0995061777 0.0903746638 
 0.1192611104 0.1013391215 0.0912422793 
 0.1224945925 0.1033268741 0.0922352174 
 0.1259327598 0.1054747569 0.0933571477 
 0.1295833802 0.1077883458 0.0946119373 
 0.1334545586 0.1102734801 0.0960036575 
 0.1375547472 0.1129362719 0.0975365919 
 0.1418927585 0.1157831165 0.0992152440 
 0.1464777773 0.1188207024 0.1010443458 
 0.1513193745 0.1220560231 0.1030288672 
 0.1564275212 0.1254963888 0.1051740248 
 0.1618126034 0.1291494388 0.1074852931 
 0.1674854382 0.1330231552 0.1099684144 
 0.1734572903 0.1371258770 0.1126294108 
 0.1797398896 0.1414663147 0.1154745963 
 0.1863454499 0.1460535666 0.1185105895 
 0.1932866887 0.1508971350 0.1217443275 
 0.2005768473 0.1560069443 0.1251830800 
 0.2082297130 0.1613933592 0.1288344648 
 0.2162596415 0.1670672042 0.1327064636 
 0.2246815806 0.1730397839 0.1368074391 
 0.2335110953 0.1793229047 0.1411461523 
 0.2427643927 0.1859288965 0.1457317812 
 0.2524583493 0.1928706362 0.1505739399 
 0.2626105381 0.2001615715 0.1556826987 
 0.2732392565 0.2078157454 0.1610686051 
 0.2843635554 0.2158478220 0.1667427046 
 0.2960032680 0.2242731120 0.1727165637 
 0.3081790395 0.2331075994 0.1790022916 
 0.3209123566 0.2423679686 0.1856125640 
 0.3342255769 0.2520716307 0.1925606464 
 0.3481419575 0.2622367511 0.1998604175 
 0.3626856841 0.2728822759 0.2075263933 
 0.3778818974 0.2840279585 0.2155737508 
 0.3937567196 0.2956943851 0.2240183513 
 0.4103372784 0.3079029993 0.2328767637 
 0.4276517288 0.3206761259 0.2421662865 
 0.4457292725 0.3340369921 0.2519049696 
 0.4646001741 0.3480097475 0.2621116343 
 0.4842957740 0.3626194820 0.2728058924 
 0.5048484962 0.3778922394 0.2840081626 
 0.5262918524 0.3938550301 0.2957396864 
 0.5486604404 0.4105358377 0.3080225397 
 0.5719899365 0.4279636235 0.3208796430 
 0.5963170814 0.4461683251 0.3343347679 
 0.6216796593 0.4651808506 0.3484125402 
 0.6481164692 0.4850330670 0.3631384385 
 0.6756672873 0.5057577823 0.3785387898 
 0.7043728216 0.5273887216 0.3946407589 
 0.7342746564 0.5499604956 0.4114723334 
 0.7654151868 0.5735085622 0.4290623037 
 0.7978375434 0.5980691798 0.4474402361 
 0.8315855056 0.6236793527 0.4666364404 
 0.8667034043 0.6503767672 0.4866819309 
 0.9032360130 0.6781997200 0.5076083806 
 0.9412284276 0.7071870364 0.5294480682 
 0.9807259342 0.7373779801 0.5522338184 
 1.0217738659 0.7688121529 0.5759989340 
 1.0644174485 0.8015293858 0.6007771217 
 1.1087016343 0.8355696209 0.6266024094 
 1.1546709261 0.8709727835 0.6535090570 
 1.2023691917 0.9077786472 0.6815314598 
 1.2518394681 0.9460266892 0.7107040446 
 1.3031237590 0.9857559389 0.7410611597 
 1.3562628237 1.0270048197 0.7726369583 
 1.4112959616 1.0698109844 0.8054652767 
 1.4682607911 1.1142111453 0.8395795072 
 1.5271930268 1.1602409008 0.8750124664 
 1.5881262544 1.2079345583 0.9117962600 
 1.6510917069 1.2573249562 0.9499621458 
 1.7161180434 1.3084432846 0.9895403932 
 1.7832311317 1.3613189079 1.0305601433 
 1.8524538386 1.4159791893 1.0730492688 
 1.9238058273 1.4724493197 1.1170342351 
 1.9973033672 1.5307521517 1.1625399636 
 2.0729591545 1.5909080404 1.2095896992 
 2.1507821489 1.6529346935 1.2582048817 
 2.2307774253 1.7168470305 1.3084050230 
 2.3129460450 1.7826570525 1.3602075910 
 2.3972849449 1.8503737256 1.4136279007 
 2.4837868478 1.9200028762 1.4686790139 
 2.5724401949 1.9915471012 1.5253716475 
 2.6632290996 2.0650056926 1.5837140915 
 2.7561333245 2.1403745772 1.6437121365 
 2.8511282803 2.2176462715 1.7053690113 
 2.9481850479 2.2968098522 1.7686853307 
 3.0472704203 2.3778509409 1.8336590531 
 3.1483469667 2.4607517033 1.9002854467 
 3.2513731138 2.5454908617 1.9685570656 
 3.3563032451 2.6320437195 2.0384637332 
 3.4630878148 2.7203821962 2.1099925322 
 3.5716734741 2.8104748718 2.1831278014 
 3.6820032081 2.9022870383 2.2578511360 
 3.7940164789 2.9957807558 2.3341413910 
 3.9076493735 3.0909149127 2.4119746862 
 4.0228347527 3.1876452858 2.4913244104 
 4.1395023985 3.2859245994 2.5721612239 
 4.2575791563 3.3857025807 2.6544530569 
 4.3769890698 3.4869260095 2.7381651024 
 4.4976535061 3.5895387598 2.8232598022 
 4.6194912675 3.6934818320 2.9096968237 
 4.7424186903 3.7986933738 2.9974330277 
 4.8663497262 3.9051086878 3.0864224242 
 4.9911960068 4.0126602272 3.1766161171 
 5.1168668909 4.1212775750 3.2679622363 
 5.2432694928 4.2308874107 3.3604058572 
 5.3703086929 4.3414134617 3.4538889075 
 5.4978871317 4.4527764417 3.5483500629 
 5.6259051870 4.5648939758 3.6437246312 
 5.7542609386 4.6776805161 3.7399444267 
 5.8828501196 4.7910472471 3.8369376377 
 6.0115660605 4.9049019851 3.9346286875 
 6.1402996253 5.0191490743 4.0329380924 
 6.2689391472 5.1336892820 4.1317823194 
 6.3973703631 5.2484196962 4.2310736475 
 6.5254763545 5.3632336312 4.3307200346 
 6.6531374955 5.4780205414 4.4306249947 
 6.7802314144 5.5926659516 4.5306874895 
 6.9066329704 5.7070514035 4.6308018374 
 7.0322142498 5.8210544250 4.7308576448 
 7.1568445854 5.9345485253 4.8307397627 
 7.2803906013 6.0474032182 4.9303282736 
 7.4027162861 6.1594840783 5.0294985113 
 7.5236830957 6.2706528315 5.1281211173 
 7.6431500888 6.3807674833 5.2260621368 
 7.7609740945 6.4896824852 5.3231831572 
 7.8770099133 6.5972489429 5.4193414906 
 7.9911105518 6.7033148641 5.5143904029 
 8.1031274893 6.8077254488 5.6081793891 
 8.2129109761 6.9103234198 5.7005544974 
 8.3203103621 7.0109493939 5.7913587005 
 8.4251744521 7.1094422912 5.8804323130 
 8.5273518881 7.2056397812 5.9676134565 
 8.6266915531 7.2993787639 6.0527385665 
 8.7230429953 7.3904958810 6.1356429426 
 8.8162568701 7.4788280576 6.2161613368 
 8.9061853947 7.5642130672 6.2941285778 
 8.9926828150 7.6464901197 6.3693802266 
 9.0756058804 7.7255004670 6.4417532608 
 9.1548143234 7.8010880229 6.5110867820 
 9.2301713441 7.8730999943 6.5772227430 
 9.3015440936 7.9413875194 6.6400066889 
 9.3688041578 8.0058063091 6.6992885081 
 9.4318280384 8.0662172894 6.7549231883 
 9.4904976291 8.1224872402 6.8067715714 
 9.5447006876 8.1744894282 6.8547011045 
 9.5943313009 8.2221042300 6.8985865785 
 9.6392903431 8.2652197430 6.9383108532 
 9.6794859254 8.3037323804 6.9737655598 
 9.7148338369 8.3375474473 7.0048517779 
 9.7452579746 8.3665796945 7.0314806812 
 9.7706907615 8.3907538459 7.0535741456 
 9.7910735502 8.4100050973 7.0710653142 
 9.8063570105 8.4242795796 7.0838991147 
 9.8165014967 8.4335347847 7.0920327213 
 9.8214773910 8.4377399468 7.0954359563 
 9.8212654202 8.4368763754 7.0940916253 
 9.8158569375 8.4309377333 7.0879957794 
 9.8052541667 8.4199302531 7.0771578981 
 9.7894703999 8.4038728879 7.0616009884 
 9.7685301432 8.3827973868 7.0413615929 
 9.7424692027 8.3567482915 7.0164897030 
 9.7113347020 8.3257828466 6.9870485723 
 9.6751850264 8.2899708175 6.9531144266 
 9.6340896830 8.2493942120 6.9147760684 
 9.5881290733 8.2041469008 6.8721343740 
 9.5373941700 8.1543341341 6.8253016841 
 9.4819860940 8.1000719524 6.7744010882 
 9.4220155889 8.0414864930 6.7195656087 
 9.3576023902 7.9787131918 6.6609372868 
 9.2888744904 7.9118958878 6.5986661811 
 9.2159673021 7.8411858328 6.5329092846 
 9.1390227242 7.7667406178 6.4638293737 
 9.0581881190 7.6887230253 6.3915938020 
 8.9736152091 7.6072998203 6.3163732511 
 8.8854589081 7.5226404961 6.2383404590 
 8.7938760994 7.4349159903 6.1576689384 
 8.6990243792 7.3442973902 6.0745317079 
 8.6010607856 7.2509546474 5.9891000513 
 8.5001405318 7.1550553217 5.9015423270 
 8.3964157672 7.0567633759 5.8120228436 
 8.2900343896 6.9562380419 5.7207008230 
 8.1811389307 6.8536327799 5.6277294653 
 8.0698655389 6.7490943490 5.5332551339 
 7.9563430818 6.6427620100 5.4374166737 
 7.8406923898 6.5347668740 5.3403448738 
 7.7230256599 6.4252314141 5.2421620866 
 7.6034460381 6.3142691510 5.1429820083 
 7.4820473937 6.2019845212 5.0429096260 
 7.3589142983 6.0884729344 4.9420413331 
 7.2341222177 5.9738210228 4.8404652105 
 7.1077379200 5.8581070800 4.7382614698 
 6.9798201018 5.7414016876 4.6355030504 
 6.8504202276 5.6237685175 4.5322563589 
 6.7195835745 5.5052653016 4.4285821396 
 6.5873504703 5.3859449506 4.3245364560 
 6.4537577067 5.2658568044 4.2201717683 
 6.3188401066 5.1450479907 4.1155380827 
 6.1826322203 5.0235648665 4.0106841503 
 6.0451701194 4.9014545147 3.9056586912 
 5.9064932551 4.7787662639 3.8005116164 
 5.7666463445 4.6555531998 3.6952952208 
 5.6256812430 4.5318736333 3.5900653198 
 5.4836587618 4.4077924909 3.4848823024 
 5.3406503859 4.2833825914 3.3798120729 
 5.1967398477 4.1587257761 3.2749268583 
 5.0520245123 4.0339138579 3.1703058549 
 4.9066165311 3.9090493608 3.0660356966 
 4.7606437240 3.7842460208 2.9622107265 
 4.6142501538 3.6596290275 2.8589330573 
 4.4675963622 3.5353349879 2.7563124148 
 4.3208592427 3.4115116008 2.6544657585 
 4.1742315352 3.2883170385 2.5535166812 
 4.0279209342 3.1659190376 2.4535945978 
 3.8821488134 3.0444937093 2.3548337324 
 3.7371485800 2.9242240888 2.2573719260 
 3.5931636830 2.8052984478 2.1613492875 
 3.4504453082 2.6879084053 2.0669067155 
 3.3092498059 2.5722468748 1.9741843263 
 3.1698359044 2.4585058940 1.8833198220 
 3.0324617691 2.3468743850 1.7944468370 
 2.8973819749 2.2375358980 1.7076933021 
 2.7648444616 2.1306663902 1.6231798644 
 2.6350875443 2.0264320928 1.5410184007 
 2.5083370483 1.9249875148 1.4613106573 
 2.3848036364 1.8264736299 1.3841470479 
 2.2646803885 1.7310162856 1.3096056358 
 2.1481406867 1.6387248687 1.2377513189 
 2.0353364501 1.5496912510 1.1686352346 
 1.9263967502 1.4639890343 1.1022943900 
 1.8214268281 1.3816731011 1.0387515218 
 1.7205075241 1.3027794723 0.9780151802 
 1.6236951136 1.2273254628 0.9200800265 
 1.5310215382 1.1553101195 0.8649273318 
 1.4424950076 1.0867149194 0.8125256538 
 1.3581009387 1.0215046995 0.7628316721 
 1.2778031957 0.9596287877 0.7157911545 
 1.2015455843 0.9010222985 0.6713400285 
 1.1292535544 0.8456075580 0.6294055296 
 1.0608360630 0.7932956216 0.5899073988 
 0.9961875474 0.7439878472 0.5527591045 
 0.9351899625 0.6975774915 0.5178690621 
 0.8777148393 0.6539512969 0.4851418313 
 0.8236253227 0.6129910408 0.4544792693 
 0.7727781548 0.5745750239 0.4257816261 
 0.7250255725 0.5385794756 0.3989485668 
 0.6802170952 0.5048798629 0.3738801116 
 0.6382011823 0.4733520874 0.3504774865 
 0.5988267471 0.4438735659 0.3286438813 
 0.5619445172 0.4163241871 0.3082851124 
 0.5274082363 0.3905871456 0.2893101919 
 0.4950757074 0.3665496527 0.2716318061 
 0.4648096784 0.3441035295 0.2551667071 
 0.4364785766 0.3231456872 0.2398360238 
 0.4099570990 0.3035785022 0.2255654977 
 0.3851266669 0.2853100936 0.2122856515 
 0.3618757566 0.2682545137 0.1999318980 
 0.3401001156 0.2523318581 0.1884445959 
 0.3197028773 0.2374683079 0.1777690608 
 0.3005945847 0.2235961112 0.1678555381 
 0.2826931360 0.2106535139 0.1586591463 
 0.2659236629 0.1985846494 0.1501397963 
 0.2502183524 0.1873393946 0.1422620935 
 0.2355162251 0.1768732022 0.1349952307 
 0.2217628778 0.1671469164 0.1283128758 
 0.2089102033 0.1581265794 0.1221930625 
 0.1969160958 0.1497832378 0.1166180879 
 0.1857441522 0.1420927554 0.1115744248 
 0.1753633791 0.1350356390 0.1070526529 
 0.1657479136 0.1285968852 0.1030474146 
 0.1568767673 0.1227658544 0.0995574023 
 0.1487336023 0.1175361793 0.0965853814 
 0.1413065463 0.1129057132 0.0941382551 
 0.1345880553 0.1088765261 0.0922271767 
 0.1285748312 0.1054549531 0.0908677155 
 0.1232678005 0.1026517031 0.0900800811 
 0.1186721616 0.1004820322 0.0898894131 
 0.1147975064 0.0989659891 0.0903261418 
 0.1116580218 0.0981287377 0.0914264264 
 0.1092727777 0.0980009635 0.0932326768 
 0.1076661056 0.0986193701 0.0957941671 
 0.1068680748 0.1000272720 0.0991677464 
 0.1069150701 0.1022752902 0.1034186554 
 0.1078504773 0.1054221575 0.1086214561 
 0.1097254811 0.1095356402 0.1148610815 
 0.1125999818 0.1146935825 0.1222340141 
 0.1165436339 0.1209850810 0.1308495973 
 0.1216370125 0.1285117916 0.1408314882 
 0.1279729102 0.1373893763 0.1523192520 
 0.1356577640 0.1477490873 0.1654700998 
 0.1448132136 0.1597394879 0.1804607649 
 0.1555777808 0.1735283012 0.1974895070 
 0.1681086622 0.1893043715 0.2167782249 
 0.1825836116 0.2072797141 0.2385746487 
 0.1992028838 0.2276916165 0.2631545677 
 0.2181911969 0.2508047396 0.2908240351 
 0.2397996523 0.2769131499 0.3219214685 
 0.2643075382 0.3063421930 0.3568195467 
 0.2920239150 0.3394500928 0.3959267710 
 0.3232888636 0.3766291399 0.4396885363 
 0.3584742486 0.4183062983 0.4885875240 
 0.3979838249 0.4649430386 0.5431431968 
 0.4422524948 0.5170341749 0.6039101502 
 0.4917444984 0.5751054640 0.6714750431 
 0.5469503124 0.6397097060 0.7464518177 
 0.6083820222 0.7114210839 0.8294749041 
 0.6765669461 0.7908274867 0.9211901203 
 0.7520393115 0.8785205872 1.0222430029 
 0.8353298314 0.9750835017 1.1332643697 
 0.9269530964 1.0810759365 1.2548530097 
 1.0273927979 1.1970168485 1.3875555426 
 1.1370849246 1.3233647969 1.5318436764 
 1.2563992297 1.4604963632 1.6880893352 
 1.3856194534 1.6086832399 1.8565384090 
 1.5249229838 1.7680688412 2.0372841858 
 1.6743608451 1.9386455422 2.2302418320 
 