5.2071495136 5.5727367689 5.9097058544 
 5.5735776351 5.9448575848 6.2817611925 
 5.9504281914 6.3261321304 6.6615031009 
 6.3354692432 6.7142871382 7.0466855438 
 6.7261766046 7.1067850396 7.4348316134 
 7.1197911324 7.5008832820 7.8232921704 
 7.5133921581 7.8937082444 8.2093172308 
 7.9039832898 8.2823398088 8.5901362109 
 8.2885854133 8.6639014176 8.9630421058 
 8.6643308201 9.0356497322 9.3254741422 
 9.0285521596 9.3950579423 9.6750935033 
 9.3788603861 9.7398873750 10.0098473770 
 9.7132069889 10.0682432198 10.3280177266 
 10.0299273693 10.3786117518 10.6282526488 
 10.3277640308 10.6698781558 10.9095797597 
 10.6058700159 10.9413257001 11.1714025238 
 10.8637945416 11.1926183780 11.4134816435 
 11.1014538965 11.4237701110 11.6359044550 
 11.3190913090 11.6351041254 11.8390457009 
 11.5172296784 11.8272062164 12.0235230894 
 11.6966208617 12.0008753634 12.1901507898 
 11.8581947285 12.1570746615 12.3398935355 
 12.0030105510 12.2968849055 12.4738234204 
 12.1322125941 12.4214624891 12.5930808545 
 12.2469910924 12.5320026436 12.6988405680 
 12.3485492032 12.6297084887 12.7922830488 
 12.4380760410 12.7157659216 12.8745714027 
 12.5167255360 12.7913240444 12.9468333300 
 12.5856006099 12.8574806087 13.0101477172 
 12.6457420195 12.9152718310 13.0655352347 
 12.6981211509 12.9656658825 13.1139522868 
 12.7436360473 13.0095593619 13.1562876703 
 12.7831099895 13.0477761026 13.1933613411 
 12.8172920192 13.0810677361 13.2259247532 
 12.8468588722 13.1101155118 13.2546623104 
 12.8724178800 13.1355329592 13.2801935520 
 12.8945104782 13.1578690622 13.3030757705 
 12.9136160440 13.1776116885 13.3238068332 
 12.9301558529 13.1951910899 13.3428280429 
 12.9444970092 13.2109833450 13.3605269300 
 12.9569562532 13.2253136673 13.3772399151 
 12.9678035925 13.2384595412 13.3932548176 
 12.9772657373 13.2506536794 13.4088132183 
 12.9855293424 13.2620868175 13.4241127012 
 12.9927440777 13.2729103787 13.4393090187 
 12.9990255589 13.2832390505 13.4545182279 
 13.0044581740 13.2931533161 13.4698188525 
 13.0090978445 13.3027019863 13.4852541175 
 13.0129747531 13.3119047709 13.5008343037 
 13.0160960670 13.3207549190 13.5165392542 
 13.0184486772 13.3292219513 13.5323210576 
 13.0200019618 13.3372544942 13.5481069177 
 13.0207105765 13.3447832136 13.5638022078 
 13.0205172619 13.3517238363 13.5792936917 
 13.0193556498 13.3579802344 13.5944528848 
 13.0171530428 13.3634475406 13.6091395142 
 13.0138331360 13.3680152540 13.6232050285 
 13.0093186442 13.3715702889 13.6364961032 
 13.0035337967 13.3739999207 13.6488580799 
 12.9964066615 13.3751945757 13.6601382790 
 12.9878712625 13.3750504207 13.6701891251 
 12.9778694567 13.3734717057 13.6788710287 
 12.9663525444 13.3703728233 13.6860549740 
 12.9532825911 13.3656800533 13.6916247710 
 12.9386334477 13.3593329717 13.6954789388 
 12.9223914621 13.3512855091 13.6975321981 
 12.9045558862 13.3415066576 13.6977165636 
 12.8851389847 13.3299808301 13.6959820339 
 12.8641658658 13.3167078873 13.6922968926 
 12.8416740530 13.3017028544 13.6866476383 
 12.8177128272 13.2849953566 13.6790385739 
 12.7923423705 13.2666288058 13.6694910897 
 12.7656327449 13.2466593776 13.6580426808 
 12.7376627407 13.2251548165 13.6447457426 
 12.7085186309 13.2021931106 13.6296661890 
 12.6782928652 13.1778610750 13.6128819399 
 12.6470827353 13.1522528810 13.5944813203 
 12.6149890421 13.1254685673 13.5745614128 
 12.5821147902 13.0976125634 13.5532264008 
 12.5485639326 13.0687922531 13.5305859353 
 12.5144401845 13.0391166014 13.5067535538 
 12.4798459204 13.0086948619 13.4818451737 
 12.4448811647 12.9776353803 13.4559776788 
 12.4096426842 12.9460445020 13.4292676107 
 12.3742231854 12.9140255899 13.4018299751 
 12.3387106165 12.8816781555 13.3737771659 
 12.3031875732 12.8490971006 13.3452180079 
 12.2677308038 12.8163720666 13.3162569154 
 12.2324108083 12.7835868875 13.2869931630 
 12.1972915235 12.7508191373 13.2575202604 
 12.1624300878 12.7181397652 13.2279254246 
 12.1278766779 12.6856128109 13.1982891404 
 12.0936744076 12.6532951908 13.1686848018 
 12.0598592846 12.6212365480 13.1391784247 
 12.0264602151 12.5894791583 13.1098284250 
 11.9934990527 12.5580578868 13.0806854555 
 11.9609906851 12.5270001890 13.0517922948 
 11.9289431560 12.4963261536 13.0231837866 
 11.8973578169 12.4660485823 12.9948868250 
 11.8662295091 12.4361731069 12.9669203847 
 11.8355467740 12.4066983403 12.9392955958 
 11.8052920893 12.3776160643 12.9120158636 
 11.7754421351 12.3489114515 12.8850770343 
 11.7459680860 12.3205633257 12.8584676080 
 11.7168359333 12.2925444582 12.8321690014 
 11.6880068360 12.2648219048 12.8061558607 
 11.6594375021 12.2373573807 12.7803964262 
 11.6310805994 12.2101076772 12.7548529495 
 11.6028851967 12.1830251161 12.7294821627 
 11.5747972330 12.1560580446 12.7042357977 
 11.5467600143 12.1291513651 12.6790611551 
 11.5187147349 12.1022470998 12.6539017166 
 11.4906010210 12.0752849857 12.6286977996 
 11.4623574916 12.0482030937 12.6033872450 
 11.4339223340 12.0209384701 12.5779061350 
 11.4052338878 11.9934277903 12.5521895306 
 11.3762312331 11.9656080226 12.5261722237 
 11.3468547774 11.9374170915 12.4997894928 
 11.3170468348 11.9087945361 12.4729778561 
 11.2867521934 11.8796821563 12.4456758117 
 11.2559186639 11.8500246391 12.4178245570 
 11.2244976057 11.8197701589 12.3893686800 
 11.1924444243 11.7888709468 12.3602568134 
 11.1597190370 11.7572838215 12.3304422464 
 11.1262863007 11.7249706787 12.2998834864 
 11.0921164010 11.6918989328 12.2685447663 
 11.0571851972 11.6580419089 12.2363964924 
 11.0214745213 11.6233791808 12.2034156291 
 10.9849724298 11.5878968532 12.1695860180 
 10.9476734051 11.5515877857 12.1348986289 
 10.9095785061 11.5144517580 12.0993517412 
 10.8706954664 11.4764955745 12.0629510561 
 10.8310387407 11.4377331095 12.0257097381 
 10.7906294977 11.3981852914 11.9876483883 
 10.7494955596 11.3578800276 11.9487949485 
 10.7076712904 11.3168520709 11.9091845408 
 10.6651974307 11.2751428287 11.8688592417 
 10.6221208825 11.2328001160 11.8278677962 
 10.5784944440 11.1898778559 11.7862652732 
 10.5343764959 11.1464357285 11.7441126676 
 10.4898306420 11.1025387722 11.7014764511 
 10.4449253058 11.0582569398 11.6584280783 
 10.3997332855 11.0136646134 11.6150434507 
 10.3543312713 10.9688400823 11.5714023450 
 10.3087993275 10.9238649869 11.5275878112 
 10.2632203430 10.8788237343 11.4836855436 
 10.2176794544 10.8338028882 11.4397832323 
 10.1722634450 10.7888905395 11.3959698994 
 10.1270601234 10.7441756602 11.3523352238 
 10.0821576864 10.6997474452 11.3089688609 
 10.0376440689 10.6556946468 11.2659597598 
 9.9936062846 10.6121049039 11.2233954830 
 9.9501297613 10.5690640694 11.1813615291 
 9.9072976729 10.5266555402 11.1399406643 
 9.8651902707 10.4849595891 11.0992122615 
 9.8238842180 10.4440527029 11.0592516497 
 9.7834519279 10.4040069272 11.0201294742 
 9.7439609074 10.3648892193 10.9819110679 
 9.7054731100 10.3267608105 10.9446558341 
 9.6680442982 10.2896765786 10.9084166415 
 9.6317234177 10.2536844334 10.8732392308 
 9.5965519871 10.2188247151 10.8391616353 
 9.5625635046 10.1851296098 10.8062136173 
 9.5297828766 10.1526225846 10.7744161213 
 9.4982258720 10.1213178471 10.7437807511 
 9.4678986080 10.0912198339 10.7143092724 
 9.4387970741 10.0623227366 10.6859931510 
 9.4109067020 10.0346100708 10.6588131337 
 9.3842019896 10.0080543003 10.6327388807 
 9.3586461900 9.9826165249 10.6077286633 
 9.3341910757 9.9582462446 10.5837291381 
 9.3107767894 9.9348812137 10.5606752119 
 9.2883317952 9.9124473963 10.5384900127 
 9.2667729401 9.8908590386 10.5170849808 
 9.2460056403 9.8700188709 10.4963600958 
 9.2259242034 9.8498184521 10.4762042529 
 9.2064122958 9.8301386676 10.4564958016 
 9.1873435660 9.8108503919 10.4371032569 
 9.1685824288 9.7918153211 10.4178861902 
 9.1499850147 9.7728869795 10.3986963040 
 9.1314002851 9.7539119016 10.3793786900 
 9.1126713088 9.7347309819 10.3597732631 
 9.0936366915 9.7151809859 10.3397163618 
 9.0741321461 9.6950962048 10.3190424951 
 9.0539921856 9.6743102348 10.2975862143 
 9.0330519151 9.6526578536 10.2751840773 
 9.0111488962 9.6299769646 10.2516766710 
 8.9881250517 9.6061105708 10.2269106508 
 8.9638285752 9.5809087400 10.2007407517 
 8.9381158080 9.5542305191 10.1730317241 
 8.9108530447 9.5259457543 10.1436601474 
 8.8819182272 9.4959367735 10.1125160714 
 8.8512024918 9.4640998928 10.0795044464 
 8.8186115335 9.4303467088 10.0445463007 
 8.7840667597 9.3946051495 10.0075796373 
 8.7475062106 9.3568202599 9.9685600294 
 8.7088852303 9.3169547114 9.9274609047 
 8.6681768828 9.2749890310 9.8842735239 
 8.6253721151 9.2309215609 9.8390066664 
 8.5804796787 9.1847681641 9.7916860539 
 8.5335258287 9.1365617072 9.7423535494 
 8.4845538291 9.0863513555 9.6910661810 
 8.4336232947 9.0342017227 9.6378950447 
 8.3808094089 8.9801919231 9.5829241450 
 8.3262020544 8.9244145726 9.5262492315 
 8.2699048943 8.8669747835 9.4679766863 
 8.2120344390 8.8079891952 9.4082225104 
 8.1527191283 8.7475850725 9.3471114462 
 8.0920984508 8.6858994969 9.2847762616 
 8.0303221152 8.6230786623 9.2213572077 
 7.9675492805 8.5592772784 9.1570016442 
 7.9039478390 8.4946580706 9.0918638180 
 7.8396937439 8.4293913569 9.0261047601 
 7.7749703588 8.3636546722 8.9598922609 
 7.7099678082 8.2976324026 8.8934008722 
 7.6448822978 8.2315153919 8.8268118809 
 7.5799153760 8.1655004746 8.7603131965 
 7.5152731078 8.0997898981 8.6940990983 
 7.4511651335 8.0345905947 8.6283697930 
 7.3878035907 7.9701132747 8.5633307405 
 7.3254018842 7.9065713155 8.4991917178 
 7.2641732942 7.8441794373 8.4361656027 
 7.2043294227 7.7831521576 8.3744668699 
 7.1460784832 7.7237020353 8.3143098090 
 7.0896234505 7.6660377189 8.2559064809 
 7.0351600902 7.6103618251 8.1994644457 
 6.9828748960 7.5568686811 8.1451843000 
 6.9329429679 7.5057419707 8.0932570733 
 6.8855258678 7.4571523276 8.0438615373 
 6.8407694909 7.4112549257 7.9971614852 
 6.7988019959 7.3681871151 7.9533030415 
 6.7597318333 7.3280661543 7.9124120651 
 6.7236459156 7.2909870897 7.8745917027 
 6.6906079681 7.2570208307 7.8399201544 
 6.6606571010 7.2262124676 7.8084487048 
 6.6338066373 7.1985798752 7.7802000733 
 6.6100432336 7.1741126454 7.7551671305 
 6.5893263232 7.1527713820 7.7333120266 
 6.5715879081 7.1344873945 7.7145657662 
 6.5567327259 7.1191628140 7.6988282657 
 6.5446388069 7.1066711550 7.6859689139 
 6.5351584342 7.0968583361 7.6758276558 
 6.5281195118 7.0895441655 7.6682166035 
 6.5233273368 7.0845242863 7.6629221715 
 6.5205667627 7.0815725682 7.6597077182 
 6.5196047295 7.0804439156 7.6583166617 
 6.5201931264 7.0808774536 7.6584760228 
 6.5220719387 7.0826000345 7.6599003315 
 6.5249726193 7.0853299966 7.6622958136 
 6.5286216141 7.0887810906 7.6653647638 
 6.5327439581 7.0926664784 7.6688099890 
 6.5370668532 7.0967026983 7.6723392005 
 6.5413231301 7.1006134824 7.6756692214 
 6.5452544984 7.1041333141 7.6785298747 
 6.5486144878 7.1070106114 7.6806674206 
 6.5511709952 7.1090104350 7.6818474234 
 6.5527083609 7.1099166329 7.6818569440 
 6.5530289182 7.1095333570 7.6805059838 
 6.5519539814 7.1076859112 7.6776281338 
 6.5493242627 7.1042209234 7.6730804243 
 6.5449997359 7.0990058677 7.6667424079 
 6.5388589956 7.0919279946 7.6585145513 
 6.5307981808 7.0828927628 7.6483160523 
 6.5207295632 7.0718218907 7.6360822277 
 6.5085799101 7.0586511695 7.6217616492 
 6.4942887477 7.0433281903 7.6053132145 
 6.4778066523 7.0258101440 7.5867033480 
 6.4590936891 7.0060618411 7.5659035146 
 6.4381181083 6.9840540849 7.5428882060 
 6.4148553825 6.9597625031 7.5176335292 
 6.3892876470 6.9331669074 7.4901164819 
 6.3614035694 6.9042512162 7.4603149517 
 6.3311986439 6.8730039297 7.4282084265 
 6.2986758747 6.8394191111 7.3937793539 
 6.2638467824 6.8034977900 7.3570150442 
 6.2267326445 6.7652496764 7.3179099751 
 6.1873658642 6.7246950513 7.2764683332 
 6.1457913532 6.6818666919 7.2327066117 
 6.1020678122 6.6368116859 7.1866560876 
 6.0562688007 6.5895929999 7.1383650082 
 6.0084835008 6.5402906843 7.0879003425 
 5.9588170995 6.4890026202 7.0353489811 
 5.9073907367 6.4358447421 6.9808183044 
 5.8543409920 6.3809507043 6.9244360760 
 5.7998189082 6.3244709848 6.8663496574 
 5.7439885741 6.2665714553 6.8067245748 
 5.6870253097 6.2074314671 6.7457424990 
 5.6291135146 6.1472415250 6.6835987258 
 5.5704442539 6.0862006384 6.6204992602 
 5.5112126617 6.0245134439 6.5566576194 
 5.4516152494 5.9623872011 6.4922914736 
 5.3918471999 5.9000287601 6.4276192409 
 5.3320997288 5.8376415926 6.3628567437 
 5.2725575820 5.7754229704 6.2982140250 
 5.2133967310 5.7135613602 6.2338924050 
 5.1547823142 5.6522340935 6.1700818449 
 5.0968668618 5.5916053520 6.1069586645 
 5.0397888267 5.5318244968 6.0446836463 
 4.9836714357 5.4730247555 5.9834005410 
 4.9286218596 5.4153222677 5.9232349753 
 4.8747306977 5.3588154799 5.8642937499 
 4.8220717565 5.3035848720 5.8066645076 
 4.7707021038 5.2496929875 5.7504157397 
 4.7206623688 5.1971847383 5.6955970964 
 4.6719772580 5.1460879487 5.6422399615 
 4.6246562568 5.0964141030 5.5903582490 
 4.5786944820 5.0481592590 5.5399493828 
 4.5340736553 5.0013050930 5.4909954166 
 4.4907631684 4.9558200429 5.4434642585 
 4.4487212101 4.9116605177 5.3973109647 
 4.4078959331 4.8687721470 5.3524790738 
 4.3682266387 4.8270910471 5.3089019537 
 4.3296449601 4.7865450840 5.2665041420 
 4.2920760319 4.7470551170 5.2252026622 
 4.2554396331 4.7085362129 5.1849083030 
 4.2196512954 4.6708988193 5.1455268535 
 4.1846233711 4.6340498950 5.1069602880 
 4.1502660575 4.5978939909 5.0691078988 
 4.1164883742 4.5623342829 5.0318673764 
 4.0831990946 4.5272735547 4.9951358388 
 4.0503076288 4.4926151330 4.9588108110 
 4.0177248605 4.4582637737 4.9227911582 
 3.9853639358 4.4241265028 4.8869779721 
 3.9531410048 4.3901134087 4.8512754132 
 3.9209759134 4.3561383873 4.8155915066 
 3.8887928449 4.3221198368 4.7798388907 
 3.8565209067 4.2879812986 4.7439355146 
 3.8240946599 4.2536520418 4.7078052788 
 3.7914545875 4.2190675842 4.6713786153 
 3.7585474957 4.1841701457 4.6345929971 
 3.7253268443 4.1489090277 4.5973933733 
 3.6917530023 4.1132409129 4.5597325198 
 3.6577934232 4.0771300808 4.5215713011 
 3.6234227392 4.0405485335 4.4828788366 
 3.5886227699 4.0034760307 4.4436325670 
 3.5533824470 3.9659000310 4.4038182194 
 3.5176976552 3.9278155410 4.3634296701 
 3.4815709911 3.8892248732 4.3224687068 
 3.4450114463 3.8501373187 4.2809446946 
 3.4080340181 3.8105687389 4.2388741520 
 3.3706592572 3.7705410849 4.1962802451 
 3.3329127598 3.7300818546 4.1531922099 
 3.2948246135 3.6892234959 4.1096447143 
 3.2564288086 3.6480027697 4.0656771723 
 3.2177626237 3.6064600828 4.0213330237 
 3.1788659984 3.5646388047 3.9766589931 
 3.1397809027 3.5225845783 3.9317043406 
 3.1005507137 3.4803446379 3.8865201192 
 3.0612196098 3.4379671447 3.8411584487 
 3.0218319908 3.3955005494 3.7956718190 
 2.9824319318 3.3529929912 3.7501124322 
 2.9430626774 3.3104917410 3.7045315912 
 2.9037661828 3.2680426942 3.6589791432 
 2.8645827036 3.2256899180 3.6135029817 
 2.8255504399 3.1834752570 3.5681486123 
 2.7867052349 3.1414379989 3.5229587833 
 2.7480803283 3.0996146005 3.4779731835 
 2.7097061651 3.0580384745 3.4332282045 
 2.6716102580 3.0167398345 3.3887567687 
 2.6338171005 2.9757455969 3.3445882182 
 2.5963481289 2.9350793358 3.3007482621 
 2.5592217286 2.8947612872 3.2572589785 
 2.5224532823 2.8548083993 3.2141388656 
 2.4860552540 2.8152344221 3.1714029381 
 2.4500373062 2.7760500345 3.1290628630 
 2.4144064448 2.7372630013 3.0871271290 
 2.3791671872 2.6988783564 3.0456012458 
 2.3443217500 2.6608986083 3.0044879664 
 2.3098702510 2.6233239607 2.9637875275 
 2.2758109222 2.5861525460 2.9234979048 
 2.2421403288 2.5493806667 2.8836150755 
 2.2088535922 2.5130030403 2.8441332869 
 2.1759446126 2.4770130438 2.8050453243 
 2.1434062873 2.4414029561 2.7663427763 
 2.1112307247 2.4061641927 2.7280162933 
 2.0794094479 2.3712875326 2.6900558366 
 2.0479335894 2.3367633329 2.6524509151 
 2.0167940726 2.3025817303 2.6151908076 
 1.9859817792 2.2687328277 2.5782647688 
 1.9554877024 2.2352068640 2.5416622173 
 1.9253030836 2.2019943668 2.5053729048 
 1.8954195325 2.1690862864 2.4693870650 
 1.8658291313 2.1364741120 2.4336955423 
 1.8365245208 2.1041499683 2.3982899004 
 1.8074989706 2.0721066945 2.3631625092 
 1.7787464329 2.0403379043 2.3283066129 
 1.7502615803 2.0088380286 2.2937163779 
 1.7220398288 1.9776023420 2.2593869220 
 1.6940773468 1.9466269730 2.2253143269 
 1.6663710516 1.9159088997 2.1914956335 
 1.6389185931 1.8854459326 2.1579288231 
 1.6117183278 1.8552366852 2.1246127847 
 1.5847692838 1.8252805342 2.0915472709 
 1.5580711167 1.7955775714 2.0587328437 
 1.5316240609 1.7661285468 2.0261708119 
 1.5054288738 1.7369348077 1.9938631621 
 1.4794867777 1.7079982317 1.9618124837 
 1.4537993980 1.6793211579 1.9300218920 
 1.4283687012 1.6509063157 1.8984949479 
 1.4031969315 1.6227567537 1.8672355781 
 1.3782865490 1.5948757694 1.8362479955 
 1.3536401692 1.5672668404 1.8055366221 
 1.3292605049 1.5399335586 1.7751060143 
 1.3051503117 1.5128795677 1.7449607929 
 1.2813123368 1.4861085056 1.7151055769 
 1.2577492723 1.4596239502 1.6855449231 
 1.2344637130 1.4334293720 1.6562832715 
 1.2114581186 1.4075280903 1.6273248963 
 1.1887347814 1.3819232365 1.5986738635 
 1.1662957987 1.3566177220 1.5703339945 
 1.1441430495 1.3316142121 1.5423088363 
 1.1222781773 1.3069151048 1.5146016373 
 1.1007025759 1.2825225156 1.4872153291 
 1.0794173807 1.2584382664 1.4601525146 
 1.0584234632 1.2346638792 1.4334154597 
 1.0377214297 1.2112005743 1.4070060910 
 1.0173116232 1.1880492720 1.3809259976 
 0.9971941278 1.1652105972 1.3551764360 
 0.9773687764 1.1426848881 1.3297583393 
 0.9578351597 1.1204722058 1.3046723280 
 0.9385926376 1.0985723474 1.2799187246 
 0.9196403516 1.0769848597 1.2554975682 
 0.9009772387 1.0557090544 1.2314086324 
 0.8826020453 1.0347440245 1.2076514425 
 0.8645133426 1.0140886602 1.1842252946 
 0.8467095405 0.9937416663 1.1611292734 
 0.8291889034 0.9737015784 1.1383622715 
 0.8119495638 0.9539667791 1.1159230071 
 0.7949895368 0.9345355137 1.0938100415 
 0.7783067332 0.9154059052 1.0720217956 
 0.7618989717 0.8965759681 1.0505565658 
 0.7457639912 0.8780436215 1.0294125379 
 0.7298994610 0.8598067012 1.0085878009 
 0.7143029905 0.8418629701 0.9880803586 
 0.6989721387 0.8242101286 0.9678881402 
 0.6839044211 0.8068458226 0.9480090102 
 0.6690973170 0.7897676512 0.9284407760 
 0.6545482757 0.7729731734 0.9091811950 
 0.6402547211 0.7564599131 0.8902279809 
 0.6262140564 0.7402253644 0.8715788076 
 0.6124236676 0.7242669946 0.8532313141 
 0.5988809261 0.7085822476 0.8351831065 
 0.5855831919 0.6931685466 0.8174317612 
 0.5725278146 0.6780232952 0.7999748259 
 0.5597121356 0.6631438795 0.7828098213 
 0.5471334888 0.6485276684 0.7659342411 
 0.5347892019 0.6341720150 0.7493455533 
 0.5226765968 0.6200742568 0.7330411998 
 0.5107929904 0.6062317161 0.7170185967 
 0.4991356951 0.5926417001 0.7012751343 
 0.4877020191 0.5793015019 0.6858081772 
 0.4764892675 0.5662084001 0.6706150641 
 0.4654947422 0.5533596597 0.6556931085 
 0.4547157428 0.5407525325 0.6410395987 
 0.4441495679 0.5283842577 0.6266517984 
 0.4337935149 0.5162520630 0.6125269475 
 0.4236448821 0.5043531655 0.5986622631 
 0.4137009690 0.4926847725 0.5850549405 
 0.4039590781 0.4812440834 0.5717021547 
 0.3944165158 0.4700282909 0.5586010617 
 0.3850705943 0.4590345824 0.5457488006 
 0.3759186329 0.4482601419 0.5331424951 
 0.3669579594 0.4377021520 0.5207792555 
 0.3581859122 0.4273577954 0.5086561812 
 0.3495998419 0.4172242571 0.4967703624 
 0.3411971126 0.4072987262 0.4851188825 
 0.3329751044 0.3975783980 0.4736988203 
 0.3249312141 0.3880604760 0.4625072523 
 0.3170628580 0.3787421736 0.4515412547 
 0.3093674727 0.3696207161 0.4407979059 
 0.3018425168 0.3606933427 0.4302742879 
 0.2944854726 0.3519573078 0.4199674890 
 0.2872938476 0.3434098829 0.4098746052 
 0.2802651753 0.3350483580 0.3999927419 
 0.2733970172 0.3268700432 0.3903190157 
 0.2666869631 0.3188722698 0.3808505558 
 0.2601326328 0.3110523914 0.3715845053 
 0.2537316768 0.3034077853 0.3625180225 
 0.2474817771 0.2959358532 0.3536482817 
 0.2413806482 0.2886340220 0.3449724745 
 0.2354260376 0.2814997449 0.3364878103 
 0.2296157267 0.2745305018 0.3281915174 
 0.2239475311 0.2677237999 0.3200808433 
 0.2184193015 0.2610771746 0.3121530556 
 0.2130289240 0.2545881897 0.3044054423 
 0.2077743209 0.2482544379 0.2968353122 
 0.2026534507 0.2420735415 0.2894399957 
 0.1976643094 0.2360431526 0.2822168449 
 0.1928049303 0.2301609540 0.2751632344 
 0.1880733850 0.2244246590 0.2682765615 
 0.1834677842 0.2188320129 0.2615542468 
 0.1789862778 0.2133807927 0.2549937348 
 0.1746270564 0.2080688084 0.2485924946 
 0.1703883515 0.2028939036 0.2423480205 
 0.1662684370 0.1978539560 0.2362578329 
 0.1622656299 0.1929468789 0.2303194791 
 0.1583782913 0.1881706216 0.2245305346 
 0.1546048282 0.1835231711 0.2188886036 
 0.1509436944 0.1790025529 0.2133913209 
 0.1473933921 0.1746068326 0.2080363527 
 0.1439524736 0.1703341172 0.2028213985 
 0.1406195429 0.1661825567 0.1977441921 
 0.1373932577 0.1621503459 0.1928025039 
 0.1342723312 0.1582357260 0.1879941421 
 0.1312555346 0.1544369867 0.1833169548 
 0.1283416989 0.1507524679 0.1787688321 
 0.1255297172 0.1471805622 0.1743477080 
 0.1228185477 0.1437197167 0.1700515624 
 0.1202072160 0.1403684355 0.1658784234 
 0.1176948174 0.1371252819 0.1618263698 
 0.1152805205 0.1339888813 0.1578935329 
 0.1129635696 0.1309579228 0.1540780994 
 0.1107432875 0.1280311628 0.1503783134 
 0.1086190792 0.1252074269 0.1467924790 
 0.1065904346 0.1224856127 0.1433189626 
 0.1046569319 0.1198646927 0.1399561955 
 0.1028182409 0.1173437169 0.1367026763 
 0.1010741263 0.1149218154 0.1335569729 
 0.0994244511 0.1125982015 0.1305177258 
 0.0978691803 0.1103721740 0.1275836494 
 0.0964083840 0.1082431203 0.1247535350 
 0.0950422409 0.1062105191 0.1220262530 
 0.0937710421 0.1042739427 0.1194007549 
 0.0925951945 0.1024330602 0.1168760756 
 0.0915152237 0.1006876397 0.1144513351 
 0.0905317781 0.0990375511 0.1121257413 
 0.0896456319 0.0974827685 0.1098985910 
 0.0888576884 0.0960233722 0.1077692722 
 0.0881689828 0.0946595518 0.1057372657 
 0.0875806860 0.0933916076 0.1038021466 
 0.0870941068 0.0922199531 0.1019635859 
 0.0867106949 0.0911451168 0.1002213515 
 0.0864320433 0.0901677438 0.0985753098 
 0.0862598909 0.0892885977 0.0970254264 
 0.0861961244 0.0885085618 0.0955717672 
 0.0862427799 0.0878286404 0.0942144989 
 0.0864020448 0.0872499594 0.0929538897 
 0.0866762588 0.0867737678 0.0917903096 
 0.0870679148 0.0864014375 0.0907242304 
 0.0875796591 0.0861344639 0.0897562258 
 0.0882142920 0.0859744655 0.0888869713 
 0.0889747666 0.0859231839 0.0881172431 
 0.0898641887 0.0859824826 0.0874479180 
 0.0908858148 0.0861543464 0.0868799723 
 0.0920430508 0.0864408797 0.0864144800 
 0.0933394490 0.0868443047 0.0860526120 
 0.0947787052 0.0873669593 0.0857956343 
 0.0963646553 0.0880112943 0.0856449052 
 0.0981012708 0.0887798706 0.0856018740 
 0.0999926544 0.0896753558 0.0856680776 
 0.1020430337 0.0907005198 0.0858451381 
 0.1042567561 0.0918582313 0.0861347593 
 0.1066382812 0.0931514524 0.0865387234 
 0.1091921738 0.0945832339 0.0870588874 
 0.1119230960 0.0961567093 0.0876971786 
 0.1148357984 0.0978750891 0.0884555906 
 0.1179351111 0.0997416543 0.0893361790 
 0.1212259336 0.1017597496 0.0903410558 
 0.1247132248 0.1039327762 0.0914723851 
 0.1284019922 0.1062641844 0.0927323771 
 0.1322972806 0.1087574654 0.0941232829 
 0.1364041600 0.1114161435 0.0956473888 
 0.1407277140 0.1142437674 0.0973070099 
 0.1452730270 0.1172439013 0.0991044840 
 0.1500451713 0.1204201160 0.1010421655 
 0.1550491938 0.1237759795 0.1031224183 
 0.1602901028 0.1273150475 0.1053476093 
 0.1657728540 0.1310408533 0.1077201013 
 0.1715023363 0.1349568981 0.1102422457 
 0.1774833574 0.1390666401 0.1129163751 
 0.1837206292 0.1433734843 0.1157447957 
 0.1902187527 0.1478807710 0.1187297791 
 0.1969822023 0.1525917650 0.1218735540 
 0.2040153100 0.1575096430 0.1251782976 
 0.2113222486 0.1626374820 0.1286461267 
 0.2189070145 0.1679782455 0.1322790877 
 0.2267734099 0.1735347708 0.1360791465 
 0.2349250232 0.1793097536 0.1400481779 
 0.2433652096 0.1853057331 0.1441879539 
 0.2520970688 0.1915250757 0.1485001311 
 0.2611234228 0.1979699565 0.1529862375 
 0.2704467909 0.2046423412 0.1576476580 
 0.2800693631 0.2115439646 0.1624856184 
 0.2899929713 0.2186763088 0.1675011686 
 0.3002190588 0.2260405788 0.1726951641 
 0.3107486459 0.2336376763 0.1780682460 
 0.3215822941 0.2414681711 0.1836208189 
 0.3327200661 0.2495322706 0.1893530276 
 0.3441614841 0.2578297866 0.1952647317 
 0.3559054832 0.2663600991 0.2013554780 
 0.3679503631 0.2751221185 0.2076244716 
 0.3802937348 0.2841142445 0.2140705437 
 0.3929324658 0.2933343223 0.2206921191 
 0.4058626202 0.3027795969 0.2274871800 
 0.4190793971 0.3124466640 0.2344532298 
 0.4325770652 0.3223314198 0.2415872532 
 0.4463488958 0.3324290081 0.2488856763 
 0.4603870929 0.3427337658 0.2563443249 
 0.4746827223 0.3532391674 0.2639583816 
 0.4892256395 0.3639377685 0.2717223428 
 0.5040044176 0.3748211496 0.2796299750 
 0.5190062758 0.3858798597 0.2876742716 
 0.5342170096 0.3971033615 0.2958474111 
 0.5496209239 0.4084799787 0.3041407156 
 0.5652007697 0.4199968460 0.3125446130 
 0.5809376861 0.4316398630 0.3210486008 
 0.5968111488 0.4433936533 0.3296412142 
 0.6127989262 0.4552415291 0.3383099989 
 0.6288770454 0.4671654638 0.3470414887 
 0.6450197683 0.4791460715 0.3558211900 
 0.6611995809 0.4911625977 0.3646335729 
 0.6773871949 0.5031929190 0.3734620708 
 0.6935515663 0.5152135555 0.3822890886 
 0.7096599288 0.5271996953 0.3910960208 
 0.7256778466 0.5391252338 0.3998632798 
 0.7415692841 0.5509628261 0.4085703357 
 0.7572966977 0.5626839564 0.4171957680 
 0.7728211463 0.5742590220 0.4257173285 
 0.7881024235 0.5856574349 0.4341120182 
 0.8030992116 0.5968477388 0.4423561757 
 0.8177692558 0.6077977438 0.4504255790 
 0.8320695605 0.6184746767 0.4582955595 
 0.8459566042 0.6288453471 0.4659411281 
 0.8593865754 0.6388763290 0.4733371128 
 0.8723156242 0.6485341552 0.4804583068 
 0.8847001314 0.6577855256 0.4872796266 
 0.8964969905 0.6665975248 0.4937762774 
 0.9076639011 0.6749378491 0.4999239265 
 0.9181596704 0.6827750407 0.5056988806 
 0.9279445209 0.6900787246 0.5110782664 
 0.9369803985 0.6968198482 0.5160402129 
 0.9452312799 0.7029709184 0.5205640319 
 0.9526634742 0.7085062352 0.5246303949 
 0.9592459142 0.7134021169 0.5282215044 
 0.9649504347 0.7176371148 0.5313212571 
 0.9697520335 0.7211922143 0.5339153955 
 0.9736291102 0.7240510188 0.5359916477 
 0.9765636804 0.7261999140 0.5375398508 
 0.9785415607 0.7276282097 0.5385520572 
 0.9795525223 0.7283282562 0.5390226227 
 0.9795904098 0.7282955340 0.5389482719 
 0.9786532225 0.7275287142 0.5383281431 
 0.9767431576 0.7260296892 0.5371638091 
 0.9738666126 0.7238035711 0.5354592742 
 0.9700341467 0.7208586594 0.5332209475 
 0.9652604025 0.7172063765 0.5304575915 
 0.9595639858 0.7128611720 0.5271802474 
 0.9529673071 0.7078403975 0.5234021380 
 0.9454963865 0.7021641520 0.5191385484 
 0.9371806226 0.6958551022 0.5144066877 
 0.9280525311 0.6889382774 0.5092255321 
 0.9181474542 0.6814408439 0.5036156528 
 0.9075032474 0.6733918622 0.4975990304 
 0.8961599451 0.6648220284 0.4911988592 
 0.8841594131 0.6557634061 0.4844393435 
 0.8715449901 0.6462491508 0.4773454890 
 0.8583611245 0.6363132314 0.4699428932 
 0.8446530119 0.6259901528 0.4622575364 
 0.8304662370 0.6153146832 0.4543155763 
 0.8158464264 0.6043215892 0.4461431504 
 0.8008389146 0.5930453834 0.4377661866 
 0.7854884298 0.5815200859 0.4292102260 
 0.7698388012 0.5697790044 0.4205002587 
 0.7539326920 0.5578545335 0.4116605755 
 0.7378113613 0.5457779761 0.4027146359 
 0.7215144557 0.5335793884 0.3936849537 
 0.7050798333 0.5212874500 0.3845930019 
 0.6885434211 0.5089293576 0.3754591352 
 0.6719391053 0.4965307464 0.3663025333 
 0.6552986554 0.4841156345 0.3571411608 
 0.6386516810 0.4717063933 0.3479917474 
 0.6220256195 0.4593237406 0.3388697836 
 0.6054457543 0.4469867563 0.3297895343 
 0.5889352600 0.4347129186 0.3207640658 
 0.5725152737 0.4225181581 0.3118052882 
 0.5562049876 0.4104169295 0.3029240077 
 0.5400217621 0.3984222962 0.2941299909 
 0.5239812546 0.3865460273 0.2854320362 
 0.5080975610 0.3747987039 0.2768380522 
 0.4923833675 0.3631898312 0.2683551410 
 0.4768501070 0.3517279556 0.2599896835 
 0.4615081195 0.3404207829 0.2517474266 
 0.4463668110 0.3292752953 0.2436335688 
 0.4314348085 0.3182978662 0.2356528438 
 0.4167201084 0.3074943687 0.2278096000 
 0.4022302151 0.2968702780 0.2201078747 
 0.3879722677 0.2864307632 0.2125514620 
 0.3739531524 0.2761807710 0.2051439727 
 0.3601795987 0.2661250954 0.1978888865 
 0.3466582588 0.2562684367 0.1907895944 
 0.3333957683 0.2466154465 0.1838494325 
 0.3203987880 0.2371707594 0.1770717059 
 0.3076740273 0.2279390112 0.1704597035 
 0.2952282484 0.2189248446 0.1640167028 
 0.2830682532 0.2101329015 0.1577459667 
 0.2712008530 0.2015678044 0.1516507324 
 0.2596328244 0.1932341274 0.1457341922 
 0.2483708503 0.1851363577 0.1399994691 
 0.2374214520 0.1772788503 0.1344495865 
 0.2267909112 0.1696657766 0.1290874347 
 0.2164851871 0.1623010694 0.1239157343 
 0.2065098302 0.1551883657 0.1189369991 
 0.1968698955 0.1483309498 0.1141534982 
 0.1875698582 0.1417316978 0.1095672200 
 0.1786135341 0.1353930260 0.1051798390 
 0.1700040073 0.1293168443 0.1009926856 
 0.1617435670 0.1235045162 0.0970067215 
 0.1538336557 0.1179568266 0.0932225198 
 0.1462748296 0.1126739584 0.0896402523 
 0.1390667327 0.1076554787 0.0862596826 
 0.1322080855 0.1029003354 0.0830801670 
 0.1256966881 0.0984068627 0.0801006627 
 0.1195294374 0.0941727988 0.0773197432 
 0.1137023594 0.0901953118 0.0747356211 
 0.1082106540 0.0864710359 0.0723461777 
 0.1030487525 0.0829961167 0.0701489992 
 0.0982103866 0.0797662639 0.0681414199 
 0.0936886669 0.0767768116 0.0663205696 
 0.0894761694 0.0740227853 0.0646834280 
 0.0855650298 0.0714989735 0.0632268819 
 0.0819470418 0.0692000046 0.0619477882 
 0.0786137610 0.0671204264 0.0608430394 
 0.0755566094 0.0652547897 0.0599096326 
 0.0727669828 0.0635977328 0.0591447421 
 0.0702363577 0.0621440684 0.0585457934 
 0.0679563984 0.0608888712 0.0581105413 
 0.0659190621 0.0598275667 0.0578371497 
 0.0641167033 0.0589560207 0.0577242738 
 0.0625421763 0.0582706299 0.0577711469 
 0.0611889363 0.0577684134 0.0579776687 
 0.0600511389 0.0574471065 0.0583444996 
 0.0591237392 0.0573052558 0.0588731582 
 0.0584025908 0.0573423185 0.0595661255 
 0.0578845457 0.0575587648 0.0604269557 
 0.0575675555 0.0579561858 0.0614603945 
 0.0574507771 0.0585374082 0.0626725070 
 0.0575346813 0.0593066159 0.0640708162 
 0.0578211695 0.0602694821 0.0656644545 
 0.0583136962 0.0614333118 0.0674643286 
 0.0590174030 0.0628071979 0.0694833012 
 0.0599392635 0.0644021922 0.0717363911 
 0.0610882419 0.0662314936 0.0742409941 
 0.0624754686 0.0683106565 0.0770171266 
 0.0641144338 0.0706578210 0.0800876957 
 0.0660212023 0.0732939682 0.0834787968 
 0.0682146529 0.0762432032 0.0872200434 
 0.0707167433 0.0795330678 0.0913449305 
 0.0735528061 0.0831948877 0.0958912346 
 0.0767518764 0.0872641555 0.1009014540 
 0.0803470555 0.0917809522 0.1064232905 
 0.0843759135 0.0967904120 0.1125101757 
 0.0888809333 0.1023432302 0.1192218443 
 0.0939099997 0.1084962189 0.1266249533 
 0.0995169352 0.1153129103 0.1347937509 
 0.1057620862 0.1228642105 0.1438107918 
 0.1127129600 0.1312291027 0.1537676990 
 0.1204449150 0.1404954005 0.1647659679 
 0.1290419043 0.1507605487 0.1769178095 
 0.1385972730 0.1621324692 0.1903470240 
 0.1492146064 0.1747304474 0.2051898989 
 0.1610086297 0.1886860531 0.2215961192 
 0.1741061522 0.2041440885 0.2397296770 
 0.1886470546 0.2212635533 0.2597697680 
 0.2047853107 0.2402186172 0.2819116562 
 0.2226900392 0.2611995872 0.3063674913 
 0.2425465750 0.2844138578 0.3333670609 
 0.2645575546 0.3100868310 0.3631584604 
 0.2889440052 0.3384627942 0.3960086649 
 0.3159464317 0.3698057457 0.4322039922 
 0.3458258929 0.4044001603 0.4720504474 
 0.3788650651 0.4425516901 0.5158739463 
 0.4153692880 0.4845878005 0.5640204215 
 0.4556675951 0.5308583444 0.6168558214 
 0.5001137289 0.5817360850 0.6747660156 
 0.5490871456 0.6376171744 0.7381566295 
 0.6029940122 0.6989216035 0.8074528296 
 0.6622681926 0.7660936288 0.8830990804 
 0.7273722178 0.8396021799 0.9655588870 
 0.7987982147 0.9199412338 1.0553145250 
 0.8770687532 1.0076301230 1.1528667363 
 0.9627375398 1.1032137151 1.2587343408 
 1.0563898497 1.2072623589 1.3734536739 
 1.1586425414 1.3203714472 1.4975777088 
 1.2701434420 1.4431603848 1.6316746673 
 1.3915698253 1.5762706861 1.7763258535 
 1.5236256378 1.7203628569 1.9321223797 
 1.6670370538 1.8761116445 2.0996603842 
 1.8225458784 2.0441991792 2.2795342841 
 1.9909002682 2.2253054893 2.4723275687 
 2.1728422154 2.4200958548 2.6786006331 
 2.3690912639 2.6292044996 2.8988751917 
 2.5803240022 2.8532142140 3.1336149137 
 2.8071490350 3.0926316716 3.3832021032 
 3.0500773813 3.3478584644 3.6479105129 
 3.3094885979 3.6191582468 3.9278747395 
 3.5855933808 3.9066208323 4.2230570950 
 3.8783939412 4.2101246276 4.5332133589 
 4.1876440567 4.5292993657 4.8578593456 
 4.5128112984 4.8634916548 5.1962407206 
 4.8530444540 5.2117363198 5.5473088762 
 5.2071495136 5.5727367689 5.9097058544 
 