3.5594387182 3.9519782660 4.3674699134 
 3.4784482095 3.8660310268 4.2768196112 
 3.3993886155 3.7820333117 4.1881184656 
 3.3225715740 3.7003354494 4.1017579765 
 3.2482824684 3.6212595961 4.0180994530 
 3.1767771328 3.5450958380 3.9374694640 
 3.1082794238 3.4720992916 3.8601564327 
 3.0429796384 3.4024881758 3.7864083425 
 2.9810337261 3.3364427951 3.7164314795 
 2.9225632217 3.2741053477 3.6503901130 
 2.8676558094 3.2155804534 3.5884069930 
 2.8163664172 3.1609362911 3.5305645365 
 2.7687187436 3.1102062277 3.4769065729 
 2.7247071139 3.0633908292 3.4274405217 
 2.6842985768 3.0204601464 3.3821398836 
 2.6474351541 2.9813561826 3.3409469420 
 2.6140361722 2.9459954600 3.3037755800 
 2.5840006142 2.9142716157 3.2705141383 
 2.5572094411 2.8860579727 3.2410282503 
 2.5335278459 2.8612100410 3.2151636067 
 2.5128074131 2.8395679194 3.1927486154 
 2.4948881640 2.8209585769 3.1735969317 
 2.4796004807 2.8051980014 3.1575098469 
 2.4667669034 2.7920932127 3.1442785290 
 2.4562038058 2.7814441411 3.1336861161 
 2.4477229523 2.7730453777 3.1255096696 
 2.4411329487 2.7666878052 3.1195219961 
 2.4362405952 2.7621601217 3.1154933479 
 2.4328521536 2.7592502671 3.1131930166 
 2.4307745393 2.7577467653 3.1123908300 
 2.4298164483 2.7574399916 3.1128585641 
 2.4297894281 2.7581233759 3.1143712809 
 2.4305088983 2.7595945469 3.1167085987 
 2.4317951264 2.7616564249 3.1196559008 
 2.4334741611 2.7641182635 3.1230054872 
 2.4353787229 2.7667966434 3.1265576686 
 2.4373490518 2.7695164141 3.1301218018 
 2.4392337058 2.7721115818 3.1335172642 
 2.4408903081 2.7744261362 3.1365743592 
 2.4421862332 2.7763148113 3.1391351481 
 2.4429992269 2.7776437698 3.1410541980 
 2.4432179505 2.7782912045 3.1421992381 
 2.4427424414 2.7781478466 3.1424517143 
 2.4414844818 2.7771173723 3.1417072326 
 2.4393678694 2.7751167010 3.1398758838 
 2.4363285823 2.7720761771 3.1368824420 
 2.4323148344 2.7679396311 3.1326664310 
 2.4272870184 2.7626643167 3.1271820553 
 2.4212175355 2.7562207226 3.1203979948 
 2.4140905115 2.7485922604 3.1122970637 
 2.4059014057 2.7397748320 3.1028757385 
 2.3966565139 2.7297762831 3.0921435601 
 2.3863723772 2.7186157498 3.0801224198 
 2.3750751022 2.7063229100 3.0668457404 
 2.3627996066 2.6929371495 3.0523575644 
 2.3495887994 2.6785066591 3.0367115655 
 2.3354927117 2.6630874743 3.0199699968 
 2.3205675900 2.6467424744 3.0022025957 
 2.3048749666 2.6295403566 2.9834854589 
 2.2884807210 2.6115545992 2.9638999070 
 2.2714541453 2.5928624303 2.9435313536 
 2.2538670277 2.5735438141 2.9224681940 
 2.2357927634 2.5536804703 2.9008007296 
 2.2173055060 2.5333549352 2.8786201382 
 2.1984793662 2.5126496769 2.8560175028 
 2.1793876667 2.4916462718 2.8330829082 
 2.1601022590 2.4704246494 2.8099046111 
 2.1406929067 2.4490624099 2.7865682915 
 2.1212267375 2.4276342186 2.7631563868 
 2.1017677662 2.4062112782 2.7397475120 
 2.0823764890 2.3848608790 2.7164159653 
 2.0631095471 2.3636460273 2.6932313184 
 2.0440194583 2.3426251468 2.6702580888 
 2.0251544133 2.3218518535 2.6475554900 
 2.0065581332 2.3013747964 2.6251772566 
 1.9882697833 2.2812375617 2.6031715371 
 1.9703239396 2.2614786341 2.5815808505 
 1.9527506018 2.2421314107 2.5604421000 
 1.9355752484 2.2232242606 2.5397866373 
 1.9188189286 2.2047806257 2.5196403724 
 1.9024983864 2.1868191567 2.5000239213 
 1.8866262113 2.1693538794 2.4809527880 
 1.8712110113 2.1523943847 2.4624375726 
 1.8562576045 2.1359460406 2.4444842029 
 1.8417672243 2.1200102182 2.4270941827 
 1.8277377354 2.1045845306 2.4102648534 
 1.8141638570 2.0896630799 2.3939896656 
 1.8010373909 2.0752367088 2.3782584554 
 1.7883474505 2.0612932553 2.3630577244 
 1.7760806909 2.0478178067 2.3483709192 
 1.7642215362 2.0347929521 2.3341787097 
 1.7527524035 2.0221990309 2.3204592626 
 1.7416539225 2.0100143763 2.3071885100 
 1.7309051488 1.9982155532 2.2943404119 
 1.7204837719 1.9867775883 2.2818872099 
 1.7103663153 1.9756741932 2.2697996744 
 1.7005283298 1.9648779798 2.2580473417 
 1.6909445797 1.9543606671 2.2465987431 
 1.6815892205 1.9440932797 2.2354216244 
 1.6724359702 1.9340463380 2.2244831564 
 1.6634582723 1.9241900410 2.2137501369 
 1.6546294521 1.9144944396 2.2031891829 
 1.6459228658 1.9049296035 2.1927669153 
 1.6373120425 1.8954657798 2.1824501344 
 1.6287708200 1.8860735442 2.1722059879 
 1.6202734740 1.8767239461 2.1620021311 
 1.6117948415 1.8673886459 2.1518068796 
 1.6033104378 1.8580400464 2.1415893554 
 1.5947965685 1.8486514182 2.1313196257 
 1.5862304355 1.8391970186 2.1209688353 
 1.5775902376 1.8296522047 2.1105093333 
 1.5688552657 1.8199935410 2.0999147920 
 1.5600059932 1.8101989006 2.0891603218 
 1.5510241600 1.8002475616 2.0782225778 
 1.5418928516 1.7901202962 2.0670798616 
 1.5325965722 1.7797994547 2.0557122158 
 1.5231213117 1.7692690426 2.0441015116 
 1.5134546065 1.7585147908 2.0322315301 
 1.5035855938 1.7475242188 2.0200880347 
 1.4935050579 1.7362866903 2.0076588365 
 1.4832054698 1.7247934603 1.9949338501 
 1.4726810185 1.7130377133 1.9819051401 
 1.4619276333 1.7010145929 1.9685669582 
 1.4509429973 1.6887212203 1.9549157680 
 1.4397265515 1.6761567031 1.9409502602 
 1.4282794888 1.6633221327 1.9266713535 
 1.4166047369 1.6502205699 1.9120821843 
 1.4047069318 1.6368570188 1.8971880822 
 1.3925923789 1.6232383877 1.8819965319 
 1.3802690039 1.6093734383 1.8665171206 
 1.3677462922 1.5952727209 1.8507614712 
 1.3550352170 1.5809484980 1.8347431608 
 1.3421481570 1.5664146548 1.8184776255 
 1.3290988028 1.5516865971 1.8019820497 
 1.3159020539 1.5367811380 1.7852752432 
 1.3025739063 1.5217163735 1.7683775042 
 1.2891313303 1.5065115468 1.7513104708 
 1.2755921419 1.4911869044 1.7340969612 
 1.2619748664 1.4757635428 1.7167608029 
 1.2482985963 1.4602632489 1.6993266545 
 1.2345828448 1.4447083336 1.6818198192 
 1.2208473953 1.4291214611 1.6642660525 
 1.2071121496 1.4135254757 1.6466913660 
 1.1933969741 1.3979432260 1.6291218281 
 1.1797215471 1.3823973890 1.6115833637 
 1.1661052073 1.3669102961 1.5941015549 
 1.1525668054 1.3515037609 1.5767014435 
 1.1391245596 1.3361989115 1.5594073379 
 1.1257959164 1.3210160280 1.5422426247 
 1.1125974174 1.3059743869 1.5252295882 
 1.0995445736 1.2910921128 1.5083892372 
 1.0866517480 1.2763860394 1.4917411419 
 1.0739320467 1.2618715805 1.4753032816 
 1.0613972202 1.2475626113 1.4590919040 
 1.0490575751 1.2334713622 1.4431213976 
 1.0369218967 1.2196083239 1.4274041781 
 1.0249973827 1.2059821666 1.4119505887 
 1.0132895903 1.1925996724 1.3967688170 
 1.0018023939 1.1794656816 1.3818648265 
 0.9905379571 1.1665830543 1.3672423060 
 0.9794967166 1.1539526464 1.3529026356 
 0.9686773803 1.1415733016 1.3388448708 
 0.9580769383 1.1294418584 1.3250657440 
 0.9476906876 1.1175531739 1.3115596850 
 0.9375122710 1.1059001626 1.2983188609 
 0.9275337291 1.0944738530 1.2853332335 
 0.9177455669 1.0832634587 1.2725906373 
 0.9081368331 1.0722564674 1.2600768757 
 0.8986952140 1.0614387449 1.2477758368 
 0.8894071395 1.0507946553 1.2356696279 
 0.8802579029 1.0403071968 1.2237387284 
 0.8712317922 1.0299581520 1.2119621602 
 0.8623122335 1.0197282525 1.2003176756 
 0.8534819445 1.0095973564 1.1887819608 
 0.8447230983 0.9995446380 1.1773308541 
 0.8360174952 0.9895487877 1.1659395769 
 0.8273467415 0.9795882208 1.1545829758 
 0.8186924340 0.9696412936 1.1432357741 
 0.8100363476 0.9596865241 1.1318728290 
 0.8013606248 0.9497028154 1.1204693934 
 0.7926479648 0.9396696790 1.1090013781 
 0.7838818093 0.9295674557 1.0974456118 
 0.7750465239 0.9193775309 1.0857800959 
 0.7661275713 0.9090825422 1.0739842497 
 0.7571116750 0.8986665752 1.0620391445 
 0.7479869708 0.8881153459 1.0499277208 
 0.7387431436 0.8774163665 1.0376349872 
 0.7293715474 0.8665590915 1.0251481979 
 0.7198653072 0.8555350431 1.0124570045 
 0.7102194007 0.8443379126 0.9995535812 
 0.7004307178 0.8329636366 0.9864327208 
 0.6904980985 0.8214104469 0.9730918994 
 0.6804223467 0.8096788930 0.9595313103 
 0.6702062212 0.7977718371 0.9457538638 
 0.6598544028 0.7856944211 0.9317651561 
 0.6493734386 0.7734540064 0.9175734053 
 0.6387716648 0.7610600883 0.9031893570 
 0.6280591085 0.7485241850 0.8886261608 
 0.6172473701 0.7358597043 0.8738992193 
 0.6063494891 0.7230817892 0.8590260131 
 0.5953797949 0.7102071459 0.8440259036 
 0.5843537445 0.6972538566 0.8289199178 
 0.5732877504 0.6842411790 0.8137305175 
 0.5621990012 0.6711893378 0.7984813575 
 0.5511052772 0.6581193087 0.7831970353 
 0.5400247632 0.6450526002 0.7679028367 
 0.5289758624 0.6320110343 0.7526244805 
 0.5179770130 0.6190165310 0.7373878657 
 0.5070465088 0.6060908975 0.7222188240 
 0.4962023284 0.5932556251 0.7071428810 
 0.4854619723 0.5805316967 0.6921850287 
 0.4748423108 0.5679394061 0.6773695111 
 0.4643594446 0.5554981910 0.6627196255 
 0.4540285779 0.5432264812 0.6482575406 
 0.4438639059 0.5311415631 0.6340041330 
 0.4338785172 0.5192594605 0.6199788436 
 0.4240843113 0.5075948340 0.6061995529 
 0.4144919315 0.4961608975 0.5926824778 
 0.4051107137 0.4849693522 0.5794420886 
 0.3959486498 0.4740303393 0.5664910457 
 0.3870123665 0.4633524091 0.5538401570 
 0.3783071188 0.4529425067 0.5414983543 
 0.3698367967 0.4428059744 0.5294726886 
 0.3616039454 0.4329465685 0.5177683421 
 0.3536097979 0.4233664908 0.5063886583 
 0.3458543186 0.4140664330 0.4953351861 
 0.3383362573 0.4050456330 0.4846077394 
 0.3310532131 0.3963019427 0.4742044687 
 0.3240017056 0.3878319046 0.4641219449 
 0.3171772545 0.3796308381 0.4543552537 
 0.3105744637 0.3716929320 0.4448980981 
 0.3041871123 0.3640113438 0.4357429096 
 0.2980082476 0.3565783040 0.4268809655 
 0.2920302824 0.3493852235 0.4183025106 
 0.2862450930 0.3424228047 0.4099968839 
 0.2806441186 0.3356811535 0.4019526474 
 0.2752184600 0.3291498915 0.3941577158 
 0.2699589776 0.3228182692 0.3865994880 
 0.2648563870 0.3166752762 0.3792649764 
 0.2599013522 0.3107097501 0.3721409352 
 0.2550845750 0.3049104822 0.3652139863 
 0.2503968803 0.2992663188 0.3584707408 
 0.2458292968 0.2937662592 0.3518979161 
 0.2413731328 0.2883995468 0.3454824484 
 0.2370200452 0.2831557561 0.3392115983 
 0.2327621042 0.2780248722 0.3330730497 
 0.2285918505 0.2729973643 0.3270550020 
 0.2245023466 0.2680642520 0.3211462529 
 0.2204872211 0.2632171637 0.3153362741 
 0.2165407073 0.2584483878 0.3096152770 
 0.2126576734 0.2537509158 0.3039742700 
 0.2088336479 0.2491184779 0.2984051050 
 0.2050648367 0.2445455693 0.2929005156 
 0.2013481344 0.2400274696 0.2874541441 
 0.1976811291 0.2355602537 0.2820605595 
 0.1940621003 0.2311407945 0.2767152656 
 0.1904900111 0.2267667580 0.2714146989 
 0.1869644938 0.2224365909 0.2661562177 
 0.1834858295 0.2181495004 0.2609380822 
 0.1800549226 0.2139054276 0.2557594255 
 0.1766732687 0.2097050133 0.2506202168 
 0.1733429177 0.2055495583 0.2455212169 
 0.1700664320 0.2014409769 0.2404639268 
 0.1668468390 0.1973817460 0.2354505303 
 0.1636875791 0.1933748484 0.2304838298 
 0.1605924505 0.1894237116 0.2255671790 
 0.1575655485 0.1855321439 0.2207044104 
 0.1546112022 0.1817042658 0.2158997596 
 0.1517339082 0.1779444402 0.2111577880 
 0.1489382615 0.1742571997 0.2064833034 
 0.1462288848 0.1706471741 0.2018812801 
 0.1436103569 0.1671190163 0.1973567796 
 0.1410871405 0.1636773296 0.1929148721 
 0.1386635113 0.1603265970 0.1885605610 
 0.1363434885 0.1570711117 0.1842987094 
 0.1341307679 0.1539149121 0.1801339716 
 0.1320286598 0.1508617209 0.1760707289 
 0.1300400318 0.1479148893 0.1721130311 
 0.1281672576 0.1450773482 0.1682645455 
 0.1264121750 0.1423515664 0.1645285117 
 0.1247760517 0.1397395170 0.1609077061 
 0.1232595620 0.1372426529 0.1574044134 
 0.1218627748 0.1348618927 0.1540204082 
 0.1205851531 0.1325976157 0.1507569460 
 0.1194255678 0.1304496685 0.1476147631 
 0.1183823232 0.1284173828 0.1445940868 
 0.1174531967 0.1264996031 0.1416946548 
 0.1166354920 0.1246947259 0.1389157443 
 0.1159261046 0.1230007488 0.1362562090 
 0.1153215994 0.1214153293 0.1337145250 
 0.1148182992 0.1199358515 0.1312888435 
 0.1144123824 0.1185595013 0.1289770500 
 0.1140999886 0.1172833467 0.1267768287 
 0.1138773292 0.1161044227 0.1246857307 
 0.1137408026 0.1150198203 0.1227012452 
 0.1136871095 0.1140267750 0.1208208717 
 0.1137133684 0.1131227568 0.1190421932 
 0.1138172273 0.1123055569 0.1173629469 
 0.1139969710 0.1115733717 0.1157810941 
 0.1142516204 0.1109248815 0.1142948856 
 0.1145810240 0.1103593236 0.1129029231 
 0.1149859397 0.1098765573 0.1116042154 
 0.1154681044 0.1094771229 0.1103982292 
 0.1160302936 0.1091622898 0.1092849328 
 0.1166763679 0.1089340987 0.1082648342 
 0.1174113080 0.1087953923 0.1073390119 
 0.1182412382 0.1087498400 0.1065091396 
 0.1191734383 0.1088019518 0.1057775041 
 0.1202163454 0.1089570866 0.1051470172 
 0.1213795461 0.1092214517 0.1046212219 
 0.1226737602 0.1096020961 0.1042042932 
 0.1241108159 0.1101068984 0.1039010339 
 0.1257036193 0.1107445480 0.1037168663 
 0.1274661173 0.1115245231 0.1036578193 
 0.1294132549 0.1124570630 0.1037305124 
 0.1315609283 0.1135531377 0.1039421358 
 0.1339259331 0.1148244123 0.1043004276 
 0.1365259086 0.1162832102 0.1048136484 
 0.1393792773 0.1179424703 0.1054905523 
 0.1425051804 0.1198157031 0.1063403558 
 0.1459234080 0.1219169416 0.1073727031 
 0.1496543255 0.1242606893 0.1085976295 
 0.1537187931 0.1268618642 0.1100255207 
 0.1581380807 0.1297357388 0.1116670701 
 0.1629337768 0.1328978756 0.1135332328 
 0.1681276915 0.1363640594 0.1156351767 
 0.1737417540 0.1401502258 0.1179842317 
 0.1797979058 0.1442723853 0.1205918357 
 0.1863179886 0.1487465467 0.1234694798 
 0.1933236312 0.1535886370 0.1266286523 
 0.2008361341 0.1588144224 0.1300807825 
 0.2088763562 0.1644394295 0.1338371860 
 0.2174646050 0.1704788697 0.1379090117 
 0.2266205339 0.1769475690 0.1423071936 
 0.2363630490 0.1838599045 0.1470424067 
 0.2467102303 0.1912297511 0.1521250315 
 0.2576792695 0.1990704402 0.1575651262 
 0.2692864291 0.2073947338 0.1633724105 
 0.2815470257 0.2162148155 0.1695562616 
 0.2944754415 0.2255423013 0.1761257241 
 0.3080851663 0.2353882731 0.1830895365 
 0.3223888728 0.2457633348 0.1904561740 
 0.3373985267 0.2566776945 0.1982339089 
 0.3531255330 0.2681412715 0.2064308908 
 0.3695809176 0.2801638303 0.2150552446 
 0.3867755449 0.2927551395 0.2241151875 
 0.4047203681 0.3059251560 0.2336191640 
 0.4234267105 0.3196842312 0.2435759976 
 0.4429065737 0.3340433384 0.2539950583 
 0.4631729678 0.3490143173 0.2648864423 
 0.4842402597 0.3646101323 0.2762611642 
 0.5061245317 0.3808451414 0.2881313562 
 0.5288439463 0.3977353701 0.3005104733 
 0.5524191080 0.4152987863 0.3134135003 
 0.5768734185 0.4335555722 0.3268571577 
 0.6022334153 0.4525283871 0.3408601038 
 0.6285290903 0.4722426178 0.3554431281 
 0.6557941797 0.4927266109 0.3706293350 
 0.6840664215 0.5140118838 0.3864443126 
 0.7133877743 0.5361333111 0.4029162858 
 0.7438045938 0.5591292805 0.4200762500 
 0.7753677626 0.5830418192 0.4379580841 
 0.8081327711 0.6079166849 0.4565986396 
 0.8421597470 0.6338034216 0.4760378058 
 0.8775134310 0.6607553780 0.4963185500 
 0.9142631005 0.6888296882 0.5174869294 
 0.9524824377 0.7180872136 0.5395920782 
 0.9922493460 0.7485924464 0.5626861660 
 1.0336457139 0.7804133755 0.5868243298 
 1.0767571280 0.8136213152 0.6120645791 
 1.1216725389 0.8482906982 0.6384676758 
 1.1684838812 0.8844988341 0.6660969878 
 1.2172856514 0.9223256361 0.6950183198 
 1.2681744469 0.9618533180 0.7252997216 
 1.3212484714 1.0031660629 0.7570112749 
 1.3766070096 1.0463496692 0.7902248625 
 1.4343498767 1.0914911742 0.8250139200 
 1.4945768496 1.1386784616 0.8614531740 
 1.5573870827 1.1879998552 0.8996183690 
 1.6228785169 1.2395437034 0.9395859859 
 1.6911472880 1.2933979601 0.9814329548 
 1.7622871392 1.3496497652 1.0252363677 
 1.8363888480 1.4083850310 1.0710731915 
 1.9135396712 1.4696880394 1.1190199874 
 1.9938228181 1.5336410537 1.1691526399 
 2.0773169552 1.6003239520 1.2215460984 
 2.1640957531 1.6698138860 1.2762741360 
 2.2542274771 1.7421849687 1.3334091279 
 2.3477746299 1.8175079974 1.3930218533 
 2.4447936492 1.8958502124 1.4551813234 
 2.5453346642 1.9772750966 1.5199546364 
 2.6494413114 2.0618422162 1.5874068631 
 2.7571506125 2.1496071033 1.6576009615 
 2.8684929121 2.2406211812 1.7305977221 
 2.9834918724 2.3349317285 1.8064557424 
 3.1021645226 2.4325818824 1.8852314281 
 3.2245213555 2.5336106749 1.9669790196 
 3.3505664661 2.6380530971 2.0517506388 
 3.4802977223 2.7459401872 2.1395963520 
 3.6137069598 2.8572991328 2.2305642446 
 3.7507801898 2.9721533811 2.3247004991 
 3.8914978089 3.0905227480 2.4220494731 
 4.0358348009 3.2124235175 2.5226537661 
 4.1837609178 3.3378685213 2.6265542720 
 4.3352408307 3.4668671913 2.7337902055 
 4.4902342396 3.5994255742 2.8443990988 
 4.6486959337 3.7355463023 2.9584167584 
 4.8105757955 3.8752285122 3.0758771775 
 4.9758187407 4.0184677053 3.1968123968 
 5.1443645927 4.1652555462 3.3212523090 
 5.3161478885 4.3155795957 3.4492244038 
 5.4910976168 4.4694229768 3.5807534486 
 5.6691368924 4.6267639753 3.7158611066 
 5.8501825704 4.7875755757 3.8545654895 
 6.0341448104 4.9518249399 3.9968806483 
 6.2209265985 5.1194728324 4.1428160048 
 6.4104232404 5.2904730020 4.2923757295 
 6.6025218393 5.4647715308 4.4455580711 
 6.7971007732 5.6423061611 4.6023546477 
 6.9940291888 5.8230056151 4.7627497077 
 7.1931665290 6.0067889211 4.9267193724 
 7.3943621109 6.1935647629 5.0942308724 
 7.5974547718 6.3832308669 5.2652417904 
 7.8022726005 6.5756734457 5.4396993258 
 8.0086327685 6.7707667122 5.6175395940 
 8.2163414753 6.9683724813 5.7986869763 
 8.4251940204 7.1683398742 5.9830535348 
 8.6349750111 7.3705051369 6.1705385063 
 8.8454587126 7.5746915871 6.3610278889 
 9.0564095460 7.7807096977 6.5543941345 
 9.2675827326 7.9883573233 6.7504959565 
 9.4787250852 8.1974200772 6.9491782643 
 9.6895759367 8.4076718569 7.1502722304 
 9.8998682009 8.6188755198 7.3535954962 
 10.1093295511 8.8307837031 7.5589525186 
 10.3176837022 9.0431397820 7.7661350582 
 10.5246517792 9.2556789535 7.9749228072 
 10.7299537529 9.4681294362 8.1850841505 
 10.9333099215 9.6802137679 8.3963770539 
 11.1344424168 9.8916501849 8.6085500687 
 11.3330767118 10.1021540638 8.8213434404 
 11.5289431080 10.3114394054 9.0344903081 
 11.7217781805 10.5192203389 9.2477179770 
 11.9113261606 10.7252126268 9.4607492493 
 12.0973402365 10.9291351480 9.6733037927 
 12.2795837554 11.1307113398 9.8850995307 
 12.4578313130 11.3296705795 10.0958540343 
 12.6318697183 11.5257494891 10.3052858979 
 12.8014988240 11.7186931474 10.5131160818 
 12.9665322176 11.9082561962 10.7190692062 
 13.1267977694 12.0942038316 10.9228747810 
 13.2821380367 12.2763126717 11.1242683592 
 13.4324105275 12.4543714958 11.3229926041 
 13.5774878275 12.6281818533 11.5187982604 
 13.7172575977 12.7975585413 11.7114450242 
 13.8516224515 12.9623299554 11.9007023073 
 13.9804997217 13.1223383159 12.0863498939 
 14.1038211283 13.2774397782 12.2681784909 
 14.2215323598 13.4275044341 12.4459901726 
 14.3335925809 13.5724162137 12.6195987253 
 14.4399738789 13.7120726986 12.7888298954 
 14.5406606621 13.8463848567 12.9535215494 
 14.6356490221 13.9752767100 13.1135237514 
 14.7249460715 14.0986849468 13.2686987684 
 14.8085692684 14.2165584888 13.4189210091 
 14.8865457368 14.3288580238 13.5640769077 
 14.9589115916 14.4355555135 13.7040647592 
 15.0257112767 14.5366336860 13.8387945147 
 15.0869969207 14.6320855196 13.9681875454 
 15.1428277172 14.7219137267 14.0921763811 
 15.1932693326 14.8061302418 14.2107044298 
 15.2383933441 14.8847557197 14.3237256839 
 15.2782767106 14.9578190477 14.4312044186 
 15.3130012763 15.0253568729 14.5331148837 
 15.3426533082 15.0874131493 14.6294409944 
 15.3673230655 15.1440387028 14.7201760210 
 15.3871044007 15.1952908162 14.8053222810 
 15.4020943904 15.2412328328 14.8848908310 
 15.4123929931 15.2819337790 14.9589011622 
 15.4181027322 15.3174680027 15.0273808960 
 15.4193284012 15.3479148275 15.0903654810 
 15.4161767894 15.3733582198 15.1478978883 
 15.4087564237 15.3938864678 15.2000283063 
 15.3971773257 15.4095918697 15.2468138321 
 15.3815507816 15.4205704294 15.2883181577 
 15.3619891207 15.4269215588 15.3246112524 
 15.3386055040 15.4287477836 15.3557690373 
 15.3115137176 15.4261544532 15.3818730537 
 15.2808279726 15.4192494514 15.4030101233 
 15.2466627085 15.4081429101 15.4192720006 
 15.2091323997 15.3929469219 15.4307550180 
 15.1683513653 15.3737752556 15.4375597235 
 15.1244335810 15.3507430705 15.4397905114 
 15.0774924939 15.3239666327 15.4375552479 
 15.0276408397 15.2935630336 15.4309648927 
 14.9749904629 15.2596499099 15.4201331174 
 14.9196521412 15.2223451677 15.4051759227 
 14.8617354136 15.1817667105 15.3862112574 
 14.8013484141 15.1380321738 15.3633586387 
 14.7385977110 15.0912586657 15.3367387783 
 14.6735881528 15.0415625160 15.3064732152 
 14.6064227221 14.9890590350 15.2726839563 
 14.5372023979 14.9338622819 15.2354931290 
 14.4660260271 14.8760848468 15.1950226454 
 14.3929902055 14.8158376432 15.1513938810 
 14.3181891703 14.7532297163 15.1047273696 
 14.2417147035 14.6883680647 15.0551425149 
 14.1636560463 14.6213574778 15.0027573207 
 14.0840998268 14.5523003891 14.9476881409 
 14.0031299987 14.4812967456 14.8900494490 
 13.9208277936 14.4084438937 14.8299536295 
 13.8372716843 14.3338364819 14.7675107895 
 13.7525373621 14.2575663799 14.7028285922 
 13.6666977250 14.1797226142 14.6360121121 
 13.5798228781 14.1003913195 14.5671637111 
 13.4919801454 14.0196557063 14.4963829350 
 13.4032340930 13.9375960430 14.4237664315 
 13.3136465621 13.8542896529 14.3494078867 
 13.2232767121 13.7698109246 14.2733979813 
 13.1321810729 13.6842313358 14.1958243642 
 13.0404136056 13.5976194882 14.1167716436 
 12.9480257704 13.5100411548 14.0363213932 
 12.8550666020 13.4215593364 13.9545521740 
 12.7615827908 13.3322343273 13.8715395693 
 12.6676187693 13.2421237899 13.7873562319 
 12.5732168027 13.1512828357 13.7020719422 
 12.4784170833 13.0597641124 13.6157536767 
 12.3832578278 12.9676178969 13.5284656847 
 12.2877753764 12.8748921914 13.4402695723 
 12.1920042929 12.7816328233 13.3512243929 
 12.0959774656 12.6878835474 13.2613867417 
 11.9997262079 12.5936861486 13.1708108554 
 11.9032803576 12.4990805464 13.0795487136 
 11.8066683752 12.4041048976 12.9876501422 
 11.7099174393 12.3087956995 12.8951629175 
 11.6130535403 12.2131878895 12.8021328701 
 11.5161015698 12.1173149441 12.7086039879 
 11.4190854073 12.0212089737 12.6146185170 
 11.3220280018 11.9249008140 12.5202170600 
 11.2249514502 11.8284201140 12.4254386719 
 11.1278770701 11.7317954190 12.3303209510 
 11.0308254682 11.6350542492 12.2349001269 
 10.9338166032 11.5382231730 12.1392111428 
 10.8368698435 11.4413278754 12.0432877334 
 10.7400040203 11.3443932210 11.9471624979 
 10.6432374744 11.2474433112 11.8508669665 
 10.5465880981 11.1505015364 11.7544316628 
 10.4500733724 11.0535906226 11.6578861595 
 10.3537103981 10.9567326724 11.5612591289 
 10.2575159226 10.8599492010 11.4645783888 
 10.1615063622 10.7632611674 11.3678709414 
 10.0656978197 10.6666890004 11.2711630089 
 9.9701060974 10.5702526205 11.1744800629 
 9.8747467071 10.4739714571 11.0778468502 
 9.7796348763 10.3778644623 10.9812874137 
 9.6847855508 10.2819501214 10.8848251103 
 9.5902133957 10.1862464598 10.7884826245 
 9.4959327932 10.0907710480 10.6922819796 
 9.4019578387 9.9955410036 10.5962445467 
 9.3083023363 9.9005729924 10.5003910508 
 9.2149797921 9.8058832281 10.4047415763 
 9.1220034079 9.7114874707 10.3093155709 
 9.0293860747 9.6174010252 10.2141318491 
 8.9371403660 9.5236387402 10.1192085958 
 8.8452785324 9.4302150069 10.0245633697 
 8.7538124970 9.3371437594 9.9302131086 
 8.6627538523 9.2444384760 9.8361741348 
 8.5721138591 9.1521121824 9.7424621624 
 8.4819034469 9.0601774568 9.6490923076 
 8.3921332174 8.9686464374 9.5560790994 
 8.3028134500 8.8775308323 9.4634364945 
 8.2139541099 8.7868419325 9.3711778946 
 8.1255648598 8.6965906271 9.2793161655 
 8.0376550737 8.6067874222 9.1878636613 
 7.9502338538 8.5174424625 9.0968322500 
 7.8633100514 8.4285655559 9.0062333432 
 7.7768922888 8.3401662017 8.9160779291 
 7.6909889863 8.2522536211 8.8263766078 
 7.6056083895 8.1648367905 8.7371396306 
 7.5207586015 8.0779244783 8.6483769418 
 7.4364476153 7.9915252835 8.5600982225 
 7.3526833496 7.9056476762 8.4723129378 
 7.2694736854 7.8203000406 8.3850303857 
 7.1868265050 7.7354907192 8.2982597471 
 7.1047497306 7.6512280585 8.2120101383 
 7.0232513651 7.5675204548 8.1262906637 
 6.9423395319 7.4843764012 8.0411104692 
 6.8620225148 7.4018045339 7.9564787956 
 6.7823087978 7.3198136781 7.8724050322 
 6.7032071030 7.2384128929 7.7888987684 
 6.6247264275 7.1576115150 7.7059698449 
 6.5468760777 7.0774191996 7.6236284025 
 6.4696657022 6.9978459599 7.5418849288 
 6.3931053206 6.9189022029 7.4607503014 
 6.3172053496 6.8405987618 7.3802358285 
 6.2419766255 6.7629469253 7.3003532852 
 6.1674304224 6.6859584619 7.2211149448 
 6.0935784661 6.6096456400 7.1425336071 
 6.0204329431 6.5340212429 7.0646226195 
 5.9480065048 6.4590985782 6.9873958938 
 5.8763122667 6.3848914824 6.9108679169 
 5.8053638016 6.3114143191 6.8350537551 
 5.7351751277 6.2386819710 6.7599690523 
 5.6657606913 6.1667098267 6.6856300213 
 5.5971353433 6.0955137602 6.6120534288 
 5.5293143103 6.0251101052 6.5392565730 
 5.4623131604 5.9555156223 6.4672572553 
 5.3961477631 5.8867474606 6.3960737440 
 5.3308342443 5.8188231133 6.3257247324 
 5.2663889361 5.7517603671 6.2562292900 
 5.2028283218 5.6855772467 6.1876068069 
 5.1401689763 5.6202919537 6.1198769331 
 5.0784275031 5.5559228001 6.0530595110 
 5.0176204666 5.4924881386 5.9871745036 
 4.9577643217 5.4300062874 5.9222419172 
 4.8988753410 5.3684954527 5.8582817198 
 4.8409695388 5.3079736472 5.7953137555 
 4.7840625944 5.2484586069 5.7333576562 
 4.7281697734 5.1899677053 5.6724327499 
 4.6733058489 5.1325178670 5.6125579673 
 4.6194850224 5.0761254805 5.5537517473 
 4.5667208459 5.0208063104 5.4960319412 
 4.5150261440 4.9665754114 5.4394157178 
 4.4644129391 4.9134470427 5.3839194687 
 4.4148923784 4.8614345853 5.3295587152 
 4.3664746635 4.8105504611 5.2763480182 
 4.3191689845 4.7608060560 5.2243008905 
 4.2729834575 4.7122116473 5.1734297129 
 4.2279250670 4.6647763348 5.1237456557 
 4.1839996138 4.6185079787 5.0752586045 
 4.1412116684 4.5734131420 5.0279770931 
 4.0995645308 4.5294970406 4.9819082420 
 4.0590601969 4.4867635000 4.9370577060 
 4.0196993324 4.4452149200 4.8934296281 
 3.9814812542 4.4048522471 4.8510266033 
 3.9444039194 4.3656749564 4.8098496519 
 3.9084639235 4.3276810423 4.7698982017 
 3.8736565069 4.2908670184 4.7311700818 
 3.8399755697 4.2552279282 4.6936615264 
 3.8074136974 4.2207573655 4.6573671907 
 3.7759621941 4.1874475054 4.6222801775 
 3.7456111269 4.1552891463 4.5883920771 
 3.7163493788 4.1242717624 4.5556930179 
 3.6881647118 4.0943835679 4.5241717306 
 3.6610438397 4.0656115911 4.4938156235 
 3.6349725096 4.0379417600 4.4646108710 
 3.6099355938 4.0113589986 4.4365425136 
 3.5859171893 3.9858473324 4.4095945697 
 3.5629007268 3.9613900053 4.3837501584 
 3.5408690865 3.9379696039 4.3589916332 
 3.5198047223 3.9155681918 4.3353007252 
 3.4996897914 3.8941674503 4.3126586956 
 3.4805062898 3.8737488265 4.2910464950 
 3.4622361923 3.8542936859 4.2704449304 
 3.4448615949 3.8357834701 4.2508348359 
 3.4283648602 3.8181998557 4.2321972478 
 3.4127287621 3.8015249153 4.2145135802 
 3.3979366296 3.7857412768 4.1977658008 
 3.3839724882 3.7708322802 4.1819366040 
 3.3708211950 3.7567821290 4.1670095783 
 3.3584685688 3.7435760355 4.1529693678 
 3.3469015106 3.7312003559 4.1398018226 
 3.3361081132 3.7196427145 4.1274941376 
 3.3260777586 3.7088921140 4.1160349765 
 3.3168012004 3.6989390293 4.1054145779 
 3.3082706297 3.6897754837 4.0956248422 
 3.3004797218 3.6813951040 4.0866593956 
 3.2934236629 3.6737931535 4.0785136297 
 3.2870991547 3.6669665406 4.0711847148 
 3.2815043952 3.6609138009 4.0646715838 
 3.2766390345 3.6556350527 4.0589748869 
 3.2725041052 3.6511319227 4.0540969139 
 3.2691019253 3.6474074429 4.0500414843 
 3.2664359744 3.6444659173 4.0468138044 
 3.2645107429 3.6423127578 4.0444202904 
 3.2633315532 3.6409542905 4.0428683591 
 3.2629043550 3.6403975322 4.0421661854 
 3.2632354952 3.6406499391 4.0423224290 
 3.2643314631 3.6417191276 4.0433459306 
 3.2661986141 3.6436125718 4.0452453820 
 3.2688428727 3.6463372774 4.0480289701 
 3.2722694194 3.6498994369 4.0517040004 
 3.2764823630 3.6543040703 4.0562765035 
 3.2814844032 3.6595546526 4.0617508276 
 3.2872764882 3.6656527364 4.0681292243 
 3.2938574705 3.6725975723 4.0754114325 
 3.3012237682 3.6803857344 4.0835942665 
 3.3093690366 3.6890107566 4.0926712159 
 3.3182838566 3.6984627870 4.1026320645 
 3.3279554465 3.7087282681 4.1134625370 
 3.3383674056 3.7197896501 4.1251439809 
 3.3494994955 3.7316251464 4.1376530947 
 3.3613274681 3.7442085393 4.1509617095 
 3.3738229473 3.7575090442 4.1650366350 
 3.3869533735 3.7714912430 4.1798395797 
 3.4006820173 3.7861150922 4.1953271536 
 3.4149680700 3.8013360168 4.2114509627 
 3.4297668184 3.8171050948 4.2281578050 
 3.4450299082 3.8333693407 4.2453899722 
 3.4607057017 3.8500720923 4.2630856666 
 3.4767397323 3.8671535042 4.2811795339 
 3.4930752573 3.8845511501 4.2996033164 
 3.5096539085 3.9022007332 4.3182866246 
 3.5264164367 3.9200369010 4.3371578255 
 3.5433035466 3.9379941599 4.3561450387 
 3.5602568115 3.9560078792 4.3751772343 
 3.5772196585 3.9740153733 4.3941854157 
 3.5941384103 3.9919570472 4.4131038733 
 3.6109633669 4.0097775868 4.4318714884 
 3.6276499086 4.0274271730 4.4504330640 
 3.6441595996 4.0448626972 4.4687406566 
 3.6604612699 4.0620489518 4.4867548813 
 3.6765320503 4.0789597708 4.5044461611 
 3.6923583392 4.0955790916 4.5217958895 
 3.7079366747 4.1119019135 4.5387974769 
 3.7232744900 4.1279351250 4.5554572528 
 3.7383907314 4.1436981788 4.5717951971 
 3.7533163193 4.1592235907 4.5878454772 
 3.7680944375 4.1745572482 4.6036567728 
 3.7827806368 4.1897585134 4.6192923735 
 3.7974427469 4.2049001124 4.6348300414 
 3.8121605905 4.2200678073 4.6503616329 
 3.8270255003 4.2353598513 4.6659924848 
 3.8421396418 4.2508862315 4.6818405686 
 3.8576151486 4.2667677094 4.6980354266 
 3.8735730802 4.2831346687 4.7147169021 
 3.8901422124 4.3001257868 4.7320336836 
 3.9074576735 4.3178865424 4.7501416782 
 3.9256594373 4.3365675767 4.7692022343 
 3.9448906865 4.3563229199 4.7893802303 
 3.9652960552 4.3773080971 4.8108420419 
 3.9870197594 4.3996781227 4.8337534020 
 4.0102036229 4.4235853903 4.8582771588 
 4.0349850011 4.4491774627 4.8845709380 
 4.0614946076 4.4765947647 4.9127847086 
 4.0898542429 4.5059681775 4.9430582525 
 4.1201744285 4.5374165363 4.9755185333 
 4.1525519483 4.5710440299 5.0102769650 
 4.1870673027 4.6069375081 5.0474265789 
 4.2237820873 4.6451637039 5.0870390955 
 4.2627363106 4.6857663852 5.1291619143 
 4.3039456777 4.7287634624 5.1738150445 
 4.3473988753 4.7741440860 5.2209880117 
 4.3930549044 4.8218657840 5.2706367918 
 4.4408405220 4.8718517025 5.3226808379 
 4.4906478662 4.9239880294 5.3770002852 
 4.5423323527 4.9781216961 5.4334334376 
 4.5957109440 5.0340584681 5.4917746562 
 4.6505609051 5.0915615498 5.5517727871 
 4.7066191659 5.1503508372 5.6131302791 
 4.7635824169 5.2101029601 5.6755031492 
 4.8211080627 5.2704522555 5.7385019576 
 4.8788161479 5.3309928039 5.8016939448 
 4.9362923571 5.3912816477 5.8646064684 
 4.9930921614 5.4508432789 5.9267318484 
 5.0487461508 5.5091754472 5.9875336866 
 5.1027665442 5.5657562904 6.0464546711 
 5.1546548160 5.6200527221 6.1029258065 
 5.2039103131 5.6715299469 6.1563769290 
 5.2500396692 5.7196618877 6.2062482743 
 5.2925667541 5.7639422343 6.2520027710 
 5.3310428284 5.8038957396 6.2931386377 
 5.3650565170 5.8390893218 6.3292017789 
 5.3942431743 5.8691424803 6.3597974076 
 5.4182931909 5.8937365028 6.3846002896 
 5.4369588025 5.9126219479 6.4033630006 
 5.4500589960 5.9256239299 6.4159216358 
 5.4574821829 5.9326448115 6.4221985069 
 5.4591864122 5.9336640356 6.4222014996 
 5.4551970270 5.9287349818 6.4160199557 
 5.4456018207 5.9179789123 6.4038171555 
 5.4305439084 5.9015762678 6.3858197123 
 5.4102126858 5.8797557599 6.3623044170 
 5.3848333832 5.8527818715 6.3335832696 
 5.3546558291 5.8209415058 6.2999875926 
 5.3199430987 5.7845305969 6.2618522059 
 5.2809607345 5.7438415078 6.2195006585 
 5.2379671844 5.6991519885 6.1732324426 
 5.1912060103 5.6507163522 6.1233129745 
 5.1409002852 5.5987593601 6.0699669171 
 5.0872494318 5.5434731010 6.0133751700 
 5.0304285724 5.4850169305 5.9536755767 
 4.9705902781 5.4235203089 5.8909671309 
 4.9078684393 5.3590881813 5.8253172175 
 4.8423838406 5.2918083702 5.7567712293 
 4.7742509228 5.2217603438 5.6853637635 
 4.7035851637 5.1490246539 5.6111305365 
 4.6305104967 5.0736923406 5.5341201576 
 4.5551662243 4.9958736449 5.4544049722 
 4.4777129557 4.9157054680 5.3720903052 
 4.3983371962 4.8333571380 5.2873215918 
 4.3172543359 4.7490341968 5.2002890699 
 4.2347099096 4.6629800656 5.1112298866 
 4.1509791188 4.5754755982 5.0204276525 
 4.0663647182 4.4868366587 4.9282096266 
 3.9811934557 4.3974099641 4.8349418397 
 3.8958113259 4.3075675120 4.7410225471 
 3.8105779356 4.2176999574 4.6468744546 
 3.7258603011 4.1282093213 4.5529361758 
 3.6420263924 4.0395014064 4.4596533624 
 3.5594387182 3.9519782660 4.3674699134 
 