4.3674699134 4.8049437609 5.2633268497 
 4.2768196112 4.7098930148 5.1642174342 
 4.1881184656 4.6167712137 5.0669960146 
 4.1017579765 4.5260135204 4.9721440030 
 4.0180994530 4.4380227401 4.8801080713 
 3.9374694640 4.3531640742 4.7912941707 
 3.8601564327 4.2717611830 4.7060630438 
 3.7864083425 4.1940935110 4.6247271679 
 3.7164314795 4.1203947881 4.5475490219 
 3.6503901130 4.0508525876 4.4747405380 
 3.5884069930 3.9856088037 4.4064635816 
 3.5305645365 3.9247609038 4.3428312919 
 3.4769065729 3.8683638065 4.2839101188 
 3.4274405217 3.8164322447 4.2297223972 
 3.3821398836 3.7689434830 4.1802493135 
 3.3409469420 3.7258402701 4.1354341348 
 3.3037755800 3.6870339268 4.0951855884 
 3.2705141383 3.6524074828 4.0593812986 
 3.2410282503 3.6218187937 4.0278712049 
 3.2151636067 3.5951035855 4.0004809035 
 3.1927486154 3.5720783874 3.9770148689 
 3.1735969317 3.5525433258 3.9572595265 
 3.1575098469 3.5362847654 3.9409861578 
 3.1442785290 3.5230777890 3.9279536309 
 3.1336861161 3.5126885170 3.9179109551 
 3.1255096696 3.5048762723 3.9105996641 
 3.1195219961 3.4993955994 3.9057560387 
 3.1154933479 3.4959981494 3.9031131780 
 3.1131930166 3.4944344435 3.9024029357 
 3.1123908300 3.4944555278 3.9033577308 
 3.1128585641 3.4958145309 3.9057122496 
 3.1143712809 3.4982681362 3.9092050472 
 3.1167085987 3.5015779756 3.9135800607 
 3.1196559008 3.5055119528 3.9185880390 
 3.1230054872 3.5098455002 3.9239878976 
 3.1265576686 3.5143627689 3.9295479979 
 3.1301218018 3.5188577542 3.9350473526 
 3.1335172642 3.5231353503 3.9402767537 
 3.1365743592 3.5270123303 3.9450398196 
 3.1391351481 3.5303182450 3.9491539524 
 3.1410541980 3.5328962297 3.9524511991 
 3.1421992381 3.5346037126 3.9547790061 
 3.1424517143 3.5353130123 3.9560008562 
 3.1417072326 3.5349118164 3.9559967799 
 3.1398758838 3.5333035319 3.9546637302 
 3.1368824420 3.5304074992 3.9519158117 
 3.1326664310 3.5261590644 3.9476843596 
 3.1271820553 3.5205095049 3.9419178625 
 3.1203979948 3.5134258079 3.9345817263 
 3.1122970637 3.5048903024 3.9256578826 
 3.1028757385 3.4949001482 3.9151442422 
 3.0921435601 3.4834666894 3.9030540039 
 3.0801224198 3.4706146812 3.8894148246 
 3.0668457404 3.4563814020 3.8742678671 
 3.0523575644 3.4408156650 3.8576667371 
 3.0367115655 3.4239767448 3.8396763287 
 3.0199699968 3.4059332361 3.8203715949 
 3.0022025957 3.3867618628 3.7998362640 
 2.9834854589 3.3665462558 3.7781615211 
 2.9638999070 3.3453757176 3.7554446737 
 2.9435313536 3.3233439916 3.7317878226 
 2.9224681940 3.3005480532 3.7072965545 
 2.9008007296 3.2770869370 3.6820786740 
 2.8786201382 3.2530606163 3.6562429897 
 2.8560175028 3.2285689438 3.6298981685 
 2.8330829082 3.2037106670 3.6031516676 
 2.8099046111 3.1785825230 3.5761087544 
 2.7865682915 3.1532784216 3.5488716199 
 2.7631563868 3.1278887185 3.5215385906 
 2.7397475120 3.1024995820 3.4942034404 
 2.7164159653 3.0771924527 3.4669548040 
 2.6932313184 3.0520435955 3.4398756897 
 2.6702580888 3.0271237406 3.4130430881 
 2.6475554900 3.0024978098 3.3865276745 
 2.6251772566 2.9782247241 3.3603935973 
 2.6031715371 2.9543572849 3.3346983488 
 2.5815808505 2.9309421259 3.3094927097 
 2.5604421000 2.9080197255 3.2848207618 
 2.5397866373 2.8856244763 3.2607199609 
 2.5196403724 2.8637848027 3.2372212633 
 2.5000239213 2.8425233217 3.2143492980 
 2.4809527880 2.8218570394 3.1921225787 
 2.4624375726 2.8017975777 3.1705537485 
 2.4444842029 2.7823514259 3.1496498515 
 2.4270941827 2.7635202109 3.1294126251 
 2.4102648534 2.7453009827 3.1098388091 
 2.3939896656 2.7276865103 3.0909204661 
 2.3782584554 2.7106655829 3.0726453084 
 2.3630577244 2.6942233164 3.0549970299 
 2.3483709192 2.6783414584 3.0379556379 
 2.3341787097 2.6629986926 3.0214977833 
 2.3204592626 2.6481709381 3.0055970862 
 2.3071885100 2.6338316438 2.9902244562 
 2.2943404119 2.6199520756 2.9753484045 
 2.2818872099 2.6065015950 2.9609353478 
 2.2697996744 2.5934479295 2.9469499028 
 2.2580473417 2.5807574338 2.9333551700 
 2.2465987431 2.5683953400 2.9201130080 
 2.2354216244 2.5563259999 2.9071842961 
 2.2244831564 2.5445131156 2.8945291864 
 2.2137501369 2.5329199609 2.8821073460 
 2.2031891829 2.5215095937 2.8698781873 
 2.1927669153 2.5102450578 2.8578010890 
 2.1824501344 2.4990895765 2.8458356073 
 2.1722059879 2.4880067371 2.8339416764 
 2.1620021311 2.4769606669 2.8220798016 
 2.1518068796 2.4659162018 2.8102112420 
 2.1415893554 2.4548390460 2.7982981864 
 2.1313196257 2.4436959261 2.7863039201 
 2.1209688353 2.4324547366 2.7741929847 
 2.1105093333 2.4210846794 2.7619313312 
 2.0999147920 2.4095563965 2.7494864649 
 2.0891603218 2.3978420965 2.7368275845 
 2.0782225778 2.3859156737 2.7239257141 
 2.0670798616 2.3737528216 2.7107538280 
 2.0557122158 2.3613311390 2.6972869688 
 2.0441015116 2.3486302290 2.6835023585 
 2.0322315301 2.3356317908 2.6693795007 
 2.0200880347 2.3223197034 2.6549002765 
 2.0076588365 2.3086801004 2.6400490291 
 1.9949338501 2.2947014360 2.6248126412 
 1.9819051401 2.2803745405 2.6091805998 
 1.9685669582 2.2656926658 2.5931450509 
 1.9549157680 2.2506515181 2.5767008416 
 1.9409502602 2.2352492792 2.5598455486 
 1.9266713535 2.2194866138 2.5425794928 
 1.9120821843 2.2033666634 2.5249057383 
 1.8971880822 2.1868950250 2.5068300756 
 1.8819965319 2.1700797140 2.4883609881 
 1.8665171206 2.1529311126 2.4695096007 
 1.8507614712 2.1354619008 2.4502896108 
 1.8347431608 2.1176869715 2.4307172012 
 1.8184776255 2.0996233293 2.4108109341 
 1.8019820497 2.0812899734 2.3905916276 
 1.7852752432 2.0627077642 2.3700822140 
 1.7683775042 2.0438992755 2.3493075808 
 1.7513104708 2.0248886321 2.3282943953 
 1.7340969612 2.0057013345 2.3070709145 
 1.7167608029 1.9863640709 2.2856667795 
 1.6993266545 1.9669045197 2.2641127989 
 1.6818198192 1.9473511420 2.2424407200 
 1.6642660525 1.9277329672 2.2206829916 
 1.6466913660 1.9080793724 2.1988725188 
 1.6291218281 1.8884198584 2.1770424132 
 1.6115833637 1.8687838238 2.1552257394 
 1.5941015549 1.8492003382 2.1334552605 
 1.5767014435 1.8296979183 2.1117631849 
 1.5594073379 1.8103043059 2.0901809156 
 1.5422426247 1.7910462533 2.0687388046 
 1.5252295882 1.7719493138 2.0474659148 
 1.5083892372 1.7530376421 2.0263897899 
 1.4917411419 1.7343338040 2.0055362357 
 1.4753032816 1.7158585987 1.9849291132 
 1.4590919040 1.6976308927 1.9645901454 
 1.4431213976 1.6796674690 1.9445387400 
 1.4274041781 1.6619828906 1.9247918275 
 1.4119505887 1.6445893810 1.9053637185 
 1.3967688170 1.6274967211 1.8862659792 
 1.3818648265 1.6107121650 1.8675073267 
 1.3672423060 1.5942403738 1.8490935461 
 1.3529026356 1.5780833695 1.8310274293 
 1.3388448708 1.5622405084 1.8133087359 
 1.3250657440 1.5467084766 1.7959341788 
 1.3115596850 1.5314813051 1.7788974333 
 1.2983188609 1.5165504075 1.7621891715 
 1.2853332335 1.5019046402 1.7457971216 
 1.2725906373 1.4875303838 1.7297061534 
 1.2600768757 1.4734116477 1.7138983900 
 1.2477758368 1.4595301971 1.6983533451 
 1.2356696279 1.4458657016 1.6830480866 
 1.2237387284 1.4323959066 1.6679574260 
 1.2119621602 1.4190968248 1.6530541322 
 1.2003176756 1.4059429489 1.6383091702 
 1.1887819608 1.3929074828 1.6236919620 
 1.1773308541 1.3799625911 1.6091706691 
 1.1659395769 1.3670796638 1.5947124938 
 1.1545829758 1.3542295951 1.5802839976 
 1.1432357741 1.3413830734 1.5658514336 
 1.1318728290 1.3285108798 1.5513810891 
 1.1204693934 1.3155841919 1.5368396364 
 1.1090013781 1.3025748892 1.5221944856 
 1.0974456118 1.2894558575 1.5074141380 
 1.0857800959 1.2762012871 1.4924685324 
 1.0739842497 1.2627869616 1.4773293832 
 1.0620391445 1.2491905342 1.4619705022 
 1.0499277208 1.2353917849 1.4463681029 
 1.0376349872 1.2213728580 1.4305010792 
 1.0251481979 1.2071184736 1.4143512580 
 1.0124570045 1.1926161119 1.3979036182 
 0.9995535812 1.1778561652 1.3811464751 
 0.9864327208 1.1628320574 1.3640716264 
 0.9730918994 1.1475403270 1.3466744571 
 0.9595313103 1.1319806735 1.3289540023 
 0.9457538638 1.1161559666 1.3109129660 
 0.9317651561 1.1000722165 1.2925576968 
 0.9175734053 1.0837385078 1.2738981199 
 0.9031893570 1.0671668971 1.2549476282 
 0.8886261608 1.0503722763 1.2357229322 
 0.8738992193 1.0333722039 1.2162438736 
 0.8590260131 1.0161867075 1.1965332045 
 0.8440259036 0.9988380604 1.1766163361 
 0.8289199178 0.9813505357 1.1565210614 
 0.8137305175 0.9637501430 1.1362772559 
 0.7984813575 0.9460643501 1.1159165608 
 0.7831970353 0.9283217948 1.0954720543 
 0.7679028367 0.9105519910 1.0749779141 
 0.7526244805 0.8927850331 1.0544690775 
 0.7373878657 0.8750513011 1.0339809021 
 0.7222188240 0.8573811732 1.0135488322 
 0.7071428810 0.8398047456 0.9932080740 
 0.6921850287 0.8223515655 0.9729932841 
 0.6773695111 0.8050503784 0.9529382736 
 0.6627196255 0.7879288924 0.9330757307 
 0.6482575406 0.7710135616 0.9134369648 
 0.6340041330 0.7543293902 0.8940516729 
 0.6199788436 0.7378997588 0.8749477304 
 0.6061995529 0.7217462725 0.8561510084 
 0.5926824778 0.7058886329 0.8376852155 
 0.5794420886 0.6903445336 0.8195717677 
 0.5664910457 0.6751295786 0.8018296837 
 0.5538401570 0.6602572237 0.7844755077 
 0.5414983543 0.6457387411 0.7675232568 
 0.5294726886 0.6315832042 0.7509843946 
 0.5177683421 0.6177974944 0.7348678276 
 0.5063886583 0.6043863268 0.7191799260 
 0.4953351861 0.5913522941 0.7039245647 
 0.4846077394 0.5786959276 0.6891031858 
 0.4742044687 0.5664157742 0.6747148786 
 0.4641219449 0.5545084869 0.6607564779 
 0.4543552537 0.5429689286 0.6472226770 
 0.4448980981 0.5317902862 0.6341061552 
 0.4357429096 0.5209641958 0.6213977170 
 0.4268809655 0.5104808746 0.6090864423 
 0.4183025106 0.5003292610 0.5971598455 
 0.4099968839 0.4904971589 0.5856040416 
 0.4019526474 0.4809713869 0.5744039182 
 0.3941577158 0.4717379297 0.5635433121 
 0.3865994880 0.4627820906 0.5530051872 
 0.3792649764 0.4540886449 0.5427718151 
 0.3721409352 0.4456419915 0.5328249542 
 0.3652139863 0.4374263019 0.5231460269 
 0.3584707408 0.4294256668 0.5137162945 
 0.3518979161 0.4216242367 0.5045170264 
 0.3454824484 0.4140063585 0.4955296641 
 0.3392115983 0.4065567038 0.4867359778 
 0.3330730497 0.3992603912 0.4781182143 
 0.3270550020 0.3921030991 0.4696592359 
 0.3211462529 0.3850711700 0.4613426486 
 0.3153362741 0.3781517047 0.4531529186 
 0.3096152770 0.3713326458 0.4450754765 
 0.3039742700 0.3646028503 0.4370968091 
 0.2984051050 0.3579521513 0.4292045367 
 0.2929005156 0.3513714070 0.4213874768 
 0.2874541441 0.3448525384 0.4136356934 
 0.2820605595 0.3383885549 0.4059405323 
 0.2767152656 0.3319735682 0.3982946410 
 0.2714146989 0.3256027939 0.3906919752 
 0.2661562177 0.3192725420 0.3831277913 
 0.2609380822 0.3129801966 0.3755986255 
 0.2557594255 0.3067241849 0.3681022598 
 0.2506202168 0.3005039360 0.3606376764 
 0.2455212169 0.2943198311 0.3532050015 
 0.2404639268 0.2881731451 0.3458054383 
 0.2354505303 0.2820659809 0.3384411913 
 0.2304838298 0.2760011969 0.3311153830 
 0.2255671790 0.2699823291 0.3238319640 
 0.2207044104 0.2640135085 0.3165956174 
 0.2158997596 0.2580993757 0.3094116596 
 0.2111577880 0.2522449918 0.3022859381 
 0.2064833034 0.2464557489 0.2952247275 
 0.2018812801 0.2407372800 0.2882346257 
 0.1973567796 0.2350953697 0.2813224508 
 0.1929148721 0.2295358660 0.2744951401 
 0.1885605610 0.2240645960 0.2677596522 
 0.1842987094 0.2186872841 0.2611228737 
 0.1801339716 0.2134094757 0.2545915309 
 0.1760707289 0.2082364659 0.2481721079 
 0.1721130311 0.2031732347 0.2418707716 
 0.1682645455 0.1982243893 0.2356933043 
 0.1645285117 0.1933941135 0.2296450446 
 0.1609077061 0.1886861264 0.2237308379 
 0.1574044134 0.1841036488 0.2179549950 
 0.1540204082 0.1796493788 0.2123212610 
 0.1507569460 0.1753254772 0.2068327934 
 0.1476147631 0.1711335614 0.2014921501 
 0.1445940868 0.1670747092 0.1963012866 
 0.1416946548 0.1631494712 0.1912615623 
 0.1389157443 0.1593578918 0.1863737562 
 0.1362562090 0.1556995385 0.1816380898 
 0.1337145250 0.1521735390 0.1770542581 
 0.1312888435 0.1487786241 0.1726214680 
 0.1289770500 0.1455131777 0.1683384809 
 0.1267768287 0.1423752906 0.1642036624 
 0.1246857307 0.1393628186 0.1602150344 
 0.1227012452 0.1364734437 0.1563703313 
 0.1208208717 0.1337047360 0.1526670575 
 0.1190421932 0.1310542175 0.1491025464 
 0.1173629469 0.1285194239 0.1456740194 
 0.1157810941 0.1260979664 0.1423786438 
 0.1142948856 0.1237875901 0.1392135898 
 0.1129029231 0.1215862295 0.1361760842 
 0.1116042154 0.1194920603 0.1332634614 
 0.1103982292 0.1175035467 0.1304732115 
 0.1092849328 0.1156194835 0.1278030236 
 0.1082648342 0.1138390340 0.1252508249 
 0.1073390119 0.1121617613 0.1228148162 
 0.1065091396 0.1105876556 0.1204935018 
 0.1057775041 0.1091171555 0.1182857153 
 0.1051470172 0.1077511640 0.1161906408 
 0.1046212219 0.1064910607 0.1142078303 
 0.1042042932 0.1053387083 0.1123372155 
 0.1039010339 0.1042964555 0.1105791172 
 0.1037168663 0.1033671359 0.1089342500 
 0.1036578193 0.1025540625 0.1074037237 
 0.1037305124 0.1018610204 0.1059890413 
 0.1039421358 0.1012922546 0.1046920944 
 0.1043004276 0.1008524562 0.1035151549 
 0.1048136484 0.1005467453 0.1024608648 
 0.1054905523 0.1003806513 0.1015322230 
 0.1063403558 0.1003600912 0.1007325694 
 0.1073727031 0.1004913443 0.1000655678 
 0.1085976295 0.1007810259 0.0995351848 
 0.1100255207 0.1012360576 0.0991456686 
 0.1116670701 0.1018636356 0.0989015241 
 0.1135332328 0.1026711970 0.0988074871 
 0.1156351767 0.1036663836 0.0988684969 
 0.1179842317 0.1048570043 0.0990896669 
 0.1205918357 0.1062509960 0.0994762545 
 0.1234694798 0.1078563829 0.1000336302 
 0.1266286523 0.1096812361 0.1007672464 
 0.1300807825 0.1117336326 0.1016826067 
 0.1338371860 0.1140216158 0.1027852353 
 0.1379090117 0.1165531580 0.1040806488 
 0.1423071936 0.1193361251 0.1055743302 
 0.1470424067 0.1223782464 0.1072717053 
 0.1521250315 0.1256870891 0.1091781244 
 0.1575651262 0.1292700396 0.1112988476 
 0.1633724105 0.1331342926 0.1136390373 
 0.1695562616 0.1372868494 0.1162037561 
 0.1761257241 0.1417345264 0.1189979734 
 0.1830895365 0.1464839753 0.1220265798 
 0.1904561740 0.1515417149 0.1252944101 
 0.1982339089 0.1569141767 0.1288062766 
 0.2064308908 0.1626077630 0.1325670115 
 0.2150552446 0.1686289196 0.1365815195 
 0.2241151875 0.1749842213 0.1408548402 
 0.2336191640 0.1816804709 0.1453922201 
 0.2435759976 0.1887248104 0.1501991941 
 0.2539950583 0.1961248437 0.1552816746 
 0.2648864423 0.2038887693 0.1606460490 
 0.2762611642 0.2120255215 0.1662992835 
 0.2881313562 0.2205449182 0.1722490314 
 0.3005104733 0.2294578131 0.1785037464 
 0.3134135003 0.2387762510 0.1850727973 
 0.3268571577 0.2485136226 0.1919665841 
 0.3408601038 0.2586848173 0.1991966530 
 0.3554431281 0.2693063725 0.2067758093 
 0.3706293350 0.2803966151 0.2147182265 
 0.3864443126 0.2919757952 0.2230395496 
 0.4029162858 0.3040662093 0.2317569924 
 0.4200762500 0.3166923100 0.2408894259 
 0.4379580841 0.3298808030 0.2504574587 
 0.4565986396 0.3436607282 0.2604835063 
 0.4760378058 0.3580635240 0.2709918500 
 0.4963185500 0.3731230750 0.2820086840 
 0.5174869294 0.3888757406 0.2935621505 
 0.5395920782 0.4053603661 0.3056823619 
 0.5626861660 0.4226182743 0.3184014109 
 0.5868243298 0.4406932382 0.3317533667 
 0.6120645791 0.4596314359 0.3457742597 
 0.6384676758 0.4794813856 0.3605020518 
 0.6660969878 0.5002938643 0.3759765962 
 0.6950183198 0.5221218084 0.3922395837 
 0.7252997216 0.5450201983 0.4093344782 
 0.7570112749 0.5690459278 0.4273064415 
 0.7902248625 0.5942576597 0.4462022479 
 0.8250139200 0.6207156687 0.4660701900 
 0.8614531740 0.6484816732 0.4869599761 
 0.8996183690 0.6776186595 0.5089226217 
 0.9395859859 0.7081906970 0.5320103351 
 0.9814329548 0.7402627507 0.5562763995 
 1.0252363677 0.7739004901 0.5817750532 
 1.0710731915 0.8091700997 0.6085613692 
 1.1190199874 0.8461380911 0.6366911368 
 1.1691526399 0.8848711221 0.6662207471 
 1.2215460984 0.9254358239 0.6972070833 
 1.2762741360 0.9678986395 0.7297074202 
 1.3334091279 1.0123256760 0.7637793317 
 1.3930218533 1.0587825733 0.7994806114 
 1.4551813234 1.1073343909 0.8368692051 
 1.5199546364 1.1580455151 0.8760031592 
 1.5874068631 1.2109795875 0.9169405837 
 1.6576009615 1.2661994556 0.9597396326 
 1.7305977221 1.3237671456 1.0044585007 
 1.8064557424 1.3837438573 1.0511554376 
 1.8852314281 1.4461899798 1.0998887772 
 1.9669790196 1.5111651260 1.1507169826 
 2.0517506388 1.5787281826 1.2036987047 
 2.1395963520 1.6489373744 1.2588928504 
 2.2305642446 1.7218503364 1.3163586603 
 2.3247004991 1.7975241907 1.3761557904 
 2.4220494731 1.8760156229 1.4383443955 
 2.5226537661 1.9573809513 1.5029852083 
 2.6265542720 2.0416761848 1.5701396121 
 2.7337902055 2.1289570616 1.6398696997 
 2.8443990988 2.2192790638 1.7122383159 
 2.9584167584 2.3126974008 1.7873090768 
 3.0758771775 2.4092669563 1.8651463617 
 3.1968123968 2.5090421930 1.9458152731 
 3.3212523090 2.6120770101 2.0293815596 
 3.4492244038 2.7184245494 2.1159114977 
 3.5807534486 2.8281369457 2.2054717298 
 3.7158611066 2.9412650208 2.2981290532 
 3.8545654895 3.0578579165 2.3939501601 
 3.9968806483 3.1779626698 2.4930013257 
 4.1428160048 3.3016237275 2.5953480428 
 4.2923757295 3.4288824057 2.7010546049 
 4.4455580711 3.5597762940 2.8101836378 
 4.6023546477 3.6943386123 2.9227955804 
 4.7627497077 3.8325975239 3.0389481206 
 4.9267193724 3.9745754131 3.1586955875 
 5.0942308724 4.1202881352 3.2820883058 
 5.2652417904 4.2697442489 3.4091719190 
 5.4396993258 4.4229442404 3.5399866871 
 5.6175395940 4.5798797517 3.6745667662 
 5.7986869763 4.7405328239 3.8129394800 
 5.9830535348 4.9048751687 3.9551245894 
 6.1705385063 5.0728674793 4.1011335726 
 6.3610278889 5.2444587946 4.2509689227 
 6.5543941345 5.4195859282 4.4046234750 
 6.7504959565 5.5981729741 4.5620797722 
 6.9491782643 5.7801308994 4.7233094785 
 7.1502722304 5.9653572355 4.8882728516 
 7.3535954962 6.1537358747 5.0569182817 
 7.5589525186 6.3451369802 5.2291819052 
 7.7661350582 6.5394170146 5.4049873009 
 7.9749228072 6.7364188910 5.5842452750 
 8.1850841505 6.9359722476 5.7668537387 
 8.3963770539 7.1378938444 5.9526976838 
 8.6085500687 7.3419880822 6.1416492563 
 8.8213434404 7.5480476352 6.3335679304 
 9.0344903081 7.7558541932 6.5283007803 
 9.2477179770 7.9651793040 6.7256828486 
 9.4607492493 8.1757853046 6.9255376061 
 9.6733037927 8.3874263307 7.1276774975 
 9.8850995307 8.5998493907 7.3319045678 
 10.0958540343 8.8127954901 7.5380111585 
 10.3052858979 9.0260007921 7.7457806679 
 10.5131160818 9.2391978005 7.9549883637 
 10.7190692062 9.4521165485 8.1654022386 
 10.9228747810 9.6644857811 8.3767838988 
 11.1242683592 9.8760341170 8.5888894752 
 11.3229926041 10.0864911777 8.8014705459 
 11.5187982604 10.2955886730 9.0142750632 
 11.7114450242 10.5030614336 9.2270482734 
 11.9007023073 10.7086483827 9.4395336235 
 12.0863498939 10.9120934398 9.6514736459 
 12.2681784909 11.1131463540 9.8626108176 
 12.4459901726 11.3115634611 10.0726883867 
 12.6195987253 11.5071083668 10.2814511642 
 12.7888298954 11.6995525531 10.4886462778 
 12.9535215494 11.8886759116 10.6940238867 
 13.1135237514 12.0742672058 10.8973378571 
 13.2686987684 12.2561244660 11.0983463982 
 13.4189210091 12.4340553215 11.2968126610 
 13.5640769077 12.6078772754 11.4925053008 
 13.7040647592 12.7774179272 11.6851990053 
 13.8387945147 12.9425151475 11.8746749922 
 13.9681875454 13.1030172128 12.0607214773 
 14.0921763811 13.2587829023 12.2431341162 
 14.2107044298 13.4096815638 12.4217164213 
 14.3237256839 13.5555931519 12.5962801567 
 14.4312044186 13.6964082422 12.7666457118 
 14.5331148837 13.8320280239 12.9326424545 
 14.6294409944 13.9623642751 13.0941090647 
 14.7201760210 14.0873393189 13.2508938472 
 14.8053222810 14.2068859652 13.4028550240 
 14.8848908310 14.3209474357 13.5498610040 
 14.9589011622 14.4294772730 13.6917906288 
 15.0273808960 14.5324392340 13.8285333922 
 15.0903654810 14.6298071648 13.9599896303 
 15.1478978883 14.7215648580 14.0860706811 
 15.2000283063 14.8077058902 14.2066990092 
 15.2468138321 14.8882334380 14.3218082936 
 15.2883181577 14.9631600722 14.4313434760 
 15.3246112524 15.0325075284 14.5352607681 
 15.3557690373 15.0963064537 14.6335276133 
 15.3818730537 15.1545961288 14.7261226049 
 15.4030101233 15.2074241645 14.8130353570 
 15.4192720006 15.2548461745 14.8942663286 
 15.4307550180 15.2969254234 14.9698266011 
 15.4375597235 15.3337324514 15.0397376099 
 15.4397905114 15.3653446781 15.1040308317 
 15.4375552479 15.3918459851 15.1627474282 
 15.4309648927 15.4133262820 15.2159378511 
 15.4201331174 15.4298810561 15.2636614087 
 15.4051759227 15.4416109092 15.3059858001 
 15.3862112574 15.4486210860 15.3429866189 
 15.3633586387 15.4510209936 15.3747468318 
 15.3367387783 15.4489237197 15.4013562370 
 15.3064732152 15.4424455485 15.4229109050 
 15.2726839563 15.4317054809 15.4395126089 
 15.2354931290 15.4168247597 15.4512682478 
 15.1950226454 15.3979264045 15.4582892671 
 15.1513938810 15.3751347581 15.4606910826 
 15.1047273696 15.3485750476 15.4585925097 
 15.0551425149 15.3183729622 15.4521152048 
 15.0027573207 15.2846542508 15.4413831199 
 14.9476881409 15.2475443400 15.4265219756 
 14.8900494490 15.2071679751 15.4076587555 
 14.8299536295 15.1636488855 15.3849212231 
 14.7675107895 15.1171094744 15.3584374657 
 14.7028285922 15.0676705351 15.3283354651 
 14.6360121121 15.0154509936 15.2947426981 
 14.5671637111 14.9605676770 15.2577857671 
 14.4963829350 14.9031351090 15.2175900616 
 14.4237664315 14.8432653318 15.1742794512 
 14.3494078867 14.7810677530 15.1279760105 
 14.2733979813 14.7166490182 15.0787997738 
 14.1958243642 14.6501129071 15.0268685220 
 14.1167716436 14.5815602532 14.9722975983 
 14.0363213932 14.5110888850 14.9151997532 
 13.9545521740 14.4387935885 14.8556850166 
 13.8715395693 14.3647660884 14.7938605969 
 13.7873562319 14.2890950473 14.7298308039 
 13.7020719422 14.2118660818 14.6636969959 
 13.6157536767 14.1331617931 14.5955575476 
 13.5284656847 14.0530618109 14.5255078377 
 13.4402695723 13.9716428500 14.4536402550 
 13.3512243929 13.8889787761 14.3800442200 
 13.2613867417 13.8051406815 14.3048062218 
 13.1708108554 13.7201969683 14.2280098664 
 13.0795487136 13.6342134368 14.1497359373 
 12.9876501422 13.5472533796 14.0700624640 
 12.8951629175 13.4593776790 13.9890647993 
 12.8021328701 13.3706449065 13.9068157016 
 12.7086039879 13.2811114233 13.8233854229 
 12.6146185170 13.1908314818 13.7388417987 
 12.5202170600 13.0998573254 13.6532503411 
 12.4254386719 13.0082392869 13.5666743318 
 12.3303209510 12.9160258847 13.4791749153 
 12.2349001269 12.8232639155 13.3908111900 
 12.1392111428 12.7299985432 13.3016402981 
 12.0432877334 12.6362733840 13.2117175118 
 11.9471624979 12.5421305863 13.1210963160 
 11.8508669665 12.4476109055 13.0298284873 
 11.7544316628 12.3527537742 12.9379641678 
 11.6578861595 12.2575973665 12.8455519342 
 11.5612591289 12.1621786561 12.7526388618 
 11.4645783888 12.0665334707 12.6592705834 
 11.3678709414 11.9706965389 12.5654913422 
 11.2711630089 11.8747015331 12.4713440401 
 11.1744800629 11.7785811072 12.3768702805 
 11.0778468502 11.6823669289 12.2821104063 
 10.9812874137 11.5860897078 12.1871035329 
 10.8848251103 11.4897792198 12.0918875774 
 10.7884826245 11.3934643271 11.9964992830 
 10.6922819796 11.2971729951 11.9009742411 
 10.5962445467 11.2009323071 11.8053469091 
 10.5003910508 11.1047684756 11.7096506262 
 10.4047415763 11.0087068531 11.6139176277 
 10.3093155709 10.9127719401 11.5181790563 
 10.2141318491 10.8169873940 11.4224649743 
 10.1192085958 10.7213760363 11.3268043741 
 10.0245633697 10.6259598606 11.2312251891 
 9.9302131086 10.5307600416 11.1357543055 
 9.8361741348 10.4357969447 11.0404175748 
 9.7424621624 10.3410901375 10.9452398283 
 9.6490923076 10.2466584031 10.8502448932 
 9.5560790994 10.1525197557 10.7554556114 
 9.4634364945 10.0586914588 10.6608938604 
 9.3711778946 9.9651900465 10.5665805783 
 9.2793161655 9.8720313474 10.4725357907 
 9.1878636613 9.7792305122 10.3787786424 
 9.0968322500 9.6868020444 10.2853274311 
 9.0062333432 9.5947598343 10.1921996465 
 8.9160779291 9.5031171966 10.0994120113 
 8.8263766078 9.4118869112 10.0069805273 
 8.7371396306 9.3210812676 9.9149205243 
 8.6483769418 9.2307121116 9.8232467123 
 8.5600982225 9.1407908957 9.7319732370 
 8.4723129378 9.0513287317 9.6411137389 
 8.3850303857 8.9623364459 9.5506814137 
 8.2982597471 8.8738246358 9.4606890768 
 8.2120101383 8.7858037290 9.3711492275 
 8.1262906637 8.6982840434 9.2820741173 
 8.0411104692 8.6112758470 9.1934758168 
 7.9564787956 8.5247894196 9.1053662850 
 7.8724050322 8.4388351134 9.0177574375 
 7.7888987684 8.3534234125 8.9306612151 
 7.7059698449 8.2685649926 8.8440896508 
 7.6236284025 8.1842707771 8.7580549352 
 7.5418849288 8.1005519927 8.6725694805 
 7.4607503014 8.0174202206 8.5876459809 
 7.3802358285 7.9348874453 8.5032974702 
 7.3003532852 7.8529660995 8.4195373756 
 7.2211149448 7.7716691040 8.3363795672 
 7.1425336071 7.6910099032 8.2538384022 
 7.0646226195 7.6110024952 8.1719287641 
 6.9873958938 7.5316614565 8.0906660963 
 6.9108679169 7.4530019596 8.0100664284 
 6.8350537551 7.3750397854 7.9301463976 
 6.7599690523 7.2977913283 7.8509232609 
 6.6856300213 7.2212735936 7.7724149021 
 6.6120534288 7.1455041895 7.6946398294 
 6.5392565730 7.0705013096 7.6176171669 
 6.4672572553 6.9962837101 7.5413666367 
 6.3960737440 6.9228706779 7.4659085340 
 6.3257247324 6.8502819924 7.3912636942 
 6.2562292900 6.7785378798 7.3174534514 
 6.1876068069 6.7076589600 7.2444995895 
 6.1198769331 6.6376661868 7.1724242862 
 6.0530595110 6.5685807821 7.1012500485 
 5.9871745036 6.5004241629 7.0309996421 
 5.9222419172 6.4332178636 6.9616960140 
 5.8582817198 6.3669834521 6.8933622084 
 5.7953137555 6.3017424416 6.8260212776 
 5.7333576562 6.2375161987 6.7596961873 
 5.6724327499 6.1743258466 6.6944097180 
 5.6125579673 6.1121921669 6.6301843617 
 5.5537517473 6.0511354982 6.5670422167 
 5.4960319412 5.9911756342 6.5050048791 
 5.4394157178 5.9323317199 6.4440933337 
 5.3839194687 5.8746221497 6.3843278440 
 5.3295587152 5.8180644645 6.3257278418 
 5.2763480182 5.7626752523 6.2683118193 
 5.2243008905 5.7084700507 6.2120972224 
 5.1734297129 5.6554632528 6.1571003472 
 5.1237456557 5.6036680178 6.1033362407 
 5.0752586045 5.5530961865 6.0508186063 
 5.0279770931 5.5037582035 5.9995597152 
 4.9819082420 5.4556630453 5.9495703248 
 4.9370577060 5.4088181565 5.9008596043 
 4.8934296281 5.3632293950 5.8534350699 
 4.8510266033 5.3189009855 5.8073025285 
 4.8098496519 5.2758354834 5.7624660325 
 4.7698982017 5.2340337492 5.7189278454 
 4.7311700818 5.1934949341 5.6766884193 
 4.6936615264 5.1542164775 5.6357463854 
 4.6573671907 5.1161941166 5.5960985573 
 4.6222801775 5.0794219093 5.5577399484 
 4.5883920771 5.0438922692 5.5206638034 
 4.5556930179 5.0095960155 5.4848616447 
 4.5241717306 4.9765224351 5.4503233335 
 4.4938156235 4.9446593592 5.4170371465 
 4.4646108710 4.9139932535 5.3849898665 
 4.4365425136 4.8845093215 5.3541668899 
 4.4095945697 4.8561916216 5.3245523467 
 4.3837501584 4.8290231961 5.2961292366 
 4.3589916332 4.8029862128 5.2688795776 
 4.3353007252 4.7780621176 5.2427845673 
 4.3126586956 4.7542317977 5.2178247564 
 4.2910464950 4.7314757528 5.1939802322 
 4.2704449304 4.7097742751 5.1712308107 
 4.2508348359 4.6891076344 5.1495562361 
 4.2321972478 4.6694562681 5.1289363854 
 4.2145135802 4.6508009723 5.1093514759 
 4.1977658008 4.6331230943 5.0907822732 
 4.1819366040 4.6164047218 5.0732102971 
 4.1670095783 4.6006288671 5.0566180230 
 4.1529693678 4.5857796445 5.0409890754 
 4.1398018226 4.5718424370 5.0263084107 
 4.1274941376 4.5588040502 5.0125624865 
 4.1160349765 4.5466528498 4.9997394137 
 4.1054145779 4.5353788811 4.9878290886 
 4.0956248422 4.5249739668 4.9768233021 
 4.0866593956 4.5154317799 4.9667158229 
 4.0785136297 4.5067478911 4.9575024515 
 4.0711847148 4.4989197866 4.9491810430 
 4.0646715838 4.4919468540 4.9417514962 
 4.0589748869 4.4858303369 4.9352157068 
 4.0540969139 4.4805732533 4.9295774829 
 4.0500414843 4.4761802795 4.9248424226 
 4.0468138044 4.4726575971 4.9210177507 
 4.0444202904 4.4700127040 4.9181121170 
 4.0428683591 4.4682541883 4.9161353540 
 4.0421661854 4.4673914668 4.9150981961 
 4.0423224290 4.4674344895 4.9150119613 
 4.0433459306 4.4683934110 4.9158881969 
 4.0452453820 4.4702782319 4.9177382929 
 4.0480289701 4.4730984128 4.9205730648 
 4.0517040004 4.4768624650 4.9244023112 
 4.0562765035 4.4815775223 4.9292343498 
 4.0617508276 4.4872488972 4.9350755372 
 4.0681292243 4.4938796294 4.9419297794 
 4.0754114325 4.5014700318 4.9497980384 
 4.0835942665 4.5100172401 4.9586778429 
 4.0926712159 4.5195147750 4.9685628124 
 4.1026320645 4.5299521249 4.9794422013 
 4.1134625370 4.5413143571 4.9913004751 
 4.1251439809 4.5535817678 5.0041169261 
 4.1376530947 4.5667295806 5.0178653424 
 4.1509617095 4.5807277038 5.0325137388 
 4.1650366350 4.5955405564 5.0480241619 
 4.1798395797 4.6111269740 5.0643525813 
 4.1953271536 4.6274402050 5.0814488776 
 4.2114509627 4.6444280057 5.0992569383 
 4.2281578050 4.6620328458 5.1177148716 
 4.2453899722 4.6801922296 5.1367553473 
 4.2630856666 4.6988391420 5.1563060722 
 4.2811795339 4.7179026219 5.1762904050 
 4.2996033164 4.7373084671 5.1966281141 
 4.3182866246 4.7569800698 5.2172362778 
 4.3371578255 4.7768393784 5.2380303244 
 4.3561450387 4.7968079811 5.2589252041 
 4.3751772343 4.8168082988 5.2798366817 
 4.3941854157 4.8367648734 5.3006827358 
 4.4131038733 4.8566057353 5.3213850422 
 4.4318714884 4.8762638244 5.3418705202 
 4.4504330640 4.8956784434 5.3620729120 
 4.4687406566 4.9147967110 5.3819343633 
 4.4867548813 4.9335749868 5.4014069726 
 4.5044461611 4.9519802334 5.4204542708 
 4.5217958895 4.9699912832 5.4390525950 
 4.5387974769 4.9875999760 5.4571923200 
 4.5554572528 5.0048121363 5.4748789109 
 4.5717951971 5.0216483616 5.4921337670 
 4.5878454772 5.0381445947 5.5089948261 
 4.6036567728 5.0543524619 5.5255169100 
 4.6192923735 5.0703393593 5.5417717928 
 4.6348300414 5.0861882805 5.5578479837 
 4.6503616329 5.1019973810 5.5738502230 
 4.6659924848 5.1178792844 5.5898986958 
 4.6818405686 5.1339601383 5.6061279769 
 4.6980354266 5.1503784351 5.6226857229 
 4.7147169021 5.1672836152 5.6397311357 
 4.7320336836 5.1848344737 5.6574332216 
 4.7501416782 5.2031973928 5.6759688725 
 4.7692022343 5.2225444210 5.6955207953 
 4.7893802303 5.2430512194 5.7162753137 
 4.8108420419 5.2648948922 5.7384200595 
 4.8337534020 5.2882517132 5.7621415716 
 4.8582771588 5.3132947587 5.7876228089 
 4.8845709380 5.3401914482 5.8150405801 
 4.9127847086 5.3691009947 5.8445628900 
 4.9430582525 5.4001717586 5.8763461932 
 4.9755185333 5.4335385020 5.9105325456 
 5.0102769650 5.4693195353 5.9472466452 
 5.0474265789 5.5076137546 5.9865927515 
 5.0870390955 5.5484975715 6.0286514824 
 5.1291619143 5.5920217444 6.0734764931 
 5.1738150445 5.6382081331 6.1210910552 
 5.2209880117 5.6870464103 6.1714845674 
 5.2706367918 5.7384907820 6.2246090520 
 5.3226808379 5.7924567857 6.2803757056 
 5.3770002852 5.8488182564 6.3386516037 
 5.4334334376 5.9074045733 6.3992566761 
 5.4917746562 5.9679983170 6.4619611005 
 5.5517727871 6.0303334899 6.5264832786 
 5.6131302791 6.0940944684 6.5924885859 
 5.6755031492 6.1589158633 6.6595890947 
 5.7385019576 6.2243834742 6.7273444806 
 5.8016939448 6.2900365139 6.7952643207 
 5.8646064684 6.3553712659 6.8628119719 
 5.9267318484 6.4198463052 6.9294101922 
 5.9875336866 6.4828893705 6.9944486141 
 6.0464546711 6.5439059101 7.0572931145 
 6.1029258065 6.6022892496 7.1172970351 
 6.1563769290 6.6574322325 7.1738141017 
 6.2062482743 6.7087400823 7.2262127660 
 6.2520027710 6.7556441186 7.2738915626 
 6.2931386377 6.7976158509 7.3162949373 
 6.3292017789 6.8341808688 7.3529288784 
 6.3597974076 6.8649318663 7.3833755796 
 6.3846002896 6.8895400907 7.4073063002 
 6.4033630006 6.9077644985 7.4244915741 
 6.4159216358 6.9194579533 7.4348079712 
 6.4221985069 6.9245699072 7.4382407415 
 6.4222014996 6.9231451738 7.4348818679 
 6.4160199557 6.9153186246 7.4249233182 
 6.4038171555 6.9013058991 7.4086456040 
 6.3858197123 6.8813905011 7.3864020925 
 6.3623044170 6.8559079295 7.3585998560 
 6.3335832696 6.8252277371 7.3256781416 
 6.2999875926 6.7897345960 7.2880857672 
 6.2618522059 6.7498095564 7.2462588849 
 6.2195006585 6.7058126985 7.2006005559 
 6.1732324426 6.6580682888 7.1514634793 
 6.1233129745 6.6068533765 7.0991369852 
 6.0699669171 6.5523905041 7.0438390886 
 6.0133751700 6.4948449009 6.9857140135 
 5.9536755767 6.4343261875 6.9248351857 
 5.8909671309 6.3708942933 6.8612132921 
 5.8253172175 6.3045689946 6.7948086479 
 5.7567712293 6.2353422429 6.7255468360 
 5.6853637635 6.1631923019 6.6533363989 
 5.6111305365 6.0880986340 6.5780872908 
 5.5341201576 6.0100564955 6.4997288279 
 5.4544049722 5.9290902926 6.4182260004 
 5.3720903052 5.8452649043 6.3335932103 
 5.2873215918 5.7586943797 6.2459047544 
 5.2002890699 5.6695476424 6.1553016425 
 5.1112298866 5.5780510572 6.0619946227 
 5.0204276525 5.4844879282 5.9662635307 
 4.9282096266 5.3891951749 5.8684532968 
 4.8349418397 5.2925575753 5.7689671007 
 4.7410225471 5.1950000584 5.6682572721 
 4.6468744546 5.0969785841 5.5668145826 
 4.5529361758 4.9989701544 5.4651565812 
 4.4596533624 4.9014624783 5.3638155821 
 4.3674699134 4.8049437609 5.2633268497 
 