7.0999726189 7.6606833488 8.2368800699 
 7.0402800562 7.5999332400 8.1754280201 
 6.9822314145 7.5407539868 8.1154338590 
 6.9262731293 7.4836263275 8.0574148120 
 6.8728254227 7.4290033827 8.0018590076 
 6.8222764867 7.3773040913 7.9492180853 
 6.7749777375 7.3289078783 7.8999012211 
 6.7312401439 7.2841505489 7.8542705545 
 6.6913315954 7.2433213636 7.8126379606 
 6.6554752474 7.2066612204 7.7752630734 
 6.6238487641 7.1743618470 7.7423524462 
 6.5965843614 7.1465658932 7.7140597223 
 6.5737695525 7.1233678087 7.6904866809 
 6.5554484919 7.1048153884 7.6716850270 
 6.5416238186 7.0909118737 7.6576587957 
 6.5322589030 7.0816185007 7.6483672496 
 6.5272804100 7.0768573966 7.6437281568 
 6.5265810964 7.0765147330 7.6436213471 
 6.5300227718 7.0804440529 7.6478924518 
 6.5374393566 7.0884696995 7.6563567449 
 6.5486399831 7.1003902804 7.6688030104 
 6.5634120882 7.1159821106 7.6849973683 
 6.5815244573 7.1350025846 7.7046870034 
 6.6027301834 7.1571934355 7.7276037442 
 6.6267695121 7.1822838455 7.7534674519 
 6.6533725499 7.2099933793 7.7819891829 
 6.6822618183 7.2400347198 7.8128741002 
 6.7131546426 7.2721161919 7.8458241168 
 6.7457653703 7.3059440663 7.8805402603 
 6.7798074178 7.3412246456 7.9167247634 
 6.8149951530 7.3776661386 7.9540828862 
 6.8510456218 7.4149803366 7.9923244916 
 6.8876801340 7.4528841123 8.0311653985 
 6.9246257251 7.4911007640 8.0703285462 
 6.9616165147 7.5293612333 8.1095450055 
 6.9983949796 7.5674052245 8.1485548786 
 7.0347131631 7.6049822546 8.1871081257 
 7.0703338361 7.6418526603 8.2249653565 
 7.1050316254 7.6777885836 8.2618986200 
 7.1385941162 7.7125749538 8.2976922187 
 7.1708229349 7.7460104748 8.3321435647 
 7.2015348080 7.7779086204 8.3650640851 
 7.2305625893 7.8080986313 8.3962801759 
 7.2577562407 7.8364265008 8.4256341891 
 7.2829837469 7.8627559274 8.4529854331 
 7.3061319414 7.8869692082 8.4782111546 
 7.3271072158 7.9089680429 8.5012074660 
 7.3458360869 7.9286742148 8.5218901784 
 7.3622655955 7.9460301162 8.5401954992 
 7.3763635107 7.9609990877 8.5560805539 
 7.3881183232 7.9735655447 8.5695236973 
 7.3975390108 7.9837348692 8.5805245852 
 7.4046545680 7.9915330544 8.5891039828 
 7.4095133002 7.9970060950 8.5953033012 
 7.4121818861 8.0002191257 8.5991838554 
 7.4127442224 8.0012553183 8.6008258535 
 7.4113000695 8.0002145553 8.6003271330 
 7.4079635232 7.9972119052 8.5978016672 
 7.4028613406 7.9923759286 8.5933778747 
 7.3961311532 7.9858468512 8.5871967679 
 7.3879196022 7.9777746386 8.5794099805 
 7.3783804286 7.9683170135 8.5701777158 
 7.3676725554 7.9576374502 8.5596666583 
 7.3559581926 7.9459031859 8.5480478880 
 7.3434009951 7.9332832793 8.5354948370 
 7.3301643020 7.9199467487 8.5221813197 
 7.3164094785 7.9060608152 8.5082796686 
 7.3022943803 7.8917892710 8.4939589988 
 7.2879719553 7.8772909913 8.4793836204 
 7.2735889912 7.8627186006 8.4647116131 
 7.2592850185 7.8482173012 8.4500935716 
 7.2451913683 7.8339238669 8.4356715262 
 7.2314303858 7.8199658024 8.4215780386 
 7.2181147960 7.8064606630 8.4079354686 
 7.2053472145 7.7935155301 8.3948554066 
 7.1932197961 7.7812266322 8.3824382607 
 7.1818140115 7.7696791028 8.3707729893 
 7.1712005409 7.7589468621 8.3599369659 
 7.1614392748 7.7490926128 8.3499959636 
 7.1525794094 7.7401679347 8.3410042459 
 7.1446596251 7.7322134690 8.3330047512 
 7.1377083384 7.7252591787 8.3260293572 
 7.1317440156 7.7193246738 8.3200992146 
 7.1267755384 7.7144195918 8.3152251375 
 7.1228026141 7.7105440238 8.3114080417 
 7.1198162193 7.7076889764 8.3086394207 
 7.1177990733 7.7058368630 8.3069018515 
 7.1167261314 7.7049620173 8.3061695239 
 7.1165650951 7.7050312231 8.3064087862 
 7.1172769329 7.7060042555 8.3075787029 
 7.1188164079 7.7078344286 8.3096316197 
 7.1211326085 7.7104691474 8.3125137321 
 7.1241694799 7.7138504592 8.3161656550 
 7.1278663520 7.7179156033 8.3205229901 
 7.1321584637 7.7225975558 8.3255168891 
 7.1369774804 7.7278255678 8.3310746113 
 7.1422520022 7.7335256953 8.3371200731 
 7.1479080638 7.7396213200 8.3435743880 
 7.1538696218 7.7460336578 8.3503563967 
 7.1600590306 7.7526822557 8.3573831846 
 7.1663975039 7.7594854747 8.3645705856 
 7.1728055630 7.7663609582 8.3718336728 
 7.1792034680 7.7732260844 8.3790872319 
 7.1855116348 7.7799984024 8.3862462194 
 7.1916510344 7.7865960511 8.3932262025 
 7.1975435750 7.7929381603 8.3999437810 
 7.2031124679 7.7989452332 8.4063169901 
 7.2082825739 7.8045395110 8.4122656843 
 7.2129807343 7.8096453177 8.4177119011 
 7.2171360827 7.8141893877 8.4225802048 
 7.2206803402 7.8181011735 8.4267980109 
 7.2235480932 7.8213131355 8.4302958895 
 7.2256770551 7.8237610137 8.4330078504 
 7.2270083100 7.8253840809 8.4348716070 
 7.2274865420 7.8261253789 8.4358288214 
 7.2270602463 7.8259319362 8.4358253299 
 7.2256819260 7.8247549688 8.4348113485 
 7.2233082709 7.8225500626 8.4327416593 
 7.2199003211 7.8192773383 8.4295757759 
 7.2154236128 7.8149015969 8.4252780886 
 7.2098483060 7.8093924470 8.4198179885 
 7.2031492943 7.8027244109 8.4131699686 
 7.1953062942 7.7948770097 8.4053137022 
 7.1863039136 7.7858348268 8.3962340967 
 7.1761316981 7.7755875462 8.3859213218 
 7.1647841532 7.7641299671 8.3743708103 
 7.1522607414 7.7514619911 8.3615832318 
 7.1385658533 7.7375885823 8.3475644367 
 7.1237087501 7.7225196984 8.3323253696 
 7.1077034777 7.7062701923 8.3158819535 
 7.0905687512 7.6888596829 8.2982549409 
 7.0723278090 7.6703123953 8.2794697359 
 7.0530082360 7.6506569706 8.2595561832 
 7.0326417570 7.6299262441 8.2385483284 
 7.0112639992 7.6081569948 8.2164841484 
 6.9889142257 7.5853896644 8.1934052535 
 6.9656350409 7.5616680501 8.1693565635 
 6.9414720683 7.5370389702 8.1443859595 
 6.9164736039 7.5115519055 8.1185439123 
 6.8906902456 7.4852586194 8.0918830919 
 6.8641745015 7.4582127564 8.0644579578 
 6.8369803797 7.4304694242 8.0363243345 
 6.8091629614 7.4020847595 8.0075389740 
 6.7807779598 7.3731154815 7.9781591062 
 6.7518812677 7.3436184344 7.9482419823 
 6.7225284971 7.3136501223 7.9178444096 
 6.6927745112 7.2832662374 7.8870222837 
 6.6626729546 7.2525211862 7.8558301166 
 6.6322757813 7.2214676139 7.8243205655 
 6.6016327863 7.1901559302 7.7925439616 
 6.5707911406 7.1586338403 7.7605478444 
 6.5397949356 7.1269458818 7.7283764998 
 6.5086847374 7.0951329717 7.6960705087 
 6.4774971563 7.0632319667 7.6636663053 
 6.4462644343 7.0312752393 7.6311957508 
 6.4150140538 6.9992902744 7.5986857250 
 6.3837683723 6.9672992905 7.5661577403 
 6.3525442876 6.9353188889 7.5336275818 
 6.3213529374 6.9033597367 7.5011049804 
 6.2901994373 6.8714262887 7.4685933214 
 6.2590826645 6.8395165522 7.4360893968 
 6.2279950890 6.8076219017 7.4035832059 
 6.1969226598 6.7757269479 7.3710578103 
 6.1658447490 6.7438094667 7.3384892499 
 6.1347341600 6.7118403935 7.3058465246 
 6.1035572020 6.6797838869 7.2730916482 
 6.0722738364 6.6475974673 7.2401797787 
 6.0408378969 6.6152322322 7.2070594293 
 6.0091973850 6.5826331522 7.1736727627 
 5.9772948436 6.5497394484 7.1399559714 
 5.9450678072 6.5164850517 7.1058397439 
 5.9124493277 6.4827991432 7.0712498160 
 5.8793685741 6.4486067725 7.0361076047 
 5.8457515010 6.4138295498 7.0003309204 
 5.8115215806 6.3783864068 6.9638347514 
 5.7766005914 6.3421944179 6.9265321117 
 5.7409094555 6.3051696734 6.8883349447 
 5.7043691134 6.2672281939 6.8491550692 
 5.6669014267 6.2282868738 6.8089051572 
 5.6284300961 6.1882644424 6.7674997277 
 5.5888815813 6.1470824271 6.7248561440 
 5.5481860102 6.1046661051 6.6808955975 
 5.5062780638 6.0609454302 6.6355440647 
 5.4630978223 6.0158559184 6.5887332204 
 5.4185915610 5.9693394810 6.5404012943 
 5.3727124818 5.9213451900 6.4904938576 
 5.3254213711 5.8718299663 6.4389645280 
 5.2766871731 5.8207591797 6.3857755824 
 5.2264874702 5.7681071527 6.3308984712 
 5.1748088657 5.7138575625 6.2743142269 
 5.1216472628 5.6580037365 6.2160137652 
 5.0670080386 5.6005488405 6.1559980769 
 5.0109061120 5.5415059588 6.0942783116 
 4.9533659086 5.4808980690 6.0308757572 
 4.8944212234 5.4187579153 5.9658217203 
 4.8341149882 5.3551277862 5.8991573117 
 4.7724989495 5.2900592020 5.8309331476 
 4.7096332624 5.2236125206 5.7612089717 
 4.6455860104 5.1558564696 5.6900532068 
 4.5804326575 5.0868676117 5.6175424452 
 4.5142554425 5.0167297524 5.5437608842 
 4.4471427223 4.9455332977 5.4687997133 
 4.3791882734 4.8733745689 5.3927564613 
 4.3104905591 4.8003550813 5.3157343063 
 4.2411519700 4.7265807935 5.2378413550 
 4.1712780434 4.6521613325 5.1591898951 
 4.1009766707 4.5772092004 5.0798956232 
 4.0303572964 4.5018389682 5.0000768542 
 3.9595301167 4.4261664604 4.9198537122 
 3.8886052823 4.3503079368 4.8393473101 
 3.8176921119 4.2743792762 4.7586789193 
 3.7468983210 4.1984951667 4.6779691361 
 3.6763292739 4.1227683096 4.5973370486 
 3.6060872626 4.0473086424 4.5168994128 
 3.5362708193 3.9722225873 4.4367698419 
 3.4669740692 3.8976123327 4.3570580200 
 3.3982861282 3.8235751539 4.2778689452 
 3.3302905522 3.7502027810 4.1993022137 
 3.2630648427 3.6775808208 4.1214513517 
 3.1966800143 3.6057882384 4.0444032049 
 3.1312002283 3.5348969070 3.9682373936 
 3.0666824964 3.4649712284 3.8930258412 
 3.0031764573 3.3960678325 3.8188323825 
 2.9407242286 3.3282353562 3.7457124583 
 2.8793603353 3.2615143068 3.6737129003 
 2.8191117144 3.1959370103 3.6028718092 
 2.7599977963 3.1315276445 3.5332185281 
 2.7020306593 3.0683023576 3.4647737105 
 2.6452152563 3.0062694674 3.3975494827 
 2.5895497080 2.9454297404 3.3315496965 
 2.5350256600 2.8857767444 3.2667702682 
 2.4816286964 2.8272972693 3.2031995991 
 2.4293388052 2.7699718110 3.1408190691 
 2.3781308886 2.7137751091 3.0796035978 
 2.3279753102 2.6586767320 3.0195222623 
 2.2788384725 2.6046417002 2.9605389638 
 2.2306834165 2.5516311399 2.9026131328 
 2.1834704358 2.4996029563 2.8457004622 
 2.1371576965 2.4485125198 2.7897536590 
 2.0917018565 2.3983133537 2.7347232034 
 2.0470586753 2.3489578164 2.6805581047 
 2.0031836074 2.3003977685 2.6272066461 
 1.9600323734 2.2525852174 2.5746171058 
 1.9175615004 2.2054729311 2.5227384493 
 1.8757288285 2.1590150152 2.4715209813 
 1.8344939757 2.1131674465 2.4209169524 
 1.7938187586 2.0678885575 2.3708811127 
 1.7536675650 2.0231394685 2.3213712085 
 1.7140076742 1.9788844621 2.2723484160 
 1.6748095255 1.9350912993 2.2237777100 
 1.6360469305 1.8917314746 2.1756281659 
 1.5976972323 1.8487804092 2.1278731922 
 1.5597414090 1.8062175839 2.0804906958 
 1.5221641253 1.7640266110 2.0334631798 
 1.4849537314 1.7221952489 1.9867777757 
 1.4481022145 1.6807153609 1.9404262141 
 1.4116051044 1.6395828225 1.8944047360 
 1.3754613363 1.5987973799 1.8487139498 
 1.3396730768 1.5583624656 1.8033586392 
 1.3042455156 1.5182849744 1.7583475249 
 1.2691866276 1.4785750054 1.7136929889 
 1.2345069112 1.4392455755 1.6694107638 
 1.2002191067 1.4003123087 1.6255195944 
 1.1663378985 1.3617931069 1.5820408776 
 1.1328796082 1.3237078077 1.5389982843 
 1.0998618805 1.2860778325 1.4964173709 
 1.0673033677 1.2489258324 1.4543251846 
 1.0352234162 1.2122753336 1.4127498666 
 1.0036417595 1.1761503884 1.3717202602 
 0.9725782200 1.1405752353 1.3312655258 
 0.9420524241 1.1055739711 1.2914147689 
 0.9120835326 1.0711702396 1.2521966833 
 0.8826899891 1.0373869392 1.2136392139 
 0.8538892891 1.0042459516 1.1757692426 
 0.8256977708 0.9717678949 1.1386122979 
 0.7981304297 0.9399719016 1.1021922935 
 0.7712007579 0.9088754243 1.0665312950 
 0.7449206088 0.8784940696 1.0316493180 
 0.7193000875 0.8488414601 0.9975641580 
 0.6943474670 0.8199291263 0.9642912524 
 0.6700691301 0.7917664272 0.9318435756 
 0.6464695360 0.7643604993 0.9002315655 
 0.6235512111 0.7377162335 0.8694630830 
 0.6013147616 0.7118362779 0.8395434008 
 0.5797589087 0.6867210664 0.8104752221 
 0.5588805419 0.6623688698 0.7822587259 
 0.5386747912 0.6387758688 0.7548916384 
 0.5191351141 0.6159362449 0.7283693265 
 0.5002533961 0.5938422892 0.7026849119 
 0.4820200636 0.5724845251 0.6778294032 
 0.4644242047 0.5518518418 0.6537918419 
 0.4474536979 0.5319316388 0.6305594617 
 0.4310953453 0.5127099757 0.6081178558 
 0.4153350088 0.4941717274 0.5864511515 
 0.4001577475 0.4763007409 0.5655421882 
 0.3855479539 0.4590799926 0.5453726966 
 0.3714894880 0.4424917433 0.5259234771 
 0.3579658075 0.4265176900 0.5071745752 
 0.3449600932 0.4111391124 0.4891054513 
 0.3324553672 0.3963370124 0.4716951438 
 0.3204346057 0.3820922463 0.4549224247 
 0.3088808423 0.3683856490 0.4387659452 
 0.2977772644 0.3551981473 0.4232043710 
 0.2871073002 0.3425108651 0.4082165069 
 0.2768546970 0.3303052175 0.3937814099 
 0.2670035907 0.3185629945 0.3798784902 
 0.2575385660 0.3072664352 0.3664876008 
 0.2484447087 0.2963982908 0.3535891146 
 0.2397076489 0.2859418785 0.3411639913 
 0.2313135961 0.2758811254 0.3291938311 
 0.2232493668 0.2662006036 0.3176609199 
 0.2155024051 0.2568855562 0.3065482622 
 0.2080607963 0.2479219159 0.2958396064 
 0.2009132739 0.2392963154 0.2855194597 
 0.1940492218 0.2309960919 0.2755730956 
 0.1874586710 0.2230092850 0.2659865542 
 0.1811322911 0.2153246285 0.2567466351 
 0.1750613792 0.2079315385 0.2478408853 
 0.1692378436 0.2008200966 0.2392575813 
 0.1636541862 0.1939810294 0.2309857073 
 0.1583034811 0.1874056857 0.2230149294 
 0.1531793519 0.1810860100 0.2153355670 
 0.1482759471 0.1750145158 0.2079385619 
 0.1435879148 0.1691842558 0.2008154453 
 0.1391103759 0.1635887927 0.1939583042 
 0.1348388978 0.1582221683 0.1873597469 
 0.1307694676 0.1530788736 0.1810128684 
 0.1268984654 0.1481538184 0.1749112159 
 0.1232226389 0.1434423022 0.1690487556 
 0.1197390783 0.1389399860 0.1634198401 
 0.1164451928 0.1346428651 0.1580191774 
 0.1133386888 0.1305472437 0.1528418017 
 0.1104175488 0.1266497118 0.1478830464 
 0.1076800137 0.1229471234 0.1431385186 
 0.1051245663 0.1194365775 0.1386040766 
 0.1027499176 0.1161154012 0.1342758104 
 0.1005549958 0.1129811357 0.1301500233 
 0.0985389377 0.1100315249 0.1262232183 
 0.0967010840 0.1072645069 0.1224920855 
 0.0950409764 0.1046782081 0.1189534941 
 0.0935583593 0.1022709409 0.1156044854 
 0.0922531839 0.1000412037 0.1124422706 
 0.0911256165 0.0979876848 0.1094642305 
 0.0901760496 0.0961092684 0.1066679174 
 0.0894051170 0.0944050445 0.1040510613 
 0.0888137123 0.0928743209 0.1016115774 
 0.0884030107 0.0915166391 0.0993475768 
 0.0881744945 0.0903317917 0.0972573793 
 0.0881299815 0.0893198438 0.0953395286 
 0.0882716566 0.0884811557 0.0935928096 
 0.0886021064 0.0878164086 0.0920162674 
 0.0891243564 0.0873266325 0.0906092282 
 0.0898419108 0.0870132354 0.0893713221 
 0.0907587942 0.0868780348 0.0883025065 
 0.0918795952 0.0869232906 0.0874030911 
 0.0932095118 0.0871517388 0.0866737640 
 0.0947543980 0.0875666266 0.0861156182 
 0.0965208108 0.0881717482 0.0857301789 
 0.0985160584 0.0889714810 0.0855194313 
 0.1007482480 0.0899708221 0.0854858480 
 0.1032263342 0.0911754248 0.0856324173 
 0.1059601660 0.0925916348 0.0859626706 
 0.1089605338 0.0942265260 0.0864807100 
 0.1122392147 0.0960879362 0.0871912351 
 0.1158090169 0.0981845009 0.0880995698 
 0.1196838216 0.1005256869 0.0892116877 
 0.1238786237 0.1031218244 0.0905342374 
 0.1284095697 0.1059841381 0.0920745664 
 0.1332939934 0.1091247761 0.0938407444 
 0.1385504484 0.1125568377 0.0958415856 
 0.1441987384 0.1162943996 0.0980866697 
 0.1502599434 0.1203525399 0.1005863621 
 0.1567564437 0.1247473604 0.1033518326 
 0.1637119399 0.1294960068 0.1063950741 
 0.1711514695 0.1346166878 0.1097289185 
 0.1791014205 0.1401286907 0.1133670532 
 0.1875895408 0.1460523970 0.1173240359 
 0.1966449457 0.1524092948 0.1216153087 
 0.2062981206 0.1592219907 0.1262572115 
 0.2165809219 0.1665142191 0.1312669950 
 0.2275265752 0.1743108515 0.1366628333 
 0.2391696708 0.1826379041 0.1424638360 
 0.2515461579 0.1915225451 0.1486900612 
 0.2646933376 0.2009931017 0.1553625282 
 0.2786498546 0.2110790675 0.1625032315 
 0.2934556899 0.2218111102 0.1701351554 
 0.3091521535 0.2332210809 0.1782822903 
 0.3257818791 0.2453420249 0.1869696511 
 0.3433888204 0.2582081945 0.1962232971 
 0.3620182514 0.2718550649 0.2060703551 
 0.3817167694 0.2863193534 0.2165390452 
 0.4025323030 0.3016390417 0.2276587100 
 0.4245141251 0.3178534031 0.2394598473 
 0.4477128710 0.3350030337 0.2519741469 
 0.4721805625 0.3531298887 0.2652345311 
 0.4979706379 0.3722773230 0.2792751992 
 0.5251379876 0.3924901374 0.2941316774 
 0.5537389957 0.4138146286 0.3098408709 
 0.5838315859 0.4362986444 0.3264411215 
 0.6154752722 0.4599916424 0.3439722677 
 0.6487312122 0.4849447513 0.3624757086 
 0.6836622626 0.5112108355 0.3819944698 
 0.7203330339 0.5388445599 0.4025732712 
 0.7588099446 0.5679024547 0.4242585958 
 0.7991612698 0.5984429791 0.4470987576 
 0.8414571849 0.6305265811 0.4711439697 
 0.8857697992 0.6642157521 0.4964464080 
 0.9321731788 0.6995750750 0.5230602720 
 0.9807433537 0.7366712624 0.5510418402 
 1.0315583090 0.7755731843 0.5804495178 
 1.0846979544 0.8163518813 0.6113438768 
 1.1402440713 0.8590805635 0.6437876847 
 1.1982802334 0.9038345901 0.6778459228 
 1.2588916985 0.9506914300 0.7135857896 
 1.3221652696 0.9997306000 0.7510766904 
 1.3881891222 1.0510335789 0.7903902100 
 1.4570525963 1.1046836966 0.8316000669 
 1.5288459516 1.1607659956 0.8747820498 
 1.6036600853 1.2193670639 0.9200139321 
 1.6815862105 1.2805748394 0.9673753667 
 1.7627154961 1.3444783828 1.0169477577 
 1.8471386687 1.4111676220 1.0688141102 
 1.9349455760 1.4807330638 1.1230588571 
 2.0262247152 1.5532654775 1.1797676622 
 2.1210627262 1.6288555477 1.2390272018 
 2.2195438546 1.7075934998 1.3009249221 
 2.3217493851 1.7895686978 1.3655487762 
 2.4277570518 1.8748692182 1.4329869391 
 2.5376404273 1.9635814005 1.5033275033 
 2.6514682967 2.0557893781 1.5766581558 
 2.7693040216 2.1515745916 1.6530658378 
 2.8912048993 2.2510152887 1.7326363894 
 3.0172215233 2.3541860131 1.8154541807 
 3.1473971515 2.4611570872 1.9016017318 
 3.2817670874 2.5719940911 1.9911593230 
 3.4203580821 2.6867573429 2.0842045991 
 3.5631877613 2.8055013840 2.1808121671 
 3.7102640860 2.9282744725 2.2810531933 
 3.8615848492 3.0551180896 2.3849949982 
 4.0171372172 3.1860664622 2.4927006538 
 4.1768973177 3.3211461048 2.6042285845 
 4.3408298814 3.4603753844 2.7196321726 
 4.5088879377 3.6037641107 2.8389593711 
 4.6810125708 3.7513131543 2.9622523241 
 4.8571327346 3.9030140955 3.0895469969 
 5.0371651313 4.0588489036 3.2208728154 
 5.2210141511 4.2187896503 3.3562523167 
 5.4085718752 4.3827982560 3.4957008099 
 5.5997181393 4.5508262704 3.6392260487 
 5.7943206572 4.7228146873 3.7868279143 
 5.9922352018 4.8986937933 3.9384981093 
 6.1933058408 5.0783830500 4.0942198628 
 6.3973652241 5.2617910092 4.2539676444 
 6.6042349204 5.4488152602 4.4177068899 
 6.8137257978 5.6393424089 4.5853937359 
 7.0256384475 5.8332480878 4.7569747652 
 7.2397636449 6.0303969967 4.9323867624 
 7.4558828470 6.2306429748 5.1115564815 
 7.6737687224 6.4338291024 5.2944004261 
 7.8931857110 6.6397878353 5.4808246434 
 8.1138906130 6.8483411714 5.6707245365 
 8.3356332043 7.0593008514 5.8639846948 
 8.5581568781 7.2724685956 6.0604787489 
 8.7811993104 7.4876363788 6.2600692520 
 9.0044931515 7.7045867467 6.4626075939 
 9.2277667412 7.9230931751 6.6679339513 
 9.4507448480 8.1429204770 6.8758772816 
 9.6731494338 8.3638252586 7.0862553642 
 9.8947004414 8.5855564289 7.2988748970 
 10.1151166077 8.8078557636 7.5135316533 
 10.3341162982 9.0304585277 7.7300107048 
 10.5514183654 9.2530941560 7.9480867171 
 10.7667430260 9.4754869950 8.1675243219 
 10.9798127572 9.6973571035 8.3880785714 
 11.1903532070 9.9184211126 8.6094954769 
 11.3980941156 10.1383931427 8.8315126350 
 11.6027702423 10.3569857733 9.0538599428 
 11.8041222940 10.5739110620 9.2762604006 
 12.0018978468 10.7888816053 9.4984310017 
 12.1958522557 11.0016116367 9.7200837045 
 12.3857495442 11.2118181505 9.9409264837 
 12.5713632658 11.4192220448 10.1606644515 
 12.7524773299 11.6235492720 10.3790010430 
 12.9288867837 11.8245319861 10.5956392546 
 13.1003985420 12.0219096754 10.8102829238 
 13.2668320573 12.2154302688 11.0226380398 
 13.4280199230 12.4048512043 11.2324140697 
 13.5838084028 12.5899404465 11.4393252873 
 13.7340578809 12.7704774439 11.6430920895 
 13.8786432280 12.9462540136 11.8434422859 
 14.0174540785 13.1170751456 12.0401123465 
 14.1503950182 13.2827597153 12.2328485943 
 14.2773856782 13.4431411003 12.4214083279 
 14.3983607375 13.5980676927 12.6055608630 
 14.5132698333 13.7474033045 12.7850884813 
 14.6220773821 13.8910274615 12.9597872766 
 14.7247623146 14.0288355861 13.1294678903 
 14.8213177291 14.1607390687 13.2939561300 
 14.9117504677 14.2866652290 13.4530934671 
 14.9960806231 14.4065571719 13.6067374099 
 15.0743409811 14.5203735420 13.7547617519 
 15.1465764067 14.6280881818 13.8970566973 
 15.2128431828 14.7296897026 14.0335288650 
 15.2732083073 14.8251809741 14.1641011763 
 15.3277487586 14.9145785425 14.2887126329 
 15.3765507366 14.9979119853 14.4073179908 
 15.4197088876 15.0752232128 14.5198873400 
 15.4573255210 15.1465657257 14.6264055975 
 15.4895098239 15.2120038383 14.7268719251 
 15.5163770825 15.2716118766 14.8212990807 
 15.5380479148 15.3254733608 14.9097127142 
 15.5546475215 15.3736801798 14.9921506184 
 15.5663049598 15.4163317675 15.0686619454 
 15.5731524451 15.4535342864 15.1393063981 
 15.5753246837 15.4853998276 15.2041534070 
 15.5729582407 15.5120456305 15.2632813008 
 15.5661909449 15.5335933306 15.3167764794 
 15.5551613334 15.5501682377 15.3647325974 
 15.5400081364 15.5618986491 15.4072497642 
 15.5208698041 15.5689152019 15.4444337676 
 15.4978840752 15.5713502648 15.4763953255 
 15.4711875875 15.5693373730 15.5032493707 
 15.4409155295 15.5630107057 15.5251143721 
 15.4072013322 15.5525046087 15.5421116951 
 15.3701764004 15.5379531595 15.5543650039 
 15.3299698810 15.5194897767 15.5619997054 
 15.2867084674 15.4972468713 15.5651424384 
 15.2405162372 15.4713555391 15.5639206052 
 15.1915145224 15.4419452926 15.5584619464 
 15.1398218076 15.4091438303 15.5488941593 
 15.0855536568 15.3730768414 15.5353445562 
 15.0288226636 15.3338678432 15.5179397629 
 14.9697384243 15.2916380500 15.4968054541 
 14.9084075310 15.2465062685 15.4720661250 
 14.8449335819 15.1985888205 15.4438448953 
 14.7794172069 15.1479994877 15.4122633435 
 14.7119561071 15.0948494764 15.3774413698 
 14.6426451039 15.0392474013 15.3394970836 
 14.5715761981 14.9812992838 15.2985467141 
 14.4988386359 14.9211085642 15.2547045403 
 14.4245189799 14.8587761242 15.2080828389 
 14.3487011835 14.7944003186 15.1587918475 
 14.2714666687 14.7280770139 15.1069397394 
 14.1928944033 14.6598996322 15.0526326102 
 14.1130609784 14.5899591982 14.9959744716 
 14.0320406847 14.5183443882 14.9370672523 
 13.9499055861 14.4451415807 14.8760108041 
 13.8667255901 14.3704349054 14.8129029103 
 13.7825685151 14.2943062916 14.7478392970 
 13.6975001528 14.2168355145 14.6809136444 
 13.6115843268 14.1381002382 14.6122175989 
 13.5248829458 14.0581760562 14.5418407834 
 13.4374560524 13.9771365275 14.4698708067 
 13.3493618667 13.8950532095 14.3963932701 
 13.2606568258 13.8119956871 14.3214917732 
 13.1713956176 13.7280315975 14.2452479159 
 13.0816312119 13.6432266523 14.1677412988 
 12.9914148859 13.5576446550 14.0890495214 
 12.9007962478 13.4713475169 14.0092481780 
 12.8098232561 13.3843952694 13.9284108522 
 12.7185422370 13.2968460741 13.8466091103 
 12.6269978998 13.2087562326 13.7639124936 
 12.5352333507 13.1201801935 13.6803885107 
 12.4432901057 13.0311705601 13.5961026299 
 12.3512081036 12.9417780976 13.5111182731 
 12.2590257186 12.8520517417 13.4254968104 
 12.1667797747 12.7620386074 13.3392975572 
 12.0745055604 12.6717840006 13.2525777743 
 11.9822368464 12.5813314315 13.1653926704 
 11.8900059047 12.4907226313 13.0777954094 
 11.7978435316 12.3999975715 12.9898371209 
 11.7057790725 12.3091944881 12.9015669160 
 11.6138404520 12.2183499088 12.8130319081 
 11.5220542067 12.1274986855 12.7242772391 
 11.4304455225 12.0366740311 12.6353461109 
 11.3390382764 11.9459075613 12.5462798236 
 11.2478550829 11.8552293419 12.4571178188 
 11.1569173445 11.7646679408 12.3678977298 
 11.0662453075 11.6742504855 12.2786554377 
 10.9758581223 11.5840027257 12.1894251332 
 10.8857739075 11.4939491011 12.1002393851 
 10.7960098195 11.4041128145 12.0111292142 
 10.7065821253 11.3145159085 11.9221241729 
 10.6175062800 11.2251793483 11.8332524298 
 10.5287970075 11.1361231070 11.7445408598 
 10.4404683843 11.0473662563 11.6560151380 
 10.3525339265 10.9589270588 11.5676998381 
 10.2650066788 10.8708230645 11.4796185340 
 10.1778993055 10.7830712089 11.3917939048 
 10.0912241827 10.6956879127 11.3042478411 
 10.0049934912 10.6086891827 11.2170015537 
 9.9192193088 10.5220907134 11.1300756831 
 9.8339137029 10.4359079876 11.0434904086 
 9.7490888210 10.3501563760 10.9572655574 
 9.6647569787 10.2648512355 10.8714207116 
 9.5809307458 10.1800080042 10.7859753133 
 9.4976230277 10.0956422932 10.7009487665 
 9.4148471427 10.0117699736 10.6163605346 
 9.3326168941 9.9284072596 10.5322302335 
 9.2509466364 9.8455707841 10.4485777184 
 9.1698513338 9.7632776685 10.3654231645 
 9.0893466125 9.6815455851 10.2827871402 
 9.0094488037 9.6003928102 10.2006906711 
 8.9301749782 9.5198382695 10.1191552965 
 8.8515429712 9.4399015729 10.0382031151 
 8.7735713975 9.3606030394 9.9578568204 
 8.6962796558 9.2819637110 9.8781397254 
 8.6196879219 9.2040053558 9.7990757754 
 8.5438171316 9.1267504588 9.7206895491 
 8.4686889508 9.0502222013 9.6430062475 
 8.3943257354 8.9744444278 9.5660516695 
 8.3207504785 8.8994416011 9.4898521754 
 8.2479867471 8.8252387450 9.4144346377 
 8.1760586069 8.7518613752 9.3398263789 
 8.1049905366 8.6793354185 9.2660550974 
 8.0348073319 8.6076871205 9.1931487804 
 7.9655339993 8.5369429435 9.1211356068 
 7.8971956415 8.4671294533 9.0500438381 
 7.8298173339 8.3982731975 8.9799016996 
 7.7634239948 8.3304005759 8.9107372523 
 7.6980402485 8.2635377030 8.8425782576 
 7.6336902845 8.1977102655 8.7754520341 
 7.5703977121 8.1329433746 8.7093853092 
 7.5081854138 8.0692614155 8.6444040675 
 7.4470753973 8.0066878953 8.5805333953 
 7.3870886486 7.9452452909 8.5177973259 
 7.3282449876 7.8849548986 8.4562186843 
 7.2705629276 7.8258366872 8.3958189361 
 7.2140595413 7.7679091565 8.3366180400 
 7.1587503329 7.7111892026 8.2786343075 
 7.1046491213 7.6556919928 8.2218842714 
 7.0517679327 7.6014308499 8.1663825640 
 7.0001169061 7.5484171511 8.1121418085 
 6.9497042140 7.4966602392 8.0591725248 
 6.9005359970 7.4461673511 8.0074830508 
 6.8526163171 7.3969435635 7.9570794829 
 6.8059471284 7.3489917575 7.9079656350 
 6.7605282680 7.3023126039 7.8601430188 
 6.7163574666 7.2569045698 7.8136108474 
 6.6734303817 7.2127639475 7.7683660614 
 6.6317406517 7.1698849075 7.7244033796 
 6.5912799728 7.1282595742 7.6817153757 
 6.5520381981 7.0878781261 7.6402925786 
 6.5140034598 7.0487289199 7.6001236001 
 6.4771623117 7.0107986379 7.5611952857 
 6.4414998943 6.9740724580 7.5234928916 
 6.4070001190 6.9385342458 7.4870002832 
 6.3736458711 6.9041667666 7.4517001565 
 6.3414192294 6.8709519154 7.4175742792 
 6.3103017005 6.8388709636 7.3846037489 
 6.2802744655 6.8079048191 7.3527692662 
 6.2513186355 6.7780342964 7.3220514198 
 6.2234155143 6.7492403946 7.2924309796 
 6.1965468628 6.7215045787 7.2638891938 
 6.1706951639 6.6948090609 7.2364080864 
 6.1458438821 6.6691370771 7.2099707507 
 6.1219777148 6.6444731553 7.1845616333 
 6.0990828313 6.6208033704 7.1601668050 
 6.0771470944 6.5981155819 7.1367742128 
 6.0561602620 6.5763996494 7.1143739094 
 6.0361141635 6.5556476219 7.0929582543 
 6.0170028475 6.5358538965 7.0725220828 
 5.9988226976 6.5170153433 7.0530628380 
 5.9815725123 6.4991313918 7.0345806641 
 5.9652535474 6.4822040769 7.0170784537 
 5.9498695161 6.4662380404 7.0005618507 
 5.9354265478 6.4512404880 6.9850392032 
 5.9219331016 6.4372210973 6.9705214660 
 5.9093998347 6.4241918787 6.9570220526 
 5.8978394258 6.4121669869 6.9445566337 
 5.8872663522 6.4011624845 6.9331428860 
 5.8776966236 6.3911960575 6.9228001898 
 5.8691474721 6.3822866854 6.9135492777 
 5.8616370018 6.3744542680 6.9054118379 
 5.8551838002 6.3677192105 6.8984100739 
 5.8498065141 6.3621019723 6.8925662250 
 5.8455233947 6.3576225822 6.8879020515 
 5.8423518157 6.3543001241 6.8844382897 
 5.8403077689 6.3521522005 6.8821940821 
 5.8394053434 6.3511943768 6.8811863886 
 5.8396561935 6.3514396144 6.8814293852 
 5.8410690017 6.3528976985 6.8829338572 
 5.8436489441 6.3555746678 6.8857065949 
 5.8473971653 6.3594722545 6.8897497992 
 5.8523102705 6.3645873420 6.8950605067 
 5.8583798431 6.3709114499 6.9016300425 
 5.8655919972 6.3784302553 6.9094435126 
 5.8739269741 6.3871231608 6.9184793436 
 5.8833587920 6.3969629192 6.9287088844 
 5.8938549603 6.4079153262 6.9400960780 
 5.9053762676 6.4199389915 6.9525972178 
 5.9178766542 6.4329852006 6.9661607996 
 5.9313031802 6.4469978783 6.9807274819 
 5.9455960977 6.4619136634 6.9962301653 
 5.9606890378 6.4776621068 7.0125942037 
 5.9765093190 6.4941660007 7.0297377566 
 5.9929783861 6.5113418471 7.0475722905 
 6.0100123819 6.5291004714 7.0660032372 
 6.0275228568 6.5473477837 7.0849308116 
 6.0454176152 6.5659856893 7.1042509902 
 6.0636016958 6.5849131436 7.1238566476 
 6.0819784792 6.6040273471 7.1436388426 
 6.1004509135 6.6232250659 7.1634882428 
 6.1189228421 6.6424040661 7.1832966706 
 6.1373004166 6.6614646380 7.2029587479 
 6.1554935716 6.6803111893 7.2223736128 
 6.1734175369 6.6988538756 7.2414466774 
 6.1909943559 6.7170102376 7.2600913882 
 6.2081543799 6.7347068089 7.2782309530 
 6.2248377048 6.7518806574 7.2957999899 
 6.2409955150 6.7684808226 7.3127460580 
 6.2565913019 6.7844696104 7.3290310268 
 6.2716019245 6.7998237110 7.3446322461 
 6.2860184837 6.8145351078 7.3595434797 
 6.2998469853 6.8286117500 7.3737755756 
 6.3131087726 6.8420779688 7.3873568482 
 6.3258407166 6.8549746238 7.4003331616 
 6.3380951565 6.8673589748 7.4127677078 
 6.3499395936 6.8793042822 7.4247404875 
 6.3614561456 6.8908991471 7.4363475080 
 6.3727407782 6.9022466119 7.4476997228 
 6.3839023336 6.9134630458 7.4589217455 
 6.3950613821 6.9246768480 7.4701503757 
 6.4063489259 6.9360270009 7.4815329783 
 6.4179049830 6.9476615108 7.4932257584 
 6.4298770826 6.9597357692 7.5053919727 
 6.4424186968 6.9724108660 7.5182001146 
 6.4556876318 6.9858518816 7.5318221020 
 6.4698443961 7.0002261755 7.5464314899 
 6.4850505567 7.0157016845 7.5622017200 
 6.5014670868 7.0324452325 7.5793044082 
 6.5192527033 7.0506208477 7.5979076622 
 6.5385621854 7.0703880735 7.6181744104 
 6.5595446602 7.0919002553 7.6402607188 
 6.5823418398 7.1153027800 7.6643140620 
 6.6070861895 7.1407312427 7.6904715183 
 6.6338990111 7.1683095166 7.7188578549 
 6.6628884271 7.1981477065 7.7495834741 
 6.6941472546 7.2303399690 7.7827422015 
 6.7277507710 7.2649621978 7.8184089032 
 6.7637543788 7.3020695776 7.8566369374 
 6.8021911911 7.3416940291 7.8974554589 
 6.8430695733 7.3838415812 7.9408666138 
 6.8863706900 7.4284897229 7.9868426837 
 6.9320461218 7.4755848072 8.0353232557 
 6.9800156319 7.5250395957 8.0862125183 
 7.0301651771 7.5767310477 8.1393768021 
 7.0823452685 7.6304984769 8.1946425013 
 7.1363697994 7.6861422074 8.2517945282 
 7.1920154647 7.7434228699 8.3105754648 
 7.2490218940 7.8020614847 8.3706855774 
 7.3070926231 7.8617404719 8.4317838630 
 7.3658970115 7.9221057203 8.4934902816 
 7.4250731992 7.9827698261 8.5553893089 
 7.4842321653 8.0433165813 8.6170349111 
 7.5429629170 8.1033067508 8.6779569949 
 7.6008387860 8.1622851231 8.7376693264 
 7.6574247595 8.2197887562 8.7956788378 
 7.7122857046 8.2753562656 8.8514961536 
 7.7649952813 8.3285379204 8.9046470719 
 7.8151452669 8.3789062323 8.9546846389 
 7.8623549519 8.4260666405 9.0012013517 
 7.9062802113 8.4696678267 9.0438409462 
 7.9466218142 8.5094111463 9.0823091518 
 7.9831325201 8.5450586318 9.1163827712 
 8.0156225205 8.5764390409 9.1459164407 
 8.0439628289 8.6034514679 9.1708464921 
 8.0680863051 8.6260661327 9.1911914414 
 8.0879861095 8.6443220973 9.2070487949 
 8.1037115327 8.6583218355 9.2185880770 
 8.1153613061 8.6682227814 9.2260402251 
 8.1230746778 8.6742261971 9.2296837627 
 8.1270207050 8.6765639087 9.2298284188 
 8.1273863651 8.6754836439 9.2267970870 
 8.1243641990 8.6712338440 9.2209071904 
 8.1181402657 8.6640489028 9.2124526197 
 8.1088831919 8.6541357931 9.2016874176 
 8.0967350469 8.6416629728 9.1888123010 
 8.0818046565 8.6267523223 9.1739649369 
 8.0641638068 8.6094746586 9.1572146354 
 8.0438465824 8.5898491233 9.1385618141 
 8.0208518644 8.5678464643 9.1179422504 
 7.9951487858 8.5433959555 9.0952357977 
 7.9666847386 8.5163954495 9.0702789351 
 7.9353953554 8.4867238449 9.0428802650 
 7.9012157688 8.4542551096 9.0128378964 
 7.8640923859 8.4188729219 8.9799575652 
 7.8239944130 8.3804849920 8.9440703423 
 7.7809244171 8.3390361952 8.9050488739 
 7.7349273127 8.2945197760 8.8628212553 
 7.6860972990 8.2469860527 8.8173818577 
 7.6345824327 8.1965482538 8.7687986710 
 7.5805866885 8.1433853171 8.7172169769 
 7.5243695194 8.0877416825 8.6628594055 
 7.4662430723 8.0299242783 8.6060226353 
 7.4065673276 7.9702970388 8.5470711580 
 7.3457435193 7.9092733889 8.4864286444 
 7.2842062415 7.8473071878 8.4245675099 
 7.2224146667 7.7848826448 8.3619972949 
 7.1608432944 7.7225037032 8.2992524508 
 7.0999726189 7.6606833488 8.2368800699 
 