6.0934564541 6.0924895217 6.0914447048 
 6.0942949228 6.0933511394 6.0923293591 
 6.0951160070 6.0941945607 6.0931949695 
 6.0959197074 6.0950197986 6.0940415629 
 6.0967061077 6.0958269510 6.0948692532 
 6.0974753653 6.0966161907 6.0956782302 
 6.0982277020 6.0973877561 6.0964687509 
 6.0989633960 6.0981419427 6.0972411304 
 6.0996827749 6.0988790965 6.0979957347 
 6.1003862087 6.0995996064 6.0987329738 
 6.1010741039 6.1003038985 6.0994532958 
 6.1017468979 6.1009924306 6.1001571807 
 6.1024050539 6.1016656871 6.1008451363 
 6.1030490565 6.1023241742 6.1015176927 
 6.1036794070 6.1029684159 6.1021753985 
 6.1042966198 6.1035989499 6.1028188171 
 6.1049012185 6.1042163242 6.1034485229 
 6.1054937331 6.1048210937 6.1040650980 
 6.1060746963 6.1054138171 6.1046691291 
 6.1066446412 6.1059950544 6.1052612050 
 6.1072040983 6.1065653634 6.1058419134 
 6.1077535930 6.1071252983 6.1064118386 
 6.1082936436 6.1076754061 6.1069715589 
 6.1088247589 6.1082162255 6.1075216445 
 6.1093474361 6.1087482839 6.1080626548 
 6.1098621591 6.1092720956 6.1085951365 
 6.1103693964 6.1097881598 6.1091196215 
 6.1108695994 6.1102969589 6.1096366245 
 6.1113632009 6.1107989564 6.1101466412 
 6.1118506135 6.1112945951 6.1106501463 
 6.1123322282 6.1117842959 6.1111475919 
 6.1128084130 6.1122684558 6.1116394053 
 6.1132795119 6.1127474471 6.1121259881 
 6.1137458437 6.1132216155 6.1126077139 
 6.1142077016 6.1136912798 6.1130849280 
 6.1146653517 6.1141567305 6.1135579456 
 6.1151190336 6.1146182293 6.1140270514 
 6.1155689593 6.1150760090 6.1144924992 
 6.1160153136 6.1155302732 6.1149545111 
 6.1164582541 6.1159811960 6.1154132781 
 6.1168979120 6.1164289230 6.1158689598 
 6.1173343920 6.1168735716 6.1163216856 
 6.1177677741 6.1173152319 6.1167715552 
 6.1181981140 6.1177539675 6.1172186397 
 6.1186254445 6.1181898176 6.1176629831 
 6.1190497771 6.1186227975 6.1181046039 
 6.1194711036 6.1190529011 6.1185434969 
 6.1198893974 6.1194801023 6.1189796350 
 6.1203046159 6.1199043569 6.1194129714 
 6.1207167017 6.1203256050 6.1198434417 
 6.1211255850 6.1207437722 6.1202709663 
 6.1215311852 6.1211587728 6.1206954521 
 6.1219334129 6.1215705107 6.1211167955 
 6.1223321717 6.1219788822 6.1215348837 
 6.1227273599 6.1223837775 6.1219495975 
 6.1231188723 6.1227850825 6.1223608127 
 6.1235066015 6.1231826810 6.1227684026 
 6.1238904400 6.1235764556 6.1231722390 
 6.1242702806 6.1239662897 6.1235721945 
 6.1246460186 6.1243520685 6.1239681434 
 6.1250175520 6.1247336805 6.1243599633 
 6.1253847833 6.1251110182 6.1247475362 
 6.1257476195 6.1254839791 6.1251307492 
 6.1261059734 6.1258524667 6.1255094958 
 6.1264597638 6.1262163908 6.1258836760 
 6.1268089159 6.1265756679 6.1262531972 
 6.1271533620 6.1269302220 6.1266179746 
 6.1274930413 6.1272799844 6.1269779312 
 6.1278279001 6.1276248940 6.1273329982 
 6.1281578920 6.1279648973 6.1276831150 
 6.1284829774 6.1282999484 6.1280282289 
 6.1288031239 6.1286300087 6.1283682954 
 6.1291183056 6.1289550469 6.1287032776 
 6.1294285030 6.1292750385 6.1290331461 
 6.1297337028 6.1295899657 6.1293578786 
 6.1300338973 6.1298998169 6.1296774597 
 6.1303290842 6.1302045862 6.1299918801 
 6.1306192660 6.1305042731 6.1303011365 
 6.1309044497 6.1307988821 6.1306052310 
 6.1311846463 6.1310884220 6.1309041708 
 6.1314598702 6.1313729057 6.1311979671 
 6.1317301390 6.1316523494 6.1314866355 
 6.1319954728 6.1319267726 6.1317701948 
 6.1322558938 6.1321961970 6.1320486668 
 6.1325114262 6.1324606468 6.1323220757 
 6.1327620952 6.1327201476 6.1325904478 
 6.1330079270 6.1329747263 6.1328538111 
 6.1332489484 6.1332244107 6.1331121947 
 6.1334851863 6.1334692290 6.1333656285 
 6.1337166677 6.1337092098 6.1336141427 
 6.1339434188 6.1339443812 6.1338577678 
 6.1341654655 6.1341747711 6.1340965339 
 6.1343828325 6.1344004066 6.1343304709 
 6.1345955434 6.1346213141 6.1345596077 
 6.1348036206 6.1348375185 6.1347839724 
 6.1350070851 6.1350490438 6.1350035919 
 6.1352059562 6.1352559123 6.1352184918 
 6.1354002516 6.1354581449 6.1354286965 
 6.1355899871 6.1356557608 6.1356342287 
 6.1357751769 6.1358487777 6.1358351095 
 6.1359558333 6.1360372114 6.1360313583 
 6.1361319670 6.1362210761 6.1362229932 
 6.1363035866 6.1364003841 6.1364100300 
 6.1364706991 6.1365751461 6.1365924835 
 6.1366333098 6.1367453711 6.1367703662 
 6.1367914224 6.1369110666 6.1369436896 
 6.1369450391 6.1370722385 6.1371124632 
 6.1370941604 6.1372288910 6.1372766952 
 6.1372387856 6.1373810273 6.1374363923 
 6.1373789128 6.1375286490 6.1375915600 
 6.1375145389 6.1376717567 6.1377422025 
 6.1376456598 6.1378103497 6.1378883227 
 6.1377722703 6.1379444267 6.1380299227 
 6.1378943649 6.1380739851 6.1381670034 
 6.1380119368 6.1381990218 6.1382995651 
 6.1381249792 6.1383195330 6.1384276072 
 6.1382334846 6.1384355143 6.1385511284 
 6.1383374453 6.1385469611 6.1386701268 
 6.1384368534 6.1386538680 6.1387846001 
 6.1385317009 6.1387562298 6.1388945456 
 6.1386219798 6.1388540410 6.1389999602 
 6.1387076822 6.1389472958 6.1391008406 
 6.1387888005 6.1390359888 6.1391971832 
 6.1388653273 6.1391201143 6.1392889843 
 6.1389372555 6.1391996670 6.1393762402 
 6.1390045787 6.1392746416 6.1394589470 
 6.1390672907 6.1393450331 6.1395371008 
 6.1391253860 6.1394108369 6.1396106978 
 6.1391788594 6.1394720484 6.1396797340 
 6.1392277068 6.1395286636 6.1397442058 
 6.1392719243 6.1395806787 6.1398041093 
 6.1393115088 6.1396280904 6.1398594407 
 6.1393464579 6.1396708955 6.1399101966 
 6.1393767699 6.1397090914 6.1399563732 
 6.1394024437 6.1397426758 6.1399979669 
 6.1394234787 6.1397716467 6.1400349742 
 6.1394398754 6.1397960023 6.1400673915 
 6.1394516343 6.1398157414 6.1400952153 
 6.1394587569 6.1398308629 6.1401184419 
 6.1394612452 6.1398413659 6.1401370678 
 6.1394591014 6.1398472499 6.1401510893 
 6.1394523286 6.1398485144 6.1401605026 
 6.1394409298 6.1398451592 6.1401653039 
 6.1394249088 6.1398371841 6.1401654893 
 6.1394042693 6.1398245891 6.1401610546 
 6.1393790154 6.1398073742 6.1401519958 
 6.1393491514 6.1397855394 6.1401383084 
 6.1393146816 6.1397590847 6.1401199880 
 6.1392756100 6.1397280099 6.1400970300 
 6.1392319411 6.1396923148 6.1400694296 
 6.1391836787 6.1396519990 6.1400371818 
 6.1391308267 6.1396070619 6.1400002814 
 6.1390733883 6.1395575026 6.1399587233 
 6.1390113668 6.1395033200 6.1399125019 
 6.1389447644 6.1394445125 6.1398616116 
 6.1388735832 6.1393810783 6.1398060465 
 6.1387978244 6.1393130151 6.1397458008 
 6.1387174885 6.1392403201 6.1396808681 
 6.1386325752 6.1391629901 6.1396112423 
 6.1385430834 6.1390810214 6.1395369169 
 6.1384490108 6.1389944096 6.1394578852 
 6.1383503545 6.1389031498 6.1393741407 
 6.1382471102 6.1388072367 6.1392856764 
 6.1381392728 6.1387066643 6.1391924856 
 6.1380268360 6.1386014259 6.1390945611 
 6.1379097924 6.1384915144 6.1389918962 
 6.1377881335 6.1383769220 6.1388844837 
 6.1376618498 6.1382576406 6.1387723167 
 6.1375309307 6.1381336613 6.1386553885 
 6.1373953647 6.1380049751 6.1385336923 
 6.1372551392 6.1378715724 6.1384072216 
 6.1371102409 6.1377334433 6.1382759702 
 6.1369606558 6.1375905779 6.1381399321 
 6.1368063690 6.1374429657 6.1379991018 
 6.1366473653 6.1372905966 6.1378534741 
 6.1364836290 6.1371334603 6.1377030445 
 6.1363151442 6.1369715467 6.1375478089 
 6.1361418947 6.1368048459 6.1373877639 
 6.1359638645 6.1366333484 6.1372229069 
 6.1357810376 6.1364570450 6.1370532358 
 6.1355933984 6.1362759273 6.1368787495 
 6.1354009319 6.1360899872 6.1366994476 
 6.1352036235 6.1358992177 6.1365153307 
 6.1350014594 6.1357036122 6.1363264001 
 6.1347944267 6.1355031653 6.1361326580 
 6.1345825135 6.1352978723 6.1359341075 
 6.1343657091 6.1350877296 6.1357307523 
 6.1341440038 6.1348727344 6.1355225973 
 6.1339173894 6.1346528851 6.1353096477 
 6.1336858591 6.1344281812 6.1350919097 
 6.1334494074 6.1341986231 6.1348693900 
 6.1332080304 6.1339642122 6.1346420957 
 6.1329617258 6.1337249512 6.1344100347 
 6.1327104930 6.1334808435 6.1341732151 
 6.1324543329 6.1332318938 6.1339316454 
 6.1321932483 6.1329781078 6.1336853344 
 6.1319272437 6.1327194920 6.1334342914 
 6.1316563254 6.1324560544 6.1331785255 
 6.1313805017 6.1321878038 6.1329180466 
 6.1310997826 6.1319147501 6.1326528645 
 6.1308141804 6.1316369047 6.1323829896 
 6.1305237095 6.1313542800 6.1321084324 
 6.1302283863 6.1310668900 6.1318292043 
 6.1299282298 6.1307747500 6.1315453172 
 6.1296232612 6.1304778773 6.1312567838 
 6.1293135044 6.1301762906 6.1309636178 
 6.1289989859 6.1298700110 6.1306658341 
 6.1286797351 6.1295590614 6.1303634492 
 6.1283557844 6.1292434671 6.1300564811 
 6.1280271689 6.1289232559 6.1297449496 
 6.1276939273 6.1285984584 6.1294288768 
 6.1273561012 6.1282691078 6.1291082870 
 6.1270137356 6.1279352402 6.1287832070 
 6.1266668787 6.1275968948 6.1284536665 
 6.1263155821 6.1272541137 6.1281196978 
 6.1259599005 6.1269069423 6.1277813362 
 6.1255998919 6.1265554290 6.1274386201 
 6.1252356169 6.1261996249 6.1270915907 
 6.1248671390 6.1258395843 6.1267402922 
 6.1244945244 6.1254753638 6.1263847716 
 6.1241178410 6.1251070227 6.1260250787 
 6.1237371589 6.1247346221 6.1256612656 
 6.1233525492 6.1243582251 6.1252933866 
 6.1229640841 6.1239778961 6.1249214977 
 6.1225718363 6.1235937002 6.1245456565 
 6.1221758781 6.1232057031 6.1241659216 
 6.1217762812 6.1228139705 6.1237823520 
 6.1213731162 6.1224185673 6.1233950072 
 6.1209664517 6.1220195574 6.1230039457 
 6.1205563540 6.1216170031 6.1226092257 
 6.1201428865 6.1212109642 6.1222109037 
 6.1197261092 6.1208014983 6.1218090343 
 6.1193060780 6.1203886596 6.1214036699 
 6.1188828446 6.1199724986 6.1209948603 
 6.1184564561 6.1195530623 6.1205826519 
 6.1180269544 6.1191303930 6.1201670878 
 6.1175943762 6.1187045287 6.1197482075 
 6.1171587530 6.1182755027 6.1193260465 
 6.1167201105 6.1178433435 6.1189006360 
 6.1162784689 6.1174080746 6.1184720034 
 6.1158338430 6.1169697147 6.1180401714 
 6.1153862424 6.1165282776 6.1176051590 
 6.1149356710 6.1160837725 6.1171669805 
 6.1144821283 6.1156362039 6.1167256467 
 6.1140256088 6.1151855722 6.1162811642 
 6.1135661027 6.1147318737 6.1158335360 
 6.1131035962 6.1142751009 6.1153827616 
 6.1126380719 6.1138152428 6.1149288373 
 6.1121695092 6.1133522854 6.1144717565 
 6.1116978846 6.1128862120 6.1140115097 
 6.1112231722 6.1124170032 6.1135480853 
 6.1107453441 6.1119446377 6.1130814693 
 6.1102643708 6.1114690924 6.1126116457 
 6.1097802215 6.1109903427 6.1121385970 
 6.1092928644 6.1105083627 6.1116623042 
 6.1088022675 6.1100231260 6.1111827472 
 6.1083083980 6.1095346052 6.1106999047 
 6.1078112237 6.1090427727 6.1102137550 
 6.1073107125 6.1085476011 6.1097242754 
 6.1068068330 6.1080490627 6.1092314433 
 6.1062995546 6.1075471305 6.1087352356 
 6.1057888480 6.1070417782 6.1082356295 
 6.1052746853 6.1065329802 6.1077326026 
 6.1047570405 6.1060207122 6.1072261328 
 6.1042358892 6.1055049514 6.1067161991 
 6.1037112096 6.1049856767 6.1062027814 
 6.1031829825 6.1044628689 6.1056858613 
 6.1026511912 6.1039365113 6.1051654220 
 6.1021158225 6.1034065898 6.1046414488 
 6.1015768668 6.1028730934 6.1041139295 
 6.1010343180 6.1023360146 6.1035828548 
 6.1004881745 6.1017953493 6.1030482187 
 6.0999384390 6.1012510978 6.1025100188 
 6.0993851192 6.1007032650 6.1019682567 
 6.0988282279 6.1001518602 6.1014229386 
 6.0982677834 6.0995968983 6.1008740754 
 6.0977038096 6.0990383994 6.1003216831 
 6.0971363366 6.0984763894 6.0997657833 
 6.0965654005 6.0979109002 6.0992064033 
 6.0959910437 6.0973419698 6.0986435761 
 6.0954133149 6.0967696424 6.0980773411 
 6.0948322695 6.0961939687 6.0975077437 
 6.0942479690 6.0956150054 6.0969348356 
 6.0936604815 6.0950328158 6.0963586747 
 6.0930698808 6.0944474690 6.0957793247 
 6.0924762470 6.0938590401 6.0951968555 
 6.0918796655 6.0932676099 6.0946113424 
 6.0912802270 6.0926732640 6.0940228660 
 6.0906780268 6.0920760934 6.0934315117 
 6.0900731648 6.0914761929 6.0928373694 
 6.0894657441 6.0908736612 6.0922405327 
 6.0888558712 6.0902686004 6.0916410987 
 6.0882436552 6.0896611150 6.0910391670 
 6.0876292065 6.0890513112 6.0904348394 
 6.0870126372 6.0884392969 6.0898282189 
 6.0863940594 6.0878251800 6.0892194093 
 6.0857735852 6.0872090688 6.0886085144 
 6.0851513255 6.0865910702 6.0879956373 
 6.0845273898 6.0859712902 6.0873808799 
 6.0839018853 6.0853498322 6.0867643421 
 6.0832749165 6.0847267972 6.0861461211 
 6.0826465843 6.0841022827 6.0855263113 
 6.0820169857 6.0834763827 6.0849050031 
 6.0813862138 6.0828491868 6.0842822833 
 6.0807543564 6.0822207799 6.0836582339 
 6.0801214967 6.0815912421 6.0830329323 
 6.0794877124 6.0809606483 6.0824064505 
 6.0788530758 6.0803290678 6.0817788556 
 6.0782176534 6.0796965646 6.0811502089 
 6.0775815062 6.0790631968 6.0805205665 
 6.0769446894 6.0784290169 6.0798899788 
 6.0763072525 6.0777940720 6.0792584905 
 6.0756692396 6.0771584034 6.0786261411 
 6.0750306893 6.0765220473 6.0779929648 
 6.0743916350 6.0758850346 6.0773589906 
 6.0737521053 6.0752473913 6.0767242427 
 6.0731121241 6.0746091390 6.0760887407 
 6.0724717111 6.0739702949 6.0754525002 
 6.0718308821 6.0733308723 6.0748155327 
 6.0711896493 6.0726908812 6.0741778463 
 6.0705480220 6.0720503282 6.0735394461 
 6.0699060068 6.0714092177 6.0729003344 
 6.0692636080 6.0707675517 6.0722605117 
 6.0686208285 6.0701253307 6.0716199765 
 6.0679776698 6.0694825537 6.0709787262 
 6.0673341327 6.0688392195 6.0703367576 
 6.0666902178 6.0681953262 6.0696940672 
 6.0660459260 6.0675508726 6.0690506516 
 6.0654012587 6.0669058578 6.0684065084 
 6.0647562187 6.0662602825 6.0677616361 
 6.0641108104 6.0656141488 6.0671160352 
 6.0634650400 6.0649674611 6.0664697078 
 6.0628189164 6.0643202259 6.0658226588 
 6.0621724510 6.0636724528 6.0651748957 
 6.0615256585 6.0630241546 6.0645264293 
 6.0608785571 6.0623753474 6.0638772737 
 6.0602311685 6.0617260512 6.0632274469 
 6.0595835184 6.0610762897 6.0625769707 
 6.0589356365 6.0604260910 6.0619258711 
 6.0582875569 6.0597754875 6.0612741785 
 6.0576393178 6.0591245158 6.0606219273 
 6.0569909622 6.0584732170 6.0599691568 
 6.0563425370 6.0578216367 6.0593159106 
 6.0556940939 6.0571698250 6.0586622364 
 6.0550456887 6.0565178362 6.0580081867 
 6.0543973814 6.0558657289 6.0573538181 
 6.0537492363 6.0552135659 6.0566991912 
 6.0531013213 6.0545614137 6.0560443705 
 6.0524537082 6.0539093428 6.0553894243 
 6.0518064719 6.0532574267 6.0547344242 
 6.0511596909 6.0526057425 6.0540794451 
 6.0505134461 6.0519543699 6.0534245647 
 6.0498678213 6.0513033913 6.0527698632 
 6.0492229024 6.0506528912 6.0521154232 
 6.0485787773 6.0500029561 6.0514613289 
 6.0479355352 6.0493536740 6.0508076664 
 6.0472932668 6.0487051342 6.0501545225 
 6.0466520635 6.0480574266 6.0495019854 
 6.0460120173 6.0474106419 6.0488501435 
 6.0453732205 6.0467648710 6.0481990855 
 6.0447357651 6.0461202043 6.0475488998 
 6.0440997429 6.0454767323 6.0468996747 
 6.0434652448 6.0448345444 6.0462514975 
 6.0428323611 6.0441937293 6.0456044548 
 6.0422011807 6.0435543745 6.0449586319 
 6.0415717910 6.0429165659 6.0443141127 
 6.0409442780 6.0422803881 6.0436709797 
 6.0403187260 6.0416459237 6.0430293136 
 6.0396952173 6.0410132537 6.0423891932 
 6.0390738323 6.0403824569 6.0417506956 
 6.0384546491 6.0397536103 6.0411138956 
 6.0378377440 6.0391267886 6.0404788662 
 6.0372231909 6.0385020645 6.0398456784 
 6.0366110616 6.0378795086 6.0392144011 
 6.0360014257 6.0372591893 6.0385851011 
 6.0353943506 6.0366411732 6.0379578433 
 6.0347899018 6.0360255246 6.0373326909 
 6.0341881427 6.0354123062 6.0367097051 
 6.0335891346 6.0348015787 6.0360889456 
 6.0329929373 6.0341934011 6.0354704704 
 6.0323996086 6.0335878312 6.0348543362 
 6.0318092048 6.0329849248 6.0342405983 
 6.0312217808 6.0323847368 6.0336293110 
 6.0306373901 6.0317873209 6.0330205276 
 6.0300560851 6.0311927297 6.0324143004 
 6.0294779171 6.0306010149 6.0318106811 
 6.0289029364 6.0300122277 6.0312097210 
 6.0283311928 6.0294264184 6.0306114708 
 6.0277627353 6.0288436373 6.0300159811 
 6.0271976124 6.0282639341 6.0294233023 
 6.0266358723 6.0276873583 6.0288334849 
 6.0260775630 6.0271139595 6.0282465793 
 6.0255227323 6.0265437873 6.0276626364 
 6.0249714280 6.0259768914 6.0270817072 
 6.0244236981 6.0254133218 6.0265038433 
 6.0238795904 6.0248531288 6.0259290965 
 6.0233391534 6.0242963630 6.0253575194 
 6.0228024355 6.0237430754 6.0247891648 
 6.0222694855 6.0231933175 6.0242240866 
 6.0217403526 6.0226471414 6.0236623388 
 6.0212150866 6.0221045993 6.0231039762 
 6.0206937372 6.0215657444 6.0225490542 
 6.0201763549 6.0210306299 6.0219976288 
 6.0196629903 6.0204993098 6.0214497566 
 6.0191536946 6.0199718382 6.0209054943 
 6.0186485191 6.0194482698 6.0203648996 
 6.0181475154 6.0189286594 6.0198280302 
 6.0176507354 6.0184130624 6.0192949442 
 6.0171582312 6.0179015339 6.0187657000 
 6.0166700548 6.0173941296 6.0182403561 
 6.0161862583 6.0168909049 6.0177189711 
 6.0157068938 6.0163919153 6.0172016036 
 6.0152320132 6.0158972161 6.0166883120 
 6.0147616683 6.0154068624 6.0161791547 
 6.0142959104 6.0149209091 6.0156741897 
 6.0138347905 6.0144394106 6.0151734746 
 6.0133783592 6.0139624207 6.0146770666 
 6.0129266664 6.0134899930 6.0141850223 
 6.0124797615 6.0130221801 6.0136973978 
 6.0120376930 6.0125590341 6.0132142484 
 6.0116005088 6.0121006061 6.0127356285 
 6.0111682558 6.0116469467 6.0122615920 
 6.0107409801 6.0111981051 6.0117921917 
 6.0103187267 6.0107541300 6.0113274792 
 6.0099015395 6.0103150687 6.0108675056 
 6.0094894615 6.0098809677 6.0104123205 
 6.0090825343 6.0094518721 6.0099619727 
 6.0086807987 6.0090278260 6.0095165097 
 6.0082842941 6.0086088726 6.0090759780 
 6.0078930585 6.0081950534 6.0086404229 
 6.0075071291 6.0077864092 6.0082098885 
 6.0071265415 6.0073829793 6.0077844177 
 6.0067513304 6.0069848019 6.0073640525 
 6.0063815290 6.0065919141 6.0069488334 
 6.0060171696 6.0062043518 6.0065388000 
 6.0056582830 6.0058221496 6.0061339908 
 6.0053048991 6.0054453413 6.0057344431 
 6.0049570467 6.0050739593 6.0053401931 
 6.0046147532 6.0047080353 6.0049512763 
 6.0042780454 6.0043475996 6.0045677268 
 6.0039469488 6.0039926819 6.0041895781 
 6.0036214880 6.0036433107 6.0038168626 
 6.0033016867 6.0032995137 6.0034496118 
 6.0029875678 6.0029613179 6.0030878565 
 6.0026791534 6.0026287493 6.0027316267 
 6.0023764645 6.0023018332 6.0023809516 
 6.0020795217 6.0019805943 6.0020358597 
 6.0017883447 6.0016650564 6.0016963788 
 6.0015029527 6.0013552427 6.0013625361 
 6.0012233640 6.0010511760 6.0010343583 
 6.0009495965 6.0007528783 6.0007118713 
 6.0006816674 6.0004603710 6.0003951004 
 6.0004195932 6.0001736750 6.0000840707 
 6.0001633900 5.9998928106 5.9997788063 
 5.9999130732 5.9996177977 5.9994793311 
 5.9996686577 5.9993486554 5.9991856684 
 5.9994301575 5.9990854024 5.9988978407 
 5.9991975863 5.9988280568 5.9986158704 
 5.9989709571 5.9985766360 5.9983397789 
 5.9987502819 5.9983311569 5.9980695873 
 5.9985355723 5.9980916357 5.9978053160 
 5.9983268389 5.9978580879 5.9975469846 
 5.9981240915 5.9976305281 5.9972946121 
 5.9979273391 5.9974089702 5.9970482170 
 5.9977365894 5.9971934272 5.9968078166 
 5.9975518495 5.9969839114 5.9965734277 
 5.9973731250 5.9967804337 5.9963450661 
 5.9972004203 5.9965830043 5.9961227465 
 5.9970337389 5.9963916321 5.9959064829 
 5.9968730824 5.9962063247 5.9956962879 
 5.9967184513 5.9960270887 5.9954921732 
 5.9965698444 5.9958539291 5.9952941493 
 5.9964272589 5.9956868495 5.9951022253 
 5.9962906902 5.9955258520 5.9949164090 
 5.9961601321 5.9953709374 5.9947367069 
 5.9960355762 5.9952221044 5.9945631239 
 5.9959170124 5.9950793502 5.9943956636 
 5.9958044286 5.9949426704 5.9942343279 
 5.9956978104 5.9948120583 5.9940791170 
 5.9955971414 5.9946875058 5.9939300295 
 5.9955024030 5.9945690026 5.9937870625 
 5.9954135743 5.9944565364 5.9936502110 
 5.9953306322 5.9943500930 5.9935194685 
 5.9952535512 5.9942496561 5.9933948265 
 5.9951823036 5.9941552072 5.9932762747 
 5.9951168593 5.9940667259 5.9931638011 
 5.9950571859 5.9939841896 5.9930573916 
 5.9950032487 5.9939075738 5.9929570306 
 5.9949550108 5.9938368517 5.9928627003 
 5.9949124330 5.9937719944 5.9927743812 
 5.9948754737 5.9937129712 5.9926920520 
 5.9948440894 5.9936597493 5.9926156895 
 5.9948182344 5.9936122939 5.9925452689 
 5.9947978610 5.9935705682 5.9924807635 
 5.9947829194 5.9935345337 5.9924221449 
 5.9947733581 5.9935041500 5.9923693832 
 5.9947691238 5.9934793750 5.9923224467 
 5.9947701613 5.9934601649 5.9922813022 
 5.9947764141 5.9934464742 5.9922459151 
 5.9947878239 5.9934382559 5.9922162491 
 5.9948043312 5.9934354617 5.9921922667 
 5.9948258752 5.9934380417 5.9921739289 
 5.9948523937 5.9934459448 5.9921611956 
 5.9948838236 5.9934591185 5.9921540252 
 5.9949201008 5.9934775093 5.9921523751 
 5.9949611602 5.9935010625 5.9921562014 
 5.9950069360 5.9935297225 5.9921654592 
 5.9950573616 5.9935634324 5.9921801025 
 5.9951123698 5.9936021346 5.9922000841 
 5.9951718929 5.9936457707 5.9922253560 
 5.9952358625 5.9936942812 5.9922558692 
 5.9953042099 5.9937476061 5.9922915735 
 5.9953768661 5.9938056843 5.9923324178 
 5.9954537616 5.9938684543 5.9923783502 
 5.9955348268 5.9939358535 5.9924293176 
 5.9956199914 5.9940078188 5.9924852660 
 5.9957091854 5.9940842864 5.9925461404 
 5.9958023380 5.9941651916 5.9926118846 
 5.9958993784 5.9942504689 5.9926824414 
 5.9960002356 5.9943400524 5.9927577526 
 5.9961048381 5.9944338749 5.9928377585 
 5.9962131142 5.9945318687 5.9929223985 
 5.9963249920 5.9946339650 5.9930116105 
 5.9964403989 5.9947400944 5.9931053311 
 5.9965592622 5.9948501863 5.9932034956 
 5.9966815087 5.9949641692 5.9933060378 
 5.9968070647 5.9950819705 5.9934128900 
 5.9969358559 5.9952035166 5.9935239827 
 5.9970678077 5.9953287329 5.9936392452 
 5.9972028448 5.9954575436 5.9937586048 
 5.9973408913 5.9955898716 5.9938819873 
 5.9974818707 5.9957256390 5.9940093167 
 5.9976257060 5.9958647664 5.9941405153 
 5.9977723196 5.9960071733 5.9942755035 
 5.9979216331 5.9961527783 5.9944142002 
 5.9980735678 5.9963014986 5.9945565225 
 5.9982280441 5.9964532504 5.9947023856 
 5.9983849822 5.9966079490 5.9948517034 
 5.9985443017 5.9967655084 5.9950043878 
 5.9987059217 5.9969258420 5.9951603495 
 5.9988697612 5.9970888623 5.9953194978 
 5.9990357386 5.9972544810 5.9954817403 
 5.9992037724 5.9974226092 5.9956469839 
 5.9993737810 5.9975931578 5.9958151340 
 5.9995456828 5.9977660368 5.9959860953 
 5.9997193963 5.9979411565 5.9961597718 
 5.9998948405 5.9981184270 5.9963360668 
 6.0000719346 5.9982977583 5.9965148832 
 6.0002505985 5.9984790609 5.9966961237 
 6.0004307528 5.9986622457 5.9968796909 
 6.0006123190 5.9988472242 5.9970654879 
 6.0007952195 5.9990339086 5.9972534178 
 6.0009793779 5.9992222123 5.9974433845 
 6.0011647192 5.9994120495 5.9976352927 
 6.0013511697 5.9996033361 5.9978290482 
 6.0015386574 5.9997959893 5.9980245578 
 6.0017271119 5.9999899279 5.9982217300 
 6.0019164648 6.0001850727 5.9984204746 
 6.0021066496 6.0003813462 5.9986207036 
 6.0022976019 6.0005786731 5.9988223305 
 6.0024892594 6.0007769806 5.9990252713 
 6.0026815622 6.0009761978 5.9992294442 
 6.0028744527 6.0011762566 5.9994347696 
 6.0030678758 6.0013770912 5.9996411707 
 6.0032617788 6.0015786385 5.9998485733 
 6.0034561116 6.0017808381 6.0000569058 
 6.0036508267 6.0019836324 6.0002660996 
 6.0038458792 6.0021869664 6.0004760887 
 6.0040412267 6.0023907880 6.0006868103 
 6.0042368294 6.0025950478 6.0008982043 
 6.0044326504 6.0027996994 6.0011102137 
 6.0046286551 6.0030046990 6.0013227843 
 6.0048248113 6.0032100055 6.0015358650 
 6.0050210897 6.0034155806 6.0017494074 
 6.0052174631 6.0036213886 6.0019633661 
 6.0054139069 6.0038273964 6.0021776982 
 6.0056103986 6.0040335735 6.0023923639 
 6.0058069180 6.0042398916 6.0026073257 
 6.0060034471 6.0044463248 6.0028225487 
 6.0061999699 6.0046528496 6.0030380006 
 6.0063964724 6.0048594445 6.0032536511 
 6.0065929424 6.0050660901 6.0034694724 
 6.0067893694 6.0052727687 6.0036854388 
 6.0069857447 6.0054794646 6.0039015263 
 6.0071820611 6.0056861639 6.0041177130 
 6.0073783128 6.0058928540 6.0043339787 
 6.0075744954 6.0060995241 6.0045503048 
 6.0077706058 6.0063061644 6.0047666741 
 6.0079666420 6.0065127667 6.0049830709 
 6.0081626031 6.0067193238 6.0051994809 
 6.0083584892 6.0069258295 6.0054158906 
 6.0085543013 6.0071322787 6.0056322879 
 6.0087500411 6.0073386671 6.0058486615 
 6.0089457113 6.0075449913 6.0060650011 
 6.0091413151 6.0077512485 6.0062812970 
 6.0093368565 6.0079574368 6.0064975405 
 6.0095323401 6.0081635548 6.0067137234 
 6.0097277709 6.0083696015 6.0069298382 
 6.0099231546 6.0085755768 6.0071458779 
 6.0101184973 6.0087814809 6.0073618361 
 6.0103138056 6.0089873146 6.0075777070 
 6.0105090867 6.0091930789 6.0077934851 
 6.0107043481 6.0093987757 6.0080091655 
 6.0108995980 6.0096044072 6.0082247440 
 6.0110948449 6.0098099760 6.0084402166 
 6.0112900979 6.0100154853 6.0086555801 
 6.0114853667 6.0102209389 6.0088708317 
 6.0116806615 6.0104263411 6.0090859692 
 6.0118759931 6.0106316970 6.0093009912 
 6.0120713731 6.0108370121 6.0095158969 
 6.0122668137 6.0110422928 6.0097306863 
 6.0124623278 6.0112475462 6.0099453601 
 6.0126579291 6.0114527803 6.0101599200 
 6.0128536322 6.0116580039 6.0103743686 
 6.0130494526 6.0118632269 6.0105887095 
 6.0132454069 6.0120684600 6.0108029473 
 6.0134415124 6.0122737151 6.0110170880 
 6.0136377877 6.0124790052 6.0112311386 
 6.0138342524 6.0126843446 6.0114451075 
 6.0140309275 6.0128897488 6.0116590043 
 6.0142278349 6.0130952345 6.0118728403 
 6.0144249980 6.0133008201 6.0120866282 
 6.0146224415 6.0135065250 6.0123003822 
 6.0148201914 6.0137123706 6.0125141182 
 6.0150182751 6.0139183794 6.0127278537 
 6.0152167215 6.0141245756 6.0129416081 
 6.0154155609 6.0143309852 6.0131554025 
 6.0156148250 6.0145376357 6.0133692598 
 6.0158145473 6.0147445563 6.0135832048 
 6.0160147626 6.0149517778 6.0137972642 
 6.0162155072 6.0151593330 6.0140114666 
 6.0164168190 6.0153672561 6.0142258426 
 6.0166187376 6.0155755834 6.0144404248 
 6.0168213039 6.0157843527 6.0146552477 
 6.0170245605 6.0159936035 6.0148703477 
 6.0172285513 6.0162033773 6.0150857633 
 6.0174333218 6.0164137170 6.0153015348 
 6.0176389191 6.0166246674 6.0155177046 
 6.0178453914 6.0168362748 6.0157343170 
 6.0180527887 6.0170485873 6.0159514179 
 6.0182611618 6.0172616544 6.0161690553 
 6.0184705632 6.0174755271 6.0163872789 
 6.0186810464 6.0176902580 6.0166061400 
 6.0188926662 6.0179059011 6.0168256917 
 6.0191054784 6.0181225115 6.0170459885 
 6.0193195397 6.0183401458 6.0172670866 
 6.0195349080 6.0185588615 6.0174890434 
 6.0197516416 6.0187787173 6.0177119177 
 6.0199697999 6.0189997729 6.0179357695 
 6.0201894427 6.0192220887 6.0181606597 
 6.0204106304 6.0194457258 6.0183866502 
 6.0206334237 6.0196707461 6.0186138039 
 6.0208578838 6.0198972116 6.0188421841 
 6.0210840716 6.0201251850 6.0190718547 
 6.0213120484 6.0203547288 6.0193028798 
 6.0215418751 6.0205859058 6.0195353240 
 6.0217736122 6.0208187783 6.0197692514 
 6.0220073201 6.0210534084 6.0200047263 
 6.0222430581 6.0212898579 6.0202418124 
 6.0224808849 6.0215281874 6.0204805727 
 6.0227208583 6.0217684570 6.0207210695 
 6.0229630348 6.0220107255 6.0209633639 
 6.0232074695 6.0222550504 6.0212075160 
 6.0234542161 6.0225014877 6.0214535842 
 6.0237033265 6.0227500916 6.0217016252 
 6.0239548506 6.0230009146 6.0219516937 
 6.0242088364 6.0232540067 6.0222038423 
 6.0244653294 6.0235094158 6.0224581212 
 6.0247243729 6.0237671873 6.0227145780 
 6.0249860073 6.0240273637 6.0229732574 
 6.0252502704 6.0242899849 6.0232342011 
 6.0255171971 6.0245550873 6.0234974475 
 6.0257868192 6.0248227045 6.0237630319 
 6.0260591652 6.0250928665 6.0240309858 
 6.0263342604 6.0253655999 6.0243013372 
 6.0266121269 6.0256409279 6.0245741101 
 6.0268927833 6.0259188698 6.0248493250 
 6.0271762445 6.0261994415 6.0251269982 
 6.0274625223 6.0264826551 6.0254071424 
 6.0277516251 6.0267685191 6.0256897662 
 6.0280435576 6.0270570384 6.0259748744 
 6.0283383216 6.0273482146 6.0262624681 
 6.0286359156 6.0276420456 6.0265525451 
 6.0289363352 6.0279385265 6.0268450994 
 6.0292395733 6.0282376494 6.0271401221 
 6.0295456202 6.0285394037 6.0274376016 
 6.0298544640 6.0288437763 6.0277375234 
 6.0301660912 6.0291507523 6.0280398713 
 6.0304804863 6.0294603153 6.0283446271 
 6.0307976332 6.0297724474 6.0286517715 
 6.0311175149 6.0300871305 6.0289612845 
 6.0314401142 6.0304043459 6.0292731460 
 6.0317654144 6.0307240758 6.0295873364 
 6.0320933996 6.0310463030 6.0299038373 
 6.0324240556 6.0313710123 6.0302226321 
 6.0327573701 6.0316981906 6.0305437066 
 6.0330933334 6.0320278279 6.0308670503 
 6.0334319396 6.0323599181 6.0311926562 
 6.0337731863 6.0326944591 6.0315205227 
 6.0341170762 6.0330314542 6.0318506535 
 6.0344636169 6.0333709125 6.0321830588 
 6.0348128222 6.0337128496 6.0325177558 
 6.0351647122 6.0340572882 6.0328547697 
 6.0355193143 6.0344042590 6.0331941344 
 6.0358766634 6.0347538009 6.0335358927 
 6.0362368023 6.0351059617 6.0338800975 
 6.0365997824 6.0354607987 6.0342268119 
 6.0369656639 6.0358183787 6.0345761097 
 6.0373345158 6.0361787785 6.0349280755 
 6.0377064159 6.0365420848 6.0352828054 
 6.0380814514 6.0369083946 6.0356404061 
 6.0384597177 6.0372778142 6.0360009957 
 6.0388413187 6.0376504595 6.0363647024 
 6.0392263661 6.0380264551 6.0367316645 
 6.0396149782 6.0384059335 6.0371020290 
 6.0400072794 6.0387890339 6.0374759510 
 6.0404033985 6.0391759009 6.0378535918 
 6.0408034675 6.0395666830 6.0382351173 
 6.0412076195 6.0399615305 6.0386206959 
 6.0416159867 6.0403605932 6.0390104962 
 6.0420286985 6.0407640182 6.0394046840 
 6.0424458783 6.0411719467 6.0398034196 
 6.0428676413 6.0415845114 6.0402068543 
 6.0432940912 6.0420018331 6.0406151269 
 6.0437253173 6.0424240169 6.0410283600 
 6.0441613911 6.0428511496 6.0414466560 
 6.0446023636 6.0432832952 6.0418700935 
 6.0450482618 6.0437204922 6.0422987230 
 6.0454990856 6.0441627499 6.0427325640 
 6.0459548059 6.0446100457 6.0431716010 
 6.0464153614 6.0450623224 6.0436157809 
 6.0468806575 6.0455194860 6.0440650107 
 6.0473505644 6.0459814044 6.0445191557 
 6.0478249172 6.0464479067 6.0449780387 
 6.0483035151 6.0469187831 6.0454414401 
 6.0487861230 6.0473937859 6.0459090984 
 6.0492724729 6.0478726311 6.0463807128 
 6.0497622662 6.0483550012 6.0468559454 
 6.0502551772 6.0488405489 6.0473344254 
 6.0507508570 6.0493289013 6.0478157538 
 6.0512489384 6.0498196648 6.0482995089 
 6.0517490408 6.0503124315 6.0487852528 
 6.0522507769 6.0508067852 6.0492725383 
 6.0527537584 6.0513023088 6.0497609168 
 6.0532576033 6.0517985914 6.0502499457 
 6.0537619428 6.0522952361 6.0507391977 
 6.0542664290 6.0527918683 6.0512282688 
 6.0547707425 6.0532881440 6.0517167878 
 6.0552746004 6.0537837582 6.0522044255 
 6.0557777642 6.0542784538 6.0526909040 
 6.0562800483 6.0547720308 6.0531760064 
 6.0567813285 6.0552643552 6.0536595873 
 6.0572815508 6.0557553686 6.0541415825 
 6.0577807404 6.0562450983 6.0546220203 
 6.0582790111 6.0567336674 6.0551010323 
 6.0587765753 6.0572213058 6.0555788658 
 6.0592737541 6.0577083611 6.0560558954 
 6.0597709878 6.0581953111 6.0565326370 
 6.0602688472 6.0586827754 6.0570097609 
 6.0607680452 6.0591715289 6.0574881067 
 6.0612694479 6.0596625149 6.0579686977 
 6.0617740868 6.0601568580 6.0584527564 
 6.0622831696 6.0606558775 6.0589417184 
 6.0627980900 6.0611610983 6.0594372459 
 6.0633204356 6.0616742605 6.0599412384 
 6.0638519923 6.0621973250 6.0604558388 
 6.0643947429 6.0627324724 6.0609834330 
 6.0649508584 6.0632820937 6.0615266395 
 6.0655226785 6.0638487689 6.0620882853 
 6.0661126775 6.0644352291 6.0626713637 
 6.0667234127 6.0650442983 6.0632789686 
 6.0673574512 6.0656788111 6.0639142026 
 6.0680172737 6.0663415036 6.0645800554 
 6.0687051549 6.0670348797 6.0652792547 
 6.0694230265 6.0677610568 6.0660140961 
 6.0701723317 6.0685216035 6.0667862646 
 6.0709538870 6.0693173869 6.0675966695 
 6.0717677706 6.0701484522 6.0684453147 
 6.0726132574 6.0710139538 6.0693312299 
 6.0734888134 6.0719121564 6.0702524757 
 6.0743921547 6.0728405067 6.0712062294 
 6.0753203648 6.0737957688 6.0721889370 
 6.0762700506 6.0747742021 6.0731965116 
 6.0772375175 6.0757717562 6.0742245477 
 6.0782189384 6.0767842585 6.0752685258 
 6.0792105043 6.0778075774 6.0763239890 
 6.0802085423 6.0788377495 6.0773866796 
 6.0812096024 6.0798710707 6.0784526343 
 6.0822105121 6.0809041520 6.0795182426 
 6.0832084063 6.0819339479 6.0805802734 
 6.0842007361 6.0829577628 6.0816358793 
 6.0851852647 6.0839732422 6.0826825845 
 6.0861600527 6.0849783552 6.0837182630 
 6.0871234389 6.0859713707 6.0847411113 
 6.0880740181 6.0869508317 6.0857496186 
 6.0890106177 6.0879155289 6.0867425377 
 6.0899322758 6.0888644754 6.0877188564 
 6.0908382189 6.0897968828 6.0886777711 
 6.0917278428 6.0907121395 6.0896186635 
 6.0926006943 6.0916097910 6.0905410784 
 6.0934564541 6.0924895217 6.0914447048 
 