6.1002292473 6.0999252481 6.0995292728 
 6.1007174281 6.1004106960 6.1000122168 
 6.1012026607 6.1008930427 6.1004918993 
 6.1016846867 6.1013720021 6.1009680048 
 6.1021632616 6.1018473037 6.1014402356 
 6.1026381561 6.1023186938 6.1019083127 
 6.1031091564 6.1027859367 6.1023719774 
 6.1035760656 6.1032488155 6.1028309918 
 6.1040387045 6.1037071331 6.1032851403 
 6.1044969116 6.1041607124 6.1037342297 
 6.1049505444 6.1046093975 6.1041780901 
 6.1053994792 6.1050530535 6.1046165752 
 6.1058436114 6.1054915674 6.1050495629 
 6.1062828565 6.1059248480 6.1054769553 
 6.1067171496 6.1063528262 6.1058986793 
 6.1071464457 6.1067754555 6.1063146865 
 6.1075707202 6.1071927117 6.1067249534 
 6.1079899687 6.1076045932 6.1071294814 
 6.1084042070 6.1080111209 6.1075282968 
 6.1088134708 6.1084123382 6.1079214507 
 6.1092178162 6.1088083106 6.1083090188 
 6.1096173189 6.1091991257 6.1086911010 
 6.1100120739 6.1095848925 6.1090678209 
 6.1104021953 6.1099657410 6.1094393254 
 6.1107878151 6.1103418216 6.1098057837 
 6.1111690832 6.1107133039 6.1101673863 
 6.1115461657 6.1110803757 6.1105243441 
 6.1119192440 6.1114432422 6.1108768865 
 6.1122885136 6.1118021236 6.1112252602 
 6.1126541822 6.1121572542 6.1115697271 
 6.1130164683 6.1125088797 6.1119105621 
 6.1133755986 6.1128572558 6.1122480509 
 6.1137318067 6.1132026451 6.1125824868 
 6.1140853298 6.1135453146 6.1129141684 
 6.1144364070 6.1138855334 6.1132433964 
 6.1147852759 6.1142235690 6.1135704700 
 6.1151321706 6.1145596848 6.1138956836 
 6.1154773183 6.1148941370 6.1142193239 
 6.1158209369 6.1152271709 6.1145416657 
 6.1161632321 6.1155590187 6.1148629687 
 6.1165043948 6.1158898959 6.1151834747 
 6.1168445989 6.1162199988 6.1155034039 
 6.1171839985 6.1165495022 6.1158229525 
 6.1175227267 6.1168785566 6.1161422900 
 6.1178608932 6.1172072872 6.1164615572 
 6.1181985836 6.1175357917 6.1167808648 
 6.1185358581 6.1178641395 6.1171002919 
 6.1188727511 6.1181923713 6.1174198855 
 6.1192092712 6.1185204988 6.1177396603 
 6.1195454013 6.1188485049 6.1180595993 
 6.1198810992 6.1191763449 6.1183796541 
 6.1202162986 6.1195039468 6.1186997469 
 6.1205509108 6.1198312137 6.1190197715 
 6.1208848256 6.1201580249 6.1193395957 
 6.1212179138 6.1204842383 6.1196590637 
 6.1215500289 6.1208096927 6.1199779983 
 6.1218810089 6.1211342100 6.1202962039 
 6.1222106794 6.1214575979 6.1206134692 
 6.1225388552 6.1217796524 6.1209295703 
 6.1228653426 6.1221001605 6.1212442729 
 6.1231899423 6.1224189024 6.1215573362 
 6.1235124508 6.1227356544 6.1218685146 
 6.1238326632 6.1230501910 6.1221775608 
 6.1241503745 6.1233622869 6.1224842283 
 6.1244653822 6.1236717196 6.1227882734 
 6.1247774874 6.1239782708 6.1230894575 
 6.1250864969 6.1242817284 6.1233875489 
 6.1253922240 6.1245818881 6.1236823245 
 6.1256944903 6.1248785543 6.1239735711 
 6.1259931265 6.1251715420 6.1242610873 
 6.1262879734 6.1254606769 6.1245446835 
 6.1265788824 6.1257457973 6.1248241841 
 6.1268657166 6.1260267537 6.1250994271 
 6.1271483510 6.1263034102 6.1253702652 
 6.1274266728 6.1265756443 6.1256365661 
 6.1277005816 6.1268433472 6.1258982127 
 6.1279699897 6.1271064243 6.1261551031 
 6.1282348220 6.1273647944 6.1264071509 
 6.1284950159 6.1276183906 6.1266542845 
 6.1287505207 6.1278671591 6.1268964471 
 6.1290012982 6.1281110595 6.1271335966 
 6.1292473213 6.1283500638 6.1273657046 
 6.1294885743 6.1285841567 6.1275927562 
 6.1297250520 6.1288133342 6.1278147492 
 6.1299567594 6.1290376036 6.1280316937 
 6.1301837108 6.1292569825 6.1282436107 
 6.1304059294 6.1294714980 6.1284505321 
 6.1306234463 6.1296811862 6.1286524993 
 6.1308363001 6.1298860911 6.1288495622 
 6.1310445359 6.1300862642 6.1290417790 
 6.1312482047 6.1302817630 6.1292292145 
 6.1314473624 6.1304726506 6.1294119394 
 6.1316420694 6.1306589949 6.1295900296 
 6.1318323893 6.1308408674 6.1297635650 
 6.1320183885 6.1310183426 6.1299326284 
 6.1322001354 6.1311914970 6.1300973051 
 6.1323776996 6.1313604085 6.1302576816 
 6.1325511512 6.1315251555 6.1304138450 
 6.1327205603 6.1316858161 6.1305658820 
 6.1328859962 6.1318424678 6.1307138782 
 6.1330475267 6.1319951862 6.1308579176 
 6.1332052180 6.1321440452 6.1309980819 
 6.1333591339 6.1322891158 6.1311344497 
 6.1335093354 6.1324304660 6.1312670962 
 6.1336558805 6.1325681606 6.1313960928 
 6.1337988237 6.1327022601 6.1315215067 
 6.1339382158 6.1328328213 6.1316434006 
 6.1340741037 6.1329598966 6.1317618323 
 6.1342065304 6.1330835338 6.1318768547 
 6.1343355345 6.1332037763 6.1319885159 
 6.1344611506 6.1333206626 6.1320968584 
 6.1345834088 6.1334342267 6.1322019200 
 6.1347023349 6.1335444978 6.1323037332 
 6.1348179507 6.1336515003 6.1324023254 
 6.1349302736 6.1337552543 6.1324977191 
 6.1350393166 6.1338557751 6.1325899317 
 6.1351450891 6.1339530737 6.1326789760 
 6.1352475960 6.1340471566 6.1327648600 
 6.1353468384 6.1341380261 6.1328475871 
 6.1354428136 6.1342256804 6.1329271565 
 6.1355355149 6.1343101134 6.1330035626 
 6.1356249318 6.1343913151 6.1330767957 
 6.1357110500 6.1344692713 6.1331468419 
 6.1357938514 6.1345439638 6.1332136829 
 6.1358733142 6.1346153706 6.1332772963 
 6.1359494127 6.1346834655 6.1333376555 
 6.1360221172 6.1347482180 6.1333947296 
 6.1360913941 6.1348095938 6.1334484831 
 6.1361572059 6.1348675542 6.1334988764 
 6.1362195107 6.1349220561 6.1335458653 
 6.1362782624 6.1349730519 6.1335894007 
 6.1363334105 6.1350204895 6.1336294290 
 6.1363848999 6.1350643119 6.1336658915 
 6.1364326710 6.1351044573 6.1336987244 
 6.1364766593 6.1351408590 6.1337278587 
 6.1365167953 6.1351734450 6.1337532202 
 6.1365530047 6.1352021383 6.1337747292 
 6.1365852080 6.1352268563 6.1337923004 
 6.1366133206 6.1352475113 6.1338058429 
 6.1366372529 6.1352640101 6.1338152605 
 6.1366569101 6.1352762543 6.1338204512 
 6.1366721922 6.1352841402 6.1338213075 
 6.1366829946 6.1352875588 6.1338177168 
 6.1366892075 6.1352863963 6.1338095610 
 6.1366907169 6.1352805339 6.1337967173 
 6.1366874040 6.1352698485 6.1337790580 
 6.1366791465 6.1352542126 6.1337564514 
 6.1366658178 6.1352334950 6.1337287614 
 6.1366472885 6.1352075611 6.1336958489 
 6.1366234259 6.1351762733 6.1336575715 
 6.1365940953 6.1351394917 6.1336137847 
 6.1365591600 6.1350970747 6.1335643421 
 6.1365184821 6.1350488792 6.1335090962 
 6.1364719230 6.1349947619 6.1334478992 
 6.1364193442 6.1349345796 6.1333806036 
 6.1363606081 6.1348681899 6.1333070631 
 6.1362955782 6.1347954524 6.1332271333 
 6.1362241204 6.1347162290 6.1331406729 
 6.1361461037 6.1346303848 6.1330475439 
 6.1360614004 6.1345377893 6.1329476132 
 6.1359698876 6.1344383167 6.1328407530 
 6.1358714477 6.1343318471 6.1327268418 
 6.1357659688 6.1342182673 6.1326057653 
 6.1356533463 6.1340974714 6.1324774174 
 6.1355334827 6.1339693617 6.1323417010 
 6.1354062892 6.1338338498 6.1321985284 
 6.1352716857 6.1336908567 6.1320478229 
 6.1351296020 6.1335403143 6.1318895190 
 6.1349799781 6.1333821655 6.1317235631 
 6.1348227652 6.1332163649 6.1315499146 
 6.1346579257 6.1330428800 6.1313685461 
 6.1344854341 6.1328616907 6.1311794443 
 6.1343052775 6.1326727909 6.1309826101 
 6.1341174557 6.1324761879 6.1307780595 
 6.1339219816 6.1322719034 6.1305658235 
 6.1337188814 6.1320599734 6.1303459485 
 6.1335081949 6.1318404485 6.1301184964 
 6.1332899752 6.1316133935 6.1298835447 
 6.1330642889 6.1313788881 6.1296411863 
 6.1328312156 6.1311370259 6.1293915292 
 6.1325908479 6.1308879143 6.1291346962 
 6.1323432906 6.1306316744 6.1288708244 
 6.1320886606 6.1303684397 6.1286000642 
 6.1318270852 6.1300983555 6.1283225788 
 6.1315587023 6.1298215782 6.1280385431 
 6.1312836582 6.1295382738 6.1277481419 
 6.1310021070 6.1292486165 6.1274515692 
 6.1307142091 6.1289527874 6.1271490261 
 6.1304201289 6.1286509723 6.1268407188 
 6.1301200335 6.1283433602 6.1265268568 
 6.1298140903 6.1280301405 6.1262076506 
 6.1295024646 6.1277115010 6.1258833086 
 6.1291853172 6.1273876248 6.1255540351 
 6.1288628013 6.1270586880 6.1252200264 
 6.1285350599 6.1267248558 6.1248814686 
 6.1282022220 6.1263862797 6.1245385331 
 6.1278643998 6.1260430936 6.1241913736 
 6.1275216844 6.1256954103 6.1238401222 
 6.1271741422 6.1253433173 6.1234848853 
 6.1268218111 6.1249868730 6.1231257394 
 6.1264646962 6.1246261023 6.1227627271 
 6.1261027656 6.1242609924 6.1223958529 
 6.1257359460 6.1238914887 6.1220250785 
 6.1253641189 6.1235174900 6.1216503189 
 6.1249871160 6.1231388449 6.1212714385 
 6.1246047154 6.1227553477 6.1208882464 
 6.1242166375 6.1223667340 6.1205004935 
 6.1238225419 6.1219726782 6.1201078688 
 6.1234220239 6.1215727893 6.1197099961 
 6.1230146117 6.1211666094 6.1193064323 
 6.1225997646 6.1207536105 6.1188966645 
 6.1221768711 6.1203331942 6.1184801097 
 6.1217452482 6.1199046899 6.1180561138 
 6.1213041412 6.1194673559 6.1176239519 
 6.1208527243 6.1190203796 6.1171828298 
 6.1203901027 6.1185628797 6.1167318857 
 6.1199153146 6.1180939093 6.1162701936 
 6.1194273346 6.1176124588 6.1157967677 
 6.1189250788 6.1171174618 6.1153105667 
 6.1184074090 6.1166077998 6.1148105009 
 6.1178731400 6.1160823099 6.1142954388 
 6.1173210461 6.1155397917 6.1137642157 
 6.1167498693 6.1149790166 6.1132156428 
 6.1161583281 6.1143987371 6.1126485178 
 6.1155451275 6.1137976973 6.1120616357 
 6.1149089693 6.1131746449 6.1114538015 
 6.1142485636 6.1125283430 6.1108238435 
 6.1135626415 6.1118575839 6.1101706279 
 6.1128499683 6.1111612040 6.1094930738 
 6.1121093579 6.1104380989 6.1087901704 
 6.1113396889 6.1096872408 6.1080609948 
 6.1105399217 6.1089076966 6.1073047308 
 6.1097091169 6.1080986482 6.1065206898 
 6.1088464563 6.1072594133 6.1057083321 
 6.1079512649 6.1063894688 6.1048672900 
 6.1070230358 6.1054884753 6.1039973914 
 6.1060614564 6.1045563032 6.1030986843 
 6.1050664371 6.1035930598 6.1021714613 
 6.1040381416 6.1025991170 6.1012162835 
 6.1029770181 6.1015751382 6.1002340019 
 6.1018838310 6.1005221047 6.0992257768 
 6.1007596905 6.0994413373 6.0981930915 
 6.0996060802 6.0983345140 6.0971377596 
 6.0984248776 6.0972036792 6.0960619234 
 6.0972183668 6.0960512429 6.0949680420 
 6.0959892387 6.0948799671 6.0938588671 
 6.0947405760 6.0936929376 6.0927374046 
 6.0934758209 6.0924935193 6.0916068640 
 6.0921987217 6.0912852953 6.0904705942 
 6.0909132613 6.0900719908 6.0893320089 
 6.0896235670 6.0888573852 6.0881945044 
 6.0883338064 6.0876452162 6.0870613741 
 6.0870480753 6.0864390807 6.0859357234 
 6.0857702849 6.0852423398 6.0848203905 
 6.0845040546 6.0840580317 6.0837178763 
 6.0832526177 6.0828887982 6.0826302874 
 6.0820187454 6.0817368279 6.0815592935 
 6.0808046917 6.0806038180 6.0805061023 
 6.0796121614 6.0794909557 6.0794714496 
 6.0784422999 6.0783989171 6.0784556054 
 6.0772957037 6.0773278843 6.0774583947 
 6.0761724474 6.0762775748 6.0764792288 
 6.0750721255 6.0752472837 6.0755171480 
 6.0739939038 6.0742359339 6.0745708697 
 6.0729365784 6.0732421314 6.0736388424 
 6.0718986377 6.0722642246 6.0727193005 
 6.0708783262 6.0713003628 6.0718103206 
 6.0698737069 6.0703485545 6.0709098752 
 6.0688827209 6.0694067222 6.0700158833 
 6.0679032432 6.0684727536 6.0691262572 
 6.0669331330 6.0675445469 6.0682389444 
 6.0659702789 6.0666200522 6.0673519638 
 6.0650126379 6.0656973059 6.0664634372 
 6.0640582691 6.0647744609 6.0655716150 
 6.0631053616 6.0638498107 6.0646748975 
 6.0621522568 6.0629218090 6.0637718512 
 6.0611974662 6.0619890846 6.0628612212 
 6.0602396844 6.0610504520 6.0619419399 
 6.0592777985 6.0601049192 6.0610131325 
 6.0583108928 6.0591516909 6.0600741190 
 6.0573382513 6.0581901696 6.0591244146 
 6.0563593568 6.0572199540 6.0581637271 
 6.0553738868 6.0562408350 6.0571919521 
 6.0543817078 6.0552527887 6.0562091672 
 6.0533828665 6.0542559690 6.0552156228 
 6.0523775802 6.0532506965 6.0542117332 
 6.0513662240 6.0522374474 6.0531980644 
 6.0503493177 6.0512168400 6.0521753216 
 6.0493275106 6.0501896199 6.0511443353 
 6.0483015657 6.0491566446 6.0501060455 
 6.0472723428 6.0481188669 6.0490614861 
 6.0462407811 6.0470773177 6.0480117682 
 6.0452078824 6.0460330890 6.0469580625 
 6.0441746931 6.0449873162 6.0459015829 
 6.0431422880 6.0439411617 6.0448435689 
 6.0421117541 6.0428957983 6.0437852696 
 6.0410841753 6.0418523937 6.0427279282 
 6.0400606193 6.0408120971 6.0416727672 
 6.0390421247 6.0397760259 6.0406209759 
 6.0380296907 6.0387452545 6.0395736986 
 6.0370242679 6.0377208055 6.0385320245 
 6.0360267509 6.0367036414 6.0374969801 
 6.0350379727 6.0356946586 6.0364695221 
 6.0340587003 6.0346946833 6.0354505334 
 6.0330896322 6.0337044683 6.0344408196 
 6.0321313970 6.0327246919 6.0334411074 
 6.0311845534 6.0317559574 6.0324520446 
 6.0302495909 6.0307987946 6.0314742010 
 6.0293269315 6.0298536610 6.0305080701 
 6.0284169326 6.0289209451 6.0295540722 
 6.0275198894 6.0280009695 6.0286125580 
 6.0266360389 6.0270939944 6.0276838121 
 6.0257655633 6.0262002220 6.0267680579 
 6.0249085944 6.0253198008 6.0258654618 
 6.0240652171 6.0244528299 6.0249761382 
 6.0232354738 6.0235993633 6.0241001540 
 6.0224193684 6.0227594144 6.0232375335 
 6.0216168703 6.0219329606 6.0223882628 
 6.0208279180 6.0211199467 6.0215522945 
 6.0200524229 6.0203202895 6.0207295514 
 6.0192902728 6.0195338811 6.0199199311 
 6.0185413350 6.0187605926 6.0191233092 
 6.0178054594 6.0180002774 6.0183395432 
 6.0170824813 6.0172527740 6.0175684753 
 6.0163722243 6.0165179090 6.0168099356 
 6.0156745025 6.0157954996 6.0160637449 
 6.0149891225 6.0150853558 6.0153297169 
 6.0143158860 6.0143872827 6.0146076603 
 6.0136545913 6.0137010825 6.0138973813 
 6.0130050348 6.0130265557 6.0131986847 
 6.0123670130 6.0123635033 6.0125113761 
 6.0117403234 6.0117117278 6.0118352626 
 6.0111247662 6.0110710343 6.0111701547 
 6.0105201446 6.0104412317 6.0105158666 
 6.0099262667 6.0098221336 6.0098722176 
 6.0093429455 6.0092135593 6.0092390327 
 6.0087700001 6.0086153338 6.0086161431 
 6.0082072560 6.0080272890 6.0080033869 
 6.0076545460 6.0074492639 6.0074006091 
 6.0071117100 6.0068811049 6.0068076623 
 6.0065785959 6.0063226660 6.0062244068 
 6.0060550594 6.0057738091 6.0056507105 
 6.0055409644 6.0052344041 6.0050864491 
 6.0050361830 6.0047043288 6.0045315063 
 6.0045405955 6.0041834692 6.0039857732 
 6.0040540904 6.0036717188 6.0034491486 
 6.0035765642 6.0031689789 6.0029215388 
 6.0031079211 6.0026751585 6.0024028571 
 6.0026480732 6.0021901737 6.0018930236 
 6.0021969398 6.0017139474 6.0013919653 
 6.0017544470 6.0012464095 6.0008996151 
 6.0013205280 6.0007874958 6.0004159120 
 6.0008951219 6.0003371483 5.9999408005 
 6.0004781736 5.9998953141 5.9994742301 
 6.0000696334 5.9994619457 5.9990161551 
 5.9996694565 5.9990369999 5.9985665341 
 5.9992776023 5.9986204376 5.9981253293 
 5.9988940339 5.9982122233 5.9976925065 
 5.9985187178 5.9978123247 5.9972680341 
 5.9981516230 5.9974207118 5.9968518833 
 5.9977927207 5.9970373570 5.9964440271 
 5.9974419836 5.9966622342 5.9960444400 
 5.9970993855 5.9962953182 5.9956530978 
 5.9967649005 5.9959365845 5.9952699769 
 5.9964385028 5.9955860090 5.9948950538 
 5.9961201661 5.9952435670 5.9945283052 
 5.9958098629 5.9949092331 5.9941697071 
 5.9955075643 5.9945829810 5.9938192347 
 5.9952132397 5.9942647828 5.9934768622 
 5.9949268560 5.9939546089 5.9931425622 
 5.9946483777 5.9936524273 5.9928163055 
 5.9943777664 5.9933582041 5.9924980612 
 5.9941149804 5.9930719023 5.9921877961 
 5.9938599749 5.9927934825 5.9918854748 
 5.9936127015 5.9925229023 5.9915910594 
 5.9933731082 5.9922601161 5.9913045094 
 5.9931411394 5.9920050754 5.9910257818 
 5.9929167358 5.9917577283 5.9907548311 
 5.9926998343 5.9915180202 5.9904916089 
 5.9924903683 5.9912858931 5.9902360645 
 5.9922882679 5.9910612860 5.9899881444 
 5.9920934594 5.9908441353 5.9897477930 
 5.9919058664 5.9906343744 5.9895149523 
 5.9917254092 5.9904319343 5.9892895621 
 5.9915520057 5.9902367435 5.9890715601 
 5.9913855710 5.9900487286 5.9888608825 
 5.9912260182 5.9898678139 5.9886574638 
 5.9910732585 5.9896939225 5.9884612368 
 5.9909272014 5.9895269756 5.9882721336 
 5.9907877551 5.9893668935 5.9880900849 
 5.9906548269 5.9892135955 5.9879150208 
 5.9905283233 5.9890670002 5.9877468710 
 5.9904081504 5.9889270258 5.9875855646 
 5.9902942139 5.9887935901 5.9874310306 
 5.9901864200 5.9886666111 5.9872831980 
 5.9900846749 5.9885460068 5.9871419961 
 5.9899888853 5.9884316956 5.9870073543 
 5.9898989586 5.9883235964 5.9868792026 
 5.9898148031 5.9882216286 5.9867574713 
 5.9897363280 5.9881257124 5.9866420914 
 5.9896634436 5.9880357685 5.9865329947 
 5.9895960610 5.9879517186 5.9864301132 
 5.9895340926 5.9878734852 5.9863333799 
 5.9894774520 5.9878009914 5.9862427284 
 5.9894260536 5.9877341610 5.9861580926 
 5.9893798130 5.9876729187 5.9860794071 
 5.9893386468 5.9876171895 5.9860066067 
 5.9893024720 5.9875668989 5.9859396267 
 5.9892712069 5.9875219727 5.9858784021 
 5.9892447701 5.9874823371 5.9858228683 
 5.9892230805 5.9874479181 5.9857729603 
 5.9892060575 5.9874186417 5.9857286127 
 5.9891936208 5.9873944336 5.9856897599 
 5.9891856899 5.9873752190 5.9856563352 
 5.9891821842 5.9873609227 5.9856282713 
 5.9891830231 5.9873514687 5.9856055000 
 5.9891881254 5.9873467802 5.9855879516 
 5.9891974097 5.9873467795 5.9855755554 
 5.9892107938 5.9873513878 5.9855682393 
 5.9892281953 5.9873605251 5.9855659297 
 5.9892495308 5.9873741106 5.9855685512 
 5.9892747165 5.9873920618 5.9855760270 
 5.9893036680 5.9874142955 5.9855882787 
 5.9893363002 5.9874407270 5.9856052259 
 5.9893725275 5.9874712706 5.9856267869 
 5.9894122639 5.9875058395 5.9856528783 
 5.9894554229 5.9875443460 5.9856834150 
 5.9895019180 5.9875867015 5.9857183107 
 5.9895516624 5.9876328167 5.9857574776 
 5.9896045694 5.9876826017 5.9858008269 
 5.9896605523 5.9877359663 5.9858482685 
 5.9897195251 5.9877928200 5.9858997116 
 5.9897814021 5.9878530723 5.9859550649 
 5.9898460983 5.9879166330 5.9860142364 
 5.9899135298 5.9879834120 5.9860771339 
 5.9899836136 5.9880533201 5.9861436652 
 5.9900562680 5.9881262687 5.9862137384 
 5.9901314127 5.9882021703 5.9862872618 
 5.9902089689 5.9882809385 5.9863641444 
 5.9902888597 5.9883624884 5.9864442960 
 5.9903710099 5.9884467364 5.9865276276 
 5.9904553464 5.9885336009 5.9866140511 
 5.9905417979 5.9886230018 5.9867034800 
 5.9906302956 5.9887148612 5.9867958292 
 5.9907207727 5.9888091032 5.9868910156 
 5.9908131647 5.9889056540 5.9869889575 
 5.9909074095 5.9890044420 5.9870895753 
 5.9910034473 5.9891053979 5.9871927915 
 5.9911012204 5.9892084547 5.9872985304 
 5.9912006736 5.9893135476 5.9874067186 
 5.9913017541 5.9894206141 5.9875172848 
 5.9914044109 5.9895295941 5.9876301598 
 5.9915085956 5.9896404297 5.9877452766 
 5.9916142614 5.9897530649 5.9878625702 
 5.9917213639 5.9898674460 5.9879819777 
 5.9918298604 5.9899835214 5.9881034383 
 5.9919397100 5.9901012412 5.9882268930 
 5.9920508736 5.9902205576 5.9883522847 
 5.9921633134 5.9903414242 5.9884795581 
 5.9922769935 5.9904637965 5.9886086596 
 5.9923918789 5.9905876314 5.9887395372 
 5.9925079361 5.9907128871 5.9888721403 
 5.9926251328 5.9908395234 5.9890064198 
 5.9927434374 5.9909675010 5.9891423279 
 5.9928628197 5.9910967817 5.9892798178 
 5.9929832498 5.9912273285 5.9894188440 
 5.9931046989 5.9913591050 5.9895593619 
 5.9932271387 5.9914920759 5.9897013279 
 5.9933505416 5.9916262064 5.9898446993 
 5.9934748804 5.9917614624 5.9899894340 
 5.9936001284 5.9918978105 5.9901354907 
 5.9937262593 5.9920352178 5.9902828289 
 5.9938532472 5.9921736518 5.9904314085 
 5.9939810664 5.9923130807 5.9905811901 
 5.9941096918 5.9924534729 5.9907321349 
 5.9942390983 5.9925947973 5.9908842047 
 5.9943692612 5.9927370232 5.9910373617 
 5.9945001563 5.9928801205 5.9911915686 
 5.9946317594 5.9930240594 5.9913467890 
 5.9947640469 5.9931688105 5.9915029867 
 5.9948969954 5.9933143449 5.9916601262 
 5.9950305819 5.9934606343 5.9918181729 
 5.9951647838 5.9936076509 5.9919770924 
 5.9952995791 5.9937553673 5.9921368515 
 5.9954349461 5.9939037571 5.9922974173 
 5.9955708638 5.9940527940 5.9924587581 
 5.9957073118 5.9942024531 5.9926208427 
 5.9958442701 5.9943527096 5.9927836410 
 5.9959817195 5.9945035399 5.9929471238 
 5.9961196418 5.9946549211 5.9931112630 
 5.9962580190 5.9948068313 5.9932760312 
 5.9963968344 5.9949592493 5.9934414025 
 5.9965360720 5.9951121552 5.9936073519 
 5.9966757164 5.9952655299 5.9937738556 
 5.9968157536 5.9954193554 5.9939408910 
 5.9969561702 5.9955736147 5.9941084368 
 5.9970969537 5.9957282920 5.9942764728 
 5.9972380930 5.9958833726 5.9944449801 
 5.9973795776 5.9960388429 5.9946139414 
 5.9975213981 5.9961946905 5.9947833403 
 5.9976635463 5.9963509040 5.9949531619 
 5.9978060148 5.9965074733 5.9951233925 
 5.9979487974 5.9966643895 5.9952940199 
 5.9980918886 5.9968216446 5.9954650329 
 5.9982352844 5.9969792320 5.9956364217 
 5.9983789813 5.9971371459 5.9958081778 
 5.9985229770 5.9972953818 5.9959802939 
 5.9986672700 5.9974539361 5.9961527636 
 5.9988118599 5.9976128063 5.9963255820 
 5.9989567469 5.9977719908 5.9964987451 
 5.9991019323 5.9979314890 5.9966722500 
 5.9992474181 5.9980913011 5.9968460948 
 5.9993932068 5.9982514282 5.9970202784 
 5.9995393020 5.9984118722 5.9971948008 
 5.9996857078 5.9985726357 5.9973696627 
 5.9998324289 5.9987337221 5.9975448656 
 5.9999794706 5.9988951351 5.9977204118 
 6.0001268387 5.9990568794 5.9978963041 
 6.0002745395 5.9992189600 5.9980725460 
 6.0004225797 5.9993813825 5.9982491416 
 6.0005709665 5.9995441529 5.9984260954 
 6.0007197074 5.9997072774 5.9986034122 
 6.0008688101 5.9998707628 5.9987810974 
 6.0010182827 6.0000346160 5.9989591566 
 6.0011681335 6.0001988443 5.9991375957 
 6.0013183709 6.0003634550 5.9993164208 
 6.0014690036 6.0005284558 5.9994956383 
 6.0016200404 6.0006938544 5.9996752545 
 6.0017714900 6.0008596586 5.9998552759 
 6.0019233615 6.0010258762 6.0000357094 
 6.0020756639 6.0011925153 6.0002165614 
 6.0022284061 6.0013595837 6.0003978387 
 6.0023815974 6.0015270896 6.0005795480 
 6.0025352467 6.0016950408 6.0007616959 
 6.0026893633 6.0018634455 6.0009442893 
 6.0028439562 6.0020323115 6.0011273346 
 6.0029990346 6.0022016468 6.0013108386 
 6.0031546078 6.0023714595 6.0014948078 
 6.0033106850 6.0025417575 6.0016792489 
 6.0034672753 6.0027125489 6.0018641683 
 6.0036243883 6.0028838417 6.0020495728 
 6.0037820332 6.0030556440 6.0022354690 
 6.0039402196 6.0032279640 6.0024218634 
 6.0040989572 6.0034008099 6.0026087630 
 6.0042582557 6.0035741903 6.0027961746 
 6.0044181252 6.0037481136 6.0029841052 
 6.0045785758 6.0039225887 6.0031725619 
 6.0047396180 6.0040976245 6.0033615523 
 6.0049012625 6.0042732302 6.0035510839 
 6.0050635203 6.0044494155 6.0037411646 
 6.0052264027 6.0046261901 6.0039318027 
 6.0053899216 6.0048035643 6.0041230067 
 6.0055540889 6.0049815487 6.0043147858 
 6.0057189173 6.0051601543 6.0045071492 
 6.0058844197 6.0053393927 6.0047001068 
 6.0060506099 6.0055192760 6.0048936692 
 6.0062175017 6.0056998166 6.0050878471 
 6.0063851098 6.0058810277 6.0052826522 
 6.0065534494 6.0060629230 6.0054780966 
 6.0067225364 6.0062455169 6.0056741930 
 6.0068923871 6.0064288243 6.0058709549 
 6.0070630187 6.0066128609 6.0060683964 
 6.0072344489 6.0067976430 6.0062665323 
 6.0074066962 6.0069831877 6.0064653782 
 6.0075797796 6.0071695128 6.0066649504 
 6.0077537192 6.0073566367 6.0068652659 
 6.0079285354 6.0075445788 6.0070663428 
 6.0081042494 6.0077333589 6.0072681994 
 6.0082808834 6.0079229978 6.0074708553 
 6.0084584600 6.0081135170 6.0076743307 
 6.0086370027 6.0083049387 6.0078786464 
 6.0088165355 6.0084972858 6.0080838242 
 6.0089970834 6.0086905821 6.0082898866 
 6.0091786719 6.0088848520 6.0084968567 
 6.0093613272 6.0090801205 6.0087047585 
 6.0095450761 6.0092764133 6.0089136167 
 6.0097299462 6.0094737571 6.0091234566 
 6.0099159655 6.0096721787 6.0093343041 
 6.0101031629 6.0098717059 6.0095461860 
 6.0102915676 6.0100723670 6.0097591293 
 6.0104812095 6.0102741908 6.0099731619 
 6.0106721189 6.0104772067 6.0101883120 
 6.0108643268 6.0106814444 6.0104046086 
 6.0110578644 6.0108869345 6.0106220809 
 6.0112527637 6.0110937075 6.0108407586 
 6.0114490567 6.0113017947 6.0110606718 
 6.0116467762 6.0115112277 6.0112818510 
 6.0118459550 6.0117220382 6.0115043269 
 6.0120466265 6.0119342585 6.0117281306 
 6.0122488242 6.0121479210 6.0119532934 
 6.0124525819 6.0123630583 6.0121798467 
 6.0126579339 6.0125797034 6.0124078222 
 6.0128649143 6.0127978892 6.0126372515 
 6.0130735577 6.0130176491 6.0128681667 
 6.0132838988 6.0132390161 6.0131005995 
 6.0134959722 6.0134620238 6.0133345819 
 6.0137098130 6.0136867054 6.0135701458 
 6.0139254560 6.0139130945 6.0138073229 
 6.0141429364 6.0141412245 6.0140461453 
 6.0143622892 6.0143711288 6.0142866444 
 6.0145835495 6.0146028406 6.0145288519 
 6.0148067524 6.0148363933 6.0147727991 
 6.0150319330 6.0150718201 6.0150185174 
 6.0152591261 6.0153091539 6.0152660377 
 6.0154883669 6.0155484278 6.0155153909 
 6.0157196901 6.0157896743 6.0157666076 
 6.0159531304 6.0160329262 6.0160197181 
 6.0161887225 6.0162782158 6.0162747527 
 6.0164265009 6.0165255752 6.0165317411 
 6.0166664997 6.0167750365 6.0167907129 
 6.0169087531 6.0170266313 6.0170516973 
 6.0171532950 6.0172803911 6.0173147234 
 6.0174001590 6.0175363471 6.0175798197 
 6.0176493785 6.0177945302 6.0178470148 
 6.0179009866 6.0180549710 6.0181163365 
 6.0181550162 6.0183176998 6.0183878126 
 6.0184114998 6.0185827465 6.0186614705 
 6.0186704694 6.0188501408 6.0189373372 
 6.0189319568 6.0191199119 6.0192154394 
 6.0191959935 6.0193920887 6.0194958033 
 6.0194626104 6.0196666998 6.0197784551 
 6.0197318379 6.0199437731 6.0200634203 
 6.0200037061 6.0202233365 6.0203507241 
 6.0202782446 6.0205054169 6.0206403913 
 6.0205554822 6.0207900414 6.0209324466 
 6.0208354473 6.0210772360 6.0212269138 
 6.0211181679 6.0213670266 6.0215238168 
 6.0214036711 6.0216594384 6.0218231787 
 6.0216919835 6.0219544962 6.0221250225 
 6.0219831309 6.0222522240 6.0224293704 
 6.0222771386 6.0225526457 6.0227362444 
 6.0225740310 6.0228557840 6.0230456661 
 6.0228738318 6.0231616614 6.0233576565 
 6.0231765640 6.0234702997 6.0236722360 
 6.0234822498 6.0237817199 6.0239894248 
 6.0237909104 6.0240959426 6.0243092424 
 6.0241025664 6.0244129874 6.0246317077 
 6.0244172375 6.0247328734 6.0249568391 
 6.0247349422 6.0250556188 6.0252846546 
 6.0250556986 6.0253812413 6.0256151713 
 6.0253795236 6.0257097577 6.0259484059 
 6.0257064331 6.0260411838 6.0262843743 
 6.0260364423 6.0263755348 6.0266230919 
 6.0263695650 6.0267128250 6.0269645732 
 6.0267058145 6.0270530679 6.0273088319 
 6.0270452026 6.0273962758 6.0276558811 
 6.0273877403 6.0277424604 6.0280057330 
 6.0277334375 6.0280916320 6.0283583986 
 6.0280823028 6.0284438002 6.0287138884 
 6.0284343439 6.0287989734 6.0290722115 
 6.0287895670 6.0291571586 6.0294333761 
 6.0291479772 6.0295183621 6.0297973892 
 6.0295095782 6.0298825883 6.0301642566 
 6.0298743725 6.0302498407 6.0305339826 
 6.0302423609 6.0306201213 6.0309065703 
 6.0306135430 6.0309934305 6.0312820211 
 6.0309879166 6.0313697671 6.0316603349 
 6.0313654779 6.0317491282 6.0320415101 
 6.0317462216 6.0321315095 6.0324255428 
 6.0321301403 6.0325169043 6.0328124277 
 6.0325172248 6.0329053044 6.0332021571 
 6.0329074641 6.0332966993 6.0335947215 
 6.0333008449 6.0336910765 6.0339901090 
 6.0336973520 6.0340884212 6.0343883055 
 6.0340969678 6.0344887165 6.0347892945 
 6.0344996726 6.0348919429 6.0351930569 
 6.0349054441 6.0352980785 6.0355995713 
 6.0353142579 6.0357070991 6.0360088135 
 6.0357260868 6.0361189777 6.0364207567 
 6.0361409013 6.0365336848 6.0368353715 
 6.0365586694 6.0369511885 6.0372526258 
 6.0369793564 6.0373714539 6.0376724847 
 6.0374029252 6.0377944438 6.0380949109 
 6.0378293359 6.0382201183 6.0385198641 
 6.0382585465 6.0386484352 6.0389473019 
 6.0386905122 6.0390793495 6.0393771792 
 6.0391251861 6.0395128143 6.0398094485 
 6.0395625189 6.0399487800 6.0402440602 
 6.0400024593 6.0403871953 6.0406809628 
 6.0404449537 6.0408280069 6.0411201027 
 6.0408899472 6.0412711597 6.0415614249 
 6.0413373827 6.0417165971 6.0420048728 
 6.0417872021 6.0421642613 6.0424503889 
 6.0422393459 6.0426140934 6.0428979147 
 6.0426937537 6.0430660339 6.0433473912 
 6.0431503646 6.0435200227 6.0437987591 
 6.0436091172 6.0439759997 6.0442519592 
 6.0440699499 6.0444339047 6.0447069330 
 6.0445328015 6.0448936785 6.0451636223 
 6.0449976114 6.0453552624 6.0456219706 
 6.0454643199 6.0458185989 6.0460819226 
 6.0459328685 6.0462836322 6.0465434250 
 6.0464032002 6.0467503085 6.0470064267 
 6.0468752600 6.0472185759 6.0474708791 
 6.0473489951 6.0476883853 6.0479367367 
 6.0478243553 6.0481596904 6.0484039571 
 6.0483012929 6.0486324481 6.0488725014 
 6.0487797635 6.0491066184 6.0493423346 
 6.0492597261 6.0495821652 6.0498134254 
 6.0497411429 6.0500590562 6.0502857468 
 6.0502239798 6.0505372628 6.0507592760 
 6.0507082065 6.0510167605 6.0512339947 
 6.0511937964 6.0514975289 6.0517098885 
 6.0516807269 6.0519795516 6.0521869478 
 6.0521689789 6.0524628159 6.0526651666 
 6.0526585369 6.0529473132 6.0531445434 
 6.0531493890 6.0534330382 6.0536250798 
 6.0536415263 6.0539199888 6.0541067813 
 6.0541349429 6.0544081659 6.0545896558 
 6.0546296352 6.0548975728 6.0550737139 
 6.0551256018 6.0553882145 6.0555589679 
 6.0556228427 6.0558800977 6.0560454314 
 6.0561213587 6.0563732294 6.0565331183 
 6.0566211513 6.0568676168 6.0570220424 
 6.0571222213 6.0573632665 6.0575122162 
 6.0576245685 6.0578601833 6.0580036504 
 6.0581281912 6.0583583700 6.0584963528 
 6.0586330847 6.0588578261 6.0589903274 
 6.0591392414 6.0593585471 6.0594855738 
 6.0596466497 6.0598605240 6.0599820858 
 6.0601552931 6.0603637423 6.0604798513 
 6.0606651499 6.0608681811 6.0609788507 
 6.0611761924 6.0613738128 6.0614790569 
 6.0616883862 6.0618806024 6.0619804343 
 6.0622016900 6.0623885067 6.0624829382 
 6.0627160552 6.0628974744 6.0629865146 
 6.0632314252 6.0634074455 6.0634911000 
 6.0637477357 6.0639183511 6.0639966210 
 6.0642649144 6.0644301134 6.0645029940 
 6.0647828809 6.0649426459 6.0650101261 
 6.0653015471 6.0654558534 6.0655179147 
 6.0658208172 6.0659696325 6.0660262480 
 6.0663405884 6.0664838717 6.0665350059 
 6.0668607510 6.0669984524 6.0670440600 
 6.0673811890 6.0675132494 6.0675532749 
 6.0679017812 6.0680281316 6.0680625092 
 6.0684224013 6.0685429627 6.0685716157 
 6.0689429195 6.0690576028 6.0690804434 
 6.0694632026 6.0695719086 6.0695888381 
 6.0699831154 6.0700857350 6.0700966438 
 6.0705025220 6.0705989362 6.0706037039 
 6.0710212861 6.0711113667 6.0711098626 
 6.0715392728 6.0716228827 6.0716149662 
 6.0720563496 6.0721333433 6.0721188646 
 6.0725723871 6.0726426118 6.0726214125 
 6.0730872609 6.0731505570 6.0731224711 
 6.0736008522 6.0736570544 6.0736219092 
 6.0741130495 6.0741619876 6.0741196048 
 6.0746237492 6.0746652498 6.0746154465 
 6.0751328576 6.0751667445 6.0751093348 
 6.0756402913 6.0756663875 6.0756011836 
 6.0761459787 6.0761641076 6.0760909213 
 6.0766498613 6.0766598477 6.0765784923 
 6.0771518942 6.0771535667 6.0770638579 
 6.0776520477 6.0776452395 6.0775469978 
 6.0781503079 6.0781348588 6.0780279108 
 6.0786466774 6.0786224355 6.0785066158 
 6.0791411764 6.0791079995 6.0789831526 
 6.0796338426 6.0795916003 6.0794575825 
 6.0801247322 6.0800733077 6.0799299890 
 6.0806139199 6.0805532112 6.0804004773 
 6.0811014985 6.0810314209 6.0808691748 
 6.0815875791 6.0815080665 6.0813362309 
 6.0820722904 6.0819832971 6.0818018159 
 6.0825557779 6.0824572799 6.0822661202 
 6.0830382025 6.0829301994 6.0827293530 
 6.0835197393 6.0834022556 6.0831917407 
 6.0840005759 6.0838736620 6.0836535244 
 6.0844809098 6.0843446430 6.0841149576 
 6.0849609465 6.0848154319 6.0845763031 
 6.0854408961 6.0852862668 6.0850378297 
 6.0859209708 6.0857573882 6.0854998082 
 6.0864013810 6.0862290345 6.0859625075 
 6.0868823322 6.0867014385 6.0864261900 
 6.0873640210 6.0871748229 6.0868911075 
 6.0878466317 6.0876493966 6.0873574957 
 6.0883303321 6.0881253504 6.0878255704 
 6.0888152705 6.0886028526 6.0882955223 
 6.0893015721 6.0890820457 6.0887675134 
 6.0897893359 6.0895630429 6.0892416724 
 6.0902786323 6.0900459251 6.0897180923 
 6.0907695009 6.0905307384 6.0901968268 
 6.0912619491 6.0910174928 6.0906778891 
 6.0917559511 6.0915061608 6.0911612502 
 6.0922514475 6.0919966772 6.0916468391 
 6.0927483460 6.0924889396 6.0921345427 
 6.0932465223 6.0929828095 6.0926242077 
 6.0937458213 6.0934781142 6.0931156422 
 6.0942460596 6.0939746488 6.0936086186 
 6.0947470278 6.0944721794 6.0941028767 
 6.0952484934 6.0949704464 6.0945981275 
 6.0957502039 6.0954691676 6.0950940572 
 6.0962518900 6.0959680422 6.0955903314 
 6.0967532689 6.0964667546 6.0960865992 
 6.0972540477 6.0969649780 6.0965824975 
 6.0977539270 6.0974623783 6.0970776554 
 6.0982526035 6.0979586176 6.0975716978 
 6.0987497731 6.0984533572 6.0980642495 
 6.0992451339 6.0989462612 6.0985549382 
 6.0997383888 6.0994369991 6.0990433982 
 6.1002292473 6.0999252481 6.0995292728 
 