6.1047073019 6.1052061453 6.1056195251 
 6.1051904355 6.1056833943 6.1060909010 
 6.1056705791 6.1061575967 6.1065591741 
 6.1061476632 6.1066286675 6.1070242435 
 6.1066216178 6.1070965224 6.1074860092 
 6.1070923738 6.1075610780 6.1079443731 
 6.1075598625 6.1080222524 6.1083992390 
 6.1080240163 6.1084799653 6.1088505137 
 6.1084847687 6.1089341390 6.1092981069 
 6.1089420550 6.1093846980 6.1097419322 
 6.1093958121 6.1098315699 6.1101819071 
 6.1098459792 6.1102746854 6.1106179535 
 6.1102924976 6.1107139790 6.1110499984 
 6.1107353114 6.1111493890 6.1114779738 
 6.1111743676 6.1115808579 6.1119018175 
 6.1116096165 6.1120083330 6.1123214734 
 6.1120410120 6.1124317663 6.1127368916 
 6.1124685117 6.1128511153 6.1131480290 
 6.1128920777 6.1132663430 6.1135548496 
 6.1133116764 6.1136774184 6.1139573248 
 6.1137272792 6.1140843166 6.1143554337 
 6.1141388626 6.1144870194 6.1147491630 
 6.1145464085 6.1148855152 6.1151385080 
 6.1149499046 6.1152797993 6.1155234718 
 6.1153493440 6.1156698740 6.1159040660 
 6.1157447262 6.1160557487 6.1162803107 
 6.1161360563 6.1164374399 6.1166522337 
 6.1165233455 6.1168149710 6.1170198714 
 6.1169066108 6.1171883721 6.1173832675 
 6.1172858749 6.1175576800 6.1177424732 
 6.1176611657 6.1179229370 6.1180975465 
 6.1180325160 6.1182841916 6.1184485516 
 6.1183999633 6.1186414968 6.1187955582 
 6.1187635489 6.1189949099 6.1191386407 
 6.1191233172 6.1193444919 6.1194778771 
 6.1194793152 6.1196903060 6.1198133479 
 6.1198315919 6.1200324175 6.1201451357 
 6.1201801968 6.1203708920 6.1204733231 
 6.1205251796 6.1207057948 6.1207979920 
 6.1208665891 6.1210371900 6.1211192224 
 6.1212044724 6.1213651389 6.1214370912 
 6.1215388737 6.1216896994 6.1217516707 
 6.1218698339 6.1220109251 6.1220630278 
 6.1221973894 6.1223288638 6.1223712228 
 6.1225215715 6.1226435572 6.1226763084 
 6.1228424059 6.1229550401 6.1229783287 
 6.1231599119 6.1232633392 6.1232773190 
 6.1234741019 6.1235684733 6.1235733043 
 6.1237849814 6.1238704524 6.1238662997 
 6.1240925484 6.1241692778 6.1241563097 
 6.1243967935 6.1244649414 6.1244433282 
 6.1246976998 6.1247574267 6.1247273382 
 6.1249952432 6.1250467079 6.1250083126 
 6.1252893924 6.1253327508 6.1252862142 
 6.1255801092 6.1256155132 6.1255609959 
 6.1258673495 6.1258949451 6.1258326020 
 6.1261510629 6.1261709897 6.1261009681 
 6.1264311941 6.1264435835 6.1263660225 
 6.1267076830 6.1267126578 6.1266276870 
 6.1269804656 6.1269781388 6.1268858773 
 6.1272494748 6.1272399488 6.1271405047 
 6.1275146406 6.1274980070 6.1273914766 
 6.1277758915 6.1277522301 6.1276386974 
 6.1280331545 6.1280025336 6.1278820699 
 6.1282863566 6.1282488321 6.1281214958 
 6.1285354244 6.1284910402 6.1283568770 
 6.1287802859 6.1287290736 6.1285881161 
 6.1290208701 6.1289628491 6.1288151174 
 6.1292571080 6.1291922861 6.1290377877 
 6.1294889330 6.1294173065 6.1292560367 
 6.1297162815 6.1296378354 6.1294697780 
 6.1299390929 6.1298538018 6.1296789294 
 6.1301573104 6.1300651387 6.1298834134 
 6.1303708810 6.1302717837 6.1300831579 
 6.1305797557 6.1304736791 6.1302780959 
 6.1307838899 6.1306707724 6.1304681667 
 6.1309832436 6.1308630161 6.1306533153 
 6.1311777810 6.1310503682 6.1308334930 
 6.1313674713 6.1312327921 6.1310086574 
 6.1315522880 6.1314102565 6.1311787725 
 6.1317322096 6.1315827359 6.1313438085 
 6.1319072187 6.1317502100 6.1315037420 
 6.1320773029 6.1319126638 6.1316585558 
 6.1322424539 6.1320700876 6.1318082387 
 6.1324026675 6.1322224767 6.1319527855 
 6.1325579440 6.1323698312 6.1320921965 
 6.1327082872 6.1325121559 6.1322264775 
 6.1328537048 6.1326494600 6.1323556395 
 6.1329942078 6.1327817568 6.1324796981 
 6.1331298106 6.1329090633 6.1325986735 
 6.1332605302 6.1330314001 6.1327125900 
 6.1333863865 6.1331487911 6.1328214756 
 6.1335074018 6.1332612628 6.1329253616 
 6.1336236002 6.1333688444 6.1330242824 
 6.1337350078 6.1334715670 6.1331182746 
 6.1338416521 6.1335694637 6.1332073770 
 6.1339435616 6.1336625688 6.1332916302 
 6.1340407658 6.1337509177 6.1333710759 
 6.1341332948 6.1338345465 6.1334457565 
 6.1342211787 6.1339134916 6.1335157148 
 6.1343044477 6.1339877894 6.1335809939 
 6.1343831317 6.1340574758 6.1336416361 
 6.1344572599 6.1341225863 6.1336976832 
 6.1345268608 6.1341831551 6.1337491757 
 6.1345919617 6.1342392155 6.1337961528 
 6.1346525887 6.1342907990 6.1338386520 
 6.1347087665 6.1343379356 6.1338767088 
 6.1347605179 6.1343806534 6.1339103563 
 6.1348078643 6.1344189781 6.1339396253 
 6.1348508248 6.1344529334 6.1339645441 
 6.1348894167 6.1344825406 6.1339851380 
 6.1349236550 6.1345078184 6.1340014295 
 6.1349535528 6.1345287830 6.1340134381 
 6.1349791206 6.1345454479 6.1340211804 
 6.1350003669 6.1345578240 6.1340246696 
 6.1350172978 6.1345659193 6.1340239162 
 6.1350299170 6.1345697395 6.1340189271 
 6.1350382262 6.1345692873 6.1340097066 
 6.1350422245 6.1345645629 6.1339962556 
 6.1350419090 6.1345555637 6.1339785723 
 6.1350372745 6.1345422847 6.1339566516 
 6.1350283136 6.1345247184 6.1339304858 
 6.1350150169 6.1345028549 6.1339000645 
 6.1349973729 6.1344766816 6.1338653742 
 6.1349753679 6.1344461840 6.1338263991 
 6.1349489865 6.1344113449 6.1337831207 
 6.1349182110 6.1343721452 6.1337355180 
 6.1348830221 6.1343285635 6.1336835677 
 6.1348433983 6.1342805762 6.1336272440 
 6.1347993167 6.1342281579 6.1335665190 
 6.1347507520 6.1341712808 6.1335013622 
 6.1346976775 6.1341099153 6.1334317413 
 6.1346400645 6.1340440298 6.1333576217 
 6.1345778825 6.1339735907 6.1332789664 
 6.1345110992 6.1338985624 6.1331957367 
 6.1344396804 6.1338189073 6.1331078915 
 6.1343635903 6.1337345859 6.1330153878 
 6.1342827910 6.1336455568 6.1329181805 
 6.1341972429 6.1335517766 6.1328162222 
 6.1341069045 6.1334531998 6.1327094638 
 6.1340117324 6.1333497792 6.1325978539 
 6.1339116814 6.1332414655 6.1324813391 
 6.1338067044 6.1331282074 6.1323598640 
 6.1336967524 6.1330099518 6.1322333712 
 6.1335817748 6.1328866437 6.1321018014 
 6.1334617188 6.1327582260 6.1319650932 
 6.1333365302 6.1326246401 6.1318231834 
 6.1332061530 6.1324858255 6.1316760070 
 6.1330705294 6.1323417200 6.1315234974 
 6.1329296002 6.1321922599 6.1313655862 
 6.1327833047 6.1320373800 6.1312022037 
 6.1326315811 6.1318770138 6.1310332786 
 6.1324743661 6.1317110937 6.1308587387 
 6.1323115957 6.1315395510 6.1306785108 
 6.1321432050 6.1313623164 6.1304925208 
 6.1319691285 6.1311793200 6.1303006942 
 6.1317893005 6.1309904917 6.1301029564 
 6.1316036553 6.1307957612 6.1298992327 
 6.1314121272 6.1305950591 6.1296894491 
 6.1312146514 6.1303883161 6.1294735322 
 6.1310111641 6.1301754645 6.1292514101 
 6.1308016026 6.1299564380 6.1290230123 
 6.1305859062 6.1297311722 6.1287882708 
 6.1303640165 6.1294996053 6.1285471201 
 6.1301358778 6.1292616783 6.1282994978 
 6.1299014374 6.1290173359 6.1280453455 
 6.1296606467 6.1287665269 6.1277846092 
 6.1294134613 6.1285092047 6.1275172399 
 6.1291598418 6.1282453280 6.1272431943 
 6.1288997543 6.1279748616 6.1269624354 
 6.1286331709 6.1276977768 6.1266749336 
 6.1283600707 6.1274140521 6.1263806667 
 6.1280804400 6.1271236741 6.1260796214 
 6.1277942732 6.1268266380 6.1257717933 
 6.1275015734 6.1265229483 6.1254571885 
 6.1272023530 6.1262126196 6.1251358232 
 6.1268966340 6.1258956768 6.1248077257 
 6.1265844491 6.1255721563 6.1244729357 
 6.1262658418 6.1252421063 6.1241315062 
 6.1259408671 6.1249055872 6.1237835030 
 6.1256095916 6.1245626721 6.1234290060 
 6.1252720942 6.1242134474 6.1230681092 
 6.1249284659 6.1238580126 6.1227009209 
 6.1245788103 6.1234964809 6.1223275643 
 6.1242232432 6.1231289790 6.1219481773 
 6.1238618929 6.1227556470 6.1215629122 
 6.1234948992 6.1223766377 6.1211719358 
 6.1231224134 6.1219921168 6.1207754284 
 6.1227445976 6.1216022616 6.1203735835 
 6.1223616231 6.1212072600 6.1199666065 
 6.1219736701 6.1208073095 6.1195547134 
 6.1215809253 6.1204026156 6.1191381293 
 6.1211835808 6.1199933899 6.1187170862 
 6.1207818320 6.1195798478 6.1182918212 
 6.1203758749 6.1191622063 6.1178625735 
 6.1199659038 6.1187406810 6.1174295813 
 6.1195521083 6.1183154831 6.1169930789 
 6.1191346699 6.1178868158 6.1165532927 
 6.1187137591 6.1174548707 6.1161104371 
 6.1182895310 6.1170198240 6.1156647107 
 6.1178621218 6.1165818319 6.1152162913 
 6.1174316449 6.1161410265 6.1147653314 
 6.1169981865 6.1156975113 6.1143119532 
 6.1165618016 6.1152513569 6.1138562444 
 6.1161225102 6.1148025964 6.1133982526 
 6.1156802928 6.1143512211 6.1129379812 
 6.1152350875 6.1138971770 6.1124753851 
 6.1147867858 6.1134403603 6.1120103667 
 6.1143352303 6.1129806152 6.1115427724 
 6.1138802119 6.1125177305 6.1110723896 
 6.1134214679 6.1120514375 6.1105989448 
 6.1129586804 6.1115814090 6.1101221016 
 6.1124914756 6.1111072580 6.1096414604 
 6.1120194239 6.1106285378 6.1091565577 
 6.1115420397 6.1101447426 6.1086668674 
 6.1110587831 6.1096553084 6.1081718019 
 6.1105690609 6.1091596152 6.1076707139 
 6.1100722292 6.1086569892 6.1071628999 
 6.1095675957 6.1081467055 6.1066476021 
 6.1090544222 6.1076279916 6.1061240134 
 6.1085319287 6.1071000306 6.1055912801 
 6.1079992960 6.1065619655 6.1050485069 
 6.1074556695 6.1060129026 6.1044947609 
 6.1069001631 6.1054519158 6.1039290758 
 6.1063318626 6.1048780504 6.1033504565 
 6.1057498294 6.1042903274 6.1027578837 
 6.1051531040 6.1036877470 6.1021503173 
 6.1045407097 6.1030692927 6.1015267014 
 6.1039116562 6.1024339347 6.1008859675 
 6.1032649422 6.1017806338 6.1002270388 
 6.1025995593 6.1011083444 6.0995488339 
 6.1019144952 6.1004160184 6.0988502699 
 6.1012087364 6.0997026081 6.0981302669 
 6.1004812718 6.0989670700 6.0973877507 
 6.0997310959 6.0982083680 6.0966216573 
 6.0989572123 6.0974254773 6.0958309363 
 6.0981586373 6.0966173881 6.0950145558 
 6.0973344041 6.0957831103 6.0941715064 
 6.0964835669 6.0949216778 6.0933008068 
 6.0956052066 6.0940321544 6.0924015101 
 6.0946984359 6.0931136401 6.0914727103 
 6.0937624065 6.0921652780 6.0905135507 
 6.0927963166 6.0911862633 6.0895232332 
 6.0917994205 6.0901758536 6.0885010302 
 6.0907710390 6.0891333804 6.0874462974 
 6.0897105729 6.0880582642 6.0863584904 
 6.0886175179 6.0869500310 6.0852371833 
 6.0874914838 6.0858083330 6.0840820918 
 6.0863322156 6.0846329732 6.0828930996 
 6.0851396208 6.0834239338 6.0816702899 
 6.0839137996 6.0821814103 6.0804139825 
 6.0826550825 6.0809058516 6.0791247760 
 6.0813640729 6.0795980054 6.0778035955 
 6.0800416968 6.0782589705 6.0764517466 
 6.0786892591 6.0768902548 6.0750709723 
 6.0773085062 6.0754938373 6.0736635128 
 6.0759016924 6.0740722319 6.0722321628 
 6.0744716474 6.0726285489 6.0707803218 
 6.0730218398 6.0711665467 6.0693120305 
 6.0715564291 6.0696906666 6.0678319827 
 6.0700802946 6.0682060395 6.0663455055 
 6.0685990318 6.0667184533 6.0648584981 
 6.0671189025 6.0652342725 6.0633773223 
 6.0656467276 6.0637603037 6.0619086474 
 6.0641897212 6.0623036087 6.0604592536 
 6.0627552663 6.0608712746 6.0590358096 
 6.0613506503 6.0594701607 6.0576446427 
 6.0599827806 6.0581066447 6.0562915247 
 6.0586579134 6.0567863951 6.0549814906 
 6.0573814194 6.0555141883 6.0537187059 
 6.0561576122 6.0542937868 6.0525063858 
 6.0549896476 6.0531278789 6.0513467689 
 6.0538794945 6.0520180782 6.0502411351 
 6.0528279704 6.0509649718 6.0491898612 
 6.0518348253 6.0499682051 6.0481925019 
 6.0508988618 6.0490265914 6.0472478884 
 6.0500180737 6.0481382342 6.0463542340 
 6.0491897947 6.0473006545 6.0455092433 
 6.0484108453 6.0465109166 6.0447102180 
 6.0476776734 6.0457657467 6.0439541579 
 6.0469864832 6.0450616438 6.0432378545 
 6.0463333517 6.0443949787 6.0425579756 
 6.0457143292 6.0437620823 6.0419111416 
 6.0451255261 6.0431593216 6.0412939922 
 6.0445631835 6.0425831642 6.0407032436 
 6.0440237308 6.0420302317 6.0401357371 
 6.0435038294 6.0414973417 6.0395884787 
 6.0430004046 6.0409815403 6.0390586706 
 6.0425106666 6.0404801254 6.0385437350 
 6.0420321219 6.0399906610 6.0380413302 
 6.0415625773 6.0395109852 6.0375493613 
 6.0411001367 6.0390392112 6.0370659841 
 6.0406431927 6.0385737230 6.0365896045 
 6.0401904144 6.0381131672 6.0361188732 
 6.0397407311 6.0376564406 6.0356526774 
 6.0392933149 6.0372026758 6.0351901288 
 6.0388475609 6.0367512244 6.0347305498 
 6.0384030668 6.0363016382 6.0342734577 
 6.0379596116 6.0358536507 6.0338185474 
 6.0375171348 6.0354071568 6.0333656738 
 6.0370757152 6.0349621933 6.0329148329 
 6.0366355501 6.0345189184 6.0324661430 
 6.0361969351 6.0340775924 6.0320198265 
 6.0357602451 6.0336385586 6.0315761906 
 6.0353259152 6.0332022246 6.0311356105 
 6.0348944228 6.0327690448 6.0306985111 
 6.0344662716 6.0323395038 6.0302653514 
 6.0340419758 6.0319141007 6.0298366087 
 6.0336220459 6.0314933347 6.0294127648 
 6.0332069759 6.0310776927 6.0289942927 
 6.0327972326 6.0306676373 6.0285816453 
 6.0323932454 6.0302635970 6.0281752456 
 6.0319953990 6.0298659583 6.0277754777 
 6.0316040264 6.0294750587 6.0273826803 
 6.0312194051 6.0290911819 6.0269971415 
 6.0308417536 6.0287145542 6.0266190943 
 6.0304712306 6.0283453431 6.0262487152 
 6.0301079348 6.0279836567 6.0258861231 
 6.0297519066 6.0276295450 6.0255313796 
 6.0294031306 6.0272830018 6.0251844908 
 6.0290615395 6.0269439683 6.0248454104 
 6.0287270187 6.0266123371 6.0245140430 
 6.0283994113 6.0262879572 6.0241902488 
 6.0280785239 6.0259706393 6.0238738484 
 6.0277641320 6.0256601614 6.0235646282 
 6.0274559867 6.0253562748 6.0232623460 
 6.0271538200 6.0250587099 6.0229667368 
 6.0268573505 6.0247671819 6.0226775185 
 6.0265662894 6.0244813963 6.0223943969 
 6.0262803446 6.0242010541 6.0221170715 
 6.0259992258 6.0239258564 6.0218452398 
 6.0257226484 6.0236555086 6.0215786021 
 6.0254503369 6.0233897243 6.0213168651 
 6.0251820280 6.0231282283 6.0210597456 
 6.0249174728 6.0228707596 6.0208069732 
 6.0246564389 6.0226170731 6.0205582927 
 6.0243987119 6.0223669417 6.0203134663 
 6.0241440961 6.0221201571 6.0200722747 
 6.0238924153 6.0218765308 6.0198345180 
 6.0236435128 6.0216358945 6.0196000168 
 6.0233972517 6.0213980998 6.0193686117 
 6.0231535138 6.0211630183 6.0191401636 
 6.0229121996 6.0209305407 6.0189145531 
 6.0226732268 6.0207005759 6.0186916798 
 6.0224365300 6.0204730504 6.0184714611 
 6.0222020586 6.0202479067 6.0182538316 
 6.0219697766 6.0200251023 6.0180387414 
 6.0217396600 6.0198046083 6.0178261548 
 6.0215116966 6.0195864075 6.0176160490 
 6.0212858836 6.0193704935 6.0174084124 
 6.0210622269 6.0191568691 6.0172032434 
 6.0208407391 6.0189455444 6.0170005483 
 6.0206214386 6.0187365357 6.0168003401 
 6.0204043478 6.0185298641 6.0166026374 
 6.0201894923 6.0183255541 6.0164074622 
 6.0199768995 6.0181236322 6.0162148392 
 6.0197665973 6.0179241258 6.0160247941 
 6.0195586134 6.0177270623 6.0158373529 
 6.0193529742 6.0175324675 6.0156525403 
 6.0191497042 6.0173403658 6.0154703792 
 6.0189488248 6.0171507781 6.0152908896 
 6.0187503543 6.0169637224 6.0151140880 
 6.0185543071 6.0167792122 6.0149399867 
 6.0183606931 6.0165972568 6.0147685935 
 6.0181695179 6.0164178607 6.0145999111 
 6.0179807823 6.0162410232 6.0144339371 
 6.0177944819 6.0160667387 6.0142706635 
 6.0176106079 6.0158949962 6.0141100771 
 6.0174291464 6.0157257798 6.0139521591 
 6.0172500788 6.0155590684 6.0137968856 
 6.0170733822 6.0153948364 6.0136442277 
 6.0168990292 6.0152330535 6.0134941516 
 6.0167269887 6.0150736854 6.0133466192 
 6.0165572260 6.0149166939 6.0132015884 
 6.0163897030 6.0147620372 6.0130590133 
 6.0162243790 6.0146096710 6.0129188451 
 6.0160612109 6.0144595480 6.0127810321 
 6.0159001534 6.0143116191 6.0126455206 
 6.0157411599 6.0141658334 6.0125122550 
 6.0155841825 6.0140221390 6.0123811785 
 6.0154291726 6.0138804830 6.0122522338 
 6.0152760814 6.0137408125 6.0121253629 
 6.0151248599 6.0136030745 6.0120005082 
 6.0149754595 6.0134672163 6.0118776125 
 6.0148278324 6.0133331862 6.0117566195 
 6.0146819318 6.0132009335 6.0116374742 
 6.0145377119 6.0130704088 6.0115201230 
 6.0143951285 6.0129415646 6.0114045141 
 6.0142541389 6.0128143547 6.0112905977 
 6.0141147025 6.0126887354 6.0111783261 
 6.0139767802 6.0125646647 6.0110676542 
 6.0138403352 6.0124421030 6.0109585389 
 6.0137053327 6.0123210131 6.0108509399 
 6.0135717399 6.0122013597 6.0107448193 
 6.0134395262 6.0120831102 6.0106401417 
 6.0133086631 6.0119662341 6.0105368744 
 6.0131791241 6.0118507032 6.0104349868 
 6.0130508846 6.0117364915 6.0103344510 
 6.0129239222 6.0116235749 6.0102352412 
 6.0127982161 6.0115119315 6.0101373338 
 6.0126737471 6.0114015412 6.0100407072 
 6.0125504978 6.0112923855 6.0099453418 
 6.0124284523 6.0111844476 6.0098512195 
 6.0123075957 6.0110777121 6.0097583240 
 6.0121879147 6.0109721650 6.0096666403 
 6.0120693968 6.0108677934 6.0095761547 
 6.0119520305 6.0107645852 6.0094868545 
 6.0118358051 6.0106625294 6.0093987279 
 6.0117207106 6.0105616155 6.0093117640 
 6.0116067373 6.0104618338 6.0092259523 
 6.0114938761 6.0103631749 6.0091412830 
 6.0113821184 6.0102656296 6.0090577465 
 6.0112714553 6.0101691891 6.0089753334 
 6.0111618785 6.0100738445 6.0088940344 
 6.0110533794 6.0099795872 6.0088138403 
 6.0109459494 6.0098864083 6.0087347417 
 6.0108395799 6.0097942987 6.0086567292 
 6.0107342621 6.0097032493 6.0085797930 
 6.0106299868 6.0096132507 6.0085039231 
 6.0105267450 6.0095242933 6.0084291092 
 6.0104245269 6.0094363669 6.0083553408 
 6.0103233227 6.0093494614 6.0082826069 
 6.0102231225 6.0092635661 6.0082108961 
 6.0101239158 6.0091786701 6.0081401969 
 6.0100256919 6.0090947623 6.0080704974 
 6.0099284401 6.0090118311 6.0080017853 
 6.0098321492 6.0089298649 6.0079340481 
 6.0097368080 6.0088488518 6.0078672731 
 6.0096424050 6.0087687796 6.0078014474 
 6.0095489287 6.0086896363 6.0077365579 
 6.0094563674 6.0086114094 6.0076725917 
 6.0093647096 6.0085340867 6.0076095353 
 6.0092739436 6.0084576558 6.0075473759 
 6.0091840578 6.0083821045 6.0074861001 
 6.0090950406 6.0083074205 6.0074256950 
 6.0090068808 6.0082335919 6.0073661479 
 6.0089195670 6.0081606068 6.0073074461 
 6.0088330882 6.0080884536 6.0072495772 
 6.0087474338 6.0080171209 6.0071925290 
 6.0086625932 6.0079465975 6.0071362900 
 6.0085785562 6.0078768729 6.0070808485 
 6.0084953128 6.0078079365 6.0070261937 
 6.0084128536 6.0077397783 6.0069723147 
 6.0083311694 6.0076723886 6.0069192015 
 6.0082502513 6.0076057582 6.0068668443 
 6.0081700908 6.0075398782 6.0068152336 
 6.0080906799 6.0074747402 6.0067643606 
 6.0080120109 6.0074103360 6.0067142167 
 6.0079340764 6.0073466581 6.0066647941 
 6.0078568695 6.0072836993 6.0066160850 
 6.0077803836 6.0072214525 6.0065680823 
 6.0077046124 6.0071599115 6.0065207792 
 6.0076295502 6.0070990700 6.0064741694 
 6.0075551912 6.0070389223 6.0064282467 
 6.0074815303 6.0069794630 6.0063830056 
 6.0074085624 6.0069206868 6.0063384406 
 6.0073362829 6.0068625890 6.0062945467 
 6.0072646874 6.0068051649 6.0062513192 
 6.0071937715 6.0067484101 6.0062087533 
 6.0071235315 6.0066923206 6.0061668449 
 6.0070539634 6.0066368925 6.0061255898 
 6.0069850636 6.0065821218 6.0060849841 
 6.0069168288 6.0065280051 6.0060450240 
 6.0068492555 6.0064745389 6.0060057057 
 6.0067823408 6.0064217198 6.0059670259 
 6.0067160815 6.0063695447 6.0059289809 
 6.0066504748 6.0063180103 6.0058915675 
 6.0065855178 6.0062671137 6.0058547824 
 6.0065212078 6.0062168520 6.0058186224 
 6.0064575423 6.0061672221 6.0057830842 
 6.0063945186 6.0061182215 6.0057481649 
 6.0063321345 6.0060698472 6.0057138612 
 6.0062703876 6.0060220968 6.0056801702 
 6.0062092757 6.0059749675 6.0056470890 
 6.0061487966 6.0059284570 6.0056146147 
 6.0060889484 6.0058825629 6.0055827444 
 6.0060297293 6.0058372828 6.0055514754 
 6.0059711376 6.0057926147 6.0055208052 
 6.0059131716 6.0057485564 6.0054907311 
 6.0058558300 6.0057051062 6.0054612508 
 6.0057991116 6.0056622622 6.0054323620 
 6.0057430155 6.0056200231 6.0054040626 
 6.0056875408 6.0055783874 6.0053763508 
 6.0056326870 6.0055373542 6.0053492249 
 6.0055784538 6.0054969224 6.0053226834 
 6.0055248413 6.0054570916 6.0052967250 
 6.0054718497 6.0054178615 6.0052713490 
 6.0054194797 6.0053792320 6.0052465546 
 6.0053677323 6.0053412034 6.0052223415 
 6.0053166086 6.0053037766 6.0051987097 
 6.0052661104 6.0052669524 6.0051756596 
 6.0052162398 6.0052307323 6.0051531921 
 6.0051669992 6.0051951181 6.0051313081 
 6.0051183915 6.0051601121 6.0051100094 
 6.0050704200 6.0051257170 6.0050892979 
 6.0050230884 6.0050919357 6.0050691761 
 6.0049764009 6.0050587720 6.0050496468 
 6.0049303622 6.0050262297 6.0050307135 
 6.0048849773 6.0049943135 6.0050123801 
 6.0048402520 6.0049630282 6.0049946508 
 6.0047961922 6.0049323794 6.0049775306 
 6.0047528046 6.0049023730 6.0049610248 
 6.0047100961 6.0048730154 6.0049451393 
 6.0046680743 6.0048443137 6.0049298804 
 6.0046267473 6.0048162753 6.0049152551 
 6.0045861235 6.0047889081 6.0049012706 
 6.0045462120 6.0047622207 6.0048879351 
 6.0045070223 6.0047362219 6.0048752568 
 6.0044685643 6.0047109212 6.0048632447 
 6.0044308486 6.0046863285 6.0048519082 
 6.0043938860 6.0046624543 6.0048412572 
 6.0043576881 6.0046393096 6.0048313022 
 6.0043222666 6.0046169056 6.0048220541 
 6.0042876341 6.0045952543 6.0048135243 
 6.0042538033 6.0045743681 6.0048057246 
 6.0042207876 6.0045542597 6.0047986673 
 6.0041886007 6.0045349424 6.0047923654 
 6.0041572568 6.0045164300 6.0047868320 
 6.0041267707 6.0044987367 6.0047820809 
 6.0040971575 6.0044818772 6.0047781263 
 6.0040684329 6.0044658665 6.0047749828 
 6.0040406129 6.0044507203 6.0047726655 
 6.0040137141 6.0044364545 6.0047711900 
 6.0039877536 6.0044230858 6.0047705722 
 6.0039627487 6.0044106310 6.0047708287 
 6.0039387175 6.0043991077 6.0047719763 
 6.0039156785 6.0043885336 6.0047740324 
 6.0038936507 6.0043789273 6.0047770148 
 6.0038726534 6.0043703075 6.0047809418 
 6.0038527068 6.0043626937 6.0047858323 
 6.0038338312 6.0043561058 6.0047917055 
 6.0038160479 6.0043505641 6.0047985811 
 6.0037993783 6.0043460896 6.0048064794 
 6.0037838447 6.0043427038 6.0048154212 
 6.0037694699 6.0043404287 6.0048254279 
 6.0037562771 6.0043392869 6.0048365212 
 6.0037442903 6.0043393016 6.0048487237 
 6.0037335342 6.0043404966 6.0048620583 
 6.0037240340 6.0043428962 6.0048765485 
 6.0037158156 6.0043465256 6.0048922187 
 6.0037089055 6.0043514104 6.0049090934 
 6.0037033309 6.0043575769 6.0049271983 
 6.0036991199 6.0043650521 6.0049465593 
 6.0036963011 6.0043738638 6.0049672031 
 6.0036949039 6.0043840402 6.0049891573 
 6.0036949584 6.0043956106 6.0050124497 
 6.0036964955 6.0044086048 6.0050371093 
 6.0036995468 6.0044230532 6.0050631655 
 6.0037041447 6.0044389873 6.0050906486 
 6.0037103224 6.0044564390 6.0051195893 
 6.0037181139 6.0044754412 6.0051500195 
 6.0037275538 6.0044960275 6.0051819715 
 6.0037386777 6.0045182321 6.0052154785 
 6.0037515218 6.0045420902 6.0052505743 
 6.0037661233 6.0045676376 6.0052872936 
 6.0037825198 6.0045949109 6.0053256719 
 6.0038007501 6.0046239475 6.0053657451 
 6.0038208534 6.0046547855 6.0054075503 
 6.0038428698 6.0046874638 6.0054511251 
 6.0038668403 6.0047220220 6.0054965077 
 6.0038928063 6.0047585003 6.0055437373 
 6.0039208100 6.0047969399 6.0055928536 
 6.0039508946 6.0048373824 6.0056438971 
 6.0039831035 6.0048798703 6.0056969090 
 6.0040174810 6.0049244466 6.0057519312 
 6.0040540722 6.0049711550 6.0058090061 
 6.0040929226 6.0050200400 6.0058681769 
 6.0041340783 6.0050711465 6.0059294873 
 6.0041775860 6.0051245201 6.0059929819 
 6.0042234932 6.0051802070 6.0060587055 
 6.0042718476 6.0052382538 6.0061267037 
 6.0043226977 6.0052987080 6.0061970227 
 6.0043760923 6.0053616172 6.0062697091 
 6.0044320809 6.0054270298 6.0063448102 
 6.0044907134 6.0054949946 6.0064223736 
 6.0045520400 6.0055655610 6.0065024477 
 6.0046161116 6.0056387787 6.0065850811 
 6.0046829795 6.0057146980 6.0066703230 
 6.0047526952 6.0057933695 6.0067582232 
 6.0048253109 6.0058748443 6.0068488315 
 6.0049008791 6.0059591741 6.0069421988 
 6.0049794527 6.0060464107 6.0070383758 
 6.0050610849 6.0061366066 6.0071374140 
 6.0051458295 6.0062298145 6.0072393652 
 6.0052337407 6.0063260877 6.0073442817 
 6.0053248727 6.0064254797 6.0074522161 
 6.0054192806 6.0065280445 6.0075632213 
 6.0055170195 6.0066338365 6.0076773508 
 6.0056181452 6.0067429104 6.0077946585 
 6.0057227136 6.0068553214 6.0079151983 
 6.0058307811 6.0069711250 6.0080390250 
 6.0059424045 6.0070903771 6.0081661934 
 6.0060576409 6.0072131339 6.0082967588 
 6.0061765479 6.0073394521 6.0084307767 
 6.0062991832 6.0074693885 6.0085683031 
 6.0064256051 6.0076030005 6.0087093942 
 6.0065558720 6.0077403456 6.0088541066 
 6.0066900429 6.0078814817 6.0090024970 
 6.0068281767 6.0080264669 6.0091546225 
 6.0069703327 6.0081753595 6.0093105403 
 6.0071165706 6.0083282183 6.0094703078 
 6.0072669500 6.0084851017 6.0096339826 
 6.0074215307 6.0086460687 6.0098016223 
 6.0075803726 6.0088111781 6.0099732847 
 6.0077435357 6.0089804888 6.0101490273 
 6.0079110797 6.0091540596 6.0103289078 
 6.0080830644 6.0093319492 6.0105129836 
 6.0082595492 6.0095142159 6.0107013119 
 6.0084405934 6.0097009181 6.0108939496 
 6.0086262559 6.0098921133 6.0110909532 
 6.0088165948 6.0100878591 6.0112923788 
 6.0090116680 6.0102882119 6.0114982818 
 6.0092115325 6.0104932279 6.0117087170 
 6.0094162444 6.0107029622 6.0119237383 
 6.0096258592 6.0109174692 6.0121433989 
 6.0098404309 6.0111368020 6.0123677508 
 6.0100600126 6.0113610128 6.0125968449 
 6.0102846559 6.0115901523 6.0128307308 
 6.0105144111 6.0118242699 6.0130694570 
 6.0107493267 6.0120634135 6.0133130700 
 6.0109894498 6.0123076291 6.0135616152 
 6.0112348253 6.0125569611 6.0138151358 
 6.0114854962 6.0128114520 6.0140736735 
 6.0117415036 6.0130711421 6.0143372678 
 6.0120028862 6.0133360696 6.0146059561 
 6.0122696803 6.0136062705 6.0148797738 
 6.0125419199 6.0138817782 6.0151587538 
 6.0128196363 6.0141626239 6.0154429266 
 6.0131028584 6.0144488362 6.0157323203 
 6.0133916120 6.0147404408 6.0160269605 
 6.0136859205 6.0150374609 6.0163268701 
 6.0139858043 6.0153399170 6.0166320693 
 6.0142912809 6.0156478266 6.0169425756 
 6.0146023648 6.0159612045 6.0172584037 
 6.0149190678 6.0162800626 6.0175795657 
 6.0152413984 6.0166044098 6.0179060706 
 6.0155693626 6.0169342524 6.0182379248 
 6.0159029632 6.0172695936 6.0185751320 
 6.0162422000 6.0176104338 6.0189176930 
 6.0165870703 6.0179567707 6.0192656059 
 6.0169375683 6.0183085992 6.0196188662 
 6.0172936858 6.0186659117 6.0199774667 
 6.0176554115 6.0190286976 6.0203413977 
 6.0180227320 6.0193969442 6.0207106469 
 6.0183956311 6.0197706361 6.0210851996 
 6.0187740904 6.0201497555 6.0214650390 
 6.0191580890 6.0205342824 6.0218501458 
 6.0195476042 6.0209241947 6.0222404986 
 6.0199426107 6.0213194682 6.0226360739 
 6.0203430816 6.0217200764 6.0230368461 
 6.0207489880 6.0221259913 6.0234427881 
 6.0211602991 6.0225371828 6.0238538704 
 6.0215769825 6.0229536191 6.0242700620 
 6.0219990040 6.0233752669 6.0246913303 
 6.0224263279 6.0238020909 6.0251176409 
 6.0228589170 6.0242340546 6.0255489577 
 6.0232967327 6.0246711198 6.0259852433 
 6.0237397346 6.0251132468 6.0264264585 
 6.0241878812 6.0255603944 6.0268725627 
 6.0246411294 6.0260125200 6.0273235137 
 6.0250994346 6.0264695792 6.0277792679 
 6.0255627510 6.0269315266 6.0282397798 
 6.0260310309 6.0273983147 6.0287050027 
 6.0265042252 6.0278698948 6.0291748879 
 6.0269822833 6.0283462162 6.0296493852 
 6.0274651526 6.0288272267 6.0301284426 
 6.0279527789 6.0293128722 6.0306120062 
 6.0284451060 6.0298030964 6.0311000201 
 6.0289420758 6.0302978415 6.0315924265 
 6.0294436280 6.0307970473 6.0320891654 
 6.0299497000 6.0313006513 6.0325901747 
 6.0304602272 6.0318085888 6.0330953898 
 6.0309751421 6.0323207928 6.0336047441 
 6.0314943750 6.0328371937 6.0341181681 
 6.0320178534 6.0333577192 6.0346355901 
 6.0325455022 6.0338822946 6.0351569357 
 6.0330772434 6.0344108423 6.0356821278 
 6.0336129962 6.0349432820 6.0362110867 
 6.0341526769 6.0354795306 6.0367437302 
 6.0346961990 6.0360195022 6.0372799730 
 6.0352434730 6.0365631083 6.0378197277 
 6.0357944065 6.0371102575 6.0383629038 
 6.0363489044 6.0376608558 6.0389094086 
 6.0369068689 6.0382148066 6.0394591470 
 6.0374681995 6.0387720108 6.0400120214 
 6.0380327934 6.0393323673 6.0405679322 
 6.0386005455 6.0398957726 6.0411267780 
 6.0391713484 6.0404621213 6.0416884555 
 6.0397450932 6.0410313067 6.0422528600 
 6.0403216692 6.0416032201 6.0428198854 
 6.0409009646 6.0421777523 6.0433894249 
 6.0414828664 6.0427547929 6.0439613708 
 6.0420672613 6.0433342311 6.0445356154 
 6.0426540355 6.0439159560 6.0451120507 
 6.0432430752 6.0444998570 6.0456905692 
 6.0438342674 6.0450858239 6.0462710641 
 6.0444274995 6.0456737476 6.0468534296 
 6.0450226607 6.0462635202 6.0474375616 
 6.0456196412 6.0468550358 6.0480233574 
 6.0462183338 6.0474481901 6.0486107167 
 6.0468186331 6.0480428815 6.0491995414 
 6.0474204369 6.0486390111 6.0497897363 
 6.0480236457 6.0492364829 6.0503812093 
 6.0486281634 6.0498352043 6.0509738714 
 6.0492338975 6.0504350861 6.0515676372 
 6.0498407593 6.0510360430 6.0521624249 
 6.0504486642 6.0516379936 6.0527581565 
 6.0510575316 6.0522408603 6.0533547581 
 6.0516672852 6.0528445699 6.0539521595 
 6.0522778531 6.0534490531 6.0545502948 
 6.0528891676 6.0540542450 6.0551491018 
 6.0535011652 6.0546600844 6.0557485221 
 6.0541137867 6.0552665144 6.0563485013 
 6.0547269771 6.0558734817 6.0569489882 
 6.0553406848 6.0564809367 6.0575499353 
 6.0559548624 6.0570888330 6.0581512978 
 6.0565694654 6.0576971273 6.0587530338 
 6.0571844526 6.0583057791 6.0593551038 
 6.0577997854 6.0589147504 6.0599574704 
 6.0584154276 6.0595240050 6.0605600977 
 6.0590313450 6.0601335084 6.0611629512 
 6.0596475049 6.0607432272 6.0617659973 
 6.0602638755 6.0613531290 6.0623692024 
 6.0608804261 6.0619631814 6.0629725332 
 6.0614971258 6.0625733521 6.0635759558 
 6.0621139437 6.0631836081 6.0641794354 
 6.0627308481 6.0637939157 6.0647829359 
 6.0633478064 6.0644042395 6.0653864195 
 6.0639647843 6.0650145426 6.0659898463 
 6.0645817458 6.0656247857 6.0665931740 
 6.0651986524 6.0662349272 6.0671963576 
 6.0658154633 6.0668449229 6.0677993492 
 6.0664321347 6.0674547252 6.0684020976 
 6.0670486195 6.0680642836 6.0690045483 
 6.0676648675 6.0686735441 6.0696066434 
 6.0682808247 6.0692824490 6.0702083212 
 6.0688964337 6.0698909371 6.0708095164 
 6.0695116330 6.0704989434 6.0714101603 
 6.0701263574 6.0711063994 6.0720101803 
 6.0707405380 6.0717132327 6.0726095007 
 6.0713541020 6.0723193677 6.0732080424 
 6.0719669732 6.0729247254 6.0738057231 
 6.0725790716 6.0735292235 6.0744024580 
 6.0731903143 6.0741327771 6.0749981598 
 6.0738006153 6.0747352988 6.0755927389 
 6.0744098862 6.0753366988 6.0761861042 
 6.0750180362 6.0759368861 6.0767781637 
 6.0756249730 6.0765357680 6.0773688243 
 6.0762306028 6.0771332516 6.0779579931 
 6.0768348313 6.0777292435 6.0785455777 
 6.0774375640 6.0783236511 6.0791314868 
 6.0780387071 6.0789163828 6.0797156308 
 6.0786381676 6.0795073488 6.0802979228 
 6.0792358547 6.0800964618 6.0808782788 
 6.0798316799 6.0806836377 6.0814566188 
 6.0804255578 6.0812687959 6.0820328672 
 6.0810174070 6.0818518607 6.0826069536 
 6.0816071504 6.0824327612 6.0831788134 
 6.0821947161 6.0830114324 6.0837483882 
 6.0827800378 6.0835878151 6.0843156266 
 6.0833630553 6.0841618573 6.0848804846 
 6.0839437149 6.0847335138 6.0854429255 
 6.0845219700 6.0853027468 6.0860029211 
 6.0850977810 6.0858695262 6.0865604507 
 6.0856711156 6.0864338296 6.0871155023 
 6.0862419492 6.0869956422 6.0876680719 
 6.0868102641 6.0875549571 6.0882181633 
 6.0873760500 6.0881117745 6.0887657880 
 6.0879393035 6.0886661017 6.0893109647 
 6.0885000276 6.0892179525 6.0898537188 
 6.0890582312 6.0897673466 6.0903940815 
 6.0896139287 6.0903143089 6.0909320892 
 6.0901671389 6.0908588687 6.0914677823 
 6.0907178847 6.0914010588 6.0920012045 
 6.0912661918 6.0919409146 6.0925324014 
 6.0918120880 6.0924784727 6.0930614197 
 6.0923556023 6.0930137704 6.0935883057 
 6.0928967639 6.0935468442 6.0941131041 
 6.0934356009 6.0940777290 6.0946358571 
 6.0939721401 6.0946064569 6.0951566030 
 6.0945064055 6.0951330562 6.0956753751 
 6.0950384177 6.0956575507 6.0961922008 
 6.0955681933 6.0961799588 6.0967071009 
 6.0960957439 6.0967002926 6.0972200882 
 6.0966210759 6.0972185576 6.0977311676 
 6.0971441901 6.0977347521 6.0982403352 
 6.0976650812 6.0982488671 6.0987475781 
 6.0981837378 6.0987608859 6.0992528742 
 6.0987001420 6.0992707840 6.0997561925 
 6.0992142701 6.0997785297 6.1002574927 
 6.0997260921 6.1002840837 6.1007567258 
 6.1002355724 6.1007873999 6.1012538348 
 6.1007426699 6.1012884256 6.1017487549 
 6.1012473385 6.1017871022 6.1022414139 
 6.1017495275 6.1022833655 6.1027317336 
 6.1022491823 6.1027771465 6.1032196298 
 6.1027462443 6.1032683720 6.1037050139 
 6.1032406522 6.1037569653 6.1041877927 
 6.1037323421 6.1042428468 6.1046678702 
 6.1042212478 6.1047259347 6.1051451477 
 6.1047073019 6.1052061453 6.1056195251 
 