6.1017143666 6.1029899555 6.1042076390 
 6.1022687812 6.1035390784 6.1047511252 
 6.1028193704 6.1040843211 6.1052906814 
 6.1033661515 6.1046256956 6.1058263140 
 6.1039091388 6.1051632114 6.1063580268 
 6.1044483436 6.1056968749 6.1068858204 
 6.1049837735 6.1062266890 6.1074096924 
 6.1055154322 6.1067526528 6.1079296366 
 6.1060433192 6.1072747615 6.1084456434 
 6.1065674293 6.1077930060 6.1089576990 
 6.1070877525 6.1083073726 6.1094657857 
 6.1076042738 6.1088178430 6.1099698814 
 6.1081169728 6.1093243942 6.1104699600 
 6.1086258241 6.1098269984 6.1109659910 
 6.1091307968 6.1103256229 6.1114579398 
 6.1096318546 6.1108202303 6.1119457677 
 6.1101289563 6.1113107789 6.1124294321 
 6.1106220556 6.1117972225 6.1129088868 
 6.1111111015 6.1122795106 6.1133840821 
 6.1115960386 6.1127575892 6.1138549652 
 6.1120768075 6.1132314010 6.1143214810 
 6.1125533450 6.1137008855 6.1147835718 
 6.1130255850 6.1141659798 6.1152411781 
 6.1134934586 6.1146266191 6.1156942393 
 6.1139568949 6.1150827370 6.1161426938 
 6.1144158214 6.1155342661 6.1165864798 
 6.1148701645 6.1159811385 6.1170255353 
 6.1153198502 6.1164232865 6.1174597992 
 6.1157648044 6.1168606428 6.1178892114 
 6.1162049538 6.1172931411 6.1183137130 
 6.1166402260 6.1177207165 6.1187332473 
 6.1170705500 6.1181433060 6.1191477594 
 6.1174958569 6.1185608487 6.1195571971 
 6.1179160798 6.1189732861 6.1199615106 
 6.1183311547 6.1193805624 6.1203606532 
 6.1187410201 6.1197826250 6.1207545810 
 6.1191456177 6.1201794238 6.1211432532 
 6.1195448925 6.1205709124 6.1215266320 
 6.1199387926 6.1209570471 6.1219046829 
 6.1203272696 6.1213377878 6.1222773740 
 6.1207102787 6.1217130973 6.1226446765 
 6.1210877783 6.1220829417 6.1230065645 
 6.1214597304 6.1224472901 6.1233630143 
 6.1218261003 6.1228061143 6.1237140050 
 6.1221868566 6.1231593891 6.1240595177 
 6.1225419711 6.1235070919 6.1243995357 
 6.1228914186 6.1238492026 6.1247340439 
 6.1232351772 6.1241857034 6.1250630293 
 6.1235732275 6.1245165788 6.1253864799 
 6.1239055532 6.1248418153 6.1257043854 
 6.1242321406 6.1251614015 6.1260167365 
 6.1245529784 6.1254753276 6.1263235252 
 6.1248680580 6.1257835858 6.1266247441 
 6.1251773732 6.1260861698 6.1269203870 
 6.1254809199 6.1263830751 6.1272104484 
 6.1257786965 6.1266742985 6.1274949237 
 6.1260707033 6.1269598384 6.1277738090 
 6.1263569429 6.1272396947 6.1280471010 
 6.1266374198 6.1275138685 6.1283147973 
 6.1269121406 6.1277823625 6.1285768965 
 6.1271811136 6.1280451806 6.1288333976 
 6.1274443489 6.1283023282 6.1290843007 
 6.1277018585 6.1285538118 6.1293296066 
 6.1279536559 6.1287996392 6.1295693172 
 6.1281997560 6.1290398196 6.1298034350 
 6.1284401754 6.1292743630 6.1300319636 
 6.1286749316 6.1295032808 6.1302549075 
 6.1289040436 6.1297265854 6.1304722721 
 6.1291275313 6.1299442899 6.1306840636 
 6.1293454154 6.1301564087 6.1308902892 
 6.1295577173 6.1303629565 6.1310909570 
 6.1297644591 6.1305639490 6.1312860756 
 6.1299656632 6.1307594022 6.1314756547 
 6.1301613523 6.1309493329 6.1316597045 
 6.1303515489 6.1311337579 6.1318382358 
 6.1305362758 6.1313126943 6.1320112600 
 6.1307155552 6.1314861594 6.1321787890 
 6.1308894092 6.1316541703 6.1323408350 
 6.1310578590 6.1318167443 6.1324974108 
 6.1312209255 6.1319738980 6.1326485291 
 6.1313786285 6.1321256482 6.1327942030 
 6.1315309870 6.1322720110 6.1329344457 
 6.1316780192 6.1324130020 6.1330692705 
 6.1318197421 6.1325486364 6.1331986906 
 6.1319561714 6.1326789288 6.1333227192 
 6.1320873220 6.1328038931 6.1334413694 
 6.1322132075 6.1329235426 6.1335546543 
 6.1323338401 6.1330378899 6.1336625867 
 6.1324492312 6.1331469469 6.1337651794 
 6.1325593908 6.1332507249 6.1338624447 
 6.1326643277 6.1333492345 6.1339543951 
 6.1327640498 6.1334424855 6.1340410426 
 6.1328585639 6.1335304872 6.1341223991 
 6.1329478760 6.1336132483 6.1341984762 
 6.1330319908 6.1336907770 6.1342692854 
 6.1331109126 6.1337630809 6.1343348380 
 6.1331846447 6.1338301671 6.1343951449 
 6.1332531899 6.1338920424 6.1344502170 
 6.1333165505 6.1339487131 6.1345000650 
 6.1333747281 6.1340001852 6.1345446994 
 6.1334277242 6.1340464646 6.1345841305 
 6.1334755398 6.1340875568 6.1346183685 
 6.1335181759 6.1341234672 6.1346474234 
 6.1335556333 6.1341542012 6.1346713052 
 6.1335879128 6.1341797640 6.1346900238 
 6.1336150154 6.1342001610 6.1347035888 
 6.1336369422 6.1342153973 6.1347120100 
 6.1336536945 6.1342254786 6.1347152970 
 6.1336652740 6.1342304104 6.1347134594 
 6.1336716830 6.1342301986 6.1347065070 
 6.1336729240 6.1342248493 6.1346944493 
 6.1336690003 6.1342143689 6.1346772961 
 6.1336599156 6.1341987643 6.1346550573 
 6.1336456745 6.1341780426 6.1346277428 
 6.1336262824 6.1341522117 6.1345953628 
 6.1336017453 6.1341212797 6.1345579275 
 6.1335720702 6.1340852553 6.1345154476 
 6.1335372651 6.1340441480 6.1344679339 
 6.1334973386 6.1339979676 6.1344153975 
 6.1334523007 6.1339467250 6.1343578500 
 6.1334021622 6.1338904313 6.1342953030 
 6.1333469348 6.1338290987 6.1342277690 
 6.1332866315 6.1337627399 6.1341552605 
 6.1332212661 6.1336913685 6.1340777907 
 6.1331508535 6.1336149987 6.1339953731 
 6.1330754098 6.1335336455 6.1339080217 
 6.1329949518 6.1334473246 6.1338157511 
 6.1329094975 6.1333560525 6.1337185761 
 6.1328190656 6.1332598463 6.1336165121 
 6.1327236759 6.1331587238 6.1335095750 
 6.1326233489 6.1330527034 6.1333977808 
 6.1325181057 6.1329418038 6.1332811462 
 6.1324079685 6.1328260447 6.1331596880 
 6.1322929596 6.1327054457 6.1330334233 
 6.1321731020 6.1325800270 6.1329023693 
 6.1320484191 6.1324498089 6.1327665434 
 6.1319189345 6.1323148120 6.1326259629 
 6.1317846720 6.1321750569 6.1324806451 
 6.1316456554 6.1320305640 6.1323306072 
 6.1315019084 6.1318813535 6.1321758661 
 6.1313534544 6.1317274456 6.1320164381 
 6.1312003166 6.1315688596 6.1318523394 
 6.1310425176 6.1314056148 6.1316835852 
 6.1308800791 6.1312377292 6.1315101902 
 6.1307130225 6.1310652205 6.1313321684 
 6.1305413679 6.1308881053 6.1311495326 
 6.1303651344 6.1307063991 6.1309622948 
 6.1301843401 6.1305201162 6.1307704656 
 6.1299990017 6.1303292699 6.1305740547 
 6.1298091344 6.1301338720 6.1303730702 
 6.1296147521 6.1299339328 6.1301675190 
 6.1294158670 6.1297294612 6.1299574068 
 6.1292124897 6.1295204647 6.1297427374 
 6.1290046292 6.1293069490 6.1295235135 
 6.1287922926 6.1290889184 6.1292997362 
 6.1285754856 6.1288663756 6.1290714052 
 6.1283542119 6.1286393217 6.1288385190 
 6.1281284736 6.1284077565 6.1286010746 
 6.1278982715 6.1281716783 6.1283590678 
 6.1276636046 6.1279310841 6.1281124936 
 6.1274244706 6.1276859700 6.1278613459 
 6.1271808660 6.1274363308 6.1276056179 
 6.1269327864 6.1271821608 6.1273453023 
 6.1266802262 6.1269234538 6.1270803918 
 6.1264231796 6.1266602031 6.1268108789 
 6.1261616402 6.1263924022 6.1265367564 
 6.1258956017 6.1261200446 6.1262580179 
 6.1256250579 6.1258431249 6.1259746579 
 6.1253500034 6.1255616383 6.1256866724 
 6.1250704335 6.1252755815 6.1253940591 
 6.1247863449 6.1249849530 6.1250968178 
 6.1244977363 6.1246897533 6.1247949509 
 6.1242046081 6.1243899855 6.1244884639 
 6.1239069634 6.1240856558 6.1241773657 
 6.1236048083 6.1237767736 6.1238616690 
 6.1232981523 6.1234633524 6.1235413911 
 6.1229870085 6.1231454095 6.1232165535 
 6.1226713941 6.1228229673 6.1228871832 
 6.1223513311 6.1224960528 6.1225533126 
 6.1220268463 6.1221646985 6.1222149799 
 6.1216979714 6.1218289425 6.1218722292 
 6.1213647441 6.1214888287 6.1215251113 
 6.1210272074 6.1211444075 6.1211736835 
 6.1206854104 6.1207957351 6.1208180095 
 6.1203394083 6.1204428744 6.1204581603 
 6.1199892624 6.1200858947 6.1200942134 
 6.1196350402 6.1197248716 6.1197262530 
 6.1192768150 6.1193598871 6.1193543700 
 6.1189146664 6.1189910292 6.1189786614 
 6.1185486793 6.1186183916 6.1185992303 
 6.1181789442 6.1182420734 6.1182161852 
 6.1178055563 6.1178621786 6.1178296394 
 6.1174286154 6.1174788154 6.1174397105 
 6.1170482249 6.1170920956 6.1170465193 
 6.1166644913 6.1167021336 6.1166501891 
 6.1162775234 6.1163090457 6.1162508449 
 6.1158874312 6.1159129491 6.1158486116 
 6.1154943254 6.1155139605 6.1154436135 
 6.1150983157 6.1151121954 6.1150359725 
 6.1146995101 6.1147077664 6.1146258071 
 6.1142980138 6.1143007822 6.1142132305 
 6.1138939276 6.1138913462 6.1137983497 
 6.1134873469 6.1134795549 6.1133812635 
 6.1130783605 6.1130654969 6.1129620611 
 6.1126670492 6.1126492512 6.1125408209 
 6.1122534846 6.1122308863 6.1121176087 
 6.1118377281 6.1118104584 6.1116924767 
 6.1114198294 6.1113880105 6.1112654616 
 6.1109998259 6.1109635712 6.1108365842 
 6.1105777412 6.1105371540 6.1104058477 
 6.1101535847 6.1101087558 6.1099732374 
 6.1097273508 6.1096783567 6.1095387192 
 6.1092990178 6.1092459193 6.1091022398 
 6.1088685481 6.1088113881 6.1086637259 
 6.1084358872 6.1083746893 6.1082230841 
 6.1080009641 6.1079357308 6.1077802010 
 6.1075636906 6.1074944020 6.1073349430 
 6.1071239616 6.1070505742 6.1068871572 
 6.1066816555 6.1066041008 6.1064366714 
 6.1062366341 6.1061548181 6.1059832950 
 6.1057887430 6.1057025451 6.1055268200 
 6.1053378127 6.1052470851 6.1050670213 
 6.1048836581 6.1047882260 6.1046036583 
 6.1044260802 6.1043257413 6.1041364759 
 6.1039648665 6.1038593910 6.1036652052 
 6.1034997915 6.1033889228 6.1031895657 
 6.1030306182 6.1029140731 6.1027092657 
 6.1025570988 6.1024345684 6.1022240044 
 6.1020789756 6.1019501264 6.1017334729 
 6.1015959829 6.1014604575 6.1012373563 
 6.1011078476 6.1009652660 6.1007353345 
 6.1006142909 6.1004642523 6.1002270850 
 6.1001150302 6.0999571139 6.0997122837 
 6.0996097803 6.0994435478 6.0991906076 
 6.0990982558 6.0989232521 6.0986617366 
 6.0985801728 6.0983959287 6.0981253558 
 6.0980552518 6.0978612850 6.0975811580 
 6.0975232195 6.0973190371 6.0970288462 
 6.0969838124 6.0967689124 6.0964681366 
 6.0964367791 6.0962106526 6.0958987618 
 6.0958818842 6.0956440173 6.0953204740 
 6.0953189116 6.0950687872 6.0947330487 
 6.0947476682 6.0944847682 6.0941362885 
 6.0941679884 6.0938917957 6.0935300276 
 6.0935797379 6.0932897385 6.0929141357 
 6.0929828188 6.0926785042 6.0922885236 
 6.0923771742 6.0920580434 6.0916531476 
 6.0917627929 6.0914283553 6.0910080149 
 6.0911397152 6.0907894930 6.0903531896 
 6.0905080374 6.0901415689 6.0896887983 
 6.0898679181 6.0894847607 6.0890150362 
 6.0892195828 6.0888193168 6.0883321733 
 6.0885633295 6.0881455627 6.0876405607 
 6.0878995341 6.0874639060 6.0869406372 
 6.0872286549 6.0867748425 6.0862329352 
 6.0865512375 6.0860789613 6.0855180869 
 6.0858679181 6.0853769489 6.0847968298 
 6.0851794264 6.0846695934 6.0840700108 
 6.0844865873 6.0839577864 6.0833385903 
 6.0837903204 6.0832425240 6.0826036432 
 6.0830916379 6.0825249048 6.0818663586 
 6.0823916393 6.0818061257 6.0811280354 
 6.0816915025 6.0810874731 6.0803900751 
 6.0809924722 6.0803703108 6.0796539686 
 6.0802958420 6.0796560618 6.0789212778 
 6.0796029336 6.0789461854 6.0781936110 
 6.0789150695 6.0782421478 6.0774725909 
 6.0782335431 6.0775453884 6.0767598168 
 6.0775595843 6.0768572810 6.0760568214 
 6.0768943236 6.0761790929 6.0753650236 
 6.0762387578 6.0755119446 6.0746856816 
 6.0755937176 6.0748567717 6.0740198490 
 6.0749598419 6.0742142948 6.0733683379 
 6.0743375601 6.0735849971 6.0727316926 
 6.0737270838 6.0729691148 6.0721101772 
 6.0731284097 6.0723666390 6.0715037769 
 6.0725413309 6.0717773289 6.0709122133 
 6.0719654579 6.0712007359 6.0703349714 
 6.0714002447 6.0706362338 6.0697713350 
 6.0708450189 6.0700830535 6.0692204276 
 6.0702990130 6.0695403199 6.0686812536 
 6.0697613951 6.0690070863 6.0681527395 
 6.0692312969 6.0684823677 6.0676337705 
 6.0687078389 6.0679651681 6.0671232230 
 6.0681901517 6.0674545056 6.0666199914 
 6.0676773931 6.0669494306 6.0661230094 
 6.0671687622 6.0664490418 6.0656312668 
 6.0666635091 6.0659524967 6.0651438214 
 6.0661609430 6.0654590196 6.0646598068 
 6.0656604361 6.0649679063 6.0641784377 
 6.0651614274 6.0644785275 6.0636990125 
 6.0646634229 6.0639903285 6.0632209134 
 6.0641659958 6.0635028295 6.0627436056 
 6.0636687852 6.0630156236 6.0622666348 
 6.0631714938 6.0625283741 6.0617896246 
 6.0626738855 6.0620408117 6.0613122723 
 6.0621757818 6.0615527303 6.0608343448 
 6.0616770587 6.0610639838 6.0603556748 
 6.0611776429 6.0605744813 6.0598761553 
 6.0606775077 6.0600841835 6.0593957355 
 6.0601766694 6.0595930976 6.0589144157 
 6.0596751827 6.0591012734 6.0584322427 
 6.0591731371 6.0586087987 6.0579493046 
 6.0586706526 6.0581157946 6.0574657265 
 6.0581678755 6.0576224118 6.0569816652 
 6.0576649749 6.0571288253 6.0564973048 
 6.0571621377 6.0566352309 6.0560128521 
 6.0566595659 6.0561418405 6.0555285316 
 6.0561574718 6.0556488780 6.0550445814 
 6.0556560748 6.0551565753 6.0545612487 
 6.0551555975 6.0546651687 6.0540787853 
 6.0546562629 6.0541748948 6.0535974440 
 6.0541582905 6.0536859870 6.0531174747 
 6.0536618936 6.0531986728 6.0526391206 
 6.0531672770 6.0527131701 6.0521626149 
 6.0526746341 6.0522296852 6.0516881784 
 6.0521841448 6.0517484099 6.0512160166 
 6.0516959743 6.0512695203 6.0507463173 
 6.0512102712 6.0507931746 6.0502792495 
 6.0507271667 6.0503195122 6.0498149620 
 6.0502467740 6.0498486533 6.0493535821 
 6.0497691880 6.0493806981 6.0488952160 
 6.0492944852 6.0489157272 6.0484399481 
 6.0488227243 6.0484538015 6.0479878421 
 6.0483539468 6.0479949638 6.0475389414 
 6.0478881778 6.0475392389 6.0470932702 
 6.0474254272 6.0470866352 6.0466508350 
 6.0469656910 6.0466371463 6.0462116261 
 6.0465089527 6.0461907523 6.0457756195 
 6.0460551850 6.0457474213 6.0453427781 
 6.0456043510 6.0453071116 6.0449130544 
 6.0451564058 6.0448697729 6.0444863917 
 6.0447112983 6.0444353482 6.0440627261 
 6.0442689724 6.0440037753 6.0436419885 
 6.0438293687 6.0435749884 6.0432241059 
 6.0433924253 6.0431489193 6.0428090030 
 6.0429580794 6.0427254992 6.0423966039 
 6.0425262681 6.0423046590 6.0419868328 
 6.0420969298 6.0418863312 6.0415796156 
 6.0416700042 6.0414704501 6.0411748805 
 6.0412454336 6.0410569527 6.0407725589 
 6.0408231632 6.0406457796 6.0403725859 
 6.0404031418 6.0402368749 6.0399749009 
 6.0399853216 6.0398301870 6.0395794479 
 6.0395696588 6.0394256684 6.0391861758 
 6.0391561135 6.0390232762 6.0387950382 
 6.0387446499 6.0386229718 6.0384059936 
 6.0383352360 6.0382247210 6.0380190056 
 6.0379278437 6.0378284936 6.0376340420 
 6.0375224484 6.0374342636 6.0372510752 
 6.0371190288 6.0370420086 6.0368700818 
 6.0367175670 6.0366517096 6.0364910420 
 6.0363180476 6.0362633507 6.0361139393 
 6.0359204576 6.0358769186 6.0357387604 
 6.0355247864 6.0354924026 6.0353654945 
 6.0351310249 6.0351097937 6.0349941330 
 6.0347391657 6.0347290846 6.0346246692 
 6.0343492022 6.0343502694 6.0342570975 
 6.0339611290 6.0339733429 6.0338914135 
 6.0335749408 6.0335983006 6.0335276135 
 6.0331906327 6.0332251381 6.0331656941 
 6.0328081998 6.0328538512 6.0328056517 
 6.0324276368 6.0324844352 6.0324474826 
 6.0320489380 6.0321168852 6.0320911826 
 6.0316720970 6.0317511953 6.0317367467 
 6.0312971067 6.0313873591 6.0313841692 
 6.0309239590 6.0310253690 6.0310334430 
 6.0305526449 6.0306652163 6.0306845602 
 6.0301831543 6.0303068915 6.0303375116 
 6.0298154761 6.0299503837 6.0299922867 
 6.0294495981 6.0295956809 6.0296488737 
 6.0290855068 6.0292427698 6.0293072597 
 6.0287231882 6.0288916363 6.0289674304 
 6.0283626267 6.0285422650 6.0286293705 
 6.0280038064 6.0281946396 6.0282930634 
 6.0276467102 6.0278487428 6.0279584919 
 6.0272913203 6.0275045568 6.0276256375 
 6.0269376186 6.0271620627 6.0272944811 
 6.0265855860 6.0268212413 6.0269650031 
 6.0262352033 6.0264820728 6.0266371830 
 6.0258864510 6.0261445371 6.0263110002 
 6.0255393093 6.0258086139 6.0259864337 
 6.0251937584 6.0254742827 6.0256634624 
 6.0248497785 6.0251415230 6.0253420650 
 6.0245073498 6.0248103144 6.0250222204 
 6.0241664529 6.0244806367 6.0247039076 
 6.0238270685 6.0241524699 6.0243871059 
 6.0234891777 6.0238257945 6.0240717950 
 6.0231527622 6.0235005912 6.0237579548 
 6.0228178039 6.0231768413 6.0234455659 
 6.0224842854 6.0228545267 6.0231346094 
 6.0221521897 6.0225336296 6.0228250668 
 6.0218215007 6.0222141332 6.0225169205 
 6.0214922025 6.0218960210 6.0222101533 
 6.0211642800 6.0215792772 6.0219047488 
 6.0208377189 6.0212638867 6.0216006911 
 6.0205125052 6.0209498349 6.0212979653 
 6.0201886257 6.0206371081 6.0209965567 
 6.0198660677 6.0203256929 6.0206964516 
 6.0195448191 6.0200155767 6.0203976368 
 6.0192248683 6.0197067473 6.0201000995 
 6.0189062044 6.0193991931 6.0198038277 
 6.0185888166 6.0190929031 6.0195088098 
 6.0182726950 6.0187878667 6.0192150349 
 6.0179578297 6.0184840736 6.0189224922 
 6.0176442115 6.0181815141 6.0186311715 
 6.0173318314 6.0178801787 6.0183410630 
 6.0170206806 6.0175800583 6.0180521573 
 6.0167107509 6.0172811441 6.0177644450 
 6.0164020339 6.0169834275 6.0174779172 
 6.0160945218 6.0166869000 6.0171925653 
 6.0157882068 6.0163915536 6.0169083807 
 6.0154830812 6.0160973802 6.0166253549 
 6.0151791376 6.0158043718 6.0163434798 
 6.0148763686 6.0155125208 6.0160627472 
 6.0145747669 6.0152218194 6.0157831491 
 6.0142743252 6.0149322600 6.0155046776 
 6.0139750366 6.0146438350 6.0152273246 
 6.0136768939 6.0143565370 6.0149510824 
 6.0133798901 6.0140703586 6.0146759432 
 6.0130840182 6.0137852923 6.0144018991 
 6.0127892713 6.0135013307 6.0141289424 
 6.0124956426 6.0132184666 6.0138570654 
 6.0122031252 6.0129366927 6.0135862604 
 6.0119117125 6.0126560018 6.0133165197 
 6.0116213978 6.0123763867 6.0130478359 
 6.0113321745 6.0120978403 6.0127802012 
 6.0110440361 6.0118203557 6.0125136083 
 6.0107569763 6.0115439259 6.0122480498 
 6.0104709887 6.0112685441 6.0119835184 
 6.0101860673 6.0109942037 6.0117200069 
 6.0099022060 6.0107208980 6.0114575082 
 6.0096193990 6.0104486207 6.0111960153 
 6.0093376407 6.0101773655 6.0109355216 
 6.0090569255 6.0099071262 6.0106760203 
 6.0087772482 6.0096378971 6.0104175049 
 6.0084986036 6.0093696723 6.0101599692 
 6.0082209868 6.0091024463 6.0099034071 
 6.0079443933 6.0088362139 6.0096478127 
 6.0076688186 6.0085709699 6.0093931804 
 6.0073942584 6.0083067096 6.0091395046 
 6.0071207090 6.0080434282 6.0088867802 
 6.0068481664 6.0077811214 6.0086350021 
 6.0065766274 6.0075197852 6.0083841657 
 6.0063060889 6.0072594156 6.0081342664 
 6.0060365477 6.0070000090 6.0078853000 
 6.0057680015 6.0067415621 6.0076372626 
 6.0055004478 6.0064840718 6.0073901504 
 6.0052338846 6.0062275353 6.0071439599 
 6.0049683100 6.0059719502 6.0068986879 
 6.0047037226 6.0057173140 6.0066543316 
 6.0044401211 6.0054636248 6.0064108882 
 6.0041775046 6.0052108810 6.0061683554 
 6.0039158724 6.0049590810 6.0059267310 
 6.0036552242 6.0047082237 6.0056860131 
 6.0033955600 6.0044583082 6.0054462001 
 6.0031368798 6.0042093339 6.0052072907 
 6.0028791842 6.0039613005 6.0049692839 
 6.0026224741 6.0037142079 6.0047321788 
 6.0023667506 6.0034680564 6.0044959751 
 6.0021120150 6.0032228466 6.0042606723 
 6.0018582692 6.0029785793 6.0040262707 
 6.0016055153 6.0027352557 6.0037927705 
 6.0013537556 6.0024928772 6.0035601725 
 6.0011029929 6.0022514457 6.0033284776 
 6.0008532304 6.0020109634 6.0030976871 
 6.0006044715 6.0017714326 6.0028678026 
 6.0003567201 6.0015328563 6.0026388261 
 6.0001099803 6.0012952377 6.0024107598 
 5.9998642570 6.0010585804 6.0021836065 
 5.9996195551 6.0008228883 6.0019573690 
 5.9993758801 6.0005881658 6.0017320510 
 5.9991332380 6.0003544178 6.0015076560 
 5.9988916352 6.0001216495 6.0012841884 
 5.9986510785 5.9998898665 6.0010616528 
 5.9984115754 5.9996590752 6.0008400543 
 5.9981731336 5.9994292820 6.0006193983 
 5.9979357617 5.9992004942 6.0003996910 
 5.9976994685 5.9989727194 6.0001809388 
 5.9974642634 5.9987459657 5.9999631485 
 5.9972301566 5.9985202418 5.9997463279 
 5.9969971587 5.9982955570 5.9995304847 
 5.9967652807 5.9980719211 5.9993156277 
 5.9965345347 5.9978493444 5.9991017657 
 5.9963049328 5.9976278379 5.9988889086 
 5.9960764882 5.9974074133 5.9986770665 
 5.9958492145 5.9971880825 5.9984662502 
 5.9956231259 5.9969698584 5.9982564710 
 5.9953982374 5.9967527543 5.9980477409 
 5.9951745645 5.9965367843 5.9978400725 
 5.9949521234 5.9963219629 5.9976334789 
 5.9947309309 5.9961083054 5.9974279739 
 5.9945110046 5.9958958276 5.9972235718 
 5.9942923625 5.9956845460 5.9970202877 
 5.9940750234 5.9954744777 5.9968181370 
 5.9938590067 5.9952656406 5.9966171360 
 5.9936443325 5.9950580529 5.9964173016 
 5.9934310214 5.9948517336 5.9962186510 
 5.9932190948 5.9946467024 5.9960212025 
 5.9930085747 5.9944429795 5.9958249745 
 5.9927994835 5.9942405857 5.9956299863 
 5.9925918445 5.9940395425 5.9954362578 
 5.9923856814 5.9938398720 5.9952438093 
 5.9921810187 5.9936415967 5.9950526619 
 5.9919778813 5.9934447400 5.9948628373 
 5.9917762949 5.9932493256 5.9946743575 
 5.9915762856 5.9930553781 5.9944872454 
 5.9913778801 5.9928629224 5.9943015244 
 5.9911811059 5.9926719841 5.9941172184 
 5.9909859909 5.9924825894 5.9939343519 
 5.9907925635 5.9922947652 5.9937529502 
 5.9906008530 5.9921085387 5.9935730388 
 5.9904108889 5.9919239380 5.9933946441 
 5.9902227017 5.9917409916 5.9932177931 
 5.9900363221 5.9915597287 5.9930425133 
 5.9898517816 5.9913801790 5.9928688327 
 5.9896691125 5.9912023730 5.9926967802 
 5.9894883472 5.9910263417 5.9925263852 
 5.9893095193 5.9908521167 5.9923576778 
 5.9891326628 5.9906797305 5.9921906887 
 5.9889578121 5.9905092160 5.9920254492 
 5.9887850028 5.9903406069 5.9918619915 
 5.9886142708 5.9901739376 5.9917003485 
 5.9884456528 5.9900092434 5.9915405537 
 5.9882791863 5.9898465599 5.9913826415 
 5.9881149094 5.9896859240 5.9912266469 
 5.9879528611 5.9895273730 5.9910726058 
 5.9877930811 5.9893709452 5.9909205551 
 5.9876356099 5.9892166795 5.9907705323 
 5.9874804889 5.9890646161 5.9906225758 
 5.9873277602 5.9889147955 5.9904767250 
 5.9871774668 5.9887672596 5.9903330202 
 5.9870296526 5.9886220508 5.9901915026 
 5.9868843623 5.9884792126 5.9900522142 
 5.9867416416 5.9883387894 5.9899151983 
 5.9866015369 5.9882008267 5.9897804988 
 5.9864640956 5.9880653707 5.9896481610 
 5.9863293662 5.9879324688 5.9895182309 
 5.9861973978 5.9878021691 5.9893907556 
 5.9860682406 5.9876745210 5.9892657833 
 5.9859419456 5.9875495745 5.9891433632 
 5.9858185647 5.9874273810 5.9890235455 
 5.9856981508 5.9873079926 5.9889063815 
 5.9855807574 5.9871914622 5.9887919233 
 5.9854664393 5.9870778440 5.9886802243 
 5.9853552516 5.9869671929 5.9885713387 
 5.9852472506 5.9868595648 5.9884653218 
 5.9851424931 5.9867550163 5.9883622297 
 5.9850410368 5.9866536050 5.9882621196 
 5.9849429400 5.9865553892 5.9881650496 
 5.9848482617 5.9864604282 5.9880710784 
 5.9847570615 5.9863687817 5.9879802659 
 5.9846693996 5.9862805103 5.9878926726 
 5.9845853367 5.9861956752 5.9878083597 
 5.9845049338 5.9861143381 5.9877273893 
 5.9844282526 5.9860365614 5.9876498239 
 5.9843553548 5.9859624080 5.9875757268 
 5.9842863028 5.9858919409 5.9875051619 
 5.9842211590 5.9858252239 5.9874381933 
 5.9841599858 5.9857623208 5.9873748860 
 5.9841028461 5.9857032958 5.9873153049 
 5.9840498026 5.9856482134 5.9872595155 
 5.9840009180 5.9855971380 5.9872075836 
 5.9839562551 5.9855501342 5.9871595751 
 5.9839158764 5.9855072667 5.9871155562 
 5.9838798443 5.9854686000 5.9870755929 
 5.9838482210 5.9854341986 5.9870397516 
 5.9838210684 5.9854041269 5.9870080986 
 5.9837984479 5.9853784490 5.9869806999 
 5.9837804209 5.9853572289 5.9869576216 
 5.9837670480 5.9853405302 5.9869389298 
 5.9837583896 5.9853284162 5.9869246900 
 5.9837545053 5.9853209498 5.9869149679 
 5.9837554546 5.9853181936 5.9869098285 
 5.9837612960 5.9853202095 5.9869093368 
 5.9837720877 5.9853270594 5.9869135572 
 5.9837878872 5.9853388042 5.9869225541 
 5.9838087513 5.9853555046 5.9869363911 
 5.9838347362 5.9853772206 5.9869551316 
 5.9838658974 5.9854040117 5.9869788385 
 5.9839022898 5.9854359369 5.9870075742 
 5.9839439676 5.9854730545 5.9870414008 
 5.9839909840 5.9855154221 5.9870803796 
 5.9840433920 5.9855630971 5.9871245716 
 5.9841012434 5.9856161357 5.9871740373 
 5.9841645896 5.9856745940 5.9872288367 
 5.9842334811 5.9857385272 5.9872890292 
 5.9843079677 5.9858079898 5.9873546736 
 5.9843880985 5.9858830358 5.9874258282 
 5.9844739217 5.9859637186 5.9875025509 
 5.9845654850 5.9860500906 5.9875848988 
 5.9846628351 5.9861422039 5.9876729285 
 5.9847660179 5.9862401097 5.9877666961 
 5.9848750786 5.9863438585 5.9878662570 
 5.9849900616 5.9864535002 5.9879716659 
 5.9851110104 5.9865690837 5.9880829769 
 5.9852379677 5.9866906574 5.9882002436 
 5.9853709751 5.9868182686 5.9883235184 
 5.9855100735 5.9869519640 5.9884528536 
 5.9856553027 5.9870917894 5.9885883001 
 5.9858067016 5.9872377895 5.9887299083 
 5.9859643080 5.9873900082 5.9888777277 
 5.9861281586 5.9875484883 5.9890318067 
 5.9862982891 5.9877132715 5.9891921929 
 5.9864747339 5.9878843987 5.9893589327 
 5.9866575261 5.9880619091 5.9895320716 
 5.9868466976 5.9882458412 5.9897116535 
 5.9870422791 5.9884362317 5.9898977215 
 5.9872442997 5.9886331164 5.9900903171 
 5.9874527872 5.9888365293 5.9902894806 
 5.9876677678 5.9890465032 5.9904952506 
 5.9878892662 5.9892630692 5.9907076643 
 5.9881173055 5.9894862567 5.9909267572 
 5.9883519071 5.9897160936 5.9911525631 
 5.9885930908 5.9899526060 5.9913851141 
 5.9888408745 5.9901958180 5.9916244403 
 5.9890952744 5.9904457522 5.9918705701 
 5.9893563049 5.9907024290 5.9921235295 
 5.9896239785 5.9909658669 5.9923833430 
 5.9898983059 5.9912360823 5.9926500324 
 5.9901792958 5.9915130899 5.9929236176 
 5.9904669550 5.9917969019 5.9932041164 
 5.9907612884 5.9920875287 5.9934915441 
 5.9910622991 5.9923849783 5.9937859137 
 5.9913699880 5.9926892569 5.9940872359 
 5.9916843543 5.9930003682 5.9943955192 
 5.9920053953 5.9933183141 5.9947107694 
 5.9923331064 5.9936430940 5.9950329902 
 5.9926674812 5.9939747055 5.9953621828 
 5.9930085114 5.9943131441 5.9956983459 
 5.9933561873 5.9946584029 5.9960414762 
 5.9937104970 5.9950104734 5.9963915676 
 5.9940714273 5.9953693448 5.9967486121 
 5.9944389634 5.9957350046 5.9971125992 
 5.9948130889 5.9961074384 5.9974835163 
 5.9951937860 5.9964866298 5.9978613488 
 5.9955810355 5.9968725609 5.9982460796 
 5.9959748169 5.9972652120 5.9986376901 
 5.9963751085 5.9976645619 5.9990361593 
 5.9967818874 5.9980705876 5.9994414646 
 5.9971951297 5.9984832650 5.9998535815 
 5.9976148103 5.9989025685 6.0002724839 
 5.9980409033 5.9993284711 6.0006981439 
 5.9984733819 5.9997609447 6.0011305322 
 5.9989122184 6.0001999599 6.0015696180 
 5.9993573843 6.0006454864 6.0020153689 
 5.9998088504 6.0010974927 6.0024677515 
 6.0002665868 6.0015559463 6.0029267311 
 6.0007305630 6.0020208140 6.0033922715 
 6.0012007477 6.0024920613 6.0038643357 
 6.0016771090 6.0029696533 6.0043428854 
 6.0021596145 6.0034535539 6.0048278815 
 6.0026482308 6.0039437263 6.0053192837 
 6.0031429243 6.0044401328 6.0058170507 
 6.0036436603 6.0049427351 6.0063211403 
 6.0041504037 6.0054514936 6.0068315092 
 6.0046631182 6.0059663682 6.0073481132 
 6.0051817669 6.0064873176 6.0078709070 
 6.0057063120 6.0070142997 6.0083998443 
 6.0062367147 6.0075472712 6.0089348777 
 6.0067729348 6.0080861877 6.0094759584 
 6.0073149311 6.0086310036 6.0100230366 
 6.0078626613 6.0091816718 6.0105760610 
 6.0084160811 6.0097381440 6.0111349788 
 6.0089751453 6.0103003702 6.0116997359 
 6.0095398064 6.0108682988 6.0122702764 
 6.0101100155 6.0114418764 6.0128465424 
 6.0106857216 6.0120210475 6.0134284743 
 6.0112668716 6.0126057548 6.0140160106 
 6.0118534102 6.0131959387 6.0146090872 
 6.0124452797 6.0137915371 6.0152076380 
 6.0130424201 6.0143924856 6.0158115943 
 6.0136447685 6.0149987172 6.0164208849 
 6.0142522595 6.0156101620 6.0170354357 
 6.0148648249 6.0162267476 6.0176551699 
 6.0154823934 6.0168483983 6.0182800078 
 6.0161048909 6.0174750356 6.0189098664 
 6.0167322401 6.0181065776 6.0195446597 
 6.0173643606 6.0187429396 6.0201842985 
 6.0180011690 6.0193840335 6.0208286903 
 6.0186425785 6.0200297678 6.0214777392 
 6.0192884993 6.0206800479 6.0221313461 
 6.0199388385 6.0213347760 6.0227894086 
 6.0205934999 6.0219938509 6.0234518209 
 6.0212523847 6.0226571686 6.0241184742 
 6.0219153907 6.0233246217 6.0247892563 
 6.0225824134 6.0239961003 6.0254640522 
 6.0232533453 6.0246714912 6.0261427441 
 6.0239280766 6.0253506792 6.0268252115 
 6.0246064953 6.0260335463 6.0275113314 
 6.0252884873 6.0267199725 6.0282009787 
 6.0259739368 6.0274098360 6.0288940261 
 6.0266627264 6.0281030132 6.0295903450 
 6.0273547375 6.0287993794 6.0302898052 
 6.0280498505 6.0294988087 6.0309922757 
 6.0287479455 6.0302011747 6.0316976246 
 6.0294489019 6.0309063507 6.0324057200 
 6.0301525996 6.0316142100 6.0331164299 
 6.0308589187 6.0323246264 6.0338296230 
 6.0315677401 6.0330374746 6.0345451686 
 6.0322789458 6.0337526302 6.0352629376 
 6.0329924194 6.0344699707 6.0359828023 
 6.0337080462 6.0351893754 6.0367046372 
 6.0344257137 6.0359107257 6.0374283192 
 6.0351453118 6.0366339060 6.0381537279 
 6.0358667332 6.0373588031 6.0388807462 
 6.0365898734 6.0380853075 6.0396092600 
 6.0373146313 6.0388133127 6.0403391592 
 6.0380409091 6.0395427162 6.0410703374 
 6.0387686127 6.0402734193 6.0418026924 
 6.0394976517 6.0410053272 6.0425361262 
 6.0402279394 6.0417383492 6.0432705451 
 6.0409593932 6.0424723990 6.0440058599 
 6.0416919343 6.0432073942 6.0447419860 
 6.0424254877 6.0439432571 6.0454788429 
 6.0431599823 6.0446799136 6.0462163550 
 6.0438953509 6.0454172940 6.0469544505 
 6.0446315297 6.0461553325 6.0476930622 
 6.0453684582 6.0468939670 6.0484321267 
 6.0461060794 6.0476331388 6.0491715842 
 6.0468443392 6.0483727926 6.0499113787 
 6.0475831860 6.0491128761 6.0506514571 
 6.0483225707 6.0498533397 6.0513917695 
 6.0490624463 6.0505941359 6.0521322683 
 6.0498027675 6.0513352195 6.0528729082 
 6.0505434902 6.0520765467 6.0536136453 
 6.0512845714 6.0528180747 6.0543544375 
 6.0520259683 6.0535597617 6.0550952432 
 6.0527676387 6.0543015661 6.0558360215 
 6.0535095396 6.0550434460 6.0565767312 
 6.0542516276 6.0557853592 6.0573173309 
 6.0549938578 6.0565272622 6.0580577781 
 6.0557361839 6.0572691103 6.0587980290 
 6.0564785577 6.0580108565 6.0595380380 
 6.0572209283 6.0587524518 6.0602777571 
 6.0579632421 6.0594938445 6.0610171358 
 6.0587054425 6.0602349795 6.0617561205 
 6.0594474691 6.0609757986 6.0624946543 
 6.0601892580 6.0617162395 6.0632326765 
 6.0609307410 6.0624562362 6.0639701225 
 6.0616718455 6.0631957181 6.0647069233 
 6.0624124947 6.0639346102 6.0654430058 
 6.0631526069 6.0646728331 6.0661782919 
 6.0638920957 6.0654103022 6.0669126992 
 6.0646308699 6.0661469286 6.0676461404 
 6.0653688335 6.0668826185 6.0683785237 
 6.0661058859 6.0676172731 6.0691097525 
 6.0668419219 6.0683507897 6.0698397260 
 6.0675768319 6.0690830606 6.0705683389 
 6.0683105022 6.0698139746 6.0712954824 
 6.0690428154 6.0705434166 6.0720210436 
 6.0697736507 6.0712712680 6.0727449067 
 6.0705028843 6.0719974075 6.0734669531 
 6.0712303899 6.0727217114 6.0741870619 
 6.0719560394 6.0734440541 6.0749051105 
 6.0726797033 6.0741643088 6.0756209752 
 6.0734012513 6.0748823480 6.0763345317 
 6.0741205530 6.0755980440 6.0770456559 
 6.0748374784 6.0763112701 6.0777542244 
 6.0755518989 6.0770219005 6.0784601152 
 6.0762636875 6.0777298114 6.0791632084 
 6.0769727196 6.0784348817 6.0798633868 
 6.0776788738 6.0791369933 6.0805605362 
 6.0783820323 6.0798360318 6.0812545466 
 6.0790820812 6.0805318870 6.0819453119 
 6.0797789116 6.0812244537 6.0826327313 
 6.0804724195 6.0819136316 6.0833167089 
 6.0811625064 6.0825993259 6.0839971544 
 6.0818490796 6.0832814480 6.0846739835 
 6.0825320525 6.0839599149 6.0853471179 
 6.0832113447 6.0846346504 6.0860164856 
 6.0838868823 6.0853055842 6.0866820210 
 6.0845585977 6.0859726528 6.0873436647 
 6.0852264302 6.0866357990 6.0880013639 
 6.0858903250 6.0872949720 6.0886550717 
 6.0865502341 6.0879501272 6.0893047476 
 6.0872061155 6.0886012261 6.0899503568 
 6.0878579334 6.0892482362 6.0905918701 
 6.0885056578 6.0898911304 6.0912292638 
 6.0891492641 6.0905298872 6.0918625193 
 6.0897887334 6.0911644900 6.0924916226 
 6.0904240515 6.0917949270 6.0931165641 
 6.0910552090 6.0924211909 6.0937373382 
 6.0916822013 6.0930432783 6.0943539433 
 6.0923050274 6.0936611899 6.0949663806 
 6.0929236906 6.0942749294 6.0955746549 
 6.0935381974 6.0948845042 6.0961787730 
 6.0941485578 6.0954899238 6.0967787445 
 6.0947547844 6.0960912008 6.0973745808 
 6.0953568926 6.0966883497 6.0979662949 
 6.0959549003 6.0972813867 6.0985539013 
 6.0965488270 6.0978703300 6.0991374156 
 6.0971386942 6.0984551987 6.0997168540 
 6.0977245247 6.0990360131 6.1002922336 
 6.0983063423 6.0996127941 6.1008635713 
 6.0988841718 6.1001855630 6.1014308843 
 6.0994580381 6.1007543410 6.1019941894 
 6.1000279664 6.1013191493 6.1025535027 
 6.1005939814 6.1018800083 6.1031088396 
 6.1011561071 6.1024369377 6.1036602141 
 6.1017143666 6.1029899555 6.1042076390 
 