6.1219579361 6.1223949971 6.1227473908 
 6.1225151459 6.1229430831 6.1232863104 
 6.1230665203 6.1234853724 6.1238194793 
 6.1236119638 6.1240217588 6.1243467800 
 6.1241513778 6.1245521328 6.1248680914 
 6.1246846605 6.1250763817 6.1253832890 
 6.1252117081 6.1255943906 6.1258922462 
 6.1257324150 6.1261060431 6.1263948346 
 6.1262466748 6.1266112218 6.1268909253 
 6.1267543804 6.1271098093 6.1273803896 
 6.1272554254 6.1276016889 6.1278630998 
 6.1277497042 6.1280867453 6.1283389302 
 6.1282371128 6.1285648657 6.1288077579 
 6.1287175500 6.1290359400 6.1292694637 
 6.1291909173 6.1294998621 6.1297239330 
 6.1296571204 6.1299565307 6.1301710567 
 6.1301160693 6.1304058497 6.1306107320 
 6.1305676794 6.1308477292 6.1310428630 
 6.1310118718 6.1312820862 6.1314673619 
 6.1314485744 6.1317088451 6.1318841496 
 6.1318777223 6.1321279389 6.1322931562 
 6.1322992581 6.1325393093 6.1326943219 
 6.1327131329 6.1329429073 6.1330875975 
 6.1331193068 6.1333386941 6.1334729451 
 6.1335177489 6.1337266411 6.1338503383 
 6.1339084380 6.1341067307 6.1342197627 
 6.1342913628 6.1344789563 6.1345812163 
 6.1346665224 6.1348433226 6.1349347097 
 6.1350339257 6.1351998454 6.1352802658 
 6.1353935922 6.1355485524 6.1356179202 
 6.1357455515 6.1358894819 6.1359477210 
 6.1360898432 6.1362226838 6.1362697279 
 6.1364265163 6.1365482180 6.1365840128 
 6.1367556294 6.1368661549 6.1368906581 
 6.1370772495 6.1371765741 6.1371897569 
 6.1373914516 6.1374795639 6.1374814114 
 6.1376983179 6.1377752206 6.1377657324 
 6.1379979368 6.1380636467 6.1380428379 
 6.1382904020 6.1383449509 6.1383128520 
 6.1385758114 6.1386192457 6.1385759031 
 6.1388542658 6.1388866471 6.1388321230 
 6.1391258678 6.1391472723 6.1390816449 
 6.1393907203 6.1394012391 6.1393246021 
 6.1396489255 6.1396486638 6.1395611261 
 6.1399005834 6.1398896601 6.1397913452 
 6.1401457905 6.1401243373 6.1400153827 
 6.1403846388 6.1403527994 6.1402333553 
 6.1406172141 6.1405751435 6.1404453719 
 6.1408435956 6.1407914584 6.1406515320 
 6.1410638544 6.1410018239 6.1408519246 
 6.1412780528 6.1412063095 6.1410466271 
 6.1414862437 6.1414049740 6.1412357043 
 6.1416884700 6.1415978644 6.1414192079 
 6.1418847640 6.1417850158 6.1415971759 
 6.1420751476 6.1419664513 6.1417696325 
 6.1422596317 6.1421421814 6.1419365879 
 6.1424382169 6.1423122048 6.1420980386 
 6.1426108934 6.1424765081 6.1422539676 
 6.1427776414 6.1426350670 6.1424043450 
 6.1429384321 6.1427878461 6.1425491292 
 6.1430932277 6.1429348006 6.1426882672 
 6.1432419830 6.1430758766 6.1428216960 
 6.1433846457 6.1432110123 6.1429493435 
 6.1435211575 6.1433401392 6.1430711302 
 6.1436514555 6.1434631833 6.1431869702 
 6.1437754727 6.1435800661 6.1432967726 
 6.1438931395 6.1436907059 6.1434004429 
 6.1440043848 6.1437950193 6.1434978846 
 6.1441091367 6.1438929223 6.1435890002 
 6.1442073240 6.1439843310 6.1436736929 
 6.1442988772 6.1440691637 6.1437518679 
 6.1443837290 6.1441473413 6.1438234332 
 6.1444618158 6.1442187885 6.1438883012 
 6.1445330783 6.1442834349 6.1439463899 
 6.1445974624 6.1443412157 6.1439976232 
 6.1446549197 6.1443920727 6.1440419325 
 6.1447054083 6.1444359551 6.1440792571 
 6.1447488936 6.1444728196 6.1441095453 
 6.1447853482 6.1445026315 6.1441327544 
 6.1448147531 6.1445253652 6.1441488517 
 6.1448370971 6.1445410038 6.1441578146 
 6.1448523779 6.1445495403 6.1441596312 
 6.1448606017 6.1445509773 6.1441543001 
 6.1448617835 6.1445453270 6.1441418309 
 6.1448559472 6.1445326115 6.1441222438 
 6.1448431252 6.1445128625 6.1440955699 
 6.1448233587 6.1444861214 6.1440618508 
 6.1447966970 6.1444524387 6.1440211382 
 6.1447631978 6.1444118739 6.1439734940 
 6.1447229264 6.1443644954 6.1439189895 
 6.1446759555 6.1443103795 6.1438577051 
 6.1446223647 6.1442496102 6.1437897296 
 6.1445622400 6.1441822789 6.1437151597 
 6.1444956732 6.1441084831 6.1436340993 
 6.1444227617 6.1440283264 6.1435466587 
 6.1443436072 6.1439419177 6.1434529540 
 6.1442583156 6.1438493700 6.1433531062 
 6.1441669960 6.1437508004 6.1432472402 
 6.1440697603 6.1436463285 6.1431354843 
 6.1439667223 6.1435360763 6.1430179690 
 6.1438579968 6.1434201672 6.1428948263 
 6.1437436995 6.1432987250 6.1427661891 
 6.1436239458 6.1431718735 6.1426321896 
 6.1434988501 6.1430397355 6.1424929594 
 6.1433685258 6.1429024321 6.1423486279 
 6.1432330838 6.1427600823 6.1421993224 
 6.1430926326 6.1426128020 6.1420451664 
 6.1429472775 6.1424607037 6.1418862800 
 6.1427971203 6.1423038957 6.1417227784 
 6.1426422586 6.1421424822 6.1415547721 
 6.1424827858 6.1419765621 6.1413823662 
 6.1423187906 6.1418062294 6.1412056599 
 6.1421503568 6.1416315725 6.1410247464 
 6.1419775630 6.1414526742 6.1408397126 
 6.1418004828 6.1412696115 6.1406506391 
 6.1416191846 6.1410824556 6.1404576001 
 6.1414337314 6.1408912721 6.1402606632 
 6.1412441812 6.1406961205 6.1400598900 
 6.1410505870 6.1404970551 6.1398553356 
 6.1408529968 6.1402941246 6.1396470493 
 6.1406514540 6.1400873724 6.1394350746 
 6.1404459976 6.1398768372 6.1392194497 
 6.1402366622 6.1396625529 6.1390002076 
 6.1400234787 6.1394445491 6.1387773766 
 6.1398064744 6.1392228515 6.1385509803 
 6.1395856729 6.1389974818 6.1383210388 
 6.1393610952 6.1387684588 6.1380875681 
 6.1391327594 6.1385357978 6.1378505811 
 6.1389006809 6.1382995118 6.1376100877 
 6.1386648732 6.1380596112 6.1373660953 
 6.1384253476 6.1378161041 6.1371186088 
 6.1381821139 6.1375689971 6.1368676314 
 6.1379351802 6.1373182948 6.1366131641 
 6.1376845531 6.1370640005 6.1363552065 
 6.1374302381 6.1368061159 6.1360937570 
 6.1371722396 6.1365446418 6.1358288125 
 6.1369105607 6.1362795777 6.1355603687 
 6.1366452038 6.1360109219 6.1352884202 
 6.1363761698 6.1357386719 6.1350129606 
 6.1361034591 6.1354628239 6.1347339822 
 6.1358270706 6.1351833730 6.1344514763 
 6.1355470022 6.1349003131 6.1341654328 
 6.1352632506 6.1346136370 6.1338758404 
 6.1349758112 6.1343233358 6.1335826862 
 6.1346846780 6.1340293993 6.1332859560 
 6.1343898435 6.1337318158 6.1329856335 
 6.1340912985 6.1334305718 6.1326817011 
 6.1337890323 6.1331256519 6.1323741388 
 6.1334830322 6.1328170390 6.1320629249 
 6.1331732841 6.1325047141 6.1317480356 
 6.1328597715 6.1321886559 6.1314294449 
 6.1325424766 6.1318688415 6.1311071247 
 6.1322213793 6.1315452459 6.1307810448 
 6.1318964583 6.1312178422 6.1304511730 
 6.1315676902 6.1308866019 6.1301174751 
 6.1312350504 6.1305514948 6.1297799155 
 6.1308985131 6.1302124894 6.1294384569 
 6.1305580513 6.1298695532 6.1290930609 
 6.1302136376 6.1295226530 6.1287436883 
 6.1298652442 6.1291717552 6.1283902998 
 6.1295128434 6.1288168266 6.1280328559 
 6.1291564081 6.1284578344 6.1276713180 
 6.1287959126 6.1280947472 6.1273056489 
 6.1284313325 6.1277275354 6.1269358133 
 6.1280626462 6.1273561720 6.1265617785 
 6.1276898347 6.1269806333 6.1261835155 
 6.1273128830 6.1266008996 6.1258009996 
 6.1269317803 6.1262169559 6.1254142114 
 6.1265465213 6.1258287930 6.1250231372 
 6.1261571063 6.1254364080 6.1246277707 
 6.1257635427 6.1250398057 6.1242281133 
 6.1253658454 6.1246389987 6.1238241755 
 6.1249640373 6.1242340089 6.1234159772 
 6.1245581510 6.1238248680 6.1230035493 
 6.1241482285 6.1234116186 6.1225869344 
 6.1237343228 6.1229943147 6.1221661874 
 6.1233164979 6.1225730227 6.1217413766 
 6.1228948299 6.1221478219 6.1213125843 
 6.1224694075 6.1217188053 6.1208799077 
 6.1220403321 6.1212860799 6.1204434592 
 6.1216077189 6.1208497675 6.1200033672 
 6.1211716965 6.1204100047 6.1195597764 
 6.1207324076 6.1199669433 6.1191128478 
 6.1202900086 6.1195207505 6.1186627593 
 6.1198446701 6.1190716084 6.1182097050 
 6.1193965759 6.1186197141 6.1177538956 
 6.1189459232 6.1181652792 6.1172955574 
 6.1184929216 6.1177085288 6.1168349318 
 6.1180377923 6.1172497011 6.1163722745 
 6.1175807674 6.1167890460 6.1159078540 
 6.1171220880 6.1163268236 6.1154419503 
 6.1166620030 6.1158633027 6.1149748532 
 6.1162007675 6.1153987590 6.1145068599 
 6.1157386404 6.1149334725 6.1140382729 
 6.1152758823 6.1144677254 6.1135693972 
 6.1148127530 6.1140017992 6.1131005374 
 6.1143495087 6.1135359717 6.1126319942 
 6.1138863991 6.1130705136 6.1121640612 
 6.1134236643 6.1126056856 6.1116970207 
 6.1129615317 6.1121417342 6.1112311404 
 6.1125002124 6.1116788886 6.1107666689 
 6.1120398981 6.1112173566 6.1103038316 
 6.1115807577 6.1107573211 6.1098428270 
 6.1111229341 6.1102989367 6.1093838225 
 6.1106665413 6.1098423260 6.1089269510 
 6.1102116614 6.1093875769 6.1084723068 
 6.1097583426 6.1089347396 6.1080199433 
 6.1093065965 6.1084838243 6.1075698703 
 6.1088563971 6.1080347998 6.1071220517 
 6.1084076794 6.1075875918 6.1066764043 
 6.1079603387 6.1071420827 6.1062327975 
 6.1075142311 6.1066981112 6.1057910528 
 6.1070691736 6.1062554734 6.1053509450 
 6.1066249457 6.1058139241 6.1049122032 
 6.1061812906 6.1053731782 6.1044745135 
 6.1057379178 6.1049329138 6.1040375215 
 6.1052945055 6.1044927747 6.1036008354 
 6.1048507038 6.1040523741 6.1031640300 
 6.1044061378 6.1036112981 6.1027266509 
 6.1039604114 6.1031691097 6.1022882189 
 6.1035131107 6.1027253531 6.1018482341 
 6.1030638081 6.1022795575 6.1014061812 
 6.1026120658 6.1018312419 6.1009615338 
 6.1021574399 6.1013799187 6.1005137588 
 6.1016994835 6.1009250979 6.1000623214 
 6.1012377510 6.1004662910 6.0996066884 
 6.1007718007 6.1000030147 6.0991463331 
 6.1003011984 6.0995347941 6.0986807382 
 6.0998255201 6.0990611663 6.0982094001 
 6.0993443550 6.0985816830 6.0977318313 
 6.0988573082 6.0980959135 6.0972475638 
 6.0983640025 6.0976034472 6.0967561521 
 6.0978640817 6.0971038962 6.0962571751 
 6.0973572118 6.0965968975 6.0957502389 
 6.0968430839 6.0960821150 6.0952349795 
 6.0963214156 6.0955592420 6.0947110641 
 6.0957919536 6.0950280033 6.0941781943 
 6.0952544754 6.0944881570 6.0936361074 
 6.0947087917 6.0939394971 6.0930845796 
 6.0941547485 6.0933818555 6.0925234276 
 6.0935922291 6.0928151048 6.0919525115 
 6.0930211573 6.0922391604 6.0913717376 
 6.0924414995 6.0916539836 6.0907810609 
 6.0918532674 6.0910595844 6.0901804884 
 6.0912565215 6.0904560247 6.0895700825 
 6.0906513739 6.0898434216 6.0889499645 
 6.0900379919 6.0892219513 6.0883203184 
 6.0894166012 6.0885918524 6.0876813952 
 6.0887874900 6.0879534304 6.0870335169 
 6.0881510124 6.0873070615 6.0863770812 
 6.0875075924 6.0866531966 6.0857125663 
 6.0868577275 6.0859923662 6.0850405352 
 6.0862019924 6.0853251837 6.0843616404 
 6.0855410423 6.0846523496 6.0836766285 
 6.0848756153 6.0839746544 6.0829863436 
 6.0842065348 6.0832929818 6.0822917309 
 6.0835347102 6.0826083095 6.0815938385 
 6.0828611367 6.0819217096 6.0808938180 
 6.0821868934 6.0812343471 6.0801929233 
 6.0815131385 6.0805474752 6.0794925062 
 6.0808411032 6.0798624289 6.0787940101 
 6.0801720808 6.0791806142 6.0780989583 
 6.0795074142 6.0785034941 6.0774089393 
 6.0788484778 6.0778325695 6.0767255864 
 6.0781966564 6.0771693560 6.0760505525 
 6.0775533200 6.0765153563 6.0753854794 
 6.0769197950 6.0758720283 6.0747319627 
 6.0762973329 6.0752407497 6.0740915129 
 6.0756870775 6.0746227816 6.0734655144 
 6.0750900327 6.0740192320 6.0728551844 
 6.0745070323 6.0734310215 6.0722615346 
 6.0739387146 6.0728588543 6.0716853384 
 6.0733855032 6.0723031962 6.0711271061 
 6.0728475955 6.0717642616 6.0705870698 
 6.0723249603 6.0712420106 6.0700651800 
 6.0718173447 6.0707361564 6.0695611144 
 6.0713242885 6.0702461824 6.0690742962 
 6.0708451469 6.0697713667 6.0686039229 
 6.0703791172 6.0693108138 6.0681490003 
 6.0699252698 6.0688634884 6.0677083822 
 6.0694825795 6.0684282519 6.0672808099 
 6.0690499573 6.0680038970 6.0668649515 
 6.0686262796 6.0675891808 6.0664594388 
 6.0682104144 6.0671828544 6.0660628991 
 6.0678012445 6.0667836875 6.0656739839 
 6.0673976866 6.0663904902 6.0652913908 
 6.0669987064 6.0660021289 6.0649138823 
 6.0666033309 6.0656175396 6.0645402990 
 6.0662106571 6.0652357369 6.0641695695 
 6.0658198574 6.0648558199 6.0638007164 
 6.0654301841 6.0644769761 6.0634328602 
 6.0650409706 6.0640984828 6.0630652199 
 6.0646516317 6.0637197070 6.0626971131 
 6.0642616627 6.0633401036 6.0623279537 
 6.0638706372 6.0629592133 6.0619572488 
 6.0634782048 6.0625766595 6.0615845957 
 6.0630840873 6.0621921444 6.0612096767 
 6.0626880759 6.0618054451 6.0608322555 
 6.0622900268 6.0614164091 6.0604521720 
 6.0618898572 6.0610249500 6.0600693371 
 6.0614875414 6.0606310432 6.0596837283 
 6.0610831063 6.0602347207 6.0592953844 
 6.0606766275 6.0598360668 6.0589044003 
 6.0602682243 6.0594352135 6.0585109222 
 6.0598580560 6.0590323356 6.0581151423 
 6.0594463170 6.0586276459 6.0577172939 
 6.0590332328 6.0582213906 6.0573176463 
 6.0586190552 6.0578138446 6.0569164995 
 6.0582040580 6.0574053065 6.0565141791 
 6.0577885328 6.0569960938 6.0561110312 
 6.0573727838 6.0565865383 6.0557074171 
 6.0569571242 6.0561769810 6.0553037081 
 6.0565418713 6.0557677674 6.0549002806 
 6.0561273423 6.0553592433 6.0544975105 
 6.0557138505 6.0549517495 6.0540957689 
 6.0553017008 6.0545456180 6.0536954169 
 6.0548911862 6.0541411679 6.0532968012 
 6.0544825845 6.0537387013 6.0529002502 
 6.0540761550 6.0533385000 6.0525060699 
 6.0536721358 6.0529408228 6.0521145411 
 6.0532707415 6.0525459026 6.0517259159 
 6.0528721616 6.0521539447 6.0513404163 
 6.0524765589 6.0517651251 6.0509582322 
 6.0520840691 6.0513795898 6.0505795205 
 6.0516947999 6.0509974545 6.0502044048 
 6.0513088321 6.0506188050 6.0498329757 
 6.0509262192 6.0502436976 6.0494652920 
 6.0505469897 6.0498721606 6.0491013815 
 6.0501711475 6.0495041961 6.0487412435 
 6.0497986745 6.0491397817 6.0483848504 
 6.0494295323 6.0487788730 6.0480321510 
 6.0490636646 6.0484214062 6.0476830728 
 6.0487009995 6.0480673007 6.0473375252 
 6.0483414520 6.0477164616 6.0469954023 
 6.0479849265 6.0473687827 6.0466565860 
 6.0476313192 6.0470241492 6.0463209492 
 6.0472805203 6.0466824398 6.0459883580 
 6.0469324164 6.0463435298 6.0456586751 
 6.0465868924 6.0460072927 6.0453317615 
 6.0462438333 6.0456736026 6.0450074794 
 6.0459031261 6.0453423358 6.0446856935 
 6.0455646609 6.0450133725 6.0443662731 
 6.0452283324 6.0446865979 6.0440490935 
 6.0448940409 6.0443619038 6.0437340370 
 6.0445616930 6.0440391889 6.0434209940 
 6.0442312023 6.0437183598 6.0431098635 
 6.0439024898 6.0433993313 6.0428005541 
 6.0435754844 6.0430820269 6.0424929834 
 6.0432501225 6.0427663787 6.0421870788 
 6.0429263487 6.0424523273 6.0418827773 
 6.0426041151 6.0421398219 6.0415800251 
 6.0422833810 6.0418288198 6.0412787772 
 6.0419641132 6.0415192859 6.0409789972 
 6.0416462847 6.0412111926 6.0406806567 
 6.0413298748 6.0409045186 6.0403837343 
 6.0410148685 6.0405992492 6.0400882156 
 6.0407012555 6.0402953746 6.0397940919 
 6.0403890302 6.0399928902 6.0395013597 
 6.0400781907 6.0396917953 6.0392100198 
 6.0397687380 6.0393920925 6.0389200770 
 6.0394606759 6.0390937874 6.0386315387 
 6.0391540101 6.0387968875 6.0383444148 
 6.0388487477 6.0385014018 6.0380587163 
 6.0385448966 6.0382073402 6.0377744557 
 6.0382424651 6.0379147130 6.0374916454 
 6.0379414612 6.0376235302 6.0372102977 
 6.0376418928 6.0373338014 6.0369304242 
 6.0373437665 6.0370455350 6.0366520354 
 6.0370470881 6.0367587383 6.0363751402 
 6.0367518617 6.0364734170 6.0360997459 
 6.0364580900 6.0361895748 6.0358258577 
 6.0361657737 6.0359072136 6.0355534787 
 6.0358749118 6.0356263332 6.0352826095 
 6.0355855013 6.0353469312 6.0350132484 
 6.0352975373 6.0350690032 6.0347453916 
 6.0350110128 6.0347925425 6.0344790325 
 6.0347259192 6.0345175405 6.0342141627 
 6.0344422458 6.0342439865 6.0339507713 
 6.0341599806 6.0339718680 6.0336888455 
 6.0338791097 6.0337011709 6.0334283708 
 6.0335996181 6.0334318796 6.0331693307 
 6.0333214894 6.0331639770 6.0329117077 
 6.0330447063 6.0328974450 6.0326554826 
 6.0327692506 6.0326322646 6.0324006355 
 6.0324951033 6.0323684159 6.0321471456 
 6.0322222450 6.0321058786 6.0318949913 
 6.0319506561 6.0318446318 6.0316441509 
 6.0316803164 6.0315846547 6.0313946022 
 6.0314112062 6.0313259263 6.0311463231 
 6.0311433056 6.0310684257 6.0308992918 
 6.0308765950 6.0308121324 6.0306534865 
 6.0306110552 6.0305570261 6.0304088859 
 6.0303466674 6.0303030871 6.0301654695 
 6.0300834135 6.0300502963 6.0299232169 
 6.0298212757 6.0297986353 6.0296821090 
 6.0295602372 6.0295480863 6.0294421270 
 6.0293002817 6.0292986323 6.0292032531 
 6.0290413937 6.0290502569 6.0289654705 
 6.0287835583 6.0288029449 6.0287287629 
 6.0285267617 6.0285566816 6.0284931152 
 6.0282709903 6.0283114530 6.0282585128 
 6.0280162316 6.0280672460 6.0280249423 
 6.0277624737 6.0278240483 6.0277923907 
 6.0275097052 6.0275818482 6.0275608460 
 6.0272579154 6.0273406345 6.0273302967 
 6.0270070941 6.0271003968 6.0271007321 
 6.0267572318 6.0268611251 6.0268721419 
 6.0265083192 6.0266228099 6.0266445164 
 6.0262603474 6.0263854422 6.0264178464 
 6.0260133081 6.0261490133 6.0261921229 
 6.0257671930 6.0259135148 6.0259673373 
 6.0255219943 6.0256789385 6.0257434815 
 6.0252777041 6.0254452766 6.0255205473 
 6.0250343149 6.0252125212 6.0252985266 
 6.0247918192 6.0249806647 6.0250774118 
 6.0245502097 6.0247496994 6.0248571951 
 6.0243094790 6.0245196179 6.0246378686 
 6.0240696197 6.0242904124 6.0244194246 
 6.0238306244 6.0240620755 6.0242018553 
 6.0235924858 6.0238345994 6.0239851528 
 6.0233551964 6.0236079765 6.0237693092 
 6.0231187488 6.0233821990 6.0235543166 
 6.0228831353 6.0231572590 6.0233401666 
 6.0226483483 6.0229331486 6.0231268512 
 6.0224143802 6.0227098599 6.0229143619 
 6.0221812232 6.0224873845 6.0227026904 
 6.0219488695 6.0222657146 6.0224918281 
 6.0217173112 6.0220448417 6.0222817665 
 6.0214865405 6.0218247577 6.0220724969 
 6.0212565495 6.0216054542 6.0218640107 
 6.0210273303 6.0213869231 6.0216562992 
 6.0207988751 6.0211691559 6.0214493536 
 6.0205711760 6.0209521445 6.0212431654 
 6.0203442253 6.0207358806 6.0210377258 
 6.0201180152 6.0205203561 6.0208330263 
 6.0198925382 6.0203055630 6.0206290585 
 6.0196677868 6.0200914933 6.0204258139 
 6.0194437536 6.0198781391 6.0202232843 
 6.0192204313 6.0196654929 6.0200214615 
 6.0189978129 6.0194535470 6.0198203376 
 6.0187758914 6.0192422941 6.0196199047 
 6.0185546602 6.0190317270 6.0194201554 
 6.0183341126 6.0188218387 6.0192210820 
 6.0181142423 6.0186126225 6.0190226776 
 6.0178950432 6.0184040716 6.0188249349 
 6.0176765092 6.0181961798 6.0186278472 
 6.0174586347 6.0179889408 6.0184314081 
 6.0172414141 6.0177823488 6.0182356110 
 6.0170248420 6.0175763979 6.0180404500 
 6.0168089135 6.0173710826 6.0178459190 
 6.0165936235 6.0171663977 6.0176520125 
 6.0163789673 6.0169623380 6.0174587249 
 6.0161649407 6.0167588988 6.0172660511 
 6.0159515391 6.0165560752 6.0170739860 
 6.0157387587 6.0163538629 6.0168825248 
 6.0155265954 6.0161522575 6.0166916628 
 6.0153150457 6.0159512551 6.0165013956 
 6.0151041061 6.0157508517 6.0163117191 
 6.0148937733 6.0155510436 6.0161226291 
 6.0146840441 6.0153518274 6.0159341218 
 6.0144749158 6.0151531997 6.0157461935 
 6.0142663856 6.0149551574 6.0155588407 
 6.0140584509 6.0147576975 6.0153720600 
 6.0138511094 6.0145608172 6.0151858483 
 6.0136443589 6.0143645140 6.0150002025 
 6.0134381976 6.0141687854 6.0148151199 
 6.0132326236 6.0139736291 6.0146305977 
 6.0130276355 6.0137790432 6.0144466335 
 6.0128232318 6.0135850258 6.0142632250 
 6.0126194114 6.0133915751 6.0140803700 
 6.0124161734 6.0131986899 6.0138980666 
 6.0122135172 6.0130063688 6.0137163131 
 6.0120114424 6.0128146108 6.0135351080 
 6.0118099487 6.0126234152 6.0133544498 
 6.0116090363 6.0124327815 6.0131743376 
 6.0114087055 6.0122427094 6.0129947705 
 6.0112089571 6.0120531988 6.0128157478 
 6.0110097920 6.0118642501 6.0126372693 
 6.0108112115 6.0116758639 6.0124593348 
 6.0106132172 6.0114880410 6.0122819446 
 6.0104158112 6.0113007828 6.0121050993 
 6.0102189957 6.0111140907 6.0119287996 
 6.0100227734 6.0109279667 6.0117530468 
 6.0098271476 6.0107424130 6.0115778424 
 6.0096321216 6.0105574324 6.0114031882 
 6.0094376994 6.0103730278 6.0112290866 
 6.0092438854 6.0101892028 6.0110555401 
 6.0090506844 6.0100059613 6.0108825519 
 6.0088581015 6.0098233075 6.0107101253 
 6.0086661426 6.0096412462 6.0105382644 
 6.0084748137 6.0094597827 6.0103669734 
 6.0082841216 6.0092789226 6.0101962571 
 6.0080940734 6.0090986721 6.0100261207 
 6.0079046767 6.0089190379 6.0098565700 
 6.0077159396 6.0087400270 6.0096876111 
 6.0075278710 6.0085616471 6.0095192507 
 6.0073404799 6.0083839064 6.0093514960 
 6.0071537760 6.0082068134 6.0091843547 
 6.0069677696 6.0080303774 6.0090178348 
 6.0067824715 6.0078546080 6.0088519452 
 6.0065978929 6.0076795155 6.0086866951 
 6.0064140458 6.0075051106 6.0085220941 
 6.0062309424 6.0073314047 6.0083581526 
 6.0060485959 6.0071584095 6.0081948814 
 6.0058670197 6.0069861375 6.0080322918 
 6.0056862278 6.0068146016 6.0078703957 
 6.0055062350 6.0066438153 6.0077092057 
 6.0053270564 6.0064737927 6.0075487347 
 6.0051487079 6.0063045485 6.0073889964 
 6.0049712059 6.0061360979 6.0072300049 
 6.0047945674 6.0059684568 6.0070717751 
 6.0046188099 6.0058016417 6.0069143224 
 6.0044439518 6.0056356695 6.0067576627 
 6.0042700120 6.0054705581 6.0066018126 
 6.0040970099 6.0053063258 6.0064467895 
 6.0039249658 6.0051429916 6.0062926114 
 6.0037539007 6.0049805752 6.0061392967 
 6.0035838361 6.0048190971 6.0059868648 
 6.0034147943 6.0046585784 6.0058353358 
 6.0032467985 6.0044990409 6.0056847303 
 6.0030798726 6.0043405074 6.0055350700 
 6.0029140412 6.0041830012 6.0053863771 
 6.0027493299 6.0040265467 6.0052386747 
 6.0025857651 6.0038711690 6.0050919868 
 6.0024233741 6.0037168941 6.0049463383 
 6.0022621850 6.0035637489 6.0048017549 
 6.0021022271 6.0034117613 6.0046582632 
 6.0019435305 6.0032609603 6.0045158909 
 6.0017861265 6.0031113756 6.0043746667 
 6.0016300472 6.0029630382 6.0042346202 
 6.0014753262 6.0028159801 6.0040957822 
 6.0013219978 6.0026702345 6.0039581845 
 6.0011700978 6.0025258357 6.0038218602 
 6.0010196631 6.0023828192 6.0036868434 
 6.0008707318 6.0022412218 6.0035531695 
 6.0007233433 6.0021010814 6.0034208752 
 6.0005775383 6.0019624373 6.0032899984 
 6.0004333590 6.0018253303 6.0031605784 
 6.0002908487 6.0016898022 6.0030326558 
 6.0001500523 6.0015558965 6.0029062725 
 6.0000110161 6.0014236581 6.0027814720 
 5.9998737878 6.0012931331 6.0026582990 
 5.9997384165 6.0011643692 6.0025367999 
 5.9996049529 6.0010374158 6.0024170224 
 5.9994734492 6.0009123236 6.0022990158 
 5.9993439591 6.0007891447 6.0021828308 
 5.9992165378 6.0006679329 6.0020685199 
 5.9990912420 6.0005487436 6.0019561367 
 5.9989681300 6.0004316336 6.0018457368 
 5.9988472615 6.0003166614 6.0017373771 
 5.9987286979 6.0002038868 6.0016311161 
 5.9986125020 6.0000933713 6.0015270139 
 5.9984987380 5.9999851780 6.0014251321 
 5.9983874718 5.9998793713 6.0013255338 
 5.9982787706 5.9997760173 6.0012282838 
 5.9981727032 5.9996751836 6.0011334481 
 5.9980693395 5.9995769389 6.0010410945 
 5.9979687511 5.9994813538 6.0009512921 
 5.9978710109 5.9993885000 6.0008641116 
 5.9977761928 5.9992984507 6.0007796248 
 5.9976843724 5.9992112804 6.0006979053 
 5.9975956263 5.9991270648 6.0006190277 
 5.9975100323 5.9990458811 6.0005430681 
 5.9974276694 5.9989678075 6.0004701039 
 5.9973486177 5.9988929236 6.0004002137 
 5.9972729583 5.9988213098 6.0003334772 
 5.9972007735 5.9987530480 6.0002699755 
 5.9971321463 5.9986882209 6.0002097907 
 5.9970671608 5.9986269122 6.0001530059 
 5.9970059019 5.9985692068 6.0000997055 
 5.9969484554 5.9985151903 6.0000499746 
 5.9968949078 5.9984649492 6.0000038994 
 5.9968453464 5.9984185709 5.9999615672 
 5.9967998591 5.9983761437 5.9999230660 
 5.9967585347 5.9983377565 5.9998884845 
 5.9967214622 5.9983034989 5.9998579125 
 5.9966887316 5.9982734613 5.9998314405 
 5.9966604331 5.9982477347 5.9998091597 
 5.9966366578 5.9982264106 5.9997911619 
 5.9966174967 5.9982095813 5.9997775396 
 5.9966030417 5.9981973394 5.9997683862 
 5.9965933850 5.9981897781 5.9997637954 
 5.9965886191 5.9981869913 5.9997638615 
 5.9965888367 5.9981890729 5.9997686795 
 5.9965941312 5.9981961175 5.9997783447 
 5.9966045958 5.9982082201 5.9997929532 
 5.9966203243 5.9982254759 5.9998126011 
 5.9966414107 5.9982479806 5.9998373853 
 5.9966679489 5.9982758301 5.9998674029 
 5.9967000333 5.9983091205 5.9999027514 
 5.9967377582 5.9983479481 5.9999435286 
 5.9967812181 5.9983924097 5.9999898325 
 5.9968305074 5.9984426017 6.0000417615 
 5.9968857208 5.9984986212 6.0000994139 
 5.9969469526 5.9985605648 6.0001628885 
 5.9970142973 5.9986285296 6.0002322839 
 5.9970878492 5.9987026122 6.0003076987 
 5.9971677022 5.9987829094 6.0003892318 
 5.9972539501 5.9988695178 6.0004769817 
 5.9973466866 5.9989625335 6.0005710467 
 5.9974460046 5.9990620525 6.0006715250 
 5.9975519967 5.9991681704 6.0007785143 
 5.9976647551 5.9992809823 6.0008921121 
 5.9977843711 5.9994005826 6.0010124151 
 5.9979109354 5.9995270650 6.0011395196 
 5.9980445379 5.9996605226 6.0012735208 
 5.9981852674 5.9998010474 6.0014145134 
 5.9983332119 5.9999487305 6.0015625910 
 5.9984884578 6.0001036618 6.0017178460 
 5.9986510908 6.0002659299 6.0018803695 
 5.9988211946 6.0004356220 6.0020502513 
 5.9989988517 6.0006128239 6.0022275796 
 5.9991841429 6.0007976193 6.0024124409 
 5.9993771469 6.0009900906 6.0026049200 
 5.9995779409 6.0011903178 6.0028050994 
 5.9997865996 6.0013983789 6.0030130597 
 6.0000031957 6.0016143496 6.0032288789 
 6.0002277993 6.0018383032 6.0034526327 
 6.0004604783 6.0020703103 6.0036843941 
 6.0007012976 6.0023104388 6.0039242333 
 6.0009503195 6.0025587538 6.0041722174 
 6.0012076034 6.0028153171 6.0044284105 
 6.0014732055 6.0030801877 6.0046928734 
 6.0017471790 6.0033534209 6.0049656634 
 6.0020295736 6.0036350688 6.0052468343 
 6.0023204357 6.0039251798 6.0055364361 
 6.0026198083 6.0042237988 6.0058345151 
 6.0029277306 6.0045309666 6.0061411136 
 6.0032442382 6.0048467204 6.0064562699 
 6.0035693629 6.0051710933 6.0067800182 
 6.0039031328 6.0055041144 6.0071123882 
 6.0042455720 6.0058458087 6.0074534057 
 6.0045967005 6.0061961970 6.0078030921 
 6.0049565348 6.0065552961 6.0081614641 
 6.0053250869 6.0069231182 6.0085285344 
 6.0057023653 6.0072996717 6.0089043110 
 6.0060883741 6.0076849604 6.0092887977 
 6.0064831137 6.0080789843 6.0096819936 
 6.0068865804 6.0084817388 6.0100838937 
 6.0072987668 6.0088932155 6.0104944886 
 6.0077196614 6.0093134016 6.0109137643 
 6.0081492490 6.0097422806 6.0113417031 
 6.0085875108 6.0101798317 6.0117782827 
 6.0090344241 6.0106260304 6.0122234769 
 6.0094899628 6.0110808484 6.0126772556 
 6.0099540972 6.0115442536 6.0131395847 
 6.0104267943 6.0120162105 6.0136104263 
 6.0109080177 6.0124966799 6.0140897389 
 6.0113977278 6.0129856192 6.0145774775 
 6.0118958819 6.0134829826 6.0150735937 
 6.0124024343 6.0139887211 6.0155780356 
 6.0129173363 6.0145027827 6.0160907483 
 6.0134405366 6.0150251123 6.0166116736 
 6.0139719808 6.0155556520 6.0171407506 
 6.0145116121 6.0160943410 6.0176779153 
 6.0150593710 6.0166411161 6.0182231010 
 6.0156151955 6.0171959112 6.0187762384 
 6.0161790211 6.0177586577 6.0193372555 
 6.0167507808 6.0183292846 6.0199060778 
 6.0173304054 6.0189077184 6.0204826283 
 6.0179178232 6.0194938832 6.0210668274 
 6.0185129601 6.0200877007 6.0216585935 
 6.0191157397 6.0206890904 6.0222578423 
 6.0197260833 6.0212979691 6.0228644871 
 6.0203439096 6.0219142515 6.0234784392 
 6.0209691350 6.0225378497 6.0240996071 
 6.0216016735 6.0231686735 6.0247278971 
 6.0222414364 6.0238066301 6.0253632130 
 6.0228883325 6.0244516242 6.0260054562 
 6.0235422678 6.0251035579 6.0266545254 
 6.0242031456 6.0257623306 6.0273103168 
 6.0248708666 6.0264278389 6.0279727240 
 6.0255453281 6.0270999767 6.0286416377 
 6.0262264248 6.0277786350 6.0293169460 
 6.0269140482 6.0284637016 6.0299985340 
 6.0276080864 6.0291550614 6.0306862840 
 6.0283084246 6.0298525963 6.0313800752 
 6.0290149444 6.0305561848 6.0320797838 
 6.0297275242 6.0312657025 6.0327852831 
 6.0304460389 6.0319810213 6.0334964432 
 6.0311703599 6.0327020103 6.0342131310 
 6.0319003554 6.0334285351 6.0349352105 
 6.0326358900 6.0341604580 6.0356625427 
 6.0333768248 6.0348976383 6.0363949854 
 6.0341230178 6.0356399321 6.0371323937 
 6.0348743236 6.0363871924 6.0378746197 
 6.0356305937 6.0371392694 6.0386215129 
 6.0363916765 6.0378960104 6.0393729202 
 6.0371574179 6.0386572601 6.0401286863 
 6.0379276607 6.0394228609 6.0408886533 
 6.0387022457 6.0401926531 6.0416526619 
 6.0394810112 6.0409664748 6.0424205507 
 6.0402637939 6.0417441626 6.0431921570 
 6.0410504288 6.0425255518 6.0439673170 
 6.0418407494 6.0433104766 6.0447458660 
 6.0426345888 6.0440987705 6.0455276390 
 6.0434317790 6.0448902666 6.0463124706 
 6.0442321520 6.0456847982 6.0471001959 
 6.0450355402 6.0464821987 6.0478906502 
 6.0458417761 6.0472823026 6.0486836701 
 6.0466506937 6.0480849451 6.0494790933 
 6.0474621279 6.0488899635 6.0502767592 
 6.0482759156 6.0496971964 6.0510765093 
 6.0490918955 6.0505064849 6.0518781873 
 6.0499099091 6.0513176728 6.0526816398 
 6.0507298003 6.0521306065 6.0534867161 
 6.0515514165 6.0529451358 6.0542932689 
 6.0523746081 6.0537611138 6.0551011544 
 6.0531992293 6.0545783974 6.0559102325 
 6.0540251382 6.0553968474 6.0567203671 
 6.0548521967 6.0562163285 6.0575314261 
 6.0556802712 6.0570367097 6.0583432814 
 6.0565092321 6.0578578643 6.0591558093 
 6.0573389543 6.0586796699 6.0599688905 
 6.0581693172 6.0595020084 6.0607824097 
 6.0590002041 6.0603247660 6.0615962559 
 6.0598315032 6.0611478332 6.0624103224 
 6.0606631064 6.0619711045 6.0632245063 
 6.0614949101 6.0627944784 6.0640387086 
 6.0623268141 6.0636178573 6.0648528339 
 6.0631587223 6.0644411469 6.0656667903 
 6.0639905418 6.0652642565 6.0664804889 
 6.0648221830 6.0660870981 6.0672938437 
 6.0656535589 6.0669095866 6.0681067713 
 6.0664845853 6.0677316391 6.0689191904 
 6.0673151800 6.0685531750 6.0697310214 
 6.0681452627 6.0693741150 6.0705421866 
 6.0689747545 6.0701943814 6.0713526089 
 6.0698035775 6.0710138971 6.0721622122 
 6.0706316546 6.0718325858 6.0729709207 
 6.0714589089 6.0726503711 6.0737786587 
 6.0722852635 6.0734671766 6.0745853498 
 6.0731106410 6.0742829252 6.0753909172 
 6.0739349630 6.0750975389 6.0761952828 
 6.0747581502 6.0759109383 6.0769983673 
 6.0755801217 6.0767230426 6.0778000895 
 6.0764007948 6.0775337693 6.0786003667 
 6.0772200851 6.0783430335 6.0793991135 
 6.0780379054 6.0791507482 6.0801962428 
 6.0788541665 6.0799568241 6.0809916645 
 6.0796687763 6.0807611690 6.0817852862 
 6.0804816403 6.0815636882 6.0825770128 
 6.0812926609 6.0823642843 6.0833667465 
 6.0821017378 6.0831628571 6.0841543870 
 6.0829087680 6.0839593039 6.0849398311 
 6.0837136457 6.0847535192 6.0857229736 
 6.0845162626 6.0855453951 6.0865037066 
 6.0853165078 6.0863348217 6.0872819206 
 6.0861142684 6.0871216869 6.0880575038 
 6.0869094294 6.0879058769 6.0888303433 
 6.0877018744 6.0886872766 6.0896003249 
 6.0884914857 6.0894657700 6.0903673339 
 6.0892781445 6.0902412403 6.0911312550 
 6.0900617318 6.0910135708 6.0918919733 
 6.0908421288 6.0917826449 6.0926493745 
 6.0916192169 6.0925483472 6.0934033454 
 6.0923928788 6.0933105634 6.0941537747 
 6.0931629987 6.0940691812 6.0949005531 
 6.0939294630 6.0948240908 6.0956435745 
 6.0946921607 6.0955751853 6.0963827357 
 6.0954509839 6.0963223615 6.0971179377 
 6.0962058286 6.0970655199 6.0978490858 
 6.0969565948 6.0978045658 6.0985760900 
 6.0977031871 6.0985394092 6.0992988658 
 6.0984455153 6.0992699656 6.1000173343 
 6.0991834945 6.0999961562 6.1007314225 
 6.0999170454 6.1007179080 6.1014410639 
 6.1006460947 6.1014351542 6.1021461983 
 6.1013705751 6.1021478345 6.1028467722 
 6.1020904256 6.1028558947 6.1035427385 
 6.1028055914 6.1035592871 6.1042340572 
 6.1035160236 6.1042579704 6.1049206942 
 6.1042216795 6.1049519093 6.1056026220 
 6.1049225221 6.1056410741 6.1062798189 
 6.1056185199 6.1063254408 6.1069522686 
 6.1063096462 6.1070049904 6.1076199599 
 6.1069958791 6.1076797081 6.1082828861 
 6.1076772008 6.1083495834 6.1089410441 
 6.1083535967 6.1090146088 6.1095944340 
 6.1090250553 6.1096747793 6.1102430580 
 6.1096915670 6.1103300917 6.1108869199 
 6.1103531239 6.1109805440 6.1115260237 
 6.1110097185 6.1116261340 6.1121603736 
 6.1116613434 6.1122668591 6.1127899720 
 6.1123079903 6.1129027153 6.1134148196 
 6.1129496494 6.1135336962 6.1140349140 
 6.1135863086 6.1141597923 6.1146502488 
 6.1142179531 6.1147809906 6.1152608131 
 6.1148445643 6.1153972737 6.1158665909 
 6.1154661197 6.1160086190 6.1164675598 
 6.1160825922 6.1166149985 6.1170636914 
 6.1166939497 6.1172163784 6.1176549499 
 6.1173001547 6.1178127185 6.1182412924 
 6.1179011644 6.1184039720 6.1188226684 
 6.1184969299 6.1189900856 6.1193990198 
 6.1190873967 6.1195709990 6.1199702804 
 6.1196725043 6.1201466454 6.1205363768 
 6.1202521866 6.1207169513 6.1210972278 
 6.1208263717 6.1212818368 6.1216527450 
 6.1213949823 6.1218412159 6.1222028332 
 6.1219579361 6.1223949971 6.1227473908 
 