6.1297235604 6.1294463987 6.1291259657 
 6.1302444466 6.1300063159 6.1297250855 
 6.1307394697 6.1305396565 6.1302968852 
 6.1312078750 6.1310456763 6.1308406452 
 6.1316491127 6.1315238445 6.1313558648 
 6.1320628272 6.1319738296 6.1318422447 
 6.1324488453 6.1323954840 6.1322996697 
 6.1328071636 6.1327888305 6.1327281936 
 6.1331379363 6.1331540480 6.1331280236 
 6.1334414635 6.1334914589 6.1334995080 
 6.1337181797 6.1338015175 6.1338431224 
 6.1339686430 6.1340847981 6.1341594595 
 6.1341935248 6.1343419848 6.1344492172 
 6.1343935995 6.1345738612 6.1347131892 
 6.1345697348 6.1347813001 6.1349522542 
 6.1347228815 6.1349652542 6.1351673669 
 6.1348540636 6.1351267456 6.1353595479 
 6.1349643683 6.1352668562 6.1355298737 
 6.1350549355 6.1353867176 6.1356794677 
 6.1351269470 6.1354875007 6.1358094892 
 6.1351816158 6.1355704052 6.1359211241 
 6.1352201752 6.1356366490 6.1360155747 
 6.1352438675 6.1356874579 6.1360940490 
 6.1352539332 6.1357240546 6.1361577516 
 6.1352516000 6.1357476489 6.1362078730 
 6.1352380727 6.1357594276 6.1362455812 
 6.1352145228 6.1357605451 6.1362720120 
 6.1351820800 6.1357521148 6.1362882615 
 6.1351418233 6.1357352012 6.1362953784 
 6.1350947742 6.1357108129 6.1362943571 
 6.1350418901 6.1356798970 6.1362861332 
 6.1349840595 6.1356433341 6.1362715779 
 6.1349220984 6.1356019347 6.1362514953 
 6.1348567472 6.1355564371 6.1362266198 
 6.1347886700 6.1355075054 6.1361976151 
 6.1347184542 6.1354557303 6.1361650735 
 6.1346466112 6.1354016287 6.1361295172 
 6.1345735784 6.1353456466 6.1360913994 
 6.1344997221 6.1352881607 6.1360511069 
 6.1344253406 6.1352294821 6.1360089629 
 6.1343506686 6.1351698601 6.1359652309 
 6.1342758812 6.1351094861 6.1359201184 
 6.1342010993 6.1350484985 6.1358737812 
 6.1341263944 6.1349869876 6.1358263282 
 6.1340517937 6.1349250003 6.1357778258 
 6.1339772856 6.1348625449 6.1357283028 
 6.1339028244 6.1347995965 6.1356777551 
 6.1338283357 6.1347361015 6.1356261501 
 6.1337537212 6.1346719824 6.1355734312 
 6.1336788629 6.1346071418 6.1355195224 
 6.1336036275 6.1345414670 6.1354643316 
 6.1335278709 6.1344748338 6.1354077547 
 6.1334514409 6.1344071098 6.1353496794 
 6.1333741814 6.1343381576 6.1352899876 
 6.1332959349 6.1342678380 6.1352285586 
 6.1332165449 6.1341960126 6.1351652717 
 6.1331358589 6.1341225456 6.1351000084 
 6.1330537298 6.1340473062 6.1350326541 
 6.1329700176 6.1339701700 6.1349630999 
 6.1328845910 6.1338910203 6.1348912440 
 6.1327973282 6.1338097497 6.1348169926 
 6.1327081180 6.1337262602 6.1347402609 
 6.1326168602 6.1336404642 6.1346609738 
 6.1325234660 6.1335522851 6.1345790662 
 6.1324278581 6.1334616570 6.1344944830 
 6.1323299709 6.1333685248 6.1344071795 
 6.1322297498 6.1332728446 6.1343171213 
 6.1321271518 6.1331745827 6.1342242837 
 6.1320221439 6.1330737155 6.1341286516 
 6.1319147036 6.1329702291 6.1340302188 
 6.1318048177 6.1328641184 6.1339289878 
 6.1316924817 6.1327553869 6.1338249689 
 6.1315776990 6.1326440455 6.1337181795 
 6.1314604804 6.1325301117 6.1336086433 
 6.1313408429 6.1324136095 6.1334963899 
 6.1312188093 6.1322945678 6.1333814537 
 6.1310944069 6.1321730199 6.1332638731 
 6.1309676671 6.1320490029 6.1331436898 
 6.1308386243 6.1319225567 6.1330209482 
 6.1307073154 6.1317937231 6.1328956943 
 6.1305737789 6.1316625452 6.1327679754 
 6.1304380540 6.1315290671 6.1326378389 
 6.1303001806 6.1313933326 6.1325053322 
 6.1301601978 6.1312553847 6.1323705017 
 6.1300181443 6.1311152657 6.1322333924 
 6.1298740568 6.1309730157 6.1320940475 
 6.1297279706 6.1308286731 6.1319525076 
 6.1295799185 6.1306822732 6.1318088107 
 6.1294299306 6.1305338488 6.1316629915 
 6.1292780342 6.1303834292 6.1315150814 
 6.1291242531 6.1302310404 6.1313651080 
 6.1289686080 6.1300767044 6.1312130950 
 6.1288111157 6.1299204396 6.1310590618 
 6.1286517893 6.1297622602 6.1309030240 
 6.1284906382 6.1296021763 6.1307449927 
 6.1283276677 6.1294401940 6.1305849745 
 6.1281628795 6.1292763151 6.1304229721 
 6.1279962711 6.1291105374 6.1302589835 
 6.1278278364 6.1289428547 6.1300930029 
 6.1276575655 6.1287732569 6.1299250200 
 6.1274854450 6.1286017298 6.1297550209 
 6.1273114579 6.1284282560 6.1295829878 
 6.1271355840 6.1282528144 6.1294088993 
 6.1269578001 6.1280753807 6.1292327306 
 6.1267780800 6.1278959275 6.1290544538 
 6.1265963950 6.1277144249 6.1288740382 
 6.1264127138 6.1275308403 6.1286914506 
 6.1262270034 6.1273451391 6.1285066553 
 6.1260392287 6.1271572846 6.1283196149 
 6.1258493534 6.1269672388 6.1281302902 
 6.1256573398 6.1267749625 6.1279386409 
 6.1254631494 6.1265804153 6.1277446255 
 6.1252667435 6.1263835566 6.1275482024 
 6.1250680830 6.1261843457 6.1273493293 
 6.1248671291 6.1259827418 6.1271479646 
 6.1246638435 6.1257787050 6.1269440668 
 6.1244581891 6.1255721961 6.1267375956 
 6.1242501297 6.1253631775 6.1265285120 
 6.1240396310 6.1251516128 6.1263167785 
 6.1238266605 6.1249374681 6.1261023598 
 6.1236111879 6.1247207114 6.1258852229 
 6.1233931857 6.1245013135 6.1256653373 
 6.1231726289 6.1242792483 6.1254426757 
 6.1229494959 6.1240544927 6.1252172139 
 6.1227237683 6.1238270269 6.1249889314 
 6.1224954311 6.1235968352 6.1247578113 
 6.1222644733 6.1233639054 6.1245238408 
 6.1220308875 6.1231282294 6.1242870110 
 6.1217946703 6.1228898032 6.1240473174 
 6.1215558224 6.1226486272 6.1238047599 
 6.1213143485 6.1224047059 6.1235593429 
 6.1210702572 6.1221580480 6.1233110749 
 6.1208235613 6.1219086665 6.1230599693 
 6.1205742772 6.1216565786 6.1228060433 
 6.1203224253 6.1214018053 6.1225493188 
 6.1200680291 6.1211443716 6.1222898215 
 6.1198111159 6.1208843061 6.1220275811 
 6.1195517155 6.1206216406 6.1217626310 
 6.1192898607 6.1203564101 6.1214950078 
 6.1190255865 6.1200886522 6.1212247512 
 6.1187589300 6.1198184068 6.1209519035 
 6.1184899297 6.1195457158 6.1206765094 
 6.1182186251 6.1192706226 6.1203986152 
 6.1179450564 6.1189931714 6.1201182688 
 6.1176692640 6.1187134071 6.1198355187 
 6.1173912877 6.1184313746 6.1195504141 
 6.1171111667 6.1181471181 6.1192630037 
 6.1168289384 6.1178606810 6.1189733358 
 6.1165446387 6.1175721050 6.1186814572 
 6.1162583009 6.1172814298 6.1183874132 
 6.1159699556 6.1169886924 6.1180912466 
 6.1156796298 6.1166939270 6.1177929975 
 6.1153873472 6.1163971641 6.1174927028 
 6.1150931272 6.1160984304 6.1171903956 
 6.1147969848 6.1157977483 6.1168861048 
 6.1144989304 6.1154951356 6.1165798548 
 6.1141989696 6.1151906052 6.1162716651 
 6.1138971030 6.1148841649 6.1159615503 
 6.1135933260 6.1145758175 6.1156495194 
 6.1132876290 6.1142655601 6.1153355760 
 6.1129799974 6.1139533848 6.1150197180 
 6.1126704115 6.1136392782 6.1147019378 
 6.1123588473 6.1133232219 6.1143822223 
 6.1120452762 6.1130051925 6.1140605529 
 6.1117296656 6.1126851621 6.1137369059 
 6.1114119795 6.1123630984 6.1134112526 
 6.1110921788 6.1120389654 6.1130835597 
 6.1107702221 6.1117127237 6.1127537900 
 6.1104460660 6.1113843311 6.1124219024 
 6.1101196662 6.1110537436 6.1120878532 
 6.1097909780 6.1107209154 6.1117515957 
 6.1094599572 6.1103858003 6.1114130820 
 6.1091265608 6.1100483519 6.1110722628 
 6.1087907481 6.1097085251 6.1107290888 
 6.1084524813 6.1093662760 6.1103835111 
 6.1081117263 6.1090215637 6.1100354822 
 6.1077684539 6.1086743504 6.1096849568 
 6.1074226402 6.1083246025 6.1093318925 
 6.1070742675 6.1079722915 6.1089762507 
 6.1067233252 6.1076173944 6.1086179974 
 6.1063698103 6.1072598948 6.1082571038 
 6.1060137280 6.1068997833 6.1078935473 
 6.1056550921 6.1065370580 6.1075273117 
 6.1052939257 6.1061717254 6.1071583881 
 6.1049302611 6.1058038003 6.1067867752 
 6.1045641404 6.1054333063 6.1064124800 
 6.1041956152 6.1050602761 6.1060355176 
 6.1038247468 6.1046847516 6.1056559119 
 6.1034516058 6.1043067835 6.1052736954 
 6.1030762721 6.1039264314 6.1048889094 
 6.1026988339 6.1035437637 6.1045016036 
 6.1023193876 6.1031588568 6.1041118360 
 6.1019380369 6.1027717947 6.1037196727 
 6.1015548916 6.1023826683 6.1033251869 
 6.1011700672 6.1019915749 6.1029284589 
 6.1007836834 6.1015986167 6.1025295750 
 6.1003958629 6.1012039003 6.1021286268 
 6.1000067300 6.1008075353 6.1017257102 
 6.0996164097 6.1004096334 6.1013209244 
 6.0992250254 6.1000103067 6.1009143711 
 6.0988326982 6.0996096666 6.1005061527 
 6.0984395446 6.0992078226 6.1000963719 
 6.0980456755 6.0988048805 6.0996851296 
 6.0976511943 6.0984009411 6.0992725245 
 6.0972561952 6.0979960991 6.0988586511 
 6.0968607621 6.0975904410 6.0984435986 
 6.0964649669 6.0971840446 6.0980274500 
 6.0960688679 6.0967769769 6.0976102803 
 6.0956725089 6.0963692936 6.0971921559 
 6.0952759181 6.0959610373 6.0967731330 
 6.0948791065 6.0955522372 6.0963532573 
 6.0944820678 6.0951429077 6.0959325623 
 6.0940847774 6.0947330478 6.0955110691 
 6.0936871921 6.0943226409 6.0950887858 
 6.0932892495 6.0939116542 6.0946657066 
 6.0928908688 6.0935000386 6.0942418122 
 6.0924919503 6.0930877285 6.0938170690 
 6.0920923762 6.0926746429 6.0933914297 
 6.0916920115 6.0922606849 6.0929648331 
 6.0912907048 6.0918457432 6.0925372053 
 6.0908882898 6.0914296925 6.0921084595 
 6.0904845864 6.0910123953 6.0916784976 
 6.0900794032 6.0905937028 6.0912472108 
 6.0896725387 6.0901734567 6.0908144811 
 6.0892637840 6.0897514911 6.0903801826 
 6.0888529251 6.0893276342 6.0899441835 
 6.0884397454 6.0889017108 6.0895063472 
 6.0880240283 6.0884735445 6.0890665347 
 6.0876055605 6.0880429600 6.0886246065 
 6.0871841343 6.0876097858 6.0881804248 
 6.0867595509 6.0871738564 6.0877338556 
 6.0863316234 6.0867350153 6.0872847706 
 6.0859001797 6.0862931173 6.0868330501 
 6.0854650653 6.0858480314 6.0863785849 
 6.0850261461 6.0853996429 6.0859212783 
 6.0845833113 6.0849478559 6.0854610484 
 6.0841364755 6.0844925955 6.0849978302 
 6.0836855813 6.0840338102 6.0845315773 
 6.0832306011 6.0835714732 6.0840622637 
 6.0827715390 6.0831055843 6.0835898851 
 6.0823084320 6.0826361714 6.0831144605 
 6.0818413513 6.0821632911 6.0826360328 
 6.0813704028 6.0816870301 6.0821546702 
 6.0808957277 6.0812075047 6.0816704658 
 6.0804175021 6.0807248618 6.0811835385 
 6.0799359368 6.0802392778 6.0806940327 
 6.0794512760 6.0797509583 6.0802021174 
 6.0789637965 6.0792601370 6.0797079859 
 6.0784738054 6.0787670742 6.0792118545 
 6.0779816382 6.0782720551 6.0787139610 
 6.0774876562 6.0777753873 6.0782145629 
 6.0769922437 6.0772773989 6.0777139355 
 6.0764958044 6.0767784352 6.0772123697 
 6.0759987582 6.0762788560 6.0767101690 
 6.0755015371 6.0757790321 6.0762076471 
 6.0750045810 6.0752793420 6.0757051249 
 6.0745083340 6.0747801678 6.0752029271 
 6.0740132393 6.0742818920 6.0747013794 
 6.0735197354 6.0737848932 6.0742008048 
 6.0730282511 6.0732895425 6.0737015203 
 6.0725392013 6.0727961994 6.0732038341 
 6.0720529827 6.0723052082 6.0727080415 
 6.0715699694 6.0718168942 6.0722144225 
 6.0710905091 6.0713315605 6.0717232384 
 6.0706149193 6.0708494843 6.0712347289 
 6.0701434839 6.0703709144 6.0707491098 
 6.0696764500 6.0698960682 6.0702665704 
 6.0692140255 6.0694251294 6.0697872717 
 6.0687563768 6.0689582461 6.0693113445 
 6.0683036267 6.0684955294 6.0688388880 
 6.0678558540 6.0680370520 6.0683699690 
 6.0674130918 6.0675828479 6.0679046212 
 6.0669753282 6.0671329118 6.0674428450 
 6.0665425060 6.0666871999 6.0669846079 
 6.0661145242 6.0662456301 6.0665298446 
 6.0656912391 6.0658080838 6.0660784588 
 6.0652724664 6.0653744072 6.0656303241 
 6.0648579839 6.0649444137 6.0651852859 
 6.0644475340 6.0645178862 6.0647431637 
 6.0640408279 6.0640945803 6.0643037537 
 6.0636375488 6.0636742274 6.0638668311 
 6.0632373562 6.0632565384 6.0634321539 
 6.0628398906 6.0628412076 6.0629994656 
 6.0624447781 6.0624279167 6.0625684990 
 6.0620516353 6.0620163390 6.0621389799 
 6.0616600742 6.0616061436 6.0617106306 
 6.0612697073 6.0611970003 6.0612831735 
 6.0608801527 6.0607885832 6.0608563356 
 6.0604910389 6.0603805757 6.0604298513 
 6.0601020095 6.0599726739 6.0600034665 
 6.0597127278 6.0595645912 6.0595769418 
 6.0593228810 6.0591560617 6.0591500559 
 6.0589321839 6.0587468436 6.0587226085 
 6.0585403827 6.0583367223 6.0582944229 
 6.0581472577 6.0579255132 6.0578653485 
 6.0577526260 6.0575130639 6.0574352625 
 6.0573563438 6.0570992561 6.0570040722 
 6.0569583075 6.0566840069 6.0565717155 
 6.0565584551 6.0562672701 6.0561381622 
 6.0561567664 6.0558490362 6.0557034146 
 6.0557532634 6.0554293328 6.0552675068 
 6.0553480093 6.0550082241 6.0548305054 
 6.0549411075 6.0545858096 6.0543925076 
 6.0545327003 6.0541622235 6.0539536410 
 6.0541229666 6.0537376323 6.0535140616 
 6.0537121200 6.0533122331 6.0530739521 
 6.0533004053 6.0528862509 6.0526335195 
 6.0528880959 6.0524599362 6.0521929933 
 6.0524754903 6.0520335614 6.0517526222 
 6.0520629080 6.0516074181 6.0513126716 
 6.0516506864 6.0511818134 6.0508734204 
 6.0512391761 6.0507570665 6.0504351581 
 6.0508287372 6.0503335048 6.0499981814 
 6.0504197349 6.0499114604 6.0495627908 
 6.0500125355 6.0494912665 6.0491292877 
 6.0496075023 6.0490732536 6.0486979711 
 6.0492049919 6.0486577461 6.0482691344 
 6.0488053498 6.0482450587 6.0478430625 
 6.0484089075 6.0478354936 6.0474200286 
 6.0480159788 6.0474293372 6.0470002925 
 6.0476268568 6.0470268575 6.0465840972 
 6.0472418111 6.0466283019 6.0461716674 
 6.0468610860 6.0462338945 6.0457632073 
 6.0464848977 6.0458438352 6.0453588991 
 6.0461134333 6.0454582973 6.0449589021 
 6.0457468496 6.0450774274 6.0445633513 
 6.0453852721 6.0447013439 6.0441723567 
 6.0450287949 6.0443301374 6.0437860038 
 6.0446774809 6.0439638702 6.0434043527 
 6.0443313618 6.0436025770 6.0430274392 
 6.0439904398 6.0432462658 6.0426552748 
 6.0436546881 6.0428949185 6.0422878483 
 6.0433240531 6.0425484930 6.0419251268 
 6.0429984559 6.0422069242 6.0415670567 
 6.0426777948 6.0418701264 6.0412135663 
 6.0423619476 6.0415379953 6.0408645668 
 6.0420507741 6.0412104102 6.0405199549 
 6.0417441192 6.0408872364 6.0401796147 
 6.0414418153 6.0405683282 6.0398434202 
 6.0411436857 6.0402535309 6.0395112371 
 6.0408495473 6.0399426839 6.0391829259 
 6.0405592136 6.0396356231 6.0388583434 
 6.0402724973 6.0393321833 6.0385373458 
 6.0399892134 6.0390322010 6.0382197902 
 6.0397091813 6.0387355166 6.0379055369 
 6.0394322276 6.0384419763 6.0375944519 
 6.0391581881 6.0381514345 6.0372864078 
 6.0388869096 6.0378637554 6.0369812861 
 6.0386182517 6.0375788144 6.0366789784 
 6.0383520882 6.0372965000 6.0363793877 
 6.0380883081 6.0370167139 6.0360824293 
 6.0378268168 6.0367393729 6.0357880319 
 6.0375675360 6.0364644086 6.0354961374 
 6.0373104046 6.0361917683 6.0352067024 
 6.0370553783 6.0359214147 6.0349196972 
 6.0368024295 6.0356533260 6.0346351063 
 6.0365515469 6.0353874952 6.0343529279 
 6.0363027345 6.0351239299 6.0340731734 
 6.0360560107 6.0348626509 6.0337958670 
 6.0358114077 6.0346036919 6.0335210441 
 6.0355689695 6.0343470979 6.0332487513 
 6.0353287509 6.0340929243 6.0329790445 
 6.0350908161 6.0338412351 6.0327119880 
 6.0348552369 6.0335921021 6.0324476533 
 6.0346220911 6.0333456026 6.0321861177 
 6.0343914612 6.0331018189 6.0319274625 
 6.0341634322 6.0328608357 6.0316717725 
 6.0339380905 6.0326227394 6.0314191337 
 6.0337155222 6.0323876165 6.0311696326 
 6.0334958114 6.0321555518 6.0309233543 
 6.0332790391 6.0319266276 6.0306803820 
 6.0330652820 6.0317009221 6.0304407952 
 6.0328546110 6.0314785084 6.0302046689 
 6.0326470905 6.0312594537 6.0299720727 
 6.0324427773 6.0310438181 6.0297430698 
 6.0322417203 6.0308316542 6.0295177165 
 6.0320439594 6.0306230063 6.0292960613 
 6.0318495255 6.0304179101 6.0290781448 
 6.0316584404 6.0302163925 6.0288639993 
 6.0314707162 6.0300184711 6.0286536485 
 6.0312863559 6.0298241547 6.0284471073 
 6.0311053531 6.0296334431 6.0282443825 
 6.0309276931 6.0294463276 6.0280454722 
 6.0307533524 6.0292627909 6.0278503666 
 6.0305822999 6.0290828084 6.0276590485 
 6.0304144976 6.0289063478 6.0274714932 
 6.0302499007 6.0287333704 6.0272876697 
 6.0300884589 6.0285638317 6.0271075408 
 6.0299301169 6.0283976820 6.0269310641 
 6.0297748155 6.0282348669 6.0267581926 
 6.0296224921 6.0280753287 6.0265888754 
 6.0294730817 6.0279190066 6.0264230583 
 6.0293265174 6.0277658378 6.0262606846 
 6.0291827317 6.0276157579 6.0261016959 
 6.0290416566 6.0274687021 6.0259460327 
 6.0289032246 6.0273246053 6.0257936347 
 6.0287673692 6.0271834028 6.0256444420 
 6.0286340253 6.0270450313 6.0254983949 
 6.0285031298 6.0269094286 6.0253554351 
 6.0283746218 6.0267765346 6.0252155054 
 6.0282484431 6.0266462913 6.0250785505 
 6.0281245384 6.0265186432 6.0249445171 
 6.0280028550 6.0263935374 6.0248133540 
 6.0278833435 6.0262709236 6.0246850124 
 6.0277659576 6.0261507544 6.0245594459 
 6.0276506537 6.0260329850 6.0244366105 
 6.0275373913 6.0259175734 6.0243164644 
 6.0274261327 6.0258044801 6.0241989682 
 6.0273168426 6.0256936679 6.0240840847 
 6.0272094881 6.0255851020 6.0239717783 
 6.0271040384 6.0254787492 6.0238620155 
 6.0270004647 6.0253745783 6.0237547641 
 6.0268987396 6.0252725595 6.0236499932 
 6.0267988369 6.0251726641 6.0235476728 
 6.0267007317 6.0250748644 6.0234477737 
 6.0266043996 6.0249791334 6.0233502673 
 6.0265098170 6.0248854443 6.0232551250 
 6.0264169602 6.0247937706 6.0231623184 
 6.0263258058 6.0247040857 6.0230718187 
 6.0262363301 6.0246163628 6.0229835967 
 6.0261485092 6.0245305746 6.0228976226 
 6.0260623185 6.0244466931 6.0228138660 
 6.0259777332 6.0243646899 6.0227322955 
 6.0258947274 6.0242845356 6.0226528787 
 6.0258132748 6.0242061999 6.0225755822 
 6.0257333482 6.0241296519 6.0225003717 
 6.0256549196 6.0240548596 6.0224272118 
 6.0255779603 6.0239817903 6.0223560660 
 6.0255024411 6.0239104103 6.0222868969 
 6.0254283317 6.0238406854 6.0222196661 
 6.0253556018 6.0237725805 6.0221543347 
 6.0252842202 6.0237060603 6.0220908628 
 6.0252141556 6.0236410889 6.0220292102 
 6.0251453765 6.0235776300 6.0219693362 
 6.0250778511 6.0235156474 6.0219111997 
 6.0250115476 6.0234551046 6.0218547598 
 6.0249464347 6.0233959655 6.0217999754 
 6.0248824811 6.0233381941 6.0217468057 
 6.0248196558 6.0232817548 6.0216952102 
 6.0247579285 6.0232266127 6.0216451490 
 6.0246972694 6.0231727332 6.0215965826 
 6.0246376496 6.0231200829 6.0215494726 
 6.0245790407 6.0230686288 6.0215037812 
 6.0245214154 6.0230183391 6.0214594716 
 6.0244647471 6.0229691831 6.0214165081 
 6.0244090105 6.0229211308 6.0213748561 
 6.0243541811 6.0228741535 6.0213344822 
 6.0243002353 6.0228282238 6.0212953541 
 6.0242471507 6.0227833151 6.0212574408 
 6.0241949061 6.0227394022 6.0212207124 
 6.0241434810 6.0226964609 6.0211851405 
 6.0240928559 6.0226544681 6.0211506975 
 6.0240430125 6.0226134018 6.0211173574 
 6.0239939333 6.0225732409 6.0210850950 
 6.0239456015 6.0225339655 6.0210538862 
 6.0238980011 6.0224955563 6.0210237079 
 6.0238511171 6.0224579949 6.0209945380 
 6.0238049348 6.0224212638 6.0209663552 
 6.0237594402 6.0223853460 6.0209391388 
 6.0237146199 6.0223502251 6.0209128691 
 6.0236704607 6.0223158852 6.0208875266 
 6.0236269500 6.0222823108 6.0208630926 
 6.0235840751 6.0222494868 6.0208395485 
 6.0235418238 6.0222173982 6.0208168763 
 6.0235001840 6.0221860303 6.0207950580 
 6.0234591434 6.0221553685 6.0207740760 
 6.0234186900 6.0221253981 6.0207539125 
 6.0233788116 6.0220961046 6.0207345500 
 6.0233394958 6.0220674732 6.0207159708 
 6.0233007302 6.0220394891 6.0206981571 
 6.0232625022 6.0220121373 6.0206810911 
 6.0232247990 6.0219854027 6.0206647547 
 6.0231876073 6.0219592698 6.0206491297 
 6.0231509140 6.0219337230 6.0206341975 
 6.0231147054 6.0219087464 6.0206199396 
 6.0230789676 6.0218843239 6.0206063369 
 6.0230436867 6.0218604392 6.0205933705 
 6.0230088483 6.0218370756 6.0205810209 
 6.0229744379 6.0218142164 6.0205692686 
 6.0229404406 6.0217918446 6.0205580940 
 6.0229068418 6.0217699431 6.0205474772 
 6.0228736262 6.0217484946 6.0205373984 
 6.0228407789 6.0217274818 6.0205278375 
 6.0228082846 6.0217068874 6.0205187746 
 6.0227761283 6.0216866941 6.0205101898 
 6.0227442947 6.0216668846 6.0205020633 
 6.0227127688 6.0216474416 6.0204943753 
 6.0226815357 6.0216283483 6.0204871064 
 6.0226505806 6.0216095877 6.0204802374 
 6.0226198889 6.0215911434 6.0204737493 
 6.0225894465 6.0215729992 6.0204676236 
 6.0225592394 6.0215551390 6.0204618420 
 6.0225292539 6.0215375475 6.0204563870 
 6.0224994768 6.0215202097 6.0204512412 
 6.0224698954 6.0215031108 6.0204463880 
 6.0224404973 6.0214862370 6.0204418113 
 6.0224112706 6.0214695747 6.0204374957 
 6.0223822041 6.0214531109 6.0204334263 
 6.0223532869 6.0214368335 6.0204295890 
 6.0223245089 6.0214207306 6.0204259704 
 6.0222958605 6.0214047912 6.0204225576 
 6.0222673325 6.0213890049 6.0204193388 
 6.0222389166 6.0213733621 6.0204163026 
 6.0222106049 6.0213578536 6.0204134385 
 6.0221823901 6.0213424710 6.0204107366 
 6.0221542657 6.0213272065 6.0204081880 
 6.0221262256 6.0213120531 6.0204057841 
 6.0220982642 6.0212970042 6.0204035174 
 6.0220703767 6.0212820541 6.0204013809 
 6.0220425588 6.0212671975 6.0203993681 
 6.0220148066 6.0212524296 6.0203974735 
 6.0219871168 6.0212377464 6.0203956919 
 6.0219594865 6.0212231443 6.0203940188 
 6.0219319135 6.0212086202 6.0203924503 
 6.0219043957 6.0211941714 6.0203909827 
 6.0218769317 6.0211797957 6.0203896132 
 6.0218495204 6.0211654914 6.0203883392 
 6.0218221608 6.0211512570 6.0203871584 
 6.0217948526 6.0211370915 6.0203860691 
 6.0217675957 6.0211229941 6.0203850697 
 6.0217403901 6.0211089643 6.0203841591 
 6.0217132362 6.0210950019 6.0203833363 
 6.0216861346 6.0210811068 6.0203826005 
 6.0216590861 6.0210672792 6.0203819513 
 6.0216320919 6.0210535196 6.0203813883 
 6.0216051529 6.0210398284 6.0203809112 
 6.0215782707 6.0210262064 6.0203805199 
 6.0215514467 6.0210126543 6.0203802145 
 6.0215246825 6.0209991731 6.0203799951 
 6.0214979801 6.0209857638 6.0203798618 
 6.0214713414 6.0209724277 6.0203798149 
 6.0214447685 6.0209591659 6.0203798548 
 6.0214182638 6.0209459799 6.0203799819 
 6.0213918298 6.0209328714 6.0203801967 
 6.0213654690 6.0209198419 6.0203804998 
 6.0213391845 6.0209068933 6.0203808921 
 6.0213129795 6.0208940278 6.0203813745 
 6.0212868573 6.0208812477 6.0203819479 
 6.0212608217 6.0208685555 6.0203826138 
 6.0212348768 6.0208559542 6.0203833736 
 6.0212090271 6.0208434468 6.0203842292 
 6.0211832775 6.0208310369 6.0203851826 
 6.0211576334 6.0208187286 6.0203862365 
 6.0211321006 6.0208065263 6.0203873936 
 6.0211066856 6.0207944350 6.0203886575 
 6.0210813954 6.0207824602 6.0203900321 
 6.0210562379 6.0207706080 6.0203915217 
 6.0210312214 6.0207588854 6.0203931316 
 6.0210063553 6.0207472999 6.0203948676 
 6.0209816496 6.0207358599 6.0203967363 
 6.0209571153 6.0207245746 6.0203987451 
 6.0209327642 6.0207134543 6.0204009023 
 6.0209086094 6.0207025099 6.0204032171 
 6.0208846648 6.0206917538 6.0204056997 
 6.0208609454 6.0206811990 6.0204083615 
 6.0208374677 6.0206708600 6.0204112148 
 6.0208142490 6.0206607524 6.0204142732 
 6.0207913081 6.0206508929 6.0204175515 
 6.0207686650 6.0206412998 6.0204210659 
 6.0207463413 6.0206319924 6.0204248337 
 6.0207243597 6.0206229917 6.0204288737 
 6.0207027445 6.0206143198 6.0204332062 
 6.0206815215 6.0206060007 6.0204378529 
 6.0206607180 6.0205980596 6.0204428369 
 6.0206403630 6.0205905233 6.0204481830 
 6.0206204867 6.0205834202 6.0204539175 
 6.0206011214 6.0205767804 6.0204600683 
 6.0205823006 6.0205706355 6.0204666651 
 6.0205640599 6.0205650189 6.0204737389 
 6.0205464363 6.0205599655 6.0204813226 
 6.0205294686 6.0205555121 6.0204894509 
 6.0205131973 6.0205516971 6.0204981600 
 6.0204976646 6.0205485606 6.0205074878 
 6.0204829146 6.0205461445 6.0205174742 
 6.0204689929 6.0205444924 6.0205281604 
 6.0204559471 6.0205436496 6.0205395898 
 6.0204438265 6.0205436634 6.0205518071 
 6.0204326820 6.0205445824 6.0205648591 
 6.0204225665 6.0205464574 6.0205787940 
 6.0204135346 6.0205493406 6.0205936620 
 6.0204056425 6.0205532861 6.0206095148 
 6.0203989483 6.0205583498 6.0206264059 
 6.0203935120 6.0205645890 6.0206443904 
 6.0203893949 6.0205720631 6.0206635253 
 6.0203866605 6.0205808330 6.0206838690 
 6.0203853738 6.0205909613 6.0207054816 
 6.0203856015 6.0206025121 6.0207284249 
 6.0203874119 6.0206155515 6.0207527623 
 6.0203908753 6.0206301471 6.0207785588 
 6.0203960634 6.0206463679 6.0208058809 
 6.0204030496 6.0206642847 6.0208347966 
 6.0204119089 6.0206839700 6.0208653757 
 6.0204227181 6.0207054975 6.0208976890 
 6.0204355553 6.0207289427 6.0209318094 
 6.0204505004 6.0207543826 6.0209678106 
 6.0204676347 6.0207818955 6.0210057683 
 6.0204870410 6.0208115614 6.0210457591 
 6.0205088037 6.0208434613 6.0210878613 
 6.0205330086 6.0208776781 6.0211321544 
 6.0205597426 6.0209142957 6.0211787191 
 6.0205890945 6.0209533994 6.0212276374 
 6.0206211540 6.0209950758 6.0212789926 
 6.0206560123 6.0210394125 6.0213328690 
 6.0206937617 6.0210864986 6.0213893521 
 6.0207344956 6.0211364241 6.0214485285 
 6.0207783088 6.0211892802 6.0215104857 
 6.0208252968 6.0212451589 6.0215753123 
 6.0208755563 6.0213041533 6.0216430976 
 6.0209291848 6.0213663573 6.0217139320 
 6.0209862808 6.0214318656 6.0217879063 
 6.0210469432 6.0215007738 6.0218651124 
 6.0211112720 6.0215731777 6.0219456424 
 6.0211793673 6.0216491742 6.0220295894 
 6.0212513302 6.0217288602 6.0221170465 
 6.0213272616 6.0218123332 6.0222081074 
 6.0214072632 6.0218996910 6.0223028661 
 6.0214914365 6.0219910314 6.0224014168 
 6.0215798831 6.0220864525 6.0225038536 
 6.0216727047 6.0221860521 6.0226102707 
 6.0217700026 6.0222899281 6.0227207623 
 6.0218718779 6.0223981779 6.0228354221 
 6.0219784313 6.0225108986 6.0229543437 
 6.0220897628 6.0226281868 6.0230776201 
 6.0222059718 6.0227501385 6.0232053440 
 6.0223271568 6.0228768490 6.0233376070 
 6.0224534154 6.0230084124 6.0234745003 
 6.0225848440 6.0231449223 6.0236161140 
 6.0227215380 6.0232864708 6.0237625373 
 6.0228635913 6.0234331489 6.0239138581 
 6.0230110962 6.0235850463 6.0240701633 
 6.0231641438 6.0237422511 6.0242315384 
 6.0233228231 6.0239048501 6.0243980672 
 6.0234872215 6.0240729280 6.0245698324 
 6.0236574243 6.0242465680 6.0247469147 
 6.0238335151 6.0244258515 6.0249293932 
 6.0240155751 6.0246108576 6.0251173453 
 6.0242036832 6.0248016637 6.0253108462 
 6.0243979164 6.0249983449 6.0255099694 
 6.0245983490 6.0252009740 6.0257147864 
 6.0248050530 6.0254096218 6.0259253663 
 6.0250180980 6.0256243565 6.0261417764 
 6.0252375509 6.0258452442 6.0263640815 
 6.0254634763 6.0260723484 6.0265923444 
 6.0256959359 6.0263057303 6.0268266255 
 6.0259349889 6.0265454485 6.0270669829 
 6.0261806922 6.0267915594 6.0273134725 
 6.0264330995 6.0270441166 6.0275661477 
 6.0266922625 6.0273031716 6.0278250598 
 6.0269582298 6.0275687729 6.0280902577 
 6.0272310477 6.0278409672 6.0283617878 
 6.0275107599 6.0281197983 6.0286396944 
 6.0277974076 6.0284053078 6.0289240195 
 6.0280910293 6.0286975348 6.0292148027 
 6.0283916615 6.0289965162 6.0295120815 
 6.0286993379 6.0293022865 6.0298158912 
 6.0290140901 6.0296148780 6.0301262648 
 6.0293359472 6.0299343207 6.0304432333 
 6.0296649363 6.0302606426 6.0307668254 
 6.0300010823 6.0305938693 6.0310970679 
 6.0303444077 6.0309340245 6.0314339854 
 6.0306949332 6.0312811299 6.0317776007 
 6.0310526773 6.0316352049 6.0321279344 
 6.0314176568 6.0319962674 6.0324850053 
 6.0317898862 6.0323643330 6.0328488302 
 6.0321693784 6.0327394155 6.0332194241 
 6.0325561444 6.0331215269 6.0335968000 
 6.0329501932 6.0335106774 6.0339809691 
 6.0333515323 6.0339068753 6.0343719408 
 6.0337601673 6.0343101272 6.0347697228 
 6.0341761022 6.0347204380 6.0351743208 
 6.0345993391 6.0351378107 6.0355857388 
 6.0350298786 6.0355622466 6.0360039792 
 6.0354677197 6.0359937455 6.0364290423 
 6.0359128595 6.0364323054 6.0368609271 
 6.0363652938 6.0368779225 6.0372996304 
 6.0368250165 6.0373305915 6.0377451475 
 6.0372920201 6.0377903052 6.0381974721 
 6.0377662953 6.0382570552 6.0386565961 
 6.0382478313 6.0387308309 6.0391225096 
 6.0387366159 6.0392116206 6.0395952012 
 6.0392326350 6.0396994106 6.0400746578 
 6.0397358733 6.0401941859 6.0405608647 
 6.0402463136 6.0406959299 6.0410538056 
 6.0407639377 6.0412046244 6.0415534628 
 6.0412887255 6.0417202498 6.0420598169 
 6.0418206557 6.0422427851 6.0425728473 
 6.0423597056 6.0427722079 6.0430925318 
 6.0429058512 6.0433084945 6.0436188472 
 6.0434590672 6.0438516200 6.0441517689 
 6.0440193271 6.0444015585 6.0446912713 
 6.0445866036 6.0449582828 6.0452373278 
 6.0451608679 6.0455217649 6.0457899107 
 6.0457420907 6.0460919759 6.0463489919 
 6.0463302418 6.0466688863 6.0469145423 
 6.0469252903 6.0472524660 6.0474865325 
 6.0475272048 6.0478426844 6.0480649328 
 6.0481359534 6.0484395105 6.0486497131 
 6.0487515041 6.0490429133 6.0492408435 
 6.0493738246 6.0496528617 6.0498382940 
 6.0500028828 6.0502693249 6.0504420349 
 6.0506386466 6.0508922722 6.0510520372 
 6.0512810844 6.0515216736 6.0516682722 
 6.0519301649 6.0521574995 6.0522907122 
 6.0525858577 6.0527997211 6.0529193303 
 6.0532481328 6.0534483107 6.0535541006 
 6.0539169614 6.0541032413 6.0541949987 
 6.0545923155 6.0547644875 6.0548420011 
 6.0552741683 6.0554320246 6.0554950861 
 6.0559624939 6.0561058296 6.0561542331 
 6.0566572680 6.0567858806 6.0568194234 
 6.0573584673 6.0574721573 6.0574906395 
 6.0580660696 6.0581646406 6.0581678657 
 6.0587800541 6.0588633128 6.0588510876 
 6.0595004010 6.0595681572 6.0595402922 
 6.0602270913 6.0602791584 6.0602354678 
 6.0609601071 6.0609963017 6.0609366037 
 6.0616994305 6.0617195733 6.0616436898 
 6.0624450445 6.0624489595 6.0623567168 
 6.0631969316 6.0631844467 6.0630756755 
 6.0639550740 6.0639260210 6.0638005561 
 6.0647194529 6.0646736675 6.0645313484 
 6.0654900481 6.0654273700 6.0652680408 
 6.0662668375 6.0661871105 6.0660106197 
 6.0670497963 6.0669528681 6.0667590691 
 6.0678388964 6.0677246188 6.0675133696 
 6.0686341057 6.0685023345 6.0682734979 
 6.0694353871 6.0692859821 6.0690394257 
 6.0702426979 6.0700755232 6.0698111190 
 6.0710559889 6.0708709122 6.0705885370 
 6.0718752033 6.0716720963 6.0713716317 
 6.0727002759 6.0724790143 6.0721603462 
 6.0735311320 6.0732915953 6.0729546142 
 6.0743676866 6.0741097580 6.0737543588 
 6.0752098433 6.0749334099 6.0745594917 
 6.0760574933 6.0757624460 6.0753699124 
 6.0769105147 6.0765967481 6.0761855068 
 6.0777687713 6.0774361839 6.0770061469 
 6.0786321120 6.0782806062 6.0778316899 
 6.0795003696 6.0791298521 6.0786619773 
 6.0803733607 6.0799837427 6.0794968347 
 6.0812508847 6.0808420821 6.0803360711 
 6.0821327235 6.0817046572 6.0811794785 
 6.0830186406 6.0825712376 6.0820268323 
 6.0839083815 6.0834415752 6.0828778904 
 6.0848016732 6.0843154043 6.0837323944 
 6.0856982243 6.0851924417 6.0845900688 
 6.0865977249 6.0860723871 6.0854506226 
 6.0874998474 6.0869549238 6.0863137490 
 6.0884042464 6.0878397188 6.0871791272 
 6.0893105597 6.0887264240 6.0880464227 
 6.0902184089 6.0896146775 6.0889152889 
 6.0911274004 6.0905041040 6.0897853685 
 6.0920371265 6.0913943168 6.0906562951 
 6.0929471665 6.0922849189 6.0915276947 
 6.0938570883 6.0931755048 6.0923991882 
 6.0947664497 6.0940656623 6.0932703928 
 6.0956748001 6.0949549743 6.0941409246 
 6.0965816823 6.0958430208 6.0950104010 
 6.0974866344 6.0967293813 6.0958784430 
 6.0983891919 6.0976136369 6.0967446777 
 6.0992888895 6.0984953726 6.0976087416 
 6.1001852637 6.0993741801 6.0984702827 
 6.1010778545 6.1002496600 6.0993289639 
 6.1019662085 6.1011214248 6.1001844660 
 6.1028498809 6.1019891015 6.1010364907 
 6.1037284381 6.1028523345 6.1018847644 
 6.1046014607 6.1037107889 6.1027290411 
 6.1054685462 6.1045641535 6.1035691062 
 6.1063293122 6.1054121444 6.1044047811 
 6.1071833998 6.1062545089 6.1052359264 
 6.1080304772 6.1070910289 6.1060624473 
 6.1088702440 6.1079215264 6.1068842978 
 6.1097024356 6.1087458675 6.1077014866 
 6.1105268285 6.1095639685 6.1085140825 
 6.1113432460 6.1103758009 6.1093222201 
 6.1121515643 6.1111813985 6.1101261060 
 6.1129517193 6.1119808627 6.1109260241 
 6.1137437126 6.1127743683 6.1117223396 
 6.1145276180 6.1135621675 6.1125155001 
 6.1153035853 6.1143445913 6.1133060333 
 6.1160718416 6.1151220456 6.1140945363 
 6.1168326873 6.1158950008 6.1148816564 
 6.1175864850 6.1166639706 6.1156680574 
 6.1183336375 6.1174294785 6.1164543707 
 6.1190745546 6.1181920083 6.1172411274 
 6.1198096045 6.1189519400 6.1180286757 
 6.1205390535 6.1197094731 6.1188170886 
 6.1212629966 6.1204645456 6.1196060737 
 6.1219812872 6.1212167595 6.1203949023 
 6.1226934770 6.1219653286 6.1211823726 
 6.1233987782 6.1227090590 6.1219668201 
 6.1240960570 6.1234463713 6.1227461748 
 6.1247838610 6.1241753608 6.1235180586 
 6.1254604792 6.1248938874 6.1242799050 
 6.1261240220 6.1255996806 6.1250290825 
 6.1267725114 6.1262904427 6.1257630068 
 6.1274039675 6.1269639410 6.1264792307 
 6.1280164840 6.1276180800 6.1271755089 
 6.1286082876 6.1282509532 6.1278498387 
 6.1291777792 6.1288608755 6.1285004811 
 6.1297235604 6.1294463987 6.1291259657 
 