6.1330186899 6.1332781880 6.1334948950 
 6.1339974621 6.1342152336 6.1343889042 
 6.1349428220 6.1351190745 6.1352499075 
 6.1358551466 6.1359901667 6.1360784417 
 6.1367348808 6.1368290302 6.1368751049 
 6.1375825318 6.1376362438 6.1376405502 
 6.1383986641 6.1384124390 6.1383754798 
 6.1391838941 6.1391582945 6.1390806384 
 6.1399388837 6.1398745299 6.1397568073 
 6.1406643356 6.1405619007 6.1404047982 
 6.1413609874 6.1412211921 6.1410254477 
 6.1420296063 6.1418532139 6.1416196116 
 6.1426709840 6.1424587956 6.1421881602 
 6.1432859316 6.1430387814 6.1427319732 
 6.1438752755 6.1435940258 6.1432519358 
 6.1444398525 6.1441253898 6.1437489348 
 6.1449805061 6.1446337369 6.1442238550 
 6.1454980831 6.1451199300 6.1446775765 
 6.1459934299 6.1455848281 6.1451109718 
 6.1464673898 6.1460292843 6.1455249037 
 6.1469208002 6.1464541425 6.1459202232 
 6.1473544903 6.1468602365 6.1462977679 
 6.1477692790 6.1472483871 6.1466583605 
 6.1481659730 6.1476194012 6.1470028077 
 6.1485453648 6.1479740702 6.1473318986 
 6.1489082319 6.1483131684 6.1476464044 
 6.1492553345 6.1486374525 6.1479470767 
 6.1495874150 6.1489476598 6.1482346473 
 6.1499051965 6.1492445077 6.1485098270 
 6.1502093817 6.1495286926 6.1487733049 
 6.1505006522 6.1498008889 6.1490257476 
 6.1507796671 6.1500617482 6.1492677985 
 6.1510470624 6.1503118984 6.1495000768 
 6.1513034500 6.1505519430 6.1497231765 
 6.1515494169 6.1507824601 6.1499376662 
 6.1517855246 6.1510040014 6.1501440878 
 6.1520123079 6.1512170920 6.1503429557 
 6.1522302747 6.1514222293 6.1505347561 
 6.1524399053 6.1516198823 6.1507199467 
 6.1526416514 6.1518104912 6.1508989551 
 6.1528359365 6.1519944667 6.1510721793 
 6.1530231547 6.1521721897 6.1512399864 
 6.1532036710 6.1523440111 6.1514027129 
 6.1533778209 6.1525102516 6.1515606638 
 6.1535459107 6.1526712015 6.1517141131 
 6.1537082176 6.1528271211 6.1518633038 
 6.1538649898 6.1529782408 6.1520084481 
 6.1540164474 6.1531247619 6.1521497278 
 6.1541627825 6.1532668568 6.1522872950 
 6.1543041608 6.1534046703 6.1524212733 
 6.1544407216 6.1535383204 6.1525517582 
 6.1545725799 6.1536678994 6.1526788190 
 6.1546998270 6.1537934753 6.1528024997 
 6.1548225319 6.1539150932 6.1529228207 
 6.1549407433 6.1540327771 6.1530397806 
 6.1550544905 6.1541465314 6.1531533577 
 6.1551637858 6.1542563425 6.1532635123 
 6.1552686257 6.1543621812 6.1533701882 
 6.1553689926 6.1544640040 6.1534733151 
 6.1554648572 6.1545617552 6.1535728104 
 6.1555561795 6.1546553689 6.1536685813 
 6.1556429113 6.1547447709 6.1537605267 
 6.1557249971 6.1548298804 6.1538485395 
 6.1558023767 6.1549106117 6.1539325080 
 6.1558749861 6.1549868762 6.1540123180 
 6.1559427590 6.1550585837 6.1540878546 
 6.1560056290 6.1551256441 6.1541590036 
 6.1560635299 6.1551879689 6.1542256531 
 6.1561163976 6.1552454723 6.1542876950 
 6.1561641711 6.1552980723 6.1543450259 
 6.1562067932 6.1553456920 6.1543975484 
 6.1562442118 6.1553882604 6.1544451724 
 6.1562763803 6.1554257132 6.1544878151 
 6.1563032585 6.1554579935 6.1545254027 
 6.1563248128 6.1554850522 6.1545578701 
 6.1563410171 6.1555068487 6.1545851621 
 6.1563518529 6.1555233511 6.1546072330 
 6.1563573092 6.1555345364 6.1546240473 
 6.1563573832 6.1555403904 6.1546355800 
 6.1563520799 6.1555409083 6.1546418157 
 6.1563414122 6.1555360940 6.1546427496 
 6.1563254011 6.1555259605 6.1546383865 
 6.1563040748 6.1555105291 6.1546287412 
 6.1562774690 6.1554898299 6.1546138375 
 6.1562456266 6.1554639004 6.1545937084 
 6.1562085970 6.1554327861 6.1545683952 
 6.1561664358 6.1553965394 6.1545379474 
 6.1561192046 6.1553552195 6.1545024219 
 6.1560669703 6.1553088916 6.1544618824 
 6.1560098046 6.1552576264 6.1544163990 
 6.1559477834 6.1552014996 6.1543660472 
 6.1558809865 6.1551405912 6.1543109077 
 6.1558094968 6.1550749850 6.1542510653 
 6.1557333999 6.1550047679 6.1541866086 
 6.1556527832 6.1549300293 6.1541176290 
 6.1555677360 6.1548508603 6.1540442202 
 6.1554783483 6.1547673536 6.1539664774 
 6.1553847104 6.1546796022 6.1538844969 
 6.1552869127 6.1545876996 6.1537983753 
 6.1551850448 6.1544917384 6.1537082087 
 6.1550791954 6.1543918107 6.1536140927 
 6.1549694514 6.1542880067 6.1535161211 
 6.1548558981 6.1541804150 6.1534143862 
 6.1547386181 6.1540691218 6.1533089776 
 6.1546176917 6.1539542105 6.1531999823 
 6.1544931959 6.1538357615 6.1530874842 
 6.1543652047 6.1537138519 6.1529715637 
 6.1542337887 6.1535885554 6.1528522974 
 6.1540990148 6.1534599416 6.1527297581 
 6.1539609462 6.1533280765 6.1526040145 
 6.1538196424 6.1531930219 6.1524751308 
 6.1536751589 6.1530548357 6.1523431673 
 6.1535275475 6.1529135715 6.1522081797 
 6.1533768559 6.1527692792 6.1520702194 
 6.1532231283 6.1526220042 6.1519293337 
 6.1530664050 6.1524717883 6.1517855656 
 6.1529067230 6.1523186696 6.1516389541 
 6.1527441156 6.1521626821 6.1514895342 
 6.1525786130 6.1520038568 6.1513373373 
 6.1524102422 6.1518422211 6.1511823912 
 6.1522390273 6.1516777992 6.1510247203 
 6.1520649897 6.1515106127 6.1508643460 
 6.1518881484 6.1513406800 6.1507012865 
 6.1517085198 6.1511680175 6.1505355576 
 6.1515261182 6.1509926388 6.1503671722 
 6.1513409562 6.1508145556 6.1501961414 
 6.1511530442 6.1506337775 6.1500224735 
 6.1509623913 6.1504503124 6.1498461753 
 6.1507690049 6.1502641664 6.1496672516 
 6.1505728911 6.1500753441 6.1494857054 
 6.1503740547 6.1498838487 6.1493015383 
 6.1501724992 6.1496896821 6.1491147502 
 6.1499682274 6.1494928449 6.1489253397 
 6.1497612405 6.1492933362 6.1487333038 
 6.1495515392 6.1490911543 6.1485386384 
 6.1493391229 6.1488862962 6.1483413379 
 6.1491239901 6.1486787576 6.1481413953 
 6.1489061383 6.1484685332 6.1479388023 
 6.1486855642 6.1482556163 6.1477335491 
 6.1484622631 6.1480399992 6.1475256245 
 6.1482362296 6.1478216728 6.1473150159 
 6.1480074571 6.1476006268 6.1471017092 
 6.1477759377 6.1473768493 6.1468856886 
 6.1475416627 6.1471503274 6.1466669367 
 6.1473046221 6.1469210468 6.1464454348 
 6.1470648045 6.1466889915 6.1462211624 
 6.1468221977 6.1464541444 6.1459940974 
 6.1465767881 6.1462164871 6.1457642162 
 6.1463285610 6.1459759999 6.1455314939 
 6.1460775007 6.1457326616 6.1452959040 
 6.1458235905 6.1454864503 6.1450574190 
 6.1455668127 6.1452373427 6.1448160099 
 6.1453071488 6.1449853150 6.1445716473 
 6.1450445797 6.1447303424 6.1443243005 
 6.1447790857 6.1444723999 6.1440739389 
 6.1445106467 6.1442114619 6.1438205311 
 6.1442392428 6.1439475032 6.1435640463 
 6.1439648539 6.1436804984 6.1433044538 
 6.1436874604 6.1434104230 6.1430417236 
 6.1434070432 6.1431372532 6.1427758271 
 6.1431235841 6.1428609665 6.1425067369 
 6.1428370663 6.1425815420 6.1422344278 
 6.1425474743 6.1422989604 6.1419588767 
 6.1422547944 6.1420132050 6.1416800633 
 6.1419590152 6.1417242617 6.1413979705 
 6.1416601276 6.1414321193 6.1411125848 
 6.1413581254 6.1411367701 6.1408238967 
 6.1410530054 6.1408382100 6.1405319012 
 6.1407447679 6.1405364394 6.1402365980 
 6.1404334170 6.1402314626 6.1399379921 
 6.1401189605 6.1399232892 6.1396360941 
 6.1398014109 6.1396119335 6.1393309206 
 6.1394807849 6.1392974154 6.1390224941 
 6.1391571041 6.1389797602 6.1387108437 
 6.1388303950 6.1386589992 6.1383960055 
 6.1385006892 6.1383351693 6.1380780219 
 6.1381680236 6.1380083139 6.1377569426 
 6.1378324402 6.1376784821 6.1374328244 
 6.1374939865 6.1373457296 6.1371057309 
 6.1371527153 6.1370101178 6.1367757328 
 6.1368086845 6.1366717143 6.1364429075 
 6.1364619571 6.1363305924 6.1361073391 
 6.1361126012 6.1359868311 6.1357691178 
 6.1357606892 6.1356405145 6.1354283399 
 6.1354062981 6.1352917315 6.1350851070 
 6.1350495086 6.1349405753 6.1347395254 
 6.1346904049 6.1345871430 6.1343917058 
 6.1343290739 6.1342315347 6.1340417620 
 6.1339656050 6.1338738530 6.1336898107 
 6.1336000889 6.1335142017 6.1333359699 
 6.1332326174 6.1331526858 6.1329803583 
 6.1328632820 6.1327894096 6.1326230940 
 6.1324921736 6.1324244764 6.1322642937 
 6.1321193812 6.1320579870 6.1319040708 
 6.1317449912 6.1316900390 6.1315425350 
 6.1313690865 6.1313207255 6.1311797903 
 6.1309917452 6.1309501339 6.1308159343 
 6.1306130403 6.1305783451 6.1304510564 
 6.1302330383 6.1302054322 6.1300852373 
 6.1298517984 6.1298314599 6.1297185473 
 6.1294693723 6.1294564833 6.1293510456 
 6.1290858027 6.1290805472 6.1289827795 
 6.1287011235 6.1287036855 6.1286137831 
 6.1283153590 6.1283259209 6.1282440776 
 6.1279285235 6.1279472642 6.1278736700 
 6.1275406216 6.1275677143 6.1275025538 
 6.1271516477 6.1271872583 6.1271307082 
 6.1267615866 6.1268058717 6.1267580989 
 6.1263704135 6.1264235186 6.1263846784 
 6.1259780948 6.1260401524 6.1260103865 
 6.1255845882 6.1256557166 6.1256351515 
 6.1251898442 6.1252701454 6.1252588907 
 6.1247938063 6.1248833653 6.1248815121 
 6.1243964123 6.1244952954 6.1245029155 
 6.1239975954 6.1241058493 6.1241229936 
 6.1235972849 6.1237149361 6.1237416342 
 6.1231954077 6.1233224617 6.1233587210 
 6.1227918892 6.1229283301 6.1229741355 
 6.1223866545 6.1225324449 6.1225877584 
 6.1219796295 6.1221347102 6.1221994712 
 6.1215707417 6.1217350320 6.1218091573 
 6.1211599212 6.1213333196 6.1214167036 
 6.1207471018 6.1209294859 6.1210220017 
 6.1203322214 6.1205234490 6.1206249489 
 6.1199152227 6.1201151328 6.1202254489 
 6.1194960540 6.1197044674 6.1198234133 
 6.1190746694 6.1192913900 6.1194187617 
 6.1186510291 6.1188758456 6.1190114226 
 6.1182251000 6.1184577865 6.1186013338 
 6.1177968553 6.1180371736 6.1181884430 
 6.1173662754 6.1176139760 6.1177727076 
 6.1169333470 6.1171881711 6.1173540954 
 6.1164980638 6.1167597450 6.1169325845 
 6.1160604264 6.1163286923 6.1165081632 
 6.1156204416 6.1158950160 6.1160808306 
 6.1151781233 6.1154587277 6.1156505960 
 6.1147334916 6.1150198474 6.1152174792 
 6.1142865732 6.1145784036 6.1147815103 
 6.1138374013 6.1141344331 6.1143427299 
 6.1133860153 6.1136879809 6.1139011890 
 6.1129324611 6.1132391005 6.1134569486 
 6.1124767910 6.1127878535 6.1130100802 
 6.1120190637 6.1123343100 6.1125606654 
 6.1115593444 6.1118785480 6.1121087959 
 6.1110977047 6.1114206540 6.1116545734 
 6.1106342225 6.1109607224 6.1111981093 
 6.1101689823 6.1104988555 6.1107395248 
 6.1097020748 6.1100351635 6.1102789503 
 6.1092335967 6.1095697639 6.1098165252 
 6.1087636506 6.1091027815 6.1093523972 
 6.1082923447 6.1086343474 6.1088867217 
 6.1078197919 6.1081645988 6.1084196612 
 6.1073461097 6.1076936777 6.1079513840 
 6.1068714190 6.1072217306 6.1074820632 
 6.1063958434 6.1067489069 6.1070118755 
 6.1059195079 6.1062753575 6.1065409994 
 6.1054425381 6.1058012339 6.1060696137 
 6.1049650585 6.1053266863 6.1055978958 
 6.1044871912 6.1048518616 6.1051260194 
 6.1040090541 6.1043769021 6.1046541525 
 6.1035307596 6.1039019435 6.1041824555 
 6.1030524131 6.1034271128 6.1037110785 
 6.1025741108 6.1029525266 6.1032401600 
 6.1020959388 6.1024782893 6.1027698239 
 6.1016179712 6.1020044917 6.1023001783 
 6.1011402693 6.1015312091 6.1018313137 
 6.1006628801 6.1010585003 6.1013633012 
 6.1001858359 6.1005864069 6.1008961920 
 6.0997091536 6.1001149523 6.1004300165 
 6.0992328343 6.0996441418 6.0999647837 
 6.0987568639 6.0991739625 6.0995004817 
 6.0982812131 6.0987043838 6.0990370782 
 6.0978058384 6.0982353584 6.0985745212 
 6.0973306830 6.0977668233 6.0981127407 
 6.0968556782 6.0972987017 6.0976516501 
 6.0963807451 6.0968309039 6.0971911484 
 6.0959057961 6.0963633305 6.0967311221 
 6.0954307371 6.0958958734 6.0962714482 
 6.0949554691 6.0954284186 6.0958119961 
 6.0944798906 6.0949608484 6.0953526304 
 6.0940038992 6.0944930438 6.0948932134 
 6.0935273939 6.0940248862 6.0944336076 
 6.0930502770 6.0935562599 6.0939736781 
 6.0925724552 6.0930870539 6.0935132944 
 6.0920938420 6.0926171636 6.0930523328 
 6.0916143584 6.0921464925 6.0925906777 
 6.0911339343 6.0916749531 6.0921282235 
 6.0906525094 6.0912024684 6.0916648752 
 6.0901700340 6.0907289726 6.0912005503 
 6.0896864694 6.0902544117 6.0907351784 
 6.0892017885 6.0897787437 6.0902687025 
 6.0887159752 6.0893019393 6.0898010791 
 6.0882290252 6.0888239810 6.0893322777 
 6.0877409450 6.0883448640 6.0888622813 
 6.0872517521 6.0878645947 6.0883910857 
 6.0867614740 6.0873831910 6.0879186991 
 6.0862701477 6.0869006813 6.0874451413 
 6.0857778190 6.0864171038 6.0869704430 
 6.0852845415 6.0859325056 6.0864946454 
 6.0847903760 6.0854469422 6.0860177986 
 6.0842953893 6.0849604757 6.0855399609 
 6.0837996531 6.0844731747 6.0850611980 
 6.0833032435 6.0839851127 6.0845815817 
 6.0828062396 6.0834963675 6.0841011888 
 6.0823087225 6.0830070198 6.0836201004 
 6.0818107747 6.0825171525 6.0831384003 
 6.0813124789 6.0820268495 6.0826561745 
 6.0808139172 6.0815361949 6.0821735100 
 6.0803151702 6.0810452723 6.0816904937 
 6.0798163162 6.0805541634 6.0812072117 
 6.0793174308 6.0800629478 6.0807237483 
 6.0788185856 6.0795717018 6.0802401853 
 6.0783198482 6.0790804982 6.0797566011 
 6.0778212813 6.0785894050 6.0792730699 
 6.0773229426 6.0780984858 6.0787896617 
 6.0768248839 6.0776077982 6.0783064408 
 6.0763271510 6.0771173945 6.0778234662 
 6.0758297838 6.0766273207 6.0773407906 
 6.0753328157 6.0761376163 6.0768584604 
 6.0748362734 6.0756483146 6.0763765154 
 6.0743401776 6.0751594421 6.0758949885 
 6.0738445424 6.0746710189 6.0754139059 
 6.0733493754 6.0741830582 6.0749332870 
 6.0728546785 6.0736955674 6.0744531444 
 6.0723604477 6.0732085474 6.0739734845 
 6.0718666736 6.0727219936 6.0734943071 
 6.0713733417 6.0722358956 6.0730156064 
 6.0708804330 6.0717502383 6.0725373709 
 6.0703879242 6.0712650020 6.0720595843 
 6.0698957888 6.0707801630 6.0715822256 
 6.0694039969 6.0702956940 6.0711052701 
 6.0689125166 6.0698115649 6.0706286894 
 6.0684213137 6.0693277435 6.0701524528 
 6.0679303530 6.0688441957 6.0696765271 
 6.0674395988 6.0683608865 6.0692008778 
 6.0669490149 6.0678777801 6.0687254693 
 6.0664585660 6.0673948413 6.0682502660 
 6.0659682174 6.0669120350 6.0677752323 
 6.0654779362 6.0664293275 6.0673003336 
 6.0649876912 6.0659466868 6.0668255364 
 6.0644974536 6.0654640828 6.0663508093 
 6.0640071972 6.0649814877 6.0658761227 
 6.0635168987 6.0644988768 6.0654014499 
 6.0630265382 6.0640162279 6.0649267667 
 6.0625360990 6.0635335224 6.0644520522 
 6.0620455680 6.0630507450 6.0639772885 
 6.0615549357 6.0625678836 6.0635024613 
 6.0610641960 6.0620849300 6.0630275597 
 6.0605733467 6.0616018792 6.0625525760 
 6.0600823888 6.0611187298 6.0620775063 
 6.0595913269 6.0606354837 6.0616023498 
 6.0591001688 6.0601521460 6.0611271090 
 6.0586089251 6.0596687249 6.0606517894 
 6.0581176095 6.0591852312 6.0601763993 
 6.0576262380 6.0587016785 6.0597009498 
 6.0571348290 6.0582180826 6.0592254543 
 6.0566434028 6.0577344614 6.0587499282 
 6.0561519814 6.0572508344 6.0582743889 
 6.0556605881 6.0567672228 6.0577988552 
 6.0551692474 6.0562836485 6.0573233472 
 6.0546779842 6.0558001347 6.0568478859 
 6.0541868243 6.0553167049 6.0563724930 
 6.0536957932 6.0548333828 6.0558971904 
 6.0532049166 6.0543501921 6.0554220003 
 6.0527142195 6.0538671564 6.0549469447 
 6.0522237266 6.0533842985 6.0544720450 
 6.0517334615 6.0529016407 6.0539973222 
 6.0512434469 6.0524192042 6.0535227962 
 6.0507537041 6.0519370092 6.0530484863 
 6.0502642533 6.0514550745 6.0525744102 
 6.0497751132 6.0509734178 6.0521005847 
 6.0492863008 6.0504920552 6.0516270251 
 6.0487978317 6.0500110012 6.0511537451 
 6.0483097197 6.0495302689 6.0506807572 
 6.0478219771 6.0490498698 6.0502080723 
 6.0473346146 6.0485698139 6.0497356997 
 6.0468476412 6.0480901096 6.0492636475 
 6.0463610646 6.0476107638 6.0487919219 
 6.0458748910 6.0471317823 6.0483205284 
 6.0453891252 6.0466531692 6.0478494706 
 6.0449037709 6.0461749278 6.0473787515 
 6.0444188308 6.0456970602 6.0469083725 
 6.0439343064 6.0452195674 6.0464383345 
 6.0434501987 6.0447424498 6.0459686374 
 6.0429665078 6.0442657070 6.0454992804 
 6.0424832336 6.0437893384 6.0450302621 
 6.0420003755 6.0433133426 6.0445615810 
 6.0415179325 6.0428377182 6.0440932350 
 6.0410359040 6.0423624638 6.0436252221 
 6.0405542891 6.0418875777 6.0431575401 
 6.0400730872 6.0414130588 6.0426901871 
 6.0395922983 6.0409389061 6.0422231614 
 6.0391119226 6.0404651188 6.0417564616 
 6.0386319609 6.0399916970 6.0412900867 
 6.0381524147 6.0395186412 6.0408240365 
 6.0376732863 6.0390459525 6.0403583111 
 6.0371945787 6.0385736329 6.0398929114 
 6.0367162959 6.0381016850 6.0394278391 
 6.0362384425 6.0376301125 6.0389630966 
 6.0357610244 6.0371589197 6.0384986872 
 6.0352840482 6.0366881121 6.0380346149 
 6.0348075217 6.0362176957 6.0375708847 
 6.0343314534 6.0357476778 6.0371075022 
 6.0338558528 6.0352780664 6.0366444742 
 6.0333807305 6.0348088703 6.0361818080 
 6.0329060979 6.0343400993 6.0357195118 
 6.0324319671 6.0338717639 6.0352575947 
 6.0319583513 6.0334038754 6.0347960662 
 6.0314852643 6.0329364460 6.0343349369 
 6.0310127207 6.0324694882 6.0338742177 
 6.0305407356 6.0320030155 6.0334139202 
 6.0300693249 6.0315370418 6.0329540568 
 6.0295985051 6.0310715815 6.0324946399 
 6.0291282931 6.0306066497 6.0320356828 
 6.0286587061 6.0301422617 6.0315771991 
 6.0281897621 6.0296784332 6.0311192024 
 6.0277214790 6.0292151804 6.0306617072 
 6.0272538753 6.0287525195 6.0302047277 
 6.0267869698 6.0282904673 6.0297482787 
 6.0263207812 6.0278290404 6.0292923751 
 6.0258553288 6.0273682559 6.0288370318 
 6.0253906317 6.0269081309 6.0283822640 
 6.0249267093 6.0264486827 6.0279280871 
 6.0244635811 6.0259899286 6.0274745163 
 6.0240012667 6.0255318861 6.0270215670 
 6.0235397859 6.0250745726 6.0265692548 
 6.0230791582 6.0246180058 6.0261175953 
 6.0226194037 6.0241622033 6.0256666039 
 6.0221605421 6.0237071828 6.0252162964 
 6.0217025934 6.0232529621 6.0247666885 
 6.0212455778 6.0227995590 6.0243177959 
 6.0207895154 6.0223469916 6.0238696346 
 6.0203344265 6.0218952779 6.0234222205 
 6.0198803315 6.0214444360 6.0229755696 
 6.0194272510 6.0209944844 6.0225296982 
 6.0189752057 6.0205454414 6.0220846225 
 6.0185242166 6.0200973257 6.0216403592 
 6.0180743047 6.0196501562 6.0211969247 
 6.0176254914 6.0192039518 6.0207543360 
 6.0171777984 6.0187587320 6.0203126102 
 6.0167312475 6.0183145163 6.0198717646 
 6.0162858607 6.0178713244 6.0194318167 
 6.0158416607 6.0174291765 6.0189927845 
 6.0153986702 6.0169880930 6.0185546860 
 6.0149569122 6.0165480946 6.0181175396 
 6.0145164104 6.0161092025 6.0176813642 
 6.0140771884 6.0156714381 6.0172461789 
 6.0136392705 6.0152348231 6.0168120030 
 6.0132026814 6.0147993798 6.0163788565 
 6.0127674461 6.0143651307 6.0159467594 
 6.0123335899 6.0139320989 6.0155157323 
 6.0119011387 6.0135003076 6.0150857962 
 6.0114701187 6.0130697807 6.0146569725 
 6.0110405567 6.0126405424 6.0142292828 
 6.0106124798 6.0122126173 6.0138027493 
 6.0101859153 6.0117860305 6.0133773946 
 6.0097608915 6.0113608073 6.0129532416 
 6.0093374366 6.0109369739 6.0125303138 
 6.0089155794 6.0105145564 6.0121086349 
 6.0084953493 6.0100935817 6.0116882292 
 6.0080767759 6.0096740771 6.0112691214 
 6.0076598894 6.0092560700 6.0108513366 
 6.0072447203 6.0088395887 6.0104349004 
 6.0068312996 6.0084246617 6.0100198386 
 6.0064196588 6.0080113179 6.0096061778 
 6.0060098296 6.0075995868 6.0091939449 
 6.0056018443 6.0071894982 6.0087831670 
 6.0051957355 6.0067810824 6.0083738721 
 6.0047915365 6.0063743701 6.0079660883 
 6.0043892807 6.0059693926 6.0075598443 
 6.0039890019 6.0055661814 6.0071551693 
 6.0035907346 6.0051647687 6.0067520929 
 6.0031945135 6.0047651869 6.0063506451 
 6.0028003736 6.0043674690 6.0059508565 
 6.0024083505 6.0039716484 6.0055527580 
 6.0020184802 6.0035777589 6.0051563813 
 6.0016307988 6.0031858348 6.0047617581 
 6.0012453431 6.0027959108 6.0043689210 
 6.0008621502 6.0024080220 6.0039779029 
 6.0004812573 6.0020222040 6.0035887370 
 6.0001027022 6.0016384927 6.0032014573 
 5.9997265231 6.0012569244 6.0028160979 
 5.9993527583 6.0008775361 6.0024326937 
 5.9989814465 6.0005003647 6.0020512799 
 5.9986126268 6.0001254479 6.0016718920 
 5.9982463384 5.9997528236 6.0012945661 
 5.9978826210 5.9993825299 6.0009193387 
 5.9975215143 5.9990146056 6.0005462467 
 5.9971630585 5.9986490895 6.0001753273 
 5.9968072937 5.9982860208 5.9998066182 
 5.9964542605 5.9979254390 5.9994401575 
 5.9961039995 5.9975673840 5.9990759835 
 5.9957565516 5.9972118957 5.9987141348 
 5.9954119577 5.9968590144 5.9983546506 
 5.9950702587 5.9965087806 5.9979975702 
 5.9947314960 5.9961612349 5.9976429330 
 5.9943957107 5.9958164181 5.9972907790 
 5.9940629441 5.9954743713 5.9969411482 
 5.9937332375 5.9951351355 5.9965940809 
 5.9934066322 5.9947987519 5.9962496176 
 5.9930831697 5.9944652618 5.9959077989 
 5.9927628911 5.9941347066 5.9955686657 
 5.9924458376 5.9938071277 5.9952322589 
 5.9921320506 5.9934825665 5.9948986195 
 5.9918215711 5.9931610644 5.9945677887 
 5.9915144401 5.9928426629 5.9942398078 
 5.9912106986 5.9925274034 5.9939147180 
 5.9909103872 5.9922153273 5.9935925608 
 5.9906135466 5.9919064758 5.9932733774 
 5.9903202173 5.9916008902 5.9929572093 
 5.9900304396 5.9912986117 5.9926440979 
 5.9897442537 5.9909996814 5.9923340846 
 5.9894616995 5.9907041401 5.9920272108 
 5.9891828167 5.9904120288 5.9917235179 
 5.9889076450 5.9901233882 5.9914230471 
 5.9886362236 5.9898382589 5.9911258399 
 5.9883685917 5.9895566813 5.9908319373 
 5.9881047881 5.9892786956 5.9905413806 
 5.9878448515 5.9890043422 5.9902542109 
 5.9875888202 5.9887336608 5.9899704691 
 5.9873367323 5.9884666912 5.9896901963 
 5.9870886256 5.9882034731 5.9894134333 
 5.9868445377 5.9879440457 5.9891402207 
 5.9866045057 5.9876884483 5.9888705993 
 5.9863685665 5.9874367197 5.9886046095 
 5.9861367566 5.9871888987 5.9883422917 
 5.9859091123 5.9869450235 5.9880836860 
 5.9856856692 5.9867051324 5.9878288327 
 5.9854664627 5.9864692631 5.9875777713 
 5.9852515277 5.9862374531 5.9873305418 
 5.9850408986 5.9860097395 5.9870871834 
 5.9848346095 5.9857861591 5.9868477355 
 5.9846326938 5.9855667483 5.9866122368 
 5.9844351842 5.9853515430 5.9863807262 
 5.9842421131 5.9851405785 5.9861532417 
 5.9840535121 5.9849338900 5.9859298216 
 5.9838694121 5.9847315117 5.9857105032 
 5.9836898435 5.9845334775 5.9854953239 
 5.9835148356 5.9843398207 5.9852843203 
 5.9833444173 5.9841505739 5.9850775286 
 5.9831786163 5.9839657690 5.9848749846 
 5.9830174596 5.9837854371 5.9846767233 
 5.9828609733 5.9836096086 5.9844827794 
 5.9827091825 5.9834383131 5.9842931867 
 5.9825621112 5.9832715794 5.9841079784 
 5.9824197825 5.9831094353 5.9839271869 
 5.9822822183 5.9829519076 5.9837508440 
 5.9821494393 5.9827990224 5.9835789806 
 5.9820214653 5.9826508044 5.9834116266 
 5.9818983146 5.9825072776 5.9832488112 
 5.9817800044 5.9823684646 5.9830905626 
 5.9816665507 5.9822343871 5.9829369080 
 5.9815579680 5.9821050656 5.9827878737 
 5.9814542697 5.9819805194 5.9826434849 
 5.9813554677 5.9818607664 5.9825037656 
 5.9812615727 5.9817458237 5.9823687389 
 5.9811725937 5.9816357068 5.9822384268 
 5.9810885388 5.9815304299 5.9821128500 
 5.9810094143 5.9814300061 5.9819920280 
 5.9809352253 5.9813344473 5.9818759793 
 5.9808659754 5.9812437637 5.9817647211 
 5.9808016669 5.9811579645 5.9816582695 
 5.9807423007 5.9810770576 5.9815566391 
 5.9806878763 5.9810010494 5.9814598436 
 5.9806383917 5.9809299452 5.9813678952 
 5.9805938438 5.9808637489 5.9812808052 
 5.9805542279 5.9808024629 5.9811985832 
 5.9805195382 5.9807460888 5.9811212380 
 5.9804897674 5.9806946265 5.9810487770 
 5.9804649069 5.9806480748 5.9809812063 
 5.9804449471 5.9806064312 5.9809185308 
 5.9804298768 5.9805696921 5.9808607544 
 5.9804196838 5.9805378524 5.9808078794 
 5.9804143545 5.9805109059 5.9807599073 
 5.9804138741 5.9804888454 5.9807168382 
 5.9804182268 5.9804716621 5.9806786709 
 5.9804273954 5.9804593464 5.9806454032 
 5.9804413615 5.9804518872 5.9806170317 
 5.9804601056 5.9804492723 5.9805935515 
 5.9804836071 5.9804514883 5.9805749570 
 5.9805118439 5.9804585206 5.9805612409 
 5.9805447930 5.9804703534 5.9805523949 
 5.9805824301 5.9804869696 5.9805484096 
 5.9806247294 5.9805083509 5.9805492741 
 5.9806716643 5.9805344778 5.9805549765 
 5.9807232065 5.9805653294 5.9805655033 
 5.9807793266 5.9806008834 5.9805808399 
 5.9808399939 5.9806411164 5.9806009704 
 5.9809051760 5.9806860036 5.9806258774 
 5.9809748396 5.9807355184 5.9806555423 
 5.9810489493 5.9807896333 5.9806899448 
 5.9811274688 5.9808483190 5.9807290635 
 5.9812103599 5.9809115448 5.9807728753 
 5.9812975830 5.9809792783 5.9808213557 
 5.9813890967 5.9810514858 5.9808744785 
 5.9814848581 5.9811281317 5.9809322162 
 5.9815848225 5.9812091789 5.9809945396 
 5.9816889438 5.9812945888 5.9810614178 
 5.9817971738 5.9813843209 5.9811328186 
 5.9819094627 5.9814783331 5.9812087078 
 5.9820257591 5.9815765817 5.9812890499 
 5.9821460097 5.9816790213 5.9813738077 
 5.9822701595 5.9817856048 5.9814629424 
 5.9823981521 5.9818962835 5.9815564137 
 5.9825299291 5.9820110072 5.9816541799 
 5.9826654308 5.9821297241 5.9817561975 
 5.9828045958 5.9822523810 5.9818624221 
 5.9829473613 5.9823789234 5.9819728076 
 5.9830936635 5.9825092954 5.9820873068 
 5.9832434371 5.9826434400 5.9822058715 
 5.9833966158 5.9827812994 5.9823284525 
 5.9835531326 5.9829228145 5.9824549995 
 5.9837129196 5.9830679259 5.9825854618 
 5.9838759085 5.9832165735 5.9827197881 
 5.9840420307 5.9833686968 5.9828579267 
 5.9842112175 5.9835242354 5.9829998258 
 5.9843834004 5.9836831290 5.9831454337 
 5.9845585113 5.9838453174 5.9832946988 
 5.9847364827 5.9840107413 5.9834475703 
 5.9849172485 5.9841793421 5.9836039981 
 5.9851007435 5.9843510627 5.9837639330 
 5.9852869042 5.9845258470 5.9839273273 
 5.9854756691 5.9847036410 5.9840941348 
 5.9856669789 5.9848843927 5.9842643113 
 5.9858607771 5.9850680524 5.9844378146 
 5.9860570097 5.9852545733 5.9846146052 
 5.9862556264 5.9854439113 5.9847946460 
 5.9864565802 5.9856360260 5.9849779034 
 5.9866598281 5.9858308804 5.9851643468 
 5.9868653314 5.9860284416 5.9853539494 
 5.9870730559 5.9862286807 5.9855466883 
 5.9872829723 5.9864315736 5.9857425448 
 5.9874950564 5.9866371009 5.9859415046 
 5.9877092894 5.9868452483 5.9861435580 
 5.9879256584 5.9870560068 5.9863487005 
 5.9881441560 5.9872693728 5.9865569323 
 5.9883647814 5.9874853488 5.9867682593 
 5.9885875398 5.9877039427 5.9869826928 
 5.9888124429 5.9879251690 5.9872002494 
 5.9890395091 5.9881490479 5.9874209519 
 5.9892687635 5.9883756063 5.9876448288 
 5.9895002378 5.9886048773 5.9878719142 
 5.9897339707 5.9888369002 5.9881022487 
 5.9899700076 5.9890717210 5.9883358783 
 5.9902084008 5.9893093920 5.9885728554 
 5.9904492092 5.9895499717 5.9888132379 
 5.9906924984 5.9897935250 5.9890570899 
 5.9909383405 5.9900401228 5.9893044809 
 5.9911868138 5.9902898419 5.9895554861 
 5.9914380029 5.9905427651 5.9898101861 
 5.9916919981 5.9907989807 5.9900686667 
 5.9919488957 5.9910585821 5.9903310187 
 5.9922087970 5.9913216681 5.9905973376 
 5.9924718084 5.9915883421 5.9908677237 
 5.9927380413 5.9918587121 5.9911422811 
 5.9930076112 5.9921328903 5.9914211183 
 5.9932806378 5.9924109925 5.9917043472 
 5.9935572442 5.9926931383 5.9919920831 
 5.9938375572 5.9929794504 5.9922844444 
 5.9941217060 5.9932700541 5.9925815520 
 5.9944098226 5.9935650773 5.9928835294 
 5.9947020410 5.9938646501 5.9931905022 
 5.9949984970 5.9941689041 5.9935025977 
 5.9952993276 5.9944779725 5.9938199445 
 5.9956046710 5.9947919896 5.9941426727 
 5.9959146662 5.9951110906 5.9944709132 
 5.9962294524 5.9954354110 5.9948047975 
 5.9965491690 5.9957650869 5.9951444578 
 5.9968739555 5.9961002544 5.9954900262 
 5.9972039508 5.9964410494 5.9958416353 
 5.9975392935 5.9967876076 5.9961994174 
 5.9978801218 5.9971400646 5.9965635047 
 5.9982265729 5.9974985551 5.9969340292 
 5.9985787835 5.9978632138 5.9973111228 
 5.9989368895 5.9982341747 5.9976949168 
 5.9993010264 5.9986115712 5.9980855425 
 5.9996713288 5.9989955367 5.9984831310 
 6.0000479310 5.9993862040 5.9988878132 
 6.0004309671 5.9997837060 5.9992997200 
 6.0008205710 6.0001881756 5.9997189826 
 6.0012168771 6.0005997460 6.0001457324 
 6.0016200199 6.0010185509 6.0005801015 
 6.0020301349 6.0014447248 6.0010222226 
 6.0024473586 6.0018784032 6.0014722295 
 6.0028718292 6.0023197230 6.0019302573 
 6.0033036864 6.0027688229 6.0023964424 
 6.0037430723 6.0032258434 6.0028709233 
 6.0041901317 6.0036909274 6.0033538404 
 6.0046450122 6.0041642207 6.0038453364 
 6.0051078649 6.0046458719 6.0043455569 
 6.0055788447 6.0051360329 6.0048546501 
 6.0060581105 6.0056348595 6.0053727676 
 6.0065458260 6.0061425111 6.0059000644 
 6.0070421592 6.0066591517 6.0064366992 
 6.0075472838 6.0071849496 6.0069828344 
 6.0080613786 6.0077200778 6.0075386368 
 6.0085846280 6.0082647146 6.0081042774 
 6.0091172224 6.0088190430 6.0086799317 
 6.0096593583 6.0093832517 6.0092657797 
 6.0102112382 6.0099575347 6.0098620063 
 6.0107730712 6.0105420915 6.0104688011 
 6.0113450726 6.0111371274 6.0110863589 
 6.0119274641 6.0117428533 6.0117148793 
 6.0125204738 6.0123594857 6.0123545669 
 6.0131243364 6.0129872472 6.0130056316 
 6.0137392928 6.0136263656 6.0136682881 
 6.0143655901 6.0142770747 6.0143427564 
 6.0150034816 6.0149396139 6.0150292615 
 6.0156532266 6.0156142279 6.0157280335 
 6.0163150903 6.0163011670 6.0164393075 
 6.0169893436 6.0170006868 6.0171633236 
 6.0176762628 6.0177130481 6.0179003269 
 6.0183761297 6.0184385170 6.0186505672 
 6.0190892311 6.0191773643 6.0194142996 
 6.0198158588 6.0199298661 6.0201917837 
 6.0205563095 6.0206963031 6.0209832840 
 6.0213108843 6.0214769605 6.0217890698 
 6.0220798888 6.0222721285 6.0226094152 
 6.0228636328 6.0230821013 6.0234445986 
 6.0236624300 6.0239071779 6.0242949035 
 6.0244765982 6.0247476611 6.0251606175 
 6.0253064586 6.0256038580 6.0260420328 
 6.0261523359 6.0264760795 6.0269394457 
 6.0270145582 6.0273646402 6.0278531567 
 6.0278934564 6.0282698583 6.0287834702 
 6.0287893641 6.0291920550 6.0297306940 
 6.0297026175 6.0301315544 6.0306951391 
 6.0306335544 6.0310886831 6.0316771195 
 6.0315825147 6.0320637696 6.0326769510 
 6.0325498390 6.0330571437 6.0336949512 
 6.0335358683 6.0340691359 6.0347314382 
 6.0345409435 6.0351000765 6.0357867297 
 6.0355654041 6.0361502943 6.0368611423 
 6.0366095875 6.0372201158 6.0379549894 
 6.0376738275 6.0383098637 6.0390685801 
 6.0387584532 6.0394198551 6.0402022173 
 6.0398637869 6.0405503998 6.0413561955 
 6.0409901429 6.0417017981 6.0425307984 
 6.0421378245 6.0428743382 6.0437262963 
 6.0433071224 6.0440682939 6.0449429430 
 6.0444983112 6.0452839209 6.0461809726 
 6.0457116468 6.0465214541 6.0474405954 
 6.0469473629 6.0477811031 6.0487219941 
 6.0482056667 6.0490630485 6.0500253193 
 6.0494867354 6.0503674373 6.0513506846 
 6.0507907113 6.0516943776 6.0526981612 
 6.0521176966 6.0530439339 6.0540677729 
 6.0534677486 6.0544161213 6.0554594895 
 6.0548408739 6.0558108993 6.0568732217 
 6.0562370222 6.0572281662 6.0583088140 
 6.0576560805 6.0586677522 6.0597660387 
 6.0590978665 6.0601294135 6.0612445896 
 6.0605621223 6.0616128255 6.0627440756 
 6.0620485080 6.0631175770 6.0642640148 
 6.0635565952 6.0646431637 6.0658038290 
 6.0650858615 6.0661889829 6.0673628384 
 6.0666356845 6.0677543286 6.0689402579 
 6.0682053371 6.0693383874 6.0705351932 
 6.0697939835 6.0709402350 6.0721466386 
 6.0714006762 6.0725588347 6.0737734767 
 6.0730243539 6.0741930361 6.0754144781 
 6.0746638413 6.0758415764 6.0770683038 
 6.0763178498 6.0775030825 6.0787335086 
 6.0779849806 6.0791760749 6.0804085465 
 6.0796637284 6.0808589738 6.0820917774 
 6.0813524881 6.0825501060 6.0837814755 
 6.0830495618 6.0842477140 6.0854758388 
 6.0847531686 6.0859499659 6.0871730005 
 6.0864614550 6.0876549673 6.0888710405 
 6.0881725066 6.0893607735 6.0905679981 
 6.0898843607 6.0910654020 6.0922618851 
 6.0915950200 6.0927668469 6.0939506991 
 6.0933024656 6.0944630912 6.0956324361 
 6.0950046712 6.0961521212 6.0973051040 
 6.0966996160 6.0978319383 6.0989667338 
 6.0983852980 6.0995005719 6.1006153918 
 6.1000597454 6.1011560900 6.1022491894 
 6.1017210286 6.1027966102 6.1038662929 
 6.1033672695 6.1044203086 6.1054649323 
 6.1049966516 6.1060254280 6.1070434079 
 6.1066074269 6.1076102855 6.1086000977 
 6.1081979238 6.1091732780 6.1101334627 
 6.1097665522 6.1107128882 6.1116420514 
 6.1113118091 6.1122276884 6.1131245041 
 6.1128322823 6.1137163443 6.1145795562 
 6.1143266537 6.1151776181 6.1160060407 
 6.1157937021 6.1166103706 6.1174028909 
 6.1172323050 6.1180135630 6.1187691417 
 6.1186414405 6.1193862583 6.1201039308 
 6.1200201878 6.1207276222 6.1214065004 
 6.1213677282 6.1220369234 6.1226761968 
 6.1226833449 6.1233135339 6.1239124711 
 6.1239664232 6.1245569283 6.1251148785 
 6.1252164496 6.1257666835 6.1262830779 
 6.1264330112 6.1269424770 6.1274168304 
 6.1276157937 6.1280840858 6.1285159973 
 6.1287645802 6.1291913837 6.1295805384 
 6.1298792486 6.1302643393 6.1306105085 
 6.1309597691 6.1313030126 6.1316060543 
 6.1320062012 6.1323075515 6.1325674105 
 6.1330186899 6.1332781880 6.1334948950 
 