6.1235848415 6.1249565398 6.1262776952 
 6.1244792819 6.1258406463 6.1271506576 
 6.1253623773 6.1267131641 6.1280118117 
 6.1262339696 6.1275739386 6.1288610052 
 6.1270939046 6.1284228190 6.1296980896 
 6.1279420319 6.1292596585 6.1305229203 
 6.1287782050 6.1300843138 6.1313353562 
 6.1296022813 6.1308966458 6.1321352606 
 6.1304141222 6.1316965193 6.1329225004 
 6.1312135933 6.1324838035 6.1336969475 
 6.1320005645 6.1332583719 6.1344584779 
 6.1327749103 6.1340201029 6.1352069729 
 6.1335365099 6.1347688800 6.1359423190 
 6.1342852478 6.1355045919 6.1366644084 
 6.1350210140 6.1362271334 6.1373731396 
 6.1357437044 6.1369364053 6.1380684175 
 6.1364532210 6.1376323152 6.1387501543 
 6.1371494728 6.1383147778 6.1394182698 
 6.1378323759 6.1389837154 6.1400726917 
 6.1385018539 6.1396390587 6.1407133566 
 6.1391578389 6.1402807468 6.1413402103 
 6.1398002712 6.1409087279 6.1419532082 
 6.1404291005 6.1415229598 6.1425523159 
 6.1410442857 6.1421234106 6.1431375096 
 6.1416457959 6.1427100585 6.1437087766 
 6.1422336101 6.1432828927 6.1442661159 
 6.1428077182 6.1438419137 6.1448095378 
 6.1433681208 6.1443871330 6.1453390649 
 6.1439148296 6.1449185740 6.1458547322 
 6.1444478673 6.1454362719 6.1463565866 
 6.1449672683 6.1459402733 6.1468446876 
 6.1454730778 6.1464306369 6.1473191070 
 6.1459653523 6.1469074328 6.1477799287 
 6.1464441594 6.1473707426 6.1482272482 
 6.1469095773 6.1478206587 6.1486611728 
 6.1473616945 6.1482572846 6.1490818207 
 6.1478006096 6.1486807336 6.1494893207 
 6.1482264305 6.1490911290 6.1498838114 
 6.1486392742 6.1494886027 6.1502654406 
 6.1490392657 6.1498732952 6.1506343643 
 6.1494265376 6.1502453543 6.1509907462 
 6.1498012295 6.1506049346 6.1513347564 
 6.1501634866 6.1509521962 6.1516665707 
 6.1505134596 6.1512873045 6.1519863694 
 6.1508513034 6.1516104286 6.1522943365 
 6.1511771764 6.1519217405 6.1525906583 
 6.1514912396 6.1522214145 6.1528755227 
 6.1517936560 6.1525096260 6.1531491182 
 6.1520845895 6.1527865506 6.1534116328 
 6.1523642041 6.1530523634 6.1536632529 
 6.1526326635 6.1533072382 6.1539041628 
 6.1528901303 6.1535513468 6.1541345439 
 6.1531367652 6.1537848581 6.1543545736 
 6.1533727268 6.1540079378 6.1545644250 
 6.1535981709 6.1542207478 6.1547642664 
 6.1538132500 6.1544234460 6.1549542608 
 6.1540181135 6.1546161856 6.1551345655 
 6.1542129068 6.1547991152 6.1553053319 
 6.1543977718 6.1549723783 6.1554667056 
 6.1545728463 6.1551361139 6.1556188261 
 6.1547382641 6.1552904557 6.1557618269 
 6.1548941554 6.1554355329 6.1558958358 
 6.1550406463 6.1555714698 6.1560209750 
 6.1551778597 6.1556983865 6.1561373615 
 6.1553059147 6.1558163989 6.1562451072 
 6.1554249273 6.1559256188 6.1563443196 
 6.1555350108 6.1560261548 6.1564351019 
 6.1556362757 6.1561181123 6.1565175538 
 6.1557288301 6.1562015938 6.1565917717 
 6.1558127803 6.1562766995 6.1566578492 
 6.1558882306 6.1563435277 6.1567158777 
 6.1559552842 6.1564021748 6.1567659469 
 6.1560140429 6.1564527364 6.1568081450 
 6.1560646079 6.1564953069 6.1568425595 
 6.1561070796 6.1565299802 6.1568692771 
 6.1561415582 6.1565568501 6.1568883847 
 6.1561681436 6.1565760101 6.1568999691 
 6.1561869361 6.1565875544 6.1569041179 
 6.1561980357 6.1565915773 6.1569009193 
 6.1562015432 6.1565881739 6.1568904625 
 6.1561975596 6.1565774400 6.1568728378 
 6.1561861863 6.1565594725 6.1568481370 
 6.1561675256 6.1565343689 6.1568164530 
 6.1561416799 6.1565022280 6.1567778805 
 6.1561087525 6.1564631493 6.1567325154 
 6.1560688469 6.1564172334 6.1566804551 
 6.1560220672 6.1563645817 6.1566217983 
 6.1559685176 6.1563052964 6.1565566450 
 6.1559083027 6.1562394803 6.1564850964 
 6.1558415270 6.1561672368 6.1564072546 
 6.1557682951 6.1560886695 6.1563232224 
 6.1556887110 6.1560038821 6.1562331034 
 6.1556028786 6.1559129785 6.1561370014 
 6.1555109010 6.1558160621 6.1560350203 
 6.1554128804 6.1557132357 6.1559272638 
 6.1553089181 6.1556046017 6.1558138353 
 6.1551991141 6.1554902612 6.1556948375 
 6.1550835669 6.1553703143 6.1555703718 
 6.1549623734 6.1552448595 6.1554405389 
 6.1548356287 6.1551139937 6.1553054374 
 6.1547034259 6.1549778119 6.1551651645 
 6.1545658558 6.1548364069 6.1550198152 
 6.1544230071 6.1546898693 6.1548694824 
 6.1542749656 6.1545382872 6.1547142561 
 6.1541218149 6.1543817460 6.1545542241 
 6.1539636357 6.1542203284 6.1543894711 
 6.1538005059 6.1540541142 6.1542200787 
 6.1536325007 6.1538831802 6.1540461257 
 6.1534596923 6.1537076000 6.1538676872 
 6.1532821499 6.1535274444 6.1536848356 
 6.1530999401 6.1533427810 6.1534976394 
 6.1529131263 6.1531536743 6.1533061642 
 6.1527217693 6.1529601856 6.1531104722 
 6.1525259271 6.1527623735 6.1529106223 
 6.1523256553 6.1525602937 6.1527066702 
 6.1521210066 6.1523539988 6.1524986686 
 6.1519120316 6.1521435391 6.1522866673 
 6.1516987785 6.1519289621 6.1520707132 
 6.1514812936 6.1517103133 6.1518508507 
 6.1512596211 6.1514876357 6.1516271215 
 6.1510338034 6.1512609703 6.1513995653 
 6.1508038817 6.1510303565 6.1511682195 
 6.1505698954 6.1507958319 6.1509331197 
 6.1503318829 6.1505574326 6.1506942998 
 6.1500898815 6.1503151936 6.1504517922 
 6.1498439276 6.1500691487 6.1502056278 
 6.1495940570 6.1498193307 6.1499558367 
 6.1493403048 6.1495657717 6.1497024477 
 6.1490827058 6.1493085032 6.1494454889 
 6.1488212942 6.1490475562 6.1491849879 
 6.1485561045 6.1487829613 6.1489209715 
 6.1482871706 6.1485147489 6.1486534663 
 6.1480145266 6.1482429491 6.1483824982 
 6.1477382065 6.1479675918 6.1481080933 
 6.1474582446 6.1476887070 6.1478302771 
 6.1471746749 6.1474063246 6.1475490750 
 6.1468875318 6.1471204742 6.1472645124 
 6.1465968494 6.1468311856 6.1469766142 
 6.1463026621 6.1465384885 6.1466854054 
 6.1460050042 6.1462424122 6.1463909104 
 6.1457039098 6.1459429860 6.1460931537 
 6.1453994129 6.1456402389 6.1457921590 
 6.1450915472 6.1453341995 6.1454879500 
 6.1447803461 6.1450248959 6.1451805495 
 6.1444658424 6.1447123557 6.1448699799 
 6.1441480683 6.1443966060 6.1445562628 
 6.1438270555 6.1440776730 6.1442394189 
 6.1435028348 6.1437555820 6.1439194682 
 6.1431754360 6.1434303574 6.1435964296 
 6.1428448880 6.1431020227 6.1432703211 
 6.1425112183 6.1427706001 6.1429411593 
 6.1421744536 6.1424361107 6.1426089598 
 6.1418346190 6.1420985743 6.1422737370 
 6.1414917382 6.1417580095 6.1419355041 
 6.1411458337 6.1414144334 6.1415942729 
 6.1407969264 6.1410678619 6.1412500540 
 6.1404450357 6.1407183095 6.1409028571 
 6.1400901795 6.1403657895 6.1405526903 
 6.1397323744 6.1400103139 6.1401995611 
 6.1393716354 6.1396518935 6.1398434758 
 6.1390079762 6.1392905381 6.1394844401 
 6.1386414093 6.1389262564 6.1391224589 
 6.1382719459 6.1385590565 6.1387575368 
 6.1378995963 6.1381889458 6.1383896779 
 6.1375243699 6.1378159311 6.1380188865 
 6.1371462753 6.1374400192 6.1376451670 
 6.1367653208 6.1370612166 6.1372685244 
 6.1363815141 6.1366795302 6.1368889642 
 6.1359948631 6.1362949673 6.1365064932 
 6.1356053757 6.1359075361 6.1361211193 
 6.1352130604 6.1355172456 6.1357328521 
 6.1348179262 6.1351241063 6.1353417034 
 6.1344199832 6.1347281301 6.1349476868 
 6.1340192427 6.1343293311 6.1345508187 
 6.1336157176 6.1339277253 6.1341511186 
 6.1332094227 6.1335233314 6.1337486087 
 6.1328003747 6.1331161705 6.1333433148 
 6.1323885928 6.1327062672 6.1329352666 
 6.1319740988 6.1322936490 6.1325244974 
 6.1315569174 6.1318783469 6.1321110448 
 6.1311370763 6.1314603956 6.1316949505 
 6.1307146064 6.1310398336 6.1312762607 
 6.1302895422 6.1306167034 6.1308550261 
 6.1298619217 6.1301910513 6.1304313019 
 6.1294317865 6.1297629278 6.1300051476 
 6.1289991818 6.1293323874 6.1295766273 
 6.1285641565 6.1288994885 6.1291458092 
 6.1281267631 6.1284642931 6.1287127656 
 6.1276870577 6.1280268672 6.1282775727 
 6.1272450995 6.1275872797 6.1278403099 
 6.1268009511 6.1271456030 6.1274010597 
 6.1263546776 6.1267019117 6.1269599071 
 6.1259063470 6.1262562831 6.1265169391 
 6.1254560290 6.1258087958 6.1260722440 
 6.1250037953 6.1253595300 6.1256259110 
 6.1245497188 6.1249085661 6.1251780290 
 6.1240938730 6.1244559849 6.1247286865 
 6.1236363317 6.1240018662 6.1242779702 
 6.1231771685 6.1235462888 6.1238259645 
 6.1227164557 6.1230893293 6.1233727509 
 6.1222542645 6.1226310617 6.1229184067 
 6.1217906639 6.1221715567 6.1224630048 
 6.1213257205 6.1217108809 6.1220066125 
 6.1208594976 6.1212490967 6.1215492912 
 6.1203920553 6.1207862614 6.1210910958 
 6.1199234497 6.1203224267 6.1206320737 
 6.1194537328 6.1198576387 6.1201722653 
 6.1189829521 6.1193919374 6.1197117028 
 6.1185111504 6.1189253564 6.1192504106 
 6.1180383658 6.1184579231 6.1187884051 
 6.1175646319 6.1179896587 6.1183256948 
 6.1170899772 6.1175205781 6.1178622804 
 6.1166144260 6.1170506903 6.1173981552 
 6.1161379982 6.1165799988 6.1169333055 
 6.1156607094 6.1161085015 6.1164677110 
 6.1151825716 6.1156361918 6.1160013456 
 6.1147035933 6.1151630587 6.1155341780 
 6.1142237799 6.1146890873 6.1150661721 
 6.1137431341 6.1142142594 6.1145972880 
 6.1132616563 6.1137385542 6.1141274830 
 6.1127793448 6.1132619487 6.1136567114 
 6.1122961961 6.1127844180 6.1131849265 
 6.1118122056 6.1123059363 6.1127120799 
 6.1113273672 6.1118264766 6.1122381232 
 6.1108416739 6.1113460118 6.1117630079 
 6.1103551181 6.1108645145 6.1112866863 
 6.1098676909 6.1103819574 6.1108091117 
 6.1093793832 6.1098983135 6.1103302385 
 6.1088901847 6.1094135564 6.1098500234 
 6.1084000847 6.1089276602 6.1093684246 
 6.1079090714 6.1084405997 6.1088854027 
 6.1074171324 6.1079523505 6.1084009208 
 6.1069242544 6.1074628891 6.1079149445 
 6.1064304229 6.1069721928 6.1074274424 
 6.1059356230 6.1064802401 6.1069383857 
 6.1054398388 6.1059870107 6.1064477495 
 6.1049430540 6.1054924858 6.1059555118 
 6.1044452521 6.1049966485 6.1054616552 
 6.1039464164 6.1044994840 6.1049661660 
 6.1034465310 6.1040009801 6.1044690359 
 6.1029455811 6.1035011279 6.1039702616 
 6.1024435536 6.1029999224 6.1034698459 
 6.1019404379 6.1024973631 6.1029677985 
 6.1014362267 6.1019934548 6.1024641363 
 6.1009309169 6.1014882085 6.1019588845 
 6.1004245104 6.1009816422 6.1014520773 
 6.0999170150 6.1004737815 6.1009437586 
 6.0994084454 6.0999646608 6.1004339829 
 6.0988988240 6.0994543237 6.0999228154 
 6.0983881812 6.0989428237 6.0994103334 
 6.0978765567 6.0984302246 6.0988966259 
 6.0973639995 6.0979166011 6.0983817941 
 6.0968505680 6.0974020386 6.0978659514 
 6.0963363306 6.0968866333 6.0973492232 
 6.0958213649 6.0963704918 6.0968317463 
 6.0953057578 6.0958537302 6.0963136677 
 6.0947896041 6.0953364736 6.0957951444 
 6.0942730061 6.0948188545 6.0952763408 
 6.0937560721 6.0943010115 6.0947574277 
 6.0932389146 6.0937830874 6.0942385799 
 6.0927216489 6.0932652269 6.0937199739 
 6.0922043907 6.0927475748 6.0932017853 
 6.0916872544 6.0922302731 6.0926841857 
 6.0911703505 6.0917134587 6.0921673404 
 6.0906537833 6.0911972605 6.0916514047 
 6.0901376489 6.0906817972 6.0911365216 
 6.0896220327 6.0901671744 6.0906228184 
 6.0891070079 6.0896534829 6.0901104048 
 6.0885926331 6.0891407961 6.0895993701 
 6.0880789516 6.0886291691 6.0890897817 
 6.0875659899 6.0881186368 6.0885816837 
 6.0870537575 6.0876092141 6.0880750964 
 6.0865422465 6.0871008950 6.0875700156 
 6.0860314319 6.0865936535 6.0870664136 
 6.0855212728 6.0860874441 6.0865642399 
 6.0850117131 6.0855822036 6.0860634227 
 6.0845026834 6.0850778525 6.0855638713 
 6.0839941029 6.0845742974 6.0850654782 
 6.0834858816 6.0840714334 6.0845681223 
 6.0829779224 6.0835691470 6.0840716713 
 6.0824701239 6.0830673185 6.0835759855 
 6.0819623829 6.0825658249 6.0830809205 
 6.0814545965 6.0820645429 6.0825863306 
 6.0809466648 6.0815633514 6.0820920716 
 6.0804384929 6.0810621339 6.0815980037 
 6.0799299933 6.0805607811 6.0811039940 
 6.0794210869 6.0800591922 6.0806099186 
 6.0789117053 6.0795572775 6.0801156648 
 6.0784017916 6.0790549589 6.0796211323 
 6.0778913013 6.0785521717 6.0791262349 
 6.0773802031 6.0780488650 6.0786309009 
 6.0768684793 6.0775450021 6.0781350743 
 6.0763561259 6.0770405612 6.0776387145 
 6.0758431523 6.0765355348 6.0771417966 
 6.0753295810 6.0760299297 6.0766443112 
 6.0748154474 6.0755237663 6.0761462638 
 6.0743007984 6.0750170782 6.0756476744 
 6.0737856922 6.0745099110 6.0751485761 
 6.0732701968 6.0740023217 6.0746490147 
 6.0727543892 6.0734943770 6.0741490475 
 6.0722383542 6.0729861530 6.0736487419 
 6.0717221828 6.0724777332 6.0731481742 
 6.0712059716 6.0719692075 6.0726474286 
 6.0706898210 6.0714606713 6.0721465957 
 6.0701738340 6.0709522234 6.0716457710 
 6.0696581152 6.0704439657 6.0711450540 
 6.0691427697 6.0699360010 6.0706445466 
 6.0686279015 6.0694284328 6.0701443519 
 6.0681136127 6.0689213632 6.0696445733 
 6.0676000026 6.0684148926 6.0691453130 
 6.0670871663 6.0679091184 6.0686466712 
 6.0665751946 6.0674041338 6.0681487446 
 6.0660641725 6.0669000274 6.0676516264 
 6.0655541788 6.0663968824 6.0671554043 
 6.0650452857 6.0658947755 6.0666601607 
 6.0645375579 6.0653937767 6.0661659715 
 6.0640310526 6.0648939488 6.0656729058 
 6.0635258192 6.0643953470 6.0651810250 
 6.0630218985 6.0638980184 6.0646903831 
 6.0625193235 6.0634020021 6.0642010258 
 6.0620181188 6.0629073289 6.0637129907 
 6.0615183009 6.0624140217 6.0632263071 
 6.0610198782 6.0619220950 6.0627409961 
 6.0605228517 6.0614315557 6.0622570708 
 6.0600272150 6.0609424031 6.0617745362 
 6.0595329549 6.0604546295 6.0612933901 
 6.0590400517 6.0599682203 6.0608136232 
 6.0585484802 6.0594831549 6.0603352195 
 6.0580582098 6.0589994071 6.0598581570 
 6.0575692055 6.0585169459 6.0593824086 
 6.0570814288 6.0580357360 6.0589079421 
 6.0565948376 6.0575557386 6.0584347215 
 6.0561093880 6.0570769120 6.0579627075 
 6.0556250341 6.0565992126 6.0574918583 
 6.0551417292 6.0561225954 6.0570221302 
 6.0546594264 6.0556470146 6.0565534785 
 6.0541780793 6.0551724246 6.0560858578 
 6.0536976423 6.0546987803 6.0556192233 
 6.0532180716 6.0542260379 6.0551535309 
 6.0527393255 6.0537541554 6.0546887380 
 6.0522613649 6.0532830930 6.0542248039 
 6.0517841535 6.0528128136 6.0537616902 
 6.0513076586 6.0523432831 6.0532993614 
 6.0508318508 6.0518744708 6.0528377851 
 6.0503567045 6.0514063495 6.0523769321 
 6.0498821981 6.0509388956 6.0519167770 
 6.0494083138 6.0504720894 6.0514572978 
 6.0489350380 6.0500059150 6.0509984764 
 6.0484623609 6.0495403603 6.0505402982 
 6.0479902763 6.0490754170 6.0500827525 
 6.0475187819 6.0486110802 6.0496258319 
 6.0470478789 6.0481473485 6.0491695326 
 6.0465775715 6.0476842238 6.0487138539 
 6.0461078671 6.0472217108 6.0482587981 
 6.0456387754 6.0467598170 6.0478043701 
 6.0451703089 6.0462985521 6.0473505773 
 6.0447024817 6.0458379279 6.0468974293 
 6.0442353099 6.0453779581 6.0464449374 
 6.0437688107 6.0449186577 6.0459931143 
 6.0433030024 6.0444600427 6.0455419742 
 6.0428379040 6.0440021299 6.0450915316 
 6.0423735347 6.0435449367 6.0446418022 
 6.0419099140 6.0430884803 6.0441928014 
 6.0414470609 6.0426327780 6.0437445448 
 6.0409849939 6.0421778467 6.0432970478 
 6.0405237310 6.0417237027 6.0428503251 
 6.0400632891 6.0412703612 6.0424043907 
 6.0396036837 6.0408178366 6.0419592577 
 6.0391449295 6.0403661421 6.0415149382 
 6.0386870394 6.0399152894 6.0410714428 
 6.0382300250 6.0394652890 6.0406287811 
 6.0377738961 6.0390161499 6.0401869612 
 6.0373186612 6.0385678794 6.0397459896 
 6.0368643271 6.0381204835 6.0393058716 
 6.0364108987 6.0376739664 6.0388666109 
 6.0359583798 6.0372283311 6.0384282097 
 6.0355067724 6.0367835790 6.0379906689 
 6.0350560773 6.0363397101 6.0375539881 
 6.0346062939 6.0358967235 6.0371181657 
 6.0341574205 6.0354546166 6.0366831988 
 6.0337094541 6.0350133862 6.0362490838 
 6.0332623912 6.0345730280 6.0358158159 
 6.0328162272 6.0341335371 6.0353833897 
 6.0323709571 6.0336949077 6.0349517990 
 6.0319265752 6.0332571338 6.0345210374 
 6.0314830757 6.0328202089 6.0340910978 
 6.0310404525 6.0323841264 6.0336619732 
 6.0305986995 6.0319488796 6.0332336563 
 6.0301578107 6.0315144617 6.0328061399 
 6.0297177804 6.0310808664 6.0323794168 
 6.0292786030 6.0306480875 6.0319534804 
 6.0288402737 6.0302161192 6.0315283241 
 6.0284027879 6.0297849562 6.0311039418 
 6.0279661419 6.0293545940 6.0306803283 
 6.0275303325 6.0289250283 6.0302574784 
 6.0270953574 6.0284962558 6.0298353880 
 6.0266612149 6.0280682740 6.0294140536 
 6.0262279043 6.0276410810 6.0289934723 
 6.0257954257 6.0272146756 6.0285736419 
 6.0253637801 6.0267890578 6.0281545613 
 6.0249329692 6.0263642281 6.0277362297 
 6.0245029957 6.0259401877 6.0273186474 
 6.0240738630 6.0255169390 6.0269018154 
 6.0236455756 6.0250944847 6.0264857351 
 6.0232181383 6.0246728284 6.0260704090 
 6.0227915570 6.0242519746 6.0256558401 
 6.0223658381 6.0238319282 6.0252420318 
 6.0219409888 6.0234126947 6.0248289885 
 6.0215170168 6.0229942802 6.0244167146 
 6.0210939302 6.0225766914 6.0240052155 
 6.0206717377 6.0221599354 6.0235944967 
 6.0202504486 6.0217440197 6.0231845642 
 6.0198300724 6.0213289521 6.0227754243 
 6.0194106190 6.0209147409 6.0223670836 
 6.0189920986 6.0205013945 6.0219595492 
 6.0185745216 6.0200889217 6.0215528280 
 6.0181578986 6.0196773314 6.0211469275 
 6.0177422406 6.0192666326 6.0207418550 
 6.0173275586 6.0188568347 6.0203376182 
 6.0169138636 6.0184479469 6.0199342248 
 6.0165011671 6.0180399788 6.0195316826 
 6.0160894802 6.0176329398 6.0191299995 
 6.0156788146 6.0172268397 6.0187291834 
 6.0152691816 6.0168216881 6.0183292424 
 6.0148605929 6.0164174948 6.0179301844 
 6.0144530603 6.0160142696 6.0175320177 
 6.0140465954 6.0156120225 6.0171347504 
 6.0136412101 6.0152107634 6.0167383908 
 6.0132369165 6.0148105024 6.0163429471 
 6.0128337264 6.0144112497 6.0159484279 
 6.0124316523 6.0140130156 6.0155548416 
 6.0120307064 6.0136158105 6.0151621969 
 6.0116309012 6.0132196450 6.0147705025 
 6.0112322494 6.0128245299 6.0143797674 
 6.0108347640 6.0124304761 6.0139900007 
 6.0104384580 6.0120374948 6.0136012118 
 6.0100433448 6.0116455973 6.0132134100 
 6.0096494380 6.0112547952 6.0128266051 
 6.0092567516 6.0108651004 6.0124408070 
 6.0088652996 6.0104765251 6.0120560261 
 6.0084750967 6.0100890817 6.0116722728 
 6.0080861576 6.0097027829 6.0112895578 
 6.0076984974 6.0093176419 6.0109078923 
 6.0073121317 6.0089336719 6.0105272877 
 6.0069270764 6.0085508868 6.0101477556 
 6.0065433476 6.0081693007 6.0097693081 
 6.0061609621 6.0077889280 6.0093919576 
 6.0057799367 6.0074097835 6.0090157168 
 6.0054002890 6.0070318825 6.0086405988 
 6.0050220366 6.0066552405 6.0082666171 
 6.0046451978 6.0062798735 6.0078937855 
 6.0042697911 6.0059057978 6.0075221181 
 6.0038958356 6.0055330302 6.0071516296 
 6.0035233507 6.0051615878 6.0067823348 
 6.0031523561 6.0047914882 6.0064142491 
 6.0027828722 6.0044227494 6.0060473881 
 6.0024149196 6.0040553895 6.0056817680 
 6.0020485192 6.0036894275 6.0053174052 
 6.0016836926 6.0033248825 6.0049543166 
 6.0013204618 6.0029617739 6.0045925193 
 6.0009588488 6.0026001219 6.0042320312 
 6.0005988766 6.0022399467 6.0038728703 
 6.0002405683 6.0018812693 6.0035150550 
 5.9998839474 6.0015241108 6.0031586042 
 5.9995290379 6.0011684930 6.0028035373 
 5.9991758643 6.0008144380 6.0024498740 
 5.9988244514 6.0004619682 6.0020976346 
 5.9984748246 6.0001111069 6.0017468396 
 5.9981270097 5.9997618773 6.0013975102 
 5.9977810328 5.9994143034 6.0010496680 
 5.9974369206 5.9990684097 6.0007033349 
 5.9970947003 5.9987242210 6.0003585336 
 5.9967543993 5.9983817627 6.0000152871 
 5.9964160459 5.9980410606 5.9996736188 
 5.9960796683 5.9977021411 5.9993335528 
 5.9957452958 5.9973650310 5.9989951137 
 5.9954129576 5.9970297577 5.9986583265 
 5.9950826838 5.9966963490 5.9983232169 
 5.9947545047 5.9963648333 5.9979898109 
 5.9944284512 5.9960352396 5.9976581353 
 5.9941045546 5.9957075971 5.9973282173 
 5.9937828467 5.9953819358 5.9970000847 
 5.9934633598 5.9950582862 5.9966737658 
 5.9931461265 5.9947366790 5.9963492894 
 5.9928311801 5.9944171459 5.9960266849 
 5.9925185540 5.9940997186 5.9957059824 
 5.9922082823 5.9937844297 5.9953872123 
 5.9919003993 5.9934713119 5.9950704056 
 5.9915949400 5.9931603987 5.9947555938 
 5.9912919395 5.9928517239 5.9944428090 
 5.9909914333 5.9925453217 5.9941320838 
 5.9906934574 5.9922412268 5.9938234512 
 5.9903980480 5.9919394743 5.9935169446 
 5.9901052417 5.9916400997 5.9932125982 
 5.9898150754 5.9913431388 5.9929104463 
 5.9895275863 5.9910486280 5.9926105237 
 5.9892428116 5.9907566038 5.9923128659 
 5.9889607892 5.9904671032 5.9920175083 
 5.9886815569 5.9901801633 5.9917244873 
 5.9884051528 5.9898958217 5.9914338390 
 5.9881316151 5.9896141161 5.9911456004 
 5.9878609823 5.9893350846 5.9908598086 
 5.9875932930 5.9890587656 5.9905765009 
 5.9873285859 5.9887851974 5.9902957152 
 5.9870668998 5.9885144187 5.9900174895 
 5.9868082737 5.9882464686 5.9897418620 
 5.9865527465 5.9879813860 5.9894688712 
 5.9863003574 5.9877192101 5.9891985561 
 5.9860511455 5.9874599803 5.9889309556 
 5.9858051499 5.9872037362 5.9886661089 
 5.9855624099 5.9869505172 5.9884040556 
 5.9853229646 5.9867003631 5.9881448351 
 5.9850868533 5.9864533138 5.9878884875 
 5.9848541152 5.9862094091 5.9876350527 
 5.9846247894 5.9859686890 5.9873845709 
 5.9843989153 5.9857311935 5.9871370825 
 5.9841765318 5.9854969629 5.9868926280 
 5.9839576780 5.9852660371 5.9866512481 
 5.9837423931 5.9850384565 5.9864129837 
 5.9835307160 5.9848142613 5.9861778756 
 5.9833226856 5.9845934918 5.9859459652 
 5.9831183406 5.9843761883 5.9857172936 
 5.9829177199 5.9841623911 5.9854919021 
 5.9827208619 5.9839521405 5.9852698325 
 5.9825278053 5.9837454769 5.9850511262 
 5.9823385882 5.9835424405 5.9848358251 
 5.9821532490 5.9833430716 5.9846239709 
 5.9819718255 5.9831474105 5.9844156057 
 5.9817943557 5.9829554972 5.9842107714 
 5.9816208770 5.9827673718 5.9840095101 
 5.9814514268 5.9825830743 5.9838118640 
 5.9812860422 5.9824026445 5.9836178750 
 5.9811247599 5.9822261221 5.9834275855 
 5.9809676164 5.9820535466 5.9832410375 
 5.9808146477 5.9818849573 5.9830582732 
 5.9806658896 5.9817203931 5.9828793345 
 5.9805213773 5.9815598930 5.9827042633 
 5.9803811455 5.9814034954 5.9825331015 
 5.9802452285 5.9812512384 5.9823658907 
 5.9801136601 5.9811031598 5.9822026724 
 5.9799864734 5.9809592970 5.9820434877 
 5.9798637009 5.9808196868 5.9818883775 
 5.9797453745 5.9806843656 5.9817373826 
 5.9796315254 5.9805533693 5.9815905432 
 5.9795221838 5.9804267333 5.9814478991 
 5.9794173794 5.9803044920 5.9813094899 
 5.9793171409 5.9801866796 5.9811753544 
 5.9792214963 5.9800733294 5.9810455313 
 5.9791304726 5.9799644738 5.9809200582 
 5.9790440957 5.9798601448 5.9807989727 
 5.9789623907 5.9797603732 5.9806823113 
 5.9788853818 5.9796651892 5.9805701100 
 5.9788130919 5.9795746219 5.9804624040 
 5.9787455430 5.9794886998 5.9803592280 
 5.9786827560 5.9794074502 5.9802606155 
 5.9786247506 5.9793308995 5.9801665995 
 5.9785715455 5.9792590731 5.9800772121 
 5.9785231582 5.9791919954 5.9799924845 
 5.9784796052 5.9791296898 5.9799124468 
 5.9784409017 5.9790721787 5.9798371286 
 5.9784070618 5.9790194832 5.9797665582 
 5.9783780984 5.9789716238 5.9797007632 
 5.9783540234 5.9789286196 5.9796397700 
 5.9783348476 5.9788904886 5.9795836042 
 5.9783205804 5.9788572481 5.9795322904 
 5.9783112304 5.9788289139 5.9794858522 
 5.9783068050 5.9788055013 5.9794443123 
 5.9783073106 5.9787870240 5.9794076924 
 5.9783127524 5.9787734952 5.9793760131 
 5.9783231348 5.9787649267 5.9793492941 
 5.9783384611 5.9787613296 5.9793275544 
 5.9783587335 5.9787627139 5.9793108116 
 5.9783839534 5.9787690886 5.9792990829 
 5.9784141213 5.9787804620 5.9792923841 
 5.9784492368 5.9787968413 5.9792907304 
 5.9784892984 5.9788182328 5.9792941359 
 5.9785343039 5.9788446420 5.9793026140 
 5.9785842504 5.9788760734 5.9793161773 
 5.9786391339 5.9789125309 5.9793348371 
 5.9786989497 5.9789540174 5.9793586043 
 5.9787636922 5.9790005348 5.9793874888 
 5.9788333552 5.9790520845 5.9794214997 
 5.9789079314 5.9791086668 5.9794606450 
 5.9789874130 5.9791702813 5.9795049322 
 5.9790717910 5.9792369267 5.9795543678 
 5.9791610560 5.9793086009 5.9796089574 
 5.9792551974 5.9793853010 5.9796687059 
 5.9793542039 5.9794670231 5.9797336172 
 5.9794580634 5.9795537625 5.9798036945 
 5.9795667627 5.9796455136 5.9798789398 
 5.9796802878 5.9797422699 5.9799593545 
 5.9797986238 5.9798440240 5.9800449390 
 5.9799217547 5.9799507673 5.9801356926 
 5.9800496636 5.9800624907 5.9802316140 
 5.9801823324 5.9801791836 5.9803327007 
 5.9803197423 5.9803008348 5.9804389493 
 5.9804618731 5.9804274319 5.9805503554 
 5.9806087037 5.9805589613 5.9806669135 
 5.9807602119 5.9806954087 5.9807886175 
 5.9809163742 5.9808367585 5.9809154598 
 5.9810771662 5.9809829943 5.9810474322 
 5.9812425625 5.9811340984 5.9811845254 
 5.9814125363 5.9812900523 5.9813267292 
 5.9815870601 5.9814508364 5.9814740324 
 5.9817661053 5.9816164302 5.9816264230 
 5.9819496421 5.9817868125 5.9817838880 
 5.9821376403 5.9819619609 5.9819464139 
 5.9823300684 5.9821418525 5.9821139863 
 5.9825268945 5.9823264636 5.9822865901 
 5.9827280859 5.9825157702 5.9824642097 
 5.9829336096 5.9827097474 5.9826468292 
 5.9831434320 5.9829083702 5.9828344322 
 5.9833575196 5.9831116135 5.9830270022 
 5.9835758386 5.9833194519 5.9832245223 
 5.9837983554 5.9835318603 5.9834269762 
 5.9840250367 5.9837488137 5.9836343473 
 5.9842558499 5.9839702878 5.9838466197 
 5.9844907631 5.9841962587 5.9840637780 
 5.9847297451 5.9844267037 5.9842858075 
 5.9849727663 5.9846616008 5.9845126946 
 5.9852197985 5.9849009298 5.9847444267 
 5.9854708150 5.9851446716 5.9849809926 
 5.9857257915 5.9853928091 5.9852223828 
 5.9859847056 5.9856453275 5.9854685894 
 5.9862475375 5.9859022138 5.9857196068 
 5.9865142705 5.9861634578 5.9859754313 
 5.9867848906 5.9864290520 5.9862360619 
 5.9870593873 5.9866989921 5.9865015001 
 5.9873377538 5.9869732768 5.9867717506 
 5.9876199869 5.9872519082 5.9870468207 
 5.9879060876 5.9875348924 5.9873267213 
 5.9881960613 5.9878222391 5.9876114667 
 5.9884899176 5.9881139621 5.9879010746 
 5.9887876710 5.9884100795 5.9881955668 
 5.9890893409 5.9887106138 5.9884949686 
 5.9893949514 5.9890155918 5.9887993096 
 5.9897045321 5.9893250452 5.9891086235 
 5.9900181174 5.9896390100 5.9894229479 
 5.9903357472 5.9899575274 5.9897423248 
 5.9906574666 5.9902806430 5.9900668006 
 5.9909833261 5.9906084074 5.9903964257 
 5.9913133813 5.9909408757 5.9907312548 
 5.9916476932 5.9912781081 5.9910713468 
 5.9919863277 5.9916201691 5.9914167648 
 5.9923293560 5.9919671278 5.9917675758 
 5.9926768538 5.9923190576 5.9921238507 
 5.9930289018 5.9926760362 5.9924856641 
 5.9933855850 5.9930381454 5.9928530943 
 5.9937469926 5.9934054706 5.9932262230 
 5.9941132178 5.9937781008 5.9936051348 
 5.9944843575 5.9941561285 5.9939899175 
 5.9948605119 5.9945396490 5.9943806615 
 5.9952417843 5.9949287605 5.9947774596 
 5.9956282806 5.9953235634 5.9951804068 
 5.9960201091 5.9957241605 5.9955895999 
 5.9964173802 5.9961306560 5.9960051373 
 5.9968202056 5.9965431560 5.9964271185 
 5.9972286985 5.9969617672 5.9968556443 
 5.9976429728 5.9973865974 5.9972908157 
 5.9980631429 5.9978177547 5.9977327345 
 5.9984893232 5.9982553472 5.9981815021 
 5.9989216282 5.9986994829 5.9986372200 
 5.9993601714 5.9991502691 5.9990999889 
 5.9998050656 5.9996078125 5.9995699089 
 6.0002564224 6.0000722183 6.0000470790 
 6.0007143519 6.0005435908 6.0005315967 
 6.0011789624 6.0010220322 6.0010235582 
 6.0016503602 6.0015076431 6.0015230578 
 6.0021286496 6.0020005221 6.0020301881 
 6.0026139323 6.0025007654 6.0025450393 
 6.0031063076 6.0030084671 6.0030676995 
 6.0036058723 6.0035237186 6.0035982544 
 6.0041127203 6.0040466089 6.0041367873 
 6.0046269428 6.0045772240 6.0046833788 
 6.0051486285 6.0051156478 6.0052381069 
 6.0056778629 6.0056619609 6.0058010468 
 6.0062147289 6.0062162415 6.0063722712 
 6.0067593068 6.0067785649 6.0069518499 
 6.0073116742 6.0073490040 6.0075398498 
 6.0078719061 6.0079276286 6.0081363353 
 6.0084400749 6.0085145064 6.0087413678 
 6.0090162510 6.0091097021 6.0093550061 
 6.0096005023 6.0097132783 6.0099773063 
 6.0101928946 6.0103252950 6.0106083217 
 6.0107934918 6.0109458100 6.0112481031 
 6.0114023560 6.0115748786 6.0118966984 
 6.0120195472 6.0122125543 6.0125541530 
 6.0126451242 6.0128588881 6.0132205098 
 6.0132791439 6.0135139291 6.0138958090 
 6.0139216619 6.0141777244 6.0145800880 
 6.0145727322 6.0148503188 6.0152733820 
 6.0152324076 6.0155317552 6.0159757230 
 6.0159007393 6.0162220746 6.0166871408 
 6.0165777773 6.0169213157 6.0174076621 
 6.0172635701 6.0176295151 6.0181373110 
 6.0179581648 6.0183467072 6.0188761086 
 6.0186616067 6.0190729243 6.0196240731 
 6.0193739396 6.0198081960 6.0203812196 
 6.0200952055 6.0205525496 6.0211475600 
 6.0208254443 6.0213060096 6.0219231029 
 6.0215646940 6.0220685978 6.0227078536 
 6.0223129900 6.0228403329 6.0235018138 
 6.0230703653 6.0236212305 6.0243049814 
 6.0238368499 6.0244113029 6.0251173507 
 6.0246124710 6.0252105590 6.0259389119 
 6.0253972525 6.0260190037 6.0267696513 
 6.0261912145 6.0268366381 6.0276095507 
 6.0269943736 6.0276634594 6.0284585880 
 6.0278067421 6.0284994602 6.0293167364 
 6.0286283282 6.0293446289 6.0301839645 
 6.0294591352 6.0301989491 6.0310602364 
 6.0302991619 6.0310623997 6.0319455115 
 6.0311484019 6.0319349544 6.0328397444 
 6.0320068434 6.0328165821 6.0337428846 
 6.0328744693 6.0337072463 6.0346548768 
 6.0337512566 6.0346069051 6.0355756610 
 6.0346371766 6.0355155111 6.0365051716 
 6.0355321946 6.0364330116 6.0374433384 
 6.0364362695 6.0373593479 6.0383900860 
 6.0373493541 6.0382944557 6.0393453338 
 6.0382713946 6.0392382651 6.0403089960 
 6.0392023309 6.0401907000 6.0412809819 
 6.0401420960 6.0411516786 6.0422611954 
 6.0410906165 6.0421211132 6.0432495352 
 6.0420478120 6.0430989098 6.0442458949 
 6.0430135954 6.0440849687 6.0452501626 
 6.0439878728 6.0450791839 6.0462622213 
 6.0449705432 6.0460814431 6.0472819483 
 6.0459614987 6.0470916280 6.0483092156 
 6.0469606242 6.0481096138 6.0493438895 
 6.0479677978 6.0491352693 6.0503858307 
 6.0489828902 6.0501684568 6.0514348938 
 6.0500057647 6.0512090319 6.0524909277 
 6.0510362774 6.0522568436 6.0535537749 
 6.0520742769 6.0533117336 6.0546232715 
 6.0531196042 6.0543735369 6.0556992472 
 6.0541720925 6.0554420810 6.0567815248 
 6.0552315673 6.0565171859 6.0578699200 
 6.0562978459 6.0575986641 6.0589642415 
 6.0573707375 6.0586863201 6.0600642902 
 6.0584500429 6.0597799505 6.0611698595 
 6.0595355546 6.0608793434 6.0622807346 
 6.0606270562 6.0619842787 6.0633966928 
 6.0617243226 6.0630945276 6.0645175028 
 6.0628271198 6.0642098523 6.0656429247 
 6.0639352047 6.0653300063 6.0667727102 
 6.0650483250 6.0664547342 6.0679066018 
 6.0661662193 6.0675837711 6.0690443334 
 6.0672886168 6.0687168434 6.0701856298 
 6.0684152376 6.0698536682 6.0713302073 
 6.0695457927 6.0709939537 6.0724777730 
 6.0706799841 6.0721373992 6.0736280256 
 6.0718175047 6.0732836955 6.0747806556 
 6.0729580393 6.0744325249 6.0759353452 
 6.0741012640 6.0755835619 6.0770917690 
 6.0752468473 6.0767364733 6.0782495944 
 6.0763944501 6.0778909187 6.0794084821 
 6.0775437265 6.0790465514 6.0805680864 
 6.0786943243 6.0802030185 6.0817280565 
 6.0798458856 6.0813599621 6.0828880363 
 6.0809980473 6.0825170198 6.0840476659 
 6.0821504425 6.0836738251 6.0852065820 
 6.0833027003 6.0848300088 6.0863644189 
 6.0844544477 6.0859851998 6.0875208092 
 6.0856053095 6.0871390252 6.0886753845 
 6.0867549098 6.0882911123 6.0898277768 
 6.0879028726 6.0894410884 6.0909776187 
 6.0890488226 6.0905885824 6.0921245449 
 6.0901923862 6.0917332254 6.0932681922 
 6.0913331924 6.0928746512 6.0944082011 
 6.0924708731 6.0940124975 6.0955442160 
 6.0936050647 6.0951464064 6.0966758861 
 6.0947354078 6.0962760252 6.0978028659 
 6.0958615487 6.0974010068 6.0989248160 
 6.0969831393 6.0985210104 6.1000414033 
 6.0980998382 6.0996357018 6.1011523016 
 6.0992113109 6.1007447542 6.1022571919 
 6.1003172299 6.1018478480 6.1033557631 
 6.1014172755 6.1029446717 6.1044477113 
 6.1025111359 6.1040349213 6.1055327411 
 6.1035985072 6.1051183013 6.1066105647 
 6.1046790937 6.1061945241 6.1076809027 
 6.1057526079 6.1072633104 6.1087434836 
 6.1068187704 6.1083243890 6.1097980438 
 6.1078773101 6.1093774969 6.1108443278 
 6.1089279639 6.1104223788 6.1118820876 
 6.1099704767 6.1114587872 6.1129110828 
 6.1110046009 6.1124864823 6.1139310802 
 6.1120300967 6.1135052315 6.1149418537 
 6.1130467315 6.1145148091 6.1159431840 
 6.1140542797 6.1155149965 6.1169348580 
 6.1150525224 6.1165055813 6.1179166690 
 6.1160412474 6.1174863574 6.1188884161 
 6.1170202485 6.1184571247 6.1198499040 
 6.1179893254 6.1194176885 6.1208009426 
 6.1189482836 6.1203678596 6.1217413468 
 6.1198969338 6.1213074538 6.1226709364 
 6.1208350918 6.1222362915 6.1235895355 
 6.1217625782 6.1231541981 6.1244969726 
 6.1226792182 6.1240610030 6.1253930803 
 6.1235848415 6.1249565398 6.1262776952 
 