6.0877803409 6.0878526293 6.0878378654 
 6.0883559558 6.0884403290 6.0884378735 
 6.0889269526 6.0890231190 6.0890326507 
 6.0894933191 6.0896009647 6.0896221401 
 6.0900550764 6.0901738668 6.0902063237 
 6.0906122760 6.0907418591 6.0907852181 
 6.0911649958 6.0913050039 6.0913588717 
 6.0917133369 6.0918633891 6.0919273606 
 6.0922574204 6.0924171249 6.0924907852 
 6.0927973835 6.0929663399 6.0930492671 
 6.0933333772 6.0935111785 6.0936029458 
 6.0938655623 6.0940517974 6.0941519753 
 6.0943941074 6.0945883631 6.0946965218 
 6.0949191857 6.0951210492 6.0952367609 
 6.0954409729 6.0956500339 6.0957728749 
 6.0959596452 6.0961754980 6.0963050508 
 6.0964753767 6.0966976227 6.0968334784 
 6.0969883386 6.0972165879 6.0973583481 
 6.0974986969 6.0977325708 6.0978798498 
 6.0980066116 6.0982457445 6.0983981708 
 6.0985122357 6.0987562765 6.0989134951 
 6.0990157136 6.0992643281 6.0994260021 
 6.0995171815 6.0997700533 6.0999358650 
 6.1000167654 6.1002735981 6.1004432509 
 6.1005145820 6.1007750996 6.1009483189 
 6.1010107371 6.1012746857 6.1014512201 
 6.1015053261 6.1017724746 6.1019520965 
 6.1019984335 6.1022685741 6.1024510807 
 6.1024901326 6.1027630816 6.1029482947 
 6.1029804856 6.1032560834 6.1034438501 
 6.1034695434 6.1037476546 6.1039378472 
 6.1039573456 6.1042378589 6.1044303745 
 6.1044439207 6.1047267485 6.1049215087 
 6.1049292860 6.1052143639 6.1054113141 
 6.1054134476 6.1057007336 6.1058998421 
 6.1058964011 6.1061858746 6.1063871318 
 6.1063781312 6.1066697922 6.1068732092 
 6.1068586125 6.1071524802 6.1073580877 
 6.1073378094 6.1076339210 6.1078417678 
 6.1078156772 6.1081140862 6.1083242377 
 6.1082921618 6.1085929371 6.1088054734 
 6.1087672010 6.1090704245 6.1092854395 
 6.1092407244 6.1095464903 6.1097640893 
 6.1097126548 6.1100210673 6.1102413655 
 6.1101829084 6.1104940804 6.1107172013 
 6.1106513957 6.1109654474 6.1111915211 
 6.1111180227 6.1114350795 6.1116642411 
 6.1115826912 6.1119028827 6.1121352705 
 6.1120452998 6.1123687583 6.1126045127 
 6.1125057451 6.1128326039 6.1130718657 
 6.1129639222 6.1132943146 6.1135372239 
 6.1134197256 6.1137537838 6.1140004786 
 6.1138730502 6.1142109040 6.1144615193 
 6.1143237920 6.1146655679 6.1149202344 
 6.1147718487 6.1151176690 6.1153765126 
 6.1152171205 6.1155671025 6.1158302433 
 6.1156595107 6.1160137661 6.1162813178 
 6.1160989265 6.1164575606 6.1167296300 
 6.1165352789 6.1168983904 6.1171750767 
 6.1169684837 6.1173361642 6.1176175591 
 6.1173984615 6.1177707951 6.1180569821 
 6.1178251382 6.1182022014 6.1184932559 
 6.1182484451 6.1186303065 6.1189262955 
 6.1186683187 6.1190550391 6.1193560216 
 6.1190847012 6.1194763338 6.1197823602 
 6.1194975405 6.1198941303 6.1202052431 
 6.1199067897 6.1203083741 6.1206246079 
 6.1203124071 6.1207190163 6.1210403978 
 6.1207143563 6.1211260130 6.1214525616 
 6.1211126057 6.1215293255 6.1218610536 
 6.1215071280 6.1219289202 6.1222658331 
 6.1218979005 6.1223247676 6.1226668646 
 6.1222849041 6.1227168429 6.1230641171 
 6.1226681234 6.1231051250 6.1234575639 
 6.1230475459 6.1234895962 6.1238471823 
 6.1234231619 6.1238702422 6.1242329533 
 6.1237949640 6.1242470510 6.1246148609 
 6.1241629466 6.1246200134 6.1249928920 
 6.1245271055 6.1249891218 6.1253670358 
 6.1248874378 6.1253543701 6.1257372836 
 6.1252439409 6.1257157534 6.1261036280 
 6.1255966127 6.1260732674 6.1264660630 
 6.1259454508 6.1264269083 6.1268245833 
 6.1262904525 6.1267766721 6.1271791841 
 6.1266316143 6.1271225547 6.1275298607 
 6.1269689316 6.1274645510 6.1278766080 
 6.1273023986 6.1278026552 6.1282194206 
 6.1276320077 6.1281368605 6.1285582920 
 6.1279577499 6.1284671584 6.1288932150 
 6.1282796139 6.1287935388 6.1292241809 
 6.1285975865 6.1291159902 6.1295511796 
 6.1289116524 6.1294344987 6.1298741995 
 6.1292217939 6.1297490489 6.1301932272 
 6.1295279909 6.1300596230 6.1305082474 
 6.1298302211 6.1303662013 6.1308192431 
 6.1301284599 6.1306687616 6.1311261951 
 6.1304226802 6.1309672801 6.1314290826 
 6.1307128526 6.1312617305 6.1317278824 
 6.1309989458 6.1315520846 6.1320225699 
 6.1312809261 6.1318383121 6.1323131182 
 6.1315587580 6.1321203811 6.1325994988 
 6.1318324040 6.1323982576 6.1328816816 
 6.1321018251 6.1326719061 6.1331596347 
 6.1323669804 6.1329412897 6.1334333250 
 6.1326278280 6.1332063700 6.1337027177 
 6.1328843245 6.1334671074 6.1339677771 
 6.1331364257 6.1337234614 6.1342284664 
 6.1333840863 6.1339753904 6.1344847478 
 6.1336272606 6.1342228523 6.1347365828 
 6.1338659022 6.1344658044 6.1349839325 
 6.1340999647 6.1347042036 6.1352267573 
 6.1343294013 6.1349380069 6.1354650174 
 6.1345541655 6.1351671709 6.1356986731 
 6.1347742110 6.1353916525 6.1359276845 
 6.1349894919 6.1356114091 6.1361520119 
 6.1351999629 6.1358263981 6.1363716161 
 6.1354055795 6.1360365780 6.1365864580 
 6.1356062979 6.1362419076 6.1367964993 
 6.1358020756 6.1364423467 6.1370017023 
 6.1359928709 6.1366378561 6.1372020299 
 6.1361786437 6.1368283974 6.1373974461 
 6.1363593549 6.1370139337 6.1375879156 
 6.1365349670 6.1371944288 6.1377734040 
 6.1367054440 6.1373698481 6.1379538781 
 6.1368707513 6.1375401583 6.1381293055 
 6.1370308561 6.1377053272 6.1382996552 
 6.1371857270 6.1378653241 6.1384648969 
 6.1373353345 6.1380201196 6.1386250016 
 6.1374796505 6.1381696859 6.1387799415 
 6.1376186488 6.1383139962 6.1389296897 
 6.1377523047 6.1384530254 6.1390742203 
 6.1378805951 6.1385867494 6.1392135085 
 6.1380034985 6.1387151457 6.1393475305 
 6.1381209952 6.1388381927 6.1394762636 
 6.1382330665 6.1389558704 6.1395996856 
 6.1383396954 6.1390681597 6.1397177754 
 6.1384408664 6.1391750424 6.1398305127 
 6.1385365649 6.1392765016 6.1399378778 
 6.1386267777 6.1393725212 6.1400398518 
 6.1387114927 6.1394630859 6.1401364161 
 6.1387906987 6.1395481812 6.1402275530 
 6.1388643854 6.1396277932 6.1403132449 
 6.1389325431 6.1397019087 6.1403934747 
 6.1389951630 6.1397705147 6.1404682258 
 6.1390522365 6.1398335989 6.1405374814 
 6.1391037556 6.1398911491 6.1406012252 
 6.1391497125 6.1399431532 6.1406594409 
 6.1391900994 6.1399895992 6.1407121120 
 6.1392249084 6.1400304750 6.1407592223 
 6.1392541317 6.1400657685 6.1408007551 
 6.1392777610 6.1400954673 6.1408366937 
 6.1392957874 6.1401195583 6.1408670209 
 6.1393082015 6.1401380284 6.1408917195 
 6.1393149933 6.1401508636 6.1409107716 
 6.1393161517 6.1401580492 6.1409241587 
 6.1393116647 6.1401595699 6.1409318621 
 6.1393015191 6.1401554095 6.1409338623 
 6.1392857004 6.1401455506 6.1409301392 
 6.1392641930 6.1401299750 6.1409206718 
 6.1392369796 6.1401086634 6.1409054386 
 6.1392040413 6.1400815952 6.1408844172 
 6.1391653578 6.1400487486 6.1408575844 
 6.1391209071 6.1400101007 6.1408249163 
 6.1390706654 6.1399656271 6.1407863879 
 6.1390146073 6.1399153022 6.1407419735 
 6.1389527055 6.1398590993 6.1406916468 
 6.1388849312 6.1397969902 6.1406353804 
 6.1388112538 6.1397289456 6.1405731463 
 6.1387316413 6.1396549351 6.1405049157 
 6.1386460599 6.1395749270 6.1404306593 
 6.1385544747 6.1394888888 6.1403503472 
 6.1384568492 6.1393967870 6.1402639489 
 6.1383531461 6.1392985874 6.1401714336 
 6.1382433268 6.1391942552 6.1400727703 
 6.1381273521 6.1390837548 6.1399679277 
 6.1380051819 6.1389670506 6.1398568746 
 6.1378767762 6.1388441067 6.1397395797 
 6.1377420942 6.1387148871 6.1396160121 
 6.1376010954 6.1385793561 6.1394861411 
 6.1374537397 6.1384374784 6.1393499367 
 6.1372999871 6.1382892189 6.1392073693 
 6.1371397986 6.1381345436 6.1390584101 
 6.1369731360 6.1379734192 6.1389030312 
 6.1367999622 6.1378058136 6.1387412058 
 6.1366202415 6.1376316957 6.1385729080 
 6.1364339399 6.1374510360 6.1383981133 
 6.1362410250 6.1372638065 6.1382167984 
 6.1360414666 6.1370699809 6.1380289417 
 6.1358352365 6.1368695348 6.1378345227 
 6.1356223088 6.1366624458 6.1376335229 
 6.1354026603 6.1364486934 6.1374259252 
 6.1351762704 6.1362282596 6.1372117145 
 6.1349431213 6.1360011286 6.1369908774 
 6.1347031981 6.1357672872 6.1367634026 
 6.1344564891 6.1355267245 6.1365292805 
 6.1342029857 6.1352794325 6.1362885040 
 6.1339426829 6.1350254060 6.1360410679 
 6.1336755789 6.1347646426 6.1357869694 
 6.1334016755 6.1344971428 6.1355262080 
 6.1331209783 6.1342229105 6.1352587858 
 6.1328334966 6.1339419525 6.1349847075 
 6.1325392435 6.1336542792 6.1347039805 
 6.1322382363 6.1333599042 6.1344166150 
 6.1319304961 6.1330588448 6.1341226242 
 6.1316160482 6.1327511218 6.1338220246 
 6.1312949222 6.1324367600 6.1335148358 
 6.1309671519 6.1321157877 6.1332010806 
 6.1306327751 6.1317882373 6.1328807857 
 6.1302918342 6.1314541451 6.1325539810 
 6.1299443758 6.1311135514 6.1322207002 
 6.1295904506 6.1307665004 6.1318809809 
 6.1292301135 6.1304130404 6.1315348641 
 6.1288634234 6.1300532234 6.1311823948 
 6.1284904431 6.1296871055 6.1308236217 
 6.1281112391 6.1293147461 6.1304585970 
 6.1277258815 6.1289362085 6.1300873765 
 6.1273344433 6.1285515589 6.1297100193 
 6.1269370007 6.1281608668 6.1293265877 
 6.1265336322 6.1277642042 6.1289371466 
 6.1261244186 6.1273616455 6.1285417638 
 6.1257094422 6.1269532671 6.1281405091 
 6.1252887867 6.1265391469 6.1277334543 
 6.1248625365 6.1261193638 6.1273206722 
 6.1244307761 6.1256939973 6.1269022370 
 6.1239935898 6.1252631269 6.1264782232 
 6.1235510611 6.1248268318 6.1260487050 
 6.1231032720 6.1243851900 6.1256137564 
 6.1226503024 6.1239382782 6.1251734503 
 6.1221922302 6.1234861709 6.1247278577 
 6.1217291299 6.1230289401 6.1242770481 
 6.1212610728 6.1225666549 6.1238210880 
 6.1207881266 6.1220993811 6.1233600412 
 6.1203103545 6.1216271805 6.1228939683 
 6.1198278153 6.1211501108 6.1224229260 
 6.1193405633 6.1206682256 6.1219469671 
 6.1188486477 6.1201815737 6.1214661403 
 6.1183521126 6.1196901992 6.1209804898 
 6.1178509972 6.1191941413 6.1204900555 
 6.1173453355 6.1186934346 6.1199948725 
 6.1168351566 6.1181881085 6.1194949715 
 6.1163204848 6.1176781880 6.1189903787 
 6.1158013395 6.1171636935 6.1184811159 
 6.1152777359 6.1166446409 6.1179672007 
 6.1147496850 6.1161210422 6.1174486465 
 6.1142171941 6.1155929055 6.1169254633 
 6.1136802671 6.1150602354 6.1163976573 
 6.1131389047 6.1145230334 6.1158652317 
 6.1125931051 6.1139812982 6.1153281869 
 6.1120428644 6.1134350264 6.1147865208 
 6.1114881768 6.1128842123 6.1142402291 
 6.1109290353 6.1123288491 6.1136893059 
 6.1103654320 6.1117689284 6.1131337439 
 6.1097973585 6.1112044414 6.1125735349 
 6.1092248064 6.1106353789 6.1120086701 
 6.1086477675 6.1100617318 6.1114391405 
 6.1080662347 6.1094834914 6.1108649371 
 6.1074802016 6.1089006500 6.1102860517 
 6.1068896636 6.1083132008 6.1097024768 
 6.1062946177 6.1077211387 6.1091142060 
 6.1056950632 6.1071244606 6.1085212348 
 6.1050910019 6.1065231654 6.1079235603 
 6.1044824383 6.1059172548 6.1073211821 
 6.1038693799 6.1053067330 6.1067141021 
 6.1032518377 6.1046916077 6.1061023252 
 6.1026298263 6.1040718899 6.1054858597 
 6.1020033642 6.1034475944 6.1048647172 
 6.1013724741 6.1028187401 6.1042389131 
 6.1007371832 6.1021853501 6.1036084673 
 6.1000975233 6.1015474523 6.1029734037 
 6.0994535311 6.1009050793 6.1023337513 
 6.0988052485 6.1002582691 6.1016895440 
 6.0981527227 6.0996070647 6.1010408209 
 6.0974960064 6.0989515149 6.1003876267 
 6.0968351581 6.0982916742 6.0997300118 
 6.0961702419 6.0976276029 6.0990680324 
 6.0955013281 6.0969593676 6.0984017508 
 6.0948284927 6.0962870406 6.0977312357 
 6.0941518178 6.0956107008 6.0970565615 
 6.0934713917 6.0949304329 6.0963778093 
 6.0927873084 6.0942463279 6.0956950662 
 6.0920996678 6.0935584828 6.0950084253 
 6.0914085757 6.0928670004 6.0943179858 
 6.0907141430 6.0921719894 6.0936238529 
 6.0900164864 6.0914735636 6.0929261369 
 6.0893157271 6.0907718421 6.0922249536 
 6.0886119913 6.0900669489 6.0915204237 
 6.0879054093 6.0893590123 6.0908126725 
 6.0871961154 6.0886481647 6.0901018290 
 6.0864842473 6.0879345417 6.0893880262 
 6.0857699456 6.0872182824 6.0886714001 
 6.0850533536 6.0864995281 6.0879520890 
 6.0843346163 6.0857784223 6.0872302337 
 6.0836138806 6.0850551099 6.0865059760 
 6.0828912940 6.0843297366 6.0857794589 
 6.0821670048 6.0836024487 6.0850508257 
 6.0814411611 6.0828733923 6.0843202193 
 6.0807139106 6.0821427128 6.0835877823 
 6.0799854001 6.0814105545 6.0828536556 
 6.0792557750 6.0806770604 6.0821179787 
 6.0785251788 6.0799423711 6.0813808890 
 6.0777937532 6.0792066251 6.0806425211 
 6.0770616372 6.0784699581 6.0799030070 
 6.0763289672 6.0777325028 6.0791624753 
 6.0755958765 6.0769943888 6.0784210513 
 6.0748624954 6.0762557420 6.0776788565 
 6.0741289507 6.0755166847 6.0769360086 
 6.0733953657 6.0747773356 6.0761926213 
 6.0726618601 6.0740378094 6.0754488044 
 6.0719285501 6.0732982169 6.0747046636 
 6.0711955481 6.0725586652 6.0739603004 
 6.0704629628 6.0718192574 6.0732158126 
 6.0697308994 6.0710800928 6.0724712938 
 6.0689994594 6.0703412671 6.0717268341 
 6.0682687408 6.0696028724 6.0709825198 
 6.0675388384 6.0688649975 6.0702384339 
 6.0668098435 6.0681277278 6.0694946562 
 6.0660818444 6.0673911458 6.0687512635 
 6.0653549264 6.0666553312 6.0680083298 
 6.0646291722 6.0659203610 6.0672659268 
 6.0639046616 6.0651863098 6.0665241240 
 6.0631814722 6.0644532502 6.0657829890 
 6.0624596793 6.0637212529 6.0650425876 
 6.0617393562 6.0629903870 6.0643029846 
 6.0610205745 6.0622607202 6.0635642437 
 6.0603034042 6.0615323192 6.0628264278 
 6.0595879139 6.0608052497 6.0620895997 
 6.0588741712 6.0600795770 6.0613538216 
 6.0581622426 6.0593553660 6.0606191563 
 6.0574521941 6.0586326815 6.0598856668 
 6.0567440912 6.0579115886 6.0591534169 
 6.0560379991 6.0571921525 6.0584224713 
 6.0553339830 6.0564744394 6.0576928957 
 6.0546321084 6.0557585160 6.0569647574 
 6.0539324409 6.0550444500 6.0562381251 
 6.0532350470 6.0543323105 6.0555130693 
 6.0525399935 6.0536221677 6.0547896623 
 6.0518473485 6.0529140934 6.0540679786 
 6.0511571810 6.0522081610 6.0533480944 
 6.0504695611 6.0515044455 6.0526300884 
 6.0497845603 6.0508030237 6.0519140414 
 6.0491022515 6.0501039744 6.0512000366 
 6.0484227092 6.0494073782 6.0504881593 
 6.0477460093 6.0487133174 6.0497784971 
 6.0470722295 6.0480218766 6.0490711398 
 6.0464014492 6.0473331420 6.0483661794 
 6.0457337494 6.0466472019 6.0476637101 
 6.0450692128 6.0459641462 6.0469638276 
 6.0444079238 6.0452840666 6.0462666300 
 6.0437499686 6.0446070566 6.0455722168 
 6.0430954347 6.0439332111 6.0448806891 
 6.0424444114 6.0432626264 6.0441921494 
 6.0417969892 6.0425954000 6.0435067014 
 6.0411532602 6.0419316309 6.0428244499 
 6.0405133172 6.0412714185 6.0421455003 
 6.0398772546 6.0406148635 6.0414699590 
 6.0392451674 6.0399620670 6.0407979323 
 6.0386171511 6.0393131303 6.0401295270 
 6.0379933022 6.0386681551 6.0394648498 
 6.0373737172 6.0380272432 6.0388040071 
 6.0367584927 6.0373904960 6.0381471049 
 6.0361477255 6.0367580145 6.0374942483 
 6.0355415117 6.0361298991 6.0368455417 
 6.0349399470 6.0355062492 6.0362010882 
 6.0343431264 6.0348871632 6.0355609897 
 6.0337511439 6.0342727382 6.0349253464 
 6.0331640920 6.0336630697 6.0342942570 
 6.0325820619 6.0330582517 6.0336678181 
 6.0320051430 6.0324583761 6.0330461242 
 6.0314334229 6.0318635327 6.0324292677 
 6.0308669870 6.0312738090 6.0318173386 
 6.0303059182 6.0306892903 6.0312104242 
 6.0297502969 6.0301100590 6.0306086095 
 6.0292002011 6.0295361949 6.0300119763 
 6.0286557055 6.0289677749 6.0294206041 
 6.0281168820 6.0284048732 6.0288345690 
 6.0275837994 6.0278475606 6.0282539444 
 6.0270565232 6.0272959050 6.0276788006 
 6.0265351156 6.0267499712 6.0271092051 
 6.0260196353 6.0262098205 6.0265452220 
 6.0255101379 6.0256755112 6.0259869126 
 6.0250066753 6.0251470986 6.0254343352 
 6.0245092960 6.0246246346 6.0248875451 
 6.0240180454 6.0241081678 6.0243465946 
 6.0235329652 6.0235977442 6.0238115334 
 6.0230540942 6.0230934065 6.0232824083 
 6.0225814677 6.0225951946 6.0227592635 
 6.0221151183 6.0221031456 6.0222421406 
 6.0216550754 6.0216172940 6.0217310788 
 6.0212013659 6.0211376717 6.0212261152 
 6.0207540137 6.0206643085 6.0207272846 
 6.0203130407 6.0201972316 6.0202346196 
 6.0198784663 6.0197364664 6.0197481513 
 6.0194503077 6.0192820364 6.0192679090 
 6.0190285803 6.0188339633 6.0187939202 
 6.0186132980 6.0183922672 6.0183262112 
 6.0182044727 6.0179569670 6.0178648070 
 6.0178021153 6.0175280802 6.0174097314 
 6.0174062353 6.0171056231 6.0169610072 
 6.0170168414 6.0166896113 6.0165186564 
 6.0166339410 6.0162800596 6.0160827003 
 6.0162575411 6.0158769817 6.0156531592 
 6.0158876479 6.0154803912 6.0152300532 
 6.0155242671 6.0150903009 6.0148134018 
 6.0151674041 6.0147067232 6.0144032239 
 6.0148170635 6.0143296702 6.0139995382 
 6.0144732501 6.0139591537 6.0136023631 
 6.0141359679 6.0135951851 6.0132117164 
 6.0138052208 6.0132377754 6.0128276159 
 6.0134810124 6.0128869356 6.0124500789 
 6.0131633458 6.0125426759 6.0120791222 
 6.0128522238 6.0122050065 6.0117147625 
 6.0125476485 6.0118739369 6.0113570158 
 6.0122496217 6.0115494761 6.0110058976 
 6.0119581441 6.0112316323 6.0106614228 
 6.0116732158 6.0109204133 6.0103236056 
 6.0113948358 6.0106158257 6.0099924594 
 6.0111230023 6.0103178751 6.0096679965 
 6.0108577117 6.0100265663 6.0093502284 
 6.0105989594 6.0097419024 6.0090391653 
 6.0103467390 6.0094638853 6.0087348162 
 6.0101010425 6.0091925154 6.0084371886 
 6.0098618598 6.0089277912 6.0081462884 
 6.0096291787 6.0086697094 6.0078621201 
 6.0094029851 6.0084182649 6.0075846862 
 6.0091832622 6.0081734502 6.0073139873 
 6.0089699908 6.0079352559 6.0070500221 
 6.0087631492 6.0077036700 6.0067927873 
 6.0085627129 6.0074786781 6.0065422772 
 6.0083686546 6.0072602633 6.0062984839 
 6.0081809441 6.0070484062 6.0060613973 
 6.0079995482 6.0068430845 6.0058310048 
 6.0078244310 6.0066442735 6.0056072914 
 6.0076555533 6.0064519454 6.0053902396 
 6.0074928731 6.0062660700 6.0051798295 
 6.0073363454 6.0060866141 6.0049760385 
 6.0071859221 6.0059135418 6.0047788419 
 6.0070415524 6.0057468145 6.0045882121 
 6.0069031826 6.0055863910 6.0044041194 
 6.0067707564 6.0054322273 6.0042265313 
 6.0066442145 6.0052842770 6.0040554134 
 6.0065234954 6.0051424911 6.0038907284 
 6.0064085351 6.0050068182 6.0037324374 
 6.0062992672 6.0048772046 6.0035804986 
 6.0061956232 6.0047535942 6.0034348686 
 6.0060975325 6.0046359291 6.0032955017 
 6.0060049226 6.0045241490 6.0031623501 
 6.0059177193 6.0044181917 6.0030353641 
 6.0058358467 6.0043179934 6.0029144923 
 6.0057592275 6.0042234882 6.0027996812 
 6.0056877828 6.0041346087 6.0026908757 
 6.0056214327 6.0040512859 6.0025880190 
 6.0055600961 6.0039734492 6.0024910525 
 6.0055036907 6.0039010266 6.0023999160 
 6.0054521334 6.0038339448 6.0023145479 
 6.0054053405 6.0037721291 6.0022348848 
 6.0053632270 6.0037155034 6.0021608617 
 6.0053257078 6.0036639907 6.0020924124 
 6.0052926968 6.0036175126 6.0020294687 
 6.0052641074 6.0035759895 6.0019719614 
 6.0052398526 6.0035393409 6.0019198193 
 6.0052198449 6.0035074850 6.0018729699 
 6.0052039963 6.0034803389 6.0018313390 
 6.0051922184 6.0034578188 6.0017948509 
 6.0051844225 6.0034398397 6.0017634285 
 6.0051805196 6.0034263156 6.0017369928 
 6.0051804201 6.0034171595 6.0017154632 
 6.0051840345 6.0034122834 6.0016987578 
 6.0051912726 6.0034115983 6.0016867929 
 6.0052020442 6.0034150142 6.0016794830 
 6.0052162589 6.0034224403 6.0016767413 
 6.0052338261 6.0034337847 6.0016784793 
 6.0052546549 6.0034489549 6.0016846070 
 6.0052786546 6.0034678574 6.0016950329 
 6.0053057342 6.0034903984 6.0017096641 
 6.0053358030 6.0035164829 6.0017284063 
 6.0053687702 6.0035460159 6.0017511640 
 6.0054045453 6.0035789017 6.0017778404 
 6.0054430381 6.0036150443 6.0018083379 
 6.0054841587 6.0036543475 6.0018425578 
 6.0055278177 6.0036967150 6.0018804005 
 6.0055739263 6.0037420508 6.0019217660 
 6.0056223964 6.0037902588 6.0019665537 
 6.0056731409 6.0038412433 6.0020146628 
 6.0057260732 6.0038949094 6.0020659922 
 6.0057811083 6.0039511625 6.0021204411 
 6.0058381620 6.0040099092 6.0021779088 
 6.0058971516 6.0040710567 6.0022382950 
 6.0059579957 6.0041345136 6.0023015003 
 6.0060206147 6.0042001899 6.0023674260 
 6.0060849303 6.0042679969 6.0024359744 
 6.0061508665 6.0043378475 6.0025070490 
 6.0062183487 6.0044096566 6.0025805550 
 6.0062873046 6.0044833408 6.0026563989 
 6.0063576639 6.0045588188 6.0027344892 
 6.0064293584 6.0046360114 6.0028147360 
 6.0065023223 6.0047148417 6.0028970520 
 6.0065764919 6.0047952352 6.0029813516 
 6.0066518060 6.0048771197 6.0030675518 
 6.0067282057 6.0049604256 6.0031555720 
 6.0068056347 6.0050450858 6.0032453342 
 6.0068840388 6.0051310358 6.0033367629 
 6.0069633667 6.0052182138 6.0034297852 
 6.0070435691 6.0053065605 6.0035243312 
 6.0071245994 6.0053960193 6.0036203335 
 6.0072064133 6.0054865362 6.0037177276 
 6.0072889689 6.0055780599 6.0038164515 
 6.0073722264 6.0056705413 6.0039164462 
 6.0074561486 6.0057639343 6.0040176553 
 6.0075407001 6.0058581949 6.0041200250 
 6.0076258479 6.0059532816 6.0042235041 
 6.0077115609 6.0060491550 6.0043280441 
 6.0077978098 6.0061457781 6.0044335987 
 6.0078845673 6.0062431159 6.0045401240 
 6.0079718079 6.0063411355 6.0046475784 
 6.0080595074 6.0064398057 6.0047559223 
 6.0081476433 6.0065390972 6.0048651184 
 6.0082361947 6.0066389822 6.0049751309 
 6.0083251416 6.0067394346 6.0050859262 
 6.0084144655 6.0068404296 6.0051974720 
 6.0085041487 6.0069419438 6.0053097376 
 6.0085941747 6.0070439548 6.0054226938 
 6.0086845277 6.0071464412 6.0055363126 
 6.0087751926 6.0072493829 6.0056505672 
 6.0088661550 6.0073527601 6.0057654315 
 6.0089574012 6.0074565541 6.0058808808 
 6.0090489175 6.0075607466 6.0059968908 
 6.0091406911 6.0076653200 6.0061134380 
 6.0092327091 6.0077702568 6.0062304995 
 6.0093249589 6.0078755400 6.0063480528 
 6.0094174282 6.0079811530 6.0064660759 
 6.0095101045 6.0080870791 6.0065845469 
 6.0096029755 6.0081933019 6.0067034445 
 6.0096960289 6.0082998051 6.0068227472 
 6.0097892523 6.0084065723 6.0069424339 
 6.0098826332 6.0085135871 6.0070624834 
 6.0099761590 6.0086208332 6.0071828748 
 6.0100698171 6.0087282942 6.0073035869 
 6.0101635947 6.0088359535 6.0074245989 
 6.0102574789 6.0089437947 6.0075458897 
 6.0103514566 6.0090518010 6.0076674384 
 6.0104455149 6.0091599560 6.0077892241 
 6.0105396405 6.0092682429 6.0079112258 
 6.0106338204 6.0093766451 6.0080334227 
 6.0107280413 6.0094851461 6.0081557942 
 6.0108222903 6.0095937293 6.0082783197 
 6.0109165542 6.0097023784 6.0084009789 
 6.0110108204 6.0098110773 6.0085237516 
 6.0111050760 6.0099198099 6.0086466179 
 6.0111993089 6.0100285608 6.0087695586 
 6.0112935068 6.0101373146 6.0088925544 
 6.0113876582 6.0102460564 6.0090155869 
 6.0114817517 6.0103547719 6.0091386379 
 6.0115757766 6.0104634473 6.0092616901 
 6.0116697227 6.0105720693 6.0093847266 
 6.0117635803 6.0106806253 6.0095077315 
 6.0118573406 6.0107891034 6.0096306895 
 6.0119509953 6.0108974927 6.0097535861 
 6.0120445371 6.0110057828 6.0098764079 
 6.0121379593 6.0111139644 6.0099991424 
 6.0122312562 6.0112220291 6.0101217779 
 6.0123244230 6.0113299694 6.0102443040 
 6.0124174560 6.0114377789 6.0103667113 
 6.0125103522 6.0115454523 6.0104889916 
 6.0126031098 6.0116529852 6.0106111378 
 6.0126957283 6.0117603745 6.0107331439 
 6.0127882078 6.0118676183 6.0108550053 
 6.0128805499 6.0119747157 6.0109767186 
 6.0129727572 6.0120816670 6.0110982815 
 6.0130648334 6.0121884738 6.0112196931 
 6.0131567834 6.0122951389 6.0113409538 
 6.0132486132 6.0124016661 6.0114620652 
 6.0133403301 6.0125080606 6.0115830300 
 6.0134319424 6.0126143287 6.0117038524 
 6.0135234595 6.0127204781 6.0118245377 
 6.0136148922 6.0128265172 6.0119450925 
 6.0137062521 6.0129324561 6.0120655244 
 6.0137975523 6.0130383057 6.0121858425 
 6.0138888065 6.0131440781 6.0123060567 
 6.0139800299 6.0132497865 6.0124261783 
 6.0140712387 6.0133554452 6.0125462195 
 6.0141624499 6.0134610695 6.0126661937 
 6.0142536817 6.0135666758 6.0127861152 
 6.0143449534 6.0136722814 6.0129059994 
 6.0144362850 6.0137779046 6.0130258626 
 6.0145276978 6.0138835647 6.0131457222 
 6.0146192137 6.0139892818 6.0132655961 
 6.0147108557 6.0140950771 6.0133855036 
 6.0148026477 6.0142009724 6.0135054644 
 6.0148946144 6.0143069905 6.0136254992 
 6.0149867815 6.0144131550 6.0137456296 
 6.0150791753 6.0145194903 6.0138658777 
 6.0151718232 6.0146260216 6.0139862664 
 6.0152647533 6.0147327749 6.0141068196 
 6.0153579945 6.0148397768 6.0142275616 
 6.0154515765 6.0149470548 6.0143485175 
 6.0155455298 6.0150546372 6.0144697130 
 6.0156398858 6.0151625528 6.0145911747 
 6.0157346766 6.0152708312 6.0147129295 
 6.0158299351 6.0153795030 6.0148350053 
 6.0159256949 6.0154885992 6.0149574305 
 6.0160219906 6.0155981516 6.0150802342 
 6.0161188575 6.0157081928 6.0152034460 
 6.0162163317 6.0158187562 6.0153270966 
 6.0163144500 6.0159298757 6.0154512169 
 6.0164132503 6.0160415863 6.0155758388 
 6.0165127711 6.0161539235 6.0157009948 
 6.0166130517 6.0162669236 6.0158267181 
 6.0167141325 6.0163806239 6.0159530427 
 6.0168160546 6.0164950622 6.0160800032 
 6.0169188598 6.0166102774 6.0162076352 
 6.0170225910 6.0167263090 6.0163359748 
 6.0171272919 6.0168431973 6.0164650591 
 6.0172330069 6.0169609837 6.0165949260 
 6.0173397816 6.0170797101 6.0167256139 
 6.0174476621 6.0171994195 6.0168571625 
 6.0175566956 6.0173201557 6.0169896120 
 6.0176669301 6.0174419632 6.0171230035 
 6.0177784143 6.0175648874 6.0172573790 
 6.0178911979 6.0176889746 6.0173927812 
 6.0180053313 6.0178142719 6.0175292539 
 6.0181208658 6.0179408272 6.0176668414 
 6.0182378533 6.0180686891 6.0178055892 
 6.0183563464 6.0181979071 6.0179455432 
 6.0184763987 6.0183285314 6.0180867505 
 6.0185980641 6.0184606129 6.0182292588 
 6.0187213974 6.0185942033 6.0183731165 
 6.0188464538 6.0187293547 6.0185183728 
 6.0189732892 6.0188661201 6.0186650777 
 6.0191019597 6.0190045529 6.0188132817 
 6.0192325221 6.0191447072 6.0189630360 
 6.0193650336 6.0192866373 6.0191143926 
 6.0194995515 6.0194303984 6.0192674038 
 6.0196361335 6.0195760456 6.0194221225 
 6.0197748375 6.0197236346 6.0195786021 
 6.0199157215 6.0198732214 6.0197368965 
 6.0200588437 6.0200248621 6.0198970598 
 6.0202042620 6.0201786130 6.0200591466 
 6.0203520346 6.0203345306 6.0202232115 
 6.0205022194 6.0204926713 6.0203893096 
 6.0206548742 6.0206530916 6.0205574961 
 6.0208100565 6.0208158478 6.0207278260 
 6.0209678235 6.0209809961 6.0209003548 
 6.0211282319 6.0211485925 6.0210751374 
 6.0212913383 6.0213186929 6.0212522292 
 6.0214571984 6.0214913525 6.0214316849 
 6.0216258675 6.0216666265 6.0216135594 
 6.0217974005 6.0218445693 6.0217979071 
 6.0219718513 6.0220252350 6.0219847820 
 6.0221492732 6.0222086770 6.0221742377 
 6.0223297187 6.0223949481 6.0223663275 
 6.0225132393 6.0225841005 6.0225611037 
 6.0226998860 6.0227761853 6.0227586185 
 6.0228897083 6.0229712530 6.0229589230 
 6.0230827551 6.0231693533 6.0231620675 
 6.0232790741 6.0233705346 6.0233681017 
 6.0234787116 6.0235748445 6.0235770740 
 6.0236817131 6.0237823294 6.0237890322 
 6.0238881225 6.0239930345 6.0240040225 
 6.0240979828 6.0242070038 6.0242220902 
 6.0243113351 6.0244242797 6.0244432792 
 6.0245282193 6.0246449036 6.0246676321 
 6.0247486740 6.0248689151 6.0248951898 
 6.0249727358 6.0250963523 6.0251259919 
 6.0252004399 6.0253272515 6.0253600760 
 6.0254318197 6.0255616476 6.0255974783 
 6.0256669068 6.0257995733 6.0258382329 
 6.0259057309 6.0260410596 6.0260823719 
 6.0261483197 6.0262861353 6.0263299255 
 6.0263946990 6.0265348274 6.0265809217 
 6.0266448924 6.0267871604 6.0268353861 
 6.0268989215 6.0270431570 6.0270933424 
 6.0271568055 6.0273028372 6.0273548115 
 6.0274185613 6.0275662190 6.0276198121 
 6.0276842038 6.0278333177 6.0278883604 
 6.0279537452 6.0281041463 6.0281604701 
 6.0282271954 6.0283787155 6.0284361523 
 6.0285045620 6.0286570334 6.0287154156 
 6.0287858502 6.0289391055 6.0289982662 
 6.0290710626 6.0292249353 6.0292847076 
 6.0293601998 6.0295145234 6.0295747411 
 6.0296532598 6.0298078685 6.0298683654 
 6.0299502385 6.0301049669 6.0301655773 
 6.0302511297 6.0304058128 6.0304663712 
 6.0305559251 6.0307103984 6.0307707396 
 6.0308646146 6.0310187142 6.0310786735 
 6.0311771863 6.0313307489 6.0313901619 
 6.0314936269 6.0316464899 6.0317051929 
 6.0318139216 6.0319659233 6.0320237532 
 6.0321380547 6.0322890345 6.0323458289 
 6.0324660095 6.0326158079 6.0326714055 
 6.0327977688 6.0329462276 6.0330004684 
 6.0331333152 6.0332802780 6.0333330031 
 6.0334726311 6.0336179432 6.0336689957 
 6.0338156996 6.0339592084 6.0340084331 
 6.0341625042 6.0343040595 6.0343513035 
 6.0345130294 6.0346524837 6.0346975968 
 6.0348672613 6.0350044700 6.0350473045 
 6.0352251872 6.0353600091 6.0354004209 
 6.0355867969 6.0357190943 6.0357569427 
 6.0359520821 6.0360817212 6.0361168694 
 6.0363210371 6.0364478885 6.0364802042 
 6.0366936591 6.0368175980 6.0368469533 
 6.0370699483 6.0371908546 6.0372171269 
 6.0374499079 6.0375676668 6.0375907387 
 6.0378335445 6.0379480467 6.0379678066 
 6.0382208679 6.0383320098 6.0383483522 
 6.0386118912 6.0387195752 6.0387324008 
 6.0390066308 6.0391107654 6.0391199816 
 6.0394051059 6.0395056061 6.0395111270 
 6.0398073388 6.0399041257 6.0399058723 
 6.0402133539 6.0403063553 6.0403042558 
 6.0406231776 6.0407123278 6.0407063173 
 6.0410368378 6.0411220774 6.0411120982 
 6.0414543631 6.0415356390 6.0415216404 
 6.0418757823 6.0419530475 6.0419349855 
 6.0423011233 6.0423743364 6.0423521735 
 6.0427304122 6.0427995374 6.0427732423 
 6.0431636728 6.0432286790 6.0431982261 
 6.0436009249 6.0436617855 6.0436271542 
 6.0440421837 6.0440988759 6.0440600501 
 6.0444874584 6.0445399624 6.0444969297 
 6.0449367515 6.0449850496 6.0449378005 
 6.0453900572 6.0454341332 6.0453826601 
 6.0458473606 6.0458871989 6.0458314949 
 6.0463086369 6.0463442212 6.0462842796 
 6.0467738501 6.0468051628 6.0467409753 
 6.0472429525 6.0472699735 6.0472015295 
 6.0477158840 6.0477385897 6.0476658752 
 6.0481925718 6.0482109341 6.0481339304 
 6.0486729297 6.0486869153 6.0486055978 
 6.0491568582 6.0491664275 6.0490807652 
 6.0496442449 6.0496493513 6.0495593054 
 6.0501349642 6.0501355538 6.0500410771 
 6.0506288786 6.0506248892 6.0505259254 
 6.0511258387 6.0511171997 6.0510136831 
 6.0516256846 6.0516123168 6.0515041720 
 6.0521282469 6.0521100627 6.0519972041 
 6.0526333480 6.0526102513 6.0524925838 
 6.0531408039 6.0531126907 6.0529901095 
 6.0536504253 6.0536171844 6.0534895758 
 6.0541620201 6.0541235335 6.0539907757 
 6.0546753946 6.0546315389 6.0544935029 
 6.0551903561 6.0551410036 6.0549975544 
 6.0557067147 6.0556517349 6.0555027327 
 6.0562242858 6.0561635466 6.0560088490 
 6.0567428919 6.0566762619 6.0565157250 
 6.0572623655 6.0571897155 6.0570231964 
 6.0577825509 6.0577037562 6.0575311149 
 6.0583033070 6.0582182496 6.0580393514 
 6.0588245095 6.0587330804 6.0585477985 
 6.0593460533 6.0592481550 6.0590563731 
 6.0598678547 6.0597634040 6.0595650191 
 6.0603898540 6.0602787847 6.0600737101 
 6.0609120175 6.0607942832 6.0605824517 
 6.0614343394 6.0613099166 6.0610912836 
 6.0619568439 6.0618257352 6.0616002823 
 6.0624795868 6.0623418239 6.0621095624 
 6.0630026570 6.0628583041 6.0626192785 
 6.0635261770 6.0633753343 6.0631296264 
 6.0640503041 6.0638931110 6.0636408435 
 6.0645752298 6.0644118686 6.0641532091 
 6.0651011797 6.0649318787 6.0646670434 
 6.0656284116 6.0654534487 6.0651827066 
 6.0661572139 6.0659769192 6.0657005953 
 6.0666879016 6.0665026607 6.0662211398 
 6.0672208128 6.0670310690 6.0667447981 
 6.0677563027 6.0675625587 6.0672720497 
 6.0682947374 6.0680975563 6.0678033874 
 6.0688364855 6.0686364913 6.0683393073 
 6.0693819099 6.0691797859 6.0688802977 
 6.0699313568 6.0697278440 6.0694268260 
 6.0704851460 6.0702810386 6.0699793249 
 6.0710435587 6.0708396991 6.0705381776 
 6.0716068270 6.0714040987 6.0711037035 
 6.0721751230 6.0719744420 6.0716761437 
 6.0727485494 6.0725508542 6.0722556487 
 6.0733271317 6.0731333720 6.0728422682 
 6.0739108128 6.0737219377 6.0734359438 
 6.0744994501 6.0743163962 6.0740365058 
 6.0750928158 6.0749164947 6.0746436740 
 6.0756906004 6.0755218876 6.0752570621 
 6.0762924181 6.0761321430 6.0758761862 
 6.0768978159 6.0767467528 6.0765004772 
 6.0775062839 6.0773651453 6.0771292942 
 6.0781172671 6.0779866985 6.0777619409 
 6.0787301782 6.0786107547 6.0783976821 
 6.0793444105 6.0792366350 6.0790357595 
 6.0799593497 6.0798636528 6.0796754078 
 6.0805743860 6.0804911270 6.0803158686 
 6.0811889239 6.0811183933 6.0809564028 
 6.0818023917 6.0817448134 6.0815963012 
 6.0824142488 6.0823697840 6.0822348932 
 6.0830239920 6.0829927425 6.0828715535 
 6.0836311599 6.0836131721 6.0835057072 
 6.0842353366 6.0842306055 6.0841368332 
 6.0848361536 6.0848446266 6.0847644659 
 6.0854332912 6.0854548718 6.0853881965 
 6.0860264784 6.0860610296 6.0860076724 
 6.0866154923 6.0866628404 6.0866225965 
 6.0872001568 6.0872600943 6.0872327250 
 6.0877803409 6.0878526293 6.0878378654 
 