6.0728347199 6.0712734802 6.0696624630 
 6.0736781283 6.0721280686 6.0705269807 
 6.0745050440 6.0729655144 6.0713738051 
 6.0753151809 6.0737855056 6.0722025897 
 6.0761083655 6.0745878499 6.0730131157 
 6.0768845267 6.0753724641 6.0738052807 
 6.0776436865 6.0761393644 6.0745790887 
 6.0783859526 6.0768886578 6.0753346402 
 6.0791115104 6.0776205341 6.0760721246 
 6.0798206168 6.0783352593 6.0767918123 
 6.0805135948 6.0790331692 6.0774940488 
 6.0811908277 6.0797146644 6.0781792481 
 6.0818527554 6.0803802052 6.0788478882 
 6.0824998695 6.0810303071 6.0795005061 
 6.0831327098 6.0816655371 6.0801376935 
 6.0837518608 6.0822865095 6.0807600930 
 6.0843579482 6.0828938829 6.0813683941 
 6.0849516358 6.0834883564 6.0819633298 
 6.0855336219 6.0840706662 6.0825456726 
 6.0861046363 6.0846415821 6.0831162311 
 6.0866654368 6.0852019039 6.0836758459 
 6.0872168052 6.0857524577 6.0842253855 
 6.0877595438 6.0862940912 6.0847657421 
 6.0882944710 6.0868276697 6.0852978263 
 6.0888224164 6.0873540711 6.0858225625 
 6.0893442166 6.0878741805 6.0863408829 
 6.0898607091 6.0883888847 6.0868537214 
 6.0903727273 6.0888990661 6.0873620076 
 6.0908810939 6.0894055963 6.0878666596 
 6.0913866153 6.0899093295 6.0883685770 
 6.0918900749 6.0904110954 6.0888686337 
 6.0923922263 6.0909116927 6.0893676704 
 6.0928937874 6.0914118816 6.0898664871 
 6.0933954336 6.0919123774 6.0903658364 
 6.0938977921 6.0924138442 6.0908664164 
 6.0944014362 6.0929168885 6.0913688643 
 6.0949068805 6.0934220543 6.0918737511 
 6.0954145764 6.0939298186 6.0923815769 
 6.0959249088 6.0944405876 6.0928927669 
 6.0964381941 6.0949546941 6.0934076689 
 6.0969546781 6.0954723963 6.0939265519 
 6.0974745361 6.0959938773 6.0944496053 
 6.0979978735 6.0965192457 6.0949769402 
 6.0985247274 6.0970485378 6.0955085915 
 6.0990550696 6.0975817202 6.0960445203 
 6.0995888096 6.0981186935 6.0965846187 
 6.1001257994 6.0986592975 6.0971287143 
 6.1006658382 6.0992033158 6.0976765758 
 6.1012086778 6.0997504819 6.0982279193 
 6.1017540286 6.1003004856 6.0987824147 
 6.1023015653 6.1008529788 6.0993396925 
 6.1028509330 6.1014075826 6.0998993505 
 6.1034017533 6.1019638931 6.1004609608 
 6.1039536302 6.1025214880 6.1010240761 
 6.1045061554 6.1030799326 6.1015882361 
 6.1050589136 6.1036387850 6.1021529734 
 6.1056114878 6.1041976016 6.1027178190 
 6.1061634630 6.1047559417 6.1032823074 
 6.1067144310 6.1053133718 6.1038459808 
 6.1072639934 6.1058694693 6.1044083931 
 6.1078117646 6.1064238258 6.1049691137 
 6.1083573749 6.1069760498 6.1055277300 
 6.1089004724 6.1075257690 6.1060838500 
 6.1094407246 6.1080726323 6.1066371040 
 6.1099778200 6.1086163110 6.1071871468 
 6.1105114691 6.1091565000 6.1077336578 
 6.1110414051 6.1096929184 6.1082763426 
 6.1115673839 6.1102253099 6.1088149328 
 6.1120891848 6.1107534432 6.1093491864 
 6.1126066101 6.1112771112 6.1098788874 
 6.1131194846 6.1117961312 6.1104038455 
 6.1136276552 6.1123103440 6.1109238955 
 6.1141309903 6.1128196133 6.1114388964 
 6.1146293789 6.1133238245 6.1119487305 
 6.1151227298 6.1138228844 6.1124533021 
 6.1156109702 6.1143167191 6.1129525366 
 6.1160940449 6.1148052736 6.1134463790 
 6.1165719153 6.1152885103 6.1139347929 
 6.1170445576 6.1157664076 6.1144177587 
 6.1175119622 6.1162389585 6.1148952722 
 6.1179741321 6.1167061697 6.1153673437 
 6.1184310818 6.1171680597 6.1158339959 
 6.1188828359 6.1176246580 6.1162952630 
 6.1193294278 6.1180760034 6.1167511890 
 6.1197708991 6.1185221427 6.1172018264 
 6.1202072977 6.1189631301 6.1176472351 
 6.1206386770 6.1193990250 6.1180874809 
 6.1210650951 6.1198298918 6.1185226343 
 6.1214866132 6.1202557984 6.1189527696 
 6.1219032952 6.1206768150 6.1193779636 
 6.1223152068 6.1210930139 6.1197982950 
 6.1227224144 6.1215044680 6.1202138428 
 6.1231249846 6.1219112502 6.1206246866 
 6.1235229835 6.1223134329 6.1210309047 
 6.1239164762 6.1227110873 6.1214325743 
 6.1243055264 6.1231042830 6.1218297709 
 6.1246901958 6.1234930875 6.1222225674 
 6.1250705439 6.1238775659 6.1226110343 
 6.1254466280 6.1242577805 6.1229952392 
 6.1258185023 6.1246337909 6.1233752466 
 6.1261862187 6.1250056537 6.1237511177 
 6.1265498262 6.1253734225 6.1241229108 
 6.1269093707 6.1257371480 6.1244906807 
 6.1272648959 6.1260968779 6.1248544792 
 6.1276164424 6.1264526571 6.1252143553 
 6.1279640483 6.1268045276 6.1255703548 
 6.1283077494 6.1271525291 6.1259225211 
 6.1286475792 6.1274966989 6.1262708950 
 6.1289835690 6.1278370719 6.1266155151 
 6.1293157482 6.1281736811 6.1269564177 
 6.1296441443 6.1285065577 6.1272936374 
 6.1299687830 6.1288357308 6.1276272070 
 6.1302896887 6.1291612283 6.1279571575 
 6.1306068841 6.1294830764 6.1282835185 
 6.1309203902 6.1298012997 6.1286063183 
 6.1312302270 6.1301159216 6.1289255834 
 6.1315364126 6.1304269637 6.1292413391 
 6.1318389637 6.1307344462 6.1295536091 
 6.1321378953 6.1310383875 6.1298624151 
 6.1324332204 6.1313388042 6.1301677772 
 6.1327249502 6.1316357107 6.1304697133 
 6.1330130934 6.1319291190 6.1307682387 
 6.1332976560 6.1322190384 6.1310633660 
 6.1335786413 6.1325054751 6.1313551044 
 6.1338560491 6.1327884318 6.1316434599 
 6.1341298757 6.1330679075 6.1319284339 
 6.1344001133 6.1333438965 6.1322100235 
 6.1346667495 6.1336163887 6.1324882206 
 6.1349297671 6.1338853685 6.1327630117 
 6.1351891438 6.1341508148 6.1330343769 
 6.1354448512 6.1344127001 6.1333022900 
 6.1356968554 6.1346709906 6.1335667176 
 6.1359451155 6.1349256456 6.1338276189 
 6.1361895845 6.1351766170 6.1340849453 
 6.1364302083 6.1354238492 6.1343386400 
 6.1366669256 6.1356672791 6.1345886379 
 6.1368996681 6.1359068355 6.1348348655 
 6.1371283602 6.1361424396 6.1350772404 
 6.1373529192 6.1363740045 6.1353156721 
 6.1375732555 6.1366014357 6.1355500613 
 6.1377892724 6.1368246314 6.1357803007 
 6.1380008670 6.1370434823 6.1360062752 
 6.1382079302 6.1372578728 6.1362278624 
 6.1384103473 6.1374676808 6.1364449327 
 6.1386079986 6.1376727788 6.1366573510 
 6.1388007600 6.1378730344 6.1368649762 
 6.1389885038 6.1380683112 6.1370676630 
 6.1391710996 6.1382584694 6.1372652626 
 6.1393484147 6.1384433672 6.1374576233 
 6.1395203157 6.1386228613 6.1376445922 
 6.1396866687 6.1387968085 6.1378260158 
 6.1398473410 6.1389650660 6.1380017416 
 6.1400022015 6.1391274933 6.1381716189 
 6.1401511222 6.1392839527 6.1383355003 
 6.1402939788 6.1394343109 6.1384932427 
 6.1404306521 6.1395784396 6.1386447088 
 6.1405610287 6.1397162171 6.1387897678 
 6.1406850020 6.1398475288 6.1389282971 
 6.1408024733 6.1399722688 6.1390601830 
 6.1409133524 6.1400903404 6.1391853219 
 6.1410175587 6.1402016572 6.1393036213 
 6.1411150217 6.1403061440 6.1394150007 
 6.1412056820 6.1404037372 6.1395193924 
 6.1412894916 6.1404943861 6.1396167423 
 6.1413664147 6.1405780529 6.1397070108 
 6.1414364278 6.1406547137 6.1397901728 
 6.1414995207 6.1407243584 6.1398662186 
 6.1415556960 6.1407869915 6.1399351542 
 6.1416049698 6.1408426320 6.1399970014 
 6.1416473717 6.1408913136 6.1400517980 
 6.1416829444 6.1409330845 6.1400995977 
 6.1417117441 6.1409680074 6.1401404700 
 6.1417338397 6.1409961594 6.1401745000 
 6.1417493128 6.1410176310 6.1402017877 
 6.1417582569 6.1410325262 6.1402224478 
 6.1417607769 6.1410409615 6.1402366085 
 6.1417569883 6.1410430650 6.1402444111 
 6.1417470164 6.1410389755 6.1402460086 
 6.1417309950 6.1410288413 6.1402415645 
 6.1417090655 6.1410128194 6.1402312516 
 6.1416813754 6.1409910733 6.1402152505 
 6.1416480773 6.1409637721 6.1401937476 
 6.1416093268 6.1409310886 6.1401669337 
 6.1415652812 6.1408931974 6.1401350017 
 6.1415160979 6.1408502734 6.1400981448 
 6.1414619325 6.1408024893 6.1400565541 
 6.1414029367 6.1407500141 6.1400104164 
 6.1413392571 6.1406930106 6.1399599122 
 6.1412710324 6.1406316334 6.1399052130 
 6.1411983923 6.1405660271 6.1398464789 
 6.1411214556 6.1404963240 6.1397838572 
 6.1410403282 6.1404226424 6.1397174790 
 6.1409551014 6.1403450844 6.1396474583 
 6.1408658510 6.1402637350 6.1395738897 
 6.1407726358 6.1401786598 6.1394968466 
 6.1406754960 6.1400899045 6.1394163803 
 6.1405744535 6.1399974937 6.1393325188 
 6.1404695101 6.1399014303 6.1392452657 
 6.1403606485 6.1398016951 6.1391546006 
 6.1402478312 6.1396982471 6.1390604786 
 6.1401310015 6.1395910236 6.1389628306 
 6.1400100841 6.1394799410 6.1388615644 
 6.1398849858 6.1393648959 6.1387565657 
 6.1397555966 6.1392457660 6.1386476994 
 6.1396217915 6.1391224124 6.1385348115 
 6.1394834319 6.1389946807 6.1384177311 
 6.1393403673 6.1388624036 6.1382962727 
 6.1391924378 6.1387254027 6.1381702386 
 6.1390394754 6.1385834910 6.1380394215 
 6.1388813070 6.1384364753 6.1379036070 
 6.1387177558 6.1382841588 6.1377625766 
 6.1385486441 6.1381263429 6.1376161100 
 6.1383737951 6.1379628304 6.1374639880 
 6.1381930349 6.1377934269 6.1373059948 
 6.1380061948 6.1376179438 6.1371419204 
 6.1378131126 6.1374361995 6.1369715631 
 6.1376136348 6.1372480220 6.1367947309 
 6.1374076178 6.1370532500 6.1366112442 
 6.1371949291 6.1368517345 6.1364209365 
 6.1369754490 6.1366433403 6.1362236565 
 6.1367490709 6.1364279469 6.1360192689 
 6.1365157027 6.1362054494 6.1358076555 
 6.1362752670 6.1359757592 6.1355887161 
 6.1360277017 6.1357388045 6.1353623687 
 6.1357729605 6.1354945307 6.1351285502 
 6.1355110125 6.1352429004 6.1348872166 
 6.1352418430 6.1349838937 6.1346383428 
 6.1349654525 6.1347175079 6.1343819225 
 6.1346818570 6.1344437569 6.1341179682 
 6.1343910876 6.1341626717 6.1338465105 
 6.1340931897 6.1338742988 6.1335675978 
 6.1337882227 6.1335787006 6.1332812954 
 6.1334762594 6.1332759539 6.1329876851 
 6.1331573850 6.1329661499 6.1326868641 
 6.1328316966 6.1326493927 6.1323789443 
 6.1324993022 6.1323257986 6.1320640512 
 6.1321603198 6.1319954953 6.1317423227 
 6.1318148764 6.1316586207 6.1314139085 
 6.1314631072 6.1313153218 6.1310789683 
 6.1311051542 6.1309657534 6.1307376707 
 6.1307411655 6.1306100774 6.1303901923 
 6.1303712937 6.1302484609 6.1300367158 
 6.1299956954 6.1298810756 6.1296774289 
 6.1296145292 6.1295080958 6.1293125228 
 6.1292279553 6.1291296976 6.1289421907 
 6.1288361338 6.1287460575 6.1285666262 
 6.1284392235 6.1283573505 6.1281860221 
 6.1280373809 6.1279637494 6.1278005684 
 6.1276307589 6.1275654231 6.1274104510 
 6.1272195054 6.1271625353 6.1270158503 
 6.1268037626 6.1267552432 6.1266169396 
 6.1263836655 6.1263436961 6.1262138837 
 6.1259593410 6.1259280347 6.1258068375 
 6.1255309071 6.1255083895 6.1253959449 
 6.1250984719 6.1250848802 6.1249813378 
 6.1246621329 6.1246576145 6.1245631347 
 6.1242219763 6.1242266876 6.1241414402 
 6.1237780767 6.1237921817 6.1237163443 
 6.1233304969 6.1233541656 6.1232879221 
 6.1228792871 6.1229126943 6.1228562332 
 6.1224244859 6.1224678092 6.1224213219 
 6.1219661195 6.1220195383 6.1219832176 
 6.1215042028 6.1215678963 6.1215419346 
 6.1210387393 6.1211128856 6.1210974734 
 6.1205697225 6.1206544965 6.1206498208 
 6.1200971359 6.1201927086 6.1201989516 
 6.1196209543 6.1197274913 6.1197448291 
 6.1191411452 6.1192588055 6.1192874068 
 6.1186576692 6.1187866044 6.1188266297 
 6.1181704817 6.1183108352 6.1183624355 
 6.1176795341 6.1178314401 6.1178947565 
 6.1171847750 6.1173483581 6.1174235211 
 6.1166861512 6.1168615259 6.1169486549 
 6.1161836094 6.1163708798 6.1164700830 
 6.1156770972 6.1158763567 6.1159877305 
 6.1151665640 6.1153778954 6.1155015249 
 6.1146519626 6.1148754380 6.1150113965 
 6.1141332495 6.1143689304 6.1145172803 
 6.1136103863 6.1138583240 6.1140191166 
 6.1130833405 6.1133435762 6.1135168519 
 6.1125520855 6.1128246507 6.1130104402 
 6.1120166018 6.1123015190 6.1124998430 
 6.1114768772 6.1117741600 6.1119850303 
 6.1109329069 6.1112425608 6.1114659808 
 6.1103846940 6.1107067169 6.1109426819 
 6.1098322492 6.1101666319 6.1104151304 
 6.1092755912 6.1096223181 6.1098833319 
 6.1087147460 6.1090737957 6.1093473009 
 6.1081497473 6.1085210931 6.1088070606 
 6.1075806356 6.1079642463 6.1082626426 
 6.1070074583 6.1074032986 6.1077140865 
 6.1064302687 6.1068383002 6.1071614392 
 6.1058491263 6.1062693074 6.1066047547 
 6.1052640954 6.1056963825 6.1060440933 
 6.1046752452 6.1051195928 6.1054795211 
 6.1040826486 6.1045390102 6.1049111092 
 6.1034863821 6.1039547105 6.1043389332 
 6.1028865251 6.1033667726 6.1037630722 
 6.1022831588 6.1027752782 6.1031836085 
 6.1016763661 6.1021803106 6.1026006267 
 6.1010662308 6.1015819547 6.1020142131 
 6.1004528371 6.1009802957 6.1014244547 
 6.0998362688 6.1003754193 6.1008314393 
 6.0992166091 6.0997674102 6.1002352540 
 6.0985939397 6.0991563524 6.0996359853 
 6.0979683409 6.0985423282 6.0990337182 
 6.0973398906 6.0979254179 6.0984285360 
 6.0967086643 6.0973056995 6.0978205194 
 6.0960747347 6.0966832481 6.0972097465 
 6.0954381712 6.0960581358 6.0965962924 
 6.0947990401 6.0954304312 6.0959802287 
 6.0941574040 6.0948001995 6.0953616234 
 6.0935133220 6.0941675022 6.0947405405 
 6.0928668493 6.0935323966 6.0941170403 
 6.0922180373 6.0928949366 6.0934911788 
 6.0915669339 6.0922551717 6.0928630081 
 6.0909135831 6.0916131480 6.0922325759 
 6.0902580253 6.0909689073 6.0915999261 
 6.0896002975 6.0903224882 6.0909650987 
 6.0889404335 6.0896739256 6.0903281299 
 6.0882784640 6.0890232509 6.0896890523 
 6.0876144170 6.0883704929 6.0890478953 
 6.0869483178 6.0877156774 6.0884046850 
 6.0862801897 6.0870588277 6.0877594450 
 6.0856100541 6.0863999650 6.0871121964 
 6.0849379308 6.0857391088 6.0864629584 
 6.0842638384 6.0850762770 6.0858117481 
 6.0835877948 6.0844114866 6.0851585816 
 6.0829098173 6.0837447539 6.0845034739 
 6.0822299233 6.0830760946 6.0838464395 
 6.0815481303 6.0824055248 6.0831874926 
 6.0808644564 6.0817330606 6.0825266476 
 6.0801789206 6.0810587190 6.0818639195 
 6.0794915432 6.0803825181 6.0811993238 
 6.0788023461 6.0797044772 6.0805328775 
 6.0781113527 6.0790246172 6.0798645989 
 6.0774185885 6.0783429608 6.0791945079 
 6.0767240814 6.0776595328 6.0785226264 
 6.0760278614 6.0769743602 6.0778489783 
 6.0753299610 6.0762874724 6.0771735898 
 6.0746304156 6.0755989013 6.0764964896 
 6.0739292629 6.0749086813 6.0758177087 
 6.0732265435 6.0742168494 6.0751372807 
 6.0725223008 6.0735234453 6.0744552418 
 6.0718165807 6.0728285113 6.0737716305 
 6.0711094317 6.0721320922 6.0730864883 
 6.0704009051 6.0714342352 6.0723998587 
 6.0696910543 6.0707349901 6.0717117876 
 6.0689799352 6.0700344088 6.0710223234 
 6.0682676057 6.0693325453 6.0703315162 
 6.0675541257 6.0686294555 6.0696394184 
 6.0668395568 6.0679251972 6.0689460838 
 6.0661239623 6.0672198295 6.0682515680 
 6.0654074067 6.0665134130 6.0675559278 
 6.0646899557 6.0658060094 6.0668592211 
 6.0639716756 6.0650976814 6.0661615070 
 6.0632526338 6.0643884920 6.0654628450 
 6.0625328979 6.0636785052 6.0647632952 
 6.0618125358 6.0629677849 6.0640629182 
 6.0610916153 6.0622563952 6.0633617743 
 6.0603702042 6.0615444000 6.0626599241 
 6.0596483699 6.0608318629 6.0619574277 
 6.0589261793 6.0601188471 6.0612543447 
 6.0582036984 6.0594054151 6.0605507345 
 6.0574809927 6.0586916286 6.0598466552 
 6.0567581267 6.0579775485 6.0591421646 
 6.0560351639 6.0572632346 6.0584373192 
 6.0553121664 6.0565487459 6.0577321747 
 6.0545891957 6.0558341399 6.0570267856 
 6.0538663116 6.0551194734 6.0563212052 
 6.0531435730 6.0544048017 6.0556154860 
 6.0524210376 6.0536901791 6.0549096790 
 6.0516987618 6.0529756585 6.0542038342 
 6.0509768010 6.0522612922 6.0534980005 
 6.0502552094 6.0515471309 6.0527922259 
 6.0495340403 6.0508332246 6.0520865572 
 6.0488133460 6.0501196223 6.0513810403 
 6.0480931781 6.0494063723 6.0506757204 
 6.0473735873 6.0486935220 6.0499706419 
 6.0466546239 6.0479811183 6.0492658487 
 6.0459363376 6.0472692076 6.0485613840 
 6.0452187778 6.0465578360 6.0478572907 
 6.0445019937 6.0458470493 6.0471536115 
 6.0437860345 6.0451368931 6.0464503889 
 6.0430709491 6.0444274132 6.0457476654 
 6.0423567870 6.0437186556 6.0450454837 
 6.0416435978 6.0430106663 6.0443438865 
 6.0409314315 6.0423034918 6.0436429172 
 6.0402203388 6.0415971794 6.0429426193 
 6.0395103708 6.0408917766 6.0422430373 
 6.0388015796 6.0401873318 6.0415442159 
 6.0380940180 6.0394838943 6.0408462008 
 6.0373877397 6.0387815142 6.0401490387 
 6.0366827994 6.0380802425 6.0394527770 
 6.0359792529 6.0373801313 6.0387574641 
 6.0352771570 6.0366812337 6.0380631496 
 6.0345765698 6.0359836040 6.0373698838 
 6.0338775501 6.0352872975 6.0366777186 
 6.0331801585 6.0345923709 6.0359867066 
 6.0324844561 6.0338988816 6.0352969017 
 6.0317905055 6.0332068887 6.0346083589 
 6.0310983704 6.0325164518 6.0339211343 
 6.0304081155 6.0318276322 6.0332352853 
 6.0297198065 6.0311404919 6.0325508699 
 6.0290335101 6.0304550939 6.0318679475 
 6.0283492940 6.0297715023 6.0311865784 
 6.0276672266 6.0290897821 6.0305068238 
 6.0269873774 6.0284099992 6.0298287456 
 6.0263098162 6.0277322200 6.0291524069 
 6.0256346138 6.0270565119 6.0284778711 
 6.0249618414 6.0263829428 6.0278052027 
 6.0242915707 6.0257115812 6.0271344664 
 6.0236238737 6.0250424960 6.0264657277 
 6.0229588228 6.0243757566 6.0257990525 
 6.0222964906 6.0237114327 6.0251345071 
 6.0216369499 6.0230495942 6.0244721581 
 6.0209802736 6.0223903111 6.0238120724 
 6.0203265342 6.0217336537 6.0231543171 
 6.0196758047 6.0210796923 6.0224989593 
 6.0190281575 6.0204284969 6.0218460663 
 6.0183836649 6.0197801377 6.0211957054 
 6.0177423990 6.0191346847 6.0205479438 
 6.0171044314 6.0184922076 6.0199028487 
 6.0164698335 6.0178527760 6.0192604872 
 6.0158386761 6.0172164590 6.0186209261 
 6.0152110295 6.0165833255 6.0179842320 
 6.0145869635 6.0159534440 6.0173504714 
 6.0139665476 6.0153268826 6.0167197104 
 6.0133498502 6.0147037091 6.0160920150 
 6.0127369396 6.0140839906 6.0154674507 
 6.0121278831 6.0134677939 6.0148460828 
 6.0115227475 6.0128551853 6.0142279762 
 6.0109215991 6.0122462307 6.0136131956 
 6.0103245032 6.0116409952 6.0130018050 
 6.0097315246 6.0110395437 6.0123938685 
 6.0091427274 6.0104419404 6.0117894495 
 6.0085581751 6.0098482490 6.0111886112 
 6.0079779303 6.0092585328 6.0105914164 
 6.0074020551 6.0086728545 6.0099979276 
 6.0068306108 6.0080912762 6.0094082067 
 6.0062636580 6.0075138596 6.0088223156 
 6.0057012568 6.0069406658 6.0082403155 
 6.0051434665 6.0063717554 6.0076622674 
 6.0045903456 6.0058071885 6.0070882320 
 6.0040419522 6.0052470246 6.0065182695 
 6.0034983434 6.0046913229 6.0059524398 
 6.0029595759 6.0041401417 6.0053908024 
 6.0024257056 6.0035935391 6.0048334164 
 6.0018967878 6.0030515727 6.0042803407 
 6.0013728772 6.0025142991 6.0037316336 
 6.0008540275 6.0019817750 6.0031873531 
 6.0003402922 6.0014540561 6.0026475568 
 5.9998317238 6.0009311978 6.0021123018 
 5.9993283741 6.0004132547 6.0015816449 
 5.9988302945 5.9999002809 6.0010556425 
 5.9983375353 5.9993923302 6.0005343503 
 5.9978501466 5.9988894554 6.0000178238 
 5.9973681773 5.9983917090 5.9995061178 
 5.9968916758 5.9978991425 5.9989992867 
 5.9964206897 5.9974118072 5.9984973845 
 5.9959552660 5.9969297535 5.9980004643 
 5.9954954508 5.9964530310 5.9975085791 
 5.9950412893 5.9959816888 5.9970217809 
 5.9945928262 5.9955157754 5.9965401214 
 5.9941501051 5.9950553381 5.9960636513 
 5.9937131689 5.9946004239 5.9955924210 
 5.9932820597 5.9941510788 5.9951264801 
 5.9928568185 5.9937073481 5.9946658775 
 5.9924374857 5.9932692761 5.9942106612 
 5.9920241006 5.9928369063 5.9937608787 
 5.9916167015 5.9924102816 5.9933165766 
 5.9912153261 5.9919894437 5.9928778006 
 5.9908200107 5.9915744335 5.9924445958 
 5.9904307909 5.9911652909 5.9920170063 
 5.9900477012 5.9907620550 5.9915950753 
 5.9896707750 5.9903647638 5.9911788451 
 5.9893000448 5.9899734543 5.9907683573 
 5.9889355420 5.9895881626 5.9903636522 
 5.9885772969 5.9892089237 5.9899647695 
 5.9882253387 5.9888357715 5.9895717478 
 5.9878796957 5.9884687391 5.9891846245 
 5.9875403949 5.9881078582 5.9888034363 
 5.9872074621 5.9877531598 5.9884282188 
 5.9868809224 5.9874046735 5.9880590064 
 5.9865607994 5.9870624280 5.9876958328 
 5.9862471158 5.9867264509 5.9873387303 
 5.9859398932 5.9863967687 5.9869877304 
 5.9856391519 5.9860734067 5.9866428634 
 5.9853449113 5.9857563895 5.9863041587 
 5.9850571898 5.9854457401 5.9859716446 
 5.9847760045 5.9851414810 5.9856453483 
 5.9845013715 5.9848436332 5.9853252959 
 5.9842333062 5.9845522169 5.9850115128 
 5.9839718225 5.9842672512 5.9847040230 
 5.9837169336 5.9839887544 5.9844028498 
 5.9834686517 5.9837167435 5.9841080152 
 5.9832269880 5.9834512348 5.9838195406 
 5.9829919530 5.9831922437 5.9835374463 
 5.9827635560 5.9829397844 5.9832617515 
 5.9825418057 5.9826938706 5.9829924747 
 5.9823267099 5.9824545149 5.9827296336 
 5.9821182756 5.9822217292 5.9824732448 
 5.9819165091 5.9819955246 5.9822233242 
 5.9817214159 5.9817759113 5.9819798869 
 5.9815330009 5.9815628991 5.9817429474 
 5.9813512684 5.9813564968 5.9815125190 
 5.9811762218 5.9811567126 5.9812886147 
 5.9810078641 5.9809635541 5.9810712466 
 5.9808461978 5.9807770282 5.9808604263 
 5.9806912245 5.9805971414 5.9806561644 
 5.9805429456 5.9804238993 5.9804584712 
 5.9804013618 5.9802573071 5.9802673562 
 5.9802664733 5.9800973696 5.9800828284 
 5.9801382798 5.9799440907 5.9799048961 
 5.9800167804 5.9797974739 5.9797335671 
 5.9799019736 5.9796575224 5.9795688485 
 5.9797938577 5.9795242384 5.9794107469 
 5.9796924300 5.9793976239 5.9792592684 
 5.9795976876 5.9792776802 5.9791144183 
 5.9795096266 5.9791644079 5.9789762014 
 5.9794282429 5.9790578071 5.9788446219 
 5.9793535313 5.9789578772 5.9787196831 
 5.9792854861 5.9788646169 5.9786013881 
 5.9792241008 5.9787780242 5.9784897387 
 5.9791693678 5.9786980963 5.9783847365 
 5.9791212790 5.9786248294 5.9782863818 
 5.9790798249 5.9785582191 5.9781946746 
 5.9790449951 5.9784982599 5.9781096134 
 5.9790167782 5.9784449451 5.9780311962 
 5.9789951613 5.9783982671 5.9779594199 
 5.9789801304 5.9783582172 5.9778942802 
 5.9789716700 5.9783247852 5.9778357717 
 5.9789697631 5.9782979597 5.9777838880 
 5.9789743910 5.9782777280 5.9777386211 
 5.9789855334 5.9782640755 5.9776999619 
 5.9790031683 5.9782569865 5.9776678997 
 5.9790272716 5.9782564433 5.9776424225 
 5.9790578174 5.9782624267 5.9776235166 
 5.9790947776 5.9782749152 5.9776111666 
 5.9791381219 5.9782938860 5.9776053556 
 5.9791878179 5.9783193137 5.9776060647 
 5.9792438307 5.9783511713 5.9776132732 
 5.9793061231 5.9783894294 5.9776269587 
 5.9793746554 5.9784340564 5.9776470964 
 5.9794493855 5.9784850186 5.9776736600 
 5.9795302683 5.9785422797 5.9777066206 
 5.9796172566 5.9786058012 5.9777459477 
 5.9797103002 5.9786755423 5.9777916081 
 5.9798093464 5.9787514595 5.9778435667 
 5.9799143396 5.9788335071 5.9779017863 
 5.9800252217 5.9789216368 5.9779662273 
 5.9801419318 5.9790157978 5.9780368478 
 5.9802644066 5.9791159368 5.9781136037 
 5.9803925799 5.9792219983 5.9781964487 
 5.9805263830 5.9793339242 5.9782853343 
 5.9806657448 5.9794516539 5.9783802097 
 5.9808105916 5.9795751246 5.9784810220 
 5.9809608476 5.9797042713 5.9785877160 
 5.9811164344 5.9798390265 5.9787002346 
 5.9812772717 5.9799793209 5.9788185186 
 5.9814432772 5.9801250829 5.9789425067 
 5.9816143663 5.9802762388 5.9790721356 
 5.9817904530 5.9804327133 5.9792073404 
 5.9819714495 5.9805944291 5.9793480541 
 5.9821572663 5.9807613072 5.9794942082 
 5.9823478128 5.9809332671 5.9796457323 
 5.9825429968 5.9811102266 5.9798025547 
 5.9827427254 5.9812921024 5.9799646020 
 5.9829469043 5.9814788096 5.9801317994 
 5.9831554386 5.9816702625 5.9803040708 
 5.9833682328 5.9818663739 5.9804813387 
 5.9835851906 5.9820670560 5.9806635246 
 5.9838062154 5.9822722199 5.9808505486 
 5.9840312102 5.9824817759 5.9810423299 
 5.9842600780 5.9826956337 5.9812387868 
 5.9844927214 5.9829137024 5.9814398362 
 5.9847290431 5.9831358905 5.9816453946 
 5.9849689459 5.9833621059 5.9818553771 
 5.9852123327 5.9835922561 5.9820696984 
 5.9854591067 5.9838262484 5.9822882722 
 5.9857091712 5.9840639895 5.9825110112 
 5.9859624298 5.9843053860 5.9827378275 
 5.9862187865 5.9845503439 5.9829686324 
 5.9864781455 5.9847987691 5.9832033363 
 5.9867404115 5.9850505672 5.9834418489 
 5.9870054893 5.9853056434 5.9836840789 
 5.9872732843 5.9855639028 5.9839299343 
 5.9875437020 5.9858252500 5.9841793222 
 5.9878166482 5.9860895892 5.9844321487 
 5.9880920291 5.9863568244 5.9846883190 
 5.9883697509 5.9866268593 5.9849477374 
 5.9886497202 5.9868995969 5.9852103072 
 5.9889318438 5.9871749400 5.9854759306 
 5.9892160283 5.9874527909 5.9857445089 
 5.9895021808 5.9877330515 5.9860159422 
 5.9897902083 5.9880156230 5.9862901296 
 5.9900800178 5.9883004065 5.9865669692 
 5.9903715165 5.9885873022 5.9868463578 
 5.9906646116 5.9888762102 5.9871281916 
 5.9909592103 5.9891670301 5.9874123653 
 5.9912552200 5.9894596608 5.9876987728 
 5.9915525481 5.9897540011 5.9879873072 
 5.9918511020 5.9900499496 5.9882778605 
 5.9921507897 5.9903474044 5.9885703242 
 5.9924515189 5.9906462635 5.9888645889 
 5.9927531981 5.9909464250 5.9891605446 
 5.9930557359 5.9912477869 5.9894580810 
 5.9933590416 5.9915502473 5.9897570875 
 5.9936630249 5.9918537049 5.9900574531 
 5.9939675964 5.9921580585 5.9903590671 
 5.9942726676 5.9924632078 5.9906618188 
 5.9945781508 5.9927690530 5.9909655979 
 5.9948839596 5.9930754955 5.9912702949 
 5.9951900090 5.9933824377 5.9915758009 
 5.9954962153 5.9936897833 5.9918820081 
 5.9958024966 5.9939974378 5.9921888100 
 5.9961087729 5.9943053082 5.9924961016 
 5.9964149659 5.9946133036 5.9928037796 
 5.9967210000 5.9949213351 5.9931117428 
 5.9970268016 5.9952293166 5.9934198923 
 5.9973323000 5.9955371642 5.9937281318 
 5.9976374272 5.9958447972 5.9940363675 
 5.9979421180 5.9961521377 5.9943445089 
 5.9982463108 5.9964591113 5.9946524688 
 5.9985499468 5.9967656470 5.9949601635 
 5.9988529713 5.9970716777 5.9952675130 
 5.9991553330 5.9973771399 5.9955744415 
 5.9994569847 5.9976819746 5.9958808774 
 5.9997578829 5.9979861268 5.9961867535 
 6.0000579887 5.9982895461 5.9964920075 
 6.0003572674 5.9985921868 5.9967965817 
 6.0006556888 5.9988940080 5.9971004238 
 6.0009532273 5.9991949738 5.9974034866 
 6.0012498620 5.9994950533 5.9977057283 
 6.0015455769 5.9997942208 5.9980071127 
 6.0018403610 6.0000924561 5.9983076092 
 6.0021342080 6.0003897441 5.9986071931 
 6.0024271170 6.0006860755 5.9989058456 
 6.0027190918 6.0009814464 5.9992035537 
 6.0030101416 6.0012758582 5.9995003105 
 6.0033002807 6.0015693183 5.9997961152 
 6.0035895281 6.0018618393 6.0000909728 
 6.0038779084 6.0021534396 6.0003848945 
 6.0041654508 6.0024441427 6.0006778973 
 6.0044521894 6.0027339779 6.0009700041 
 6.0047381634 6.0030229795 6.0012612437 
 6.0050234162 6.0033111870 6.0015516504 
 6.0053079962 6.0035986448 6.0018412639 
 6.0055919555 6.0038854022 6.0021301293 
 6.0058753509 6.0041715129 6.0024182965 
 6.0061582426 6.0044570350 6.0027058203 
 6.0064406945 6.0047420304 6.0029927600 
 6.0067227738 6.0050265650 6.0032791788 
 6.0070045504 6.0053107076 6.0035651437 
 6.0072860970 6.0055945300 6.0038507251 
 6.0075674881 6.0058781067 6.0041359961 
 6.0078488002 6.0061615140 6.0044210322 
 6.0081301107 6.0064448296 6.0047059107 
 6.0084114980 6.0067281325 6.0049907102 
 6.0086930406 6.0070115017 6.0052755099 
 6.0089748165 6.0072950165 6.0055603891 
 6.0092569030 6.0075787551 6.0058454267 
 6.0095393759 6.0078627944 6.0061306999 
 6.0098223087 6.0081472094 6.0064162845 
 6.0101057725 6.0084320723 6.0067022534 
 6.0103898349 6.0087174520 6.0069886761 
 6.0106745597 6.0090034135 6.0072756185 
 6.0109600065 6.0092900173 6.0075631415 
 6.0112462294 6.0095773187 6.0078513008 
 6.0115332774 6.0098653672 6.0081401464 
 6.0118211933 6.0101542061 6.0084297217 
 6.0121100136 6.0104438720 6.0087200630 
 6.0123997677 6.0107343943 6.0090111994 
 6.0126904782 6.0110257950 6.0093031521 
 6.0129821600 6.0113180882 6.0095959344 
 6.0132748209 6.0116112805 6.0098895510 
 6.0135684609 6.0119053700 6.0101839987 
 6.0138630723 6.0122003472 6.0104792657 
 6.0141586405 6.0124961950 6.0107753322 
 6.0144551435 6.0127928883 6.0110721705 
 6.0147525528 6.0130903955 6.0113697456 
 6.0150508337 6.0133886782 6.0116680156 
 6.0153499459 6.0136876921 6.0119669323 
 6.0156498444 6.0139873881 6.0122664424 
 6.0159504805 6.0142877128 6.0125664883 
 6.0162518025 6.0145886099 6.0128670092 
 6.0165537569 6.0148900211 6.0131679424 
 6.0168562898 6.0151918878 6.0134692244 
 6.0171593481 6.0154941520 6.0137707929 
 6.0174628809 6.0157967582 6.0140725881 
 6.0177668409 6.0160996547 6.0143745543 
 6.0180711863 6.0164027957 6.0146766416 
 6.0183758819 6.0167061423 6.0149788082 
 6.0186809010 6.0170096648 6.0152810214 
 6.0189862273 6.0173133443 6.0155832604 
 6.0192918557 6.0176171743 6.0158855172 
 6.0195977950 6.0179211627 6.0161877991 
 6.0199040687 6.0182253331 6.0164901304 
 6.0202107166 6.0185297267 6.0167925537 
 6.0205177966 6.0188344037 6.0170951318 
 6.0208253856 6.0191394447 6.0173979490 
 6.0211335806 6.0194449518 6.0177011127 
 6.0214424999 6.0197510498 6.0180047538 
 6.0217522839 6.0200578867 6.0183090282 
 6.0220630952 6.0203656346 6.0186141169 
 6.0223751190 6.0206744894 6.0189202264 
 6.0226885631 6.0209846711 6.0192275884 
 6.0230036571 6.0212964233 6.0195364591 
 6.0233206517 6.0216100115 6.0198471187 
 6.0236398172 6.0219257225 6.0201598688 
 6.0239614418 6.0222438621 6.0204750315 
 6.0242858291 6.0225647521 6.0207929456 
 6.0246132948 6.0228887280 6.0211139640 
 6.0249441639 6.0232161345 6.0214384492 
 6.0252787660 6.0235473215 6.0217667693 
 6.0256174309 6.0238826391 6.0220992922 
 6.0259604832 6.0242224322 6.0224363801 
 6.0263082366 6.0245670341 6.0227783832 
 6.0266609880 6.0249167603 6.0231256328 
 6.0270190106 6.0252719015 6.0234784340 
 6.0273825475 6.0256327166 6.0238370590 
 6.0277518049 6.0259994258 6.0242017389 
 6.0281269454 6.0263722032 6.0245726572 
 6.0285080819 6.0267511709 6.0249499426 
 6.0288952714 6.0271363920 6.0253336630 
 6.0292885103 6.0275278659 6.0257238196 
 6.0296877301 6.0279255241 6.0261203428 
 6.0300927940 6.0283292261 6.0265230888 
 6.0305034958 6.0287387585 6.0269318374 
 6.0309195587 6.0291538338 6.0273462920 
 6.0313406364 6.0295740917 6.0277660800 
 6.0317663159 6.0299991015 6.0281907560 
 6.0321961209 6.0304283661 6.0286198056 
 6.0326295172 6.0308613277 6.0290526510 
 6.0330659191 6.0312973743 6.0294886583 
 6.0335046970 6.0317358472 6.0299271454 
 6.0339451856 6.0321760509 6.0303673911 
 6.0343866932 6.0326172616 6.0308086454 
 6.0348285113 6.0330587380 6.0312501400 
 6.0352699250 6.0334997319 6.0316910993 
 6.0357102227 6.0339394987 6.0321307519 
 6.0361487069 6.0343773086 6.0325683419 
 6.0365847040 6.0348124574 6.0330031403 
 6.0370175752 6.0352442774 6.0334344568 
 6.0374467257 6.0356721476 6.0338616505 
 6.0378716151 6.0360955048 6.0342841412 
 6.0382917671 6.0365138535 6.0347014206 
 6.0387067790 6.0369267764 6.0351130627 
 6.0391163312 6.0373339445 6.0355187350 
 6.0395201974 6.0377351274 6.0359182088 
 6.0399182537 6.0381302032 6.0363113704 
 6.0403104891 6.0385191698 6.0366982318 
 6.0406970152 6.0389021547 6.0370789416 
 6.0410780768 6.0392794260 6.0374537959 
 6.0414540626 6.0396514037 6.0378232497 
 6.0418255158 6.0400186699 6.0381879268 
 6.0421931450 6.0403819803 6.0385486313 
 6.0425578346 6.0407422738 6.0389063560 
 6.0429206544 6.0411006823 6.0392622916 
 6.0432828691 6.0414585384 6.0396178326 
 6.0436459445 6.0418173811 6.0399745813 
 6.0440115520 6.0421789584 6.0403343485 
 6.0443815697 6.0425452260 6.0406991485 
 6.0447580772 6.0429183404 6.0410711905 
 6.0451433459 6.0433006454 6.0414528613 
 6.0455398201 6.0436946513 6.0418467015 
 6.0459500899 6.0441030039 6.0422553729 
 6.0463768533 6.0445284452 6.0426816167 
 6.0468228673 6.0449737622 6.0431282023 
 6.0472908878 6.0454417268 6.0435978680 
 6.0477835984 6.0459350250 6.0440932536 
 6.0483035310 6.0464561806 6.0446168278 
 6.0488529798 6.0470074726 6.0451708123 
 6.0494339139 6.0475908531 6.0457571065 
 6.0500478929 6.0482078683 6.0463772160 
 6.0506959918 6.0488595887 6.0470321891 
 6.0513787408 6.0495465527 6.0477225655 
 6.0520960856 6.0502687287 6.0484483410 
 6.0528473720 6.0510254983 6.0492089501 
 6.0536313564 6.0518156639 6.0500032698 
 6.0544462432 6.0526374805 6.0508296443 
 6.0552897461 6.0534887085 6.0516859298 
 6.0561591674 6.0543666869 6.0525695571 
 6.0570514909 6.0552684187 6.0534776082 
 6.0579634804 6.0561906646 6.0544069021 
 6.0588917775 6.0571300380 6.0553540838 
 6.0598329923 6.0580830962 6.0563157128 
 6.0607837834 6.0590464221 6.0572883452 
 6.0617409250 6.0600166946 6.0582686060 
 6.0627013577 6.0609907452 6.0592532501 
 6.0636622267 6.0619656005 6.0602392094 
 6.0646209056 6.0629385116 6.0612236287 
 6.0655750099 6.0639069712 6.0622038874 
 6.0665224005 6.0648687218 6.0631776126 
 6.0674611807 6.0658217545 6.0641426823 
 6.0683896881 6.0667643038 6.0650972226 
 6.0693064827 6.0676948360 6.0660395992 
 6.0702103330 6.0686120368 6.0669684059 
 6.0711002015 6.0695147963 6.0678824502 
 6.0719752290 6.0704021932 6.0687807391 
 6.0728347199 6.0712734802 6.0696624630 
 