0.1432768958 0.1452786038 0.1469449981 
 0.1441637858 0.1460559077 0.1476226544 
 0.1448981634 0.1466994739 0.1481835434 
 0.1454775452 0.1472068827 0.1486253354 
 0.1459001863 0.1475764019 0.1489463403 
 0.1461649560 0.1478068895 0.1491454320 
 0.1462712456 0.1478977222 0.1492219919 
 0.1462189102 0.1478487487 0.1491758726 
 0.1460082423 0.1476602693 0.1490073805 
 0.1456399779 0.1473330395 0.1487172793 
 0.1451153352 0.1468683004 0.1483068120 
 0.1444360854 0.1462678331 0.1477777439 
 0.1436046566 0.1455340385 0.1471324239 
 0.1426242693 0.1446700421 0.1463738642 
 0.1414991031 0.1436798203 0.1455058371 
 0.1402344895 0.1425683480 0.1445329858 
 0.1388371254 0.1413417587 0.1434609451 
 0.1373152957 0.1400075133 0.1422964665 
 0.1356790901 0.1385745638 0.1410475395 
 0.1339405959 0.1370535001 0.1397234998 
 0.1321140438 0.1354566626 0.1383351119 
 0.1302158820 0.1337982046 0.1368946151 
 0.1282647579 0.1320940872 0.1354157193 
 0.1262813884 0.1303619923 0.1339135410 
 0.1242883097 0.1286211456 0.1324044710 
 0.1223095095 0.1268920472 0.1309059722 
 0.1203699544 0.1251961178 0.1294363090 
 0.1184950407 0.1235552743 0.1280142186 
 0.1167100018 0.1219914583 0.1266585364 
 0.1150393125 0.1205261435 0.1253877956 
 0.1135061271 0.1191798508 0.1242198186 
 0.1121317828 0.1179716949 0.1231713224 
 0.1109353881 0.1169189827 0.1222575519 
 0.1099335061 0.1160368764 0.1214919562 
 0.1091399279 0.1153381235 0.1208859138 
 0.1085655237 0.1148328532 0.1204485116 
 0.1082181540 0.1145284307 0.1201863756 
 0.1081026211 0.1144293589 0.1201035517 
 0.1082206429 0.1145372211 0.1202014318 
 0.1085708379 0.1148506550 0.1204787248 
 0.1091487188 0.1153653588 0.1209314697 
 0.1099466966 0.1160741308 0.1215530939 
 0.1109541109 0.1169669510 0.1223345201 
 0.1121573025 0.1180311135 0.1232643258 
 0.1135397496 0.1192514222 0.1243289584 
 0.1150822877 0.1206104562 0.1255130086 
 0.1167634263 0.1220889093 0.1267995380 
 0.1185597652 0.1236659991 0.1281704529 
 0.1204465044 0.1253199323 0.1296069115 
 0.1223980239 0.1270284072 0.1310897463 
 0.1243885018 0.1287691257 0.1325998817 
 0.1263925319 0.1305202851 0.1341187247 
 0.1283856975 0.1322610226 0.1356285093 
 0.1303450664 0.1339717870 0.1371125811 
 0.1322495781 0.1356346222 0.1385556102 
 0.1340803074 0.1372333545 0.1399437307 
 0.1358206026 0.1387536852 0.1412646094 
 0.1374561078 0.1401831986 0.1425074507 
 0.1389746873 0.1415112980 0.1436629501 
 0.1403662758 0.1427290893 0.1447232075 
 0.1416226793 0.1438292288 0.1456816145 
 0.1427373503 0.1448057524 0.1465327280 
 0.1437051565 0.1456539013 0.1472721385 
 0.1445221597 0.1463699530 0.1478963436 
 0.1451854149 0.1469510685 0.1484026309 
 0.1456927965 0.1473951583 0.1487889762 
 0.1460428563 0.1477007729 0.1490539573 
 0.1462347134 0.1478670165 0.1491966880 
 0.1462679783 0.1478934877 0.1492167701 
 0.1461427090 0.1477802445 0.1491142662 
 0.1458593997 0.1475277947 0.1488896920 
 0.1454190018 0.1471371125 0.1485440277 
 0.1448229776 0.1466096794 0.1480787508 
 0.1440733861 0.1459475505 0.1474958865 
 0.1431730015 0.1451534461 0.1467980781 
 0.1421254635 0.1442308666 0.1459886749 
 0.1409354568 0.1431842286 0.1450718356 
 0.1396089139 0.1420190197 0.1440526445 
 0.1381532348 0.1407419634 0.1429372347 
 0.1365775086 0.1393611871 0.1417329127 
 0.1348927226 0.1378863794 0.1404482751 
 0.1331119354 0.1363289240 0.1390933062 
 0.1312503929 0.1347019909 0.1376794459 
 0.1293255633 0.1330205696 0.1362196131 
 0.1273570678 0.1313014279 0.1347281759 
 0.1253664974 0.1295629844 0.1332208567 
 0.1233771066 0.1278250881 0.1317145675 
 0.1214133954 0.1261087098 0.1302271758 
 0.1195005977 0.1244355525 0.1287772057 
 0.1176641071 0.1228276027 0.1273834862 
 0.1159288787 0.1213066461 0.1260647623 
 0.1143188437 0.1198937746 0.1248392886 
 0.1128563751 0.1186089134 0.1237244246 
 0.1115618282 0.1174703897 0.1227362510 
 0.1104531725 0.1164945596 0.1218892222 
 0.1095457171 0.1156955020 0.1211958636 
 0.1088519222 0.1150847797 0.1206665223 
 0.1083812801 0.1146712639 0.1203091693 
 0.1081402477 0.1144610111 0.1201292544 
 0.1081322094 0.1144571852 0.1201296079 
 0.1083574575 0.1146600145 0.1203103875 
 0.1088131814 0.1150667811 0.1206690689 
 0.1094934640 0.1156718412 0.1212004790 
 0.1103892972 0.1164666833 0.1218968768 
 0.1114886279 0.1174400317 0.1227480828 
 0.1127764585 0.1185780067 0.1237416649 
 0.1142350188 0.1198643519 0.1248631798 
 0.1158440294 0.1212807336 0.1260964722 
 0.1175810645 0.1228071132 0.1274240249 
 0.1194220137 0.1244221843 0.1288273497 
 0.1213416263 0.1261038583 0.1302874043 
 0.1233141143 0.1278297743 0.1317850151 
 0.1253137747 0.1295778059 0.1333012844 
 0.1273155921 0.1313265340 0.1348179624 
 0.1292957804 0.1330556607 0.1363177659 
 0.1312322304 0.1347463418 0.1377846297 
 0.1331048416 0.1363814259 0.1392038865 
 0.1348957275 0.1379455980 0.1405623730 
 0.1365892986 0.1394254313 0.1418484675 
 0.1381722365 0.1408093599 0.1430520703 
 0.1396333819 0.1420875890 0.1441645368 
 0.1409635585 0.1432519589 0.1451785772 
 0.1421553594 0.1442957834 0.1460881361 
 0.1432029172 0.1452136751 0.1468882627 
 0.1441016762 0.1460013725 0.1475749805 
 0.1448481789 0.1466555780 0.1481451648 
 0.1454398773 0.1471738128 0.1485964318 
 0.1458749734 0.1475542943 0.1489270438 
 0.1461522917 0.1477958372 0.1491358327 
 0.1462711853 0.1478977791 0.1492221417 
 0.1462314740 0.1478599329 0.1491857869 
 0.1460334161 0.1476825633 0.1490270393 
 0.1456777119 0.1473663895 0.1487466257 
 0.1451655393 0.1469126123 0.1483457502 
 0.1444986227 0.1463229678 0.1478261348 
 0.1436793336 0.1455998042 0.1471900793 
 0.1427108240 0.1447461854 0.1464405400 
 0.1415971907 0.1437660149 0.1455812250 
 0.1403436657 0.1426641822 0.1446167036 
 0.1389568288 0.1414467223 0.1435525267 
 0.1374448295 0.1401209836 0.1423953520 
 0.1358176051 0.1386957928 0.1411530653 
 0.1340870762 0.1371816031 0.1398348903 
 0.1322672964 0.1355906106 0.1384514740 
 0.1303745339 0.1339368210 0.1370149355 
 0.1284272605 0.1322360506 0.1355388668 
 0.1264460317 0.1305058459 0.1340382730 
 0.1244532462 0.1287653143 0.1325294467 
 0.1224727870 0.1270348620 0.1310297704 
 0.1205295569 0.1253358465 0.1295574523 
 0.1186489342 0.1236901571 0.1281312007 
 0.1168561823 0.1221197467 0.1267698533 
 0.1151758531 0.1206461399 0.1254919780 
 0.1136312212 0.1192899461 0.1243154645 
 0.1122437811 0.1180704036 0.1232571278 
 0.1110328287 0.1170049732 0.1223323390 
 0.1100151369 0.1161089957 0.1215546978 
 0.1092047219 0.1153954165 0.1209357536 
 0.1086126887 0.1148745776 0.1204847804 
 0.1082471385 0.1145540663 0.1202086034 
 0.1081131173 0.1144386151 0.1201114757 
 0.1082125882 0.1145300401 0.1201950014 
 0.1085444163 0.1148272130 0.1204581024 
 0.1091043609 0.1153260649 0.1208970289 
 0.1098850791 0.1160196228 0.1215054134 
 0.1108761532 0.1168980877 0.1222743741 
 0.1120641590 0.1179489624 0.1231926696 
 0.1134327970 0.1191572422 0.1242469097 
 0.1149631048 0.1205056744 0.1254218246 
 0.1166337655 0.1219750920 0.1267005878 
 0.1184215170 0.1235448173 0.1280651868 
 0.1203016545 0.1251931241 0.1294968282 
 0.1222486059 0.1268977371 0.1309763595 
 0.1242365482 0.1286363447 0.1324846877 
 0.1262400257 0.1303870930 0.1340031726 
 0.1282345298 0.1321290349 0.1355139759 
 0.1301970002 0.1338425083 0.1370003501 
 0.1321062215 0.1355094264 0.1384468577 
 0.1339430968 0.1371134734 0.1398395164 
 0.1356907955 0.1386402036 0.1411658731 
 0.1373347843 0.1400770558 0.1424150136 
 0.1388627584 0.1414132949 0.1435775194 
 0.1402644969 0.1426398983 0.1446453842 
 0.1415316666 0.1437494065 0.1456119027 
 0.1426575987 0.1447357532 0.1464715447 
 0.1436370574 0.1455940907 0.1472198241 
 0.1444660178 0.1463206204 0.1478531711 
 0.1451414630 0.1469124385 0.1483688150 
 0.1456612080 0.1473674006 0.1487646802 
 0.1460237551 0.1476840096 0.1490392997 
 0.1462281820 0.1478613286 0.1491917465 
 0.1462740619 0.1478989184 0.1492215853 
 0.1461614183 0.1477968012 0.1491288426 
 0.1458907103 0.1475554491 0.1489139977 
 0.1454628517 0.1471757978 0.1485779934 
 0.1448792616 0.1466592867 0.1481222658 
 0.1441419475 0.1460079222 0.1475487943 
 0.1432536219 0.1452243678 0.1468601699 
 0.1422178492 0.1443120568 0.1460596821 
 0.1410392234 0.1432753275 0.1451514207 
 0.1397235692 0.1421195754 0.1441403913 
 0.1382781606 0.1408514188 0.1430326381 
 0.1367119430 0.1394788661 0.1418353689 
 0.1350357434 0.1380114747 0.1405570722 
 0.1332624477 0.1364604870 0.1392076169 
 0.1314071220 0.1348389261 0.1377983232 
 0.1294870543 0.1331616336 0.1363419899 
 0.1275216953 0.1314452355 0.1348528688 
 0.1255324832 0.1297080211 0.1333465760 
 0.1235425486 0.1279697313 0.1318399320 
 0.1215763043 0.1262512554 0.1303507342 
 0.1196589404 0.1245742488 0.1288974620 
 0.1178158543 0.1229606878 0.1274989292 
 0.1160720526 0.1214323870 0.1261738977 
 0.1144515642 0.1200105069 0.1249406714 
 0.1129769003 0.1187150777 0.1238166915 
 0.1116685885 0.1175645648 0.1228181499 
 0.1105447970 0.1165754901 0.1219596387 
 0.1096210527 0.1157621207 0.1212538440 
 0.1089100463 0.1151362250 0.1207112914 
 0.1084215084 0.1147068916 0.1203401453 
 0.1081621381 0.1144804032 0.1201460586 
 0.1081355644 0.1144601548 0.1201320714 
 0.1083423254 0.1146466084 0.1202985543 
 0.1087798568 0.1150372796 0.1206431955 
 0.1094424879 0.1156267557 0.1211610305 
 0.1103214548 0.1164067504 0.1218445191 
 0.1114049438 0.1173662035 0.1226836711 
 0.1126781865 0.1184914365 0.1236662271 
 0.1141236259 0.1197663739 0.1247778961 
 0.1157211722 0.1211728372 0.1260026498 
 0.1174485574 0.1226909114 0.1273230688 
 0.1192817896 0.1242993780 0.1287207314 
 0.1211956919 0.1259761966 0.1301766284 
 0.1231645017 0.1276990145 0.1316715859 
 0.1251624924 0.1294456740 0.1331866753 
 0.1271645795 0.1311946895 0.1347035877 
 0.1291468674 0.1329256661 0.1362049576 
 0.1310871062 0.1346196391 0.1376746198 
 0.1329650322 0.1362593210 0.1390977953 
 0.1347625835 0.1378292519 0.1404612024 
 0.1364639919 0.1393158588 0.1417531000 
 0.1380557655 0.1407074334 0.1429632721 
 0.1395265821 0.1419940470 0.1440829636 
 0.1408671175 0.1431674176 0.1451047829 
 0.1420698341 0.1442207496 0.1460225825 
 0.1431287519 0.1451485598 0.1468313295 
 0.1440392197 0.1459465039 0.1475269753 
 0.1447977005 0.1466112138 0.1481063322 
 0.1454015805 0.1471401508 0.1485669613 
 0.1458490071 0.1475314809 0.1489070771 
 0.1461387595 0.1477839743 0.1491254685 
 0.1462701512 0.1478969294 0.1492214399 
 0.1462429666 0.1478701225 0.1491947709 
 0.1460574292 0.1477037827 0.1490456964 
 0.1457142035 0.1473985923 0.1487749068 
 0.1452144274 0.1469557125 0.1483835669 
 0.1445597788 0.1463768342 0.1478733558 
 0.1437525735 0.1456642540 0.1472465247 
 0.1427958959 0.1448209744 0.1465059746 
 0.1416937610 0.1438508273 0.1456553498 
 0.1404513031 0.1427586179 0.1446991469 
 0.1390749864 0.1415502839 0.1436428340 
 0.1375728270 0.1402330626 0.1424929757 
 0.1359546116 0.1388156567 0.1412573552 
 0.1342320954 0.1373083843 0.1399450855 
 0.1324191568 0.1357232981 0.1385666966 
 0.1305318844 0.1340742571 0.1371341884 
 0.1285885747 0.1323769327 0.1356610347 
 0.1266096212 0.1306487360 0.1341621296 
 0.1246172836 0.1289086551 0.1326536666 
 0.1226353385 0.1271770010 0.1311529470 
 0.1206886219 0.1254750658 0.1296781209 
 0.1188024910 0.1238247091 0.1282478659 
 0.1170022357 0.1222478919 0.1268810200 
 0.1153124815 0.1207661868 0.1255961831 
 0.1137566199 0.1194002890 0.1244113099 
 0.1123563000 0.1181695576 0.1233433107 
 0.1111310024 0.1170916045 0.1224076803 
 0.1100977075 0.1161819466 0.1216181666 
 0.1092706547 0.1154537254 0.1209864877 
 0.1086611824 0.1149174930 0.1205221026 
 0.1082776308 0.1145810577 0.1202320336 
 0.1081252875 0.1144493789 0.1201207390 
 0.1082063593 0.1145245038 0.1201900332 
 0.1085199555 0.1148055361 0.1204390494 
 0.1090620799 0.1152886380 0.1208642472 
 0.1098256329 0.1159670630 0.1214594628 
 0.1108004370 0.1168312312 0.1222160084 
 0.1119733011 0.1178688529 0.1231228227 
 0.1133281461 0.1190651135 0.1241666777 
 0.1148462102 0.1204029281 0.1253324426 
 0.1165063500 0.1218632689 0.1266034033 
 0.1182854421 0.1234255642 0.1279616294 
 0.1201588781 0.1250681557 0.1293883772 
 0.1221011361 0.1267687970 0.1308645110 
 0.1240863945 0.1285051650 0.1323709222 
 0.1260891520 0.1302553575 0.1338889258 
 0.1280848110 0.1319983455 0.1354006127 
 0.1300501865 0.1337143586 0.1368891446 
 0.1319639112 0.1353851817 0.1383389780 
 0.1338067188 0.1369943584 0.1397360158 
 0.1355616018 0.1385272976 0.1410676859 
 0.1372138509 0.1399712939 0.1423229563 
 0.1387509930 0.1413154741 0.1434922952 
 0.1401626519 0.1425506876 0.1445675904 
 0.1414403553 0.1436693592 0.1455420399 
 0.1425773130 0.1446653204 0.1464100265 
 0.1435681853 0.1455336342 0.1471669871 
 0.1444088601 0.1462704258 0.1478092847 
 0.1450962480 0.1468727263 0.1483340900 
 0.1456281043 0.1473383359 0.1487392759 
 0.1460028816 0.1476657101 0.1490233305 
 0.1462196153 0.1478538704 0.1491852863 
 0.1462778418 0.1479023400 0.1492246704 
 0.1461775496 0.1478111053 0.1491414736 
 0.1459191633 0.1475806028 0.1489361395 
 0.1455035595 0.1472117307 0.1486095735 
 0.1449321148 0.1467058867 0.1481631714 
 0.1442067870 0.1460650297 0.1475988676 
 0.1433302278 0.1452917679 0.1469192023 
 0.1423059291 0.1443894695 0.1461274064 
 0.1411383967 0.1433623961 0.1452275029 
 0.1398333511 0.1422158548 0.1442244209 
 0.1383979441 0.1409563612 0.1431241186 
 0.1368409817 0.1395918085 0.1419337075 
 0.1351731357 0.1381316267 0.1406615712 
 0.1334071243 0.1365869212 0.1393174670 
 0.1315578385 0.1349705720 0.1379125984 
 0.1296423914 0.1332972772 0.1364596473 
 0.1276800668 0.1315835243 0.1349727527 
 0.1256921540 0.1298474768 0.1334674267 
 0.1237016618 0.1281087693 0.1319604010 
 0.1217329171 0.1263882117 0.1304694040 
 0.1198110662 0.1247074123 0.1290128714 
 0.1179615091 0.1230883367 0.1276096021 
 0.1162093021 0.1215528276 0.1262783740 
 0.1145785686 0.1201221116 0.1250375394 
 0.1130919546 0.1188163217 0.1239046188 
 0.1117701560 0.1176540582 0.1228959132 
 0.1106315355 0.1166520052 0.1220261494 
 0.1096918339 0.1158246146 0.1213081706 
 0.1089639677 0.1151838557 0.1207526777 
 0.1084579014 0.1147390307 0.1203680243 
 0.1081805715 0.1144966439 0.1201600624 
 0.1081358470 0.1144603167 0.1201320378 
 0.1083245068 0.1146307399 0.1202845294 
 0.1087442277 0.1150056580 0.1206154334 
 0.1093895800 0.1155798843 0.1211199896 
 0.1102520385 0.1163453528 0.1217908542 
 0.1113200234 0.1172912141 0.1226182221 
 0.1125789906 0.1184039863 0.1235900030 
 0.1140115915 0.1196677710 0.1246920547 
 0.1155979219 0.1210645415 0.1259084732 
 0.1173158684 0.1225745042 0.1272219350 
 0.1191415557 0.1241765264 0.1286140833 
 0.1210498797 0.1258486154 0.1300659411 
 0.1230151031 0.1275684264 0.1315583345 
 0.1250114767 0.1293137714 0.1330723039 
 0.1270138483 0.1310630991 0.1345894823 
 0.1289982153 0.1327959192 0.1360924228 
 0.1309421893 0.1344931485 0.1375648618 
 0.1328253457 0.1361373648 0.1389919096 
 0.1346294495 0.1377129654 0.1403601675 
 0.1363385562 0.1392062325 0.1416577765 
 0.1379390019 0.1406053169 0.1428744049 
 0.1394193030 0.1419001572 0.1440011886 
 0.1407699885 0.1430823501 0.1450306349 
 0.1419833913 0.1441449914 0.1459565049 
 0.1430534192 0.1450825029 0.1467736845 
 0.1439753262 0.1458904581 0.1474780532 
 0.1447454959 0.1465654187 0.1480663609 
 0.1453612492 0.1471047864 0.1485361145 
 0.1458206794 0.1475066763 0.1488854805 
 0.1461225202 0.1477698148 0.1491132057 
 0.1462660461 0.1478934611 0.1492185559 
 0.1462510063 0.1478773555 0.1492012749 
 0.1460775904 0.1477216921 0.1490615624 
 0.1457464276 0.1474271173 0.1488000729 
 0.1452586172 0.1469947538 0.1484179333 
 0.1446157920 0.1464262488 0.1479167808 
 0.1438202140 0.1457238488 0.1472988200 
 0.1428749030 0.1448904975 0.1465668985 
 0.1417837955 0.1439299579 0.1457245993 
 0.1405519321 0.1428469546 0.1447763492 
 0.1391856668 0.1416473319 0.1437275368 
 0.1376928880 0.1403382211 0.1425846378 
 0.1360832383 0.1389282061 0.1413553372 
 0.1343683153 0.1374274757 0.1400486421 
 0.1325618293 0.1358479458 0.1386749709 
 0.1306796976 0.1342033350 0.1372462092 
 0.1287400489 0.1325091765 0.1357757183 
 0.1267631218 0.1307827518 0.1342782863 
 0.1247710432 0.1290429355 0.1327700123 
 0.1227874875 0.1273099475 0.1312681207 
 0.1208372274 0.1256050182 0.1297907065 
 0.1189456003 0.1239499792 0.1283564193 
 0.1171379227 0.1223668011 0.1269840982 
 0.1154388917 0.1208771035 0.1256923758 
 0.1138720128 0.1195016658 0.1244992705 
 0.1124590854 0.1182599652 0.1234217863 
 0.1112197699 0.1171697608 0.1224755391 
 0.1101712486 0.1162467413 0.1216744213 
 0.1093279782 0.1155042390 0.1210303156 
 0.1087015241 0.1149530110 0.1205528613 
 0.1083004588 0.1146010802 0.1202492723 
 0.1081303054 0.1144536271 0.1201242071 
 0.1081935072 0.1145129234 0.1201796841 
 0.1084894111 0.1147782985 0.1204150422 
 0.1090142580 0.1152461385 0.1208269438 
 0.1097611850 0.1159099170 0.1214094230 
 0.1107202474 0.1167602667 0.1221539798 
 0.1118784803 0.1177850986 0.1230497275 
 0.1132200180 0.1189697827 0.1240835946 
 0.1147262937 0.1202973959 0.1252405848 
 0.1163763321 0.1217490453 0.1265040920 
 0.1181471435 0.1233042608 0.1278562644 
 0.1200142131 0.1249414496 0.1292784056 
 0.1219520668 0.1266383915 0.1307513943 
 0.1239348833 0.1283727514 0.1322561056 
 0.1259371154 0.1301225777 0.1337738085 
 0.1279340772 0.1318667604 0.1352865237 
 0.1299024603 0.1335854212 0.1367773222 
 0.1318207470 0.1352602181 0.1382305555 
 0.1336695038 0.1368745556 0.1396320124 
 0.1354315484 0.1384136986 0.1409690033 
 0.1370919971 0.1398647989 0.1422303794 
 0.1386382105 0.1412168469 0.1434064970 
 0.1400596589 0.1424605655 0.1444891391 
 0.1413477323 0.1435882650 0.1454714080 
 0.1424955201 0.1445936756 0.1463476006 
 0.1434975803 0.1454717726 0.1471130779 
 0.1443497142 0.1462186056 0.1477641366 
 0.1450487611 0.1468311415 0.1482978893 
 0.1455924169 0.1473071261 0.1487121587 
 0.1459790856 0.1476449679 0.1490053884 
 0.1462077607 0.1478436478 0.1491765713 
 0.1462779425 0.1479026521 0.1492251978 
 0.1461895856 0.1478219324 0.1491512240 
 0.1459430811 0.1476018907 0.1489550586 
 0.1455392693 0.1472433887 0.1486375710 
 0.1449794863 0.1467477840 0.1482001181 
 0.1442656418 0.1461169901 0.1476445911 
 0.1434003300 0.1453535619 0.1469734812 
 0.1423869731 0.1444608056 0.1461899638 
 0.1412299934 0.1434429100 0.1452979977 
 0.1399350118 0.1423050972 0.1443024395 
 0.1385090644 0.1410537858 0.1432091649 
 0.1369608245 0.1396967591 0.1420251943 
 0.1353008165 0.1382433262 0.1407588118 
 0.1335415994 0.1367044624 0.1394196680 
 0.1316978985 0.1350929121 0.1380188564 
 0.1297866604 0.1334232370 0.1365689480 
 0.1278270107 0.1317117937 0.1350839750 
 0.1258400979 0.1299766266 0.1335793515 
 0.1238488155 0.1282372704 0.1320717256 
 0.1218774095 0.1265144602 0.1305787615 
 0.1199509859 0.1248297611 0.1291188547 
 0.1180949488 0.1232051303 0.1277107917 
 0.1163344036 0.1216624393 0.1263733680 
 0.1146935663 0.1202229804 0.1251249843 
 0.1131952139 0.1189069871 0.1239832397 
 0.1118602062 0.1177331915 0.1229645420 
 0.1107070947 0.1167184361 0.1220837497 
 0.1097518274 0.1158773519 0.1213538594 
 0.1090075405 0.1152221043 0.1207857428 
 0.1084844250 0.1147622027 0.1203879373 
 0.1081896483 0.1145043666 0.1201664887 
 0.1081273119 0.1144524374 0.1201248423 
 0.1082984285 0.1146073279 0.1202637796 
 0.1087009090 0.1149670044 0.1205813983 
 0.1093295572 0.1155264996 0.1210731360 
 0.1101760798 0.1162779609 0.1217318394 
 0.1112291238 0.1172107431 0.1225478821 
 0.1124743627 0.1183115546 0.1235093373 
 0.1138946501 0.1195646683 0.1246022063 
 0.1154702613 0.1209522039 0.1258107044 
 0.1171792328 0.1224544846 0.1271176001 
 0.1189978018 0.1240504598 0.1285045976 
 0.1209009338 0.1257181814 0.1299527497 
 0.1228629143 0.1274353105 0.1314428801 
 0.1248579708 0.1291796272 0.1329559970 
 0.1268608827 0.1309295141 0.1344736743 
 0.1288475407 0.1326643856 0.1359783839 
 0.1307954185 0.1343650399 0.1374537633 
 0.1326839321 0.1360139214 0.1388848128 
 0.1344946745 0.1375952852 0.1402580175 
 0.1362115263 0.1390952698 0.1415614010 
 0.1378206530 0.1405018864 0.1427845172 
 0.1393104111 0.1418049421 0.1439183937 
 0.1406711843 0.1429959135 0.1449554379 
 0.1418951768 0.1440677889 0.1458893204 
 0.1429761857 0.1450148959 0.1467148466 
 0.1439093709 0.1458327272 0.1474278255 
 0.1446910380 0.1465177750 0.1480249453 
 0.1453184432 0.1470673823 0.1485036592 
 0.1457896263 0.1474796144 0.1488620870 
 0.1461032767 0.1477531543 0.1490989341 
 0.1462586307 0.1478872233 0.1492134288 
 0.1462554030 0.1478815264 0.1492052796 
 0.1460937504 0.1477362238 0.1490746523 
 0.1457742682 0.1474519273 0.1488221665 
 0.1452980183 0.1470297222 0.1484489127 
 0.1446665902 0.1464712140 0.1479564878 
 0.1438821947 0.1457786010 0.1473470515 
 0.1429477895 0.1449547707 0.1466234001 
 0.1418672364 0.1440034200 0.1457890583 
 0.1406454867 0.1429291967 0.1448483859 
 0.1392887890 0.1417378559 0.1438066956 
 0.1378049099 0.1404364275 0.1426703781 
 0.1362033552 0.1390333824 0.1414470250 
 0.1344955717 0.1375387862 0.1401455422 
 0.1326951099 0.1359644242 0.1387762417 
 0.1308177237 0.1343238812 0.1373509006 
 0.1288813820 0.1326325591 0.1358827731 
 0.1269061756 0.1309076160 0.1343865466 
 0.1249141051 0.1291678187 0.1328782309 
 0.1229287480 0.1274333010 0.1313749777 
 0.1209748173 0.1257252353 0.1298948308 
 0.1190776325 0.1240654280 0.1284564143 
 0.1172625368 0.1224758602 0.1270785701 
 0.1155542981 0.1209781986 0.1257799643 
 0.1139765329 0.1195933057 0.1245786784 
 0.1125511870 0.1183407740 0.1234918090 
 0.1112980959 0.1172385069 0.1225350905 
 0.1102346386 0.1163023608 0.1217225571 
 0.1093754833 0.1155458541 0.1210662525 
 0.1087324163 0.1149799439 0.1205759920 
 0.1083142368 0.1146128624 0.1202591770 
 0.1081266973 0.1144500061 0.1201206611 
 0.1081724719 0.1144938654 0.1201626619 
 0.1084511389 0.1147439900 0.1203847188 
 0.1089591713 0.1151969844 0.1207836925 
 0.1096899367 0.1158465373 0.1213538096 
 0.1106337183 0.1166834885 0.1220867536 
 0.1117777722 0.1176959454 0.1229718075 
 0.1131064418 0.1188694573 0.1239960525 
 0.1146013505 0.1201872598 0.1251446227 
 0.1162416877 0.1216305907 0.1264010170 
 0.1180045947 0.1231790790 0.1277474595 
 0.1198656478 0.1248111949 0.1291652982 
 0.1217994189 0.1265047431 0.1306354253 
 0.1237800863 0.1282373745 0.1321386974 
 0.1257820563 0.1299870881 0.1336563375 
 0.1277805548 0.1317326923 0.1351702949 
 0.1297521500 0.1334542008 0.1366635499 
 0.1316751745 0.1351331447 0.1381203489 
 0.1335300281 0.1367527899 0.1395263667 
 0.1352993538 0.1382982575 0.1408687964 
 0.1369680944 0.1397565572 0.1421363727 
 0.1385234446 0.1411165431 0.1433193403 
 0.1399547216 0.1423688122 0.1444093779 
 0.1412531782 0.1435055607 0.1453994925 
 0.1424117841 0.1445204183 0.1462838956 
 0.1434249950 0.1454082727 0.1470578730 
 0.1442885266 0.1461650988 0.1477176553 
 0.1449991469 0.1467877997 0.1482602978 
 0.1455544936 0.1472740673 0.1486835736 
 0.1459529219 0.1476222642 0.1489858822 
 0.1461933850 0.1478313308 0.1491661778 
 0.1462753471 0.1479007175 0.1492239148 
 0.1461987301 0.1478303420 0.1491590151 
 0.1459638922 0.1476205725 0.1489718538 
 0.1455716390 0.1472722355 0.1486632651 
 0.1450232673 0.1467866497 0.1482345681 
 0.1443206403 0.1461656846 0.1476876123 
 0.1434662970 0.1454118439 0.1470248417 
 0.1424635923 0.1445283737 0.1462493775 
 0.1413168680 0.1435193925 0.1453651169 
 0.1400316491 0.1423900405 0.1443768460 
 0.1386148597 0.1411466424 0.1432903614 
 0.1370750454 0.1397968756 0.1421125950 
 0.1354225882 0.1383499322 0.1408517345 
 0.1336698932 0.1368166616 0.1395173281 
 0.1318315248 0.1352096772 0.1381203622 
 0.1299242689 0.1335434087 0.1366733008 
 0.1279670976 0.1318340856 0.1351900726 
 0.1259810222 0.1300996371 0.1336859970 
 0.1239888244 0.1283595006 0.1321776412 
 0.1220146712 0.1266343392 0.1306826072 
 0.1200836293 0.1249456756 0.1292192520 
 0.1182211062 0.1233154593 0.1278063504 
 0.1164522554 0.1217655900 0.1264627156 
 0.1148013832 0.1203174246 0.1252067962 
 0.1132913946 0.1189912954 0.1240562687 
 0.1119433096 0.1178060634 0.1230276459 
 0.1107758650 0.1167787267 0.1221359163 
 0.1098052122 0.1159240928 0.1213942272 
 0.1090447030 0.1152545194 0.1208136184 
 0.1085047513 0.1147797202 0.1204028086 
 0.1081927518 0.1145066265 0.1201680347 
 0.1081130353 0.1144392966 0.1201129386 
 0.1082668447 0.1145788625 0.1202385015 
 0.1086523222 0.1149235095 0.1205430204 
 0.1092645026 0.1154684867 0.1210221283 
 0.1100953218 0.1162061529 0.1216688598 
 0.1111336516 0.1171260651 0.1224737660 
 0.1123653813 0.1182151202 0.1234250815 
 0.1137735655 0.1194577610 0.1245089500 
 0.1153386585 0.1208362532 0.1257097052 
 0.1170388462 0.1223310360 0.1270102067 
 0.1188504785 0.1239211408 0.1283922198 
 0.1207485909 0.1255846642 0.1298368263 
 0.1227074930 0.1272992734 0.1313248481 
 0.1247013892 0.1290427174 0.1328372607 
 0.1267049918 0.1307933126 0.1343555793 
 0.1286940853 0.1325303781 0.1358621940 
 0.1306460057 0.1342345942 0.1373406438 
 0.1325400096 0.1358882712 0.1387758186 
 0.1343575179 0.1374755220 0.1401540870 
 0.1360822356 0.1389823409 0.1414633547 
 0.1377001573 0.1403965989 0.1426930611 
 0.1391994785 0.1417079712 0.1438341248 
 0.1405704367 0.1429078135 0.1448788530 
 0.1418051071 0.1439890063 0.1458208256 
 0.1428971751 0.1449457827 0.1466547671 
 0.1438417063 0.1457735539 0.1473764158 
 0.1446349279 0.1464687429 0.1479823982 
 0.1452740309 0.1470286340 0.1484701139 
 0.1457570023 0.1474512423 0.1488376361 
 0.1460824869 0.1477352081 0.1490836288 
 0.1462496830 0.1478797146 0.1492072831 
 0.1462582715 0.1478844324 0.1492082729 
 0.1461083769 0.1477494881 0.1490867303 
 0.1458005612 0.1474754595 0.1488432407 
 0.1453358497 0.1470633952 0.1484788586 
 0.1447157901 0.1465148600 0.1479951415 
 0.1439425428 0.1458320048 0.1473942051 
 0.1430190050 0.1450176623 0.1466787954 
 0.1419489653 0.1440754648 0.1458523796 
 0.1407372876 0.1430099843 0.1449192518 
 0.1393901170 0.1418268884 0.1438846502 
 0.1379151007 0.1405331075 0.1427548819 
 0.1363216093 0.1391370009 0.1415374460 
 0.1346209410 0.1376485127 0.1402411487 
 0.1328264884 0.1360792989 0.1388761968 
 0.1309538431 0.1344428119 0.1374542597 
 0.1290208151 0.1327543226 0.1359884854 
 0.1270473479 0.1310308667 0.1344934609 
 0.1250553148 0.1292911025 0.1329851064 
 0.1230681955 0.1275550772 0.1314805008 
 0.1211106414 0.1258439038 0.1299976358 
 0.1192079517 0.1241793620 0.1285551087 
 0.1173854938 0.1225834413 0.1271717630 
 0.1156681031 0.1210778536 0.1258662964 
 0.1140795048 0.1196835419 0.1246568520 
 0.1126417884 0.1184202121 0.1235606171 
 0.1113749626 0.1173059100 0.1225934431 
 0.1102966009 0.1163566577 0.1217695046 
 0.1094215816 0.1155861588 0.1211010050 
 0.1087619114 0.1150055690 0.1205979347 
 0.1083266152 0.1146233297 0.1202678820 
 0.1081216745 0.1144450524 0.1201158951 
 0.1081499944 0.1144734468 0.1201443913 
 0.1084113848 0.1147082826 0.1203531105 
 0.1089025512 0.1151463840 0.1207391125 
 0.1096170931 0.1157816552 0.1212968173 
 0.1105455226 0.1166051450 0.1220180930 
 0.1116753187 0.1176051585 0.1228923946 
 0.1129910361 0.1187674272 0.1239069574 
 0.1144744916 0.1200753473 0.1250470485 
 0.1161050423 0.1215102907 0.1262962739 
 0.1178599643 0.1230519883 0.1276369361 
 0.1197149284 0.1246789762 0.1290504304 
 0.1216445566 0.1263690866 0.1305176637 
 0.1236230300 0.1280999596 0.1320194768 
 0.1256247111 0.1298495463 0.1335370476 
 0.1276247398 0.1315965748 0.1350522554 
 0.1295995620 0.1333209519 0.1365479900 
 0.1315273611 0.1350040819 0.1380083926 
 0.1333883695 0.1366290913 0.1394190239 
 0.1351650546 0.1381809568 0.1407669585 
 0.1368421841 0.1396465442 0.1420408141 
 0.1384067847 0.1410145703 0.1432307222 
 0.1398480183 0.1422755041 0.1443282561 
 0.1411569985 0.1434214264 0.1453263261 
 0.1423265733 0.1444458647 0.1462190574 
 0.1433510944 0.1453436179 0.1470016591 
 0.1442261902 0.1461105847 0.1476702951 
 0.1449485566 0.1467436039 0.1482219627 
 0.1455157718 0.1472403125 0.1486543845 
 0.1459261419 0.1475990265 0.1489659159 
 0.1461785789 0.1478186460 0.1491554714 
 0.1462725114 0.1478985849 0.1492224699 
 0.1462078281 0.1478387270 0.1491667988 
 0.1459848548 0.1476394070 0.1489887994 
 0.1456043627 0.1473014162 0.1486892709 
 0.1450676093 0.1468260348 0.1482694949 
 0.1443764123 0.1462150884 0.1477312791 
 0.1435332557 0.1454710299 0.1470770205 
 0.1425414275 0.1445970456 0.1463097864 
 0.1414051893 0.1435971837 0.1454334123 
 0.1401299705 0.1424765028 0.1444526138 
 0.1387225831 0.1412412332 0.1433731076 
 0.1371914443 0.1398989459 0.1422017372 
 0.1355467925 0.1384587150 0.1409465929 
 0.1338008772 0.1369312629 0.1396171188 
 0.1319680998 0.1353290696 0.1382241931 
 0.1300650818 0.1336664302 0.1367801704 
 0.1281106380 0.1319594443 0.1352988734 
 0.1261256379 0.1302259217 0.1337955236 
 0.1241327460 0.1284851985 0.1322866040 
 0.1221560450 0.1267578612 0.1307896508 
 0.1202205566 0.1250653858 0.1293229787 
 0.1183516870 0.1234297095 0.1279053470 
 0.1165746333 0.1218727563 0.1265555833 
 0.1149137882 0.1204159442 0.1252921810 
 0.1133921828 0.1190797015 0.1241328914 
 0.1120309957 0.1178830170 0.1230943307 
 0.1108491488 0.1168430431 0.1221916161 
 0.1098629975 0.1159747638 0.1214380453 
 0.1090861109 0.1152907301 0.1208448267 
 0.1085291281 0.1148008615 0.1204208615 
 0.1081996736 0.1145123035 0.1201725791 
 0.1081023104 0.1144293339 0.1201038209 
 0.1082385155 0.1145533068 0.1202157705 
 0.1086066658 0.1148826305 0.1205069275 
 0.1092020311 0.1154127747 0.1209731243 
 0.1100167811 0.1161363141 0.1216075882 
 0.1110400175 0.1170430128 0.1224010520 
 0.1122578509 0.1181199620 0.1233419173 
 0.1136535430 0.1193517802 0.1244164753 
 0.1152077337 0.1207208851 0.1256091838 
 0.1168987655 0.1222078383 0.1269029989 
 0.1187031079 0.1237917593 0.1282797522 
 0.1205958736 0.1254507954 0.1297205596 
 0.1225514024 0.1271626252 0.1312062449 
 0.1245438813 0.1289049702 0.1327177550 
 0.1265479596 0.1306560848 0.1342365486 
 0.1285393186 0.1323951948 0.1357449359 
 0.1304951586 0.1341028634 0.1372263583 
 0.1323945767 0.1357612671 0.1386655952 
 0.1342188209 0.1373543755 0.1400488979 
 0.1359514185 0.1388680374 0.1413640534 
 0.1375781904 0.1402899813 0.1426003843 
 0.1390871682 0.1416097480 0.1437486988 
 0.1404684400 0.1428185698 0.1448012016 
 0.1417139485 0.1439092167 0.1457513798 
 0.1428172646 0.1448758250 0.1465938755 
 0.1437733568 0.1457137224 0.1473243543 
 0.1445783713 0.1464192605 0.1479393793 
 0.1452294327 0.1469896631 0.1484362954 
 0.1457244727 0.1474228943 0.1488131278 
 0.1460620908 0.1477175502 0.1490684982 
 0.1462414466 0.1478727755 0.1492015599 
 0.1462621864 0.1478882052 0.1492119513 
 0.1461244018 0.1477639323 0.1490997703 
 0.1458286215 0.1475005000 0.1488655678 
 0.1453758343 0.1470989201 0.1485103619 
 0.1447675454 0.1465607162 0.1480356703 
 0.1440058649 0.1458879918 0.1474435640 
 0.1430936291 0.1450835239 0.1467367383 
 0.1420345528 0.1441508794 0.1459186021 
 0.1408334113 0.1430945538 0.1449933828 
 0.1394962446 0.1419201258 0.1439662426 
 0.1380305782 0.1406344237 0.1428434029 
 0.1364456442 0.1392456929 0.1416322683 
 0.1347525882 0.1377637522 0.1403415422 
 0.1329646394 0.1362001244 0.1389813227 
 0.1310972208 0.1345681240 0.1375631672 
 0.1291679762 0.1328828852 0.1361001123 
 0.1271966933 0.1311613141 0.1346066392 
 0.1252051099 0.1294219537 0.1330985730 
 0.1232165985 0.1276847568 0.1315929131 
 0.1212557403 0.1259707701 0.1301075930 
 0.1193478067 0.1243017391 0.1286611772 
 0.1175181822 0.1226996558 0.1272725055 
 0.1157917651 0.1211862720 0.1259603021 
 0.1141923856 0.1197826076 0.1247427683 
 0.1127422758 0.1185084796 0.1236371790 
 0.1114616173 0.1173820748 0.1226595015 
 0.1103681803 0.1164195823 0.1218240503 
 0.1094770567 0.1156348919 0.1211431895 
 0.1088004771 0.1150393616 0.1206270866 
 0.1083476975 0.1146416451 0.1202835198 
 0.1081249337 0.1144475740 0.1201177359 
 0.1081353272 0.1144600821 0.1201323563 
 0.1083789261 0.1146791655 0.1203273268 
 0.1088526744 0.1151018739 0.1206999121 
 0.1095504099 0.1157223341 0.1212447324 
 0.1104628811 0.1165318109 0.1219538473 
 0.1115777974 0.1175188151 0.1228168910 
 0.1128799331 0.1186692685 0.1238212609 
 0.1143513074 0.1199667366 0.1249523648 
 0.1159714543 0.1213927339 0.1261939238 
 0.1177177943 0.1229271021 0.1275283264 
 0.1195661025 0.1245484514 0.1289370221 
 0.1214910597 0.1262346494 0.1304009397 
 0.1234668580 0.1279633318 0.1319009093 
 0.1254678230 0.1297124076 0.1334180681 
 0.1274690136 0.1314605286 0.1349342290 
 0.1294467573 0.1331874974 0.1364321933 
 0.1313790896 0.1348745926 0.1378959982 
 0.1332460756 0.1365048013 0.1393110899 
 0.1350300059 0.1380629544 0.1406644241 
 0.1367154702 0.1395357721 0.1419444992 
 0.1382893241 0.1409118307 0.1431413319 
 0.1397405702 0.1421814686 0.1442463874 
 0.1410601790 0.1433366479 0.1452524772 
 0.1422408729 0.1443707906 0.1461536373 
 0.1432768958 0.1452786038 0.1469449981 
 