0.1157469926 0.1201400143 0.1243235146 
 0.1177707550 0.1220184026 0.1260498855 
 0.1194530509 0.1235774945 0.1274812376 
 0.1207861515 0.1248114849 0.1286131183 
 0.1217651637 0.1257167999 0.1294428355 
 0.1223872186 0.1262914180 0.1299689046 
 0.1226508579 0.1265343642 0.1301906422 
 0.1225556385 0.1264453869 0.1301079080 
 0.1221019617 0.1260248199 0.1297209950 
 0.1212911306 0.1252736276 0.1290306649 
 0.1201256306 0.1241936340 0.1280383299 
 0.1186096324 0.1227879336 0.1267463814 
 0.1167496993 0.1210614788 0.1251586641 
 0.1145556711 0.1190218265 0.1232810873 
 0.1120416646 0.1166800076 0.1211223524 
 0.1092270981 0.1140514549 0.1186947531 
 0.1061376082 0.1111568939 0.1160149830 
 0.1028056962 0.1080230685 0.1131048548 
 0.0992709318 0.1046831564 0.1099918170 
 0.0955795643 0.1011767306 0.1067091437 
 0.0917834573 0.0975491619 0.1032956931 
 0.0879383655 0.0938504258 0.0997951673 
 0.0841016927 0.0901333732 0.0962548797 
 0.0803299736 0.0864516225 0.0927241117 
 0.0766763911 0.0828573106 0.0892522213 
 0.0731886324 0.0793989708 0.0858867120 
 0.0699073266 0.0761197861 0.0826714851 
 0.0668651935 0.0730563931 0.0796454625 
 0.0640869139 0.0702383169 0.0768417017 
 0.0615896271 0.0676880149 0.0742870440 
 0.0593838965 0.0654214312 0.0720022567 
 0.0574749581 0.0634489152 0.0700025766 
 0.0558640823 0.0617763478 0.0682985251 
 0.0545499071 0.0604063291 0.0668968667 
 0.0535296446 0.0593393144 0.0658015883 
 0.0528001003 0.0585746134 0.0650148054 
 0.0523584742 0.0581112009 0.0645375251 
 0.0522029331 0.0579483104 0.0643702172 
 0.0523329534 0.0580857941 0.0645131680 
 0.0527494379 0.0585242456 0.0649665992 
 0.0534546058 0.0592648814 0.0657305486 
 0.0544516552 0.0603091831 0.0668045151 
 0.0557441937 0.0616583033 0.0681868813 
 0.0573354355 0.0633122491 0.0698741406 
 0.0592271746 0.0652688703 0.0718599740 
 0.0614185638 0.0675227047 0.0741342480 
 0.0639047589 0.0700637640 0.0766820291 
 0.0666755283 0.0728763762 0.0794827373 
 0.0697139686 0.0759382331 0.0825095752 
 0.0729955041 0.0792198063 0.0857293634 
 0.0764873588 0.0826842810 0.0891028837 
 0.0801486669 0.0862881157 0.0925857703 
 0.0839313230 0.0899822502 0.0961299130 
 0.0877815652 0.0937138867 0.0996852471 
 0.0916421599 0.0974286605 0.1032017370 
 0.0954549421 0.1010729499 0.1066313259 
 0.0991633964 0.1045960436 0.1099296310 
 0.1027149603 0.1079519225 0.1130572186 
 0.1060627952 0.1111004910 0.1159803709 
 0.1091668828 0.1140081947 0.1186713392 
 0.1119944263 0.1166480624 0.1211081502 
 0.1145196429 0.1189992817 0.1232740777 
 0.1167231021 0.1210464549 0.1251569038 
 0.1185907867 0.1227786866 0.1267480910 
 0.1201130449 0.1241886330 0.1280419614 
 0.1212835670 0.1252716120 0.1290349514 
 0.1220984824 0.1260248397 0.1297249853 
 0.1225556359 0.1264468288 0.1301109895 
 0.1226540726 0.1265369668 0.1301925542 
 0.1223937460 0.1262952780 0.1299697439 
 0.1217754521 0.1257223702 0.1294430541 
 0.1208009897 0.1248195639 0.1286135150 
 0.1194735445 0.1235892060 0.1274829397 
 0.1177982884 0.1220351629 0.1260543212 
 0.1157831737 0.1201634839 0.1243323706 
 0.1134398792 0.1179832109 0.1223241859 
 0.1107848361 0.1155072840 0.1200400194 
 0.1078402213 0.1127534666 0.1174940913 
 0.1046347711 0.1097451774 0.1147053700 
 0.1012042450 0.1065120918 0.1116982127 
 0.0975913722 0.1030903648 0.1085027470 
 0.0938451566 0.0995223452 0.1051548735 
 0.0900194999 0.0958557029 0.1016957995 
 0.0861712150 0.0921419763 0.0981710666 
 0.0823576217 0.0884346433 0.0946291146 
 0.0786340054 0.0847869162 0.0911194999 
 0.0750512549 0.0812495182 0.0876909588 
 0.0716539619 0.0778687063 0.0843895338 
 0.0684791774 0.0746847620 0.0812569771 
 0.0655558980 0.0717310816 0.0783295895 
 0.0629052415 0.0690338998 0.0756375806 
 0.0605411817 0.0666125836 0.0732049529 
 0.0584716666 0.0644803743 0.0710498432 
 0.0566999391 0.0626454201 0.0691852070 
 0.0552259004 0.0611119474 0.0676197158 
 0.0540473944 0.0598814367 0.0663587383 
 0.0531613337 0.0589537040 0.0654052967 
 0.0525646209 0.0583278182 0.0647609136 
 0.0522548444 0.0580028143 0.0644262913 
 0.0522307457 0.0579781806 0.0644017858 
 0.0524924570 0.0582541100 0.0646876533 
 0.0530415141 0.0588315116 0.0652840595 
 0.0538806421 0.0597117822 0.0661908514 
 0.0550133115 0.0608963383 0.0674070970 
 0.0564430611 0.0623859176 0.0689304136 
 0.0581725898 0.0641796679 0.0707561193 
 0.0602026351 0.0662740612 0.0728762628 
 0.0625306806 0.0686616997 0.0752786155 
 0.0651495694 0.0713301108 0.0779457338 
 0.0680461422 0.0742606648 0.0808542227 
 0.0712000609 0.0774277716 0.0839743367 
 0.0745830026 0.0807985188 0.0872700401 
 0.0781584080 0.0843328846 0.0906996013 
 0.0818819258 0.0879845992 0.0942167306 
 0.0857026089 0.0917026328 0.0977721806 
 0.0895647985 0.0954331835 0.1013156533 
 0.0934105085 0.0991219471 0.1047977960 
 0.0971820252 0.1027163942 0.1081720587 
 0.1008243978 0.1061677869 0.1113962122 
 0.1042875215 0.1094327208 0.1144333948 
 0.1075276083 0.1124740753 0.1172526376 
 0.1105079579 0.1152613562 0.1198289007 
 0.1131990630 0.1177705060 0.1221427101 
 0.1155781711 0.1199833135 0.1241795167 
 0.1176284730 0.1218865739 0.1259289026 
 0.1193380943 0.1234711444 0.1273837465 
 0.1206990447 0.1247310117 0.1285394306 
 0.1217062408 0.1256624540 0.1293931464 
 0.1223566801 0.1262633487 0.1299433315 
 0.1226488111 0.1265326532 0.1301892511 
 0.1225821199 0.1264700665 0.1301307284 
 0.1221569423 0.1260758773 0.1297680231 
 0.1213745021 0.1253509938 0.1291018551 
 0.1202371746 0.1242971588 0.1281335749 
 0.1187489719 0.1229173459 0.1268654803 
 0.1169162347 0.1212163331 0.1253012790 
 0.1147485038 0.1192014375 0.1234466897 
 0.1122595139 0.1168833769 0.1213101608 
 0.1094682204 0.1142771962 0.1189036673 
 0.1063997305 0.1114031648 0.1162435204 
 0.1030859778 0.1082875212 0.1133510981 
 0.0995659672 0.1049629184 0.1102533819 
 0.0958854382 0.1014684264 0.1069831778 
 0.0920958544 0.0978489824 0.1035789118 
 0.0882527308 0.0941542444 0.1000839315 
 0.0844134247 0.0904369010 0.0965453108 
 0.0806346304 0.0867505866 0.0930122349 
 0.0769698812 0.0831476335 0.0895341220 
 0.0734673693 0.0796769313 0.0861586878 
 0.0701683297 0.0763821417 0.0829301755 
 0.0671061309 0.0733004547 0.0798879433 
 0.0643060886 0.0704619720 0.0770655382 
 0.0617859189 0.0678897048 0.0744903011 
 0.0595566720 0.0656000922 0.0721834727 
 0.0576239648 0.0636038957 0.0701607080 
 0.0559893394 0.0619073143 0.0684328757 
 0.0546516017 0.0605131717 0.0670070082 
 0.0536080416 0.0594220599 0.0658872834 
 0.0528554678 0.0586333509 0.0650759396 
 0.0523910273 0.0581460245 0.0645740512 
 0.0522127961 0.0579592788 0.0643821167 
 0.0523201400 0.0580729102 0.0645004302 
 0.0527138491 0.0584874539 0.0649292192 
 0.0533960461 0.0592040855 0.0656685445 
 0.0543698673 0.0602242816 0.0667179631 
 0.0556389109 0.0615492445 0.0680759683 
 0.0572064530 0.0631791020 0.0697392305 
 0.0590744377 0.0651119102 0.0717016846 
 0.0612422697 0.0673425078 0.0739535305 
 0.0637054665 0.0698613027 0.0764802430 
 0.0664542660 0.0726531052 0.0792617096 
 0.0694723282 0.0756961545 0.0822716334 
 0.0727357059 0.0789614994 0.0854773325 
 0.0762122728 0.0824128874 0.0888400405 
 0.0798617794 0.0860072725 0.0923157557 
 0.0836366437 0.0896959748 0.0958566065 
 0.0874834797 0.0934264198 0.0994126169 
 0.0913452418 0.0971442883 0.1029336831 
 0.0951637486 0.1007958241 0.1063715329 
 0.0988822713 0.1043300219 0.1096814479 
 0.1024478693 0.1077004467 0.1128235760 
 0.1058132098 0.1108665114 0.1157637385 
 0.1089377189 0.1137941425 0.1184737223 
 0.1117880356 0.1164558642 0.1209311180 
 0.1143378473 0.1188304057 0.1231188129 
 0.1165672574 0.1209019768 0.1250242652 
 0.1184618619 0.1226593636 0.1266386788 
 0.1200117049 0.1240949770 0.1279561794 
 0.1212102491 0.1252039557 0.1289730615 
 0.1220534616 0.1259833908 0.1296871521 
 0.1225390738 0.1264317107 0.1300973128 
 0.1226660500 0.1265482451 0.1302030903 
 0.1224342771 0.1263329724 0.1300045150 
 0.1218444809 0.1257864514 0.1295020465 
 0.1208983684 0.1249099364 0.1286966647 
 0.1195989943 0.1237056758 0.1275901076 
 0.1179513433 0.1221773913 0.1261852551 
 0.1159631099 0.1203309283 0.1244866572 
 0.1136456347 0.1181750545 0.1225011925 
 0.1110149271 0.1157223608 0.1202388290 
 0.1080926658 0.1129901883 0.1177134369 
 0.1049070337 0.1100014719 0.1149435744 
 0.1014932158 0.1067853662 0.1119531444 
 0.0978933928 0.1033775040 0.1087718007 
 0.0941561008 0.0998197548 0.1054349856 
 0.0903349082 0.0961594013 0.1019835030 
 0.0864864733 0.0924477305 0.0984625874 
 0.0826681643 0.0887381378 0.0949205013 
 0.0789355178 0.0850839351 0.0914067759 
 0.0753398512 0.0815361195 0.0879702793 
 0.0719263168 0.0781413672 0.0846573302 
 0.0687326005 0.0749404809 0.0815100725 
 0.0657883504 0.0719674294 0.0785652745 
 0.0631152995 0.0692490208 0.0758536469 
 0.0607279621 0.0668051549 0.0733996858 
 0.0586347277 0.0646495339 0.0712219807 
 0.0568391714 0.0627906777 0.0693338763 
 0.0553414184 0.0612330882 0.0677443565 
 0.0541394385 0.0599784297 0.0664590235 
 0.0532301864 0.0590266198 0.0654810587 
 0.0526105403 0.0583767620 0.0648120811 
 0.0522780168 0.0580278758 0.0644528410 
 0.0522312551 0.0579794029 0.0644037115 
 0.0524702736 0.0582314768 0.0646649533 
 0.0529965008 0.0587849536 0.0652367433 
 0.0538125784 0.0596412029 0.0661189646 
 0.0549219363 0.0608016583 0.0673107646 
 0.0563281333 0.0622671366 0.0688098991 
 0.0580339675 0.0640369427 0.0706118958 
 0.0600403700 0.0661077957 0.0727090919 
 0.0623451241 0.0684726403 0.0750896253 
 0.0649414821 0.0711194387 0.0777364878 
 0.0678167968 0.0740300739 0.0806267680 
 0.0709513246 0.0771795185 0.0837312215 
 0.0743173832 0.0805354333 0.0870142919 
 0.0778790513 0.0840583316 0.0904346621 
 0.0815925556 0.0877023895 0.0939463507 
 0.0854074081 0.0914168876 0.0975002816 
 0.0892682418 0.0951481668 0.1010461729 
 0.0931171648 0.0988418842 0.1045345343 
 0.0968963544 0.1024453002 0.1079185428 
 0.1005505671 0.1059093233 0.1111555923 
 0.1040292624 0.1091900948 0.1142083802 
 0.1072881255 0.1122499866 0.1170454730 
 0.1102898933 0.1150579900 0.1196413782 
 0.1130045083 0.1175895633 0.1219762083 
 0.1154087173 0.1198260673 0.1240350571 
 0.1174852819 0.1217539399 0.1258072139 
 0.1192219808 0.1233637552 0.1272853291 
 0.1206105571 0.1246492871 0.1284646153 
 0.1216457322 0.1256066613 0.1293421440 
 0.1223243661 0.1262336510 0.1299162720 
 0.1226448114 0.1265291431 0.1301862108 
 0.1226064821 0.1264927863 0.1301517459 
 0.1222096480 0.1261248232 0.1298131030 
 0.1214554552 0.1254261073 0.1291709610 
 0.1203461718 0.1243983024 0.1282266102 
 0.1188856558 0.1230442644 0.1269822576 
 0.1170800311 0.1213686017 0.1254414777 
 0.1149385465 0.1193783977 0.1236098031 
 0.1124745620 0.1170840638 0.1214954352 
 0.1097065780 0.1145002638 0.1191100363 
 0.1066591784 0.1116468176 0.1164695412 
 0.1033637327 0.1085494629 0.1135948982 
 0.0998586813 0.1052403301 0.1105126251 
 0.0961892492 0.1017579850 0.1072550603 
 0.0924064918 0.0981469256 0.1038601955 
 0.0885656710 0.0944564835 0.1003710178 
 0.0847240826 0.0907391727 0.0968343524 
 0.0809385639 0.0870486293 0.0932992774 
 0.0772629841 0.0834373675 0.0898152593 
 0.0737460283 0.0799546205 0.0864302141 
 0.0704295302 0.0766445196 0.0831887169 
 0.0673475033 0.0735448025 0.0801305555 
 0.0645258996 0.0706861458 0.0772897623 
 0.0619830159 0.0680921164 0.0746941770 
 0.0597303958 0.0657796524 0.0723655156 
 0.0577740451 0.0637599336 0.0703198558 
 0.0561157851 0.0620394839 0.0685684184 
 0.0547545978 0.0606213579 0.0671185095 
 0.0536878575 0.0595062905 0.0659745038 
 0.0529123820 0.0586937219 0.0651387674 
 0.0524252702 0.0581826410 0.0646124461 
 0.0522245103 0.0579722141 0.0643960696 
 0.0523093593 0.0580621828 0.0644899409 
 0.0526804950 0.0584530243 0.0648942927 
 0.0533399425 0.0591458709 0.0656092061 
 0.0542907723 0.0601421902 0.0666342918 
 0.0555365680 0.0614432277 0.0679681470 
 0.0570806595 0.0630492238 0.0696076108 
 0.0589251308 0.0649584303 0.0715468615 
 0.0610696259 0.0671659743 0.0737764214 
 0.0635100096 0.0696626463 0.0762821616 
 0.0662369740 0.0724337260 0.0790444265 
 0.0692347278 0.0754579876 0.0820374104 
 0.0724799391 0.0787070474 0.0852289230 
 0.0759411218 0.0821452097 0.0885806478 
 0.0795786385 0.0857299237 0.0920489493 
 0.0833454317 0.0894128934 0.0955862009 
 0.0871884983 0.0931417777 0.0991425253 
 0.0910509933 0.0968623149 0.1026677619 
 0.0948747337 0.1005206286 0.1061134358 
 0.0986027943 0.1040654340 0.1094345049 
 0.1021818719 0.1074498928 0.1125907081 
 0.1055641526 0.1106329364 0.1155474132 
 0.1087085165 0.1135799791 0.1182759471 
 0.1115810445 0.1162630442 0.1207534665 
 0.1141548968 0.1186604035 0.1229624726 
 0.1164097107 0.1207558734 0.1248900980 
 0.1183306935 0.1225379194 0.1265272860 
 0.1199075823 0.1239987044 0.1278679632 
 0.1211336092 0.1251331848 0.1289082798 
 0.1220045757 0.1259383236 0.1296459628 
 0.1225180977 0.1264124632 0.1300798073 
 0.1226730573 0.1265548740 0.1302093151 
 0.1224692747 0.1263654881 0.1300344822 
 0.1219074073 0.1258448162 0.1295557325 
 0.1209890740 0.1249940493 0.1287739981 
 0.1197172045 0.1238153419 0.1276909446 
 0.1180966051 0.1223122778 0.1263093446 
 0.1161347240 0.1204905074 0.1246335940 
 0.1138425775 0.1183585361 0.1226703610 
 0.1112357690 0.1159286193 0.1204293409 
 0.1083354964 0.1132176906 0.1179240667 
 0.1051694057 0.1102482171 0.1151727004 
 0.1017721216 0.1070488473 0.1121987042 
 0.0981852866 0.1036547033 0.1090312707 
 0.0944569732 0.1001071836 0.1057053933 
 0.0906404147 0.0964531860 0.1022614787 
 0.0867921056 0.0927437428 0.0987444549 
 0.0829694481 0.0890321578 0.0952024031 
 0.0792282116 0.0853718291 0.0916848211 
 0.0756201219 0.0818140109 0.0882406967 
 0.0721908722 0.0784057818 0.0849166109 
 0.0689787667 0.0751884488 0.0817550844 
 0.0660140906 0.0721965389 0.0787933398 
 0.0633191824 0.0694574224 0.0760625771 
 0.0609090909 0.0669915238 0.0735877767 
 0.0587926442 0.0648130012 0.0713879745 
 0.0569737494 0.0629307438 0.0694769001 
 0.0554527574 0.0613495292 0.0678638479 
 0.0542277668 0.0600712067 0.0665546533 
 0.0532957782 0.0590957979 0.0655526577 
 0.0526536497 0.0584224436 0.0648595775 
 0.0522988295 0.0580501509 0.0644762126 
 0.0522298580 0.0579783167 0.0644029542 
 0.0524466427 0.0582070166 0.0646400676 
 0.0529505056 0.0587370544 0.0651877397 
 0.0537440050 0.0595697706 0.0660458875 
 0.0548305275 0.0607066125 0.0672137332 
 0.0562136475 0.0621484705 0.0686891643 
 0.0578962547 0.0638947981 0.0704679098 
 0.0598794636 0.0659425509 0.0725425842 
 0.0621613439 0.0682850031 0.0749016805 
 0.0647355421 0.0709105379 0.0775286129 
 0.0675899067 0.0738015359 0.0804009418 
 0.0707052718 0.0769335193 0.0834899134 
 0.0740545815 0.0802747109 0.0867604429 
 0.0776025415 0.0837861522 0.0901716240 
 0.0813059506 0.0874224629 0.0936777845 
 0.0851147800 0.0911332371 0.0972300237 
 0.0889739605 0.0948649658 0.1007780842 
 0.0928257052 0.0985632788 0.1042723483 
 0.0966120968 0.1021752393 0.1076657309 
 0.1002776147 0.1056514152 0.1109152598 
 0.1037712973 0.1089475054 0.1139832006 
 0.1070483158 0.1120253841 0.1168376622 
 0.1100708541 0.1148535350 0.1194527046 
 0.1128083109 0.1174069366 0.1218080298 
 0.1152369353 0.1196665238 0.1238883755 
 0.1173390616 0.1216183775 0.1256827385 
 0.1191021207 0.1232527879 0.1271835397 
 0.1205175873 0.1245633141 0.1283858206 
 0.1215799857 0.1255459278 0.1292865315 
 0.1222860369 0.1261982962 0.1298839467 
 0.1226339961 0.1265192346 0.1301772231 
 0.1226232053 0.1265083408 0.1301661079 
 0.1222538700 0.1261658128 0.1298507936 
 0.1215270621 0.1254924514 0.1292319198 
 0.1204449490 0.1244898461 0.1283107199 
 0.1190112437 0.1231607426 0.1270893154 
 0.1172318666 0.1215095899 0.1255711557 
 0.1151157911 0.1195432511 0.1237615983 
 0.1126760234 0.1172718484 0.1216686106 
 0.1099306315 0.1147096841 0.1193035589 
 0.1069037010 0.1118761508 0.1166820206 
 0.1036260619 0.1087965083 0.1138245343 
 0.1001356113 0.1055023864 0.1107571749 
 0.0964770766 0.1020318651 0.1075118322 
 0.0927011132 0.0984290165 0.1041260788 
 0.0888627303 0.0947428520 0.1006425517 
 0.0850191534 0.0910257097 0.0971078320 
 0.0812273463 0.0873312182 0.0935708881 
 0.0775414913 0.0837120578 0.0900812258 
 0.0740107410 0.0802177852 0.0866869477 
 0.0706775010 0.0768929787 0.0834329434 
 0.0675764056 0.0737759009 0.0803594110 
 0.0647340214 0.0708977824 0.0775008490 
 0.0621692090 0.0682827272 0.0748855786 
 0.0598939927 0.0659481581 0.0725357755 
 0.0579147585 0.0639056623 0.0704679280 
 0.0562336022 0.0621620812 0.0686935995 
 0.0548496800 0.0607206960 0.0672203636 
 0.0537604510 0.0595823826 0.0660527879 
 0.0529627445 0.0587466495 0.0651933636 
 0.0524536140 0.0582124961 0.0646433073 
 0.0522309639 0.0579790587 0.0644031801 
 0.0522939458 0.0580460262 0.0644732940 
 0.0526431285 0.0584138191 0.0648538866 
 0.0532804410 0.0590835272 0.0655450583 
 0.0542088888 0.0600566083 0.0665464711 
 0.0554320390 0.0613343480 0.0678568219 
 0.0569532713 0.0629170939 0.0694731123 
 0.0587748024 0.0648032859 0.0713897558 
 0.0608965057 0.0669883291 0.0735975867 
 0.0633145805 0.0694633846 0.0760828613 
 0.0660201585 0.0722141875 0.0788263685 
 0.0689979808 0.0752200330 0.0818027828 
 0.0722253155 0.0784530929 0.0849803952 
 0.0756713034 0.0818782179 0.0883213327 
 0.0792969092 0.0854533464 0.0917823225 
 0.0830555957 0.0891305653 0.0953159837 
 0.0868947440 0.0928577695 0.0988725420 
 0.0907577161 0.0965807628 0.1024017875 
 0.0945863386 0.1002455589 0.1058550514 
 0.0983235028 0.1038006051 0.1091869775 
 0.1019155575 0.1071986713 0.1123569047 
 0.1053142203 0.1103982175 0.1153297550 
 0.1084778366 0.1133641538 0.1180764014 
 0.1113719370 0.1160680085 0.1205735706 
 0.1139691597 0.1184875996 0.1228033801 
 0.1162486785 0.1206063516 0.1247526383 
 0.1181953131 0.1224124095 0.1264120277 
 0.1197984925 0.1238976876 0.1277752755 
 0.1210512172 0.1250569586 0.1288383864 
 0.1219491215 0.1258870567 0.1295989867 
 0.1224897049 0.1263862367 0.1300558040 
 0.1226717668 0.1265537094 0.1302082952 
 0.1224950621 0.1263893613 0.1300564219 
 0.1219601826 0.1258936573 0.1296005742 
 0.1210686647 0.1250677288 0.1288416388 
 0.1198233216 0.1239136430 0.1277812143 
 0.1182287932 0.1224348553 0.1264219729 
 0.1162922976 0.1206368338 0.1247681662 
 0.1140245473 0.1185278383 0.1228262658 
 0.1114407637 0.1161198090 0.1206057103 
 0.1085616911 0.1134292955 0.1181197152 
 0.1054144665 0.1104783224 0.1153860683 
 0.1020331812 0.1072950576 0.1124278141 
 0.0984589626 0.1039141370 0.1092737071 
 0.0947394364 0.1003765076 0.1059583126 
 0.0909275081 0.0967286953 0.1025216561 
 0.0870795070 0.0930214833 0.0990083696 
 0.0832528572 0.0893080803 0.0954663566 
 0.0795035409 0.0856419587 0.0919450768 
 0.0758836669 0.0820746118 0.0884936273 
 0.0724394404 0.0786534968 0.0851588346 
 0.0692097544 0.0754204004 0.0819835766 
 0.0662255043 0.0724103822 0.0790055086 
 0.0635096111 0.0696513513 0.0762562984 
 0.0610776389 0.0671642368 0.0737613912 
 0.0589388404 0.0649636368 0.0715402522 
 0.0570974446 0.0630587971 0.0696069819 
 0.0555540228 0.0614547627 0.0679711749 
 0.0543067997 0.0601535625 0.0666388918 
 0.0533528217 0.0591553196 0.0656136292 
 0.0526889285 0.0584592116 0.0648971982 
 0.0523125027 0.0580642339 0.0644904468 
 0.0522219896 0.0579697406 0.0643937836 
 0.0524171890 0.0581757512 0.0646074790 
 0.0528993196 0.0586830182 0.0651317295 
 0.0536708580 0.0594928541 0.0659664847 
 0.0547351481 0.0606067189 0.0671110396 
 0.0560957783 0.0620255738 0.0685634097 
 0.0577557259 0.0637490165 0.0703195196 
 0.0597162823 0.0657742318 0.0723722545 
 0.0619757948 0.0680948149 0.0747104531 
 0.0645282926 0.0706995589 0.0773179433 
 0.0673621072 0.0735713315 0.0801727472 
 0.0704586376 0.0766861930 0.0832465932 
 0.0737914421 0.0800129195 0.0865048616 
 0.0773258445 0.0835130743 0.0899070528 
 0.0810192102 0.0871417184 0.0934078031 
 0.0848219691 0.0908487607 0.0969583901 
 0.0886793541 0.0945808477 0.1005085859 
 0.0925336920 0.0982835901 0.1040086524 
 0.0963269819 0.1019038632 0.1074112502 
 0.1000034383 0.1053919046 0.1106730485 
 0.1035116902 0.1087029794 0.1137558877 
 0.1068064045 0.1117984714 0.1166274243 
 0.1098492195 0.1146463617 0.1192612741 
 0.1126089948 0.1172211518 0.1216367304 
 0.1150614842 0.1195033522 0.1237381760 
 0.1171885947 0.1214786864 0.1255543147 
 0.1189774087 0.1231371599 0.1270773372 
 0.1204191310 0.1244721158 0.1283021133 
 0.1215080871 0.1254793702 0.1292254709 
 0.1222408572 0.1261564831 0.1298456011 
 0.1226155987 0.1265021979 0.1301616058 
 0.1226315819 0.1265160613 0.1301731942 
 0.1222889499 0.1261982283 0.1298805267 
 0.1215887047 0.1255494501 0.1292842055 
 0.1205329190 0.1245712467 0.1283854112 
 0.1191251710 0.1232662611 0.1271861857 
 0.1173711906 0.1216387934 0.1256898611 
 0.1152796927 0.1196955001 0.1239016302 
 0.1128633501 0.1174462310 0.1218292410 
 0.1101398223 0.1149049475 0.1194837799 
 0.1071327221 0.1120906371 0.1168804861 
 0.1038723649 0.1090281056 0.1140395094 
 0.1003961279 0.1057485045 0.1109865029 
 0.0967482585 0.1022894483 0.1077529274 
 0.0929790232 0.0986945980 0.1043759535 
 0.0891431808 0.0950126531 0.1008978802 
 0.0852978794 0.0912957758 0.0973650500 
 0.0815001940 0.0875975799 0.0938263209 
 0.0778045988 0.0839708974 0.0903312306 
 0.0742606877 0.0804655888 0.0869280553 
 0.0709114120 0.0771266567 0.0836619818 
 0.0677920004 0.0739928654 0.0805735992 
 0.0649296116 0.0710959768 0.0776978526 
 0.0623436505 0.0684606128 0.0750635255 
 0.0600466072 0.0661046640 0.0726932368 
 0.0580452374 0.0640401120 0.0706038711 
 0.0563419046 0.0622741069 0.0688073235 
 0.0549359353 0.0608101495 0.0673114270 
 0.0538248723 0.0596492538 0.0661209358 
 0.0530055568 0.0587909949 0.0652384632 
 0.0524749993 0.0582343826 0.0646652944 
 0.0522310226 0.0579785242 0.0644020210 
 0.0522726761 0.0580230576 0.0644489636 
 0.0526004219 0.0583683478 0.0648063651 
 0.0532160952 0.0590154431 0.0654743445 
 0.0541226376 0.0599657914 0.0664526139 
 0.0553235993 0.0612207174 0.0677399681 
 0.0568224078 0.0627806734 0.0693335680 
 0.0586214087 0.0646442830 0.0712280578 
 0.0607206993 0.0668072239 0.0734145786 
 0.0631168058 0.0692610211 0.0758797660 
 0.0658012912 0.0719918579 0.0786048474 
 0.0687594207 0.0749795438 0.0815649722 
 0.0719690541 0.0781968002 0.0847289095 
 0.0753999537 0.0816090211 0.0880592279 
 0.0790136839 0.0851746337 0.0915130185 
 0.0827642290 0.0888461107 0.0950431495 
 0.0865993594 0.0925715891 0.0985999551 
 0.0904626527 0.0962969458 0.1021331827 
 0.0942959554 0.0999680935 0.1055939766 
 0.0980419865 0.1035332201 0.1089366723 
 0.1016467566 0.1069447108 0.1121202137 
 0.1050615230 0.1101605594 0.1151090799 
 0.1082441011 0.1131451749 0.1178736916 
 0.1111594738 0.1158695912 0.1203903454 
 0.1137797574 0.1183111716 0.1226407740 
 0.1160836605 0.1204529469 0.1246114598 
 0.1180556119 0.1222827390 0.1262928225 
 0.1196847300 0.1237922107 0.1276783878 
 0.1209637803 0.1249759490 0.1287640136 
 0.1218882275 0.1258306569 0.1295472237 
 0.1224554528 0.1263545005 0.1300266777 
 0.1226641725 0.1265466308 0.1302017871 
 0.1225140767 0.1264068890 0.1300724802 
 0.1220056943 0.1259356963 0.1296391142 
 0.1211404831 0.1251341277 0.1289025335 
 0.1199211465 0.1240041683 0.1278642735 
 0.1183521670 0.1225491520 0.1265269116 
 0.1164405447 0.1207743747 0.1248945630 
 0.1141967021 0.1186878622 0.1229735118 
 0.1116354959 0.1163012536 0.1207729520 
 0.1087772342 0.1136307305 0.1183057946 
 0.1056485635 0.1106978914 0.1155894678 
 0.1022830582 0.1075304402 0.1126466137 
 0.0987213434 0.1041625405 0.1095055623 
 0.0950106057 0.1006346982 0.1062004624 
 0.0912034244 0.0969930733 0.1027709669 
 0.0873559574 0.0932881992 0.0992614155 
 0.0835256395 0.0895731833 0.0957195323 
 0.0797686489 0.0859015614 0.0921947332 
 0.0761374576 0.0823250506 0.0887362141 
 0.0726787631 0.0788914699 0.0853910343 
 0.0694320279 0.0756430679 0.0822024141 
 0.0664287416 0.0726154208 0.0792084269 
 0.0636923939 0.0698369627 0.0764411949 
 0.0612390548 0.0673291161 0.0739266166 
 0.0590783949 0.0651069103 0.0716845768 
 0.0572149618 0.0631799425 0.0697295399 
 0.0556495451 0.0615535214 0.0680713954 
 0.0543804957 0.0602298539 0.0667164261 
 0.0534049069 0.0592091641 0.0656682817 
 0.0527196018 0.0584906669 0.0649288670 
 0.0523218992 0.0580733468 0.0644990780 
 0.0522101515 0.0579565160 0.0643793407 
 0.0523840521 0.0581401389 0.0645699302 
 0.0528447176 0.0586249174 0.0650710524 
 0.0535945434 0.0594121354 0.0658826889 
 0.0546368300 0.0605032649 0.0670042059 
 0.0559751783 0.0618993358 0.0684337451 
 0.0576126504 0.0636000875 0.0701674239 
 0.0595507109 0.0656029305 0.0721983954 
 0.0617879802 0.0679017771 0.0745158414 
 0.0643188654 0.0704858271 0.0771040008 
 0.0671321767 0.0733384322 0.0799413565 
 0.0702098750 0.0764361902 0.0830001195 
 0.0735261319 0.0797484313 0.0862461380 
 0.0770468915 0.0832372448 0.0896393240 
 0.0807300913 0.0868581395 0.0931346292 
 0.0845266289 0.0905613483 0.0966835175 
 0.0883820506 0.0942936832 0.1002357988 
 0.0922388090 0.0980007463 0.1037416228 
 0.0960388315 0.1016292339 0.1071534017 
 0.0997260773 0.1051290597 0.1104274499 
 0.1032487728 0.1084550588 0.1135251840 
 0.1065610837 0.1115681250 0.1164138073 
 0.1096241020 0.1144357350 0.1190664884 
 0.1124061452 0.1170319096 0.1214621083 
 0.1148824670 0.1193367295 0.1235846902 
 0.1170345410 0.1213355557 0.1254226403 
 0.1188490949 0.1230181038 0.1269679155 
 0.1203170585 0.1243774966 0.1282152101 
 0.1214325537 0.1254093909 0.1291612270 
 0.1221920169 0.1261112372 0.1298040725 
 0.1225935054 0.1264817052 0.1301427927 
 0.1226362175 0.1265202907 0.1301770584 
 0.1223202343 0.1262271060 0.1299069987 
 0.1216464899 0.1256028546 0.1293331802 
 0.1206169663 0.1246489901 0.1284567331 
 0.1192351118 0.1233680570 0.1272796228 
 0.1175064720 0.1217642118 0.1258050687 
 0.1154395114 0.1198439109 0.1240381047 
 0.1130465778 0.1176167393 0.1219862649 
 0.1103449309 0.1150963253 0.1196603632 
 0.1073577187 0.1123012591 0.1170753071 
 0.1041147485 0.1092558987 0.1142508643 
 0.1006528806 0.1059909226 0.1112122710 
 0.0970158818 0.1025434808 0.1079905623 
 0.0932536250 0.0989568219 0.1046225071 
 0.0894206091 0.0952793272 0.1011500631 
 0.0855738926 0.0915629743 0.0976193289 
 0.0817706478 0.0878613508 0.0940790432 
 0.0780656262 0.0842274277 0.0905787659 
 0.0745088512 0.0807113576 0.0871669357 
 0.0711438093 0.0773585571 0.0838890272 
 0.0680063181 0.0742082843 0.0807860122 
 0.0651241248 0.0712928280 0.0778932761 
 0.0625171792 0.0686373257 0.0752400616 
 0.0601984395 0.0662601364 0.0728494291 
 0.0581750343 0.0641736382 0.0707386602 
 0.0564495995 0.0623852927 0.0689199834 
 0.0550216359 0.0608988242 0.0674014930 
 0.0538887738 0.0597153876 0.0661881327 
 0.0530478697 0.0588346278 0.0652826403 
 0.0524958930 0.0582555672 0.0646863713 
 0.0522305867 0.0579772853 0.0643999490 
 0.0522508985 0.0579993695 0.0644237035 
 0.0525571836 0.0583221293 0.0647578821 
 0.0531511824 0.0589465704 0.0654026218 
 0.0540357704 0.0598741288 0.0663576834 
 0.0552144784 0.0611061661 0.0676219575 
 0.0566907787 0.0626432362 0.0691927619 
 0.0584671420 0.0644841439 0.0710649698 
 0.0605438857 0.0666248366 0.0732300277 
 0.0629178605 0.0690572017 0.0756749505 
 0.0655810585 0.0717678707 0.0783814061 
 0.0685192692 0.0747371696 0.0813250225 
 0.0717109477 0.0779383747 0.0844750537 
 0.0751264841 0.0813374316 0.0877945191 
 0.0787280526 0.0848932678 0.0912408848 
 0.0824701727 0.0885587548 0.0947672808 
 0.0863010198 0.0922822863 0.0983241620 
 0.0901644032 0.0960098262 0.1018612437 
 0.0940022043 0.0996871977 0.1053294915 
 0.0977569818 0.1032623374 0.1086829375 
 0.1013744153 0.1066872499 0.1118801319 
 0.1048053044 0.1099194625 0.1148851084 
 0.1080069325 0.1129228789 0.1176678308 
 0.1109437290 0.1156680322 0.1202041587 
 0.1135872800 0.1181318229 0.1224754328 
 0.1159158194 0.1202968791 0.1244678017 
 0.1179133761 0.1221506919 0.1261714159 
 0.1195687489 0.1236846656 0.1275795939 
 0.1208744612 0.1248931952 0.1286880418 
 0.1218258029 0.1257728484 0.1294941780 
 0.1224200329 0.1263217000 0.1299965918 
 0.1226557821 0.1265388392 0.1301946484 
 0.1225326752 0.1264240619 0.1300882426 
 0.1220511780 0.1259777457 0.1296776994 
 0.1212126715 0.1252009108 0.1289638221 
 0.1200197509 0.1240954618 0.1279480845 
 0.1184767438 0.1226646138 0.1266329714 
 0.1165904341 0.1209134922 0.1250224635 
 0.1143709565 0.1188498908 0.1231226593 
 0.1118328029 0.1164851485 0.1209425093 
 0.1089958440 0.1138350785 0.1184946203 
 0.1058862311 0.1109208505 0.1157960594 
 0.1025370142 0.1077696986 0.1128690622 
 0.0989883050 0.1044153058 0.1097415279 
 0.0952868364 0.1008977250 0.1064471801 
 0.0914848450 0.0972627362 0.1030252870 
 0.0876383005 0.0935606075 0.0995198827 
 0.0838046321 0.0898443295 0.0959784980 
 0.0800402021 0.0861674878 0.0924504915 
 0.0763978380 0.0825820134 0.0889851465 
 0.0729247274 0.0791360815 0.0856297473 
 0.0696609067 0.0758724026 0.0824278531 
 0.0666384674 0.0728270738 0.0794179562 
 0.0638814802 0.0700290628 0.0766326379 
 0.0614065344 0.0675002959 0.0740982573 
 0.0592237322 0.0652562463 0.0718351288 
 0.0573379526 0.0633068744 0.0698580911 
 0.0557502148 0.0616577637 0.0681773387 
 0.0544590048 0.0603113083 0.0667993856 
 0.0534614695 0.0592678409 0.0657280425 
 0.0527544194 0.0585266188 0.0649653136 
 0.0523351122 0.0580866188 0.0645121466 
 0.0522018072 0.0579471127 0.0643689872 
 0.0523540907 0.0581080091 0.0645361156 
 0.0527929746 0.0585699571 0.0650137462 
 0.0535207692 0.0593342098 0.0658018904 
 0.0545407277 0.0604022470 0.0668999833 
 0.0558564584 0.0617751636 0.0683062895 
 0.0574711036 0.0634528364 0.0700171172 
 0.0593862965 0.0654328988 0.0720258854 
 0.0616009270 0.0677095782 0.0743221195 
 0.0641097790 0.0702724814 0.0768904716 
 0.0669021421 0.0731054474 0.0797098910 
 0.0699605435 0.0761856182 0.0827530803 
 0.0732597772 0.0794828892 0.0859863674 
 0.0767664205 0.0829598899 0.0893700906 
 0.0804389998 0.0865725940 0.0928595333 
 0.0842289002 0.0902715771 0.0964063623 
 0.0880820019 0.0940038353 0.0999604406 
 0.0919409029 0.0977149773 0.1034718172 
 0.0957474744 0.1013515326 0.1068926642 
 0.0994454314 0.1048630974 0.1101789443 
 0.1029826019 0.1082040779 0.1132916485 
 0.1063126492 0.1113348743 0.1161975217 
 0.1093961129 0.1142224510 0.1188692776 
 0.1122007580 0.1168403380 0.1212853750 
 0.1147013260 0.1191681751 0.1234294676 
 0.1168788452 0.1211909502 0.1252896551 
 0.1187196772 0.1228980787 0.1268576517 
 0.1202144663 0.1242824548 0.1281279698 
 0.1213571233 0.1253395700 0.1290971822 
 0.1221439346 0.1260667601 0.1297633066 
 0.1225728539 0.1264626187 0.1301253309 
 0.1226430044 0.1265265885 0.1301828868 
 0.1223544045 0.1262587387 0.1299360714 
 0.1217079201 0.1256597252 0.1293854162 
 0.1207054423 0.1247309357 0.1285320015 
 0.1193502888 0.1234748162 0.1273777168 
 0.1176478204 0.1218953792 0.1259256691 
 0.1156062480 0.1199988797 0.1241807321 
 0.1132375895 0.1177946341 0.1221502241 
 0.1105586966 0.1152959317 0.1198446818 
 0.1075922404 0.1125209560 0.1172786745 
 0.1043675039 0.1094936045 0.1144715774 
 0.1009208103 0.1062440656 0.1114481964 
 0.0972954228 0.1028090050 0.1082391242 
 0.0935407954 0.0992312357 0.1048807080 
 0.0897111431 0.0955587980 0.1014145438 
 0.0858634140 0.0918434631 0.0978864648 
 0.0820548626 0.0881387743 0.0943450715 
 0.0783405107 0.0844978298 0.0908399310 
 0.0747708121 0.0809710694 0.0874196356 
 0.0713897990 0.0776043270 0.0841299450 
 0.0682338940 0.0744373650 0.0810122175 
 0.0653314548 0.0715030149 0.0781022892 
 0.0627029995 0.0688269497 0.0754298762 
 0.0603619785 0.0664280184 0.0730184986 
 0.0583159158 0.0643190167 0.0708858529 
 0.0565677382 0.0625077368 0.0690445194 
 0.0551171367 0.0609981432 0.0675028702 
 0.0539618407 0.0597915452 0.0662660524 
 0.0530987296 0.0588876664 0.0653369386 
 0.0525247361 0.0582855484 0.0647169628 
 0.0522375248 0.0579842460 0.0644067844 
 0.0522359406 0.0579832966 0.0644067450 
 0.0525202288 0.0582829522 0.0647170962 
 0.0530920301 0.0588841724 0.0653379909 
 0.0539541485 0.0597883765 0.0662692352 
 0.0551100888 0.0609969574 0.0675098114 
 0.0565633611 0.0625105652 0.0690571906 
 0.0583165549 0.0643281804 0.0709064717 
 0.0603702026 0.0664460168 0.0730494051 
 0.0627214754 0.0688563222 0.0754733858 
 0.0653627939 0.0715461781 0.0781605263 
 0.0682804748 0.0744964326 0.0810869416 
 0.0714535759 0.0776809266 0.0842223823 
 0.0748531274 0.0810661720 0.0875303342 
 0.0784419309 0.0846116144 0.0909686569 
 0.0821750618 0.0882705456 0.0944907612 
 0.0860011241 0.0919916372 0.0980472416 
 0.0898641815 0.0957209599 0.1015877976 
 0.0937061710 0.0994042640 0.1050632282 
 0.0974695059 0.1029892457 0.1084272693 
 0.1010995440 0.1064275337 0.1116380783 
 0.1045466294 0.1096761879 0.1146592409 
 0.1077675092 0.1126986006 0.1174602563 
 0.1107260503 0.1154647940 0.1200165375 
 0.1133932961 0.1179511941 0.1223090222 
 0.1157469926 0.1201400143 0.1243235146 
 