0.0308124707 0.0311818300 0.0319471376 
 0.0304193463 0.0307514119 0.0314750318 
 0.0301596908 0.0304669582 0.0311628280 
 0.0300293250 0.0303240338 0.0310058547 
 0.0300261819 0.0303204427 0.0310017963 
 0.0301503523 0.0304562808 0.0311507542 
 0.0304040852 0.0307339359 0.0314552481 
 0.0307917403 0.0311580347 0.0319201536 
 0.0313196889 0.0317353302 0.0325525710 
 0.0319961476 0.0324745133 0.0333616074 
 0.0328309281 0.0333859290 0.0343580468 
 0.0338350770 0.0344811672 0.0355538795 
 0.0350203785 0.0357724990 0.0369616546 
 0.0363986874 0.0372721226 0.0385936225 
 0.0379810697 0.0389911957 0.0404606432 
 0.0397767331 0.0409386411 0.0425708559 
 0.0417917569 0.0431197426 0.0449281404 
 0.0440276624 0.0455345879 0.0475304485 
 0.0464799099 0.0481764700 0.0503681437 
 0.0491364614 0.0510304107 0.0534225464 
 0.0519765913 0.0540720197 0.0566649211 
 0.0549701566 0.0572669183 0.0600561467 
 0.0580775221 0.0605709253 0.0635472543 
 0.0612502774 0.0639311198 0.0670809020 
 0.0644327726 0.0672877587 0.0705937024 
 0.0675643641 0.0705768753 0.0740191496 
 0.0705821293 0.0737332538 0.0772907821 
 0.0734237287 0.0766934101 0.0803451745 
 0.0760300772 0.0793982229 0.0831244128 
 0.0783475508 0.0817949608 0.0855778341 
 0.0803295702 0.0838385874 0.0876629753 
 0.0819375374 0.0854923738 0.0893458181 
 0.0831412172 0.0867279622 0.0906005211 
 0.0839187312 0.0875250833 0.0914088692 
 0.0842563543 0.0878711417 0.0917596680 
 0.0841482899 0.0877608550 0.0916482627 
 0.0835965459 0.0871960708 0.0910763061 
 0.0826109693 0.0861858197 0.0900518273 
 0.0812094185 0.0847465843 0.0885895829 
 0.0794179843 0.0829026928 0.0867116041 
 0.0772711065 0.0806866784 0.0844477848 
 0.0748113999 0.0781394060 0.0818363072 
 0.0720890081 0.0753097495 0.0789236713 
 0.0691603493 0.0722536456 0.0757641163 
 0.0660862195 0.0690324323 0.0724182869 
 0.0629293414 0.0657105144 0.0689511287 
 0.0597515817 0.0623525436 0.0654291471 
 0.0566111429 0.0590204236 0.0619173150 
 0.0535600703 0.0557705073 0.0584760121 
 0.0506423560 0.0526513294 0.0551583850 
 0.0478928171 0.0497021172 0.0520084420 
 0.0453367877 0.0469521746 0.0490600512 
 0.0429905370 0.0444210922 0.0463368472 
 0.0408622459 0.0421196212 0.0438529164 
 0.0389533323 0.0400509948 0.0416140427 
 0.0372599299 0.0382124743 0.0396192737 
 0.0357743578 0.0365969311 0.0378625891 
 0.0344864696 0.0351943263 0.0363345042 
 0.0333848201 0.0339930075 0.0350235017 
 0.0324576256 0.0329807852 0.0339172383 
 0.0316935229 0.0321457893 0.0330035148 
 0.0310821470 0.0314771236 0.0322710242 
 0.0306145565 0.0309653493 0.0317099079 
 0.0302835373 0.0306028291 0.0313121535 
 0.0300838082 0.0303839622 0.0310718682 
 0.0300121538 0.0303053345 0.0309854536 
 0.0300674981 0.0303658021 0.0310517033 
 0.0302509284 0.0305665196 0.0312718360 
 0.0305656747 0.0309109159 0.0316494681 
 0.0310170396 0.0314046154 0.0321905211 
 0.0316122695 0.0320552924 0.0329030529 
 0.0323603532 0.0328724421 0.0337969919 
 0.0332717240 0.0338670427 0.0348837466 
 0.0343578403 0.0350510794 0.0361756576 
 0.0356306134 0.0364368963 0.0376852571 
 0.0371016551 0.0380363473 0.0394243061 
 0.0387813219 0.0398597234 0.0414025914 
 0.0406775507 0.0419144579 0.0436264927 
 0.0427945071 0.0442036414 0.0460973707 
 0.0451311086 0.0467244287 0.0488098818 
 0.0476795310 0.0494664724 0.0517503847 
 0.0504238606 0.0524105725 0.0548956582 
 0.0533390899 0.0555277679 0.0582121750 
 0.0563906674 0.0587790897 0.0616561542 
 0.0595347759 0.0621161447 0.0651745308 
 0.0627194320 0.0654825834 0.0687068445 
 0.0658863698 0.0688163622 0.0721878829 
 0.0689735399 0.0720525586 0.0755507675 
 0.0719179348 0.0751263961 0.0787300865 
 0.0746584029 0.0779761033 0.0816646856 
 0.0771381336 0.0805452916 0.0842998218 
 0.0793065890 0.0827846543 0.0865885363 
 0.0811207845 0.0846529413 0.0884922607 
 0.0825459527 0.0861172966 0.0899807982 
 0.0835557230 0.0871531345 0.0910318959 
 0.0841320006 0.0877437708 0.0916306429 
 0.0842647343 0.0878800130 0.0917689022 
 0.0839517260 0.0875598695 0.0914449335 
 0.0831985774 0.0867884727 0.0906632972 
 0.0820187950 0.0855782384 0.0894350595 
 0.0804340004 0.0839492079 0.0877782489 
 0.0784741248 0.0819294487 0.0857184454 
 0.0761774158 0.0795553342 0.0832893210 
 0.0735900679 0.0768714883 0.0805329131 
 0.0707653080 0.0739301952 0.0774993974 
 0.0677618426 0.0707901272 0.0742461738 
 0.0646416869 0.0675143596 0.0708361711 
 0.0614675270 0.0641677816 0.0673354234 
 0.0582998834 0.0608141519 0.0638101239 
 0.0551944070 0.0575131450 0.0603234977 
 0.0521996312 0.0543177575 0.0569328877 
 0.0493554179 0.0512723765 0.0536874222 
 0.0466922136 0.0484116892 0.0506265139 
 0.0442310921 0.0457604607 0.0477792843 
 0.0419844544 0.0433340748 0.0451648518 
 0.0399571917 0.0411396412 0.0427933040 
 0.0381481042 0.0391774478 0.0406671210 
 0.0365513929 0.0374425431 0.0387828124 
 0.0351580845 0.0359262853 0.0371325735 
 0.0339573019 0.0346177447 0.0357058194 
 0.0329373370 0.0335049013 0.0344905172 
 0.0320865164 0.0325756186 0.0334742834 
 0.0313938739 0.0318184042 0.0326452484 
 0.0308496546 0.0312229814 0.0319927129 
 0.0304456804 0.0307807047 0.0315076267 
 0.0301756059 0.0304848504 0.0311829252 
 0.0300350879 0.0303308095 0.0310137549 
 0.0300218895 0.0303162060 0.0309976100 
 0.0301359302 0.0304409535 0.0311344002 
 0.0303792893 0.0307072597 0.0314264549 
 0.0307561626 0.0311195777 0.0318784674 
 0.0312727679 0.0316844986 0.0324973692 
 0.0319371843 0.0324105694 0.0332921194 
 0.0327591097 0.0333080182 0.0342733851 
 0.0337495105 0.0343883559 0.0354530833 
 0.0349201353 0.0356638253 0.0368437479 
 0.0362828638 0.0371466640 0.0384576902 
 0.0378488619 0.0388481539 0.0403059265 
 0.0396275294 0.0407774442 0.0423968654 
 0.0416252447 0.0429401622 0.0447347832 
 0.0438439452 0.0453368658 0.0473181619 
 0.0462796251 0.0479614416 0.0501380211 
 0.0489208870 0.0507996117 0.0531764386 
 0.0517477251 0.0538277583 0.0564054939 
 0.0547307515 0.0570122938 0.0597868765 
 0.0578310633 0.0603097819 0.0632723507 
 0.0610008946 0.0636679294 0.0668051583 
 0.0641850901 0.0670274409 0.0703222849 
 0.0673233016 0.0703245739 0.0737573535 
 0.0703526776 0.0734940969 0.0770437828 
 0.0732107266 0.0764722833 0.0801178071 
 0.0758380150 0.0791995819 0.0829210021 
 0.0781804177 0.0816226974 0.0854020870 
 0.0801907538 0.0836959533 0.0875179338 
 0.0818297723 0.0853819553 0.0892338618 
 0.0830665718 0.0866516905 0.0905234015 
 0.0838786173 0.0874842637 0.0913677578 
 0.0842515459 0.0878664865 0.0917552006 
 0.0841789377 0.0877925056 0.0916805684 
 0.0836621809 0.0872636026 0.0911450141 
 0.0827104932 0.0862882284 0.0901560485 
 0.0813410862 0.0848822571 0.0887278724 
 0.0795793873 0.0830693752 0.0868819125 
 0.0774591715 0.0808814512 0.0846474140 
 0.0750224185 0.0783586889 0.0820618877 
 0.0723187098 0.0755493486 0.0791711802 
 0.0694040268 0.0725088554 0.0760289502 
 0.0663389029 0.0692981957 0.0726953990 
 0.0631860112 0.0659816314 0.0692352239 
 0.0600073963 0.0626239084 0.0657149195 
 0.0568616565 0.0592872625 0.0621997006 
 0.0538014128 0.0560285870 0.0587504228 
 0.0508713566 0.0528971116 0.0554208963 
 0.0481070633 0.0499328454 0.0522559132 
 0.0455346203 0.0471658908 0.0492901705 
 0.0431709927 0.0446165921 0.0465481076 
 0.0410249625 0.0422963639 0.0440445362 
 0.0390984347 0.0402089857 0.0417858505 
 0.0373879094 0.0383521373 0.0397715761 
 0.0358859580 0.0367189842 0.0379960373 
 0.0345825844 0.0352996691 0.0364499712 
 0.0334664083 0.0340826251 0.0351219751 
 0.0325256416 0.0330556710 0.0339997329 
 0.0317488634 0.0322068839 0.0330710034 
 0.0311256109 0.0315252698 0.0323243854 
 0.0306468164 0.0310012590 0.0317498882 
 0.0303051190 0.0306270606 0.0313393408 
 0.0300950778 0.0303969051 0.0310866740 
 0.0300133096 0.0303072004 0.0309881024 
 0.0300585667 0.0303566206 0.0310422275 
 0.0302317651 0.0305461380 0.0312500758 
 0.0305359668 0.0308790033 0.0316150760 
 0.0309763142 0.0313606716 0.0321429722 
 0.0315599066 0.0319986623 0.0328416615 
 0.0322956047 0.0328023376 0.0337209371 
 0.0331937418 0.0337825743 0.0347921083 
 0.0342657145 0.0349512996 0.0360674664 
 0.0355234243 0.0363208581 0.0375595608 
 0.0369785395 0.0379031789 0.0392802541 
 0.0386415563 0.0397087212 0.0412395380 
 0.0405206504 0.0417451961 0.0434441175 
 0.0426203384 0.0440160942 0.0458958098 
 0.0449400070 0.0465190963 0.0485898591 
 0.0474724158 0.0492444991 0.0515133287 
 0.0502023303 0.0521738393 0.0546437856 
 0.0531054835 0.0552789419 0.0579485214 
 0.0561480741 0.0585216143 0.0613845371 
 0.0592869831 0.0618541606 0.0648994387 
 0.0624708077 0.0652207816 0.0684332572 
 0.0656416886 0.0685597811 0.0719210425 
 0.0687377694 0.0718063502 0.0752959289 
 0.0716960093 0.0748955891 0.0784922789 
 0.0744550097 0.0777653925 0.0814485135 
 0.0769575364 0.0803588743 0.0841093235 
 0.0791524989 0.0826261236 0.0864271056 
 0.0809962835 0.0845252349 0.0883626243 
 0.0824534616 0.0860226896 0.0898850354 
 0.0834970003 0.0870932611 0.0909714811 
 0.0841081587 0.0877196566 0.0916064936 
 0.0842762570 0.0878921042 0.0917814178 
 0.0839984788 0.0876080473 0.0914940139 
 0.0832798047 0.0868720500 0.0907483381 
 0.0821331060 0.0856959376 0.0895549245 
 0.0805793504 0.0840991292 0.0879312254 
 0.0786478038 0.0821090393 0.0859021957 
 0.0763760597 0.0797613753 0.0835008462 
 0.0738097065 0.0771001173 0.0807685465 
 0.0710014612 0.0741769767 0.0777548464 
 0.0680096688 0.0710501822 0.0745166218 
 0.0648961771 0.0677825493 0.0711164422 
 0.0617237268 0.0644389315 0.0676201995 
 0.0585531191 0.0610832926 0.0640941925 
 0.0554404886 0.0577757396 0.0606019988 
 0.0524350075 0.0545698873 0.0572015304 
 0.0495772712 0.0515108649 0.0539426417 
 0.0468984878 0.0486341557 0.0508655576 
 0.0444204621 0.0459653078 0.0480002234 
 0.0421562496 0.0435204199 0.0453665297 
 0.0401112904 0.0413072126 0.0429752384 
 0.0382848153 0.0393264604 0.0408293786 
 0.0366713374 0.0375735713 0.0389258752 
 0.0352620865 0.0360401434 0.0372572091 
 0.0340462944 0.0347153820 0.0358129655 
 0.0330122840 0.0335873150 0.0345811834 
 0.0321483514 0.0326437843 0.0335494724 
 0.0314434532 0.0318732226 0.0327058957 
 0.0308877228 0.0312652394 0.0320396411 
 0.0304728461 0.0308110472 0.0315415135 
 0.0301923247 0.0305037617 0.0312042813 
 0.0300416522 0.0303386010 0.0310229096 
 0.0300184225 0.0303130094 0.0309947036 
 0.0301223838 0.0304267188 0.0311193810 
 0.0303554456 0.0306817567 0.0313990814 
 0.0307216399 0.0310824023 0.0318383151 
 0.0312270298 0.0316350835 0.0324438435 
 0.0318795558 0.0323482023 0.0332244761 
 0.0326887996 0.0332318671 0.0341907601 
 0.0336656439 0.0342975057 0.0353545344 
 0.0348217975 0.0355573277 0.0367283114 
 0.0361691575 0.0370236023 0.0383244552 
 0.0377189815 0.0387077256 0.0401541270 
 0.0394808506 0.0406190613 0.0422259914 
 0.0414614296 0.0427635663 0.0445447060 
 0.0436630569 0.0451422525 0.0471092657 
 0.0460822457 0.0477495839 0.0499113293 
 0.0487082241 0.0505719678 0.0529337170 
 0.0515216933 0.0535865461 0.0561493117 
 0.0544940116 0.0567605148 0.0595206075 
 0.0575870049 0.0600511806 0.0630001033 
 0.0607535544 0.0634068833 0.0665316322 
 0.0639390082 0.0667687870 0.0700525681 
 0.0670833280 0.0700733900 0.0734966812 
 0.0701237511 0.0732554644 0.0767972914 
 0.0729976531 0.0762510610 0.0798903123 
 0.0756452701 0.0790002167 0.0827168265 
 0.0780119918 0.0814490872 0.0852249484 
 0.0800500491 0.0835513673 0.0873708942 
 0.0817195476 0.0852690050 0.0891193266 
 0.0829889272 0.0865723379 0.0904431517 
 0.0838350028 0.0874398499 0.0913229969 
 0.0842427795 0.0878577637 0.0917465993 
 0.0842052209 0.0878196607 0.0917082957 
 0.0837231029 0.0873262639 0.0912087449 
 0.0828050230 0.0863854530 0.0902549485 
 0.0814675552 0.0850125042 0.0888605619 
 0.0797354728 0.0832304729 0.0870464193 
 0.0776418934 0.0810705724 0.0848411287 
 0.0752281658 0.0785723521 0.0822815386 
 0.0725433085 0.0757834608 0.0794128475 
 0.0696428591 0.0727588082 0.0762881335 
 0.0665870763 0.0695590188 0.0729671467 
 0.0634385655 0.0662481951 0.0695143223 
 0.0602595289 0.0628911565 0.0659961245 
 0.0571089383 0.0595504480 0.0624779862 
 0.0540399699 0.0562834809 0.0590212157 
 0.0510979983 0.0531401610 0.0556802653 
 0.0483193446 0.0501612642 0.0525006932 
 0.0457308420 0.0473776820 0.0495180134 
 0.0433501489 0.0448105078 0.0467574635 
 0.0411866494 0.0424718197 0.0442345787 
 0.0392427385 0.0403659460 0.0419563652 
 0.0375152882 0.0384909901 0.0399228312 
 0.0359971277 0.0368404173 0.0381286517 
 0.0346784175 0.0354045583 0.0365647915 
 0.0335478475 0.0341719382 0.0352199696 
 0.0325936310 0.0331303892 0.0340819028 
 0.0318042941 0.0322679416 0.0331383139 
 0.0311692809 0.0315735079 0.0323777126 
 0.0306794012 0.0310373922 0.0317899809 
 0.0303271511 0.0306516538 0.0313667932 
 0.0301069332 0.0304103579 0.0311019080 
 0.0300151996 0.0303097379 0.0309913561 
 0.0300505338 0.0303482887 0.0310335501 
 0.0302136827 0.0305268027 0.0312293270 
 0.0305075423 0.0308483549 0.0315819299 
 0.0309370962 0.0313182322 0.0320969270 
 0.0315092971 0.0319437996 0.0327820552 
 0.0322328773 0.0327342859 0.0336469713 
 0.0331180684 0.0337004645 0.0347028832 
 0.0341762019 0.0348542006 0.0359620283 
 0.0354191633 0.0362078327 0.0374369658 
 0.0368586696 0.0377733561 0.0391396493 
 0.0385053454 0.0395613859 0.0410802620 
 0.0403675911 0.0415798950 0.0432658167 
 0.0424502568 0.0438327553 0.0456985671 
 0.0447531793 0.0463181534 0.0483743234 
 0.0472696811 0.0490270080 0.0512808316 
 0.0499851873 0.0519415723 0.0543964268 
 0.0528761537 0.0550344408 0.0576892040 
 0.0559095166 0.0582681859 0.0611169377 
 0.0590428492 0.0615958055 0.0646279041 
 0.0622253310 0.0649620552 0.0681626338 
 0.0653995187 0.0683055988 0.0716564546 
 0.0685037650 0.0715617593 0.0750425340 
 0.0714750157 0.0746655357 0.0782550321 
 0.0742516486 0.0775545121 0.0812319679 
 0.0767760276 0.0801713265 0.0839174869 
 0.0789965308 0.0824654831 0.0862633578 
 0.0808689333 0.0843944369 0.0882296916 
 0.0823571607 0.0859240199 0.0897850067 
 0.0834335319 0.0870283755 0.0909058490 
 0.0840786723 0.0876896129 0.0915762018 
 0.0842812865 0.0878973916 0.0917869005 
 0.0840379540 0.0876486031 0.0915352172 
 0.0833530499 0.0869472575 0.0908247171 
 0.0822388274 0.0858046072 0.0896654191 
 0.0807156183 0.0842394676 0.0880742183 
 0.0788120403 0.0822786195 0.0860754655 
 0.0765650474 0.0799571219 0.0837015303 
 0.0740196314 0.0773183247 0.0809931318 
 0.0712280022 0.0744133740 0.0779992059 
 0.0682481382 0.0713000533 0.0747761083 
 0.0651417054 0.0680409078 0.0713860435 
 0.0619714777 0.0647007366 0.0678947456 
 0.0587985100 0.0613436821 0.0643685950 
 0.0556793907 0.0580302536 0.0608714926 
 0.0526639021 0.0548146528 0.0574618867 
 0.0497933464 0.0517427222 0.0541903269 
 0.0470996719 0.0488507166 0.0510978223 
 0.0446053983 0.0461649479 0.0482151199 
 0.0423242249 0.0437022170 0.0455628663 
 0.0402621353 0.0414708471 0.0431524874 
 0.0384187888 0.0394720962 0.0409875564 
 0.0367890118 0.0377017323 0.0390654121 
 0.0353642407 0.0361515960 0.0373788233 
 0.0341338204 0.0348110323 0.0359175488 
 0.0330861104 0.0336681220 0.0346697048 
 0.0322093819 0.0327106913 0.0336229002 
 0.0314925201 0.0319271041 0.0327651368 
 0.0309255525 0.0313068620 0.0320854959 
 0.0305000341 0.0308410416 0.0315746437 
 0.0302093193 0.0305226032 0.0312251873 
 0.0300487434 0.0303465976 0.0310319163 
 0.0300157354 0.0303102945 0.0309919521 
 0.0301098768 0.0304132483 0.0311048250 
 0.0303329114 0.0306573107 0.0313724892 
 0.0306887100 0.0310465901 0.0317992756 
 0.0311831840 0.0315873541 0.0323917782 
 0.0318241362 0.0322878607 0.0331586579 
 0.0326210326 0.0331580986 0.0341103419 
 0.0335846699 0.0342094106 0.0352585882 
 0.0347267131 0.0354539681 0.0366158829 
 0.0360590705 0.0369040648 0.0381946338 
 0.0375930812 0.0385712001 0.0400061354 
 0.0393384943 0.0404649372 0.0420592920 
 0.0413022439 0.0425915446 0.0443591226 
 0.0434870499 0.0449524667 0.0469051127 
 0.0458899217 0.0475427211 0.0496895356 
 0.0485006900 0.0503493768 0.0526959300 
 0.0513007412 0.0533503133 0.0558979613 
 0.0542621612 0.0565134931 0.0592589130 
 0.0573474922 0.0597969554 0.0627320107 
 0.0605102581 0.0631496711 0.0662616810 
 0.0636963140 0.0665132710 0.0697856960 
 0.0668459435 0.0698245089 0.0732379914 
 0.0698964917 0.0730181817 0.0765518109 
 0.0727852244 0.0760301422 0.0796627725 
 0.0754520721 0.0788000401 0.0825114897 
 0.0778419646 0.0812735056 0.0850454935 
 0.0799065669 0.0834036258 0.0872203625 
 0.0816053618 0.0851517084 0.0890001173 
 0.0829061485 0.0864874569 0.0903570514 
 0.0837851084 0.0873887479 0.0912712255 
 0.0842266311 0.0878412290 0.0917298551 
 0.0842230802 0.0878379310 0.0917267871 
 0.0837746385 0.0873790353 0.0912622019 
 0.0828893034 0.0864718707 0.0903426102 
 0.0815830335 0.0851311373 0.0889811443 
 0.0798799702 0.0833792835 0.0871980702 
 0.0778125952 0.0812468911 0.0850213845 
 0.0754216429 0.0787728764 0.0824872986 
 0.0727555800 0.0760042922 0.0796403829 
 0.0698695025 0.0729955404 0.0765331482 
 0.0668233864 0.0698068806 0.0732248969 
 0.0636797518 0.0665022424 0.0697797936 
 0.0605009317 0.0631464949 0.0662642525 
 0.0573462394 0.0598024607 0.0627438961 
 0.0542693715 0.0565280334 0.0592804495 
 0.0513163509 0.0533737581 0.0559289691 
 0.0485242137 0.0503811436 0.0527357428 
 0.0459205136 0.0475818411 0.0497370686 
 0.0435235822 0.0449976704 0.0469589556 
 0.0413433926 0.0426413562 0.0444176427 
 0.0393828219 0.0405177658 0.0421207349 
 0.0376391104 0.0386254208 0.0400687153 
 0.0361053452 0.0369580854 0.0382566067 
 0.0347718459 0.0355062799 0.0366756029 
 0.0336273774 0.0342586254 0.0353145471 
 0.0326601594 0.0332029734 0.0341611948 
 0.0318586713 0.0323273127 0.0332032383 
 0.0312122703 0.0316204696 0.0324291051 
 0.0307116499 0.0310726281 0.0318285564 
 0.0303491695 0.0306757043 0.0313931193 
 0.0301190813 0.0304236046 0.0311163862 
 0.0300176783 0.0303123938 0.0309942107 
 0.0300433804 0.0303403932 0.0310248223 
 0.0301967701 0.0305082208 0.0312088740 
 0.0304805820 0.0308187797 0.0315494281 
 0.0308996442 0.0312771927 0.0320518804 
 0.0314607653 0.0318906732 0.0327238105 
 0.0321725506 0.0326683177 0.0335747403 
 0.0330451296 0.0336207956 0.0346157752 
 0.0340897664 0.0347599077 0.0358590958 
 0.0353183261 0.0360979812 0.0373172650 
 0.0367425664 0.0376470690 0.0390023184 
 0.0383732297 0.0394179301 0.0409246171 
 0.0402189265 0.0414187841 0.0430914655 
 0.0422848233 0.0436538651 0.0455055333 
 0.0445711863 0.0461218434 0.0481631744 
 0.0470718790 0.0488142378 0.0510527944 
 0.0497729643 0.0517139957 0.0541534749 
 0.0526516012 0.0547944619 0.0574340973 
 0.0556754489 0.0580189610 0.0608531985 
 0.0588027643 0.0613411789 0.0643597227 
 0.0619833097 0.0647064287 0.0678947061 
 0.0651600655 0.0680537457 0.0713937687 
 0.0682716091 0.0713186027 0.0747901319 
 0.0712548945 0.0744359205 0.0780177767 
 0.0740480994 0.0773429968 0.0810143446 
 0.0765932110 0.0799820179 0.0837234574 
 0.0788380990 0.0823019243 0.0860962752 
 0.0807379488 0.0842595503 0.0880922707 
 0.0822560586 0.0858200941 0.0896793375 
 0.0833641158 0.0869570829 0.0908334357 
 0.0840421279 0.0876520410 0.0915380098 
 0.0842782002 0.0878940726 0.0917833965 
 0.0840683248 0.0876795326 0.0915663927 
 0.0834162907 0.0870118952 0.0908900896 
 0.0823337539 0.0859018606 0.0897640101 
 0.0808404322 0.0843676633 0.0882045157 
 0.0789643173 0.0824354744 0.0862353780 
 0.0767417427 0.0801397275 0.0838883511 
 0.0742171183 0.0775231608 0.0812035269 
 0.0714421542 0.0746363673 0.0782292448 
 0.0684744596 0.0715366889 0.0750213493 
 0.0653755067 0.0682863928 0.0716416782 
 0.0622080805 0.0649502050 0.0681557950 
 0.0590334605 0.0615924195 0.0646301376 
 0.0559086548 0.0582739140 0.0611288981 
 0.0528840208 0.0550494406 0.0577110240 
 0.0500015345 0.0519655192 0.0544277225 
 0.0472938553 0.0490591437 0.0513207514 
 0.0447841946 0.0463573634 0.0484216294 
 0.0424868789 0.0438776609 0.0457517352 
 0.0404084237 0.0416289484 0.0433231412 
 0.0385489110 0.0396129593 0.0411399540 
 0.0369034785 0.0378258177 0.0391999208 
 0.0354637700 0.0362596071 0.0374960968 
 0.0342192474 0.0349038147 0.0360184161 
 0.0331583107 0.0337465787 0.0347550761 
 0.0322692121 0.0327757150 0.0336936901 
 0.0315407712 0.0319795248 0.0328222043 
 0.0309629154 0.0313474080 0.0321296004 
 0.0305270754 0.0308703115 0.0316064118 
 0.0302264635 0.0305410466 0.0312450910 
 0.0300562623 0.0303545023 0.0310402581 
 0.0300137415 0.0303077790 0.0309888562 
 0.0300983201 0.0304002590 0.0310902340 
 0.0303115803 0.0306336222 0.0313461645 
 0.0306572357 0.0310118103 0.0317608032 
 0.0311410483 0.0315409333 0.0323405797 
 0.0317706853 0.0322291070 0.0330940085 
 0.0325554973 0.0330862012 0.0340313965 
 0.0335061942 0.0341234720 0.0351644199 
 0.0346343942 0.0353530496 0.0365055342 
 0.0359520115 0.0367872463 0.0380671850 
 0.0374704587 0.0384376561 0.0398607902 
 0.0391996427 0.0403140306 0.0418954814 
 0.0411467533 0.0424229350 0.0441766240 
 0.0433148760 0.0447662294 0.0467041761 
 0.0457014989 0.0473394674 0.0494710074 
 0.0482970375 0.0501303610 0.0524613573 
 0.0510835470 0.0531175119 0.0556496590 
 0.0540338281 0.0562696372 0.0589999759 
 0.0571111318 0.0595455035 0.0624662579 
 0.0602696236 0.0628947143 0.0659935293 
 0.0634556722 0.0662593760 0.0695199730 
 0.0666098962 0.0695765141 0.0729797077 
 0.0696697666 0.0727809699 0.0763059221 
 0.0725724606 0.0758084198 0.0794339599 
 0.0752576254 0.0785981478 0.0823039854 
 0.0776697509 0.0810952778 0.0848629631 
 0.0797599545 0.0832523044 0.0870658467 
 0.0814871120 0.0850299085 0.0888760244 
 0.0828183947 0.0863971692 0.0902651845 
 0.0837293622 0.0873313650 0.0912128271 
 0.0842037997 0.0878175773 0.0917056528 
 0.0842334833 0.0878482967 0.0917370271 
 0.0838180155 0.0874231753 0.0913066625 
 0.0829648091 0.0865490054 0.0904205930 
 0.0816892241 0.0852399282 0.0890914443 
 0.0800147871 0.0835178037 0.0873389340 
 0.0779733595 0.0814126005 0.0851904677 
 0.0756050743 0.0789626180 0.0826816384 
 0.0729578537 0.0762143244 0.0798564046 
 0.0700863519 0.0732216181 0.0767667189 
 0.0670502538 0.0700443901 0.0734714368 
 0.0639119777 0.0667463836 0.0700344439 
 0.0607339642 0.0633924962 0.0665220865 
 0.0575758399 0.0600458005 0.0630001509 
 0.0544917923 0.0567646419 0.0595307489 
 0.0515284639 0.0536001742 0.0561695090 
 0.0487235811 0.0505946115 0.0529634182 
 0.0461053976 0.0477803413 0.0499495329 
 0.0436929038 0.0451798924 0.0471546127 
 0.0414966519 0.0428066244 0.0445955856 
 0.0395199963 0.0406659364 0.0422806462 
 0.0377605440 0.0387567656 0.0402107478 
 0.0362116415 0.0370731754 0.0383812604 
 0.0348637705 0.0356058785 0.0367836081 
 0.0337057748 0.0343435959 0.0354067626 
 0.0327258856 0.0332742029 0.0342385219 
 0.0319125403 0.0323856525 0.0332665532 
 0.0312550140 0.0316666893 0.0324792071 
 0.0307438891 0.0311073825 0.0318661294 
 0.0303713927 0.0306995099 0.0314187044 
 0.0301316305 0.0304368234 0.0311303632 
 0.0300207403 0.0303152232 0.0309967866 
 0.0300369822 0.0303328607 0.0310160251 
 0.0301807771 0.0304901825 0.0311885506 
 0.0304547006 0.0307899230 0.0315172475 
 0.0308634274 0.0312370426 0.0320073418 
 0.0314136233 0.0318386044 0.0326662566 
 0.0321137670 0.0326035730 0.0335033792 
 0.0329738852 0.0335425132 0.0345297118 
 0.0340051728 0.0346671590 0.0357573756 
 0.0352194709 0.0359898225 0.0371989329 
 0.0366285729 0.0375226087 0.0388664948 
 0.0382433319 0.0392764126 0.0407705924 
 0.0400725598 0.0412596909 0.0429188112 
 0.0421217285 0.0434770289 0.0453142254 
 0.0443915223 0.0459275689 0.0479537205 
 0.0468763344 0.0486034175 0.0508263505 
 0.0495628547 0.0514882069 0.0539119347 
 0.0524289381 0.0545560258 0.0571801362 
 0.0554429629 0.0577709491 0.0605902549 
 0.0585638721 0.0610873548 0.0640919100 
 0.0617420175 0.0644511237 0.0676266557 
 0.0649208166 0.0678016774 0.0711304213 
 0.0680390879 0.0710746567 0.0745365007 
 0.0710338117 0.0742049227 0.0777787147 
 0.0738429840 0.0771295045 0.0807943432 
 0.0764082312 0.0797901513 0.0835264973 
 0.0786769280 0.0821352512 0.0859257364 
 0.0806036793 0.0841210246 0.0879508998 
 0.0821511632 0.0857120405 0.0895692577 
 0.0832904401 0.0868812124 0.0907561848 
 0.0840009036 0.0876094815 0.0914945870 
 0.0842700637 0.0878853999 0.0917743040 
 0.0840933306 0.0877047899 0.0915916608 
 0.0834739132 0.0870705960 0.0909492801 
 0.0824228782 0.0859929741 0.0898561973 
 0.0809593378 0.0844895875 0.0883282501 
 0.0791106655 0.0825860072 0.0863886424 
 0.0769125807 0.0803160493 0.0840685230 
 0.0744089136 0.0777218463 0.0814073650 
 0.0716508720 0.0748534387 0.0784529151 
 0.0686956881 0.0717677212 0.0752605050 
 0.0656046264 0.0685266718 0.0718915975 
 0.0624404656 0.0651949266 0.0684115703 
 0.0592646884 0.0618369105 0.0648868995 
 0.0561347019 0.0585138474 0.0613820459 
 0.0531014189 0.0552810185 0.0579564338 
 0.0502074734 0.0521856033 0.0546619076 
 0.0474862245 0.0492653212 0.0515409582 
 0.0449615687 0.0465479497 0.0486258641 
 0.0426484562 0.0440516490 0.0459387303 
 0.0405539353 0.0417859196 0.0434922739 
 0.0386785132 0.0397529726 0.0412911358 
 0.0370176433 0.0379492922 0.0393334755 
 0.0355631815 0.0363672096 0.0376126388 
 0.0343047111 0.0349963591 0.0361187406 
 0.0332306778 0.0338249414 0.0348400644 
 0.0323293187 0.0328407665 0.0337642325 
 0.0315893915 0.0320320768 0.0328791401 
 0.0310007267 0.0313881739 0.0321736724 
 0.0305546331 0.0308998779 0.0316382335 
 0.0302441835 0.0305598533 0.0312651238 
 0.0300644092 0.0303628294 0.0310487957 
 0.0300124221 0.0303057389 0.0309860158 
 0.0300874801 0.0303877928 0.0310759522 
 0.0302910043 0.0306105002 0.0313201977 
 0.0306265512 0.0309776362 0.0317227327 
 0.0310997337 0.0314951534 0.0322898222 
 0.0317180828 0.0321710247 0.0330298332 
 0.0324908321 0.0330149993 0.0339529512 
 0.0334286035 0.0340382449 0.0350707679 
 0.0345429654 0.0352528476 0.0363957051 
 0.0358458344 0.0366711340 0.0379402417 
 0.0373486925 0.0383047883 0.0397159139 
 0.0390615987 0.0401637444 0.0417320746 
 0.0409919929 0.0422548583 0.0439944287 
 0.0431433201 0.0445803996 0.0465034011 
 0.0455135420 0.0471364524 0.0492524533 
 0.0480936551 0.0499113689 0.0522265231 
 0.0508663820 0.0528844729 0.0554008132 
 0.0538052408 0.0560252401 0.0587401731 
 0.0568741979 0.0592931732 0.0621992880 
 0.0600280716 0.0626385217 0.0657237957 
 0.0632137588 0.0660038845 0.0692523080 
 0.0663722301 0.0693265765 0.0727191458 
 0.0694410995 0.0725415013 0.0760574596 
 0.0723574712 0.0755841738 0.0792023329 
 0.0750607210 0.0783935230 0.0820934890 
 0.0774949071 0.0809141721 0.0846773293 
 0.0796106028 0.0830980250 0.0869081815 
 0.0813660764 0.0849051328 0.0887487965 
 0.0827278685 0.0863039459 0.0901702512 
 0.0836709124 0.0872711385 0.0911514782 
 0.0841783842 0.0877912206 0.0916786569 
 0.0842414683 0.0878561381 0.0917446669 
 0.0838591838 0.0874650104 0.0913487501 
 0.0830383565 0.0866240919 0.0904964625 
 0.0817937457 0.0853469642 0.0891999237 
 0.0801482614 0.0836548978 0.0874783035 
 0.0781331413 0.0815772467 0.0853584160 
 0.0757879115 0.0791516893 0.0828752345 
 0.0731599408 0.0764241023 0.0800721001 
 0.0703034305 0.0734478706 0.0770003985 
 0.0672777600 0.0702825021 0.0737185258 
 0.0641452300 0.0669915380 0.0702900726 
 0.0609683729 0.0636398875 0.0667813001 
 0.0578071154 0.0602908580 0.0632581413 
 0.0547161260 0.0570032350 0.0597830808 
 0.0517426623 0.0538287737 0.0564123096 
 0.0489251405 0.0508103917 0.0531935102 
 0.0462925188 0.0479812164 0.0501644984 
 0.0438644539 0.0453644922 0.0473527908 
 0.0416520867 0.0429742236 0.0447760136 
 0.0396592589 0.0408163522 0.0424429621 
 0.0378839542 0.0388902414 0.0403550715 
 0.0363197873 0.0371902637 0.0385080694 
 0.0349574092 0.0357073324 0.0368936195 
 0.0337857485 0.0344302748 0.0355008292 
 0.0327930518 0.0333469951 0.0343175450 
 0.0319677178 0.0324454136 0.0333314129 
 0.0312989412 0.0317141954 0.0325307091 
 0.0307771938 0.0311432961 0.0319049651 
 0.0303945706 0.0307243552 0.0314454231 
 0.0301450306 0.0304509697 0.0311453526 
 0.0300245554 0.0303188745 0.0310002608 
 0.0300312437 0.0303260497 0.0310080173 
 0.0301653540 0.0304727690 0.0311689118 
 0.0304293007 0.0307615962 0.0314856490 
 0.0308276035 0.0311973272 0.0319632822 
 0.0313667832 0.0317868727 0.0326090760 
 0.0320551898 0.0325390629 0.0334322803 
 0.0329027444 0.0334643548 0.0344437907 
 0.0339205699 0.0345744130 0.0356556655 
 0.0351204808 0.0358815308 0.0370804628 
 0.0365143027 0.0373978618 0.0387303653 
 0.0381129964 0.0391344338 0.0406160703 
 0.0399255722 0.0410999372 0.0427454410 
 0.0419578056 0.0432993064 0.0451219542 
 0.0442107981 0.0457321550 0.0477430270 
 0.0466794736 0.0483911798 0.0505983646 
 0.0493511535 0.0512607026 0.0536685309 
 0.0522043961 0.0543155654 0.0569239817 
 0.0552083106 0.0575206069 0.0603247960 
 0.0583225408 0.0608309147 0.0638212869 
 0.0614980466 0.0641929570 0.0673555485 
 0.0646787012 0.0675465617 0.0708638399 
 0.0678035824 0.0708275563 0.0742795460 
 0.0708097121 0.0739707570 0.0775363405 
 0.0736349147 0.0769129331 0.0805711487 
 0.0762204608 0.0795953992 0.0833265708 
 0.0785132288 0.0819659879 0.0857525604 
 0.0804672377 0.0839802979 0.0878073128 
 0.0820445353 0.0856022579 0.0894574632 
 0.0832155436 0.0868041551 0.0906777872 
 0.0839590299 0.0875663346 0.0914506393 
 0.0842618963 0.0878767843 0.0917653507 
 0.0841189591 0.0877307827 0.0916177642 
 0.0835328361 0.0871307345 0.0910100252 
 0.0825139937 0.0860862416 0.0899506736 
 0.0810809272 0.0846143863 0.0884550147 
 0.0792603794 0.0827401280 0.0865456753 
 0.0770874414 0.0804966530 0.0842531875 
 0.0746053482 0.0779254722 0.0816163913 
 0.0718647877 0.0750760561 0.0786824235 
 0.0689225969 0.0720048334 0.0755060837 
 0.0658398158 0.0687734737 0.0721484391 
 0.0626792018 0.0654465066 0.0686746627 
 0.0595024322 0.0620884754 0.0651512528 
 0.0563673096 0.0587609436 0.0616429288 
 0.0533253062 0.0555197231 0.0582095900 
 0.0504197237 0.0524126609 0.0549037233 
 0.0476846367 0.0494782164 0.0517685652 
 0.0451446446 0.0467449144 0.0488371731 
 0.0428153418 0.0442316136 0.0461323991 
 0.0407043283 0.0419484238 0.0436676278 
 0.0388125542 0.0398980529 0.0414480556 
 0.0371358028 0.0380773621 0.0394722727 
 0.0356661538 0.0364789434 0.0377339311 
 0.0343933203 0.0350925882 0.0362233381 
 0.0333057992 0.0339065662 0.0349288715 
 0.0323918156 0.0329086857 0.0338381678 
 0.0316400664 0.0320871320 0.0329390736 
 0.0310402850 0.0314311082 0.0322203782 
 0.0305836567 0.0309313064 0.0316723555 
 0.0302631125 0.0305802422 0.0312871512 
 0.0300735298 0.0303724819 0.0310590474 
 0.0300118592 0.0303047873 0.0309846309 
 0.0300771940 0.0303761947 0.0310628851 
 0.0302707910 0.0305880385 0.0312952186 
 0.0305960458 0.0309439232 0.0316854326 
 0.0310584185 0.0314496400 0.0322396231 
 0.0316653003 0.0321130150 0.0329660055 
 0.0324258046 0.0329436730 0.0338746394 
 0.0333504613 0.0339526895 0.0349770277 
 0.0344507857 0.0351521023 0.0362855543 
 0.0357386941 0.0365542493 0.0378127276 
 0.0372257350 0.0381709016 0.0395701984 
 0.0389221178 0.0400121735 0.0415675389 
 0.0408355319 0.0420852108 0.0438107927 
 0.0429697829 0.0443926942 0.0463008532 
 0.0453233096 0.0469312422 0.0490317783 
 0.0478876960 0.0496898547 0.0519892132 
 0.0506463426 0.0526485892 0.0551491436 
 0.0535734987 0.0557776964 0.0584772230 
 0.0566338641 0.0590374343 0.0619288938 
 0.0597829301 0.0623787210 0.0654504313 
 0.0629681432 0.0657446703 0.0689808997 
 0.0661308462 0.0690729076 0.0724548430 
 0.0692088130 0.0722984151 0.0758053888 
 0.0721390859 0.0753565564 0.0789673681 
 0.0748607741 0.0781859080 0.0818800642 
 0.0773175018 0.0807305885 0.0844893084 
 0.0794592902 0.0829419006 0.0867487902 
 0.0812437868 0.0847792512 0.0886206078 
 0.0826368856 0.0862104453 0.0900752089 
 0.0836128761 0.0872115351 0.0910909417 
 0.0841543075 0.0877664419 0.0916534479 
 0.0842517545 0.0878665500 0.0917551060 
 0.0839036359 0.0875104310 0.0913946735 
 0.0831161737 0.0867037854 0.0905772149 
 0.0819035090 0.0854596196 0.0893143297 
 0.0802879164 0.0837985977 0.0876246246 
 0.0782999902 0.0817494397 0.0855343048 
 0.0759786280 0.0793491819 0.0830777033 
 0.0733706227 0.0766430864 0.0802975207 
 0.0705296996 0.0736839998 0.0772445505 
 0.0675149124 0.0705310241 0.0739767037 
 0.0643884275 0.0672474781 0.0705572522 
 0.0612128597 0.0638982685 0.0670523535 
 0.0580484339 0.0605469319 0.0635280769 
 0.0549503067 0.0572526971 0.0600472783 
 0.0519663660 0.0540679340 0.0566667207 
 0.0491357401 0.0510362845 0.0534348005 
 0.0464881179 0.0481916425 0.0503901191 
 0.0440438505 0.0455579981 0.0475609802 
 0.0418146949 0.0431500298 0.0449657401 
 0.0398050047 0.0409742495 0.0426138247 
 0.0380131610 0.0390304702 0.0405071777 
 0.0364330629 0.0373133926 0.0386419062 
 0.0350555429 0.0358141447 0.0370099309 
 0.0338696223 0.0345216700 0.0356005062 
 0.0328635678 0.0334239073 0.0344015349 
 0.0320257408 0.0325087468 0.0334006458 
 0.0313452554 0.0317647744 0.0325860412 
 0.0308124707 0.0311818300 0.0319471376 
 