0.1414603741 0.1393388252 0.1370517813 
 0.1414268334 0.1393007865 0.1370092741 
 0.1413872342 0.1392604869 0.1369680021 
 0.1413419071 0.1392182562 0.1369282945 
 0.1412912356 0.1391744519 0.1368904849 
 0.1412356556 0.1391294581 0.1368549110 
 0.1411756541 0.1390836851 0.1368219135 
 0.1411117678 0.1390375664 0.1367918336 
 0.1410445808 0.1389915566 0.1367650091 
 0.1409747214 0.1389461270 0.1367417706 
 0.1409028584 0.1389017611 0.1367224350 
 0.1408296959 0.1388589492 0.1367073002 
 0.1407559684 0.1388181818 0.1366966371 
 0.1406824336 0.1387799430 0.1366906833 
 0.1406098656 0.1387447030 0.1366896345 
 0.1405390462 0.1387129104 0.1366936378 
 0.1404707564 0.1386849844 0.1367027843 
 0.1404057664 0.1386613068 0.1367171029 
 0.1403448261 0.1386422148 0.1367365546 
 0.1402886540 0.1386279935 0.1367610289 
 0.1402379267 0.1386188697 0.1367903405 
 0.1401932688 0.1386150065 0.1368242288 
 0.1401552418 0.1386164983 0.1368623581 
 0.1401243349 0.1386233683 0.1369043210 
 0.1401009556 0.1386355656 0.1369496420 
 0.1400854218 0.1386529655 0.1369977847 
 0.1400779553 0.1386753701 0.1370481595 
 0.1400786763 0.1387025110 0.1371001335 
 0.1400876004 0.1387340531 0.1371530412 
 0.1401046366 0.1387696004 0.1372061969 
 0.1401295883 0.1388087023 0.1372589068 
 0.1401621557 0.1388508619 0.1373104828 
 0.1402019399 0.1388955446 0.1373602550 
 0.1402484503 0.1389421876 0.1374075843 
 0.1403011121 0.1389902101 0.1374518742 
 0.1403592767 0.1390390232 0.1374925818 
 0.1404222325 0.1390880400 0.1375292266 
 0.1404892173 0.1391366852 0.1375613979 
 0.1405594310 0.1391844040 0.1375887609 
 0.1406320484 0.1392306703 0.1376110601 
 0.1407062324 0.1392749933 0.1376281205 
 0.1407811462 0.1393169232 0.1376398475 
 0.1408559646 0.1393560558 0.1376462241 
 0.1409298855 0.1393920349 0.1376473067 
 0.1410021381 0.1394245541 0.1376432192 
 0.1410719915 0.1394533569 0.1376341461 
 0.1411387610 0.1394782357 0.1376203241 
 0.1412018132 0.1394990300 0.1376020340 
 0.1412605692 0.1395156233 0.1375795913 
 0.1413145075 0.1395279404 0.1375533382 
 0.1413631648 0.1395359435 0.1375236349 
 0.1414061368 0.1395396291 0.1374908527 
 0.1414430777 0.1395390240 0.1374553670 
 0.1414736992 0.1395341827 0.1374175530 
 0.1414977699 0.1395251851 0.1373777806 
 0.1415151141 0.1395121342 0.1373364129 
 0.1415256106 0.1394951549 0.1372938037 
 0.1415291917 0.1394743938 0.1372502981 
 0.1415258430 0.1394500186 0.1372062326 
 0.1415156028 0.1394222192 0.1371619368 
 0.1414985616 0.1393912082 0.1371177354 
 0.1414748627 0.1393572220 0.1370739503 
 0.1414447022 0.1393205224 0.1370309031 
 0.1414083288 0.1392813973 0.1369889172 
 0.1413660446 0.1392401617 0.1369483194 
 0.1413182046 0.1391971580 0.1369094406 
 0.1412652164 0.1391527561 0.1368726166 
 0.1412075397 0.1391073524 0.1368381866 
 0.1411456845 0.1390613681 0.1368064919 
 0.1410802097 0.1390152468 0.1367778726 
 0.1410117200 0.1389694512 0.1367526637 
 0.1409408628 0.1389244589 0.1367311902 
 0.1408683238 0.1388807571 0.1367137609 
 0.1407948217 0.1388388368 0.1367006622 
 0.1407211023 0.1387991865 0.1366921505 
 0.1406479318 0.1387622845 0.1366884448 
 0.1405760886 0.1387285921 0.1366897192 
 0.1405063551 0.1386985450 0.1366960958 
 0.1404395085 0.1386725459 0.1367076375 
 0.1403763106 0.1386509569 0.1367243423 
 0.1403174977 0.1386340918 0.1367461387 
 0.1402637704 0.1386222092 0.1367728817 
 0.1402157821 0.1386155072 0.1368043510 
 0.1401741295 0.1386141173 0.1368402511 
 0.1401393416 0.1386181011 0.1368802125 
 0.1401118707 0.1386274478 0.1369237955 
 0.1400920837 0.1386420720 0.1369704954 
 0.1400802547 0.1386618149 0.1370197500 
 0.1400765590 0.1386864455 0.1370709482 
 0.1400810686 0.1387156638 0.1371234404 
 0.1400937500 0.1387491057 0.1371765500 
 0.1401144632 0.1387863489 0.1372295859 
 0.1401429633 0.1388269204 0.1372818551 
 0.1401789041 0.1388703046 0.1373326760 
 0.1402218436 0.1389159526 0.1373813915 
 0.1402712511 0.1389632920 0.1374273805 
 0.1403265166 0.1390117371 0.1374700701 
 0.1403869610 0.1390606986 0.1375089450 
 0.1404518481 0.1391095940 0.1375435560 
 0.1405203966 0.1391578565 0.1375735271 
 0.1405917936 0.1392049437 0.1375985598 
 0.1406652070 0.1392503451 0.1376184356 
 0.1407397985 0.1392935885 0.1376330171 
 0.1408147357 0.1393342449 0.1376422461 
 0.1408892030 0.1393719323 0.1376461402 
 0.1409624120 0.1394063175 0.1376447882 
 0.1410336098 0.1394371175 0.1376383429 
 0.1411020864 0.1394640989 0.1376270144 
 0.1411671804 0.1394870763 0.1376110610 
 0.1412282837 0.1395059103 0.1375907810 
 0.1412848437 0.1395205040 0.1375665034 
 0.1413363662 0.1395308005 0.1375385801 
 0.1413824153 0.1395367782 0.1375073775 
 0.1414226139 0.1395384483 0.1374732698 
 0.1414566432 0.1395358511 0.1374366331 
 0.1414842415 0.1395290533 0.1373978409 
 0.1415052034 0.1395181458 0.1373572605 
 0.1415193786 0.1395032420 0.1373152508 
 0.1415266708 0.1394844770 0.1372721618 
 0.1415270372 0.1394620073 0.1372283348 
 0.1415204877 0.1394360108 0.1371841029 
 0.1415070848 0.1394066879 0.1371397933 
 0.1414869436 0.1393742621 0.1370957292 
 0.1414602314 0.1393389814 0.1370522322 
 0.1414271688 0.1393011196 0.1370096244 
 0.1413880291 0.1392609768 0.1369682308 
 0.1413431387 0.1392188809 0.1369283799 
 0.1412928769 0.1391751869 0.1368904050 
 0.1412376754 0.1391302769 0.1368546434 
 0.1411780172 0.1390845591 0.1368214358 
 0.1411144351 0.1390384652 0.1367911231 
 0.1410475093 0.1389924481 0.1367640435 
 0.1409778646 0.1389469777 0.1367405282 
 0.1409061663 0.1389025366 0.1367208953 
 0.1408331159 0.1388596144 0.1367054440 
 0.1407594452 0.1388187017 0.1366944476 
 0.1406859102 0.1387802829 0.1366881462 
 0.1406132832 0.1387448293 0.1366867387 
 0.1405423456 0.1387127910 0.1366903760 
 0.1404738781 0.1386845894 0.1366991534 
 0.1404086517 0.1386606091 0.1367131044 
 0.1403474175 0.1386411904 0.1367321954 
 0.1402908964 0.1386266222 0.1367563207 
 0.1402397680 0.1386171357 0.1367853008 
 0.1401946606 0.1386128984 0.1368188802 
 0.1401561405 0.1386140098 0.1368567286 
 0.1401247021 0.1386204979 0.1368984433 
 0.1401007590 0.1386323172 0.1369435537 
 0.1400846359 0.1386493482 0.1369915271 
 0.1400765614 0.1386713980 0.1370417772 
 0.1400766636 0.1386982031 0.1370936736 
 0.1400849657 0.1387294330 0.1371465524 
 0.1401013847 0.1387646957 0.1371997285 
 0.1401257317 0.1388035442 0.1372525081 
 0.1401577147 0.1388454847 0.1373042015 
 0.1401969421 0.1388899849 0.1373541368 
 0.1402429302 0.1389364837 0.1374016717 
 0.1402951103 0.1389844013 0.1374462061 
 0.1403528392 0.1390331491 0.1374871922 
 0.1404154103 0.1390821397 0.1375241444 
 0.1404820650 0.1391307969 0.1375566466 
 0.1405520061 0.1391785643 0.1375843580 
 0.1406244104 0.1392249134 0.1376070170 
 0.1406984418 0.1392693510 0.1376244428 
 0.1407732635 0.1393114246 0.1376365350 
 0.1408480498 0.1393507266 0.1376432711 
 0.1409219970 0.1393868977 0.1376447025 
 0.1409943324 0.1394196283 0.1376409488 
 0.1410643224 0.1394486586 0.1376321905 
 0.1411312793 0.1394737780 0.1376186613 
 0.1411945662 0.1394948231 0.1376006395 
 0.1412536006 0.1395116747 0.1375784389 
 0.1413078571 0.1395242553 0.1375524006 
 0.1413568688 0.1395325251 0.1375228844 
 0.1414002272 0.1395364784 0.1374902614 
 0.1414375825 0.1395361404 0.1374549078 
 0.1414686427 0.1395315643 0.1374171993 
 0.1414931726 0.1395228285 0.1373775070 
 0.1415109924 0.1395100347 0.1373361950 
 0.1415219771 0.1394933066 0.1372936183 
 0.1415260555 0.1394727895 0.1372501231 
 0.1415232092 0.1394486497 0.1372060469 
 0.1415134725 0.1394210757 0.1371617199 
 0.1414969324 0.1393902784 0.1371174675 
 0.1414737280 0.1393564927 0.1370736119 
 0.1414440513 0.1393199783 0.1370304748 
 0.1414081472 0.1392810211 0.1369883794 
 0.1413663134 0.1392399341 0.1369476523 
 0.1413189009 0.1391970576 0.1369086241 
 0.1412663132 0.1391527593 0.1368716302 
 0.1412090056 0.1391074333 0.1368370096 
 0.1411474843 0.1390614990 0.1368051033 
 0.1410823042 0.1390153982 0.1367762516 
 0.1410140662 0.1389695919 0.1367507898 
 0.1409434143 0.1389245566 0.1367290437 
 0.1408710310 0.1388807785 0.1367113235 
 0.1407976321 0.1388387483 0.1366979171 
 0.1407239612 0.1387989546 0.1366890833 
 0.1406507826 0.1387618762 0.1366850439 
 0.1405788736 0.1387279756 0.1366859764 
 0.1405090160 0.1386976903 0.1366920067 
 0.1404419870 0.1386714253 0.1367032021 
 0.1403785493 0.1386495455 0.1367195655 
 0.1403194411 0.1386323680 0.1367410302 
 0.1402653650 0.1386201555 0.1367674564 
 0.1402169781 0.1386131101 0.1367986292 
 0.1401748808 0.1386113680 0.1368342582 
 0.1401396071 0.1386149959 0.1368739790 
 0.1401116149 0.1386239875 0.1369173564 
 0.1400912773 0.1386382630 0.1369638901 
 0.1400788750 0.1386576684 0.1370130212 
 0.1400745906 0.1386819775 0.1370641414 
 0.1400785037 0.1387108951 0.1371166031 
 0.1400905883 0.1387440611 0.1371697308 
 0.1401107124 0.1387810572 0.1372228335 
 0.1401386388 0.1388214134 0.1372752175 
 0.1401740287 0.1388646169 0.1373261994 
 0.1402164470 0.1389101208 0.1373751193 
 0.1402653696 0.1389573540 0.1374213527 
 0.1403201923 0.1390057312 0.1374643223 
 0.1403802412 0.1390546633 0.1375035080 
 0.1404447842 0.1391035669 0.1375384552 
 0.1405130435 0.1391518739 0.1375687822 
 0.1405842085 0.1391990399 0.1375941843 
 0.1406574486 0.1392445523 0.1376144374 
 0.1407319263 0.1392879361 0.1376293979 
 0.1408068087 0.1393287592 0.1376390020 
 0.1408812795 0.1393666365 0.1376432624 
 0.1409545483 0.1394012318 0.1376422627 
 0.1410258601 0.1394322587 0.1376361521 
 0.1410945021 0.1394594807 0.1376251368 
 0.1411598097 0.1394827096 0.1376094727 
 0.1412211713 0.1395018032 0.1375894558 
 0.1412780309 0.1395166622 0.1375654139 
 0.1413298902 0.1395272274 0.1375376981 
 0.1413763096 0.1395334754 0.1375066746 
 0.1414169082 0.1395354156 0.1374727180 
 0.1414513632 0.1395330868 0.1374362052 
 0.1414794093 0.1395265544 0.1373975104 
 0.1415008372 0.1395159080 0.1373570022 
 0.1415154928 0.1395012599 0.1373150408 
 0.1415232763 0.1394827439 0.1372719774 
 0.1415241410 0.1394605153 0.1372281543 
 0.1415180932 0.1394347508 0.1371839056 
 0.1415051915 0.1394056491 0.1371395591 
 0.1414855470 0.1393734323 0.1370954387 
 0.1414593234 0.1393383466 0.1370518661 
 0.1414267371 0.1393006638 0.1370091637 
 0.1413880575 0.1392606823 0.1369676561 
 0.1413436068 0.1392187275 0.1369276716 
 0.1412937602 0.1391751527 0.1368895432 
 0.1412389453 0.1391303377 0.1368536080 
 0.1411796410 0.1390846885 0.1368202063 
 0.1411163762 0.1390386352 0.1367896790 
 0.1410497272 0.1389926287 0.1367623647 
 0.1409803153 0.1389471378 0.1367385949 
 0.1409088024 0.1389026439 0.1367186888 
 0.1408358871 0.1388596360 0.1367029471 
 0.1407622986 0.1388186044 0.1366916450 
 0.1406887907 0.1387800340 0.1366850251 
 0.1406161345 0.1387443968 0.1366832895 
 0.1405451102 0.1387121444 0.1366865925 
 0.1404764983 0.1386837002 0.1366950337 
 0.1404110705 0.1386594513 0.1367086510 
 0.1403495789 0.1386397413 0.1367274155 
 0.1402927465 0.1386248626 0.1367512270 
 0.1402412559 0.1386150503 0.1367799109 
 0.1401957389 0.1386104766 0.1368132171 
 0.1401567663 0.1386112455 0.1368508204 
 0.1401248376 0.1386173902 0.1368923230 
 0.1401003724 0.1386288702 0.1369372586 
 0.1400837017 0.1386455709 0.1369850986 
 0.1400750614 0.1386673047 0.1370352598 
 0.1400745865 0.1386938125 0.1370871141 
 0.1400823081 0.1387247685 0.1371399995 
 0.1400981510 0.1387597846 0.1371932313 
 0.1401219340 0.1387984175 0.1372461155 
 0.1401533725 0.1388401761 0.1372979612 
 0.1401920823 0.1388845306 0.1373480943 
 0.1402375861 0.1389309216 0.1373958695 
 0.1402893217 0.1389787701 0.1374406827 
 0.1403466513 0.1390274877 0.1374819817 
 0.1404088727 0.1390764868 0.1375192756 
 0.1404752311 0.1391251899 0.1375521427 
 0.1405449322 0.1391730389 0.1375802363 
 0.1406171546 0.1392195034 0.1376032889 
 0.1406910631 0.1392640873 0.1376211136 
 0.1407658211 0.1393063353 0.1376336040 
 0.1408406024 0.1393458366 0.1376407323 
 0.1409146014 0.1393822288 0.1376425448 
 0.1409870436 0.1394151987 0.1376391565 
 0.1410571927 0.1394444834 0.1376307440 
 0.1411243579 0.1394698692 0.1376175379 
 0.1411878989 0.1394911896 0.1375998138 
 0.1412472295 0.1395083229 0.1375778838 
 0.1413018207 0.1395211891 0.1375520878 
 0.1413512013 0.1395297462 0.1375227849 
 0.1413949592 0.1395339866 0.1374903465 
 0.1414327407 0.1395339339 0.1374551490 
 0.1414642498 0.1395296398 0.1374175689 
 0.1414892474 0.1395211812 0.1373779784 
 0.1415075501 0.1395086587 0.1373367425 
 0.1415190291 0.1394921948 0.1372942178 
 0.1415236094 0.1394719334 0.1372507513 
 0.1415212689 0.1394480397 0.1372066815 
 0.1415120383 0.1394207007 0.1371623396 
 0.1414960005 0.1393901258 0.1371180516 
 0.1414732910 0.1393565482 0.1370741399 
 0.1414440979 0.1393202260 0.1370309265 
 0.1414086619 0.1392814431 0.1369887347 
 0.1413672769 0.1392405104 0.1369478907 
 0.1413202897 0.1391977661 0.1369087251 
 0.1412680997 0.1391535760 0.1368715727 
 0.1412111585 0.1391083321 0.1368367723 
 0.1411499680 0.1390624518 0.1368046649 
 0.1410850794 0.1390163752 0.1367755909 
 0.1410170901 0.1389705619 0.1367498860 
 0.1409466406 0.1389254870 0.1367278767 
 0.1408744103 0.1388816361 0.1367098745 
 0.1408011124 0.1388394995 0.1366961691 
 0.1407274884 0.1387995659 0.1366870215 
 0.1406543008 0.1387623148 0.1366826563 
 0.1405823257 0.1387282099 0.1366832546 
 0.1405123446 0.1386976905 0.1366889459 
 0.1404451348 0.1386711640 0.1366998020 
 0.1403814603 0.1386489983 0.1367158306 
 0.1403220607 0.1386315139 0.1367369700 
 0.1402676416 0.1386189775 0.1367630858 
 0.1402188632 0.1386115955 0.1367939685 
 0.1401763302 0.1386095091 0.1368293331 
 0.1401405817 0.1386127898 0.1368688201 
 0.1401120810 0.1386214366 0.1369119993 
 0.1400912076 0.1386353747 0.1369583746 
 0.1400782491 0.1386544555 0.1370073911 
 0.1400733955 0.1386784578 0.1370584433 
 0.1400767338 0.1387070911 0.1371108859 
 0.1400882461 0.1387399998 0.1371640448 
 0.1401078079 0.1387767694 0.1372172293 
 0.1401351898 0.1388169333 0.1372697450 
 0.1401700605 0.1388599815 0.1373209070 
 0.1402119918 0.1389053690 0.1373700530 
 0.1402604661 0.1389525261 0.1374165551 
 0.1403148849 0.1390008682 0.1374598318 
 0.1403745791 0.1390498059 0.1374993581 
 0.1404388209 0.1390987552 0.1375346742 
 0.1405068355 0.1391471463 0.1375653924 
 0.1405778145 0.1391944330 0.1375912021 
 0.1406509286 0.1392401001 0.1376118730 
 0.1407253406 0.1392836696 0.1376272555 
 0.1408002172 0.1393247062 0.1376372800 
 0.1408747407 0.1393628215 0.1376419535 
 0.1409481186 0.1393976755 0.1376413548 
 0.1410195934 0.1394289785 0.1376356285 
 0.1410884491 0.1394564905 0.1376249771 
 0.1411540178 0.1394800200 0.1376096533 
 0.1412156838 0.1394994216 0.1375899506 
 0.1412728873 0.1395145935 0.1375661953 
 0.1413251259 0.1395254738 0.1375387371 
 0.1413719559 0.1395320367 0.1375079419 
 0.1414129922 0.1395342898 0.1374741841 
 0.1414479081 0.1395322701 0.1374378410 
 0.1414764340 0.1395260412 0.1373992877 
 0.1414983569 0.1395156914 0.1373588934 
 0.1415135187 0.1395013315 0.1373170196 
 0.1415218157 0.1394830942 0.1372740183 
 0.1415231975 0.1394611333 0.1372302328 
 0.1415176665 0.1394356239 0.1371859980 
 0.1415052776 0.1394067635 0.1371416426 
 0.1414861380 0.1393747724 0.1370974906 
 0.1414604075 0.1393398950 0.1370538641 
 0.1414282985 0.1393024014 0.1370110855 
 0.1413900764 0.1392625880 0.1369694793 
 0.1413460596 0.1392207782 0.1369293737 
 0.1412966193 0.1391773230 0.1368911012 
 0.1412421789 0.1391326005 0.1368549987 
 0.1411832137 0.1390870147 0.1368214064 
 0.1411202485 0.1390409939 0.1367906652 
 0.1410538563 0.1389949875 0.1367631140 
 0.1409846547 0.1389494629 0.1367390850 
 0.1409133029 0.1389049008 0.1367188984 
 0.1408404965 0.1388617896 0.1367028565 
 0.1407669626 0.1388206196 0.1366912366 
 0.1406934531 0.1387818764 0.1366842839 
 0.1406207380 0.1387460329 0.1366822037 
 0.1405495969 0.1387135426 0.1366851542 
 0.1404808105 0.1386848310 0.1366932390 
 0.1404151513 0.1386602882 0.1367065010 
 0.1403533731 0.1386402610 0.1367249163 
 0.1402962012 0.1386250460 0.1367483901 
 0.1402443216 0.1386148827 0.1367767534 
 0.1401983702 0.1386099479 0.1368097617 
 0.1401589225 0.1386103511 0.1368470954 
 0.1401264837 0.1386161304 0.1368883618 
 0.1401014796 0.1386272512 0.1369330994 
 0.1400842481 0.1386436042 0.1369807841 
 0.1400750323 0.1386650071 0.1370308363 
 0.1400739751 0.1386912061 0.1370826310 
 0.1400811153 0.1387218802 0.1371355080 
 0.1400963858 0.1387566456 0.1371887839 
 0.1401196132 0.1387950628 0.1372417647 
 0.1401505206 0.1388366441 0.1372937588 
 0.1401887311 0.1388808621 0.1373440901 
 0.1402337743 0.1389271592 0.1373921108 
 0.1402850938 0.1389749575 0.1374372129 
 0.1403420572 0.1390236688 0.1374788398 
 0.1404039667 0.1390727050 0.1375164957 
 0.1404700711 0.1391214875 0.1375497532 
 0.1405395785 0.1391694563 0.1375782597 
 0.1406116691 0.1392160785 0.1376017414 
 0.1406855083 0.1392608552 0.1376200052 
 0.1407602591 0.1393033277 0.1376329387 
 0.1408350939 0.1393430818 0.1376405080 
 0.1409092055 0.1393797510 0.1376427540 
 0.1409818165 0.1394130187 0.1376397866 
 0.1410521874 0.1394426178 0.1376317781 
 0.1411196238 0.1394683311 0.1376189552 
 0.1411834814 0.1394899886 0.1376015903 
 0.1412431699 0.1395074654 0.1375799932 
 0.1412981557 0.1395206782 0.1375545019 
 0.1413479635 0.1395295825 0.1375254745 
 0.1413921765 0.1395341681 0.1374932817 
 0.1414304366 0.1395344566 0.1374582997 
 0.1414624437 0.1395304976 0.1374209054 
 0.1414879543 0.1395223663 0.1373814713 
 0.1415067810 0.1395101615 0.1373403635 
 0.1415187909 0.1394940042 0.1372979389 
 0.1415239049 0.1394740368 0.1372545457 
 0.1415220971 0.1394504230 0.1372105229 
 0.1415133941 0.1394233482 0.1371662024 
 0.1414978751 0.1393930200 0.1371219104 
 0.1414756716 0.1393596700 0.1370779699 
 0.1414469676 0.1393235543 0.1370347028 
 0.1414120001 0.1392849550 0.1369924321 
 0.1413710589 0.1392441808 0.1369514841 
 0.1413244869 0.1392015682 0.1369121889 
 0.1412726795 0.1391574806 0.1368748812 
 0.1412160844 0.1391123083 0.1368398996 
 0.1411551998 0.1390664670 0.1368075850 
 0.1410905734 0.1390203950 0.1367782778 
 0.1410227992 0.1389745507 0.1367523146 
 0.1409525146 0.1389294082 0.1367300226 
 0.1408803962 0.1388854526 0.1367117148 
 0.1408071550 0.1388431741 0.1366976828 
 0.1407335307 0.1388030617 0.1366881900 
 0.1406602844 0.1387655962 0.1366834642 
 0.1405881918 0.1387312426 0.1366836899 
 0.1405180342 0.1387004425 0.1366890011 
 0.1404505899 0.1386736061 0.1366994742 
 0.1403866242 0.1386511046 0.1367151219 
 0.1403268792 0.1386332627 0.1367358881 
 0.1402720635 0.1386203513 0.1367616442 
 0.1402228415 0.1386125819 0.1367921865 
 0.1401798226 0.1386101009 0.1368272357 
 0.1401435512 0.1386129853 0.1368664383 
 0.1401144972 0.1386212400 0.1369093693 
 0.1400930468 0.1386347959 0.1369555376 
 0.1400794950 0.1386535102 0.1370043925 
 0.1400740395 0.1386771673 0.1370553324 
 0.1400767755 0.1387054818 0.1371077147 
 0.1400876931 0.1387381031 0.1371608671 
 0.1401066761 0.1387746211 0.1372140999 
 0.1401335031 0.1388145730 0.1372667186 
 0.1401678502 0.1388574517 0.1373180374 
 0.1402092966 0.1389027147 0.1373673917 
 0.1402573309 0.1389497937 0.1374141506 
 0.1403113605 0.1389981048 0.1374577288 
 0.1403707210 0.1390470587 0.1374975965 
 0.1404346885 0.1390960703 0.1375332888 
 0.1405024912 0.1391445684 0.1375644120 
 0.1405733225 0.1391920046 0.1375906495 
 0.1406463540 0.1392378606 0.1376117645 
 0.1407207482 0.1392816553 0.1376276012 
 0.1407956709 0.1393229498 0.1376380837 
 0.1408703024 0.1393613515 0.1376432131 
 0.1409438478 0.1393965166 0.1376430627 
 0.1410155461 0.1394281510 0.1376377719 
 0.1410846776 0.1394560108 0.1376275389 
 0.1411505703 0.1394799005 0.1376126125 
 0.1412126039 0.1394996710 0.1375932831 
 0.1412702141 0.1395152169 0.1375698745 
 0.1413228937 0.1395264729 0.1375427347 
 0.1413701942 0.1395334108 0.1375122282 
 0.1414117259 0.1395360351 0.1374787289 
 0.1414471573 0.1395343805 0.1374426136 
 0.1414762143 0.1395285085 0.1374042576 
 0.1414986795 0.1395185055 0.1373640305 
 0.1415143905 0.1395044803 0.1373222941 
 0.1415232393 0.1394865639 0.1372794012 
 0.1415251714 0.1394649083 0.1372356955 
 0.1415201851 0.1394396870 0.1371915124 
 0.1415083313 0.1394110955 0.1371471809 
 0.1414897131 0.1393793525 0.1371030253 
 0.1414644864 0.1393447005 0.1370593678 
 0.1414328596 0.1393074074 0.1370165305 
 0.1413950940 0.1392677677 0.1369748378 
 0.1413515041 0.1392261029 0.1369346175 
 0.1413024570 0.1391827618 0.1368962021 
 0.1412483726 0.1391381207 0.1368599280 
 0.1411897221 0.1390925816 0.1368261353 
 0.1411270270 0.1390465712 0.1367951651 
 0.1410608567 0.1390005376 0.1367673566 
 0.1409918259 0.1389549472 0.1367430428 
 0.1409205908 0.1389102798 0.1367225453 
 0.1408478448 0.1388670239 0.1367061680 
 0.1407743131 0.1388256699 0.1366941905 
 0.1407007463 0.1387867043 0.1366868609 
 0.1406279135 0.1387506015 0.1366843881 
 0.1405565942 0.1387178171 0.1366869342 
 0.1404875699 0.1386887792 0.1366946076 
 0.1404216143 0.1386638813 0.1367074562 
 0.1403594836 0.1386434742 0.1367254617 
 0.1403019061 0.1386278588 0.1367485352 
 0.1402495715 0.1386172796 0.1367765136 
 0.1402031204 0.1386119188 0.1368091587 
 0.1401631339 0.1386118916 0.1368461568 
 0.1401301233 0.1386172421 0.1368871212 
 0.1401045212 0.1386279417 0.1369315958 
 0.1400866729 0.1386438873 0.1369790615 
 0.1400768294 0.1386649024 0.1370289429 
 0.1400751418 0.1386907390 0.1370806187 
 0.1400816572 0.1387210814 0.1371334312 
 0.1400963169 0.1387555508 0.1371866988 
 0.1401189559 0.1387937119 0.1372397283 
 0.1401493051 0.1388350806 0.1372918276 
 0.1401869952 0.1388791324 0.1373423192 
 0.1402315626 0.1389253117 0.1373905530 
 0.1402824573 0.1389730420 0.1374359176 
 0.1403390519 0.1390217354 0.1374778525 
 0.1404006532 0.1390708033 0.1375158566 
 0.1404665133 0.1391196659 0.1375494972 
 0.1405358424 0.1391677613 0.1375784156 
 0.1406078222 0.1392145540 0.1376023318 
 0.1406816183 0.1392595419 0.1376210461 
 0.1407563927 0.1393022625 0.1376344398 
 0.1408313164 0.1393422977 0.1376424728 
 0.1409055796 0.1393792769 0.1376451798 
 0.1409784017 0.1394128789 0.1376426654 
 0.1410490394 0.1394428325 0.1376350968 
 0.1411167941 0.1394689160 0.1376226961 
 0.1411810169 0.1394909553 0.1376057324 
 0.1412411125 0.1395088216 0.1375845120 
 0.1412965425 0.1395224281 0.1375593707 
 0.1413468265 0.1395317266 0.1375306647 
 0.1413915427 0.1395367042 0.1374987633 
 0.1414303280 0.1395373795 0.1374640423 
 0.1414628775 0.1395337996 0.1374268778 
 0.1414889430 0.1395260374 0.1373876428 
 0.1415083325 0.1395141896 0.1373467030 
 0.1415209085 0.1394983752 0.1373044161 
 0.1415265877 0.1394787346 0.1372611303 
 0.1415253399 0.1394554297 0.1372171852 
 0.1415171875 0.1394286437 0.1371729129 
 0.1415022056 0.1393985828 0.1371286397 
 0.1414805214 0.1393654762 0.1370846885 
 0.1414523150 0.1393295781 0.1370413813 
 0.1414178193 0.1392911685 0.1369990408 
 0.1413773200 0.1392505541 0.1369579929 
 0.1413311561 0.1392080693 0.1369185675 
 0.1412797192 0.1391640755 0.1368810988 
 0.1412234531 0.1391189612 0.1368459253 
 0.1411628524 0.1390731402 0.1368133880 
 0.1410984613 0.1390270493 0.1367838274 
 0.1410308706 0.1389811460 0.1367575808 
 0.1409607148 0.1389359033 0.1367349765 
 0.1408886682 0.1388918061 0.1367163289 
 0.1408154398 0.1388493446 0.1367019318 
 0.1407417674 0.1388090086 0.1366920512 
 0.1406684115 0.1387712801 0.1366869183 
 0.1405961473 0.1387366260 0.1366867214 
 0.1405257567 0.1387054904 0.1366915990 
 0.1404580190 0.1386782867 0.1367016325 
 0.1403937015 0.1386553898 0.1367168401 
 0.1403335492 0.1386371288 0.1367371717 
 0.1402782742 0.1386237796 0.1367625046 
 0.1402285453 0.1386155589 0.1367926415 
 0.1401849772 0.1386126188 0.1368273095 
 0.1401481204 0.1386150425 0.1368661611 
 0.1401184513 0.1386228410 0.1369087773 
 0.1400963635 0.1386359517 0.1369546723 
 0.1400821600 0.1386542377 0.1370033005 
 0.1400760465 0.1386774896 0.1370540643 
 0.1400781268 0.1387054279 0.1371063244 
 0.1400883995 0.1387377071 0.1371594109 
 0.1401067570 0.1387739220 0.1372126356 
 0.1401329860 0.1388136138 0.1372653043 
 0.1401667707 0.1388562788 0.1373167305 
 0.1402076974 0.1389013772 0.1373662478 
 0.1402552616 0.1389483425 0.1374132228 
 0.1403088763 0.1389965917 0.1374570663 
 0.1403678823 0.1390455354 0.1374972441 
 0.1404315593 0.1390945878 0.1375332861 
 0.1404991385 0.1391431763 0.1375647928 
 0.1405698151 0.1391907499 0.1375914416 
 0.1406427614 0.1392367875 0.1376129892 
 0.1407171395 0.1392808046 0.1376292732 
 0.1407921140 0.1393223583 0.1376402114 
 0.1408668630 0.1393610519 0.1376457986 
 0.1409405887 0.1393965370 0.1376461022 
 0.1410125264 0.1394285152 0.1376412563 
 0.1410819523 0.1394567380 0.1376314542 
 0.1411481898 0.1394810055 0.1376169403 
 0.1412106138 0.1395011646 0.1375980018 
 0.1412686548 0.1395171058 0.1375749592 
 0.1413218005 0.1395287603 0.1375481583 
 0.1413695972 0.1395360962 0.1375179620 
 0.1414116500 0.1395391153 0.1374847429 
 0.1414476224 0.1395378492 0.1374488772 
 0.1414772354 0.1395323571 0.1374107399 
 0.1415002668 0.1395227227 0.1373707004 
 0.1415165494 0.1395090528 0.1373291207 
 0.1415259709 0.1394914763 0.1372863538 
 0.1415284721 0.1394701431 0.1372427436 
 0.1415240472 0.1394452248 0.1371986259 
 0.1415127426 0.1394169149 0.1371543295 
 0.1414946574 0.1393854299 0.1371101790 
 0.1414699432 0.1393510103 0.1370664962 
 0.1414388042 0.1393139221 0.1370236032 
 0.1414014979 0.1392744574 0.1369818240 
 0.1413583344 0.1392329357 0.1369414859 
 0.1413096772 0.1391897037 0.1369029210 
 0.1412559420 0.1391451356 0.1368664657 
 0.1411975963 0.1390996318 0.1368324596 
 0.1411351582 0.1390536171 0.1368012442 
 0.1410691936 0.1390075385 0.1367731591 
 0.1410003142 0.1389618613 0.1367485380 
 0.1409291736 0.1389170646 0.1367277037 
 0.1408564629 0.1388736369 0.1367109622 
 0.1407829053 0.1388320691 0.1366985954 
 0.1407092505 0.1387928484 0.1366908543 
 0.1406362667 0.1387564511 0.1366879515 
 0.1405647338 0.1387233348 0.1366900533 
 0.1404954337 0.1386939306 0.1366972730 
 0.1404291420 0.1386686355 0.1367096637 
 0.1403666171 0.1386478043 0.1367272129 
 0.1403085906 0.1386317427 0.1367498377 
 0.1402557562 0.1386207003 0.1367773814 
 0.1402087595 0.1386148650 0.1368096121 
 0.1401681871 0.1386143578 0.1368462226 
 0.1401345568 0.1386192293 0.1368868321 
 0.1401083083 0.1386294568 0.1369309905 
 0.1400897944 0.1386449439 0.1369781836 
 0.1400792743 0.1386655201 0.1370278411 
 0.1400769075 0.1386909437 0.1370793450 
 0.1400827497 0.1387209042 0.1371320410 
 0.1400967509 0.1387550281 0.1371852492 
 0.1401187546 0.1387928848 0.1372382773 
 0.1401484998 0.1388339938 0.1372904334 
 0.1401856250 0.1388778339 0.1373410388 
 0.1402296737 0.1389238517 0.1373894410 
 0.1402801021 0.1389714720 0.1374350257 
 0.1403362886 0.1390201077 0.1374772281 
 0.1403975443 0.1390691697 0.1375155426 
 0.1404631248 0.1391180772 0.1375495309 
 0.1405322429 0.1391662665 0.1375788284 
 0.1406040814 0.1392131993 0.1376031487 
 0.1406778064 0.1392583705 0.1376222859 
 0.1407525791 0.1393013139 0.1376361146 
 0.1408275689 0.1393416075 0.1376445883 
 0.1409019634 0.1393788762 0.1376477360 
 0.1409749787 0.1394127945 0.1376456563 
 0.1410458680 0.1394430868 0.1376385114 
 0.1411139280 0.1394695268 0.1376265189 
 0.1411785052 0.1394919363 0.1376099439 
 0.1412389995 0.1395101823 0.1375890895 
 0.1412948672 0.1395241743 0.1375642888 
 0.1413456226 0.1395338606 0.1375358960 
 0.1413908390 0.1395392250 0.1375042791 
 0.1414301480 0.1395402831 0.1374698128 
 0.1414632397 0.1395370793 0.1374328728 
 0.1414898611 0.1395296841 0.1373938317 
 0.1415098153 0.1395181918 0.1373530555 
 0.1415229603 0.1395027193 0.1373109019 
 0.1415292082 0.1394834049 0.1372677194 
 0.1415285243 0.1394604083 0.1372238477 
 0.1415209269 0.1394339111 0.1371796191 
 0.1415064865 0.1394041170 0.1371353599 
 0.1414853263 0.1393712533 0.1370913931 
 0.1414576221 0.1393355721 0.1370480402 
 0.1414236026 0.1392973512 0.1370056238 
 0.1413835496 0.1392568952 0.1369644693 
 0.1413377978 0.1392145362 0.1369249061 
 0.1412867348 0.1391706336 0.1368872682 
 0.1412308005 0.1391255738 0.1368518938 
 0.1411704860 0.1390797690 0.1368191238 
 0.1411063318 0.1390336545 0.1367892990 
 0.1410389254 0.1389876862 0.1367627571 
 0.1409688985 0.1389423366 0.1367398276 
 0.1408969226 0.1388980900 0.1367208264 
 0.1408237047 0.1388554368 0.1367060492 
 0.1407499810 0.1388148673 0.1366957649 
 0.1406765109 0.1387768646 0.1366902077 
 0.1406040693 0.1387418977 0.1366895700 
 0.1405334382 0.1387104130 0.1366939947 
 0.1404653982 0.1386828271 0.1367035681 
 0.1404007184 0.1386595185 0.1367183141 
 0.1403401463 0.1386408207 0.1367381883 
 0.1402843977 0.1386270143 0.1367630742 
 0.1402341456 0.1386183215 0.1367927808 
 0.1401900099 0.1386149001 0.1368270416 
 0.1401525470 0.1386168391 0.1368655152 
 0.1401222399 0.1386241559 0.1369077885 
 0.1400994895 0.1386367939 0.1369533813 
 0.1400846066 0.1386546228 0.1370017526 
 0.1400778050 0.1386774390 0.1370523091 
 0.1400791971 0.1387049687 0.1371044150 
 0.1400887901 0.1387368720 0.1371574027 
 0.1401064848 0.1387727483 0.1372105854 
 0.1401320765 0.1388121430 0.1372632694 
 0.1401652572 0.1388545561 0.1373147674 
 0.1402056209 0.1388994502 0.1373644115 
 0.1402526699 0.1389462609 0.1374115654 
 0.1403058231 0.1389944061 0.1374556364 
 0.1403644266 0.1390432968 0.1374960861 
 0.1404277642 0.1390923466 0.1375324389 
 0.1404950704 0.1391409812 0.1375642900 
 0.1405655422 0.1391886477 0.1375913104 
 0.1406383531 0.1392348223 0.1376132507 
 0.1407126652 0.1392790171 0.1376299421 
 0.1407876421 0.1393207856 0.1376412960 
 0.1408624600 0.1393597270 0.1376473010 
 0.1409363185 0.1393954888 0.1376480190 
 0.1410084495 0.1394277682 0.1376435786 
 0.1410781254 0.1394563126 0.1376341685 
 0.1411446650 0.1394809178 0.1376200290 
 0.1412074389 0.1395014266 0.1376014438 
 0.1412658725 0.1395177258 0.1375787306 
 0.1413194486 0.1395297432 0.1375522331 
 0.1413677084 0.1395374436 0.1375223126 
 0.1414102520 0.1395408257 0.1374893407 
 0.1414467379 0.1395399186 0.1374536931 
 0.1414768823 0.1395347789 0.1374157443 
 0.1415004583 0.1395254880 0.1373758640 
 0.1415172940 0.1395121507 0.1373344143 
 0.1415272726 0.1394948937 0.1372917486 
 0.1415303306 0.1394738651 0.1372482110 
 0.1415264576 0.1394492344 0.1372041376 
 0.1415156959 0.1394211931 0.1371598574 
 0.1414981404 0.1393899557 0.1371156949 
 0.1414739383 0.1393557606 0.1370719719 
 0.1414432897 0.1393188716 0.1370290101 
 0.1414064478 0.1392795787 0.1369871333 
 0.1413637188 0.1392381991 0.1369466683 
 0.1413154617 0.1391950774 0.1369079469 
 0.1412620885 0.1391505857 0.1368713048 
 0.1412040629 0.1391051225 0.1368370819 
 0.1411418988 0.1390591108 0.1368056193 
 0.1410761589 0.1390129960 0.1367772571 
 0.1410074517 0.1389672422 0.1367523296 
 0.1409364276 0.1389223281 0.1367311611 
 0.1408637753 0.1388787415 0.1367140588 
 0.1407902161 0.1388369736 0.1367013072 
 0.1407164979 0.1387975125 0.1366931601 
 0.1406433882 0.1387608357 0.1366898334 
 0.1405716664 0.1387274028 0.1366914977 
 0.1405021150 0.1386976477 0.1366982707 
 0.1404355107 0.1386719702 0.1367102107 
 0.1403726139 0.1386507293 0.1367273107 
 0.1403141591 0.1386342348 0.1367494938 
 0.1402608436 0.1386227413 0.1367766092 
 0.1402133174 0.1386164421 0.1368084313 
 0.1401721724 0.1386154636 0.1368446588 
 0.1401379324 0.1386198624 0.1368849169 
 0.1401110437 0.1386296220 0.1369287610 
 0.1400918667 0.1386446517 0.1369756820 
 0.1400806681 0.1386647873 0.1370251138 
 0.1400776158 0.1386897925 0.1370764421 
 0.1400827737 0.1387193625 0.1371290152 
 0.1400961003 0.1387531286 0.1371821551 
 0.1401174476 0.1387906645 0.1372351703 
 0.1401465627 0.1388314938 0.1372873686 
 0.1401830919 0.1388750979 0.1373380699 
 0.1402265859 0.1389209261 0.1373866196 
 0.1402765075 0.1389684044 0.1374324001 
 0.1403322408 0.1390169464 0.1374748426 
 0.1403931017 0.1390659631 0.1375134366 
 0.1404583496 0.1391148725 0.1375477385 
 0.1405272003 0.1391631092 0.1375773779 
 0.1405988384 0.1392101330 0.1376020623 
 0.1406724305 0.1392554357 0.1376215793 
 0.1407471379 0.1392985479 0.1376357975 
 0.1408221287 0.1393390440 0.1376446642 
 0.1408965887 0.1393765449 0.1376482027 
 0.1409697313 0.1394107213 0.1376465063 
 0.1410408062 0.1394412934 0.1376397324 
 0.1411091065 0.1394680310 0.1376280945 
 0.1411739745 0.1394907521 0.1376118539 
 0.1412348055 0.1395093202 0.1375913112 
 0.1412910511 0.1395236412 0.1375667971 
 0.1413422212 0.1395336605 0.1375386643 
 0.1413878839 0.1395393589 0.1375072797 
 0.1414276664 0.1395407495 0.1374730174 
 0.1414612540 0.1395378743 0.1374362531 
 0.1414883889 0.1395308017 0.1373973596 
 0.1415088700 0.1395196241 0.1373567031 
 0.1415225507 0.1395044564 0.1373146418 
 0.1415293389 0.1394854350 0.1372715247 
 0.1415291956 0.1394627179 0.1372276921 
 0.1415221348 0.1394364846 0.1371834764 
 0.1415082228 0.1394069371 0.1371392044 
 0.1414875787 0.1393743007 0.1370951989 
 0.1414603741 0.1393388252 0.1370517813 
 