0.1319401438 0.1351675861 0.1378192515 
 0.1308736328 0.1342601888 0.1370526117 
 0.1298886230 0.1334229625 0.1363462836 
 0.1289991028 0.1326677029 0.1357101119 
 0.1282179884 0.1320053150 0.1351531937 
 0.1275568350 0.1314455673 0.1346836750 
 0.1270255793 0.1309968681 0.1343085624 
 0.1266323196 0.1306660716 0.1340335587 
 0.1263831381 0.1304583185 0.1338629264 
 0.1262819685 0.1303769151 0.1337993839 
 0.1263305083 0.1304232538 0.1338440369 
 0.1265281783 0.1305967762 0.1339963472 
 0.1268721274 0.1308949799 0.1342541403 
 0.1273572852 0.1313134689 0.1346136509 
 0.1279764619 0.1318460473 0.1350696063 
 0.1287204961 0.1324848559 0.1356153454 
 0.1295784493 0.1332205471 0.1362429703 
 0.1305378451 0.1340424957 0.1369435252 
 0.1315849464 0.1349390385 0.1377071974 
 0.1327050631 0.1358977347 0.1385235338 
 0.1338828793 0.1369056378 0.1393816631 
 0.1351027856 0.1379495677 0.1402705176 
 0.1363492030 0.1390163727 0.1411790436 
 0.1376068842 0.1400931703 0.1420963960 
 0.1388611787 0.1411675594 0.1430121080 
 0.1400982539 0.1422277957 0.1439162335 
 0.1413052645 0.1432629283 0.1447994587 
 0.1424704698 0.1442628957 0.1456531825 
 0.1435832996 0.1452185827 0.1464695676 
 0.1446343746 0.1461218430 0.1472415647 
 0.1456154883 0.1469654922 0.1479629136 
 0.1465195585 0.1477432762 0.1486281252 
 0.1473405572 0.1484498243 0.1492324506 
 0.1480734278 0.1490805892 0.1497718394 
 0.1487139956 0.1496317827 0.1502428940 
 0.1492588792 0.1501003101 0.1506428207 
 0.1497054058 0.1504837061 0.1509693828 
 0.1500515359 0.1507800780 0.1512208570 
 0.1502957979 0.1509880551 0.1513959947 
 0.1504372359 0.1511067484 0.1514939909 
 0.1504753708 0.1511357196 0.1515144600 
 0.1504101758 0.1510749617 0.1514574202 
 0.1502420659 0.1509248908 0.1513232867 
 0.1499719027 0.1506863487 0.1511128732 
 0.1496010132 0.1503606174 0.1508274028 
 0.1491312224 0.1499494438 0.1504685266 
 0.1485649004 0.1494550753 0.1500383496 
 0.1479050207 0.1488803040 0.1495394645 
 0.1471552301 0.1482285186 0.1489749895 
 0.1463199273 0.1475037625 0.1483486107 
 0.1454043455 0.1467107941 0.1476646254 
 0.1444146364 0.1458551471 0.1469279836 
 0.1433579495 0.1449431851 0.1461443260 
 0.1422424981 0.1439821470 0.1453200111 
 0.1410776065 0.1429801754 0.1444621320 
 0.1398737290 0.1419463242 0.1435785135 
 0.1386424326 0.1408905382 0.1426776896 
 0.1373963368 0.1398235998 0.1417688547 
 0.1361490050 0.1387570390 0.1408617873 
 0.1349147861 0.1377030061 0.1399667442 
 0.1337086070 0.1366741048 0.1390943261 
 0.1325457220 0.1356831927 0.1382553156 
 0.1314414261 0.1347431516 0.1374604929 
 0.1304107456 0.1338666367 0.1367204332 
 0.1294681179 0.1330658156 0.1360452947 
 0.1286270735 0.1323521039 0.1354446029 
 0.1278999349 0.1317359115 0.1349270405 
 0.1272975406 0.1312264057 0.1345002498 
 0.1268290042 0.1308313001 0.1341706550 
 0.1265015139 0.1305566765 0.1339433098 
 0.1263201756 0.1304068426 0.1338217760 
 0.1262879004 0.1303842301 0.1338080350 
 0.1264053393 0.1304893346 0.1339024367 
 0.1266708631 0.1307206989 0.1341036861 
 0.1270805893 0.1310749394 0.1344088680 
 0.1276284564 0.1315468174 0.1348135105 
 0.1283063456 0.1321293520 0.1353116853 
 0.1291042511 0.1328139752 0.1358961417 
 0.1300104948 0.1335907236 0.1365584713 
 0.1310119841 0.1344484639 0.1372892987 
 0.1320945047 0.1353751425 0.1380784898 
 0.1332430384 0.1363580529 0.1389153723 
 0.1344420944 0.1373841089 0.1397889583 
 0.1356760397 0.1384401134 0.1406881624 
 0.1369294140 0.1395130114 0.1416020054 
 0.1381872159 0.1405901194 0.1425197979 
 0.1394351487 0.1416593203 0.1434312982 
 0.1406598178 0.1427092219 0.1443268403 
 0.1418488765 0.1437292744 0.1451974315 
 0.1429911188 0.1447098482 0.1460348185 
 0.1440765240 0.1456422743 0.1468315262 
 0.1450962579 0.1465188525 0.1475808705 
 0.1460426400 0.1473328324 0.1482769498 
 0.1469090838 0.1480783741 0.1489146210 
 0.1476900200 0.1487504942 0.1494894629 
 0.1483808097 0.1493450037 0.1499977320 
 0.1489776546 0.1498584421 0.1504363150 
 0.1494775099 0.1502880122 0.1508026807 
 0.1498780035 0.1506315196 0.1510948340 
 0.1501773649 0.1508873176 0.1513112749 
 0.1503743659 0.1510542621 0.1514509627 
 0.1504682742 0.1511316747 0.1515132880 
 0.1504588212 0.1511193177 0.1514980527 
 0.1503461841 0.1510173794 0.1514054582 
 0.1501309822 0.1508264707 0.1512361024 
 0.1498142881 0.1505476339 0.1509909859 
 0.1493976534 0.1501823613 0.1506715258 
 0.1488831475 0.1497326253 0.1502795786 
 0.1482734101 0.1492009178 0.1498174693 
 0.1475717156 0.1485902989 0.1492880274 
 0.1467820467 0.1479044509 0.1486946269 
 0.1459091755 0.1471477387 0.1480412298 
 0.1449587475 0.1463252700 0.1473324285 
 0.1439373641 0.1454429539 0.1465734864 
 0.1428526566 0.1445075516 0.1457703713 
 0.1417133449 0.1435267149 0.1449297784 
 0.1405292720 0.1425090058 0.1440591382 
 0.1393114082 0.1414638917 0.1431666056 
 0.1380718139 0.1404017107 0.1422610251 
 0.1368235580 0.1393336015 0.1413518703 
 0.1355805867 0.1382713965 0.1404491534 
 0.1343575418 0.1372274759 0.1395633067 
 0.1331695325 0.1362145855 0.1387050349 
 0.1320318672 0.1352456223 0.1378851420 
 0.1309597546 0.1343333940 0.1371143382 
 0.1299679880 0.1334903626 0.1364030322 
 0.1290706241 0.1327283802 0.1357611160 
 0.1282806718 0.1320584287 0.1351977512 
 0.1276098011 0.1314903724 0.1347211639 
 0.1270680827 0.1310327327 0.1343384552 
 0.1266637651 0.1306924908 0.1340554345 
 0.1264030937 0.1304749263 0.1338764812 
 0.1262901745 0.1303834928 0.1338044376 
 0.1263268833 0.1304197352 0.1338405381 
 0.1265128207 0.1305832496 0.1339843744 
 0.1268453142 0.1308716859 0.1342339004 
 0.1273194665 0.1312807956 0.1345854746 
 0.1279282515 0.1318045220 0.1350339406 
 0.1286626590 0.1324351329 0.1355727435 
 0.1295118848 0.1331633930 0.1361940785 
 0.1304635670 0.1339787721 0.1368890684 
 0.1315040601 0.1348696824 0.1376479630 
 0.1326187409 0.1358237376 0.1384603542 
 0.1337923342 0.1368280242 0.1393153984 
 0.1350092453 0.1378693741 0.1402020380 
 0.1362538853 0.1389346272 0.1411092138 
 0.1375109738 0.1400108748 0.1420260602 
 0.1387658080 0.1410856738 0.1429420776 
 0.1400044869 0.1421472251 0.1438472765 
 0.1412140852 0.1431845137 0.1447322920 
 0.1423827744 0.1441874073 0.1455884664 
 0.1434998926 0.1451467168 0.1464079026 
 0.1445559686 0.1460542210 0.1471834904 
 0.1455427063 0.1469026614 0.1479089085 
 0.1464529381 0.1476857136 0.1485786093 
 0.1472805567 0.1483979396 0.1491877876 
 0.1480204327 0.1490347304 0.1497323402 
 0.1486683256 0.1495922409 0.1502088202 
 0.1492207950 0.1500673242 0.1506143885 
 0.1496751153 0.1504574680 0.1509467664 
 0.1500291996 0.1507607364 0.1512041916 
 0.1502815340 0.1509757194 0.1513853797 
 0.1504311233 0.1511014913 0.1514894917 
 0.1504774521 0.1511375791 0.1515161096 
 0.1504204583 0.1510839423 0.1514652201 
 0.1502605223 0.1509409636 0.1513372070 
 0.1499984697 0.1507094507 0.1511328524 
 0.1496355898 0.1503906499 0.1508533462 
 0.1491736665 0.1499862703 0.1505003045 
 0.1486150247 0.1494985178 0.1500757953 
 0.1479625874 0.1489301393 0.1495823709 
 0.1472199453 0.1482844739 0.1490231060 
 0.1463914336 0.1475655104 0.1484016396 
 0.1454822159 0.1467779477 0.1477222183 
 0.1444983673 0.1459272551 0.1469897382 
 0.1434469541 0.1450197275 0.1462097828 
 0.1423361019 0.1440625316 0.1453886520 
 0.1411750439 0.1430637362 0.1445333788 
 0.1399741428 0.1420323214 0.1436517288 
 0.1387448763 0.1409781605 0.1427521791 
 0.1374997806 0.1399119695 0.1418438720 
 0.1362523461 0.1388452207 0.1409365404 
 0.1350168626 0.1377900173 0.1400404052 
 0.1338082161 0.1367589307 0.1391660424 
 0.1326416407 0.1357648029 0.1383242236 
 0.1315324353 0.1348205189 0.1375257330 
 0.1304956551 0.1339387580 0.1367811669 
 0.1295457918 0.1331317323 0.1361007213 
 0.1286964556 0.1324109235 0.1354939767 
 0.1279600719 0.1317868270 0.1349696872 
 0.1273476030 0.1312687138 0.1345355821 
 0.1268683048 0.1308644175 0.1341981858 
 0.1265295225 0.1305801530 0.1339626640 
 0.1263365299 0.1304203715 0.1338326989 
 0.1262924143 0.1303876550 0.1338103988 
 0.1263980065 0.1304826535 0.1338962436 
 0.1266518577 0.1307040640 0.1340890681 
 0.1270502625 0.1310486543 0.1343860844 
 0.1275873292 0.1315113303 0.1347829419 
 0.1282550985 0.1320852455 0.1352738247 
 0.1290437087 0.1327619532 0.1358515829 
 0.1299416082 0.1335315955 0.1365078958 
 0.1309358093 0.1343831258 0.1372334597 
 0.1320121790 0.1353045570 0.1380181957 
 0.1331557546 0.1362832281 0.1388514688 
 0.1343510747 0.1373060766 0.1397223115 
 0.1355825100 0.1383599082 0.1406196416 
 0.1368345802 0.1394316521 0.1415324676 
 0.1380922419 0.1405085909 0.1424500744 
 0.1393411386 0.1415785601 0.1433621824 
 0.1405678021 0.1426301083 0.1442590790 
 0.1417598017 0.1436526183 0.1451317176 
 0.1429058419 0.1446363884 0.1459717869 
 0.1439958100 0.1455726749 0.1467717514 
 0.1450207807 0.1464537032 0.1475248659 
 0.1459729858 0.1472726504 0.1482251691 
 0.1468457560 0.1480236075 0.1488674603 
 0.1476334457 0.1487015265 0.1494472633 
 0.1483313463 0.1493021587 0.1499607837 
 0.1489355970 0.1498219889 0.1504048606 
 0.1494430966 0.1502581702 0.1507769188 
 0.1498514228 0.1506084628 0.1510749230 
 0.1501587601 0.1508711787 0.1512973353 
 0.1503638392 0.1510451356 0.1514430800 
 0.1504658900 0.1511296194 0.1515115147 
 0.1504646082 0.1511243583 0.1515024091 
 0.1503601359 0.1510295071 0.1514159334 
 0.1501530571 0.1508456430 0.1512526540 
 0.1498444080 0.1505737737 0.1510135389 
 0.1494357007 0.1502153545 0.1506999716 
 0.1489289617 0.1497723185 0.1503137725 
 0.1483267833 0.1492471147 0.1498572280 
 0.1476323866 0.1486427556 0.1493331257 
 0.1468496950 0.1479628719 0.1487447948 
 0.1459834144 0.1472117716 0.1480961483 
 0.1450391172 0.1463945005 0.1473917265 
 0.1440233254 0.1455169012 0.1466367374 
 0.1429435849 0.1445856648 0.1458370907 
 0.1418085259 0.1436083699 0.1449994222 
 0.1406279002 0.1425935044 0.1441311027 
 0.1394125869 0.1415504631 0.1432402287 
 0.1381745598 0.1404895144 0.1423355901 
 0.1369268089 0.1394217344 0.1414266108 
 0.1356832135 0.1383589024 0.1405232620 
 0.1344583643 0.1373133582 0.1396359449 
 0.1332673389 0.1362978228 0.1387753455 
 0.1321254365 0.1353251859 0.1379522638 
 0.1310478811 0.1344082683 0.1371774220 
 0.1300495067 0.1335595652 0.1364612570 
 0.1291444362 0.1327909833 0.1358137068 
 0.1283457689 0.1321135795 0.1352439956 
 0.1276652876 0.1315373122 0.1347604281 
 0.1271131954 0.1310708140 0.1343701984 
 0.1266978901 0.1307211923 0.1340792218 
 0.1264257791 0.1304938646 0.1338919934 
 0.1263011402 0.1303924311 0.1338114791 
 0.1263260267 0.1304185889 0.1338390413 
 0.1265002195 0.1305720881 0.1339744017 
 0.1268212247 0.1308507317 0.1342156427 
 0.1272843183 0.1312504191 0.1345592471 
 0.1278826392 0.1317652333 0.1350001755 
 0.1286073290 0.1323875702 0.1355319800 
 0.1294477196 0.1331083082 0.1361469502 
 0.1303915649 0.1339170135 0.1368362890 
 0.1314253132 0.1348021755 0.1375903098 
 0.1325344102 0.1357514643 0.1383986513 
 0.1337036238 0.1367520014 0.1392504990 
 0.1349173765 0.1377906324 0.1401348073 
 0.1361600713 0.1388541909 0.1410405128 
 0.1374163974 0.1399297437 0.1419567310 
 0.1386716012 0.1410048071 0.1428729305 
 0.1399117153 0.1420675288 0.1437790800 
 0.1411237354 0.1431068306 0.1446657640 
 0.1422957464 0.1441125106 0.1455242691 
 0.1434169954 0.1450753059 0.1463466390 
 0.1444779197 0.1459869209 0.1471257025 
 0.1454701335 0.1468400236 0.1478550781 
 0.1463863840 0.1476282186 0.1485291593 
 0.1472204844 0.1483460013 0.1491430847 
 0.1479672320 0.1489887002 0.1496926982 
 0.1486223203 0.1495524132 0.1501745036 
 0.1491822493 0.1500339410 0.1505856160 
 0.1496442403 0.1504307240 0.1509237146 
 0.1500061589 0.1507407830 0.1511869983 
 0.1502664479 0.1509626683 0.1513741462 
 0.1504240732 0.1510954173 0.1514842855 
 0.1504784825 0.1511385223 0.1515169657 
 0.1504295787 0.1510919092 0.1514721420 
 0.1502777072 0.1509559273 0.1513501671 
 0.1500236581 0.1507313506 0.1511517913 
 0.1496686829 0.1504193900 0.1508781718 
 0.1492145253 0.1500217168 0.1505308902 
 0.1486634652 0.1495404961 0.1501119774 
 0.1480183762 0.1489784303 0.1496239462 
 0.1472827931 0.1483388096 0.1490698284 
 0.1464609896 0.1476255690 0.1484532166 
 0.1455580602 0.1468433489 0.1477783074 
 0.1445800049 0.1459975552 0.1470499439 
 0.1435338083 0.1450944151 0.1462736535 
 0.1424275096 0.1441410246 0.1454556779 
 0.1412702525 0.1431453796 0.1446029912 
 0.1400723091 0.1421163874 0.1437233006 
 0.1388450691 0.1410638508 0.1428250272 
 0.1376009863 0.1399984203 0.1419172614 
 0.1363534788 0.1389315105 0.1410096914 
 0.1351167776 0.1378751782 0.1401125020 
 0.1339057275 0.1368419624 0.1392362445 
 0.1327355420 0.1358446891 0.1383916794 
 0.1316215230 0.1348962459 0.1375895947 
 0.1305787534 0.1340093350 0.1368406065 
 0.1296217779 0.1331962123 0.1361549477 
 0.1287642845 0.1324684237 0.1355422528 
 0.1280187995 0.1318365487 0.1350113461 
 0.1273964073 0.1313099603 0.1345700421 
 0.1269065035 0.1308966101 0.1342249641 
 0.1265565881 0.1306028442 0.1339813878 
 0.1263521009 0.1304332551 0.1338431144 
 0.1262963027 0.1303905736 0.1338123773 
 0.1263902020 0.1304756014 0.1338897844 
 0.1266325282 0.1306871885 0.1340742991 
 0.1270197508 0.1310222518 0.1343632590 
 0.1275461461 0.1314758401 0.1347524334 
 0.1282039119 0.1320412401 0.1352361175 
 0.1289833297 0.1327101251 0.1358072614 
 0.1298729728 0.1334727414 0.1364576311 
 0.1308599580 0.1343181285 0.1371779939 
 0.1319302324 0.1352343655 0.1379583255 
 0.1330688891 0.1362088365 0.1387880284 
 0.1342604962 0.1372285028 0.1396561552 
 0.1354894287 0.1382801735 0.1405516271 
 0.1367401863 0.1393507618 0.1414634408 
 0.1379976849 0.1404275175 0.1423808553 
 0.1392475090 0.1414982289 0.1432935539 
 0.1404761174 0.1425513859 0.1441917776 
 0.1416709963 0.1435763050 0.1450664264 
 0.1428207614 0.1445632124 0.1459091315 
 0.1439152084 0.1455032904 0.1467122971 
 0.1449453216 0.1463886902 0.1474691175 
 0.1459032453 0.1472125169 0.1481735718 
 0.1467822279 0.1479687926 0.1488204016 
 0.1475765475 0.1486524050 0.1494050766 
 0.1482814262 0.1492590457 0.1499237511 
 0.1488929404 0.1497851450 0.1503732170 
 0.1494079330 0.1502278064 0.1507508553 
 0.1498239316 0.1505847450 0.1510545903 
 0.1501390754 0.1508542316 0.1512828469 
 0.1503520546 0.1510350458 0.1514345146 
 0.1504620615 0.1511264383 0.1515089178 
 0.1504687560 0.1511281032 0.1515057950 
 0.1503722459 0.1510401623 0.1514252851 
 0.1501730804 0.1508631600 0.1512679235 
 0.1498722596 0.1505980694 0.1510346466 
 0.1494712572 0.1502463103 0.1507268047 
 0.1489720579 0.1498097770 0.1503461831 
 0.1483772078 0.1492908766 0.1498950307 
 0.1476898764 0.1486925760 0.1493760946 
 0.1469139293 0.1480184552 0.1487926601 
 0.1460540085 0.1472727674 0.1481485929 
 0.1451156158 0.1464604986 0.1474483830 
 0.1441051961 0.1455874271 0.1466971847 
 0.1430302131 0.1446601760 0.1459008520 
 0.1418992105 0.1436862536 0.1450659630 
 0.1407218516 0.1426740764 0.1441998312 
 0.1395089280 0.1416329686 0.1433104969 
 0.1382723297 0.1405731321 0.1424066970 
 0.1370249709 0.1395055826 0.1414978085 
 0.1357806664 0.1384420486 0.1405937629 
 0.1345539580 0.1373948312 0.1397049320 
 0.1333598934 0.1363766279 0.1388419844 
 0.1322137635 0.1354003226 0.1380157171 
 0.1311308081 0.1344787491 0.1372368642 
 0.1301259015 0.1336244361 0.1365158916 
 0.1292132321 0.1328493442 0.1358627826 
 0.1284059881 0.1321646043 0.1352868231 
 0.1277160632 0.1315802673 0.1347963953 
 0.1271537905 0.1311050752 0.1343987848 
 0.1267277139 0.1307462590 0.1341000105 
 0.1264443999 0.1305093713 0.1339046813 
 0.1263082943 0.1303981561 0.1338158839 
 0.1263216247 0.1304144594 0.1338351061 
 0.1264843477 0.1305581822 0.1339621967 
 0.1267941441 0.1308272767 0.1341953638 
 0.1272464597 0.1312177868 0.1345312115 
 0.1278345939 0.1317239318 0.1349648145 
 0.1285498366 0.1323382326 0.1354898289 
 0.1293816520 0.1330516783 0.1360986364 
 0.1303179070 0.1338539287 0.1367825173 
 0.1313451407 0.1347335478 0.1375318469 
 0.1324488655 0.1356782602 0.1383363084 
 0.1336138905 0.1366752205 0.1391851151 
 0.1348246538 0.1377112869 0.1400672322 
 0.1360655498 0.1387732858 0.1409715911 
 0.1373212363 0.1398482586 0.1418872878 
 0.1385769090 0.1409236809 0.1428037587 
 0.1398185338 0.1419876469 0.1437109300 
 0.1410330279 0.1430290153 0.1445993361 
 0.1422083897 0.1440375146 0.1454602077 
 0.1433337762 0.1450038088 0.1462855292 
 0.1443995333 0.1459195279 0.1470680690 
 0.1453971863 0.1467772669 0.1478013856 
 0.1463193977 0.1475705599 0.1484798137 
 0.1471599014 0.1482938359 0.1490984361 
 0.1479134224 0.1489423617 0.1496530444 
 0.1485755885 0.1495121783 0.1501400931 
 0.1491428405 0.1500000347 0.1505566521 
 0.1496123472 0.1504033241 0.1509003590 
 0.1499819269 0.1507200247 0.1511693739 
 0.1502499801 0.1509486476 0.1513623404 
 0.1504154339 0.1510881938 0.1514783520 
 0.1504777000 0.1511381215 0.1515169265 
 0.1504366466 0.1510983236 0.1514779883 
 0.1502925852 0.1509691170 0.1513618595 
 0.1500462711 0.1507512425 0.1511692596 
 0.1496989195 0.1504458768 0.1509013139 
 0.1492522347 0.1500546546 0.1505595707 
 0.1487084535 0.1495797019 0.1501460255 
 0.1480704016 0.1490236780 0.1496631525 
 0.1473415606 0.1483898260 0.1491139426 
 0.1465261446 0.1476820295 0.1485019438 
 0.1456291824 0.1469048728 0.1478313050 
 0.1446566017 0.1460637011 0.1471068185 
 0.1436153096 0.1451646774 0.1463339582 
 0.1425132625 0.1442148297 0.1455189107 
 0.1413595187 0.1432220848 0.1446685937 
 0.1401642642 0.1421952807 0.1437906592 
 0.1389388049 0.1411441532 0.1428934751 
 0.1376955170 0.1400792911 0.1419860832 
 0.1364477498 0.1390120549 0.1410781296 
 0.1352096793 0.1379544578 0.1401797658 
 0.1339961122 0.1369190090 0.1393015207 
 0.1328222441 0.1359185207 0.1384541454 
 0.1317033813 0.1349658852 0.1376484332 
 0.1306546354 0.1340738283 0.1368950212 
 0.1296906043 0.1332546499 0.1362041796 
 0.1288250531 0.1325199599 0.1355855965 
 0.1280706075 0.1318804208 0.1350481657 
 0.1274384717 0.1313455060 0.1345997859 
 0.1269381786 0.1309232829 0.1342471773 
 0.1265773792 0.1306202260 0.1339957236 
 0.1263616754 0.1304410660 0.1338493421 
 0.1262944975 0.1303886784 0.1338103883 
 0.1263770272 0.1304640135 0.1338795951 
 0.1266081670 0.1306660695 0.1340560508 
 0.1269845565 0.1309919086 0.1343372150 
 0.1275006352 0.1314367181 0.1347189731 
 0.1281487533 0.1319939136 0.1351957280 
 0.1289193305 0.1326552844 0.1357605262 
 0.1298010610 0.1334111772 0.1364052169 
 0.1307811614 0.1342507140 0.1371206356 
 0.1318456563 0.1351620370 0.1378968098 
 0.1329796908 0.1361325725 0.1387231769 
 0.1341678602 0.1371493034 0.1395888075 
 0.1353945416 0.1381990402 0.1404826245 
 0.1366442133 0.1392686785 0.1413936111 
 0.1379017492 0.1403454344 0.1423109996 
 0.1391526741 0.1414170479 0.1432244353 
 0.1403833735 0.1424719501 0.1441241120 
 0.1415812505 0.1434993905 0.1450008764 
 0.1427348318 0.1444895235 0.1458463016 
 0.1438338222 0.1454334573 0.1466527316 
 0.1448691156 0.1463232694 0.1474133004 
 0.1458327696 0.1471519930 0.1481219275 
 0.1467179508 0.1479135818 0.1487732975 
 0.1475188616 0.1486028597 0.1493628259 
 0.1482306552 0.1492154591 0.1498866164 
 0.1488493462 0.1497477565 0.1503414140 
 0.1493717219 0.1501968061 0.1507245564 
 0.1497952605 0.1505602785 0.1510339281 
 0.1501180569 0.1508364039 0.1512679172 
 0.1503387610 0.1510239247 0.1514253789 
 0.1504565284 0.1511220567 0.1515056055 
 0.1504709843 0.1511304610 0.1515083043 
 0.1503822026 0.1510492273 0.1514335842 
 0.1501906989 0.1508788675 0.1512819505 
 0.1498974384 0.1506203220 0.1510543088 
 0.1495038577 0.1502749758 0.1507519775 
 0.1490119013 0.1498446860 0.1503767080 
 0.1484240706 0.1493318196 0.1499307131 
 0.1477434858 0.1487392993 0.1494167012 
 0.1469739573 0.1480706571 0.1488379155 
 0.1461200658 0.1473300934 0.1481981769 
 0.1451872458 0.1465225373 0.1475019269 
 0.1441818686 0.1456537059 0.1467542690 
 0.1431113195 0.1447301575 0.1459610040 
 0.1419840599 0.1437593334 0.1451286557 
 0.1408096692 0.1427495825 0.1442644828 
 0.1395988558 0.1417101623 0.1433764728 
 0.1383634306 0.1406512118 0.1424733131 
 0.1371162361 0.1395836901 0.1415643362 
 0.1358710268 0.1385192780 0.1406594371 
 0.1346422992 0.1374702413 0.1397689607 
 0.1334450738 0.1364492566 0.1389035608 
 0.1322946359 0.1354692039 0.1380740329 
 0.1312062423 0.1345429316 0.1372911247 
 0.1301948087 0.1336830028 0.1365653317 
 0.1292745885 0.1329014324 0.1359066828 
 0.1284588582 0.1322094244 0.1353245257 
 0.1277596206 0.1316171214 0.1348273190 
 0.1271873366 0.1311333727 0.1344224387 
 0.1267506933 0.1307655310 0.1341160054 
 0.1264564129 0.1305192812 0.1339127395 
 0.1263091055 0.1303985079 0.1338158461 
 0.1263111685 0.1304052024 0.1338269355 
 0.1264627304 0.1305394127 0.1339459804 
 0.1267616420 0.1307992367 0.1341713112 
 0.1272035139 0.1311808587 0.1344996500 
 0.1277818020 0.1316786304 0.1349261821 
 0.1284879399 0.1322851939 0.1354446646 
 0.1293115199 0.1329916449 0.1360475678 
 0.1302405181 0.1337877337 0.1367262466 
 0.1312615607 0.1346620958 0.1374711349 
 0.1323602237 0.1356025071 0.1382719586 
 0.1335213547 0.1365961532 0.1391179561 
 0.1347294053 0.1376299026 0.1399981017 
 0.1359687592 0.1386905727 0.1409013198 
 0.1372240413 0.1397651782 0.1418166854 
 0.1384803958 0.1408411529 0.1427336019 
 0.1397237211 0.1419065366 0.1436419523 
 0.1409408553 0.1429501244 0.1445322199 
 0.1421197103 0.1439615749 0.1453955793 
 0.1432493525 0.1449314788 0.1462239553 
 0.1443200368 0.1458513918 0.1470100558 
 0.1453231999 0.1467138357 0.1477473791 
 0.1462514196 0.1475122747 0.1484302016 
 0.1470983513 0.1482410713 0.1490535504 
 0.1478586478 0.1488954312 0.1496131646 
 0.1485278716 0.1494713387 0.1501054501 
 0.1491024052 0.1499654918 0.1505274321 
 0.1495793652 0.1503752369 0.1508767064 
 0.1499565233 0.1506985099 0.1511513954 
 0.1502322382 0.1509337834 0.1513501073 
 0.1504053989 0.1510800226 0.1514719027 
 0.1504753816 0.1511366523 0.1515162681 
 0.1504420211 0.1511035332 0.1514830977 
 0.1503055954 0.1509809504 0.1513726839 
 0.1500668263 0.1507696126 0.1511857162 
 0.1497268934 0.1504706631 0.1509232891 
 0.1492874632 0.1500857016 0.1505869185 
 0.1487507308 0.1496168158 0.1501785655 
 0.1481194758 0.1490666236 0.1497006676 
 0.1473971285 0.1484383231 0.1491561758 
 0.1465878456 0.1477357481 0.1485485954 
 0.1456965928 0.1469634290 0.1478820296 
 0.1447292283 0.1461266528 0.1471612217 
 0.1436925845 0.1452315205 0.1463915945 
 0.1425945385 0.1442849953 0.1455792815 
 0.1414440667 0.1432949375 0.1447311469 
 0.1402512726 0.1422701189 0.1438547895 
 0.1390273820 0.1412202115 0.1429585268 
 0.1377846964 0.1401557449 0.1420513544 
 0.1365364999 0.1390880281 0.1411428784 
 0.1352969164 0.1380290336 0.1402432191 
 0.1340807167 0.1369912429 0.1393628851 
 0.1329030805 0.1359874560 0.1385126195 
 0.1317793198 0.1350305707 0.1377032220 
 0.1307245754 0.1341333378 0.1369453514 
 0.1297534985 0.1333081012 0.1362493157 
 0.1288799305 0.1325665344 0.1356248565 
 0.1281165956 0.1319193823 0.1350809367 
 0.1274748161 0.1313762175 0.1346255381 
 0.1269642598 0.1309452215 0.1342654768 
 0.1265927267 0.1306329953 0.1340062428 
 0.1263659781 0.1304444057 0.1338518681 
 0.1262876106 0.1303824706 0.1338048280 
 0.1263589761 0.1304482861 0.1338659785 
 0.1265791474 0.1306409961 0.1340345304 
 0.1269449309 0.1309578053 0.1343080632 
 0.1274509263 0.1313940371 0.1346825762 
 0.1280896334 0.1319432333 0.1351525775 
 0.1288516075 0.1325972968 0.1357112084 
 0.1297256610 0.1333466727 0.1363503989 
 0.1306991085 0.1341805634 0.1370610512 
 0.1317580495 0.1350871723 0.1378332428 
 0.1328876801 0.1360539664 0.1386564447 
 0.1340726211 0.1370679489 0.1395197442 
 0.1352972506 0.1381159305 0.1404120647 
 0.1365460247 0.1391847885 0.1413223750 
 0.1378037745 0.1402617041 0.1422398800 
 0.1390559646 0.1413343686 0.1431541863 
 0.1402889064 0.1423911537 0.1440554400 
 0.1414899198 0.1434212416 0.1449344339 
 0.1426474422 0.1444147144 0.1457826826 
 0.1437510871 0.1453626061 0.1465924700 
 0.1447916582 0.1462569202 0.1473568691 
 0.1457611259 0.1470906179 0.1480697400 
 0.1466525749 0.1478575846 0.1487257101 
 0.1474601322 0.1485525800 0.1493201406 
 0.1481788822 0.1491711779 0.1498490848 
 0.1488047776 0.1497097005 0.1503092406 
 0.1493345506 0.1501651535 0.1506979029 
 0.1497656298 0.1505351628 0.1510129163 
 0.1500960665 0.1508179185 0.1512526323 
 0.1503244707 0.1510121260 0.1514158724 
 0.1504499615 0.1511169666 0.1515018967 
 0.1504721298 0.1511320690 0.1515103822 
 0.1503910165 0.1510574909 0.1514414080 
 0.1502071042 0.1508937130 0.1512954497 
 0.1499213237 0.1506416429 0.1510733829 
 0.1495350755 0.1503026320 0.1507764945 
 0.1490502649 0.1498785010 0.1504065031 
 0.1484693498 0.1493715776 0.1499655862 
 0.1477954021 0.1487847416 0.1494564141 
 0.1470321785 0.1481214781 0.1488821893 
 0.1461842000 0.1473859360 0.1482466885 
 0.1452568352 0.1465829887 0.1475543065 
 0.1442563839 0.1457182937 0.1468100968 
 0.1431901546 0.1447983461 0.1460198083 
 0.1420665286 0.1438305219 0.1451899118 
 0.1408950029 0.1428231035 0.1443276128 
 0.1396862047 0.1417852836 0.1434408469 
 0.1384518673 0.1407271394 0.1425382531 
 0.1372047631 0.1396595747 0.1416291208 
 0.1359585872 0.1385942237 0.1407233091 
 0.1347277916 0.1375433174 0.1398311368 
 0.1335273704 0.1365195121 0.1389632431 
 0.1323726029 0.1355356841 0.1381304225 
 0.1312787630 0.1346046965 0.1373434363 
 0.1302608068 0.1337391463 0.1366128094 
 0.1293330521 0.1329511018 0.1359486159 
 0.1285088623 0.1322518397 0.1353602647 
 0.1278003483 0.1316515931 0.1348562903 
 0.1272180973 0.1311593180 0.1344441580 
 0.1267709384 0.1307824872 0.1341300897 
 0.1264657477 0.1305269170 0.1339189162 
 0.1263072988 0.1303966314 0.1338139600 
 0.1262981573 0.1303937662 0.1338169533 
 0.1264386226 0.1305185157 0.1339279920 
 0.1267267145 0.1307691222 0.1341455283 
 0.1271582081 0.1311419102 0.1344664015 
 0.1277267147 0.1316313632 0.1348859073 
 0.1284238117 0.1322302439 0.1353979035 
 0.1292392194 0.1329297553 0.1359949488 
 0.1301610231 0.1337197375 0.1366684725 
 0.1311759365 0.1345888979 0.1374089678 
 0.1322695997 0.1355250641 0.1382062026 
 0.1334268991 0.1365154529 0.1390494412 
 0.1346323005 0.1375469433 0.1399276666 
 0.1358701771 0.1386063440 0.1408297968 
 0.1371251219 0.1396806433 0.1417448858 
 0.1383822272 0.1407572331 0.1426623039 
 0.1396273241 0.1418240990 0.1435718906 
 0.1408471718 0.1428699724 0.1444640784 
 0.1420295951 0.1438844417 0.1453299851 
 0.1431635697 0.1448580238 0.1461614763 
 0.1442392591 0.1457821999 0.1469511986 
 0.1452480105 0.1466494184 0.1476925898 
 0.1461823169 0.1474530726 0.1483798677 
 0.1470357544 0.1481874589 0.1490080034 
 0.1478029032 0.1488477207 0.1495726832 
 0.1484792603 0.1494297861 0.1500702644 
 0.1490611493 0.1499303010 0.1504977266 
 0.1495456343 0.1503465653 0.1508526243 
 0.1499304405 0.1506764725 0.1511330417 
 0.1502138844 0.1509184563 0.1513375516 
 0.1503948171 0.1510714464 0.1514651816 
 0.1504725796 0.1511348340 0.1515153871 
 0.1504469728 0.1511084477 0.1514880321 
 0.1503182419 0.1509925411 0.1513833794 
 0.1500870753 0.1507877910 0.1512020887 
 0.1497546176 0.1504953078 0.1509452238 
 0.1493224976 0.1501166559 0.1506142685 
 0.1487928693 0.1496538855 0.1502111497 
 0.1481684666 0.1491095735 0.1497382684 
 0.1474526688 0.1484868729 0.1491985362 
 0.1466495760 0.1477895684 0.1485954159 
 0.1457640908 0.1470221367 0.1479329649 
 0.1448020027 0.1461898069 0.1472158780 
 0.1437700695 0.1452986182 0.1464495267 
 0.1426760892 0.1443554689 0.1456399917 
 0.1415289560 0.1433681528 0.1447940832 
 0.1403386907 0.1423453753 0.1439193469 
 0.1391164384 0.1412967438 0.1430240494 
 0.1378744251 0.1402327282 0.1421171393 
 0.1366258687 0.1391645852 0.1412081822 
 0.1353848392 0.1381042453 0.1403072664 
 0.1341660702 0.1370641609 0.1394248788 
 0.1329847234 0.1360571186 0.1385717537 
 0.1318561147 0.1350960203 0.1377586958 
 0.1307954124 0.1341936398 0.1369963845 
 0.1298173188 0.1333623639 0.1362951643 
 0.1289357503 0.1326139283 0.1356648294 
 0.1281635280 0.1319591589 0.1351144107 
 0.1275120913 0.1314077269 0.1346519726 
 0.1269912423 0.1309679273 0.1342844265 
 0.1266089296 0.1306464872 0.1340173686 
 0.1263710740 0.1304484096 0.1338549454 
 0.1262814389 0.1303768554 0.1337997529 
 0.1263415473 0.1304330672 0.1338527704 
 0.1265506437 0.1306163357 0.1340133327 
 0.1269057031 0.1309240098 0.1342791403 
 0.1274014872 0.1313515506 0.1346463077 
 0.1280306479 0.1318926283 0.1351094505 
 0.1287838786 0.1325392617 0.1356618062 
 0.1296501130 0.1332819966 0.1362953882 
 0.1306167665 0.1341101185 0.1370011670 
 0.1316700169 0.1350118944 0.1377692725 
 0.1327951138 0.1359748347 0.1385892112 
 0.1339767065 0.1369859649 0.1394500889 
 0.1351991763 0.1380320979 0.1403408312 
 0.1364469597 0.1391000944 0.1412503941 
 0.1377048463 0.1401771022 0.1421679558 
 0.1389582417 0.1412507649 0.1430830853 
 0.1401933841 0.1423093953 0.1439858815 
 0.1413975104 0.1433421083 0.1448670834 
 0.1425589684 0.1443389141 0.1457181474 
 0.1436672800 0.1452907721 0.1465312967 
 0.1447131578 0.1461896109 0.1472995433 
 0.1456884841 0.1470283194 0.1480166873 
 0.1465862612 0.1478007139 0.1486772982 
 0.1474005391 0.1485014893 0.1492766827 
 0.1481263327 0.1491261594 0.1498108425 
 0.1487595318 0.1496709922 0.1502764285 
 0.1492968125 0.1501329434 0.1506706916 
 0.1497355535 0.1505095943 0.1509914364 
 0.1500737614 0.1507990939 0.1512369774 
 0.1503100060 0.1510001103 0.1514061014 
 0.1504433694 0.1511117899 0.1514980366 
 0.1504734081 0.1511337285 0.1515124290 
 0.1504001296 0.1510659519 0.1514493277 
 0.1502239829 0.1509089088 0.1513091784 
 0.1499458649 0.1506634745 0.1510928263 
 0.1495671396 0.1503309660 0.1508015268 
 0.1490896726 0.1499131676 0.1504369650 
 0.1485158785 0.1494123673 0.1500012830 
 0.1478487805 0.1488314017 0.1494971127 
 0.1470920812 0.1481737085 0.1489276151 
 0.1462502411 0.1474433844 0.1482965225 
 0.1453285623 0.1466452466 0.1476081817 
 0.1443332718 0.1457848917 0.1468675956 
 0.1432716002 0.1448687504 0.1460804602 
 0.1421518465 0.1439041317 0.1452531916 
 0.1409834237 0.1428992500 0.1443929404 
 0.1397768746 0.1418632306 0.1435075889 
 0.1385438524 0.1408060868 0.1426057252 
 0.1372970556 0.1397386639 0.1416965934 
 0.1360501167 0.1386725468 0.1407900142 
 0.1348174392 0.1376199286 0.1398962779 
 0.1336139869 0.1365934420 0.1390260064 
 0.1324550293 0.1356059564 0.1381899903 
 0.1313558536 0.1346703466 0.1373990025 
 0.1303314536 0.1337992407 0.1366635946 
 0.1293962085 0.1330047584 0.1359938844 
 0.1285635669 0.1322982472 0.1353993402 
 0.1278457462 0.1316900294 0.1348885714 
 0.1272534595 0.1311891670 0.1344691322 
 0.1267956779 0.1308032532 0.1341473455 
 0.1264794329 0.1305382364 0.1339281534 
 0.1263096627 0.1303982815 0.1338149970 
 0.1262891039 0.1303856706 0.1338097319 
 0.1264182296 0.1305007468 0.1339125795 
 0.1266952324 0.1307419005 0.1341221163 
 0.1271160558 0.1311055995 0.1344353024 
 0.1276744714 0.1315864634 0.1348475472 
 0.1283622053 0.1321773802 0.1353528126 
 0.1291691108 0.1328696640 0.1359437501 
 0.1300833880 0.1336532501 0.1366118675 
 0.1310918439 0.1345169222 0.1373477205 
 0.1321801875 0.1354485642 0.1381411237 
 0.1333333494 0.1364354282 0.1389813703 
 0.1345358140 0.1374644079 0.1398574557 
 0.1357719485 0.1385223066 0.1407582939 
 0.1370263167 0.1395960888 0.1416729206 
 0.1382839621 0.1406731070 0.1425906748 
 0.1395306503 0.1417412942 0.1435013541 
 0.1407530626 0.1427893190 0.1443953410 
 0.1419389373 0.1438067000 0.1452636973 
 0.1430771592 0.1447838806 0.1460982290 
 0.1441577997 0.1457122670 0.1468915216 
 0.1451721157 0.1465842335 0.1476369522 
 0.1461125140 0.1473931019 0.1483286790 
 0.1469724903 0.1481331008 0.1489616165 
 0.1477465506 0.1487993111 0.1495313975 
 0.1484301248 0.1493876028 0.1500343294 
 0.1490194765 0.1498945692 0.1504673459 
 0.1495116161 0.1503174625 0.1508279592 
 0.1499042208 0.1506541325 0.1511142143 
 0.1501955644 0.1509029736 0.1513246479 
 0.1503844588 0.1510628790 0.1514582542 
 0.1504702090 0.1511332056 0.1515144564 
 0.1504525818 0.1511137493 0.1514930880 
 0.1503317886 0.1510047315 0.1513943814 
 0.1501084839 0.1508067965 0.1512189660 
 0.1497837766 0.1505210210 0.1509678742 
 0.1493592574 0.1501489339 0.1506425571 
 0.1488370383 0.1496925469 0.1502449066 
 0.1482198069 0.1491543950 0.1497772865 
 0.1475108904 0.1485375852 0.1492425677 
 0.1467143310 0.1478458518 0.1486441693 
 0.1458349669 0.1470836164 0.1479861019 
 0.1448785168 0.1462560484 0.1472730099 
 0.1438516613 0.1453691230 0.1465102119 
 0.1427621168 0.1444296714 0.1457037331 
 0.1416186920 0.1434454178 0.1448603277 
 0.1404313210 0.1424249977 0.1439874854 
 0.1392110636 0.1413779506 0.1430934183 
 0.1379700656 0.1403146825 0.1421870251 
 0.1367214733 0.1392463934 0.1412778271 
 0.1354792976 0.1381849672 0.1403758767 
 0.1342582292 0.1371428226 0.1394916355 
 0.1330734063 0.1361327283 0.1386358250 
 0.1319401438 0.1351675861 0.1378192515 
 