0.0565610079 0.0549814795 0.0537090103 
 0.0580463846 0.0565856031 0.0554417826 
 0.0595522302 0.0582139617 0.0572025507 
 0.0610529263 0.0598386223 0.0589608557 
 0.0625203245 0.0614288015 0.0606830633 
 0.0639246507 0.0629518788 0.0623335018 
 0.0652355695 0.0643745910 0.0638758010 
 0.0664233392 0.0656643237 0.0652743312 
 0.0674599776 0.0667904086 0.0664956370 
 0.0683203666 0.0677253417 0.0675097677 
 0.0689832321 0.0684458540 0.0682914309 
 0.0694319563 0.0689337889 0.0688209249 
 0.0696551956 0.0691767624 0.0690848287 
 0.0696472927 0.0691685989 0.0690764527 
 0.0694084777 0.0689095433 0.0687960553 
 0.0689448608 0.0684062523 0.0682508338 
 0.0682682127 0.0676715645 0.0674546892 
 0.0673955370 0.0667240463 0.0664277565 
 0.0663484349 0.0655873141 0.0651956947 
 0.0651522778 0.0642891390 0.0637887357 
 0.0638352144 0.0628603624 0.0622405149 
 0.0624270579 0.0613336681 0.0605867293 
 0.0609581176 0.0597422820 0.0588637006 
 0.0594580477 0.0581186853 0.0571069413 
 0.0579547937 0.0564934322 0.0553498298 
 0.0564737044 0.0548941561 0.0536224938 
 0.0550368627 0.0533448240 0.0519509758 
 0.0536626622 0.0518652743 0.0503567208 
 0.0523656318 0.0504710382 0.0488563888 
 0.0511564861 0.0491734168 0.0474619587 
 0.0500423636 0.0479797708 0.0461810703 
 0.0490272049 0.0468939621 0.0450175361 
 0.0481122208 0.0459168918 0.0439719553 
 0.0472964049 0.0450470807 0.0430423678 
 0.0465770524 0.0442812498 0.0422249032 
 0.0459502575 0.0436148697 0.0415143858 
 0.0454113682 0.0430426577 0.0409048783 
 0.0449553893 0.0425590128 0.0403901509 
 0.0445773267 0.0421583841 0.0399640753 
 0.0442724752 0.0418355750 0.0396209454 
 0.0440366508 0.0415859858 0.0393557319 
 0.0438663726 0.0414058033 0.0391642779 
 0.0437589992 0.0412921408 0.0390434438 
 0.0437128248 0.0412431363 0.0389912063 
 0.0437271372 0.0412580121 0.0390067200 
 0.0438022422 0.0413370988 0.0390903413 
 0.0439394533 0.0414818261 0.0392436192 
 0.0441410490 0.0416946783 0.0394692507 
 0.0444101927 0.0419791141 0.0397709986 
 0.0447508152 0.0423394445 0.0401535679 
 0.0451674522 0.0427806671 0.0406224339 
 0.0456650357 0.0433082470 0.0411836150 
 0.0462486312 0.0439278413 0.0418433826 
 0.0469231186 0.0446449599 0.0426079014 
 0.0476928159 0.0454645607 0.0434827940 
 0.0485610464 0.0463905795 0.0444726308 
 0.0495296593 0.0474254027 0.0455803503 
 0.0505985179 0.0485692975 0.0468066266 
 0.0517649801 0.0498198270 0.0481492122 
 0.0530234059 0.0511712869 0.0496022977 
 0.0543647324 0.0526142130 0.0511559451 
 0.0557761671 0.0541350148 0.0527956589 
 0.0572410471 0.0557157960 0.0545021648 
 0.0587389084 0.0573344111 0.0562514587 
 0.0602457967 0.0589647983 0.0580151686 
 0.0617348264 0.0605775977 0.0597612451 
 0.0631769745 0.0621410387 0.0614549573 
 0.0645420669 0.0636220465 0.0630601345 
 0.0657998940 0.0649874918 0.0645405648 
 0.0669213804 0.0662054969 0.0658614448 
 0.0678797314 0.0672467066 0.0669907764 
 0.0686514867 0.0680854451 0.0679006237 
 0.0692174274 0.0687007020 0.0685681684 
 0.0695633011 0.0690769118 0.0689765313 
 0.0696803459 0.0692045109 0.0691153516 
 0.0695656054 0.0690802695 0.0689811285 
 0.0692220336 0.0687074021 0.0685773331 
 0.0686583900 0.0680954571 0.0679142961 
 0.0678889238 0.0672599838 0.0670088652 
 0.0669328497 0.0662219751 0.0658838254 
 0.0658136217 0.0650070872 0.0645670771 
 0.0645580250 0.0636446529 0.0630905799 
 0.0631951206 0.0621665237 0.0614890958 
 0.0617550983 0.0606057981 0.0597987929 
 0.0602681065 0.0589955168 0.0580557963 
 0.0587631362 0.0573674120 0.0562947914 
 0.0572670358 0.0557508034 0.0545477832 
 0.0558037190 0.0541717119 0.0528431033 
 0.0543936071 0.0526522433 0.0512047203 
 0.0530533206 0.0512102574 0.0496518796 
 0.0517956124 0.0498593129 0.0481990555 
 0.0506295098 0.0486088485 0.0468561733 
 0.0495606242 0.0474645503 0.0456290376 
 0.0485915757 0.0464288450 0.0445198997 
 0.0477224882 0.0455014633 0.0435280970 
 0.0469515083 0.0446800251 0.0426507099 
 0.0462753176 0.0439606092 0.0418831940 
 0.0456896122 0.0433382802 0.0412199589 
 0.0451895348 0.0428075582 0.0406548781 
 0.0447700509 0.0423628228 0.0401817238 
 0.0444262668 0.0419986520 0.0397945258 
 0.0441536914 0.0417100971 0.0394878618 
 0.0439484444 0.0414929001 0.0392570830 
 0.0438074172 0.0413436596 0.0390984860 
 0.0437283900 0.0412599512 0.0390094355 
 0.0437101094 0.0412404074 0.0389884455 
 0.0437523314 0.0412847600 0.0390352235 
 0.0438558295 0.0413938496 0.0391506789 
 0.0440223695 0.0415695996 0.0393368974 
 0.0442546502 0.0418149560 0.0395970801 
 0.0445562061 0.0421337882 0.0399354426 
 0.0449312699 0.0425307477 0.0403570697 
 0.0453845897 0.0430110787 0.0408677192 
 0.0459211955 0.0435803732 0.0414735671 
 0.0465461112 0.0442442674 0.0421808855 
 0.0472640086 0.0450080718 0.0429956487 
 0.0480788050 0.0458763362 0.0439230631 
 0.0489932073 0.0468523520 0.0449670238 
 0.0500082148 0.0479376020 0.0461295074 
 0.0511226009 0.0491311806 0.0474099242 
 0.0523324006 0.0504292126 0.0488044624 
 0.0536304436 0.0518243161 0.0503054740 
 0.0550059775 0.0533051612 0.0519009631 
 0.0564444315 0.0548561817 0.0535742440 
 0.0579273677 0.0564574993 0.0553038376 
 0.0594326587 0.0580851037 0.0570636606 
 0.0609349133 0.0597113176 0.0588235392 
 0.0624061474 0.0613055431 0.0605500456 
 0.0638166731 0.0628352578 0.0622076165 
 0.0651361536 0.0642671981 0.0637598799 
 0.0663347536 0.0655686465 0.0651710907 
 0.0673843076 0.0667087322 0.0664075683 
 0.0682594317 0.0676596580 0.0674390385 
 0.0689385154 0.0683977852 0.0682398038 
 0.0694045480 0.0689045266 0.0687896930 
 0.0696457532 0.0691670251 0.0690747715 
 0.0696560166 0.0691786066 0.0690878097 
 0.0694351041 0.0689390099 0.0688285184 
 0.0689886707 0.0684543949 0.0683035569 
 0.0683280576 0.0677371303 0.0675263158 
 0.0674698807 0.0668053576 0.0665164661 
 0.0664354113 0.0656823299 0.0652992681 
 0.0652497633 0.0643955336 0.0639046389 
 0.0639409107 0.0629756167 0.0623659982 
 0.0625385830 0.0614551700 0.0607189376 
 0.0610730977 0.0598674294 0.0589997881 
 0.0595742050 0.0582449840 0.0572441807 
 0.0580700233 0.0566185831 0.0554857102 
 0.0565861362 0.0550161233 0.0537547977 
 0.0551449046 0.0534618835 0.0520778329 
 0.0537650234 0.0519760387 0.0504766353 
 0.0524613271 0.0505744597 0.0489682420 
 0.0512448241 0.0492687729 0.0475649908 
 0.0501229215 0.0480666340 0.0462748455 
 0.0490997947 0.0469721605 0.0451018978 
 0.0481768496 0.0459864645 0.0440469744 
 0.0473532340 0.0451082315 0.0431082918 
 0.0466263569 0.0443343020 0.0422821054 
 0.0459923883 0.0436602249 0.0415633201 
 0.0454467185 0.0430807585 0.0409460391 
 0.0449843645 0.0425903116 0.0404240392 
 0.0446003201 0.0421833164 0.0399911703 
 0.0442898475 0.0418545379 0.0396416823 
 0.0440487135 0.0415993213 0.0393704841 
 0.0438733759 0.0414137852 0.0391733438 
 0.0437611232 0.0412949658 0.0390470371 
 0.0437101730 0.0412409176 0.0389894503 
 0.0437197338 0.0412507762 0.0389996440 
 0.0437900312 0.0413247853 0.0390778801 
 0.0439223013 0.0414642897 0.0392256154 
 0.0441187493 0.0416716937 0.0394454597 
 0.0443824738 0.0419503838 0.0397410966 
 0.0447173509 0.0423046105 0.0401171636 
 0.0451278771 0.0427393255 0.0405790839 
 0.0456189629 0.0432599675 0.0411328438 
 0.0461956753 0.0438721913 0.0417847086 
 0.0468629230 0.0445815334 0.0425408674 
 0.0476250845 0.0453930127 0.0434070044 
 0.0484855794 0.0463106651 0.0443877942 
 0.0494463920 0.0473370201 0.0454863271 
 0.0505075615 0.0484725337 0.0467034801 
 0.0516666617 0.0497150030 0.0480372592 
 0.0529183047 0.0510589996 0.0494821569 
 0.0542537090 0.0524953692 0.0510285768 
 0.0556603815 0.0540108537 0.0526623909 
 0.0571219616 0.0555878939 0.0543647000 
 0.0586182734 0.0572046669 0.0561118593 
 0.0601256158 0.0588353957 0.0578758149 
 0.0616173032 0.0604509460 0.0596247686 
 0.0630644421 0.0620196935 0.0613241523 
 0.0644369041 0.0635086161 0.0629378529 
 0.0657044348 0.0648845359 0.0644296032 
 0.0668378220 0.0661154242 0.0657644312 
 0.0678100471 0.0671716784 0.0669100653 
 0.0685973482 0.0680272908 0.0678382045 
 0.0691801406 0.0686608495 0.0685255917 
 0.0695437573 0.0690563354 0.0689548539 
 0.0696789889 0.0692036960 0.0691151009 
 0.0695824153 0.0690991962 0.0690022846 
 0.0692565273 0.0687455453 0.0686193296 
 0.0687096380 0.0681518042 0.0679760380 
 0.0679555838 0.0673330702 0.0670887652 
 0.0670132159 0.0663099368 0.0659798596 
 0.0659056900 0.0651077312 0.0646768589 
 0.0646595708 0.0637555423 0.0632114518 
 0.0633037864 0.0622850738 0.0616182353 
 0.0618684862 0.0607293798 0.0599333253 
 0.0603838688 0.0591215579 0.0581929087 
 0.0588790594 0.0574934915 0.0564318377 
 0.0573811114 0.0558747304 0.0546823736 
 0.0559141968 0.0542915856 0.0529731706 
 0.0544990291 0.0527664899 0.0513285620 
 0.0531525359 0.0513176454 0.0497681732 
 0.0518877729 0.0499589467 0.0483068509 
 0.0507140522 0.0487001466 0.0469548658 
 0.0496372396 0.0475472099 0.0457183279 
 0.0486601731 0.0465027994 0.0445997449 
 0.0477831533 0.0455668358 0.0435986590 
 0.0470044625 0.0447370832 0.0427123034 
 0.0463208786 0.0440097205 0.0419362386 
 0.0457281576 0.0433798731 0.0412649356 
 0.0452214702 0.0428420869 0.0406922921 
 0.0447957824 0.0423907387 0.0402120729 
 0.0444461782 0.0420203788 0.0398182755 
 0.0441681257 0.0417260118 0.0395054242 
 0.0439576898 0.0415033181 0.0392688021 
 0.0438116956 0.0413488236 0.0391046257 
 0.0437278497 0.0412600231 0.0390101717 
 0.0437048206 0.0412354638 0.0389838618 
 0.0437422843 0.0412747904 0.0390253086 
 0.0438409347 0.0413787568 0.0391353276 
 0.0440024618 0.0415492035 0.0393159144 
 0.0442294943 0.0417889994 0.0395701858 
 0.0445255061 0.0421019466 0.0399022829 
 0.0448946817 0.0424926422 0.0403172294 
 0.0453417375 0.0429662926 0.0408207397 
 0.0458716918 0.0435284737 0.0414189686 
 0.0464895816 0.0441848317 0.0421181949 
 0.0472001214 0.0449407187 0.0429244335 
 0.0480073046 0.0458007627 0.0438429710 
 0.0489139513 0.0467683737 0.0448778275 
 0.0499212145 0.0478451982 0.0460311541 
 0.0510280612 0.0490305397 0.0473025867 
 0.0522307592 0.0503207762 0.0486885893 
 0.0535224043 0.0517088182 0.0501818347 
 0.0548925347 0.0531836567 0.0517706815 
 0.0563268818 0.0547300618 0.0534388169 
 0.0578073050 0.0563284877 0.0551651319 
 0.0593119509 0.0579552315 0.0569238860 
 0.0608156592 0.0595828756 0.0586851954 
 0.0622906148 0.0611810131 0.0604158448 
 0.0637072221 0.0627172263 0.0620803869 
 0.0650351491 0.0641582585 0.0636424561 
 0.0662444735 0.0654712965 0.0650661998 
 0.0673068527 0.0666252736 0.0663177199 
 0.0681966425 0.0675921059 0.0673664257 
 0.0688919003 0.0683477895 0.0681862195 
 0.0693752266 0.0688733109 0.0687564649 
 0.0696344141 0.0691553421 0.0690627163 
 0.0696628926 0.0691867119 0.0690972056 
 0.0694599639 0.0689666528 0.0688590959 
 0.0690308262 0.0685008267 0.0683545075 
 0.0683863887 0.0678011300 0.0675963179 
 0.0675428761 0.0668852752 0.0666037300 
 0.0665212250 0.0657761469 0.0654015999 
 0.0653462852 0.0645009401 0.0640195230 
 0.0640458501 0.0630901025 0.0624906953 
 0.0626495583 0.0615761240 0.0608505947 
 0.0611877285 0.0599922426 0.0591355524 
 0.0596902005 0.0583711487 0.0573813105 
 0.0581852607 0.0567437800 0.0556216730 
 0.0566987235 0.0551382929 0.0538873499 
 0.0552532252 0.0535792747 0.0522050748 
 0.0538677614 0.0520872365 0.0505970409 
 0.0525574729 0.0506783898 0.0490806634 
 0.0513336634 0.0493646877 0.0476686410 
 0.0502040116 0.0481540842 0.0463692654 
 0.0491729305 0.0470509563 0.0451869109 
 0.0482420249 0.0460566308 0.0441226369 
 0.0474106003 0.0451699615 0.0431748399 
 0.0466761829 0.0443879127 0.0423399056 
 0.0460350217 0.0437061143 0.0416128231 
 0.0454825518 0.0431193692 0.0409877394 
 0.0450138054 0.0426220983 0.0404584403 
 0.0446237659 0.0422087191 0.0400187567 
 0.0443076645 0.0418739600 0.0396628959 
 0.0440612207 0.0416131127 0.0393857065 
 0.0438808320 0.0414222287 0.0391828830 
 0.0437637173 0.0412982678 0.0390511175 
 0.0437080186 0.0412392018 0.0389882061 
 0.0437128653 0.0412440802 0.0389931160 
 0.0437784032 0.0413130596 0.0390660148 
 0.0439057903 0.0414473998 0.0392082671 
 0.0440971586 0.0416494247 0.0394223947 
 0.0443555405 0.0419224480 0.0397120016 
 0.0446847569 0.0422706581 0.0400816563 
 0.0450892630 0.0426989595 0.0405367282 
 0.0455739458 0.0432127622 0.0410831697 
 0.0461438714 0.0438177159 0.0417272366 
 0.0468039739 0.0445193803 0.0424751388 
 0.0475586883 0.0453228311 0.0433326179 
 0.0484115260 0.0462321997 0.0443044473 
 0.0493646019 0.0472501532 0.0453938636 
 0.0504181256 0.0483773306 0.0466019396 
 0.0515698816 0.0496117571 0.0479269291 
 0.0528147292 0.0509482745 0.0493636197 
 0.0541441639 0.0523780337 0.0509027508 
 0.0555459886 0.0538881048 0.0525305577 
 0.0570041435 0.0554612640 0.0542285140 
 0.0584987406 0.0570760106 0.0559733339 
 0.0600063344 0.0587068551 0.0577372840 
 0.0615004437 0.0603248933 0.0594888230 
 0.0629523106 0.0618986545 0.0611935531 
 0.0643318608 0.0633951782 0.0628154291 
 0.0656088043 0.0647812480 0.0643181395 
 0.0667538020 0.0660246953 0.0656665560 
 0.0677396215 0.0670956813 0.0668281453 
 0.0685422090 0.0679678768 0.0677742528 
 0.0691416231 0.0686194782 0.0684811929 
 0.0695227899 0.0690340211 0.0689311080 
 0.0696760592 0.0692009717 0.0691125861 
 0.0695975525 0.0691160951 0.0690210382 
 0.0692893008 0.0687815994 0.0686588467 
 0.0687591726 0.0682060600 0.0680352875 
 0.0680205912 0.0674041222 0.0671662244 
 0.0670920422 0.0663959781 0.0660735666 
 0.0659963785 0.0652066211 0.0647844849 
 0.0647599381 0.0638648893 0.0633303903 
 0.0634115084 0.0624023309 0.0617457049 
 0.0619811893 0.0608519450 0.0600664824 
 0.0604992204 0.0592468760 0.0583289594 
 0.0589948517 0.0576191478 0.0565681437 
 0.0574953328 0.0559985310 0.0548165418 
 0.0560250867 0.0544116182 0.0531031219 
 0.0546051136 0.0528811630 0.0514525743 
 0.0532526434 0.0514257049 0.0498848996 
 0.0519810328 0.0500594725 0.0484153140 
 0.0507998775 0.0487925312 0.0470544330 
 0.0497152983 0.0476311252 0.0458086724 
 0.0487303522 0.0465781551 0.0446807985 
 0.0478455188 0.0456337341 0.0436705603 
 0.0470592188 0.0447957730 0.0427753476 
 0.0463683288 0.0440605541 0.0419908287 
 0.0457686678 0.0434232665 0.0413115394 
 0.0452554374 0.0428784853 0.0407314051 
 0.0448236066 0.0424205868 0.0402441862 
 0.0444682399 0.0420440967 0.0398438503 
 0.0441847669 0.0417439754 0.0395248714 
 0.0439691991 0.0415158436 0.0392824662 
 0.0438182979 0.0413561563 0.0391127734 
 0.0437296977 0.0412623295 0.0390129838 
 0.0437019901 0.0412328263 0.0389814275 
 0.0437347718 0.0412672053 0.0390176240 
 0.0438286583 0.0413661347 0.0391222956 
 0.0439852636 0.0415313720 0.0392973479 
 0.0442071465 0.0417657095 0.0395458136 
 0.0444977195 0.0420728811 0.0398717590 
 0.0448611180 0.0424574282 0.0402801454 
 0.0453020245 0.0429245179 0.0407766418 
 0.0458254432 0.0434797072 0.0413673791 
 0.0464364210 0.0441286489 0.0420586395 
 0.0471397109 0.0448767324 0.0428564737 
 0.0479393772 0.0457286580 0.0437662425 
 0.0488383477 0.0466879488 0.0447920846 
 0.0498379223 0.0477564077 0.0459363178 
 0.0509372552 0.0489335395 0.0471987953 
 0.0521328400 0.0502159682 0.0485762488 
 0.0534180319 0.0515968888 0.0500616631 
 0.0547826541 0.0530656075 0.0516437444 
 0.0562127362 0.0546072256 0.0533065475 
 0.0576904328 0.0562025271 0.0550293304 
 0.0591941648 0.0578281168 0.0567866957 
 0.0606990056 0.0594568401 0.0585490527 
 0.0621773151 0.0610584874 0.0602834059 
 0.0635995983 0.0626007549 0.0619544341 
 0.0649355387 0.0640504042 0.0635257907 
 0.0661551390 0.0653745400 0.0649615303 
 0.0672298926 0.0665419142 0.0662275529 
 0.0681339086 0.0675241703 0.0672929669 
 0.0688449257 0.0682969539 0.0681312897 
 0.0693451675 0.0688408384 0.0687214341 
 0.0696220073 0.0691420371 0.0690484561 
 0.0696684288 0.0691928922 0.0691040607 
 0.0694832773 0.0689921385 0.0688868727 
 0.0690713002 0.0685449465 0.0684024802 
 0.0684429783 0.0678627441 0.0676632526 
 0.0676141455 0.0669628159 0.0666879264 
 0.0666054016 0.0658676763 0.0655009520 
 0.0654413282 0.0646042242 0.0641315978 
 0.0641495302 0.0632026987 0.0626128285 
 0.0627595457 0.0616954787 0.0609799969 
 0.0613016840 0.0601157923 0.0592694213 
 0.0598058624 0.0584964177 0.0575169402 
 0.0583005231 0.0568684680 0.0557565521 
 0.0568117001 0.0552603465 0.0540192420 
 0.0553622954 0.0536969383 0.0523320753 
 0.0539715966 0.0521990810 0.0507176086 
 0.0526550446 0.0507833200 0.0491936273 
 0.0514242341 0.0494619305 0.0477731864 
 0.0502871126 0.0482431620 0.0464649020 
 0.0492483299 0.0471316498 0.0452734305 
 0.0483096900 0.0461289360 0.0442000641 
 0.0474706573 0.0452340446 0.0432433815 
 0.0467288772 0.0444440652 0.0423999010 
 0.0460806804 0.0437547122 0.0416646991 
 0.0455215495 0.0431608357 0.0410319695 
 0.0450465346 0.0426568719 0.0404955109 
 0.0446506120 0.0422372269 0.0400491379 
 0.0443289845 0.0418965954 0.0396870189 
 0.0440773270 0.0416302183 0.0394039453 
 0.0438919793 0.0414340830 0.0391955405 
 0.0437700928 0.0413050750 0.0390584155 
 0.0437097361 0.0412410858 0.0389902788 
 0.0437099611 0.0412410803 0.0389900059 
 0.0437708351 0.0413051297 0.0390576720 
 0.0438934391 0.0414344099 0.0391945501 
 0.0440798323 0.0416311650 0.0394030756 
 0.0443329810 0.0418986359 0.0396867724 
 0.0446566504 0.0422409487 0.0400501397 
 0.0450552527 0.0426629589 0.0404984922 
 0.0455336498 0.0431700462 0.0410377460 
 0.0460969036 0.0437678517 0.0416741441 
 0.0467499698 0.0444619546 0.0424139135 
 0.0474973352 0.0452574823 0.0432628472 
 0.0483425973 0.0461586552 0.0442258112 
 0.0492879946 0.0471682712 0.0453061803 
 0.0503339002 0.0482871441 0.0465052151 
 0.0514783014 0.0495135188 0.0478214070 
 0.0527162973 0.0508424991 0.0492498301 
 0.0540396533 0.0522655330 0.0507815506 
 0.0554364628 0.0537700125 0.0524031600 
 0.0568909628 0.0553390446 0.0540964991 
 0.0583835516 0.0569514491 0.0558386394 
 0.0598910410 0.0585820251 0.0576021694 
 0.0613871583 0.0602021036 0.0593558098 
 0.0628432891 0.0617803754 0.0610653422 
 0.0642294232 0.0632839532 0.0626948015 
 0.0655152476 0.0646795957 0.0642078472 
 0.0666713105 0.0659350098 0.0655692111 
 0.0676701805 0.0670201366 0.0667461158 
 0.0684875276 0.0679083421 0.0677095708 
 0.0691030682 0.0685774471 0.0684354791 
 0.0695013354 0.0690105565 0.0689055142 
 0.0696722507 0.0691966688 0.0691077565 
 0.0696114878 0.0691310607 0.0690370887 
 0.0693206265 0.0688154485 0.0686953611 
 0.0688070967 0.0682579291 0.0680913311 
 0.0680839119 0.0674726995 0.0672403754 
 0.0671691924 0.0664795512 0.0661639657 
 0.0660854856 0.0653031410 0.0648889031 
 0.0648588966 0.0639720504 0.0634463144 
 0.0635180639 0.0625176621 0.0618704376 
 0.0620930264 0.0609729087 0.0601972507 
 0.0606140524 0.0593709673 0.0584630255 
 0.0591105034 0.0577439879 0.0567029085 
 0.0576098118 0.0561219468 0.0549496358 
 0.0561366392 0.0545317047 0.0532324738 
 0.0547122615 0.0529963241 0.0515764569 
 0.0533542023 0.0515346719 0.0500019499 
 0.0520761120 0.0501613029 0.0485245301 
 0.0508878651 0.0488865901 0.0471551521 
 0.0497958345 0.0477170539 0.0459005344 
 0.0488032949 0.0466558315 0.0447637003 
 0.0479109051 0.0457032288 0.0437446065 
 0.0471172249 0.0448573048 0.0428408004 
 0.0464192321 0.0441144471 0.0420480607 
 0.0458128109 0.0434699113 0.0413609913 
 0.0452931963 0.0429183048 0.0407735480 
 0.0448553636 0.0424540065 0.0402794907 
 0.0444943605 0.0420715208 0.0398727602 
 0.0442055810 0.0417657665 0.0395477836 
 0.0439849863 0.0415323080 0.0392997145 
 0.0438292762 0.0413675321 0.0391246166 
 0.0437360154 0.0412687783 0.0390195970 
 0.0437037207 0.0412344281 0.0389828974 
 0.0437319115 0.0412639557 0.0390139457 
 0.0438211258 0.0413579450 0.0391133728 
 0.0439729029 0.0415180721 0.0392829955 
 0.0441897320 0.0417470526 0.0395257632 
 0.0444749644 0.0420485526 0.0398456673 
 0.0448326853 0.0424270573 0.0402476063 
 0.0452675420 0.0428876926 0.0407372023 
 0.0457845226 0.0434359948 0.0413205602 
 0.0463886806 0.0440776198 0.0420039619 
 0.0470848031 0.0448179898 0.0427934894 
 0.0478770206 0.0456618726 0.0436945724 
 0.0487683627 0.0466128977 0.0447114610 
 0.0497602695 0.0476730170 0.0458466321 
 0.0508520752 0.0488419293 0.0471001477 
 0.0520404917 0.0501164959 0.0484689977 
 0.0533191269 0.0514901889 0.0499464708 
 0.0546780830 0.0529526225 0.0515216131 
 0.0561036828 0.0544892242 0.0531788407 
 0.0575783739 0.0560811048 0.0548977754 
 0.0590808514 0.0577051766 0.0566533626 
 0.0605864255 0.0593345512 0.0584163084 
 0.0620676372 0.0609392228 0.0601538442 
 0.0634951007 0.0624870112 0.0618307852 
 0.0648385264 0.0639447090 0.0634108178 
 0.0660678555 0.0652793528 0.0648579192 
 0.0671544317 0.0664595288 0.0661378046 
 0.0680721319 0.0674566244 0.0672192986 
 0.0687983912 0.0682459501 0.0680755505 
 0.0693150702 0.0688076811 0.0686850380 
 0.0696091353 0.0691275861 0.0690323336 
 0.0696731355 0.0691975322 0.0691086279 
 0.0695054688 0.0690157670 0.0689120182 
 0.0691104389 0.0685869768 0.0684475692 
 0.0684981022 0.0679221266 0.0677271475 
 0.0676839038 0.0670380750 0.0667690261 
 0.0666881057 0.0659569650 0.0655972490 
 0.0655350164 0.0647053950 0.0642407535 
 0.0642520453 0.0633133880 0.0627322646 
 0.0628686207 0.0618132014 0.0611069991 
 0.0614150305 0.0602380408 0.0594012487 
 0.0599212572 0.0586207580 0.0576509329 
 0.0584158856 0.0569926275 0.0558902292 
 0.0569251569 0.0553822854 0.0541503818 
 0.0554722273 0.0538149021 0.0524587742 
 0.0540766667 0.0523116309 0.0508383144 
 0.0527542083 0.0508893428 0.0493071493 
 0.0515167323 0.0495606289 0.0478786827 
 0.0503724509 0.0483340300 0.0465618514 
 0.0493262487 0.0472144378 0.0453615914 
 0.0483801284 0.0462036091 0.0442794276 
 0.0475337137 0.0453007386 0.0433141215 
 0.0467847706 0.0445030433 0.0424623260 
 0.0461297136 0.0438063241 0.0417192075 
 0.0455640752 0.0432054811 0.0410790097 
 0.0450829261 0.0426949686 0.0405355468 
 0.0446812379 0.0422691840 0.0400826207 
 0.0443541881 0.0419227917 0.0397143638 
 0.0440974093 0.0416509841 0.0394255132 
 0.0439071858 0.0414496872 0.0392116241 
 0.0437806045 0.0413157149 0.0390692289 
 0.0437156618 0.0412468800 0.0389959509 
 0.0437113341 0.0412420651 0.0389905757 
 0.0437676118 0.0413012575 0.0390530877 
 0.0438854998 0.0414255501 0.0391846701 
 0.0440669852 0.0416171082 0.0393876720 
 0.0443149685 0.0418791001 0.0396655382 
 0.0446331586 0.0422155893 0.0400226984 
 0.0450259243 0.0426313819 0.0404644115 
 0.0454981006 0.0431318251 0.0409965559 
 0.0460547428 0.0437225498 0.0416253597 
 0.0467008255 0.0444091510 0.0423570632 
 0.0474408833 0.0451968040 0.0431975068 
 0.0482785953 0.0460898133 0.0441516440 
 0.0492163184 0.0470911017 0.0452229814 
 0.0502545833 0.0482016518 0.0464129604 
 0.0513915744 0.0494199216 0.0477203034 
 0.0526226245 0.0507412701 0.0491403630 
 0.0539397638 0.0521574370 0.0506645262 
 0.0553313721 0.0536561311 0.0522797351 
 0.0567819805 0.0552207872 0.0539681945 
 0.0582722735 0.0568305453 0.0557073324 
 0.0597793218 0.0584604951 0.0574700615 
 0.0612770663 0.0600822076 0.0592253699 
 0.0627370426 0.0616645433 0.0609392274 
 0.0641293143 0.0631746976 0.0625757599 
 0.0654235561 0.0645794168 0.0640986109 
 0.0665902156 0.0658462961 0.0654723868 
 0.0676016751 0.0669450703 0.0666640807 
 0.0684333403 0.0678488140 0.0676443803 
 0.0690645975 0.0685349846 0.0683887903 
 0.0694795974 0.0689862679 0.0688785275 
 0.0696678424 0.0691912046 0.0691011752 
 0.0696245660 0.0691445912 0.0690510962 
 0.0693509026 0.0688476584 0.0687296158 
 0.0688538476 0.0683080290 0.0681449776 
 0.0681460057 0.0675394533 0.0673120731 
 0.0672451313 0.0665613212 0.0662519360 
 0.0661734626 0.0653979500 0.0649909944 
 0.0649568666 0.0640776579 0.0635600848 
 0.0636238242 0.0626316539 0.0619932516 
 0.0622043047 0.0610927937 0.0603263861 
 0.0607285939 0.0594942754 0.0585957821 
 0.0592261538 0.0578683627 0.0568367121 
 0.0577245893 0.0562452262 0.0550821280 
 0.0562487907 0.0546519837 0.0533615832 
 0.0548203013 0.0531119973 0.0517004457 
 0.0534569317 0.0516444545 0.0501194366 
 0.0521726213 0.0502642309 0.0486344889 
 0.0509775199 0.0489820036 0.0472568927 
 0.0498782512 0.0478045679 0.0459936675 
 0.0488783070 0.0467352973 0.0448480938 
 0.0479785260 0.0457746911 0.0438203369 
 0.0471776087 0.0449209582 0.0429081036 
 0.0464726356 0.0441705938 0.0421072859 
 0.0458595584 0.0435189224 0.0414125580 
 0.0453336478 0.0429605859 0.0408179091 
 0.0448898877 0.0424899686 0.0403171010 
 0.0445233110 0.0421015555 0.0399040508 
 0.0442292784 0.0417902268 0.0395731407 
 0.0440037026 0.0415514922 0.0393194635 
 0.0438432236 0.0413816721 0.0391390098 
 0.0437453378 0.0412780314 0.0390288051 
 0.0437084887 0.0412388709 0.0389870036 
 0.0437321191 0.0412635820 0.0390129431 
 0.0438166907 0.0413526651 0.0391071642 
 0.0439636684 0.0415077150 0.0392713953 
 0.0441754722 0.0417313717 0.0395085031 
 0.0444553917 0.0420272329 0.0398224038 
 0.0448074617 0.0423997269 0.0402179326 
 0.0452362932 0.0428539379 0.0407006638 
 0.0457468565 0.0433953794 0.0412766746 
 0.0463442099 0.0440297089 0.0419522445 
 0.0470331723 0.0447623785 0.0427334842 
 0.0478179371 0.0455982201 0.0436258885 
 0.0487016323 0.0465409658 0.0446338150 
 0.0496858344 0.0475927126 0.0457598947 
 0.0507700535 0.0487533486 0.0470043938 
 0.0519512160 0.0500199682 0.0483645556 
 0.0532231792 0.0513863167 0.0498339682 
 0.0545763213 0.0528423131 0.0514020140 
 0.0559972571 0.0543737092 0.0530534685 
 0.0574687271 0.0559619428 0.0547683172 
 0.0589697025 0.0575842356 0.0565218502 
 0.0604757339 0.0592139693 0.0582850751 
 0.0619595488 0.0608213482 0.0600254568 
 0.0633918782 0.0623743236 0.0617079561 
 0.0647424674 0.0638397280 0.0632963022 
 0.0659812047 0.0651845400 0.0647544058 
 0.0670792935 0.0663771898 0.0660478076 
 0.0680103874 0.0673888180 0.0671450588 
 0.0687516253 0.0681944088 0.0680189495 
 0.0692845118 0.0687737464 0.0686475302 
 0.0695956124 0.0691121604 0.0690148955 
 0.0696770452 0.0692010480 0.0691117264 
 0.0695267637 0.0690381717 0.0689355960 
 0.0691486293 0.0686277357 0.0684910464 
 0.0685522737 0.0679802411 0.0677894418 
 0.0677527512 0.0671121186 0.0668485894 
 0.0667699820 0.0660451364 0.0656921226 
 0.0656279969 0.0648055863 0.0643486419 
 0.0643540030 0.0634232683 0.0628506249 
 0.0629773113 0.0619303101 0.0612331434 
 0.0615281803 0.0603598856 0.0595324525 
 0.0600366495 0.0587449116 0.0577845430 
 0.0585314388 0.0571168151 0.0560237615 
 0.0570389899 0.0555044579 0.0542816039 
 0.0555827076 0.0539332897 0.0525857648 
 0.0541824408 0.0524247757 0.0509594996 
 0.0528542121 0.0509961094 0.0494213133 
 0.0516101861 0.0496601970 0.0479849584 
 0.0504588402 0.0484258713 0.0466596925 
 0.0494052947 0.0472982813 0.0454507331 
 0.0484517523 0.0462794008 0.0443598398 
 0.0475979984 0.0453685975 0.0433859601 
 0.0468419219 0.0445632182 0.0425258843 
 0.0461800228 0.0438591528 0.0417748711 
 0.0456078861 0.0432513538 0.0411272170 
 0.0451206047 0.0427342956 0.0405767542 
 0.0447131475 0.0423023691 0.0401172737 
 0.0443806679 0.0419502094 0.0397428737 
 0.0441187574 0.0416729624 0.0394482383 
 0.0439236463 0.0414664932 0.0392288555 
 0.0437923570 0.0413275451 0.0390811805 
 0.0437228150 0.0412538530 0.0390027513 
 0.0437139213 0.0412442174 0.0389922648 
 0.0437655895 0.0412985419 0.0390496143 
 0.0438787487 0.0414178368 0.0391758935 
 0.0440553136 0.0416041881 0.0393733653 
 0.0442981188 0.0418606916 0.0396453947 
 0.0446108160 0.0421913472 0.0399963415 
 0.0449977302 0.0426009110 0.0404314080 
 0.0454636682 0.0430946968 0.0409564336 
 0.0460136779 0.0436783237 0.0415776303 
 0.0466527509 0.0443574013 0.0423012500 
 0.0473854682 0.0451371505 0.0431331786 
 0.0482155885 0.0460219580 0.0440784543 
 0.0491455850 0.0470148695 0.0451407134 
 0.0501761442 0.0481170338 0.0463215756 
 0.0513056458 0.0493271202 0.0476199915 
 0.0525296549 0.0506407413 0.0490315909 
 0.0538404659 0.0520499270 0.0505480799 
 0.0552267448 0.0535427036 0.0521567512 
 0.0566733185 0.0551028347 0.0538401753 
 0.0581611596 0.0567097829 0.0555761389 
 0.0596676016 0.0583389328 0.0573378839 
 0.0611668035 0.0599621005 0.0590946715 
 0.0626304568 0.0615483223 0.0608126667 
 0.0640287044 0.0630648835 0.0624560943 
 0.0653312150 0.0644785244 0.0639885892 
 0.0665083413 0.0657567349 0.0653746393 
 0.0675322840 0.0668690490 0.0665810139 
 0.0683781884 0.0677882535 0.0675780832 
 0.0690251130 0.0684914452 0.0683409564 
 0.0694568274 0.0689608922 0.0688503945 
 0.0696624148 0.0691846769 0.0690934832 
 0.0696366672 0.0691571142 0.0690640640 
 0.0693802716 0.0688789468 0.0687629339 
 0.0688997850 0.0683573192 0.0681978189 
 0.0682073996 0.0676055309 0.0673831203 
 0.0673204986 0.0666425647 0.0663394279 
 0.0662610056 0.0654923917 0.0650927898 
 0.0650545430 0.0641830603 0.0636737448 
 0.0637294284 0.0627455989 0.0621161361 
 0.0623155547 0.0612127794 0.0604557604 
 0.0608432204 0.0596178147 0.0587289269 
 0.0593419833 0.0579930771 0.0569710281 
 0.0578396174 0.0563689280 0.0552152278 
 0.0563612402 0.0547727403 0.0534913639 
 0.0549286616 0.0532281754 0.0518251381 
 0.0535599805 0.0517547422 0.0502376288 
 0.0522694268 0.0503676396 0.0487451277 
 0.0510674292 0.0490778527 0.0473592643 
 0.0499608647 0.0478924549 0.0460873636 
 0.0489534462 0.0468150602 0.0449329676 
 0.0480461954 0.0458463653 0.0438964548 
 0.0472379568 0.0449847324 0.0429756958 
 0.0465259164 0.0442267675 0.0421666986 
 0.0459060956 0.0435678665 0.0414642111 
 0.0453738028 0.0430027079 0.0408622580 
 0.0449240317 0.0425256829 0.0403546048 
 0.0445518017 0.0421312583 0.0399351456 
 0.0442524406 0.0418142761 0.0395982187 
 0.0440218131 0.0415701917 0.0393388563 
 0.0438564991 0.0413952592 0.0391529759 
 0.0437539269 0.0412866684 0.0390375212 
 0.0437124660 0.0412426396 0.0389905585 
 0.0437314825 0.0412624802 0.0390113349 
 0.0438113608 0.0413466068 0.0391002997 
 0.0439534910 0.0414965325 0.0392590927 
 0.0441602231 0.0417148201 0.0394904966 
 0.0444347843 0.0420049986 0.0397983516 
 0.0447811579 0.0423714386 0.0401874287 
 0.0452039180 0.0428191813 0.0406632535 
 0.0457080163 0.0433537169 0.0412318741 
 0.0462985148 0.0439807028 0.0418995668 
 0.0469802634 0.0447056205 0.0426724695 
 0.0477575178 0.0455333650 0.0435561413 
 0.0486335034 0.0464677703 0.0445550461 
 0.0496099329 0.0475110778 0.0456719686 
 0.0506864924 0.0486633646 0.0469073784 
 0.0518603231 0.0499219586 0.0482587726 
 0.0531255324 0.0512808790 0.0497200392 
 0.0544727764 0.0527303516 0.0512808988 
 0.0558889644 0.0542564550 0.0529264891 
 0.0573571330 0.0558409576 0.0546371633 
 0.0588565335 0.0574613948 0.0563885614 
 0.0603629618 0.0590914240 0.0581519980 
 0.0618493365 0.0607014648 0.0598951781 
 0.0632865099 0.0622596055 0.0615832141 
 0.0646442663 0.0637327233 0.0631798833 
 0.0658924448 0.0650877422 0.0646490345 
 0.0670021097 0.0662929391 0.0659560365 
 0.0679466921 0.0673192079 0.0670691672 
 0.0687030333 0.0681412054 0.0679608566 
 0.0692522796 0.0687383218 0.0686087243 
 0.0695805912 0.0690954434 0.0689963824 
 0.0696796504 0.0692034914 0.0691139962 
 0.0695469605 0.0690597374 0.0689586070 
 0.0691859339 0.0686678958 0.0685342273 
 0.0686057709 0.0680379965 0.0678517099 
 0.0678211276 0.0671860347 0.0669283878 
 0.0668515758 0.0661333952 0.0657874755 
 0.0657208616 0.0649060566 0.0644572280 
 0.0644559842 0.0635335885 0.0629698679 
 0.0630861317 0.0620479833 0.0613603153 
 0.0616415296 0.0604823786 0.0596647835 
 0.0601522720 0.0588697534 0.0579193311 
 0.0586472134 0.0572416867 0.0561584732 
 0.0571529969 0.0556272667 0.0544139580 
 0.0556932789 0.0540522259 0.0527137950 
 0.0542881909 0.0525383454 0.0510815918 
 0.0529540504 0.0511031477 0.0495362185 
 0.0517033119 0.0497598602 0.0480917833 
 0.0505447237 0.0485176141 0.0467578722 
 0.0494836476 0.0473818227 0.0455399915 
 0.0485224916 0.0463546822 0.0444401424 
 0.0476612073 0.0454357385 0.0434574635 
 0.0468978101 0.0446224724 0.0425888875 
 0.0462288890 0.0439108664 0.0418297694 
 0.0456500831 0.0432959274 0.0411744606 
 0.0451565095 0.0427721519 0.0406168130 
 0.0447431349 0.0423339246 0.0401506079 
 0.0444050890 0.0419758522 0.0397699092 
 0.0441379222 0.0416930333 0.0394693481 
 0.0439378100 0.0414812721 0.0392443448 
 0.0438017097 0.0413372400 0.0390912757 
 0.0437274749 0.0412585931 0.0390075932 
 0.0437139302 0.0412440486 0.0389919034 
 0.0437609110 0.0412934252 0.0390440078 
 0.0438692695 0.0414076491 0.0391649086 
 0.0440408469 0.0415887259 0.0393567814 
 0.0442784103 0.0418396772 0.0396229099 
 0.0445855539 0.0421644387 0.0399675827 
 0.0449665571 0.0425677148 0.0403959443 
 0.0454261980 0.0430547853 0.0409137940 
 0.0459695162 0.0436312564 0.0415273266 
 0.0466015199 0.0443027515 0.0422428047 
 0.0473268359 0.0450745369 0.0430661589 
 0.0481493024 0.0459510812 0.0440025123 
 0.0490715098 0.0469355530 0.0450556306 
 0.0500943008 0.0480292685 0.0462273122 
 0.0512162516 0.0492311089 0.0475167375 
 0.0524331618 0.0505369426 0.0489198149 
 0.0537375924 0.0519390928 0.0504285726 
 0.0551184989 0.0534259060 0.0520306575 
 0.0565610079 0.0549814795 0.0537090103 
 