0.1205432858 0.1250973336 0.1292548558 
 0.1231340048 0.1274199688 0.1313188170 
 0.1255637892 0.1295957568 0.1332513135 
 0.1278126804 0.1316079437 0.1350380905 
 0.1298647002 0.1334430640 0.1366675939 
 0.1317074514 0.1350905871 0.1381306746 
 0.1333316203 0.1365425033 0.1394202569 
 0.1347304433 0.1377928940 0.1405310003 
 0.1358991864 0.1388375207 0.1414589801 
 0.1368346742 0.1396734563 0.1422014016 
 0.1375348867 0.1402987718 0.1427563580 
 0.1379986371 0.1407122860 0.1431226369 
 0.1382253317 0.1409133793 0.1432995757 
 0.1382148115 0.1409018708 0.1432869654 
 0.1379672732 0.1406779567 0.1430850029 
 0.1374832687 0.1402422087 0.1426942889 
 0.1367637812 0.1395956331 0.1421158730 
 0.1358103805 0.1387397900 0.1413513459 
 0.1346254586 0.1376769754 0.1404029792 
 0.1332125465 0.1364104657 0.1392739141 
 0.1315767078 0.1349448229 0.1379683964 
 0.1297249991 0.1332862543 0.1364920534 
 0.1276669754 0.1314430111 0.1348522043 
 0.1254152070 0.1294258045 0.1330581860 
 0.1229857578 0.1272482045 0.1311216735 
 0.1203985672 0.1249269780 0.1290569618 
 0.1176776653 0.1224823180 0.1268811765 
 0.1148511603 0.1199379126 0.1246143723 
 0.1119509487 0.1173208108 0.1222794879 
 0.1090121291 0.1146610617 0.1199021299 
 0.1060721380 0.1119911233 0.1175101783 
 0.1031696681 0.1093450736 0.1151332236 
 0.1003434642 0.1067576788 0.1128018686 
 0.0976311127 0.1042634005 0.1105469448 
 0.0950679412 0.1018954281 0.1083987048 
 0.0926861280 0.0996848216 0.1063860566 
 0.0905140828 0.0976598278 0.1045358933 
 0.0885761225 0.0958454080 0.1028725603 
 0.0868924224 0.0942629829 0.1014174779 
 0.0854791926 0.0929303719 0.1001889164 
 0.0843490099 0.0918618855 0.0992019041 
 0.0835112280 0.0910685131 0.0984682323 
 0.0829723905 0.0905581493 0.0979965179 
 0.0827365853 0.0903358051 0.0977922845 
 0.0828056900 0.0904037598 0.0978580262 
 0.0831794784 0.0907616252 0.0981932329 
 0.0838555722 0.0914063097 0.0987943657 
 0.0848292450 0.0923318843 0.0996547853 
 0.0860930963 0.0935293745 0.1007646529 
 0.0876366402 0.0949865127 0.1021108324 
 0.0894458613 0.0966875023 0.1036768323 
 0.0915028120 0.0986128517 0.1054428304 
 0.0937853288 0.1007393386 0.1073858208 
 0.0962669467 0.1030401569 0.1094799133 
 0.0989170760 0.1054852829 0.1116967988 
 0.1017014809 0.1080420694 0.1140063725 
 0.1045830592 0.1106760477 0.1163774836 
 0.1075228797 0.1133518825 0.1187787619 
 0.1104813927 0.1160344014 0.1211794552 
 0.1134196977 0.1186896091 0.1235502113 
 0.1163007456 0.1212855928 0.1258637429 
 0.1190903605 0.1237932483 0.1280953322 
 0.1217579993 0.1261867796 0.1302231510 
 0.1242772081 0.1284439558 0.1322283968 
 0.1266257750 0.1305461420 0.1340952627 
 0.1287856180 0.1324781393 0.1358107726 
 0.1307424681 0.1342278847 0.1373645212 
 0.1324854156 0.1357860638 0.1387483582 
 0.1340063895 0.1371456841 0.1399560496 
 0.1352996247 0.1383016511 0.1409829457 
 0.1363611607 0.1392503736 0.1418256759 
 0.1371884004 0.1399894202 0.1424818823 
 0.1377797434 0.1405172339 0.1429499996 
 0.1381343013 0.1408329120 0.1432290838 
 0.1382516958 0.1409360488 0.1433186907 
 0.1381319373 0.1408266415 0.1432188019 
 0.1377753818 0.1405050562 0.1429297979 
 0.1371827662 0.1399720542 0.1424524780 
 0.1363553199 0.1392288786 0.1417881273 
 0.1352949577 0.1382774025 0.1409386301 
 0.1340045526 0.1371203397 0.1399066326 
 0.1324882882 0.1357615177 0.1386957531 
 0.1307520858 0.1342062089 0.1373108374 
 0.1288040883 0.1324615110 0.1357582523 
 0.1266551760 0.1305367567 0.1340462056 
 0.1243194726 0.1284439264 0.1321850725 
 0.1218147873 0.1261980254 0.1301877028 
 0.1191629276 0.1238173776 0.1280696742 
 0.1163898177 0.1213237873 0.1258494559 
 0.1135253624 0.1187425188 0.1235484452 
 0.1106030208 0.1161020597 0.1211908452 
 0.1076590879 0.1134336524 0.1188033672 
 0.1047317204 0.1107706069 0.1164147557 
 0.1018597849 0.1081474368 0.1140551583 
 0.0990816367 0.1055988894 0.1117553807 
 0.0964339454 0.1031589532 0.1095460846 
 0.0939506820 0.1008599320 0.1074569916 
 0.0916623471 0.0987316610 0.1055161551 
 0.0895954875 0.0968009180 0.1037493502 
 0.0877725035 0.0950910519 0.1021796109 
 0.0862117112 0.0936218213 0.1008269249 
 0.0849276000 0.0924094106 0.0997080731 
 0.0839312100 0.0914665735 0.0988365870 
 0.0832305518 0.0908028456 0.0982227856 
 0.0828310000 0.0904247696 0.0978738507 
 0.0827356018 0.0903360840 0.0977939039 
 0.0829452614 0.0905378369 0.0979840549 
 0.0834587758 0.0910284047 0.0984424038 
 0.0842727168 0.0918034097 0.0991639937 
 0.0853811718 0.0928555481 0.1001407241 
 0.0867753717 0.0941743586 0.1013612471 
 0.0884432574 0.0957459732 0.1028108837 
 0.0903690449 0.0975529063 0.1044715981 
 0.0925328680 0.0995739415 0.1063220747 
 0.0949105763 0.1017841742 0.1083379323 
 0.0974737645 0.1041552572 0.1104920997 
 0.1001900851 0.1066558720 0.1127553563 
 0.1030238688 0.1092524236 0.1150970185 
 0.1059370310 0.1119099213 0.1174857322 
 0.1088902015 0.1145929787 0.1198903128 
 0.1118439766 0.1172668478 0.1222805649 
 0.1147601718 0.1198983930 0.1246280173 
 0.1176029528 0.1224569221 0.1269065177 
 0.1203397451 0.1249148109 0.1290926540 
 0.1229418551 0.1272478913 0.1311659885 
 0.1253847847 0.1294356006 0.1331091135 
 0.1276482556 0.1314609187 0.1349075552 
 0.1297159939 0.1333101370 0.1365495600 
 0.1315753418 0.1349725116 0.1380258037 
 0.1332167655 0.1364398526 0.1393290619 
 0.1346333223 0.1377060939 0.1404538710 
 0.1358201382 0.1387668804 0.1413962067 
 0.1367739320 0.1396191947 0.1421531957 
 0.1374926066 0.1402610401 0.1427228696 
 0.1379749201 0.1406911847 0.1431039679 
 0.1382202395 0.1409089705 0.1432957891 
 0.1382283759 0.1409141856 0.1432980914 
 0.1379994998 0.1407069978 0.1431110410 
 0.1375341337 0.1402879484 0.1427352061 
 0.1368332229 0.1396580065 0.1421715989 
 0.1358982838 0.1388186834 0.1414217633 
 0.1347316338 0.1377722095 0.1404879119 
 0.1333367008 0.1365217739 0.1393731097 
 0.1317184117 0.1350718251 0.1380815059 
 0.1298836474 0.1334284264 0.1366186084 
 0.1278417462 0.1315996522 0.1349915907 
 0.1256050204 0.1295960038 0.1332096181 
 0.1231892404 0.1274308101 0.1312841688 
 0.1206140258 0.1251205735 0.1292293204 
 0.1179030768 0.1226852081 0.1270619672 
 0.1150841810 0.1201481240 0.1248019290 
 0.1121889475 0.1175361099 0.1224719181 
 0.1092522436 0.1148789908 0.1200973377 
 0.1063113515 0.1122090551 0.1177059011 
 0.1034049014 0.1095602787 0.1153270822 
 0.1005716728 0.1069674038 0.1129914257 
 0.0978493807 0.1044649462 0.1107297687 
 0.0952735631 0.1020862244 0.1085724334 
 0.0928766709 0.0998624900 0.1065484549 
 0.0906874258 0.0978222292 0.1046849030 
 0.0887304731 0.0959906733 0.1030063370 
 0.0870263120 0.0943895259 0.1015344159 
 0.0855914565 0.0930368890 0.1002876618 
 0.0844387579 0.0919473444 0.0992813586 
 0.0835778102 0.0911321357 0.0985275503 
 0.0830153663 0.0905993939 0.0980351008 
 0.0827556979 0.0903543509 0.0978097740 
 0.0828008512 0.0903994971 0.0978543004 
 0.0831507642 0.0907346539 0.0981684061 
 0.0838032320 0.0913569443 0.0987487911 
 0.0847537205 0.0922606675 0.0995890624 
 0.0859950507 0.0934370951 0.1006796355 
 0.0875169915 0.0948742250 0.1020076354 
 0.0893058167 0.0965565434 0.1035568343 
 0.0913438969 0.0984648507 0.1053076683 
 0.0936094030 0.1005762144 0.1072373742 
 0.0960762036 0.1028641003 0.1093202758 
 0.0987140196 0.1052987205 0.1115282368 
 0.1014888785 0.1078476107 0.1138312720 
 0.1043638719 0.1104764170 0.1161982891 
 0.1073001751 0.1131498411 0.1185979107 
 0.1102582476 0.1158326676 0.1209993135 
 0.1131991003 0.1184907812 0.1233730162 
 0.1160855069 0.1210920842 0.1256915557 
 0.1188830431 0.1236072383 0.1279300046 
 0.1215608678 0.1260101818 0.1300663063 
 0.1240922039 0.1282784061 0.1320814247 
 0.1264545135 0.1303930023 0.1339593259 
 0.1286294047 0.1323385151 0.1356868229 
 0.1306023282 0.1341026517 0.1372533222 
 0.1323621318 0.1356758989 0.1386505099 
 0.1339005432 0.1370510993 0.1398720148 
 0.1352116361 0.1382230248 0.1409130750 
 0.1362913263 0.1391879800 0.1417702301 
 0.1371369243 0.1399434536 0.1424410514 
 0.1377467630 0.1404878291 0.1429239180 
 0.1381199066 0.1408201589 0.1432178424 
 0.1382559423 0.1409400025 0.1433223445 
 0.1381548524 0.1408473274 0.1432373738 
 0.1378169660 0.1405424706 0.1429632795 
 0.1372429866 0.1400261603 0.1425008264 
 0.1364340993 0.1392995971 0.1418512579 
 0.1353921560 0.1383645979 0.1410164061 
 0.1341199421 0.1372238011 0.1399988502 
 0.1326215231 0.1358809349 0.1388021233 
 0.1309026653 0.1343411441 0.1374309636 
 0.1289713162 0.1326113667 0.1358916062 
 0.1268381193 0.1307007426 0.1341921006 
 0.1245169220 0.1286210265 0.1323426379 
 0.1220252249 0.1263869696 0.1303558599 
 0.1193845075 0.1240166223 0.1282471186 
 0.1166203642 0.1215315069 0.1260346479 
 0.1137623901 0.1189566144 0.1237396113 
 0.1108437786 0.1163201855 0.1213859932 
 0.1079006255 0.1136532603 0.1190003157 
 0.1049709730 0.1109890077 0.1166111776 
 0.1020936695 0.1083618740 0.1142486348 
 0.0993071488 0.1058066180 0.1119434638 
 0.0966482493 0.1033573179 0.1097263610 
 0.0941511840 0.1010464372 0.1076271449 
 0.0918467480 0.0989040275 0.1056740206 
 0.0897618117 0.0969571226 0.1038929587 
 0.0879191049 0.0952293501 0.1023072205 
 0.0863372613 0.0937407539 0.1009370404 
 0.0850310627 0.0925077977 0.0997994544 
 0.0840118088 0.0915434998 0.0989082497 
 0.0832877370 0.0908576426 0.0982739960 
 0.0828644187 0.0904569981 0.0979041194 
 0.0827450771 0.0903455206 0.0978029801 
 0.0829307816 0.0905244678 0.0979719236 
 0.0834204963 0.0909924273 0.0984092871 
 0.0842109736 0.0917452411 0.0991103558 
 0.0852965050 0.0927758413 0.1000672787 
 0.0866685573 0.0940740209 0.1012689655 
 0.0883153416 0.0956261854 0.1027009997 
 0.0902213765 0.0974151368 0.1043456075 
 0.0923671223 0.0994199507 0.1061817253 
 0.0947287642 0.1016160055 0.1081852026 
 0.0972782217 0.1039752107 0.1103291646 
 0.0999834385 0.1064664610 0.1125845399 
 0.1028089786 0.1090563143 0.1149207371 
 0.1057169123 0.1117098594 0.1173064307 
 0.1086679319 0.1143917103 0.1197103992 
 0.1116225974 0.1170670398 0.1221023488 
 0.1145425938 0.1197025615 0.1244536565 
 0.1173918751 0.1222673737 0.1267379775 
 0.1201375933 0.1247336022 0.1289316802 
 0.1227507432 0.1270768060 0.1310140949 
 0.1252065004 0.1292761452 0.1329675826 
 0.1274842666 0.1313143330 0.1347774493 
 0.1295674710 0.1331774161 0.1364317407 
 0.1314431927 0.1348544351 0.1379209557 
 0.1331016745 0.1363370170 0.1392377187 
 0.1345357912 0.1376189456 0.1403764406 
 0.1357405258 0.1386957463 0.1413329957 
 0.1367124881 0.1395643092 0.1421044297 
 0.1374495013 0.1402225675 0.1426887109 
 0.1379502663 0.1406692367 0.1430845291 
 0.1382141090 0.1409036192 0.1432911429 
 0.1382408097 0.1409254709 0.1433082768 
 0.1380305115 0.1407349305 0.1431360654 
 0.1375837077 0.1403325088 0.1427750444 
 0.1369013057 0.1397191378 0.1422261884 
 0.1359847696 0.1388962804 0.1414909953 
 0.1348363434 0.1378661025 0.1405716189 
 0.1334593543 0.1366317076 0.1394710492 
 0.1318585947 0.1351974325 0.1381933408 
 0.1300407731 0.1335691988 0.1367438832 
 0.1280150139 0.1317549066 0.1351297065 
 0.1257933748 0.1297648495 0.1333598063 
 0.1233913352 0.1276121184 0.1314454660 
 0.1208281970 0.1253129522 0.1294005473 
 0.1181273305 0.1228869874 0.1272417140 
 0.1153162022 0.1203573556 0.1249885513 
 0.1124261305 0.1177505839 0.1226635443 
 0.1094917468 0.1150962701 0.1202918908 
 0.1065501730 0.1124265283 0.1179011350 
 0.1036399696 0.1097752279 0.1155206297 
 0.1007999435 0.1071770802 0.1131808575 
 0.0980679318 0.1046666504 0.1109126565 
 0.0954796773 0.1022773804 0.1087464134 
 0.0930678993 0.1000407093 0.1067112871 
 0.0908616295 0.0979853600 0.1048345206 
 0.0888858410 0.0961368317 0.1031408848 
 0.0871613579 0.0945171106 0.1016522756 
 0.0857050002 0.0931445818 0.1003874666 
 0.0845298956 0.0920340992 0.0993619970 
 0.0836458818 0.0911971623 0.0985881640 
 0.0830599225 0.0906421394 0.0980750782 
 0.0827764750 0.0903744839 0.0978287443 
 0.0827977542 0.0903968978 0.0978521286 
 0.0831238622 0.0907094105 0.0981451923 
 0.0837527653 0.0913093586 0.0987048733 
 0.0846801188 0.0921912670 0.0995250230 
 0.0858989612 0.0933466502 0.1005963088 
 0.0873993119 0.0947637685 0.1019061147 
 0.0891677294 0.0964273874 0.1034384748 
 0.0911868975 0.0983185968 0.1051740822 
 0.0934353185 0.1004147523 0.1070904155 
 0.0958871922 0.1026895906 0.1091620134 
 0.0985125497 0.1051135609 0.1113609137 
 0.1012776838 0.1076543842 0.1136572537 
 0.1041458835 0.1102778252 0.1160200029 
 0.1070784360 0.1129486275 0.1184177810 
 0.1100358161 0.1156315377 0.1208196977 
 0.1129789533 0.1182923263 0.1231961468 
 0.1158704506 0.1208987154 0.1255194927 
 0.1186756405 0.1234211361 0.1277646011 
 0.1213633882 0.1258332641 0.1299091887 
 0.1239065959 0.1281123143 0.1319339866 
 0.1262824007 0.1302391044 0.1338227341 
 0.1284721007 0.1321979222 0.1355620329 
 0.1304608646 0.1339762435 0.1371410997 
 0.1322372960 0.1355643552 0.1385514561 
 0.1337929188 0.1369549325 0.1397865921 
 0.1351216434 0.1381426122 0.1408416322 
 0.1362192592 0.1391235927 0.1417130246 
 0.1370829823 0.1398952814 0.1423982684 
 0.1377110771 0.1404560005 0.1428956865 
 0.1381025590 0.1408047563 0.1432042465 
 0.1382569793 0.1409410728 0.1433234317 
 0.1381742920 0.1408648873 0.1432531593 
 0.1378547983 0.1405765075 0.1429937471 
 0.1372991695 0.1400766284 0.1425459255 
 0.1365085469 0.1393664093 0.1419108968 
 0.1354847216 0.1384476120 0.1410904418 
 0.1342303940 0.1373228016 0.1400870744 
 0.1327495151 0.1359956098 0.1389042445 
 0.1310477009 0.1344710575 0.1375465860 
 0.1291327098 0.1327559276 0.1360202053 
 0.1270149546 0.1308591720 0.1343329978 
 0.1247080137 0.1287923259 0.1324949750 
 0.1222290865 0.1265698927 0.1305185761 
 0.1195993317 0.1242096547 0.1284189322 
 0.1168440198 0.1217328584 0.1262140466 
 0.1139924405 0.1191642259 0.1239248533 
 0.1110775238 0.1165317539 0.1215751218 
 0.1081351665 0.1138662821 0.1191911872 
 0.1052032943 0.1112008382 0.1168015033 
 0.1023207328 0.1085697988 0.1144360343 
 0.0995259892 0.1060079314 0.1121255254 
 0.0968560640 0.1035493994 0.1099007057 
 0.0943454060 0.1012268213 0.1077914872 
 0.0920250988 0.0990704599 0.1058262230 
 0.0899223309 0.0971076009 0.1040310756 
 0.0880601578 0.0953621465 0.1024295301 
 0.0864575277 0.0938544227 0.1010420644 
 0.0851295125 0.0926011694 0.0998859669 
 0.0840876703 0.0916156679 0.0989752777 
 0.0833404637 0.0909079449 0.0983208150 
 0.0828936604 0.0904850002 0.0979302468 
 0.0827506582 0.0903510022 0.0978081695 
 0.0829126904 0.0905074159 0.0979561617 
 0.0833788856 0.0909530370 0.0983727949 
 0.0841461738 0.0916839244 0.0990535930 
 0.0852090469 0.0926932420 0.0999909510 
 0.0865592033 0.0939710333 0.1011740321 
 0.0881851192 0.0955039729 0.1025886787 
 0.0900716107 0.0972751457 0.1042173754 
 0.0921994594 0.0992639157 0.1060393075 
 0.0945451821 0.1014459409 0.1080305529 
 0.0970810202 0.1037933858 0.1101644314 
 0.0997752066 0.1062753570 0.1124120203 
 0.1025925388 0.1088585655 0.1147428208 
 0.1054952440 0.1115081818 0.1171255370 
 0.1084440794 0.1141888220 0.1195289124 
 0.1113995732 0.1168655829 0.1219225564 
 0.1143232841 0.1195050301 0.1242776965 
 0.1171789582 0.1220760554 0.1265677968 
 0.1199334773 0.1245505362 0.1287690076 
 0.1225575270 0.1269037604 0.1308604281 
 0.1250259580 0.1291146114 0.1328241881 
 0.1273178524 0.1311655357 0.1346453738 
 0.1294163418 0.1330423350 0.1363118293 
 0.1313082410 0.1347338332 0.1378138761 
 0.1329835679 0.1362314733 0.1391439866 
 0.1344350136 0.1375288879 0.1402964457 
 0.1356574160 0.1386214816 0.1412670251 
 0.1366472746 0.1395060509 0.1420526891 
 0.1374023314 0.1401804580 0.1426513422 
 0.1379212290 0.1406433652 0.1430616236 
 0.1382032515 0.1408940345 0.1432827519 
 0.1382481476 0.1409321894 0.1433144177 
 0.1380560333 0.1407579396 0.1431567241 
 0.1376273727 0.1403717655 0.1428101746 
 0.1369630367 0.1397745630 0.1422757071 
 0.1360644391 0.1389677482 0.1415547746 
 0.1349337531 0.1379534247 0.1406494738 
 0.1335742094 0.1367346134 0.1395627227 
 0.1319904716 0.1353155438 0.1382984838 
 0.1301890826 0.1337020011 0.1368620331 
 0.1281789616 0.1319017179 0.1352602623 
 0.1259719214 0.1299247880 0.1335020034 
 0.1235831613 0.1277840726 0.1315983519 
 0.1210316766 0.1254955570 0.1295629615 
 0.1183405193 0.1230786096 0.1274122737 
 0.1155368445 0.1205560926 0.1251656466 
 0.1126516882 0.1179542794 0.1228453458 
 0.1097194518 0.1153025475 0.1204763702 
 0.1067770997 0.1126328411 0.1180860997 
 0.1038631223 0.1099789248 0.1157037699 
 0.1010163512 0.1073754797 0.1133598027 
 0.0982747401 0.1048571173 0.1110850371 
 0.0956742292 0.1024573991 0.1089099229 
 0.0932477987 0.1002079467 0.1068637395 
 0.0910247819 0.0981377132 0.1049738993 
 0.0890304719 0.0962724597 0.1032653801 
 0.0872860107 0.0946344493 0.1017603104 
 0.0858085182 0.0932423440 0.1004777102 
 0.0846113937 0.0921112652 0.0994333696 
 0.0837047136 0.0912529633 0.0986398341 
 0.0830956498 0.0906760401 0.0981064573 
 0.0827888415 0.0903861669 0.0978394800 
 0.0827866699 0.0903862532 0.0978421008 
 0.0830893984 0.0906765335 0.0981145116 
 0.0836951612 0.0912545537 0.0986538841 
 0.0845997999 0.0921150603 0.0994543093 
 0.0857965661 0.0932498066 0.1005067024 
 0.0872757253 0.0946473105 0.1017987017 
 0.0890241157 0.0962926121 0.1033145981 
 0.0910247296 0.0981670861 0.1050353375 
 0.0932563954 0.1002483715 0.1069386366 
 0.0956936403 0.1025104727 0.1089992450 
 0.0983068022 0.1049240730 0.1111893724 
 0.1010624370 0.1074570767 0.1134792764 
 0.1039240305 0.1100753662 0.1158379875 
 0.1068529822 0.1127437273 0.1182341218 
 0.1098097842 0.1154268694 0.1206367223 
 0.1127552865 0.1180904497 0.1230160582 
 0.1156519238 0.1207020116 0.1253443218 
 0.1184647875 0.1232317566 0.1275961727 
 0.1211624508 0.1256530986 0.1297491008 
 0.1237174959 0.1279429764 0.1317836047 
 0.1261067355 0.1300819343 0.1336831968 
 0.1283111568 0.1320540028 0.1354342672 
 0.1303156463 0.1338464257 0.1370258426 
 0.1321085618 0.1354492893 0.1384492795 
 0.1336812224 0.1368551007 0.1396979291 
 0.1350273741 0.1380583610 0.1407668016 
 0.1361426786 0.1390551617 0.1416522537 
 0.1370242567 0.1398428283 0.1423517122 
 0.1376703037 0.1404196214 0.1428634435 
 0.1380797853 0.1407845011 0.1431863704 
 0.1382522170 0.1409369556 0.1433199398 
 0.1381875242 0.1408768924 0.1432640370 
 0.1378859812 0.1406045903 0.1430189487 
 0.1373482277 0.1401207123 0.1425853717 
 0.1365753634 0.1394263775 0.1419644687 
 0.1355691209 0.1385232950 0.1411579711 
 0.1343321201 0.1374139595 0.1401683298 
 0.1328682024 0.1361019106 0.1389989147 
 0.1311828410 0.1345920505 0.1376542596 
 0.1292836132 0.1328910137 0.1361403478 
 0.1271807118 0.1310075727 0.1344649270 
 0.1248874579 0.1289530520 0.1326378365 
 0.1224207628 0.1267417179 0.1306713211 
 0.1198014771 0.1243910959 0.1285803002 
 0.1170545604 0.1219221677 0.1263825562 
 0.1142090086 0.1193593969 0.1240988028 
 0.1112974976 0.1167305459 0.1217526030 
 0.1083557313 0.1140662610 0.1193701124 
 0.1054215220 0.1113994338 0.1169796457 
 0.1025336723 0.1087643739 0.1146110793 
 0.0997307589 0.1061958566 0.1122951293 
 0.0970499385 0.1037281284 0.1100625569 
 0.0945258874 0.1013939577 0.1079433660 
 0.0921899687 0.0992238128 0.1059660541 
 0.0900696797 0.0972452243 0.1041569712 
 0.0881883927 0.0954823618 0.1025398211 
 0.0865653619 0.0939558261 0.1011353195 
 0.0852159421 0.0926826273 0.0999610017 
 0.0841519436 0.0916763028 0.0990311554 
 0.0833820492 0.0909471191 0.0983568418 
 0.0829122185 0.0905022983 0.0979459660 
 0.0827460202 0.0903462187 0.0978033558 
 0.0828848481 0.0904805484 0.0979308186 
 0.0833279926 0.0909042874 0.0983271553 
 0.0840725580 0.0916137077 0.0989881242 
 0.0851132333 0.0926022006 0.0999063617 
 0.0864419445 0.0938600561 0.1010712801 
 0.0880474292 0.0953742134 0.1024689761 
 0.0899147966 0.0971280364 0.1040821883 
 0.0920251457 0.0991011729 0.1058903468 
 0.0943553209 0.1012695571 0.1078697539 
 0.0968778819 0.1036056051 0.1099939209 
 0.0995613490 0.1060786333 0.1122340716 
 0.1023707517 0.1086555044 0.1145597977 
 0.1052684735 0.1113014692 0.1169398318 
 0.1082153380 0.1139811465 0.1193428811 
 0.1111718421 0.1166595569 0.1217384585 
 0.1140994197 0.1193031186 0.1240976411 
 0.1169616107 0.1218805171 0.1263937022 
 0.1197250274 0.1243633818 0.1286025734 
 0.1223600466 0.1267267290 0.1307031223 
 0.1248411938 0.1289491652 0.1326772474 
 0.1271472307 0.1310128696 0.1345098142 
 0.1292609902 0.1329033977 0.1361884651 
 0.1311690217 0.1346093563 0.1377033435 
 0.1328611169 0.1361220035 0.1390467696 
 0.1343297816 0.1374348198 0.1402129018 
 0.1355697077 0.1385430886 0.1411974091 
 0.1365772836 0.1394435125 0.1419971745 
 0.1373501694 0.1401338824 0.1426100384 
 0.1378869491 0.1406128076 0.1430345903 
 0.1381868648 0.1408795095 0.1432700086 
 0.1382496338 0.1409336797 0.1433159504 
 0.1380753455 0.1407753994 0.1431724883 
 0.1376644361 0.1404051199 0.1428400944 
 0.1370177413 0.1398237019 0.1423196709 
 0.1361366269 0.1390325168 0.1416126276 
 0.1350231992 0.1380336087 0.1407210068 
 0.1336805966 0.1368299195 0.1396476565 
 0.1321133600 0.1354255759 0.1383964517 
 0.1303278741 0.1338262328 0.1369725590 
 0.1283328618 0.1320394622 0.1353827373 
 0.1261399018 0.1300751664 0.1336356618 
 0.1237639248 0.1279459865 0.1317422478 
 0.1212236318 0.1256676641 0.1297159488 
 0.1185417685 0.1232593098 0.1275729927 
 0.1157451898 0.1207435269 0.1253325194 
 0.1128646591 0.1181463441 0.1230165832 
 0.1099343548 0.1154969261 0.1206499916 
 0.1069910880 0.1128270530 0.1182599660 
 0.1040732797 0.1101703877 0.1158756294 
 0.1012197840 0.1075615815 0.1135273450 
 0.0984686660 0.1050352908 0.1112459537 
 0.0958560569 0.1026251927 0.1090619670 
 0.0934151890 0.1003630861 0.1070047820 
 0.0911756887 0.0982781482 0.1051019765 
 0.0891631603 0.0963963950 0.1033787307 
 0.0873990554 0.0947403597 0.1018574005 
 0.0859007866 0.0933289752 0.1005572469 
 0.0846820185 0.0921776239 0.0994943057 
 0.0837530612 0.0912983022 0.0986813659 
 0.0831212899 0.0906998405 0.0981280194 
 0.0827915228 0.0903881238 0.0978407390 
 0.0827663041 0.0903662656 0.0978229511 
 0.0830460555 0.0906347015 0.0980750745 
 0.0836290765 0.0911911838 0.0985945109 
 0.0845113924 0.0920306772 0.0993755875 
 0.0856864651 0.0931451704 0.1004094632 
 0.0871448034 0.0945234358 0.1016840271 
 0.0888735221 0.0961507848 0.1031838240 
 0.0908559188 0.0980088739 0.1048900495 
 0.0930711460 0.1000756235 0.1067806554 
 0.0954940559 0.1023253033 0.1088306005 
 0.0980952924 0.1047288295 0.1110122645 
 0.1008416741 0.1072542891 0.1132960248 
 0.1036968843 0.1098676827 0.1156509719 
 0.1066224366 0.1125338386 0.1180457184 
 0.1095788420 0.1152174296 0.1204492402 
 0.1125268729 0.1178840008 0.1228316822 
 0.1154287975 0.1205009170 0.1251650643 
 0.1182494672 0.1230381506 0.1274238394 
 0.1209571633 0.1254688530 0.1295852704 
 0.1235241478 0.1277696862 0.1316296221 
 0.1259269072 0.1299209201 0.1335401793 
 0.1281461165 0.1319063261 0.1353031195 
 0.1301663778 0.1337129151 0.1369072782 
 0.1319758014 0.1353305710 0.1383438463 
 0.1335654997 0.1367516321 0.1396060351 
 0.1349290523 0.1379704624 0.1406887403 
 0.1360619925 0.1389830460 0.1415882268 
 0.1369613448 0.1397866261 0.1423018490 
 0.1376252344 0.1403794016 0.1428278168 
 0.1380525777 0.1407602864 0.1431650087 
 0.1382428543 0.1409287333 0.1433128355 
 0.1381959616 0.1408846204 0.1432711510 
 0.1379121475 0.1406281987 0.1430402119 
 0.1373920220 0.1401601002 0.1426206826 
 0.1366366446 0.1394814054 0.1420136872 
 0.1356476927 0.1385937730 0.1412209096 
 0.1344277087 0.1374996302 0.1402447403 
 0.1329804293 0.1362024279 0.1390884719 
 0.1313111900 0.1347069539 0.1377565416 
 0.1294273941 0.1330196999 0.1362548136 
 0.1273390222 0.1311492648 0.1345908929 
 0.1250591465 0.1291067696 0.1327744521 
 0.1226043989 0.1269062506 0.1308175476 
 0.1199953311 0.1245649840 0.1287348934 
 0.1172565996 0.1221036939 0.1265440569 
 0.1144169132 0.1195465921 0.1242655374 
 0.1115086984 0.1169212115 0.1219226962 
 0.1085674687 0.1142580086 0.1195415136 
 0.1056309228 0.1115897405 0.1171501676 
 0.1027378374 0.1089506494 0.1147784479 
 0.0999268545 0.1063755165 0.1124570408 
 0.0972352805 0.1038986674 0.1102167385 
 0.0946980129 0.1015530162 0.1080876336 
 0.0923466871 0.0993692313 0.1060983648 
 0.0902091026 0.0973750827 0.1042754655 
 0.0883089423 0.0955950026 0.1026428540 
 0.0866657615 0.0940498618 0.1012214802 
 0.0852951936 0.0927569361 0.1000291223 
 0.0842092977 0.0917300158 0.0990803118 
 0.0834169741 0.0909796037 0.0983863503 
 0.0829243719 0.0905131417 0.0979553767 
 0.0827352290 0.0903352155 0.0977924476 
 0.0828510981 0.0904476942 0.0978995966 
 0.0832714292 0.0908497798 0.0982758519 
 0.0839934990 0.0915379550 0.0989172037 
 0.0850121921 0.0925058369 0.0998165277 
 0.0863196597 0.0937439597 0.1009634834 
 0.0879048990 0.0952395257 0.1023444203 
 0.0897533108 0.0969761763 0.1039423297 
 0.0918463103 0.0989338427 0.1057368860 
 0.0941610693 0.1010887352 0.1077046159 
 0.0966704670 0.1034135221 0.1098192229 
 0.0993433125 0.1058777316 0.1120520782 
 0.1021448704 0.1084483801 0.1143728660 
 0.1050376846 0.1110908020 0.1167503487 
 0.1079826486 0.1137696211 0.1191531995 
 0.1109402325 0.1164497846 0.1215508356 
 0.1138717490 0.1190975653 0.1239141854 
 0.1167405337 0.1216814436 0.1262163311 
 0.1195129310 0.1241728010 0.1284329858 
 0.1221590088 0.1265463817 0.1305427846 
 0.1246529658 0.1287805138 0.1325273933 
 0.1269732415 0.1308571074 0.1343714552 
 0.1291023673 0.1327614697 0.1360624094 
 0.1310266244 0.1344819881 0.1375902196 
 0.1327355752 0.1360097338 0.1389470523 
 0.1342215380 0.1373380334 0.1401269382 
 0.1354790564 0.1384620477 0.1411254429 
 0.1365044063 0.1393783843 0.1419393672 
 0.1372951647 0.1400847624 0.1425664872 
 0.1378498561 0.1405797375 0.1430053424 
 0.1381676807 0.1408624908 0.1432550713 
 0.1382483246 0.1409326822 0.1433152980 
 0.1380918511 0.1407903651 0.1431860649 
 0.1376986696 0.1404359622 0.1428678136 
 0.1370695821 0.1398703010 0.1423614120 
 0.1362059085 0.1390947094 0.1416682277 
 0.1351096903 0.1381111740 0.1407902501 
 0.1337839770 0.1369225602 0.1397302598 
 0.1322331902 0.1355328947 0.1384920460 
 0.1304635607 0.1339477054 0.1370806687 
 0.1284836198 0.1321744074 0.1355027572 
 0.1263047164 0.1302227154 0.1337668324 
 0.1239415173 0.1281050541 0.1318836327 
 0.1214124332 0.1258369249 0.1298664145 
 0.1187399066 0.1234371837 0.1277311947 
 0.1159504939 0.1209281765 0.1254968970 
 0.1130746858 0.1183356882 0.1231853651 
 0.1101464357 0.1156886702 0.1208212154 
 0.1072023976 0.1130187362 0.1184315099 
 0.1042809185 0.1103594442 0.1160452567 
 0.1014208684 0.1077454114 0.1136927578 
 0.0986604182 0.1052113340 0.1114048520 
 0.0960358836 0.1027910004 0.1092121087 
 0.0935807445 0.1005163815 0.1071440390 
 0.0913249159 0.0984168750 0.1052283826 
 0.0892943107 0.0965187489 0.1034905189 
 0.0875106888 0.0948448042 0.1019530287 
 0.0859917548 0.0934142429 0.1006354124 
 0.0847514385 0.0922427083 0.0995539500 
 0.0838002846 0.0913424421 0.0987216734 
 0.0831458719 0.0907225034 0.0981484117 
 0.0827931979 0.0903889906 0.0978408695 
 0.0827449698 0.0903452210 0.0978027005 
 0.0830017673 0.0905918310 0.0980345500 
 0.0835620548 0.0911267786 0.0985340495 
 0.0844220397 0.0919452461 0.0992957616 
 0.0855753933 0.0930394568 0.1003110892 
 0.0870128661 0.0943984373 0.1015681725 
 0.0887218490 0.0960077706 0.1030518109 
 0.0906859453 0.0978493961 0.1047434512 
 0.0928846319 0.0999015169 0.1066212828 
 0.0952930893 0.1021386718 0.1086604770 
 0.0978822710 0.1045320137 0.1108335873 
 0.1006192640 0.1070498178 0.1131111153 
 0.1034679557 0.1096582082 0.1154622164 
 0.1063899808 0.1123220619 0.1178555042 
 0.1093458767 0.1150060207 0.1202598917 
 0.1122963448 0.1176755219 0.1226454024 
 0.1152034916 0.1202977554 0.1249838864 
 0.1180319321 0.1228424662 0.1272495905 
 0.1207496570 0.1252825439 0.1294195506 
 0.1233286078 0.1275943728 0.1314737971 
 0.1257449430 0.1297579462 0.1333953851 
 0.1279790225 0.1317567744 0.1351702774 
 0.1300151601 0.1335776318 0.1367871161 
 0.1318412151 0.1352101973 0.1382369240 
 0.1334480892 0.1366466373 0.1395127706 
 0.1348291929 0.1378811764 0.1406094351 
 0.1359799278 0.1389096893 0.1415230891 
 0.1368972203 0.1397293354 0.1422510136 
 0.1375791244 0.1403382507 0.1427913611 
 0.1380245058 0.1407353025 0.1431429654 
 0.1382328080 0.1409199080 0.1433052011 
 0.1382039007 0.1408919160 0.1432778910 
 0.1379380062 0.1406515502 0.1430612618 
 0.1374357053 0.1401994125 0.1426559463 
 0.1366980192 0.1395365461 0.1420630312 
 0.1357265711 0.1386645602 0.1412841538 
 0.1345238282 0.1375858163 0.1403216449 
 0.1330934243 0.1363036781 0.1391787217 
 0.1314405594 0.1348228207 0.1378597257 
 0.1295724644 0.1331495944 0.1363704035 
 0.1274989088 0.1312924255 0.1347182180 
 0.1252327164 0.1292622322 0.1329126757 
 0.1227902392 0.1270728204 0.1309656444 
 0.1201917277 0.1247412158 0.1288916318 
 0.1174615315 0.1222878817 0.1267079882 
 0.1146280665 0.1197367743 0.1244349956 
 0.1117235025 0.1171151912 0.1220958094 
 0.1087831540 0.1144533924 0.1197162291 
 0.1058445966 0.1117839928 0.1173242899 
 0.1029465723 0.1091411593 0.1149496881 
 0.1001277802 0.1065596717 0.1126230742 
 0.0974256701 0.1040739280 0.1103752646 
 0.0948753561 0.1017169828 0.1082364358 
 0.0925087442 0.0995197016 0.1062353632 
 0.0903539364 0.0975100921 0.1043987613 
 0.0884349283 0.0957128489 0.1027507617 
 0.0867715802 0.0941491149 0.1013125479 
 0.0853798081 0.0928364338 0.1001021420 
 0.0842719248 0.0917888519 0.0991343214 
 0.0834570521 0.0910171114 0.0984206294 
 0.0829415325 0.0905288770 0.0979694413 
 0.0827292756 0.0903289439 0.0977860444 
 0.0828219943 0.0904193841 0.0978727001 
 0.0832192996 0.0907996028 0.0982286655 
 0.0839186402 0.0914662944 0.0988501645 
 0.0849150954 0.0924133021 0.0997303134 
 0.0862010412 0.0936314051 0.1008590210 
 0.0877657336 0.0951080698 0.1022228919 
 0.0895948654 0.0968272173 0.1038051735 
 0.0916701699 0.0987690652 0.1055857887 
 0.0939691492 0.1009101046 0.1075414940 
 0.0964650074 0.1032232624 0.1096461916 
 0.0991268497 0.1056782860 0.1118714074 
 0.1019201849 0.1082423541 0.1141869254 
 0.1048077272 0.1108808933 0.1165615459 
 0.1077504507 0.1135585417 0.1189639152 
 0.1107088087 0.1162401809 0.1213633608 
 0.1136440011 0.1188919445 0.1237306670 
 0.1165191659 0.1214821125 0.1260387283 
 0.1193003837 0.1239818210 0.1282630406 
 0.1219574150 0.1263655429 0.1303820066 
 0.1244641314 0.1286113267 0.1323770581 
 0.1267986474 0.1307008107 0.1342326142 
 0.1289431894 0.1326190507 0.1359359078 
 0.1308837656 0.1343542111 0.1374767200 
 0.1326097052 0.1358971722 0.1388470605 
 0.1341131340 0.1372411034 0.1400408295 
 0.1353884440 0.1383810399 0.1410534868 
 0.1364317948 0.1393134917 0.1418817489 
 0.1372406782 0.1400361040 0.1425233263 
 0.1378135576 0.1405473774 0.1429767068 
 0.1381495899 0.1408464520 0.1432409888 
 0.1382484297 0.1409329556 0.1433157627 
 0.1381101142 0.1408069138 0.1432010409 
 0.1377350262 0.1404687212 0.1428972346 
 0.1371239353 0.1399191721 0.1424051776 
 0.1362781158 0.1391595523 0.1417261962 
 0.1351995461 0.1381917914 0.1408622274 
 0.1338911871 0.1370186790 0.1398159847 
 0.1323573420 0.1356441425 0.1385911720 
 0.1306040876 0.1340735828 0.1371927428 
 0.1286397624 0.1323142571 0.1356271960 
 0.1264754833 0.1303756912 0.1339028973 
 0.1241256490 0.1282700900 0.1320304056 
 0.1216083741 0.1260127105 0.1300227767 
 0.1189457895 0.1236221472 0.1278958116 
 0.1161641425 0.1211204810 0.1256682112 
 0.1132936392 0.1185332431 0.1233616015 
 0.1103679944 0.1158891603 0.1210003981 
 0.1074236913 0.1132196682 0.1186114941 
 0.1044989898 0.1105582082 0.1162237722 
 0.1016327648 0.1079393523 0.1138674636 
 0.0988632842 0.1053978278 0.1115733958 
 0.0962270435 0.1029675269 0.1093721889 
 0.0937577681 0.1006805892 0.1072934622 
 0.0914856642 0.0985666312 0.1053651142 
 0.0894369579 0.0966521746 0.1036127224 
 0.0876337243 0.0949602914 0.1020590933 
 0.0860939682 0.0935104583 0.1007239689 
 0.0848318933 0.0923185851 0.0996238772 
 0.0838582865 0.0913971651 0.0987720969 
 0.0831809378 0.0907554917 0.0981786991 
 0.0828050293 0.0903998822 0.0978506241 
 0.0827334354 0.0903338614 0.0977917569 
 0.0829668965 0.0905582697 0.0980029730 
 0.0835040425 0.0910712731 0.0984821362 
 0.0843412632 0.0918682729 0.0992240479 
 0.0854724385 0.0929417286 0.1002203577 
 0.0868885602 0.0942809222 0.1014594603 
 0.0885772949 0.0958717107 0.1029264140 
 0.0905225527 0.0976963197 0.1046029218 
 0.0927041382 0.0997332406 0.1064674175 
 0.0950975647 0.1019572874 0.1084952924 
 0.0976741032 0.1043398589 0.1106592832 
 0.1004011189 0.1068494284 0.1129300251 
 0.1032427153 0.1094522548 0.1152767486 
 0.1061606606 0.1121132750 0.1176680781 
 0.1091155316 0.1147971107 0.1200728727 
 0.1120679703 0.1174691010 0.1224610418 
 0.1149799320 0.1200962685 0.1248042713 
 0.1178158023 0.1226481358 0.1270766058 
 0.1205432858 0.1250973336 0.1292548558 
 