0.1479033325 0.1477615663 0.1473287446 
 0.1483545694 0.1481325209 0.1476283660 
 0.1487780986 0.1484801617 0.1479084322 
 0.1491703923 0.1488015561 0.1481665592 
 0.1495283365 0.1490941117 0.1484006406 
 0.1498492224 0.1493555722 0.1486088457 
 0.1501307345 0.1495840093 0.1487896140 
 0.1503709343 0.1497778117 0.1489416479 
 0.1505682443 0.1499356731 0.1490639039 
 0.1507214298 0.1500565801 0.1491555840 
 0.1508295838 0.1501397994 0.1492161263 
 0.1508921118 0.1501848680 0.1492451976 
 0.1509087204 0.1501915835 0.1492426861 
 0.1508794086 0.1501599975 0.1492086966 
 0.1508044621 0.1500904113 0.1491435467 
 0.1506844515 0.1499833742 0.1490477651 
 0.1505202339 0.1498396838 0.1489220921 
 0.1503129573 0.1496603890 0.1487674805 
 0.1500640684 0.1494467951 0.1485850989 
 0.1497753225 0.1492004701 0.1483763352 
 0.1494487951 0.1489232521 0.1481428014 
 0.1490868941 0.1486172567 0.1478863369 
 0.1486923716 0.1482848843 0.1476090122 
 0.1482683344 0.1479288252 0.1473131307 
 0.1478182514 0.1475520620 0.1470012276 
 0.1473459562 0.1471578686 0.1466760661 
 0.1468556440 0.1467498039 0.1463406293 
 0.1463518603 0.1463316990 0.1459981073 
 0.1458394807 0.1459076374 0.1456518781 
 0.1453236805 0.1454819274 0.1453054833 
 0.1448098917 0.1450590648 0.1449625958 
 0.1443037494 0.1446436873 0.1446269817 
 0.1438110249 0.1442405197 0.1443024552 
 0.1433375482 0.1438543099 0.1439928273 
 0.1428891198 0.1434897589 0.1437018495 
 0.1424714150 0.1431514436 0.1434331531 
 0.1420898814 0.1428437359 0.1431901861 
 0.1417496350 0.1425707211 0.1429761488 
 0.1414553556 0.1423361156 0.1427939316 
 0.1412111876 0.1421431898 0.1426460550 
 0.1410206479 0.1419946958 0.1425346150 
 0.1408865442 0.1418928054 0.1424612358 
 0.1408109086 0.1418390582 0.1424270319 
 0.1407949471 0.1418343237 0.1424325794 
 0.1408390066 0.1418787771 0.1424779002 
 0.1409425637 0.1419718916 0.1425624573 
 0.1411042317 0.1421124465 0.1426851632 
 0.1413217894 0.1422985511 0.1428444007 
 0.1415922279 0.1425276836 0.1430380548 
 0.1419118163 0.1427967440 0.1432635555 
 0.1422761820 0.1431021193 0.1435179303 
 0.1426804036 0.1434397577 0.1437978630 
 0.1431191140 0.1438052505 0.1440997586 
 0.1435866077 0.1441939182 0.1444198110 
 0.1440769518 0.1446008978 0.1447540724 
 0.1445840938 0.1450212291 0.1450985202 
 0.1451019655 0.1454499370 0.1454491226 
 0.1456245779 0.1458821074 0.1458018980 
 0.1461461070 0.1463129556 0.1461529691 
 0.1466609661 0.1467378853 0.1464986098 
 0.1471638668 0.1471525376 0.1468352845 
 0.1476498650 0.1475528298 0.1471596794 
 0.1481143958 0.1479349848 0.1474687265 
 0.1485532952 0.1482955502 0.1477596202 
 0.1489628119 0.1486314102 0.1480298277 
 0.1493396098 0.1489397895 0.1482770931 
 0.1496807631 0.1492182516 0.1484994379 
 0.1499837465 0.1494646929 0.1486951569 
 0.1502464203 0.1496773328 0.1488628118 
 0.1504670149 0.1498547022 0.1490012236 
 0.1506441128 0.1499956315 0.1491094630 
 0.1507766327 0.1500992380 0.1491868422 
 0.1508638130 0.1501649144 0.1492329055 
 0.1509051997 0.1501923186 0.1492474227 
 0.1509006348 0.1501813661 0.1492303822 
 0.1508502502 0.1501322242 0.1491819873 
 0.1507544628 0.1500453084 0.1491026531 
 0.1506139749 0.1499212821 0.1489930057 
 0.1504297767 0.1497610584 0.1488538828 
 0.1502031529 0.1495658034 0.1486863362 
 0.1499356910 0.1493369425 0.1484916351 
 0.1496292921 0.1490761672 0.1482712699 
 0.1492861832 0.1487854424 0.1480269567 
 0.1489089292 0.1484670139 0.1477606410 
 0.1485004444 0.1481234149 0.1474745004 
 0.1480640014 0.1477574701 0.1471709449 
 0.1476032369 0.1473722965 0.1468526152 
 0.1471221515 0.1469713000 0.1465223770 
 0.1466251032 0.1465581665 0.1461833102 
 0.1461167923 0.1461368459 0.1458386938 
 0.1456022366 0.1457115288 0.1454919842 
 0.1450867348 0.1452866144 0.1451467874 
 0.1445758195 0.1448666697 0.1448068239 
 0.1440751967 0.1444563792 0.1444758873 
 0.1435906743 0.1440604860 0.1441577966 
 0.1431280795 0.1436837250 0.1438563421 
 0.1426931667 0.1433307490 0.1435752270 
 0.1422915182 0.1430060502 0.1433180054 
 0.1419284412 0.1427138778 0.1430880187 
 0.1416088628 0.1424581566 0.1428883315 
 0.1413372274 0.1422424063 0.1427216704 
 0.1411174004 0.1420696662 0.1425903662 
 0.1409525807 0.1419424279 0.1424963026 
 0.1408452258 0.1418625772 0.1424408729 
 0.1407969919 0.1418313486 0.1424249459 
 0.1408086918 0.1418492934 0.1424488437 
 0.1408802717 0.1419162635 0.1425123303 
 0.1410108082 0.1420314104 0.1426146135 
 0.1411985256 0.1421932010 0.1427543585 
 0.1414408332 0.1423994482 0.1429297144 
 0.1417343807 0.1426473571 0.1431383509 
 0.1420751312 0.1429335829 0.1433775062 
 0.1424584478 0.1432543014 0.1436440419 
 0.1428791913 0.1436052864 0.1439345058 
 0.1433318258 0.1439819943 0.1442451977 
 0.1438105281 0.1443796509 0.1445722382 
 0.1443092980 0.1447933387 0.1449116375 
 0.1448220641 0.1452180815 0.1452593617 
 0.1453427843 0.1456489240 0.1456113956 
 0.1458655366 0.1460810046 0.1459638001 
 0.1463845990 0.1465096194 0.1463127628 
 0.1468945161 0.1469302766 0.1466546414 
 0.1473901539 0.1473387410 0.1469859999 
 0.1478667402 0.1477310682 0.1473036356 
 0.1483198933 0.1481036295 0.1476046003 
 0.1487456392 0.1484531270 0.1478862136 
 0.1491404183 0.1487766021 0.1481460704 
 0.1495010851 0.1490714365 0.1483820433 
 0.1498249001 0.1493353485 0.1485922806 
 0.1501095179 0.1495663848 0.1487752013 
 0.1503529718 0.1497629101 0.1489294877 
 0.1505536567 0.1499235952 0.1490540774 
 0.1507103122 0.1500474042 0.1491481535 
 0.1508220062 0.1501335827 0.1492111363 
 0.1508881204 0.1501816468 0.1492426748 
 0.1509083384 0.1501913742 0.1492426403 
 0.1508826365 0.1501627969 0.1492111208 
 0.1508112781 0.1500961966 0.1491484172 
 0.1506948114 0.1499921032 0.1490550418 
 0.1505340708 0.1498512946 0.1489317179 
 0.1503301811 0.1496747997 0.1487793816 
 0.1500845650 0.1494639032 0.1485991840 
 0.1497989531 0.1492201520 0.1483924956 
 0.1494753947 0.1489453622 0.1481609101 
 0.1491162709 0.1486416272 0.1479062486 
 0.1487243057 0.1483113242 0.1476305629 
 0.1483025773 0.1479571199 0.1473361375 
 0.1478545252 0.1475819734 0.1470254887 
 0.1473839535 0.1471891350 0.1467013615 
 0.1468950282 0.1467821407 0.1463667211 
 0.1463922670 0.1463647997 0.1460247411 
 0.1458805192 0.1459411756 0.1456787847 
 0.1453649365 0.1455155590 0.1453323805 
 0.1448509312 0.1450924312 0.1449891910 
 0.1443441231 0.1446764192 0.1446529756 
 0.1438502736 0.1442722417 0.1443275450 
 0.1433752096 0.1438846458 0.1440167113 
 0.1429247356 0.1435183374 0.1437242314 
 0.1425045383 0.1431779042 0.1434537469 
 0.1421200854 0.1428677360 0.1432087212 
 0.1417765210 0.1425919420 0.1429923753 
 0.1414785612 0.1423542691 0.1428076249 
 0.1412303947 0.1421580242 0.1426570206 
 0.1410355892 0.1420060015 0.1425426925 
 0.1408970099 0.1419004195 0.1424663028 
 0.1408167512 0.1418428684 0.1424290065 
 0.1407960845 0.1418342709 0.1424314225 
 0.1408354249 0.1418748569 0.1424736163 
 0.1409343173 0.1419641549 0.1425550948 
 0.1410914423 0.1421009983 0.1426748133 
 0.1413046435 0.1422835482 0.1428311957 
 0.1415709725 0.1425093313 0.1430221652 
 0.1418867535 0.1427752921 0.1432451869 
 0.1422476625 0.1430778563 0.1434973187 
 0.1426488192 0.1434130049 0.1437752702 
 0.1430848891 0.1437763559 0.1440754672 
 0.1435501913 0.1441632491 0.1443941192 
 0.1440388086 0.1445688347 0.1447272881 
 0.1445446960 0.1449881587 0.1450709567 
 0.1450617849 0.1454162458 0.1454210928 
 0.1455840788 0.1458481765 0.1457737105 
 0.1461057396 0.1462791550 0.1461249237 
 0.1466211615 0.1467045701 0.1464709946 
 0.1471250323 0.1471200438 0.1468083723 
 0.1476123811 0.1475214722 0.1471337260 
 0.1480786134 0.1479050544 0.1474439689 
 0.1485195346 0.1482673131 0.1477362753 
 0.1489313618 0.1486051069 0.1480080915 
 0.1493107273 0.1489156346 0.1482571408 
 0.1496546743 0.1491964340 0.1484814237 
 0.1499606469 0.1494453764 0.1486792142 
 0.1502264767 0.1496606566 0.1488490540 
 0.1504503658 0.1498407821 0.1489897443 
 0.1506308703 0.1499845607 0.1491003372 
 0.1507668831 0.1500910876 0.1491801261 
 0.1508576185 0.1501597346 0.1492286379 
 0.1509025986 0.1501901393 0.1492456249 
 0.1509016429 0.1501821972 0.1492310586 
 0.1508548604 0.1501360559 0.1491851256 
 0.1507626458 0.1500521116 0.1491082242 
 0.1506256787 0.1499310080 0.1490009638 
 0.1504449264 0.1497736381 0.1488641655 
 0.1502216499 0.1495811479 0.1486988636 
 0.1499574121 0.1493549418 0.1485063099 
 0.1496540888 0.1490966897 0.1482879769 
 0.1493138803 0.1488083341 0.1480455623 
 0.1489393240 0.1484920982 0.1477809929 
 0.1485333055 0.1481504915 0.1474964273 
 0.1480990684 0.1477863150 0.1471942565 
 0.1476402195 0.1474026619 0.1468771027 
 0.1471607300 0.1470029147 0.1465478128 
 0.1466649290 0.1465907365 0.1462094497 
 0.1461574894 0.1461700560 0.1458652763 
 0.1456434034 0.1457450447 0.1455187347 
 0.1451279477 0.1453200852 0.1451734189 
 0.1446166368 0.1448997315 0.1448330405 
 0.1441151637 0.1444886592 0.1445013876 
 0.1436293291 0.1440916074 0.1441822777 
 0.1431649601 0.1437133126 0.1438795037 
 0.1427278180 0.1433584351 0.1435967765 
 0.1423235008 0.1430314809 0.1433376627 
 0.1419573389 0.1427367198 0.1431055212 
 0.1416342912 0.1424781032 0.1429034395 
 0.1413588421 0.1422591842 0.1427341715 
 0.1411349043 0.1420830411 0.1426000800 
 0.1409657306 0.1419522097 0.1425030845 
 0.1408538382 0.1418686243 0.1424446175 
 0.1408009471 0.1418335713 0.1424255896 
 0.1408079372 0.1418476561 0.1424463658 
 0.1408748229 0.1419107856 0.1425067542 
 0.1410007489 0.1420221661 0.1426060059 
 0.1411840059 0.1421803179 0.1427428284 
 0.1414220661 0.1423831043 0.1429154106 
 0.1417116376 0.1426277772 0.1431214591 
 0.1420487358 0.1429110336 0.1433582449 
 0.1424287688 0.1432290856 0.1436226583 
 0.1428466350 0.1435777370 0.1439112706 
 0.1432968274 0.1439524676 0.1442204000 
 0.1437735435 0.1443485199 0.1445461801 
 0.1442707949 0.1447609861 0.1448846288 
 0.1447825142 0.1451848935 0.1452317149 
 0.1453026556 0.1456152842 0.1455834212 
 0.1458252867 0.1460472886 0.1459358020 
 0.1463446687 0.1464761897 0.1462850349 
 0.1468553252 0.1468974791 0.1466274644 
 0.1473520969 0.1473069015 0.1469596381 
 0.1478301835 0.1477004900 0.1472783357 
 0.1482851733 0.1480745916 0.1475805894 
 0.1487130608 0.1484258832 0.1478636985 
 0.1491102553 0.1487513804 0.1481252370 
 0.1494735796 0.1490484392 0.1483630565 
 0.1498002637 0.1493147523 0.1485752846 
 0.1500879324 0.1495483417 0.1487603197 
 0.1503345902 0.1497475481 0.1489168246 
 0.1505386050 0.1499110191 0.1490437172 
 0.1506986901 0.1500376966 0.1491401622 
 0.1508138886 0.1501268049 0.1492055618 
 0.1508835581 0.1501778393 0.1492395475 
 0.1509073589 0.1501905573 0.1492419735 
 0.1508852449 0.1501649712 0.1492129109 
 0.1508174568 0.1501013434 0.1491526442 
 0.1507045206 0.1500001841 0.1490616688 
 0.1505472478 0.1498622514 0.1489406915 
 0.1503467401 0.1496885544 0.1487906312 
 0.1501043962 0.1494803572 0.1486126220 
 0.1498219218 0.1492391855 0.1484080166 
 0.1495013404 0.1489668338 0.1481783906 
 0.1491450061 0.1486653726 0.1479255467 
 0.1487556150 0.1483371564 0.1476515180 
 0.1483362165 0.1479848282 0.1473585700 
 0.1478902207 0.1476113235 0.1470492005 
 0.1474214025 0.1472198691 0.1467261357 
 0.1469338985 0.1468139779 0.1463923233 
 0.1464321983 0.1463974372 0.1460509200 
 0.1459211250 0.1459742906 0.1457052740 
 0.1454058065 0.1455488106 0.1453589007 
 0.1448916348 0.1451254640 0.1450154524 
 0.1443842142 0.1447088666 0.1446786810 
 0.1438892959 0.1443037306 0.1443523938 
 0.1434127030 0.1439148019 0.1440404033 
 0.1429602433 0.1435467906 0.1437464715 
 0.1425376146 0.1432042953 0.1434742500 
 0.1421503039 0.1428917225 0.1432272172 
 0.1418034825 0.1426132051 0.1430086140 
 0.1415019024 0.1423725198 0.1428213812 
 0.1412497955 0.1421730095 0.1426680989 
 0.1410507801 0.1420175098 0.1425509311 
 0.1409077779 0.1419082854 0.1424715773 
 0.1408229450 0.1418469768 0.1424312329 
 0.1407976180 0.1418345592 0.1424305590 
 0.1408322797 0.1418713172 0.1424696645 
 0.1409265427 0.1419568340 0.1425480998 
 0.1410791550 0.1420899970 0.1426648632 
 0.1412880245 0.1422690191 0.1428184192 
 0.1415502637 0.1424914755 0.1430067296 
 0.1418622517 0.1427543548 0.1432272940 
 0.1422197131 0.1430541218 0.1434772010 
 0.1426178089 0.1433867905 0.1437531862 
 0.1430512379 0.1437480053 0.1440516962 
 0.1435143436 0.1441331263 0.1443689561 
 0.1440012251 0.1445373164 0.1447010381 
 0.1445058452 0.1449556283 0.1450439299 
 0.1450221351 0.1453830871 0.1453935997 
 0.1455440911 0.1458147674 0.1457460570 
 0.1460658616 0.1462458632 0.1460974075 
 0.1465818217 0.1466717480 0.1464439012 
 0.1470866356 0.1470880255 0.1467819726 
 0.1475753058 0.1474905701 0.1471082738 
 0.1480432085 0.1478755575 0.1474196990 
 0.1484861184 0.1482394857 0.1477134027 
 0.1489002209 0.1485791875 0.1479868105 
 0.1492821170 0.1488918358 0.1482376245 
 0.1496288187 0.1491749430 0.1484638244 
 0.1499377399 0.1494263549 0.1486636635 
 0.1502066829 0.1496442421 0.1488356634 
 0.1504338218 0.1498270884 0.1489786057 
 0.1506176861 0.1499736789 0.1490915234 
 0.1507571433 0.1500830872 0.1491736919 
 0.1508513831 0.1501546639 0.1492246201 
 0.1508999042 0.1501880263 0.1492440431 
 0.1509025033 0.1501830502 0.1492319157 
 0.1508592670 0.1501398637 0.1491884078 
 0.1507705676 0.1500588436 0.1491139012 
 0.1506370626 0.1499406141 0.1490089889 
 0.1504596964 0.1497860487 0.1488744750 
 0.1502397066 0.1495962733 0.1487113774 
 0.1499786322 0.1493726717 0.1485209302 
 0.1496783237 0.1491168925 0.1483045885 
 0.1493409555 0.1488308565 0.1480640320 
 0.1489690379 0.1485167644 0.1478011692 
 0.1485654287 0.1481771029 0.1475181402 
 0.1481333426 0.1478146496 0.1472173175 
 0.1476763577 0.1474324745 0.1469013049 
 0.1471984162 0.1470339373 0.1465729317 
 0.1467038191 0.1466226789 0.1462352437 
 0.1461972123 0.1462026075 0.1458914883 
 0.1456835637 0.1457778759 0.1455450939 
 0.1451681283 0.1453528507 0.1451996430 
 0.1446564031 0.1449320734 0.1448588387 
 0.1441540684 0.1445202110 0.1445264640 
 0.1436669185 0.1441219993 0.1442063349 
 0.1432007803 0.1437421764 0.1439022476 
 0.1427614227 0.1433854103 0.1436179205 
 0.1423544587 0.1430562209 0.1433569330 
 0.1419852425 0.1427588983 0.1431226615 
 0.1416587643 0.1424974210 0.1429182160 
 0.1413795481 0.1422753745 0.1427463779 
 0.1411515535 0.1420958763 0.1426095415 
 0.1409780866 0.1419615056 0.1425096621 
 0.1408617236 0.1418742448 0.1424482106 
 0.1408042477 0.1418354315 0.1424261389 
 0.1408066048 0.1418457246 0.1424438547 
 0.1408688768 0.1419050853 0.1425012093 
 0.1409902756 0.1420127740 0.1425974966 
 0.1411691572 0.1421673634 0.1427314658 
 0.1414030559 0.1423667666 0.1429013448 
 0.1416887372 0.1426082814 0.1431048766 
 0.1420222678 0.1428886460 0.1433393644 
 0.1423991003 0.1432041079 0.1436017264 
 0.1428141695 0.1435505002 0.1438885568 
 0.1432619969 0.1439233257 0.1441961916 
 0.1437368000 0.1443178426 0.1445207769 
 0.1442326016 0.1447291526 0.1448583379 
 0.1447433377 0.1451522859 0.1452048454 
 0.1452629584 0.1455822815 0.1455562798 
 0.1457855201 0.1460142612 0.1459086885 
 0.1463052676 0.1464434949 0.1462582386 
 0.1468167027 0.1468654570 0.1466012608 
 0.1473146404 0.1472758718 0.1469342866 
 0.1477942524 0.1476707498 0.1472540773 
 0.1482510964 0.1480464133 0.1475576454 
 0.1486811358 0.1483995139 0.1478422698 
 0.1490807481 0.1487270413 0.1481055034 
 0.1494467246 0.1490263254 0.1483451767 
 0.1497762645 0.1492950336 0.1485593962 
 0.1500669628 0.1495311629 0.1487465401 
 0.1503167956 0.1497330301 0.1489052509 
 0.1505241032 0.1498992595 0.1490344277 
 0.1506875730 0.1500287708 0.1491332163 
 0.1508062232 0.1501207671 0.1492010009 
 0.1508793877 0.1501747231 0.1492373957 
 0.1509067038 0.1501903764 0.1492422381 
 0.1508881027 0.1501677198 0.1492155825 
 0.1508238034 0.1501069964 0.1491576968 
 0.1507143096 0.1500086973 0.1490690606 
 0.1505604106 0.1498735615 0.1489503639 
 0.1503631855 0.1497025783 0.1488025093 
 0.1501240096 0.1494969920 0.1486266141 
 0.1498445644 0.1492583078 0.1484240138 
 0.1495268484 0.1489882988 0.1481962668 
 0.1491731896 0.1486890143 0.1479451578 
 0.1487862573 0.1483627862 0.1476727021 
 0.1483690731 0.1480122352 0.1473811472 
 0.1479250191 0.1476402739 0.1470729727 
 0.1474578416 0.1472501067 0.1467508874 
 0.1469716497 0.1468452247 0.1464178222 
 0.1464709061 0.1464293944 0.1460769180 
 0.1459604087 0.1460066403 0.1457315090 
 0.1454452632 0.1455812183 0.1453850983 
 0.1449308428 0.1451575812 0.1450413290 
 0.1444227372 0.1447403353 0.1447039465 
 0.1439266889 0.1443341871 0.1443767553 
 0.1434485179 0.1439438821 0.1440635692 
 0.1429940362 0.1435741356 0.1437681561 
 0.1425689537 0.1432295572 0.1434941781 
 0.1421787767 0.1429145712 0.1432451289 
 0.1418287045 0.1426333340 0.1430242698 
 0.1415235249 0.1423896525 0.1428345667 
 0.1412675129 0.1421869054 0.1426786293 
 0.1410643368 0.1420279696 0.1425586553 
 0.1409169747 0.1419151556 0.1424763813 
 0.1408276432 0.1418501531 0.1424330424 
 0.1407977434 0.1418339898 0.1424293416 
 0.1408278243 0.1418670037 0.1424654303 
 0.1409175655 0.1419488317 0.1425409018 
 0.1410657806 0.1420784140 0.1426547961 
 0.1412704407 0.1422540142 0.1428056178 
 0.1415287171 0.1424732547 0.1429913658 
 0.1418370428 0.1427331671 0.1432095735 
 0.1421911895 0.1430302537 0.1434573589 
 0.1425863578 0.1433605604 0.1437314826 
 0.1430172781 0.1437197569 0.1440284108 
 0.1434783175 0.1441032219 0.1443443831 
 0.1439635896 0.1445061304 0.1446754812 
 0.1444670641 0.1449235404 0.1450176966 
 0.1449826709 0.1453504763 0.1453669968 
 0.1455043982 0.1457820065 0.1457193862 
 0.1460263797 0.1462133132 0.1460709611 
 0.1465429707 0.1466397543 0.1464179590 
 0.1470488115 0.1470569143 0.1467567989 
 0.1475388770 0.1474606456 0.1470841152 
 0.1480085137 0.1478470999 0.1473967829 
 0.1484534652 0.1482127499 0.1476919359 
 0.1488698852 0.1485544023 0.1479669787 
 0.1492543426 0.1488692041 0.1482195923 
 0.1496038183 0.1491546416 0.1484477350 
 0.1499156958 0.1494085354 0.1486496395 
 0.1501877480 0.1496290314 0.1488238068 
 0.1504181213 0.1498145901 0.1489689991 
 0.1506053184 0.1499639737 0.1490842304 
 0.1507481814 0.1500762341 0.1491687577 
 0.1508458758 0.1501507012 0.1492220724 
 0.1508978772 0.1501869721 0.1492438926 
 0.1509039596 0.1501849031 0.1492341565 
 0.1508641876 0.1501446031 0.1491930175 
 0.1507789120 0.1500664299 0.1491208415 
 0.1506487680 0.1499509889 0.1490182051 
 0.1504746782 0.1497991345 0.1488858967 
 0.1502578576 0.1496119731 0.1487249174 
 0.1499998217 0.1493908688 0.1485364850 
 0.1497023971 0.1491374496 0.1483220376 
 0.1493677331 0.1488536157 0.1480832378 
 0.1489983140 0.1485415460 0.1478219766 
 0.1485969710 0.1482037056 0.1475403765 
 0.1481668916 0.1478428499 0.1472407927 
 0.1477116262 0.1474620270 0.1469258116 
 0.1472350898 0.1470645749 0.1465982459 
 0.1467415568 0.1466541141 0.1462611257 
 0.1462356479 0.1462345334 0.1459176840 
 0.1457223079 0.1458099682 0.1455713367 
 0.1452067722 0.1453847707 0.1452256561 
 0.1446945216 0.1449634712 0.1448843378 
 0.1441912257 0.1445507297 0.1445511609 
 0.1437026732 0.1441512795 0.1442299412 
 0.1432346924 0.1437698615 0.1439244788 
 0.1427930608 0.1434111525 0.1436385008 
 0.1423834076 0.1430796870 0.1433755998 
 0.1420111110 0.1427797762 0.1431391705 
 0.1416811933 0.1425154256 0.1429323459 
 0.1413982180 0.1422902542 0.1427579348 
 0.1411661916 0.1421074177 0.1426183635 
 0.1409884733 0.1419695392 0.1425156224 
 0.1408676976 0.1418786485 0.1424512212 
 0.1408057100 0.1418361339 0.1424261521 
 0.1408035216 0.1418427068 0.1424408652 
 0.1408612802 0.1418983818 0.1424952540 
 0.1409782638 0.1420024723 0.1425886546 
 0.1411528921 0.1421536021 0.1427198565 
 0.1413827599 0.1423497329 0.1428871260 
 0.1416646883 0.1425882068 0.1430882408 
 0.1419947937 0.1428658019 0.1433205355 
 0.1423685715 0.1431787996 0.1435809549 
 0.1427809913 0.1435230611 0.1438661147 
 0.1432266014 0.1438941102 0.1441723675 
 0.1436996375 0.1442872200 0.1444958709 
 0.1441941325 0.1446975002 0.1448326559 
 0.1447040243 0.1451199827 0.1451786946 
 0.1452232575 0.1455497021 0.1455299636 
 0.1457458766 0.1459817709 0.1458825028 
 0.1462661085 0.1464114447 0.1462324676 
 0.1467784324 0.1468341798 0.1465761743 
 0.1472776373 0.1472456796 0.1469101374 
 0.1477588655 0.1476419309 0.1472310991 
 0.1482176441 0.1480192313 0.1475360521 
 0.1486499047 0.1483742062 0.1478222537 
 0.1490519925 0.1487038190 0.1480872356 
 0.1494206673 0.1490053736 0.1483288068 
 0.1497530972 0.1492765113 0.1485450527 
 0.1500468471 0.1495152043 0.1487343307 
 0.1502998647 0.1497197450 0.1488952634 
 0.1505104628 0.1498887348 0.1490267302 
 0.1506773030 0.1500210712 0.1491278586 
 0.1507993787 0.1501159360 0.1491980149 
 0.1508760001 0.1501727835 0.1492367960 
 0.1509067820 0.1501913316 0.1492440223 
 0.1508916334 0.1501715540 0.1492197321 
 0.1508307515 0.1501136749 0.1491641774 
 0.1507246186 0.1500181667 0.1490778215 
 0.1505740025 0.1498857496 0.1489613387 
 0.1503799600 0.1497173940 0.1488156157 
 0.1501438439 0.1495143248 0.1486417533 
 0.1498673124 0.1492780275 0.1484410709 
 0.1495523400 0.1490102550 0.1482151099 
 0.1492012294 0.1487130357 0.1479656384 
 0.1488166244 0.1483886804 0.1476946543 
 0.1484015200 0.1480397883 0.1474043881 
 0.1479592714 0.1476692504 0.1470973024 
 0.1474935982 0.1472802498 0.1467760895 
 0.1470085831 0.1468762570 0.1464436646 
 0.1465086633 0.1464610191 0.1461031541 
 0.1459986135 0.1460385428 0.1457578789 
 0.1454835184 0.1456130686 0.1454113315 
 0.1449687339 0.1451890371 0.1450671464 
 0.1444598366 0.1447710456 0.1447290638 
 0.1439625615 0.1443637966 0.1444008865 
 0.1434827270 0.1439720360 0.1440864306 
 0.1430261505 0.1436004854 0.1437894706 
 0.1425985545 0.1432537665 0.1435136798 
 0.1422054658 0.1429363215 0.1432625680 
 0.1418521120 0.1426523313 0.1430394174 
 0.1415433169 0.1424056331 0.1428472193 
 0.1412833988 0.1421996416 0.1426886131 
 0.1410760761 0.1420372749 0.1425658304 
 0.1409243824 0.1419208891 0.1424806446 
 0.1408305947 0.1418522230 0.1424343305 
 0.1407961778 0.1418323557 0.1424276322 
 0.1408217459 0.1418616781 0.1424607435 
 0.1409070444 0.1419398802 0.1425332997 
 0.1410509516 0.1420659539 0.1426443819 
 0.1412515002 0.1422382123 0.1427925338 
 0.1415059194 0.1424543242 0.1429757906 
 0.1418106944 0.1427113627 0.1431917185 
 0.1421616425 0.1430058668 0.1434374641 
 0.1425540029 0.1433339128 0.1437098116 
 0.1429825361 0.1436911947 0.1440052462 
 0.1434416313 0.1440731088 0.1443200210 
 0.1439254158 0.1444748408 0.1446502258 
 0.1444278646 0.1448914533 0.1449918554 
 0.1449429055 0.1453179688 0.1453408756 
 0.1454645173 0.1457494483 0.1456932846 
 0.1459868184 0.1461810619 0.1460451689 
 0.1465041435 0.1466081509 0.1463927525 
 0.1470111078 0.1470262799 0.1467324383 
 0.1475026584 0.1474312785 0.1470608424 
 0.1479741115 0.1478192740 0.1473748199 
 0.1484211789 0.1481867132 0.1476714837 
 0.1488399821 0.1485303766 0.1479482170 
 0.1492270581 0.1488473845 0.1482026789 
 0.1495793559 0.1491351970 0.1484328063 
 0.1498942286 0.1493916093 0.1486368107 
 0.1501694196 0.1496147426 0.1488131729 
 0.1504030473 0.1498030335 0.1489606350 
 0.1505935878 0.1499552217 0.1490781921 
 0.1507398578 0.1500703374 0.1491650830 
 0.1508409990 0.1501476896 0.1492207814 
 0.1508964635 0.1501868556 0.1492449886 
 0.1509060032 0.1501876721 0.1492376260 
 0.1508696610 0.1501502292 0.1491988312 
 0.1507877661 0.1500748661 0.1491289541 
 0.1506609325 0.1499621697 0.1490285556 
 0.1504900612 0.1498129756 0.1488984081 
 0.1502763448 0.1496283712 0.1487394970 
 0.1500212765 0.1494097013 0.1485530238 
 0.1497266591 0.1491585744 0.1483404103 
 0.1493946179 0.1488768700 0.1481033024 
 0.1490276120 0.1485667465 0.1478435743 
 0.1486284466 0.1482306478 0.1475633317 
 0.1482002831 0.1478713082 0.1472649129 
 0.1477466453 0.1474917544 0.1469508878 
 0.1472714218 0.1470953040 0.1466240532 
 0.1467788613 0.1466855574 0.1462874243 
 0.1462735607 0.1462663852 0.1459442203 
 0.1457604426 0.1458419064 0.1455978456 
 0.1452447236 0.1454164596 0.1452518628 
 0.1447318696 0.1449945646 0.1449099611 
 0.1442275399 0.1445808751 0.1445759160 
 0.1437375188 0.1441801227 0.1442535438 
 0.1432676366 0.1437970519 0.1439466493 
 0.1428236799 0.1434363485 0.1436589685 
 0.1424112944 0.1431025624 0.1433941077 
 0.1420358827 0.1428000259 0.1431554804 
 0.1417024995 0.1425327720 0.1429462425 
 0.1414157480 0.1423044528 0.1427692308 
 0.1411796812 0.1421182629 0.1426269032 
 0.1409977113 0.1419768686 0.1425212857 
 0.1408725306 0.1418823472 0.1424539261 
 0.1408060469 0.1418361373 0.1424258574 
 0.1407993355 0.1418390025 0.1424375712 
 0.1408526102 0.1418910106 0.1424890034 
 0.1409652139 0.1419915271 0.1425795317 
 0.1411356298 0.1421392269 0.1427079857 
 0.1413615124 0.1423321194 0.1428726695 
 0.1416397378 0.1425675908 0.1430713955 
 0.1419664716 0.1428424583 0.1433015288 
 0.1423372511 0.1431530369 0.1435600404 
 0.1427470803 0.1434952152 0.1438435673 
 0.1431905338 0.1438645377 0.1441484783 
 0.1436618648 0.1442562918 0.1444709416 
 0.1441551157 0.1446655947 0.1448069941 
 0.1446642261 0.1450874794 0.1451526083 
 0.1451831345 0.1455169760 0.1455037569 
 0.1457058730 0.1459491868 0.1458564715 
 0.1462266502 0.1463793531 0.1462068959 
 0.1467399224 0.1468029127 0.1465513313 
 0.1472404519 0.1472155473 0.1468862748 
 0.1477233516 0.1476132202 0.1472084495 
 0.1481841175 0.1479922033 0.1475148272 
 0.1486186489 0.1483490961 0.1478026442 
 0.1490232588 0.1486808353 0.1480694102 
 0.1493946749 0.1489846980 0.1483129126 
 0.1497300341 0.1492583000 0.1485312153 
 0.1500268712 0.1494995878 0.1487226548 
 0.1502831050 0.1497068299 0.1488858336 
 0.1504970211 0.1498786042 0.1490196116 
 0.1506672549 0.1500137860 0.1491230976 
 0.1507927752 0.1501115359 0.1491956398 
 0.1508728686 0.1501712877 0.1492368179 
 0.1509071270 0.1501927398 0.1492464357 
 0.1508954378 0.1501758467 0.1492245151 
 0.1508379764 0.1501208138 0.1491712920 
 0.1507352038 0.1500280950 0.1490872140 
 0.1505878664 0.1498983919 0.1489729397 
 0.1503969991 0.1497326561 0.1488293398 
 0.1501639326 0.1495320935 0.1486574993 
 0.1498903020 0.1492981700 0.1484587212 
 0.1495780578 0.1490326186 0.1482345304 
 0.1492294784 0.1487374472 0.1479866784 
 0.1488471819 0.1484149456 0.1477171462 
 0.1484341374 0.1480676918 0.1474281474 
 0.1479936736 0.1476985558 0.1471221281 
 0.1475294834 0.1473106995 0.1468017641 
 0.1470456236 0.1469075730 0.1464699551 
 0.1465465065 0.1464929045 0.1461298131 
 0.1460368834 0.1460706828 0.1457846464 
 0.1455218183 0.1456451334 0.1454379365 
 0.1450066501 0.1452206846 0.1450933098 
 0.1444969425 0.1448019252 0.1447545013 
 0.1439984227 0.1443935533 0.1444253121 
 0.1435169076 0.1440003156 0.1441095607 
 0.1430582199 0.1436269397 0.1438110281 
 0.1426280945 0.1432780592 0.1435333989 
 0.1422320785 0.1429581343 0.1432801989 
 0.1418754275 0.1426713701 0.1430547309 
 0.1415630010 0.1424216340 0.1428600118 
 0.1412991605 0.1422123765 0.1426987106 
 0.1410876740 0.1420465568 0.1425730925 
 0.1409316307 0.1419265764 0.1424849679 
 0.1408333677 0.1418542232 0.1424356510 
 0.1407944132 0.1418306277 0.1424259275 
 0.1408154469 0.1418562336 0.1424560332 
 0.1408962800 0.1419307840 0.1425256457 
 0.1410358553 0.1420533229 0.1426338872 
 0.1412322678 0.1422222130 0.1427793408 
 0.1414828046 0.1424351697 0.1429600782 
 0.1417840034 0.1426893079 0.1431736986 
 0.1421317279 0.1429812036 0.1434173775 
 0.1425212558 0.1433069641 0.1436879232 
 0.1429473786 0.1436623078 0.1439818398 
 0.1434045080 0.1440426489 0.1442953944 
 0.1438867853 0.1444431845 0.1446246853 
 0.1443881913 0.1448589818 0.1449657106 
 0.1449026520 0.1452850618 0.1453144349 
 0.1454241372 0.1457164786 0.1456668502 
 0.1459467503 0.1461483900 0.1460190333 
 0.1464648053 0.1465761210 0.1463671949 
 0.1469728929 0.1469952163 0.1467077218 
 0.1474659319 0.1474014829 0.1470372118 
 0.1479392084 0.1477910235 0.1473525001 
 0.1483884024 0.1481602591 0.1476506786 
 0.1488096032 0.1485059437 0.1479291089 
 0.1491993152 0.1488251709 0.1481854284 
 0.1495544561 0.1491153746 0.1484175523 
 0.1498723479 0.1493743242 0.1486236709 
 0.1501507046 0.1496001162 0.1488022444 
 0.1503876164 0.1497911633 0.1489519949 
 0.1505815326 0.1499461823 0.1490718985 
 0.1507312444 0.1500641816 0.1491611756 
 0.1508358691 0.1501444493 0.1492192822 
 0.1508948360 0.1501865426 0.1492459023 
 0.1509078744 0.1501902789 0.1492409410 
 0.1508750053 0.1501557291 0.1492045197 
 0.1507965366 0.1500832139 0.1491369721 
 0.1506730607 0.1499733013 0.1490388435 
 0.1505054569 0.1498268082 0.1489108901 
 0.1502948959 0.1496448032 0.1487540815 
 0.1500428477 0.1494286115 0.1485696030 
 0.1497510920 0.1491798217 0.1483588597 
 0.1494217294 0.1489002930 0.1481234809 
 0.1490571939 0.1485921627 0.1478653238 
 0.1486602647 0.1482578536 0.1475864770 
 0.1482340764 0.1479000784 0.1472892617 
 0.1477821262 0.1475218425 0.1469762310 
 0.1473082757 0.1471264421 0.1466501655 
 0.1468167477 0.1467174577 0.1463140649 
 0.1463121144 0.1462987407 0.1459711347 
 0.1457992759 0.1458743935 0.1456247668 
 0.1452834290 0.1454487403 0.1452785139 
 0.1447700238 0.1450262897 0.1449360579 
 0.1442647086 0.1446116886 0.1446011704 
 0.1437732624 0.1442096659 0.1442776675 
 0.1433015164 0.1438249688 0.1439693578 
 0.1428552654 0.1434622918 0.1436799860 
 0.1424401707 0.1431261989 0.1434131714 
 0.1420616585 0.1428210431 0.1431723455 
 0.1417248149 0.1425508843 0.1429606870 
 0.1414342821 0.1423194072 0.1427810599 
 0.1411941592 0.1421298446 0.1426359537 
 0.1410079112 0.1419849062 0.1425274297 
 0.1408782881 0.1418867165 0.1424570740 
 0.1408072598 0.1418367645 0.1424259601 
 0.1407959665 0.1418358666 0.1424346218 
 0.1408446881 0.1418841436 0.1424830377 
 0.1409528337 0.1419810146 0.1425706275 
 0.1411189504 0.1421252057 0.1426962617 
 0.1413407540 0.1423147754 0.1428582830 
 0.1416151767 0.1425471549 0.1430545392 
 0.1419384347 0.1428192017 0.1432824271 
 0.1423061087 0.1431272657 0.1435389449 
 0.1427132389 0.1434672640 0.1438207520 
 0.1431544273 0.1438347634 0.1441242343 
 0.1436239465 0.1442250665 0.1444455719 
 0.1441158498 0.1446332994 0.1447808082 
 0.1446240796 0.1450544974 0.1451259175 
 0.1451425697 0.1454836869 0.1454768693 
 0.1456653408 0.1459159612 0.1458296877 
 0.1461865841 0.1463465478 0.1461805054 
 0.1467007337 0.1467708666 0.1465256091 
 0.1472025258 0.1471845786 0.1468614792 
 0.1476870445 0.1475836235 0.1471848198 
 0.1481497547 0.1479642483 0.1474925825 
 0.1485865240 0.1483230262 0.1477819823 
 0.1489936329 0.1486568675 0.1480505074 
 0.1493677770 0.1489630230 0.1482959234 
 0.1497060620 0.1492390823 0.1485162729 
 0.1500059926 0.1494829667 0.1487098715 
 0.1502654584 0.1496929201 0.1488753013 
 0.1504827175 0.1498674972 0.1490114027 
 0.1506563791 0.1500055509 0.1491172655 
 0.1507853869 0.1501062200 0.1491922201 
 0.1508690037 0.1501689182 0.1492358285 
 0.1509067987 0.1501933236 0.1492478776 
 0.1508986367 0.1501793715 0.1492283728 
 0.1508446717 0.1501272484 0.1491775338 
 0.1507453428 0.1500373893 0.1490957922 
 0.1506013746 0.1499104768 0.1489837905 
 0.1504137801 0.1497474437 0.1488423832 
 0.1501838671 0.1495494761 0.1486726389 
 0.1499132474 0.1493180202 0.1484758441 
 0.1496038472 0.1490547884 0.1482535069 
 0.1492579197 0.1487617677 0.1480073612 
 0.1488780568 0.1484412264 0.1477393710 
 0.1484672009 0.1480957205 0.1474517321 
 0.1480286532 0.1477280980 0.1471468732 
 0.1475660793 0.1473414990 0.1468274533 
 0.1470835087 0.1469393522 0.1464963555 
 0.1465853275 0.1465253655 0.1461566765 
 0.1460762624 0.1461035090 0.1458117107 
 0.1455613554 0.1456779918 0.1454649279 
 0.1450459263 0.1452532285 0.1451199450 
 0.1445355245 0.1448337980 0.1447804907 
 0.1440358677 0.1444243925 0.1444503631 
 0.1435527696 0.1440297581 0.1441333818 
 0.1430920562 0.1436546268 0.1438333333 
 0.1426594733 0.1433036429 0.1435539123 
 0.1422605868 0.1429812835 0.1432986595 
 0.1419006789 0.1426917764 0.1430708977 
 0.1415846436 0.1424390184 0.1428736680 
 0.1413168846 0.1422264952 0.1427096689 
 0.1411012192 0.1420572065 0.1425811986 
 0.1409407915 0.1419335989 0.1424901045 
 0.1408379989 0.1418575094 0.1424377401 
 0.1407944335 0.1418301204 0.1424249328 
 0.1408108411 0.1418519291 0.1424519614 
 0.1408870999 0.1419227324 0.1425185460 
 0.1410222188 0.1420416276 0.1426238514 
 0.1412143565 0.1422070286 0.1427665009 
 0.1414608600 0.1424166986 0.1429446043 
 0.1417583219 0.1426677968 0.1431557951 
 0.1421026542 0.1429569374 0.1433972793 
 0.1424891759 0.1432802610 0.1436658909 
 0.1429127118 0.1436335126 0.1439581549 
 0.1433676983 0.1440121261 0.1442703537 
 0.1438482932 0.1444113119 0.1445985958 
 0.1443484853 0.1448261437 0.1449388844 
 0.1448622009 0.1452516429 0.1452871840 
 0.1453834025 0.1456828579 0.1456394822 
 0.1459061800 0.1461149360 0.1459918471 
 0.1464248283 0.1465431870 0.1463404770 
 0.1469339146 0.1469631365 0.1466817438 
 0.1474283305 0.1473705700 0.1470122277 
 0.1479033325 0.1477615663 0.1473287446 
 