0.1305159290 0.1278798109 0.1251138943 
 0.1303813235 0.1277149030 0.1249192250 
 0.1302466158 0.1275511111 0.1247268950 
 0.1301131500 0.1273900512 0.1245387841 
 0.1299821882 0.1272332264 0.1243566270 
 0.1298549032 0.1270820197 0.1241820050 
 0.1297323744 0.1269376901 0.1240163439 
 0.1296155874 0.1268013734 0.1238609161 
 0.1295054360 0.1266740857 0.1237168459 
 0.1294027260 0.1265567297 0.1235851186 
 0.1293081813 0.1264501020 0.1234665912 
 0.1292224495 0.1263549027 0.1233620036 
 0.1291461094 0.1262717434 0.1232719909 
 0.1290796770 0.1262011568 0.1231970943 
 0.1290236111 0.1261436033 0.1231377704 
 0.1289783177 0.1260994773 0.1230943996 
 0.1289441526 0.1260691106 0.1230672905 
 0.1289214222 0.1260527744 0.1230566824 
 0.1289103823 0.1260506777 0.1230627445 
 0.1289112346 0.1260629639 0.1230855717 
 0.1289241214 0.1260897046 0.1231251781 
 0.1289491182 0.1261308913 0.1231814867 
 0.1289862249 0.1261864250 0.1232543177 
 0.1290353552 0.1262561042 0.1233433745 
 0.1290963260 0.1263396126 0.1234482290 
 0.1291688464 0.1264365056 0.1235683057 
 0.1292525062 0.1265461982 0.1237028675 
 0.1293467667 0.1266679535 0.1238510021 
 0.1294509521 0.1268008740 0.1240116113 
 0.1295642443 0.1269438947 0.1241834039 
 0.1296856791 0.1270957810 0.1243648920 
 0.1298141480 0.1272551303 0.1245543940 
 0.1299484017 0.1274203779 0.1247500416 
 0.1300870595 0.1275898093 0.1249497944 
 0.1302286221 0.1277615767 0.1251514600 
 0.1303714893 0.1279337208 0.1253527207 
 0.1305139811 0.1281041983 0.1255511663 
 0.1306543633 0.1282709130 0.1257443315 
 0.1307908760 0.1284317512 0.1259297385 
 0.1309217638 0.1285846191 0.1261049421 
 0.1310453085 0.1287274826 0.1262675772 
 0.1311598620 0.1288584071 0.1264154065 
 0.1312638791 0.1289755972 0.1265463667 
 0.1313559480 0.1290774331 0.1266586132 
 0.1314348196 0.1291625054 0.1267505594 
 0.1314994328 0.1292296444 0.1268209118 
 0.1315489357 0.1292779446 0.1268686973 
 0.1315827025 0.1293067829 0.1268932844 
 0.1316003445 0.1293158304 0.1268943953 
 0.1316017159 0.1293050572 0.1268721097 
 0.1315869135 0.1292747296 0.1268268599 
 0.1315562711 0.1292254010 0.1267594180 
 0.1315103485 0.1291578956 0.1266708745 
 0.1314499147 0.1290732867 0.1265626105 
 0.1313759279 0.1289728693 0.1264362630 
 0.1312895114 0.1288581291 0.1262936863 
 0.1311919262 0.1287307077 0.1261369093 
 0.1310845433 0.1285923669 0.1259680911 
 0.1309688135 0.1284449512 0.1257894760 
 0.1308462387 0.1282903523 0.1256033497 
 0.1307183438 0.1281304737 0.1254119974 
 0.1305866504 0.1279671997 0.1252176663 
 0.1304526537 0.1278023661 0.1250225319 
 0.1303178015 0.1276377368 0.1248286695 
 0.1301834781 0.1274749837 0.1246380324 
 0.1300509913 0.1273156721 0.1244524347 
 0.1299215625 0.1271612504 0.1242735412 
 0.1297963217 0.1270130446 0.1241028615 
 0.1296763051 0.1268722568 0.1239417502 
 0.1295624557 0.1267399669 0.1237914103 
 0.1294556260 0.1266171378 0.1236529010 
 0.1293565832 0.1265046223 0.1235271469 
 0.1292660152 0.1264031712 0.1234149494 
 0.1291845371 0.1263134427 0.1233169988 
 0.1291126979 0.1262360111 0.1232338853 
 0.1290509865 0.1261713746 0.1231661101 
 0.1289998369 0.1261199627 0.1231140937 
 0.1289596316 0.1260821405 0.1230781830 
 0.1289307036 0.1260582117 0.1230586543 
 0.1289133362 0.1260484191 0.1230557150 
 0.1289077608 0.1260529420 0.1230695005 
 0.1289141523 0.1260718915 0.1231000696 
 0.1289326232 0.1261053034 0.1231473954 
 0.1289632152 0.1261531286 0.1232113554 
 0.1290058896 0.1262152225 0.1232917174 
 0.1290605169 0.1262913321 0.1233881261 
 0.1291268654 0.1263810833 0.1235000872 
 0.1292045904 0.1264839683 0.1236269523 
 0.1292932235 0.1265993331 0.1237679050 
 0.1293921634 0.1267263677 0.1239219482 
 0.1295006690 0.1268640976 0.1240878953 
 0.1296178549 0.1270113796 0.1242643642 
 0.1297426899 0.1271669009 0.1244497771 
 0.1298739993 0.1273291828 0.1246423645 
 0.1300104719 0.1274965896 0.1248401765 
 0.1301506700 0.1276673427 0.1250410995 
 0.1302930451 0.1278395395 0.1252428793 
 0.1304359572 0.1280111782 0.1254431510 
 0.1305776977 0.1281801867 0.1256394737 
 0.1307165165 0.1283444559 0.1258293706 
 0.1308506517 0.1285018761 0.1260103729 
 0.1309783607 0.1286503760 0.1261800663 
 0.1310979536 0.1287879622 0.1263361383 
 0.1312078254 0.1289127594 0.1264764261 
 0.1313064886 0.1290230485 0.1265989619 
 0.1313926030 0.1291173027 0.1267020152 
 0.1314650032 0.1291942197 0.1267841305 
 0.1315227221 0.1292527489 0.1268441591 
 0.1315650106 0.1292921131 0.1268812835 
 0.1315913511 0.1293118241 0.1268950341 
 0.1316014667 0.1293116907 0.1268852981 
 0.1315953240 0.1292918206 0.1268523193 
 0.1315731304 0.1292526141 0.1267966888 
 0.1315353258 0.1291947522 0.1267193290 
 0.1314825691 0.1291191774 0.1266214684 
 0.1314157196 0.1290270690 0.1265046112 
 0.1313358152 0.1289198145 0.1263704999 
 0.1312440463 0.1287989762 0.1262210751 
 0.1311417288 0.1286662560 0.1260584317 
 0.1310302744 0.1285234588 0.1258847741 
 0.1309111614 0.1283724556 0.1257023711 
 0.1307859060 0.1282151480 0.1255135138 
 0.1306560349 0.1280534349 0.1253204745 
 0.1305230607 0.1278891815 0.1251254715 
 0.1303884592 0.1277241937 0.1249306375 
 0.1302536511 0.1275601953 0.1247379943 
 0.1301199870 0.1273988107 0.1245494329 
 0.1299887359 0.1272415527 0.1243666998 
 0.1298610778 0.1270898136 0.1241913885 
 0.1297380997 0.1269448625 0.1240249372 
 0.1296207945 0.1268078447 0.1238686298 
 0.1295100631 0.1266797855 0.1237236022 
 0.1294067182 0.1265615962 0.1235908501 
 0.1293114895 0.1264540813 0.1234712399 
 0.1292250305 0.1263579480 0.1233655202 
 0.1291479251 0.1262738145 0.1232743338 
 0.1290806938 0.1262022193 0.1231982287 
 0.1290237995 0.1261436279 0.1231376678 
 0.1289776522 0.1260984397 0.1230930369 
 0.1289426114 0.1260669912 0.1230646501 
 0.1289189873 0.1260495581 0.1230527519 
 0.1289070394 0.1260463543 0.1230575169 
 0.1289069737 0.1260575282 0.1230790460 
 0.1289189372 0.1260831572 0.1231173596 
 0.1289430106 0.1261232392 0.1231723881 
 0.1289791998 0.1261776823 0.1232439600 
 0.1290274255 0.1262462935 0.1233317882 
 0.1290875121 0.1263287653 0.1234354550 
 0.1291591772 0.1264246635 0.1235543969 
 0.1292420199 0.1265334140 0.1236878895 
 0.1293355115 0.1266542920 0.1238350342 
 0.1294389867 0.1267864121 0.1239947474 
 0.1295516380 0.1269287222 0.1241657525 
 0.1296725124 0.1270800005 0.1243465767 
 0.1298005118 0.1272388567 0.1245355526 
 0.1299343973 0.1274037380 0.1247308257 
 0.1300727972 0.1275729404 0.1249303676 
 0.1302142205 0.1277446251 0.1251319964 
 0.1303570734 0.1279168401 0.1253334025 
 0.1304996808 0.1280875470 0.1255321809 
 0.1306403112 0.1282546520 0.1257258686 
 0.1307772050 0.1284160407 0.1259119866 
 0.1309086048 0.1285696158 0.1260880848 
 0.1310327880 0.1287133368 0.1262517898 
 0.1311480995 0.1288452595 0.1264008520 
 0.1312529845 0.1289635757 0.1265331926 
 0.1313460195 0.1290666507 0.1266469482 
 0.1314259417 0.1291530573 0.1267405106 
 0.1314916744 0.1292216060 0.1268125620 
 0.1315423489 0.1292713699 0.1268621037 
 0.1315773213 0.1293017037 0.1268884772 
 0.1315961846 0.1293122556 0.1268913769 
 0.1315987741 0.1293029725 0.1268708550 
 0.1315851684 0.1292740984 0.1268273173 
 0.1315556837 0.1292261652 0.1267615105 
 0.1315108631 0.1291599775 0.1266745017 
 0.1314514607 0.1290765906 0.1265676512 
 0.1313784216 0.1289772840 0.1264425783 
 0.1312928577 0.1288635304 0.1263011224 
 0.1311960212 0.1287369615 0.1261453012 
 0.1310892761 0.1285993316 0.1259772661 
 0.1309740690 0.1284524809 0.1257992571 
 0.1308518994 0.1282982995 0.1256135590 
 0.1307242921 0.1281386918 0.1254224591 
 0.1305927706 0.1279755452 0.1252282096 
 0.1304588333 0.1278107011 0.1250329932 
 0.1303239332 0.1276459301 0.1248388946 
 0.1301894604 0.1274829125 0.1246478776 
 0.1300567295 0.1273232227 0.1244617682 
 0.1299269692 0.1271683188 0.1242822433 
 0.1298013172 0.1270195369 0.1241108251 
 0.1296808173 0.1268780887 0.1239488802 
 0.1295664196 0.1267450639 0.1237976236 
 0.1294589839 0.1266214343 0.1236581253 
 0.1293592839 0.1265080611 0.1235313201 
 0.1292680135 0.1264057028 0.1234180188 
 0.1291857932 0.1263150245 0.1233189197 
 0.1291131769 0.1262366066 0.1232346204 
 0.1290506580 0.1261709531 0.1231656287 
 0.1289986744 0.1261184985 0.1231123711 
 0.1289576126 0.1260796125 0.1230751998 
 0.1289278093 0.1260546037 0.1230543965 
 0.1289095514 0.1260437194 0.1230501738 
 0.1289030744 0.1260471439 0.1230626729 
 0.1289085577 0.1260649935 0.1230919585 
 0.1289261185 0.1260973102 0.1231380107 
 0.1289558042 0.1261440516 0.1232007146 
 0.1289975825 0.1262050806 0.1232798469 
 0.1290513309 0.1262801530 0.1233750623 
 0.1291168260 0.1263689043 0.1234858774 
 0.1291937316 0.1264708371 0.1236116562 
 0.1292815890 0.1265853090 0.1237515955 
 0.1293798071 0.1267115217 0.1239047122 
 0.1294876555 0.1268485137 0.1240698344 
 0.1296042594 0.1269951542 0.1242455948 
 0.1297285984 0.1271501432 0.1244304302 
 0.1298595083 0.1273120140 0.1246225852 
 0.1299956875 0.1274791422 0.1248201228 
 0.1301357071 0.1276497589 0.1250209408 
 0.1302780259 0.1278219697 0.1252227943 
 0.1304210094 0.1279937790 0.1254233251 
 0.1305629529 0.1281631182 0.1256200961 
 0.1307021080 0.1283278792 0.1258106311 
 0.1308367119 0.1284859505 0.1259924584 
 0.1309650187 0.1286352555 0.1261631570 
 0.1310853327 0.1287737931 0.1263204043 
 0.1311960408 0.1288996765 0.1264620236 
 0.1312956448 0.1290111731 0.1265860298 
 0.1313827918 0.1291067393 0.1266906722 
 0.1314563015 0.1291850542 0.1267744725 
 0.1315151908 0.1292450465 0.1268362568 
 0.1315586929 0.1292859172 0.1268751810 
 0.1315862719 0.1293071552 0.1268907482 
 0.1315976323 0.1293085463 0.1268828180 
 0.1315927220 0.1292901752 0.1268516066 
 0.1315717303 0.1292524204 0.1267976792 
 0.1315350800 0.1291959419 0.1267219337 
 0.1314834140 0.1291216634 0.1266255762 
 0.1314175774 0.1290307474 0.1265100914 
 0.1313385959 0.1289245668 0.1263772055 
 0.1312476496 0.1288046725 0.1262288459 
 0.1311460465 0.1286727576 0.1260670978 
 0.1310351925 0.1285306208 0.1258941595 
 0.1309165626 0.1283801304 0.1257122973 
 0.1307916719 0.1282231874 0.1255238027 
 0.1306620478 0.1280616927 0.1253309516 
 0.1305292055 0.1278975159 0.1251359683 
 0.1303946251 0.1277324691 0.1249409939 
 0.1302597327 0.1275682836 0.1247480602 
 0.1301258853 0.1274065928 0.1245590695 
 0.1299943592 0.1272489187 0.1243757802 
 0.1298663417 0.1270966638 0.1241997985 
 0.1297429275 0.1269511070 0.1240325749 
 0.1296251173 0.1268134036 0.1238754055 
 0.1295138191 0.1266845882 0.1237294376 
 0.1294098523 0.1265655808 0.1235956775 
 0.1293139534 0.1264571942 0.1234750016 
 0.1292267813 0.1263601428 0.1233681671 
 0.1291489253 0.1262750515 0.1232758248 
 0.1290809106 0.1262024646 0.1231985295 
 0.1290232044 0.1261428532 0.1231367506 
 0.1289762207 0.1260966216 0.1230908795 
 0.1289403226 0.1260641109 0.1230612358 
 0.1289158240 0.1260456015 0.1230480691 
 0.1289029886 0.1260413121 0.1230515596 
 0.1289020264 0.1260513962 0.1230718140 
 0.1289130890 0.1260759369 0.1231088590 
 0.1289362625 0.1261149383 0.1231626324 
 0.1289715586 0.1261683158 0.1232329709 
 0.1290189046 0.1262358845 0.1233195967 
 0.1290781328 0.1263173459 0.1234221025 
 0.1291489689 0.1264122759 0.1235399365 
 0.1292310214 0.1265201114 0.1236723870 
 0.1293237714 0.1266401393 0.1238185690 
 0.1294265641 0.1267714865 0.1239774134 
 0.1295386027 0.1269131136 0.1241476583 
 0.1296589451 0.1270638116 0.1243278456 
 0.1297865037 0.1272222025 0.1245163225 
 0.1299200498 0.1273867454 0.1247112479 
 0.1300582211 0.1275557469 0.1249106061 
 0.1301995347 0.1277273774 0.1251122253 
 0.1303424035 0.1278996922 0.1253138043 
 0.1304851572 0.1280706580 0.1255129436 
 0.1306260672 0.1282381833 0.1257071825 
 0.1307633744 0.1284001535 0.1258940411 
 0.1308953195 0.1285544680 0.1260710650 
 0.1310201756 0.1286990800 0.1262358721 
 0.1311362807 0.1288320357 0.1263862013 
 0.1312420705 0.1289515148 0.1265199584 
 0.1313361102 0.1290558672 0.1266352612 
 0.1314171231 0.1291436483 0.1267304801 
 0.1314840171 0.1292136490 0.1268042735 
 0.1315359065 0.1292649211 0.1268556167 
 0.1315721297 0.1292967969 0.1268838242 
 0.1315922607 0.1293089014 0.1268885628 
 0.1315961163 0.1293011586 0.1268698572 
 0.1315837565 0.1292737898 0.1268280860 
 0.1315554798 0.1292273055 0.1267639705 
 0.1315118126 0.1291624899 0.1266785544 
 0.1314534936 0.1290803805 0.1265731766 
 0.1313814544 0.1289822408 0.1264494382 
 0.1312967955 0.1288695303 0.1263091636 
 0.1312007597 0.1287438702 0.1261543588 
 0.1310947041 0.1286070071 0.1259871671 
 0.1309800704 0.1284607767 0.1258098238 
 0.1308583557 0.1283070668 0.1256246123 
 0.1307310844 0.1281477828 0.1254338219 
 0.1305997816 0.1279848149 0.1252397094 
 0.1304659489 0.1278200095 0.1250444645 
 0.1303310440 0.1276551442 0.1248501809 
 0.1301964630 0.1274919072 0.1246588331 
 0.1300635269 0.1273318821 0.1244722585 
 0.1299334721 0.1271765367 0.1242921464 
 0.1298074436 0.1270272169 0.1241200313 
 0.1296864928 0.1268851445 0.1239572923 
 0.1295715773 0.1267514187 0.1238051559 
 0.1294635641 0.1266270204 0.1236647035 
 0.1293632333 0.1265128193 0.1235368801 
 0.1292712851 0.1264095817 0.1234225057 
 0.1291883455 0.1263179797 0.1233222870 
 0.1291149733 0.1262386000 0.1232368293 
 0.1290516666 0.1261719523 0.1231666468 
 0.1289988673 0.1261184762 0.1231121721 
 0.1289569659 0.1260785466 0.1230737629 
 0.1289263028 0.1260524764 0.1230517065 
 0.1289071688 0.1260405178 0.1230462206 
 0.1288998034 0.1260428600 0.1230574522 
 0.1289043904 0.1260596248 0.1230854719 
 0.1289210521 0.1260908599 0.1231302669 
 0.1289498414 0.1261365299 0.1231917296 
 0.1289907322 0.1261965054 0.1232696458 
 0.1290436095 0.1262705505 0.1233636798 
 0.1291082577 0.1263583105 0.1234733595 
 0.1291843495 0.1264592984 0.1235980609 
 0.1292714359 0.1265728832 0.1237369940 
 0.1293689359 0.1266982790 0.1238891899 
 0.1294761299 0.1268345365 0.1240534912 
 0.1295921540 0.1269805380 0.1242285455 
 0.1297159987 0.1271349961 0.1244128045 
 0.1298465105 0.1272964566 0.1246045270 
 0.1299823976 0.1274633062 0.1248017891 
 0.1301222401 0.1276337865 0.1250025004 
 0.1302645045 0.1278060115 0.1252044255 
 0.1304075623 0.1279779919 0.1254052135 
 0.1305497131 0.1281476635 0.1256024316 
 0.1306892102 0.1283129194 0.1257936048 
 0.1308242905 0.1284716466 0.1259762588 
 0.1309532054 0.1286217641 0.1261479667 
 0.1310742538 0.1287612630 0.1263063961 
 0.1311858145 0.1288882462 0.1264493571 
 0.1312863793 0.1290009672 0.1265748479 
 0.1313745825 0.1290978667 0.1266810980 
 0.1314492297 0.1291776050 0.1267666064 
 0.1315093215 0.1292390906 0.1268301746 
 0.1315540735 0.1292815027 0.1268709321 
 0.1315829319 0.1293043074 0.1268883548 
 0.1315955820 0.1293072674 0.1268822743 
 0.1315919533 0.1292904445 0.1268528797 
 0.1315722165 0.1292541949 0.1268007097 
 0.1315367771 0.1291991575 0.1267266372 
 0.1314862616 0.1291262366 0.1266318460 
 0.1314215007 0.1290365774 0.1265178004 
 0.1313435068 0.1289315380 0.1263862098 
 0.1312534497 0.1288126570 0.1262389878 
 0.1311526287 0.1286816181 0.1260782093 
 0.1310424434 0.1285402136 0.1259060658 
 0.1309243650 0.1283903078 0.1257248202 
 0.1307999067 0.1282338009 0.1255367638 
 0.1306705963 0.1280725952 0.1253441756 
 0.1305379511 0.1279085643 0.1251492853 
 0.1304034548 0.1277435255 0.1249542419 
 0.1302685386 0.1275792177 0.1247610865 
 0.1301345658 0.1274172824 0.1245717323 
 0.1300028191 0.1272592509 0.1243879497 
 0.1298744936 0.1271065355 0.1242113569 
 0.1297506911 0.1269604249 0.1240434166 
 0.1296324199 0.1268220839 0.1238854371 
 0.1295205951 0.1266925566 0.1237385768 
 0.1294160431 0.1265727716 0.1236038530 
 0.1293195064 0.1264635499 0.1234821516 
 0.1292316502 0.1263656133 0.1233742390 
 0.1291530688 0.1262795933 0.1232807736 
 0.1290842921 0.1262060404 0.1232023175 
 0.1290257919 0.1261454310 0.1231393464 
 0.1289779860 0.1260981744 0.1230922574 
 0.1289412415 0.1260646167 0.1230613756 
 0.1289158762 0.1260450429 0.1230469562 
 0.1289021577 0.1260396763 0.1230491846 
 0.1289003001 0.1260486760 0.1230681733 
 0.1289104600 0.1260721305 0.1231039557 
 0.1289327286 0.1261100504 0.1231564767 
 0.1289671237 0.1261623583 0.1232255811 
 0.1290135795 0.1262288773 0.1233110005 
 0.1290719358 0.1263093182 0.1234123381 
 0.1291419271 0.1264032669 0.1235290535 
 0.1292231709 0.1265101713 0.1236604480 
 0.1293151586 0.1266293302 0.1238056503 
 0.1294172458 0.1267598830 0.1239636055 
 0.1295286469 0.1269008032 0.1241330667 
 0.1296484308 0.1270508947 0.1243125910 
 0.1297755210 0.1272087925 0.1245005402 
 0.1299086992 0.1273729675 0.1246950873 
 0.1300466131 0.1275417376 0.1248942291 
 0.1301877882 0.1277132829 0.1250958051 
 0.1303306447 0.1278856664 0.1252975227 
 0.1304735177 0.1280568606 0.1254969887 
 0.1306146821 0.1282247772 0.1256917456 
 0.1307523799 0.1283873018 0.1258793132 
 0.1308848506 0.1285423315 0.1260572333 
 0.1310103635 0.1286878135 0.1262231167 
 0.1311272503 0.1288217855 0.1263746910 
 0.1312339380 0.1289424154 0.1265098473 
 0.1313289805 0.1290480387 0.1266266857 
 0.1314110880 0.1291371935 0.1267235556 
 0.1314791532 0.1292086517 0.1267990920 
 0.1315322739 0.1292614441 0.1268522449 
 0.1315697702 0.1292948808 0.1268823020 
 0.1315911981 0.1293085639 0.1268889027 
 0.1315963552 0.1293023942 0.1268720438 
 0.1315852830 0.1292765704 0.1268320772 
 0.1315582616 0.1292315809 0.1267696983 
 0.1315158004 0.1291681896 0.1266859266 
 0.1314586225 0.1290874152 0.1265820796 
 0.1313876453 0.1289905049 0.1264597392 
 0.1313039571 0.1288789041 0.1263207141 
 0.1312087907 0.1287542229 0.1261669980 
 0.1311034953 0.1286181994 0.1260007249 
 0.1309895073 0.1284726638 0.1258241247 
 0.1308683204 0.1283195011 0.1256394787 
 0.1307414580 0.1281606164 0.1254490771 
 0.1306104458 0.1279979024 0.1252551803 
 0.1304767882 0.1278332096 0.1250599844 
 0.1303419468 0.1276683217 0.1248655914 
 0.1302073230 0.1275049344 0.1246739856 
 0.1300742442 0.1273446399 0.1244870156 
 0.1299439534 0.1271889153 0.1243063823 
 0.1298176029 0.1270391158 0.1241336323 
 0.1296962513 0.1268964731 0.1239701566 
 0.1295808636 0.1267620955 0.1238171936 
 0.1294723134 0.1266369730 0.1236758352 
 0.1293713878 0.1265219837 0.1235470369 
 0.1292787925 0.1264179015 0.1234316278 
 0.1291951594 0.1263254056 0.1233303231 
 0.1291210522 0.1262450889 0.1232437355 
 0.1290569734 0.1261774670 0.1231723859 
 0.1290033694 0.1261229847 0.1231167131 
 0.1289606345 0.1260820217 0.1230770804 
 0.1289291129 0.1260548958 0.1230537804 
 0.1289090996 0.1260418639 0.1230470364 
 0.1289008379 0.1260431202 0.1230570007 
 0.1289045163 0.1260587920 0.1230837504 
 0.1289202621 0.1260889331 0.1231272792 
 0.1289481339 0.1261335147 0.1231874875 
 0.1289881122 0.1261924152 0.1232641696 
 0.1290400892 0.1262654074 0.1233569998 
 0.1291038574 0.1263521462 0.1234655170 
 0.1291790989 0.1264521553 0.1235891094 
 0.1292653740 0.1265648153 0.1237270003 
 0.1293621126 0.1266893523 0.1238782351 
 0.1294686059 0.1268248301 0.1240416710 
 0.1295840013 0.1269701442 0.1242159709 
 0.1297073006 0.1271240202 0.1243996015 
 0.1298373614 0.1272850164 0.1245908363 
 0.1299729023 0.1274515318 0.1247877651 
 0.1301125130 0.1276218185 0.1249883096 
 0.1302546682 0.1277939998 0.1251902450 
 0.1303977463 0.1279660935 0.1253912280 
 0.1305400514 0.1281360401 0.1255888312 
 0.1306798398 0.1283017351 0.1257805814 
 0.1308153485 0.1284610648 0.1259640029 
 0.1309448270 0.1286119446 0.1261366638 
 0.1310665694 0.1287523586 0.1262962229 
 0.1311789475 0.1288804001 0.1264404778 
 0.1312804432 0.1289943097 0.1265674109 
 0.1313696791 0.1290925126 0.1266752326 
 0.1314454467 0.1291736513 0.1267624202 
 0.1315067307 0.1292366145 0.1268277510 
 0.1315527299 0.1292805599 0.1268703286 
 0.1315828720 0.1293049310 0.1268896018 
 0.1315968238 0.1293094675 0.1268853748 
 0.1315944957 0.1292942082 0.1268578091 
 0.1315760401 0.1292594868 0.1268074170 
 0.1315418445 0.1292059210 0.1267350462 
 0.1314925187 0.1291343949 0.1266418574 
 0.1314288781 0.1290460362 0.1265292943 
 0.1313519218 0.1289421873 0.1263990484 
 0.1312628081 0.1288243738 0.1262530188 
 0.1311628269 0.1286942691 0.1260932694 
 0.1310533709 0.1285536582 0.1259219837 
 0.1309359064 0.1284044008 0.1257414205 
 0.1308119440 0.1282483952 0.1255538699 
 0.1306830110 0.1280875442 0.1253616128 
 0.1305506259 0.1279237243 0.1251668837 
 0.1304162756 0.1277587579 0.1249718382 
 0.1302813956 0.1275943900 0.1247785264 
 0.1301473545 0.1274322701 0.1245888717 
 0.1300154415 0.1272739381 0.1244046554 
 0.1298868582 0.1271208154 0.1242275076 
 0.1297627138 0.1269742000 0.1240589027 
 0.1296440234 0.1268352661 0.1239001606 
 0.1295317093 0.1267050670 0.1237524510 
 0.1294266044 0.1265845396 0.1236168016 
 0.1293294573 0.1264745131 0.1234941080 
 0.1292409391 0.1263757164 0.1233851452 
 0.1291616490 0.1262887879 0.1232905797 
 0.1290921221 0.1262142837 0.1232109805 
 0.1290328343 0.1261526860 0.1231468298 
 0.1289842075 0.1261044091 0.1230985306 
 0.1289466128 0.1260698038 0.1230664133 
 0.1289203718 0.1260491599 0.1230507385 
 0.1289057561 0.1260427057 0.1230516973 
 0.1289029844 0.1260506054 0.1230694080 
 0.1289122179 0.1260729533 0.1231039103 
 0.1289335531 0.1261097664 0.1231551564 
 0.1289670142 0.1261609746 0.1232229993 
 0.1290125421 0.1262264091 0.1233071800 
 0.1290699846 0.1263057899 0.1234073121 
 0.1291390847 0.1263987132 0.1235228669 
 0.1292194697 0.1265046381 0.1236531583 
 0.1293106409 0.1266228752 0.1237973289 
 0.1294119652 0.1267525767 0.1239543385 
 0.1295226679 0.1268927294 0.1241229553 
 0.1296418297 0.1270421503 0.1243017516 
 0.1297683853 0.1271994876 0.1244891044 
 0.1299011276 0.1273632249 0.1246832010 
 0.1300387144 0.1275316916 0.1248820516 
 0.1301796806 0.1277030780 0.1250835072 
 0.1303224541 0.1278754559 0.1252852849 
 0.1304653763 0.1280468039 0.1254849983 
 0.1306067259 0.1282150378 0.1256801939 
 0.1307447471 0.1283780443 0.1258683922 
 0.1308776787 0.1285337187 0.1260471322 
 0.1310037870 0.1286800034 0.1262140182 
 0.1311213982 0.1288149282 0.1263667675 
 0.1312289311 0.1289366500 0.1265032577 
 0.1313249292 0.1290434904 0.1266215716 
 0.1314080897 0.1291339713 0.1267200386 
 0.1314772908 0.1292068458 0.1267972709 
 0.1315316139 0.1292611242 0.1268521937 
 0.1315703617 0.1292960947 0.1268840684 
 0.1315930714 0.1293113367 0.1268925068 
 0.1315995222 0.1293067280 0.1268774787 
 0.1315897364 0.1292824444 0.1268393087 
 0.1315639762 0.1292389522 0.1267786661 
 0.1315227332 0.1291769946 0.1266965463 
 0.1314667144 0.1290975712 0.1265942445 
 0.1313968226 0.1290019122 0.1264733232 
 0.1313141333 0.1288914485 0.1263355747 
 0.1312198688 0.1287677780 0.1261829792 
 0.1311153697 0.1286326300 0.1260176612 
 0.1310020661 0.1284878281 0.1258418441 
 0.1308814478 0.1283352538 0.1256578060 
 0.1307550361 0.1281768112 0.1254678373 
 0.1306243571 0.1280143945 0.1252742014 
 0.1304909169 0.1278498577 0.1250790996 
 0.1303561805 0.1276849899 0.1248846417 
 0.1302215540 0.1275214938 0.1246928210 
 0.1300883705 0.1273609693 0.1245054968 
 0.1299578792 0.1272049023 0.1243243810 
 0.1298312393 0.1270546574 0.1241510319 
 0.1297095163 0.1269114750 0.1239868521 
 0.1295936821 0.1267764728 0.1238330910 
 0.1294846170 0.1266506496 0.1236908516 
 0.1293831143 0.1265348914 0.1235610991 
 0.1292898858 0.1264299798 0.1234446720 
 0.1292055686 0.1263366009 0.1233422937 
 0.1291307315 0.1262553540 0.1232545843 
 0.1290658815 0.1261867602 0.1231820715 
 0.1290114692 0.1261312696 0.1231252000 
 0.1289678927 0.1260892668 0.1230843388 
 0.1289355004 0.1260610745 0.1230597860 
 0.1289145909 0.1260469542 0.1230517701 
 0.1289054120 0.1260471052 0.1230604493 
 0.1289081566 0.1260616603 0.1230859067 
 0.1289229571 0.1260906793 0.1231281427 
 0.1289498778 0.1261341404 0.1231870655 
 0.1289889060 0.1261919295 0.1232624782 
 0.1290399410 0.1262638281 0.1233540647 
 0.1291027838 0.1263495009 0.1234613752 
 0.1291771254 0.1264484823 0.1235838101 
 0.1292625364 0.1265601644 0.1237206060 
 0.1293584571 0.1266837861 0.1238708224 
 0.1294641899 0.1268184238 0.1240333316 
 0.1295788939 0.1269629865 0.1242068120 
 0.1297015824 0.1271162132 0.1243897453 
 0.1298311243 0.1272766754 0.1245804202 
 0.1299662492 0.1274427842 0.1247769405 
 0.1301055566 0.1276128028 0.1249772405 
 0.1302475302 0.1277848644 0.1251791064 
 0.1303905555 0.1279569944 0.1253802034 
 0.1305329419 0.1281271388 0.1255781098 
 0.1306729491 0.1282931960 0.1257703550 
 0.1308088151 0.1284530521 0.1259544629 
 0.1309387877 0.1286046195 0.1261279968 
 0.1310611570 0.1287458764 0.1262886078 
 0.1311742883 0.1288749066 0.1264340817 
 0.1312766542 0.1289899389 0.1265623859 
 0.1313668660 0.1290893834 0.1266717122 
 0.1314437015 0.1291718653 0.1267605168 
 0.1315061303 0.1292362538 0.1268275533 
 0.1315533340 0.1292816855 0.1268718999 
 0.1315847224 0.1293075816 0.1268929784 
 0.1315999438 0.1293136590 0.1268905659 
 0.1315988898 0.1292999336 0.1268647964 
 0.1315816941 0.1292667163 0.1268161557 
 0.1315487260 0.1292146035 0.1267454662 
 0.1315005788 0.1291444593 0.1266538652 
 0.1314380520 0.1290573930 0.1265427754 
 0.1313621310 0.1289547311 0.1264138701 
 0.1312739622 0.1288379857 0.1262690334 
 0.1311748257 0.1287088197 0.1261103174 
 0.1310661068 0.1285690098 0.1259398973 
 0.1309492663 0.1284204108 0.1257600269 
 0.1308258117 0.1282649184 0.1255729946 
 0.1306972694 0.1281044356 0.1253810827 
 0.1305651586 0.1279408410 0.1251865296 
 0.1304309686 0.1277759614 0.1249914973 
 0.1302961390 0.1276115479 0.1247980441 
 0.1301620433 0.1274492572 0.1246081031 
 0.1300299767 0.1272906375 0.1244234664 
 0.1299011472 0.1271371189 0.1242457754 
 0.1297766707 0.1269900086 0.1240765160 
 0.1296575693 0.1268504899 0.1239170194 
 0.1295447719 0.1267196248 0.1237684664 
 0.1294391179 0.1265983588 0.1236318948 
 0.1293413621 0.1264875287 0.1235082099 
 0.1292521809 0.1263878707 0.1233981955 
 0.1291721790 0.1263000298 0.1233025257 
 0.1291018960 0.1262245680 0.1232217768 
 0.1290418120 0.1261619730 0.1231564370 
 0.1289923532 0.1261126640 0.1231069155 
 0.1289538945 0.1260769968 0.1230735479 
 0.1289267614 0.1260552658 0.1230566002 
 0.1289112294 0.1260477042 0.1230562690 
 0.1289075216 0.1260544813 0.1230726785 
 0.1289158039 0.1260756972 0.1231058747 
 0.1289361785 0.1261113754 0.1231558169 
 0.1289686753 0.1261614527 0.1232223666 
 0.1290132425 0.1262257688 0.1233052737 
 0.1290697355 0.1263040528 0.1234041623 
 0.1291379061 0.1263959109 0.1235185154 
 0.1292173910 0.1265008136 0.1236476597 
 0.1293077020 0.1266180834 0.1237907516 
 0.1294082168 0.1267468853 0.1239467655 
 0.1295181722 0.1268862193 0.1241144847 
 0.1296366604 0.1270349160 0.1242924970 
 0.1297626278 0.1271916366 0.1244791945 
 0.1298948785 0.1273548776 0.1246727794 
 0.1300320807 0.1275229803 0.1248712752 
 0.1301727788 0.1276941456 0.1250725449 
 0.1303154088 0.1278664540 0.1252743155 
 0.1304583186 0.1280378910 0.1254742078 
 0.1305997914 0.1282063765 0.1256697728 
 0.1307380735 0.1283697989 0.1258585322 
 0.1308714037 0.1285260522 0.1260380224 
 0.1309980456 0.1286730742 0.1262058419 
 0.1311163202 0.1288088873 0.1263596983 
 0.1312246384 0.1289316377 0.1264974558 
 0.1313215336 0.1290396339 0.1266171806 
 0.1314056907 0.1291313814 0.1267171823 
 0.1314759733 0.1292056152 0.1267960508 
 0.1315314468 0.1292613252 0.1268526868 
 0.1315713965 0.1292977780 0.1268863253 
 0.1315953415 0.1293145305 0.1268965514 
 0.1316030420 0.1293114374 0.1268833072 
 0.1315945019 0.1292886518 0.1268468904 
 0.1315699647 0.1292466180 0.1267879444 
 0.1315299047 0.1291860583 0.1267074401 
 0.1314750127 0.1291079530 0.1266066504 
 0.1314061766 0.1290135153 0.1264871181 
 0.1313244592 0.1289041612 0.1263506188 
 0.1312310717 0.1287814767 0.1261991193 
 0.1311273463 0.1286471814 0.1260347339 
 0.1310147064 0.1285030925 0.1258596793 
 0.1308946377 0.1283510876 0.1256762303 
 0.1307686595 0.1281930696 0.1254866770 
 0.1306382974 0.1280309337 0.1252932855 
 0.1305050594 0.1278665375 0.1250982623 
 0.1303704138 0.1277016751 0.1249037244 
 0.1302357712 0.1275380559 0.1247116743 
 0.1301024699 0.1273772877 0.1245239814 
 0.1299717655 0.1272208647 0.1243423687 
 0.1298448239 0.1270701606 0.1241684059 
 0.1297227174 0.1269264251 0.1240035070 
 0.1296064245 0.1267907847 0.1238489329 
 0.1294968324 0.1266642468 0.1237057971 
 0.1293947404 0.1265477057 0.1235750748 
 0.1293008663 0.1264419504 0.1234576135 
 0.1292158525 0.1263476738 0.1233541449 
 0.1291402728 0.1262654816 0.1232652965 
 0.1290746385 0.1261959004 0.1231916028 
 0.1290194045 0.1261393857 0.1231335145 
 0.1289749728 0.1260963268 0.1230914062 
 0.1289416955 0.1260670511 0.1230655812 
 0.1289198752 0.1260518250 0.1230562736 
 0.1289097638 0.1260508527 0.1230636471 
 0.1289115586 0.1260642723 0.1230877906 
 0.1289253971 0.1260921496 0.1231287117 
 0.1289513493 0.1261344696 0.1231863258 
 0.1289894089 0.1261911257 0.1232604447 
 0.1290394825 0.1262619083 0.1233507624 
 0.1291013792 0.1263464913 0.1234568396 
 0.1291747993 0.1264444200 0.1235780891 
 0.1292593229 0.1265550981 0.1237137607 
 0.1293544011 0.1266777765 0.1238629281 
 0.1294593474 0.1268115450 0.1240244786 
 0.1295733324 0.1269553256 0.1241971056 
 0.1296953809 0.1271078707 0.1243793065 
 0.1298243732 0.1272677648 0.1245693847 
 0.1299590496 0.1274334315 0.1247654582 
 0.1300980198 0.1276031452 0.1249654741 
 0.1302397760 0.1277750486 0.1251672293 
 0.1303827112 0.1279471750 0.1253683979 
 0.1305251402 0.1281174761 0.1255665640 
 0.1306653260 0.1282838529 0.1257592598 
 0.1308015076 0.1284441919 0.1259440085 
 0.1309319315 0.1285964026 0.1261183695 
 0.1310548839 0.1287384570 0.1262799857 
 0.1311687234 0.1288684302 0.1264266316 
 0.1312719138 0.1289845386 0.1265562594 
 0.1313630550 0.1290851778 0.1266670430 
 0.1314409114 0.1291689557 0.1267574171 
 0.1315044373 0.1292347221 0.1268261120 
 0.1315527977 0.1292815925 0.1268721803 
 0.1315853844 0.1293089664 0.1268950174 
 0.1316018274 0.1293165375 0.1268943727 
 0.1316019994 0.1293042988 0.1268703534 
 0.1315860156 0.1292725390 0.1268234184 
 0.1315542275 0.1292218328 0.1267543649 
 0.1315072115 0.1291530244 0.1266643069 
 0.1314457517 0.1290672049 0.1265546460 
 0.1313708198 0.1289656850 0.1264270374 
 0.1312835502 0.1288499634 0.1262833501 
 0.1311852137 0.1287216920 0.1261256244 
 0.1310771877 0.1285826400 0.1259560273 
 0.1309609282 0.1284346569 0.1257768077 
 0.1308379394 0.1282796359 0.1255902523 
 0.1307097468 0.1281194803 0.1253986446 
 0.1305778705 0.1279560711 0.1252042272 
 0.1304438025 0.1277912395 0.1250091686 
 0.1303089863 0.1276267426 0.1248155354 
 0.1301748005 0.1274642445 0.1246252704 
 0.1300425464 0.1273053018 0.1244401767 
 0.1299134386 0.1271513534 0.1242619068 
 0.1297885998 0.1270037158 0.1240919585 
 0.1296690588 0.1268635815 0.1239316745 
 0.1295557516 0.1267320213 0.1237822465 
 0.1294495240 0.1266099892 0.1236447228 
 0.1293511368 0.1264983299 0.1235200182 
 0.1292612722 0.1263977870 0.1234089253 
 0.1291805400 0.1263090117 0.1233121261 
 0.1291094843 0.1262325722 0.1232302039 
 0.1290485898 0.1261689616 0.1231636533 
 0.1289982864 0.1261186041 0.1231128891 
 0.1289589530 0.1260818601 0.1230782527 
 0.1289309188 0.1260590288 0.1230600151 
 0.1289144634 0.1260503482 0.1230583784 
 0.1289098138 0.1260559926 0.1230734725 
 0.1289171408 0.1260760678 0.1231053498 
 0.1289365517 0.1261106034 0.1231539766 
 0.1289680825 0.1261595435 0.1232192223 
 0.1290116880 0.1262227356 0.1233008462 
 0.1290672313 0.1262999179 0.1233984825 
 0.1291344726 0.1263907067 0.1235116257 
 0.1292130580 0.1264945833 0.1236396152 
 0.1293025095 0.1266108822 0.1237816210 
 0.1294022153 0.1267387811 0.1239366318 
 0.1295114237 0.1268772927 0.1241034462 
 0.1296292380 0.1270252610 0.1242806672 
 0.1297546162 0.1271813604 0.1244667021 
 0.1298863731 0.1273440999 0.1246597673 
 0.1300231873 0.1275118326 0.1248578998 
 0.1301636126 0.1276827696 0.1250589745 
 0.1303060928 0.1278550003 0.1252607279 
 0.1304489820 0.1280265164 0.1254607882 
 0.1305905678 0.1281952424 0.1256567106 
 0.1307290985 0.1283590679 0.1258460177 
 0.1308628127 0.1285158852 0.1260262436 
 0.1309899711 0.1286636278 0.1261949804 
 0.1311088893 0.1288003105 0.1263499260 
 0.1312179706 0.1289240688 0.1264889313 
 0.1313157379 0.1290331975 0.1266100456 
 0.1314008638 0.1291261862 0.1267115586 
 0.1314721975 0.1292017512 0.1267920378 
 0.1315287882 0.1292588625 0.1268503591 
 0.1315699039 0.1292967648 0.1268857315 
 0.1315950456 0.1293149924 0.1268977130 
 0.1316039548 0.1293133773 0.1268862181 
 0.1315966167 0.1292920496 0.1268515177 
 0.1315732568 0.1292514319 0.1267942291 
 0.1315343321 0.1291922257 0.1267152988 
 0.1314805172 0.1291153921 0.1266159776 
 0.1314126857 0.1290221275 0.1264977888 
 0.1313318877 0.1289138335 0.1263624914 
 0.1312393239 0.1287920840 0.1262120390 
 0.1311363180 0.1286585896 0.1260485360 
 0.1310242875 0.1285151610 0.1258741927 
 0.1309047140 0.1283636726 0.1256912808 
 0.1307791151 0.1282060261 0.1255020906 
 0.1306490168 0.1280441185 0.1253088910 
 0.1305159290 0.1278798109 0.1251138943 
 