0.0569401418 0.0616787294 0.0669936344 
 0.0601521771 0.0650207131 0.0704232121 
 0.0636049866 0.0685870656 0.0740546174 
 0.0672641837 0.0723379835 0.0778435804 
 0.0710852986 0.0762245758 0.0817382057 
 0.0750147969 0.0801903824 0.0856808789 
 0.0789920385 0.0841737037 0.0896107860 
 0.0829520012 0.0881104827 0.0934667441 
 0.0868284408 0.0919373740 0.0971899795 
 0.0905570661 0.0955945956 0.1007265080 
 0.0940783191 0.0990282208 0.1040288651 
 0.0973394461 0.1021916927 0.1070570672 
 0.1002957044 0.1050465011 0.1097788253 
 0.1029107141 0.1075621046 0.1121691390 
 0.1051560981 0.1097152750 0.1142094584 
 0.1070106285 0.1114890843 0.1158866148 
 0.1084591160 0.1128717460 0.1171916965 
 0.1094912549 0.1138554861 0.1181190064 
 0.1101005888 0.1144355725 0.1186651925 
 0.1102837113 0.1146095831 0.1188286068 
 0.1100397719 0.1143769603 0.1186089198 
 0.1093703219 0.1137388733 0.1180070016 
 0.1082795099 0.1126983931 0.1170250722 
 0.1067746116 0.1112609710 0.1156671171 
 0.1048668540 0.1094351956 0.1139395512 
 0.1025724562 0.1072337744 0.1118521019 
 0.0999137666 0.1046746546 0.1094188495 
 0.0969203252 0.1017821471 0.1066593284 
 0.0936296361 0.0985878762 0.1035995500 
 0.0900874196 0.0951313436 0.1002727666 
 0.0863471381 0.0914598963 0.0967197838 
 0.0824686733 0.0876279352 0.0929886426 
 0.0785161712 0.0836953060 0.0891335604 
 0.0745552307 0.0797249522 0.0852131326 
 0.0706497633 0.0757800660 0.0812879274 
 0.0668589316 0.0719210849 0.0774177407 
 0.0632345683 0.0682029247 0.0736588494 
 0.0598193788 0.0646727990 0.0700616166 
 0.0566460755 0.0613688511 0.0666687257 
 0.0537374244 0.0583196755 0.0635142049 
 0.0511070516 0.0555446573 0.0606232559 
 0.0487607834 0.0530549530 0.0580127888 
 0.0466982744 0.0508548909 0.0556924799 
 0.0449147106 0.0489435664 0.0536661488 
 0.0434024272 0.0473164509 0.0519332599 
 0.0421523404 0.0459668808 0.0504903930 
 0.0411551444 0.0448873498 0.0493325778 
 0.0404022643 0.0440705693 0.0484544290 
 0.0398865780 0.0435102930 0.0478510555 
 0.0396029316 0.0432019188 0.0475187400 
 0.0395484753 0.0431428872 0.0474553969 
 0.0397228404 0.0433328929 0.0476608181 
 0.0401281701 0.0437739219 0.0481367157 
 0.0407690062 0.0444701145 0.0488865612 
 0.0416520221 0.0454274464 0.0499152155 
 0.0427855841 0.0466532113 0.0512283385 
 0.0441791142 0.0481552856 0.0528315671 
 0.0458422274 0.0499411549 0.0547294589 
 0.0477836231 0.0520167008 0.0569242154 
 0.0500097290 0.0543847640 0.0594142333 
 0.0525231274 0.0570435465 0.0621925710 
 0.0553208435 0.0599849611 0.0652454694 
 0.0583926351 0.0631930974 0.0685511116 
 0.0617194801 0.0666430188 0.0720788325 
 0.0652725061 0.0703001239 0.0757889808 
 0.0690126066 0.0741202826 0.0796335777 
 0.0728909416 0.0780508676 0.0835578084 
 0.0768504002 0.0820326697 0.0875022418 
 0.0808279454 0.0860025228 0.0914055375 
 0.0847575874 0.0898963216 0.0952072975 
 0.0885736046 0.0936520396 0.0988506998 
 0.0922135832 0.0972123579 0.1022846018 
 0.0956209006 0.1005266160 0.1054649216 
 0.0987464059 0.1035519378 0.1083552441 
 0.1015492220 0.1062535426 0.1109267275 
 0.1039967445 0.1086043745 0.1131574729 
 0.1060640246 0.1105842541 0.1150315555 
 0.1077327681 0.1121787734 0.1165379101 
 0.1089901805 0.1133781321 0.1176692302 
 0.1098278498 0.1141760688 0.1184209969 
 0.1102408100 0.1145689922 0.1187907101 
 0.1102268759 0.1145553782 0.1187773625 
 0.1097863031 0.1141354642 0.1183811765 
 0.1089217959 0.1133112563 0.1176036103 
 0.1076388600 0.1120868460 0.1164476309 
 0.1059464749 0.1104690217 0.1149182471 
 0.1038580306 0.1084681379 0.1130232801 
 0.1013924303 0.1060991745 0.1107743279 
 0.0985752177 0.1033828781 0.1081878493 
 0.0954395340 0.1003468309 0.1052862482 
 0.0920266789 0.0970262494 0.1020988009 
 0.0883860500 0.0934642981 0.0986622369 
 0.0845742850 0.0897117225 0.0950207785 
 0.0806535440 0.0858256804 0.0912254902 
 0.0766890196 0.0818677731 0.0873328706 
 0.0727459273 0.0779014295 0.0834027494 
 0.0688863481 0.0739889382 0.0794956863 
 0.0651663433 0.0701885053 0.0756701808 
 0.0616337057 0.0665517203 0.0719800468 
 0.0583265837 0.0631217308 0.0684722799 
 0.0552730478 0.0599322849 0.0651856444 
 0.0524915126 0.0570076459 0.0621500745 
 0.0499918195 0.0543632535 0.0593868474 
 0.0477767391 0.0520069267 0.0569093837 
 0.0458436572 0.0499403797 0.0547244784 
 0.0441862553 0.0481608437 0.0528337571 
 0.0427960512 0.0466626327 0.0512351796 
 0.0416637261 0.0454385493 0.0499244580 
 0.0407802084 0.0444810715 0.0488963047 
 0.0401375176 0.0437833042 0.0481454648 
 0.0397293876 0.0433396985 0.0476675193 
 0.0395516963 0.0431465573 0.0474594604 
 0.0396027260 0.0432023460 0.0475200510 
 0.0398832719 0.0435078225 0.0478499761 
 0.0403966070 0.0440659943 0.0484517917 
 0.0411482994 0.0448818995 0.0493296689 
 0.0421458696 0.0459621984 0.0504889232 
 0.0433982624 0.0473145579 0.0519353191 
 0.0449151098 0.0489468084 0.0536741386 
 0.0467057562 0.0508658586 0.0557090203 
 0.0487780340 0.0530763749 0.0580405949 
 0.0511368004 0.0555792594 0.0606649834 
 0.0537822874 0.0583700112 0.0635722685 
 0.0567083691 0.0614371053 0.0667451009 
 0.0599009153 0.0647605831 0.0701576398 
 0.0633364514 0.0683110807 0.0737750413 
 0.0669813762 0.0720495267 0.0775536757 
 0.0707919680 0.0759276833 0.0814421746 
 0.0747153283 0.0798895975 0.0853832802 
 0.0786912729 0.0838738752 0.0893163277 
 0.0826550074 0.0878165334 0.0931800647 
 0.0865402678 0.0916540688 0.0969154453 
 0.0902825092 0.0953263393 0.1004680520 
 0.0938217297 0.0987789088 0.1037898806 
 0.0971046027 0.1019646245 0.1068403615 
 0.1000857517 0.1048443572 0.1095866272 
 0.1027281636 0.1073869749 0.1120031471 
 0.1050028759 0.1095687243 0.1140709156 
 0.1068881525 0.1113722373 0.1157763938 
 0.1083683849 0.1127853764 0.1171103840 
 0.1094329335 0.1138000988 0.1180669773 
 0.1100750796 0.1144114694 0.1186426689 
 0.1102912049 0.1146169089 0.1188356978 
 0.1100802721 0.1144157256 0.1186456408 
 0.1094436444 0.1138089528 0.1180732736 
 0.1083852534 0.1127995003 0.1171206998 
 0.1069121048 0.1113926100 0.1157917463 
 0.1050350816 0.1095965920 0.1140926091 
 0.1027699717 0.1074237928 0.1120327205 
 0.1001386037 0.1048917077 0.1096257803 
 0.0971699217 0.1020241116 0.1068908573 
 0.0939007891 0.0988520293 0.1038534228 
 0.0903762897 0.0954143372 0.1005461431 
 0.0866493152 0.0917577849 0.0970092332 
 0.0827793116 0.0879362667 0.0932901935 
 0.0788301836 0.0840092755 0.0894428105 
 0.0748675256 0.0800396073 0.0855254130 
 0.0709554927 0.0760905403 0.0815985073 
 0.0671537178 0.0722228290 0.0777220464 
 0.0635146810 0.0684919063 0.0739526714 
 0.0600818432 0.0649456465 0.0703412779 
 0.0568887067 0.0616229295 0.0669311938 
 0.0539587941 0.0585530934 0.0637571391 
 0.0513064036 0.0557562155 0.0608449951 
 0.0489379158 0.0532440505 0.0582122886 
 0.0468534076 0.0510214062 0.0558692170 
 0.0450483558 0.0490877309 0.0538200072 
 0.0435152665 0.0474387261 0.0520644130 
 0.0422451225 0.0460678487 0.0505991929 
 0.0412286008 0.0449676202 0.0494194577 
 0.0404570430 0.0441307054 0.0485198224 
 0.0399231951 0.0435507552 0.0478953333 
 0.0396217381 0.0432230252 0.0475421652 
 0.0395496364 0.0431447891 0.0474580961 
 0.0397063272 0.0433155642 0.0476427693 
 0.0400937619 0.0437371624 0.0480977514 
 0.0407163044 0.0444135657 0.0488263875 
 0.0415804762 0.0453506230 0.0498334475 
 0.0426945320 0.0465555476 0.0511245530 
 0.0440678384 0.0480361996 0.0527053736 
 0.0457100292 0.0498001316 0.0545805879 
 0.0476299164 0.0518533925 0.0567526230 
 0.0498341521 0.0541991070 0.0592202161 
 0.0523256693 0.0568358867 0.0619768835 
 0.0551019769 0.0597561786 0.0650094316 
 0.0581534430 0.0629447156 0.0682966913 
 0.0614617592 0.0663772792 0.0718086857 
 0.0649988277 0.0700200112 0.0755064369 
 0.0687263172 0.0738294842 0.0793425606 
 0.0725960912 0.0777536635 0.0832626957 
 0.0765515986 0.0817337591 0.0872076762 
 0.0805301570 0.0857068061 0.0911162104 
 0.0844658910 0.0896086655 0.0949277358 
 0.0882929487 0.0933770560 0.0985850796 
 0.0919485700 0.0969542246 0.1020366122 
 0.0953756224 0.1002889558 0.1052376860 
 0.0985243483 0.1033377622 0.1081512994 
 0.1013532320 0.1060652535 0.1107480526 
 0.1038290555 0.1084438121 0.1130055501 
 0.1059263193 0.1104527727 0.1149074516 
 0.1076262631 0.1120773298 0.1164423622 
 0.1089157144 0.1133073724 0.1176027260 
 0.1097859635 0.1141364031 0.1183838420 
 0.1102318087 0.1145606522 0.1187830780 
 0.1102508677 0.1145784517 0.1187993250 
 0.1098432122 0.1141899071 0.1184327140 
 0.1090113479 0.1133968793 0.1176846007 
 0.1077605414 0.1122032787 0.1165578181 
 0.1060994695 0.1106156540 0.1150571902 
 0.1040411382 0.1086440438 0.1131902850 
 0.1016039771 0.1063030241 0.1109683660 
 0.0988129711 0.1036128484 0.1084074703 
 0.0957006387 0.1006005287 0.1055294983 
 0.0923076325 0.0973006629 0.1023631600 
 0.0886827344 0.0937557944 0.0989445888 
 0.0848820643 0.0900161041 0.0953174311 
 0.0809674290 0.0861383056 0.0915322529 
 0.0770038853 0.0821837362 0.0876451906 
 0.0730567591 0.0782157831 0.0837158972 
 0.0691884845 0.0742969294 0.0798049713 
 0.0654556835 0.0704857968 0.0759711682 
 0.0619068561 0.0668345666 0.0722687503 
 0.0585809323 0.0633870921 0.0687453056 
 0.0555067660 0.0601778704 0.0654402738 
 0.0527034957 0.0572318921 0.0623842833 
 0.0501815843 0.0545652511 0.0595992680 
 0.0479442973 0.0521863127 0.0570992256 
 0.0459893823 0.0500972131 0.0548914217 
 0.0443107544 0.0482954790 0.0529778352 
 0.0429000524 0.0467756027 0.0513566635 
 0.0417479830 0.0455304623 0.0500237510 
 0.0408454245 0.0445525273 0.0489738520 
 0.0401842888 0.0438348278 0.0482016808 
 0.0397581604 0.0433716919 0.0477027326 
 0.0395627410 0.0431592670 0.0474738766 
 0.0395961216 0.0431958449 0.0475137317 
 0.0398589027 0.0434820058 0.0478228335 
 0.0403541703 0.0440205885 0.0484035992 
 0.0410873249 0.0448164852 0.0492600872 
 0.0420657512 0.0458762481 0.0503975440 
 0.0432983060 0.0472074910 0.0518217257 
 0.0447945974 0.0488180635 0.0535379853 
 0.0465640290 0.0507149848 0.0555501282 
 0.0486145947 0.0529031402 0.0578590622 
 0.0509514323 0.0553837727 0.0604613027 
 0.0535751850 0.0581528484 0.0633474412 
 0.0564802700 0.0611994293 0.0665007351 
 0.0596532184 0.0645042387 0.0698960157 
 0.0630713031 0.0680386494 0.0734991273 
 0.0667017055 0.0717643222 0.0772670846 
 0.0705014548 0.0756336794 0.0811490558 
 0.0744182978 0.0795912875 0.0850881545 
 0.0783925216 0.0835760749 0.0890238830 
 0.0823595784 0.0875241519 0.0928949374 
 0.0862532042 0.0913718761 0.0966420172 
 0.0900086196 0.0950587623 0.1002102847 
 0.0935653937 0.0985298772 0.1035512056 
 0.0968696375 0.1017374795 0.1066236288 
 0.0998753458 0.1046418234 0.1093941088 
 0.1025448730 0.1072111853 0.1118365820 
 0.1048486686 0.1094212829 0.1139315827 
 0.1067644837 0.1112543026 0.1156651961 
 0.1082762846 0.1126977504 0.1170279330 
 0.1093730928 0.1137433089 0.1180136681 
 0.1100479228 0.1143858362 0.1186187395 
 0.1102969416 0.1146225932 0.1188412704 
 0.1101189245 0.1144527526 0.1186807433 
 0.1095150471 0.1138772128 0.1181378394 
 0.1084890273 0.1128987247 0.1172145479 
 0.1070476053 0.1115223248 0.1159145409 
 0.1052013260 0.1097560508 0.1142437999 
 0.1029655534 0.1076118940 0.1122114683 
 0.1003616028 0.1051069054 0.1098308722 
 0.0974178276 0.1022643298 0.1071206204 
 0.0941704528 0.0991145962 0.1041056499 
 0.0906639233 0.0956959567 0.1008180433 
 0.0869505537 0.0920545592 0.0972974240 
 0.0830893414 0.0882437828 0.0935907461 
 0.0791439338 0.0843227542 0.0897513552 
 0.0751799019 0.0803541052 0.0858372998 
 0.0712616255 0.0764011814 0.0819090078 
 0.0674491917 0.0725250377 0.0780265726 
 0.0637957163 0.0687816099 0.0742469847 
 0.0603454095 0.0652194239 0.0706216606 
 0.0571325627 0.0618780923 0.0671945657 
 0.0541814592 0.0587876979 0.0640011103 
 0.0515070764 0.0559690150 0.0610678570 
 0.0491163581 0.0534344044 0.0584129551 
 0.0470098133 0.0511891620 0.0560471306 
 0.0451832191 0.0492330980 0.0539750256 
 0.0436292601 0.0475621528 0.0521966920 
 0.0423389931 0.0461699111 0.0507090746 
 0.0413030829 0.0450489281 0.0495073718 
 0.0405127920 0.0441918268 0.0485862037 
 0.0399607373 0.0435921585 0.0479405581 
 0.0396414362 0.0432450389 0.0475665045 
 0.0395516685 0.0431475758 0.0474616858 
 0.0396906771 0.0432991095 0.0476255969 
 0.0400602208 0.0437012763 0.0480596579 
 0.0406644838 0.0443578987 0.0487670854 
 0.0415098331 0.0452746951 0.0497525546 
 0.0426044078 0.0464587942 0.0510216445 
 0.0439575138 0.0479180344 0.0525800511 
 0.0455787973 0.0496600276 0.0544325668 
 0.0474771747 0.0516909818 0.0565818358 
 0.0496595130 0.0540142966 0.0590269270 
 0.0521290856 0.0566289833 0.0617618060 
 0.0548838752 0.0595280141 0.0647738374 
 0.0579148509 0.0626967576 0.0680424949 
 0.0612044116 0.0661117101 0.0715384892 
 0.0647252315 0.0697397569 0.0752235189 
 0.0684397573 0.0735381789 0.0790508029 
 0.0723005649 0.0774555454 0.0829664468 
 0.0762516763 0.0814335011 0.0869115646 
 0.0802307818 0.0854092996 0.0908249305 
 0.0841721395 0.0893187861 0.0946458320 
 0.0880097855 0.0930994401 0.0983167582 
 0.0916806280 0.0966930856 0.1017855996 
 0.0951270348 0.1000479587 0.1050071459 
 0.0982986456 0.1031199614 0.1079438083 
 0.1011533062 0.1058730914 0.1105656236 
 0.1036571801 0.1082791632 0.1128496937 
 0.1057842108 0.1103170184 0.1147792551 
 0.1075151638 0.1119714461 0.1163425755 
 0.1088364816 0.1132320172 0.1175318431 
 0.1097391502 0.1140919927 0.1183421694 
 0.1102177275 0.1145474197 0.1187707860 
 0.1102696324 0.1145964845 0.1188164806 
 0.1098947525 0.1142391603 0.1184792920 
 0.1090953977 0.1134771653 0.1177604750 
 0.1078766007 0.1123142330 0.1166627325 
 0.1062467436 0.1107566793 0.1151907092 
 0.1042184576 0.1088142354 0.1133517271 
 0.1018097095 0.1065010837 0.1111567245 
 0.0990449361 0.1038369953 0.1086213271 
 0.0959560421 0.1008484221 0.1057669421 
 0.0925830389 0.0975693515 0.1026217216 
 0.0889740937 0.0940417100 0.0992212101 
 0.0851848040 0.0903151129 0.0956084807 
 0.0812766121 0.0864458236 0.0918335984 
 0.0773144235 0.0824949037 0.0879523303 
 0.0733636556 0.0785256825 0.0840241410 
 0.0694870765 0.0746008203 0.0801096525 
 0.0657418508 0.0707793364 0.0762678603 
 0.0621771725 0.0671139892 0.0725534597 
 0.0588327442 0.0636493262 0.0690146186 
 0.0557381989 0.0604205866 0.0656914430 
 0.0529133995 0.0574534861 0.0626152505 
 0.0503694337 0.0547647736 0.0598086306 
 0.0481100673 0.0523633642 0.0572861589 
 0.0461334154 0.0502518212 0.0550555753 
 0.0444336334 0.0484279725 0.0531192164 
 0.0430024865 0.0468864938 0.0514755220 
 0.0418307120 0.0456203437 0.0501204733 
 0.0409091423 0.0446219872 0.0490488701 
 0.0402295843 0.0438843828 0.0482553994 
 0.0397854759 0.0434017381 0.0477354730 
 0.0395723437 0.0431700465 0.0474858388 
 0.0395880882 0.0431874271 0.0475049724 
 0.0398331153 0.0434542822 0.0477932599 
 0.0403103232 0.0439732810 0.0483529788 
 0.0410249429 0.0447491681 0.0491880733 
 0.0419842210 0.0457883852 0.0503037178 
 0.0431969227 0.0470984889 0.0517056565 
 0.0446726272 0.0486873432 0.0533993086 
 0.0464207916 0.0505620722 0.0553886410 
 0.0484495640 0.0527277733 0.0576748325 
 0.0507643553 0.0551860233 0.0602547870 
 0.0533662122 0.0579332493 0.0631196005 
 0.0562500880 0.0609590946 0.0662531341 
 0.0594031700 0.0642449626 0.0696308912 
 0.0628034773 0.0677629635 0.0732194082 
 0.0664189767 0.0714754966 0.0769763524 
 0.0702074566 0.0753356545 0.0808514401 
 0.0741173226 0.0792885376 0.0847881707 
 0.0780893496 0.0832734138 0.0887262286 
 0.0820592554 0.0872265032 0.0926042726 
 0.0859607942 0.0910840397 0.0963627579 
 0.0897289667 0.0947852052 0.0999464336 
 0.0933029231 0.0982745748 0.1033062364 
 0.0966282161 0.1015038192 0.1064004311 
 0.0996582105 0.1044325714 0.1091949874 
 0.1023546224 0.1070285086 0.1116633006 
 0.1046873049 0.1092668100 0.1137854346 
 0.1066334861 0.1111292062 0.1155470895 
 0.1081766979 0.1126028373 0.1169384760 
 0.1093056138 0.1136791037 0.1179532451 
 0.1100129755 0.1143526504 0.1185875726 
 0.1102947311 0.1146205747 0.1188394629 
 0.1101494670 0.1144819126 0.1187083025 
 0.1095781734 0.1139374288 0.1181946792 
 0.1085843589 0.1129897194 0.1173004712 
 0.1071745063 0.1116436221 0.1160292006 
 0.1053588332 0.1099069117 0.1143866430 
 0.1031522923 0.1077912361 0.1123816627 
 0.1005756993 0.1053132151 0.1100272243 
 0.0976568308 0.1024955776 0.1073414901 
 0.0944312853 0.0993681701 0.1043488759 
 0.0909428766 0.0959686307 0.1010808927 
 0.0872433442 0.0923425124 0.0975765815 
 0.0833912326 0.0885426793 0.0938823551 
 0.0794499209 0.0846278861 0.0900511174 
 0.0754849401 0.0806605889 0.0861406301 
 0.0715608751 0.0767041848 0.0822112310 
 0.0677382468 0.0728200103 0.0783231394 
 0.0640707876 0.0690644859 0.0745336785 
 0.0606034422 0.0654867727 0.0708947697 
 0.0573712801 0.0621272031 0.0674510021 
 0.0543993394 0.0590165958 0.0642384652 
 0.0517032743 0.0561764177 0.0612843961 
 0.0492905933 0.0536196334 0.0586075628 
 0.0471622401 0.0513520287 0.0562192182 
 0.0453142962 0.0493737780 0.0541244210 
 0.0437396291 0.0476810636 0.0523235226 
 0.0424293741 0.0462676019 0.0508136566 
 0.0413741873 0.0451259849 0.0495901114 
 0.0405652553 0.0442487967 0.0486475154 
 0.0399950687 0.0436294918 0.0479807992 
 0.0396579833 0.0432630473 0.0475859290 
 0.0395505955 0.0431464067 0.0474604137 
 0.0396719544 0.0432787338 0.0476036003 
 0.0400236265 0.0436614897 0.0480167624 
 0.0406096155 0.0442983360 0.0487029872 
 0.0414361324 0.0451948594 0.0496668544 
 0.0425111981 0.0463581019 0.0509138977 
 0.0438440547 0.0477958766 0.0524498368 
 0.0454443563 0.0495158511 0.0542795745 
 0.0473211185 0.0515243879 0.0564059684 
 0.0494814173 0.0538251560 0.0588284154 
 0.0519288608 0.0564175623 0.0615413273 
 0.0546618994 0.0592951004 0.0645326257 
 0.0576720999 0.0624437733 0.0677824281 
 0.0609425672 0.0658407936 0.0712621368 
 0.0644467506 0.0694537957 0.0749341349 
 0.0681478824 0.0732407792 0.0787522553 
 0.0719992631 0.0771509307 0.0826630840 
 0.0759455046 0.0811263458 0.0866080300 
 0.0799246881 0.0851045139 0.0905259466 
 0.0838712237 0.0890212790 0.0943559824 
 0.0877190513 0.0928138927 0.0980402946 
 0.0914047584 0.0964237624 0.1015262955 
 0.0948702180 0.0997985756 0.1047682088 
 0.0980644664 0.1028936197 0.1077278507 
 0.1009447048 0.1056722715 0.1103746851 
 0.1034764690 0.1081057668 0.1126852997 
 0.1056331338 0.1101724423 0.1146424966 
 0.1073949794 0.1118566705 0.1162341963 
 0.1087480523 0.1131476943 0.1174523220 
 0.1096830261 0.1140385253 0.1182917909 
 0.1101942126 0.1145250224 0.1187496944 
 0.1102788284 0.1146052233 0.1188247139 
 0.1099365774 0.1142789688 0.1185167962 
 0.1091695771 0.1135478374 0.1178270976 
 0.1079826337 0.1124153915 0.1167581955 
 0.1063838437 0.1108877229 0.1153145623 
 0.1043854769 0.1089742670 0.1135032845 
 0.1020050518 0.1066888264 0.1113349868 
 0.0992664727 0.1040507049 0.1088248977 
 0.0962010455 0.1010858097 0.1059939460 
 0.0928481521 0.0978275320 0.1028697411 
 0.0892553522 0.0943171921 0.0994872511 
 0.0854777217 0.0906038451 0.0958889849 
 0.0815763323 0.0867433035 0.0921245107 
 0.0776159252 0.0827963459 0.0882492244 
 0.0736619913 0.0788262309 0.0843223949 
 0.0697776116 0.0748957784 0.0804046550 
 0.0660204729 0.0710643864 0.0765552242 
 0.0624404442 0.0673853716 0.0728292143 
 0.0590779859 0.0639039592 0.0692753568 
 0.0559635001 0.0606561185 0.0659344101 
 0.0531175679 0.0576682814 0.0628383705 
 0.0505518998 0.0549578470 0.0600104755 
 0.0482707626 0.0525342786 0.0574658752 
 0.0462726413 0.0504005667 0.0552127814 
 0.0445519354 0.0485548425 0.0532538887 
 0.0431005400 0.0469919678 0.0515878805 
 0.0419092271 0.0457049848 0.0502108763 
 0.0409687861 0.0446863564 0.0491177240 
 0.0402709224 0.0439289725 0.0483030846 
 0.0398089292 0.0434269219 0.0477622886 
 0.0395781600 0.0431760458 0.0474919638 
 0.0395763261 0.0431742916 0.0474904432 
 0.0398036393 0.0434218844 0.0477579643 
 0.0402628098 0.0439213237 0.0482966645 
 0.0409588985 0.0446772057 0.0491103731 
 0.0418990124 0.0456958601 0.0502041913 
 0.0430918223 0.0469847842 0.0515838495 
 0.0445468757 0.0485518533 0.0532548305 
 0.0462736786 0.0504042926 0.0552212599 
 0.0482805288 0.0525474080 0.0574845848 
 0.0505731048 0.0549831058 0.0600420952 
 0.0531528517 0.0577082709 0.0628853900 
 0.0560152553 0.0607131266 0.0659989352 
 0.0591481576 0.0639797570 0.0693589095 
 0.0625303254 0.0674810147 0.0729325484 
 0.0661305172 0.0711800456 0.0766781818 
 0.0699072913 0.0750306256 0.0805460871 
 0.0738097270 0.0789784044 0.0844801640 
 0.0777791055 0.0829630061 0.0884202933 
 0.0817514286 0.0869207770 0.0923051085 
 0.0856604860 0.0907878398 0.0960748287 
 0.0894410718 0.0945030520 0.0996737928 
 0.0930319244 0.0980104994 0.1030524069 
 0.0963780397 0.1012612617 0.1061683451 
 0.0994321482 0.1042143432 0.1089869828 
 0.1021553193 0.1068368111 0.1114811624 
 0.1045167979 0.1091032937 0.1136304659 
 0.1064932774 0.1109950542 0.1154201969 
 0.1080678432 0.1124988556 0.1168402563 
 0.1092288113 0.1136058068 0.1178840633 
 0.1099686427 0.1143103331 0.1185476262 
 0.1102830621 0.1146093642 0.1188288267 
 0.1101704656 0.1145017981 0.1187269543 
 0.1096316592 0.1139882669 0.1182425049 
 0.1086699477 0.1130712163 0.1173772485 
 0.1072915644 0.1117552925 0.1161345640 
 0.1055064105 0.1100480168 0.1145200289 
 0.1033290407 0.1079607066 0.1125422395 
 0.1007797863 0.1055095642 0.1102138113 
 0.0978858616 0.1027168175 0.1075524744 
 0.0946822513 0.0996117451 0.1045821379 
 0.0912121474 0.0962313826 0.1013337543 
 0.0875267176 0.0926206957 0.0978457925 
 0.0836840509 0.0888320356 0.0941641301 
 0.0797472478 0.0849237809 0.0903412300 
 0.0757817840 0.0809582009 0.0864345619 
 0.0718524296 0.0769987292 0.0825043634 
 0.0680201189 0.0731069657 0.0786109650 
 0.0643391816 0.0693397966 0.0748120061 
 0.0608552804 0.0657470016 0.0711598973 
 0.0576042516 0.0623696190 0.0676998366 
 0.0546118805 0.0592391939 0.0644685816 
 0.0518944956 0.0563778796 0.0614940356 
 0.0494601696 0.0537992427 0.0587955804 
 0.0473102837 0.0515095587 0.0563849942 
 0.0454412273 0.0495093682 0.0542677517 
 0.0438460554 0.0477950988 0.0524445058 
 0.0425159854 0.0463606013 0.0509125807 
 0.0414416691 0.0451985082 0.0496673574 
 0.0406142205 0.0443013677 0.0487034746 
 0.0400260066 0.0436625397 0.0480158083 
 0.0396712240 0.0432768652 0.0476002226 
 0.0395462870 0.0431411247 0.0474540941 
 0.0396500525 0.0432543065 0.0475766224 
 0.0399838945 0.0436176964 0.0479689350 
 0.0405516361 0.0442347952 0.0486339893 
 0.0413593312 0.0451110569 0.0495762682 
 0.0424148808 0.0462534344 0.0508012585 
 0.0437274600 0.0476697132 0.0523147013 
 0.0453067272 0.0493676129 0.0541216068 
 0.0471617925 0.0513536464 0.0562250426 
 0.0492999357 0.0536317480 0.0586247302 
 0.0517250941 0.0562017155 0.0613155257 
 0.0544361811 0.0590575612 0.0642859060 
 0.0574253575 0.0621859215 0.0675166342 
 0.0606764337 0.0655647272 0.0709798084 
 0.0641636371 0.0691623676 0.0746385045 
 0.0678509934 0.0729375711 0.0784471806 
 0.0716925402 0.0768401557 0.0823529171 
 0.0756334955 0.0808126840 0.0862974327 
 0.0796123501 0.0847928980 0.0902196738 
 0.0835636845 0.0887166561 0.0940586614 
 0.0874213579 0.0925209934 0.0977562273 
 0.0911216485 0.0961469066 0.1012593074 
 0.0946059397 0.0995415357 0.1045215561 
 0.0978226637 0.1026595488 0.1075041877 
 0.1007283713 0.1054636935 0.1101760835 
 0.1032879612 0.1079246163 0.1125133056 
 0.1054742286 0.1100201373 0.1144982111 
 0.1072669566 0.1117342013 0.1161183628 
 0.1086517859 0.1130557140 0.1173654110 
 0.1096190688 0.1139774297 0.1182340723 
 0.1101628649 0.1144950139 0.1187212930 
 0.1102801858 0.1146063530 0.1188256465 
 0.1099705513 0.1143111556 0.1185469878 
 0.1092358896 0.1136108628 0.1178863766 
 0.1080807852 0.1125088709 0.1168462690 
 0.1065130581 0.1110110551 0.1154309720 
 0.1045446271 0.1091265648 0.1136473445 
 0.1021925742 0.1068688339 0.1115057084 
 0.0994802834 0.1042567114 0.1090209061 
 0.0964384730 0.1013155718 0.1062134000 
 0.0931059034 0.0980782198 0.1031102677 
 0.0895295305 0.0945853764 0.0997459096 
 0.0857639058 0.0908855383 0.0961622754 
 0.0818697223 0.0870340632 0.0924084371 
 0.0779115424 0.0830914371 0.0885394142 
 0.0739549125 0.0791208335 0.0846142699 
 0.0700632073 0.0751852147 0.0806936342 
 0.0662946173 0.0713443398 0.0768369354 
 0.0626996711 0.0676520677 0.0730996858 
 0.0593195763 0.0641542891 0.0695311673 
 0.0561854976 0.0608876941 0.0661727804 
 0.0533187331 0.0578794267 0.0630571934 
 0.0507316177 0.0551475355 0.0602082889 
 0.0484289232 0.0527020342 0.0576417909 
 0.0464095103 0.0505463447 0.0553663856 
 0.0446680277 0.0486789058 0.0533851291 
 0.0431965066 0.0470947707 0.0516969522 
 0.0419857584 0.0457870696 0.0502981169 
 0.0410265341 0.0447482679 0.0491835227 
 0.0403104408 0.0439711899 0.0483478081 
 0.0398306301 0.0434498087 0.0477862248 
 0.0395822844 0.0431798150 0.0474952823 
 0.0395629268 0.0431589861 0.0474731725 
 0.0397725758 0.0433873702 0.0477199842 
 0.0402137536 0.0438672969 0.0482377148 
 0.0408913500 0.0446032132 0.0490300774 
 0.0418123308 0.0456013345 0.0501020980 
 0.0429852697 0.0468690961 0.0514594899 
 0.0444196785 0.0484143808 0.0531077958 
 0.0461251073 0.0502445099 0.0550512956 
 0.0481099978 0.0523649921 0.0572916993 
 0.0503802894 0.0547780575 0.0598266784 
 0.0529378191 0.0574810429 0.0626483307 
 0.0557785988 0.0604647472 0.0657417246 
 0.0588911213 0.0637119338 0.0690837150 
 0.0622548998 0.0671961990 0.0726422407 
 0.0658394879 0.0708814415 0.0763763025 
 0.0696042218 0.0747221308 0.0802367511 
 0.0734988675 0.0786644806 0.0841679008 
 0.0774652293 0.0826484878 0.0881098443 
 0.0814396117 0.0866106423 0.0920012042 
 0.0853558578 0.0904869705 0.0957819750 
 0.0891485699 0.0942160166 0.0993960921 
 0.0927560853 0.0977413833 0.1027934331 
 0.0961228474 0.1010135596 0.1059310791 
 0.0992009516 0.1039909176 0.1087738053 
 0.1019508150 0.1066399069 0.1112938926 
 0.1043410665 0.1089345962 0.1134704322 
 0.1063478548 0.1108557711 0.1152883219 
 0.1079538096 0.1123898087 0.1167371446 
 0.1091468810 0.1135275189 0.1178100817 
 0.1099192427 0.1142631016 0.1185029688 
 0.1102663921 0.1145933153 0.1188135622 
 0.1101865329 0.1145169184 0.1187410537 
 0.1096802881 0.1140344117 0.1182858477 
 0.1087507615 0.1131480933 0.1174496094 
 0.1074039423 0.1118624227 0.1162355782 
 0.1056494227 0.1101846748 0.1146491399 
 0.1035013677 0.1081258440 0.1126986301 
 0.1009796325 0.1057017241 0.1103963235 
 0.0981108769 0.1029340503 0.1077595260 
 0.0949294767 0.0998515394 0.1048116474 
 0.0914780034 0.0964906287 0.1015830870 
 0.0878070491 0.0928956957 0.0981117437 
 0.0839742374 0.0891185729 0.0944429575 
 0.0800423766 0.0852172520 0.0906287429 
 0.0760768689 0.0812538011 0.0867262668 
 0.0721426516 0.0772916727 0.0827956516 
 0.0683010545 0.0733927131 0.0788973233 
 0.0646069914 0.0696142595 0.0750892226 
 0.0611068342 0.0660066987 0.0714242363 
 0.0578371821 0.0626117688 0.0679481632 
 0.0548245695 0.0594617398 0.0646984245 
 0.0520860040 0.0565794542 0.0617035898 
 0.0496301302 0.0539790862 0.0589836583 
 0.0474587753 0.0516674085 0.0565509390 
 0.0455686452 0.0496453362 0.0544113302 
 0.0439529904 0.0479095499 0.0525657931 
 0.0426031175 0.0464540421 0.0510118500 
 0.0415096800 0.0452714922 0.0497449806 
 0.0406637237 0.0443544171 0.0487598390 
 0.0400574958 0.0436960863 0.0480512510 
 0.0396850357 0.0432912072 0.0476149814 
 0.0395425779 0.0431363993 0.0474482762 
 0.0396287873 0.0432304759 0.0475501888 
 0.0399448459 0.0435745480 0.0479217000 
 0.0404943951 0.0441719540 0.0485656363 
 0.0412833300 0.0450280131 0.0494863810 
 0.0423194289 0.0461495861 0.0506893706 
 0.0436117962 0.0475444263 0.0521803623 
 0.0451700891 0.0492202993 0.0539644677 
 0.0470035056 0.0511838613 0.0560449570 
 0.0491195214 0.0534393038 0.0584218688 
 0.0515223940 0.0559868072 0.0610904953 
 0.0542114910 0.0588208943 0.0640398629 
 0.0571795591 0.0619288283 0.0672513757 
 0.0604111082 0.0652892546 0.0706978269 
 0.0638811417 0.0688713186 0.0743429887 
 0.0675544810 0.0726344826 0.0781419531 
 0.0713859089 0.0765292068 0.0820423074 
 0.0753212625 0.0804985360 0.0859860956 
 0.0792994596 0.0844804824 0.0899123742 
 0.0832552697 0.0884109365 0.0937600520 
 0.0871224900 0.0922267328 0.0974706483 
 0.0908371040 0.0958684693 0.1009906309 
 0.0943400162 0.0992827458 0.1042730890 
 0.0975790599 0.1024236127 0.1072786342 
 0.1005101356 0.1052531866 0.1099755614 
 0.1030975013 0.1077415192 0.1123394013 
 0.1053133664 0.1098659073 0.1143520589 
 0.1071370096 0.1116098610 0.1160007327 
 0.1085536585 0.1129619414 0.1172767940 
 0.1095533381 0.1139146407 0.1181747538 
 0.1101298516 0.1144634267 0.1186914108 
 0.1102800024 0.1146060325 0.1188252282 
 0.1100031257 0.1143420339 0.1185759691 
 0.1093009614 0.1136727360 0.1179445981 
 0.1081778756 0.1126013720 0.1169334527 
 0.1066414157 0.1111336043 0.1155466783 
 0.1047031540 0.1092783013 0.1137909110 
 0.1023797414 0.1070485334 0.1116761747 
 0.0996940454 0.1044626994 0.1092169309 
 0.0966761977 0.1015456437 0.1064331792 
 0.0933643355 0.0983295848 0.1033514666 
 0.0898048039 0.0948546398 0.1000056244 
 0.0860516191 0.0911687388 0.0964370370 
 0.0821650789 0.0873267713 0.0926942701 
 0.0782095487 0.0833889141 0.0888319527 
 0.0742506115 0.0794182368 0.0849089250 
 0.0703519184 0.0754778265 0.0809857970 
 0.0665721505 0.0716277881 0.0771221893 
 0.0629624893 0.0679225125 0.0733740023 
 0.0595648884 0.0644085512 0.0697910604 
 0.0564112802 0.0611233168 0.0664154041 
 0.0535236882 0.0580946717 0.0632803766 
 0.0509150838 0.0553413239 0.0604105129 
 0.0485907563 0.0528738492 0.0578221213 
 0.0465499545 0.0506961131 0.0555243738 
 0.0447875881 0.0488068744 0.0535206994 
 0.0432958338 0.0472013879 0.0518102875 
 0.0420655503 0.0458728808 0.0503895523 
 0.0410874566 0.0448138281 0.0492534528 
 0.0403530661 0.0440169942 0.0483966113 
 0.0398553919 0.0434762401 0.0478142051 
 0.0395894470 0.0431871088 0.0475026285 
 0.0395525681 0.0431472085 0.0474599336 
 0.0397445801 0.0433564108 0.0476860611 
 0.0401678164 0.0438168745 0.0481828666 
 0.0408269941 0.0445328947 0.0489539444 
 0.0417289347 0.0455105695 0.0500042409 
 0.0428821110 0.0467572666 0.0513394468 
 0.0442959934 0.0482808701 0.0529651569 
 0.0459801689 0.0500887890 0.0548857960 
 0.0479432138 0.0521867246 0.0571033271 
 0.0501913184 0.0545772200 0.0596157920 
 0.0527266998 0.0572580523 0.0624157765 
 0.0555458845 0.0602205854 0.0654889426 
 0.0586380054 0.0634482528 0.0688128149 
 0.0619833146 0.0669153895 0.0723560337 
 0.0655521569 0.0705866468 0.0760782740 
 0.0693046487 0.0744171934 0.0799309687 
 0.0731912506 0.0783538182 0.0838588611 
 0.0771543038 0.0823369074 0.0878022728 
 0.0811304334 0.0863031131 0.0916998344 
 0.0850535557 0.0901883848 0.0954913332 
 0.0888581004 0.0939309708 0.0991203159 
 0.0924820192 0.0974740036 0.1025361421 
 0.0958692144 0.1007673906 0.1056953055 
 0.0989711526 0.1037688752 0.1085619827 
 0.1017476004 0.1064442893 0.1111078919 
 0.1041665688 0.1087671388 0.1133116292 
 0.1062036579 0.1107177274 0.1151576821 
 0.1078410365 0.1122820409 0.1166353109 
 0.1090662838 0.1134505859 0.1177374545 
 0.1098712821 0.1142173326 0.1184597727 
 0.1102512983 0.1145788660 0.1187998945 
 0.1102043422 0.1145338038 0.1187569127 
 0.1097308535 0.1140825153 0.1183311410 
 0.1088337362 0.1132271523 0.1175241406 
 0.1075187373 0.1119719899 0.1163390143 
 0.1057951424 0.1103240592 0.1147809585 
 0.1036767288 0.1082940342 0.1128580512 
 0.1011828767 0.1058973021 0.1105822284 
 0.0983396900 0.1031551052 0.1079703734 
 0.0951809309 0.1000955960 0.1050453948 
 0.0917485412 0.0967546062 0.1018371346 
 0.0880925240 0.0931759142 0.0983829127 
 0.0842700202 0.0894108182 0.0947275184 
 0.0803435249 0.0855169041 0.0909225015 
 0.0763783470 0.0815560179 0.0870247058 
 0.0724395718 0.0775916110 0.0830941185 
 0.0685889117 0.0736857595 0.0791912426 
 0.0648818568 0.0698962403 0.0753743057 
 0.0613654885 0.0662740429 0.0716966620 
 0.0580771758 0.0628616080 0.0682047091 
 0.0550442136 0.0596919388 0.0649365363 
 0.0522843039 0.0567885802 0.0619213895 
 0.0498066800 0.0541663297 0.0591798984 
 0.0476136313 0.0518324735 0.0567249187 
 0.0457021952 0.0497883172 0.0545627877 
 0.0440658305 0.0480308084 0.0526947901 
 0.0426959436 0.0465540938 0.0511186593 
 0.0415831974 0.0453509086 0.0498299850 
 0.0407185758 0.0444137464 0.0488234454 
 0.0400942101 0.0437357914 0.0480938222 
 0.0397039857 0.0433116212 0.0476367859 
 0.0395439580 0.0431376958 0.0474494543 
 0.0396126006 0.0432126545 0.0475307351 
 0.0399109028 0.0435374322 0.0478814618 
 0.0404423228 0.0441152033 0.0485043271 
 0.0412125938 0.0449511483 0.0494036108 
 0.0422293676 0.0460520309 0.0505846923 
 0.0435016719 0.0474255649 0.0520533370 
 0.0450391556 0.0490795534 0.0538147476 
 0.0468510948 0.0510207849 0.0558723850 
 0.0489451502 0.0532536953 0.0582265916 
 0.0513258862 0.0557788339 0.0608730818 
 0.0539931106 0.0585912196 0.0638014180 
 0.0569401418 0.0616787294 0.0669936344 
 