0.0407584095 0.0421227927 0.0439731233 
 0.0429001617 0.0444384462 0.0464714828 
 0.0452661336 0.0469900673 0.0492154185 
 0.0478487461 0.0497674159 0.0521912348 
 0.0506322436 0.0527513092 0.0553755737 
 0.0535916526 0.0559126867 0.0587346792 
 0.0566923004 0.0592123487 0.0622244520 
 0.0598900782 0.0626015394 0.0657914361 
 0.0631325426 0.0660234330 0.0693747366 
 0.0663608251 0.0694154308 0.0729087024 
 0.0695121732 0.0727120221 0.0763260530 
 0.0725228280 0.0758478566 0.0795610446 
 0.0753308908 0.0787606428 0.0825522814 
 0.0778788477 0.0813935487 0.0852448709 
 0.0801155218 0.0836969022 0.0875917792 
 0.0819973497 0.0856291447 0.0895544015 
 0.0834890194 0.0871571289 0.0911024951 
 0.0845636055 0.0882559409 0.0922136945 
 0.0852023933 0.0889084703 0.0928728476 
 0.0853945902 0.0891049382 0.0930713865 
 0.0851370861 0.0888425516 0.0928068923 
 0.0844343684 0.0881253853 0.0920829531 
 0.0832986212 0.0869645247 0.0909093399 
 0.0817499676 0.0853784253 0.0893024645 
 0.0798167377 0.0833933736 0.0872860082 
 0.0775355942 0.0810438763 0.0848915549 
 0.0749513186 0.0783727632 0.0821590101 
 0.0721160721 0.0754307881 0.0791365690 
 0.0690880122 0.0722755591 0.0758800262 
 0.0659292502 0.0689697306 0.0724513005 
 0.0627032727 0.0655785280 0.0689161832 
 0.0594720771 0.0621668282 0.0653414813 
 0.0562933539 0.0587961292 0.0617918686 
 0.0532180564 0.0555217897 0.0583268437 
 0.0502886320 0.0523908747 0.0549981829 
 0.0475380675 0.0494408252 0.0518481831 
 0.0449897557 0.0466990201 0.0489088342 
 0.0426580728 0.0441831513 0.0462018949 
 0.0405494783 0.0419022316 0.0437397194 
 0.0386639234 0.0398580069 0.0415266030 
 0.0369963714 0.0380465515 0.0395604046 
 0.0355382755 0.0364598627 0.0378342330 
 0.0342789145 0.0350873283 0.0363380412 
 0.0332065303 0.0339169944 0.0350600297 
 0.0323092536 0.0329366062 0.0339878170 
 0.0315758272 0.0321344274 0.0331093717 
 0.0309961510 0.0314998608 0.0324137244 
 0.0305616793 0.0310239010 0.0318914931 
 0.0302656995 0.0306994546 0.0315352544 
 0.0301035194 0.0305215537 0.0313397948 
 0.0300725829 0.0304874887 0.0313022663 
 0.0301725289 0.0305968763 0.0314222669 
 0.0304052008 0.0308516707 0.0317018534 
 0.0307746090 0.0312561202 0.0321454914 
 0.0312868389 0.0318166629 0.0327599326 
 0.0319498952 0.0325417485 0.0335540054 
 0.0327734610 0.0334415630 0.0345382954 
 0.0337685503 0.0345276319 0.0357246838 
 0.0349470217 0.0358122666 0.0371257106 
 0.0363209252 0.0373078226 0.0387537276 
 0.0379016520 0.0390257407 0.0406198138 
 0.0396988712 0.0409753568 0.0427324492 
 0.0417192569 0.0431624937 0.0450959709 
 0.0439650441 0.0455878893 0.0477088895 
 0.0464324950 0.0482455656 0.0505621986 
 0.0491104132 0.0511213047 0.0536378754 
 0.0519788884 0.0541914444 0.0569078100 
 0.0550084880 0.0574222277 0.0603334100 
 0.0581601002 0.0607699155 0.0638660750 
 0.0613855796 0.0641817880 0.0674486234 
 0.0646292345 0.0675980263 0.0710175948 
 0.0678300579 0.0709543086 0.0745061839 
 0.0709244658 0.0741848171 0.0778474379 
 0.0738492138 0.0772252754 0.0809773044 
 0.0765441428 0.0800156526 0.0838371680 
 0.0789544603 0.0825022550 0.0863756448 
 0.0810323849 0.0846390799 0.0885495637 
 0.0827381166 0.0863884478 0.0903242193 
 0.0840402202 0.0877210540 0.0916730816 
 0.0849155927 0.0886156466 0.0925771993 
 0.0853492113 0.0890585531 0.0930245288 
 0.0853338504 0.0890432490 0.0930093775 
 0.0848699046 0.0885701086 0.0925320963 
 0.0839653890 0.0876464081 0.0915990849 
 0.0826361151 0.0862865784 0.0902231067 
 0.0809059623 0.0845126290 0.0884238429 
 0.0788071047 0.0823546016 0.0862285481 
 0.0763800045 0.0798508543 0.0836726135 
 0.0736729766 0.0770479588 0.0807998068 
 0.0707411618 0.0740000082 0.0776619598 
 0.0676448329 0.0707672070 0.0743179237 
 0.0644470819 0.0674137375 0.0708317261 
 0.0612110715 0.0640050440 0.0672700086 
 0.0579971488 0.0606048154 0.0636989899 
 0.0548601656 0.0572720327 0.0601813147 
 0.0518473259 0.0540584525 0.0567731953 
 0.0489967829 0.0510068133 0.0535222011 
 0.0463370688 0.0481499186 0.0504659223 
 0.0438873103 0.0455105905 0.0476315718 
 0.0416580720 0.0431023633 0.0450364318 
 0.0396526261 0.0409307071 0.0426889511 
 0.0378684334 0.0389945505 0.0405902470 
 0.0362986615 0.0372878945 0.0387357810 
 0.0349336056 0.0358013615 0.0371170187 
 0.0337619373 0.0345235763 0.0357229439 
 0.0327717447 0.0334423305 0.0345413581 
 0.0319513622 0.0325455194 0.0335599394 
 0.0312900081 0.0318218657 0.0327670699 
 0.0307782576 0.0312614590 0.0321524576 
 0.0304083821 0.0308561432 0.0317075857 
 0.0301745825 0.0305997843 0.0314260255 
 0.0300731416 0.0304884440 0.0313036404 
 0.0301025117 0.0305204815 0.0313387055 
 0.0302633508 0.0306965938 0.0315319555 
 0.0305585102 0.0310198028 0.0318865692 
 0.0309929729 0.0314953845 0.0324080876 
 0.0315737345 0.0321307333 0.0331042528 
 0.0323096102 0.0329351412 0.0339847522 
 0.0332109489 0.0339194709 0.0350608366 
 0.0342892247 0.0350956905 0.0363447827 
 0.0355564777 0.0364762370 0.0378491632 
 0.0370245727 0.0380731773 0.0395858920 
 0.0387042519 0.0398971427 0.0415650279 
 0.0406039723 0.0419560345 0.0437933410 
 0.0427285470 0.0442535306 0.0462726921 
 0.0450776455 0.0467874692 0.0489983251 
 0.0476442626 0.0495482438 0.0519572369 
 0.0504133130 0.0525173977 0.0551268448 
 0.0533605554 0.0556666463 0.0584741982 
 0.0564520610 0.0589575567 0.0619559665 
 0.0596444146 0.0623420626 0.0655193522 
 0.0628857513 0.0657638821 0.0691039413 
 0.0661176083 0.0691607598 0.0726443374 
 0.0692774274 0.0724672964 0.0760732680 
 0.0723014191 0.0756180190 0.0793247632 
 0.0751274425 0.0785503059 0.0823370060 
 0.0776975667 0.0812068340 0.0850545458 
 0.0799600719 0.0835373373 0.0874297157 
 0.0818707779 0.0854996158 0.0894232599 
 0.0833937278 0.0870598773 0.0910043077 
 0.0845013538 0.0881925886 0.0921499117 
 0.0851743192 0.0888800566 0.0928443899 
 0.0854012307 0.0891119526 0.0930786861 
 0.0851783908 0.0888849520 0.0928499167 
 0.0845096980 0.0882025966 0.0921612026 
 0.0834067337 0.0870754183 0.0910218224 
 0.0818889953 0.0855212845 0.0894476505 
 0.0799841692 0.0835658575 0.0874617791 
 0.0777282745 0.0812429969 0.0850951581 
 0.0751654822 0.0785948929 0.0823870393 
 0.0723474234 0.0756717133 0.0793849884 
 0.0693318577 0.0725305907 0.0761442520 
 0.0661806793 0.0692338704 0.0727263449 
 0.0629573727 0.0658466819 0.0691968554 
 0.0597241590 0.0624340419 0.0656226249 
 0.0565391610 0.0590578189 0.0620686090 
 0.0534539320 0.0557739392 0.0585948111 
 0.0505116285 0.0526301743 0.0552536854 
 0.0477459892 0.0496647425 0.0520883103 
 0.0451811408 0.0469058027 0.0491314871 
 0.0428321266 0.0443717713 0.0464057506 
 0.0407059732 0.0420722893 0.0439241440 
 0.0388030830 0.0400096113 0.0416915340 
 0.0371187513 0.0381801939 0.0397062192 
 0.0356446534 0.0365762961 0.0379616190 
 0.0343701923 0.0351874596 0.0364478784 
 0.0332836538 0.0340017939 0.0351532889 
 0.0323731481 0.0330070351 0.0340654781 
 0.0316273486 0.0321913819 0.0331723590 
 0.0310360489 0.0315441303 0.0324628592 
 0.0305905715 0.0310561386 0.0319274585 
 0.0302840538 0.0307201562 0.0315585717 
 0.0301116425 0.0305310453 0.0313508077 
 0.0300706136 0.0304859187 0.0313011322 
 0.0301604356 0.0305842125 0.0314089530 
 0.0303827830 0.0308277015 0.0316761385 
 0.0307415017 0.0312204603 0.0321069722 
 0.0312425225 0.0317687641 0.0327080362 
 0.0318937102 0.0324809166 0.0334880092 
 0.0327046304 0.0333669832 0.0344573562 
 0.0336862108 0.0344384045 0.0356278796 
 0.0348502671 0.0357074561 0.0370120964 
 0.0362088632 0.0371865220 0.0386224083 
 0.0377734771 0.0388871532 0.0404700364 
 0.0395539537 0.0408188952 0.0425637124 
 0.0415572476 0.0429878952 0.0449081495 
 0.0437859890 0.0453953390 0.0475023652 
 0.0462369531 0.0480358199 0.0503379854 
 0.0488995640 0.0508957994 0.0533977219 
 0.0517546145 0.0539523691 0.0566542595 
 0.0547734152 0.0571725502 0.0600698014 
 0.0579175818 0.0605133421 0.0635964727 
 0.0611396156 0.0639226533 0.0671776744 
 0.0643843285 0.0673411209 0.0707503258 
 0.0675910240 0.0707046606 0.0742477625 
 0.0706962075 0.0739474557 0.0776029283 
 0.0736365031 0.0770050069 0.0807514487 
 0.0763514228 0.0798168719 0.0836342171 
 0.0787856927 0.0823288123 0.0861992502 
 0.0808909488 0.0844942037 0.0884027307 
 0.0826267566 0.0862747200 0.0902093099 
 0.0839610353 0.0876404218 0.0915918503 
 0.0848700482 0.0885694553 0.0925308441 
 0.0853381614 0.0890475822 0.0930137394 
 0.0853575565 0.0890677392 0.0930343697 
 0.0849280421 0.0886297713 0.0925926231 
 0.0840570396 0.0877404144 0.0916944232 
 0.0827597471 0.0864135304 0.0903520217 
 0.0810594089 0.0846705233 0.0885845383 
 0.0789875514 0.0825407968 0.0864186149 
 0.0765840032 0.0800620600 0.0838889946 
 0.0738964994 0.0772802628 0.0810387957 
 0.0709797049 0.0742489555 0.0779192495 
 0.0678935731 0.0710279372 0.0745887180 
 0.0647010756 0.0676811754 0.0711109109 
 0.0614654782 0.0642741263 0.0675523739 
 0.0582474525 0.0608707285 0.0639794756 
 0.0551023678 0.0575304315 0.0604552511 
 0.0520780877 0.0543056325 0.0570365061 
 0.0492135030 0.0512398195 0.0537715459 
 0.0465378981 0.0483665834 0.0506987665 
 0.0440711083 0.0457095081 0.0478461841 
 0.0418243232 0.0432828127 0.0452318230 
 0.0398013296 0.0410925427 0.0428647702 
 0.0379999849 0.0391380773 0.0407466547 
 0.0364137361 0.0374137431 0.0388733175 
 0.0350330534 0.0359103725 0.0372364782 
 0.0338466935 0.0346166999 0.0358252637 
 0.0328427563 0.0335205447 0.0346275263 
 0.0320095311 0.0326097650 0.0336309209 
 0.0313361481 0.0318729974 0.0328237502 
 0.0308130631 0.0313002093 0.0321956010 
 0.0304324059 0.0308830977 0.0317378061 
 0.0301882216 0.0306153642 0.0314437664 
 0.0300766278 0.0304928964 0.0313091630 
 0.0300959072 0.0305138735 0.0313320818 
 0.0302465474 0.0306788119 0.0315130673 
 0.0305312319 0.0309905559 0.0318551120 
 0.0309547834 0.0314542121 0.0323635794 
 0.0315240484 0.0320770183 0.0330460502 
 0.0322477116 0.0328681312 0.0339120738 
 0.0331360170 0.0338383076 0.0349727979 
 0.0342003708 0.0349994512 0.0362404437 
 0.0354527941 0.0363639906 0.0377275920 
 0.0369051970 0.0379440562 0.0394462466 
 0.0385684471 0.0397504331 0.0414066560 
 0.0404512237 0.0417912829 0.0436158978 
 0.0425586715 0.0440706637 0.0460762684 
 0.0448909097 0.0465869190 0.0487835777 
 0.0474414972 0.0493310659 0.0517255051 
 0.0501960111 0.0522853657 0.0548802361 
 0.0531309374 0.0554223060 0.0582156233 
 0.0562130906 0.0587042220 0.0616891080 
 0.0593997535 0.0620837430 0.0652485603 
 0.0626396490 0.0655051432 0.0688340616 
 0.0658747342 0.0689065262 0.0723804881 
 0.0690426612 0.0722226223 0.0758205941 
 0.0720796267 0.0753878531 0.0790882010 
 0.0749232634 0.0783392818 0.0821210853 
 0.0775152356 0.0810191061 0.0848632477 
 0.0798032889 0.0833764728 0.0872663939 
 0.0817426321 0.0853685440 0.0892906186 
 0.0832966648 0.0869608832 0.0909044216 
 0.0844371778 0.0881273368 0.0920842715 
 0.0851442112 0.0888496273 0.0928139533 
 0.0854057709 0.0891168750 0.0930839216 
 0.0852175720 0.0889252239 0.0928908273 
 0.0845829262 0.0882776847 0.0922373263 
 0.0835128136 0.0871842382 0.0911322075 
 0.0820261090 0.0856621673 0.0895908128 
 0.0801498564 0.0837365133 0.0876356493 
 0.0779194305 0.0814404899 0.0852970361 
 0.0753783885 0.0788156460 0.0826135719 
 0.0725778238 0.0759115581 0.0796321897 
 0.0695750863 0.0727848728 0.0764075799 
 0.0664318382 0.0694976122 0.0730008405 
 0.0632115450 0.0661147924 0.0694773397 
 0.0599766341 0.0627015516 0.0659039349 
 0.0567856461 0.0593201126 0.0623458445 
 0.0536907234 0.0560269551 0.0588635615 
 0.0507357249 0.0528705488 0.0555102062 
 0.0479551401 0.0498898862 0.0523296329 
 0.0453738327 0.0471139077 0.0493554545 
 0.0430075193 0.0445617599 0.0466109857 
 0.0408638017 0.0422437199 0.0441099667 
 0.0389435421 0.0401625603 0.0418578444 
 0.0372423769 0.0383151292 0.0398533673 
 0.0357522105 0.0366939557 0.0380902743 
 0.0344625773 0.0352887427 0.0365589105 
 0.0333618122 0.0340876694 0.0352476654 
 0.0324380091 0.0330784673 0.0341441806 
 0.0316797746 0.0322492737 0.0332363182 
 0.0310767990 0.0315892801 0.0325129051 
 0.0306202737 0.0310892104 0.0319642853 
 0.0303031876 0.0307416580 0.0315827129 
 0.0301205265 0.0305413157 0.0313626201 
 0.0300693987 0.0304851186 0.0313007863 
 0.0301491022 0.0305723222 0.0313964291 
 0.0303611418 0.0308045215 0.0316512279 
 0.0307091985 0.0311856163 0.0320692830 
 0.0311990470 0.0317217177 0.0326570053 
 0.0318384102 0.0324209810 0.0334229215 
 0.0326367339 0.0332933485 0.0343773732 
 0.0336048560 0.0343501720 0.0355320792 
 0.0347545449 0.0356036861 0.0368995280 
 0.0360978725 0.0370662973 0.0384921646 
 0.0376463965 0.0387496589 0.0403213434 
 0.0394101296 0.0406635171 0.0423960380 
 0.0413962973 0.0428143331 0.0447213272 
 0.0436079152 0.0452037305 0.0472967248 
 0.0460422619 0.0478268643 0.0501144796 
 0.0486893739 0.0506708672 0.0531580308 
 0.0515307420 0.0537135808 0.0564008557 
 0.0545384189 0.0569228053 0.0598059562 
 0.0576747517 0.0602562843 0.0633261911 
 0.0608928981 0.0636625672 0.0669055587 
 0.0641381880 0.0670827630 0.0704813767 
 0.0673502530 0.0704530444 0.0739871416 
 0.0704657073 0.0737076158 0.0773557135 
 0.0734210611 0.0767817719 0.0805224120 
 0.0761555134 0.0796146737 0.0834276509 
 0.0786133200 0.0821515469 0.0860188543 
 0.0807455412 0.0843451503 0.0882515608 
 0.0825111122 0.0861565120 0.0900897767 
 0.0838773065 0.0875550568 0.0915057538 
 0.0848197539 0.0885183268 0.0924794241 
 0.0853222084 0.0890315161 0.0929977247 
 0.0853762594 0.0890870224 0.0930540139 
 0.0849811311 0.0886841626 0.0926477187 
 0.0841436542 0.0878291360 0.0917842902 
 0.0828784180 0.0865352409 0.0904754743 
 0.0812080355 0.0848232817 0.0887398364 
 0.0791633887 0.0827220291 0.0866034130 
 0.0767836730 0.0802685462 0.0841003046 
 0.0741160396 0.0775081603 0.0812729824 
 0.0712146695 0.0744938733 0.0781720749 
 0.0681391829 0.0712850677 0.0748554461 
 0.0649524135 0.0679454798 0.0713864745 
 0.0617177107 0.0645405583 0.0678315909 
 0.0584960508 0.0611344707 0.0642572932 
 0.0553433031 0.0577871154 0.0607269858 
 0.0523079770 0.0545515146 0.0572980498 
 0.0494296928 0.0514718944 0.0540195126 
 0.0467384829 0.0485826278 0.0509305676 
 0.0442548928 0.0459080594 0.0480600317 
 0.0419907409 0.0434630965 0.0454266729 
 0.0399503355 0.0412543659 0.0430402211 
 0.0381319371 0.0392817046 0.0409028240 
 0.0365292804 0.0375397727 0.0390107099 
 0.0351330172 0.0360196195 0.0373558598 
 0.0339319953 0.0347100961 0.0359275509 
 0.0329143319 0.0335990550 0.0347136920 
 0.0320682752 0.0326743216 0.0337019199 
 0.0313828706 0.0319244500 0.0328804616 
 0.0308484569 0.0313392884 0.0322387858 
 0.0304570246 0.0309103884 0.0317680772 
 0.0302024639 0.0306312893 0.0314615679 
 0.0300807280 0.0304977048 0.0313147574 
 0.0300899306 0.0305076350 0.0313255430 
 0.0302303886 0.0306614155 0.0314942792 
 0.0305046178 0.0309617127 0.0318237714 
 0.0309172789 0.0314134623 0.0323192047 
 0.0314750683 0.0320237444 0.0329879962 
 0.0321865376 0.0328015776 0.0338395550 
 0.0330618231 0.0337576094 0.0348849219 
 0.0341122587 0.0349036749 0.0361362578 
 0.0353498415 0.0362521883 0.0376061455 
 0.0367865200 0.0378153368 0.0393066709 
 0.0384332798 0.0396040506 0.0412482640 
 0.0402990129 0.0416267425 0.0434383000 
 0.0423891871 0.0438878411 0.0458795013 
 0.0447043612 0.0463861860 0.0485682346 
 0.0472386504 0.0491134098 0.0514928559 
 0.0499782883 0.0520524880 0.0546323158 
 0.0529004866 0.0551766800 0.0579552721 
 0.0559728065 0.0584490945 0.0614199466 
 0.0591532377 0.0618230684 0.0649748912 
 0.0623911053 0.0652434482 0.0685607013 
 0.0656288046 0.0686487172 0.0721125468 
 0.0688042189 0.0719737560 0.0755632305 
 0.0718535519 0.0751529015 0.0788463837 
 0.0747142276 0.0781229181 0.0818993896 
 0.0773275199 0.0808255355 0.0846657094 
 0.0796406498 0.0832093205 0.0870964241 
 0.0816082193 0.0852307987 0.0891509774 
 0.0831929867 0.0868548883 0.0907972360 
 0.0843661005 0.0880548122 0.0920110791 
 0.0851069771 0.0888117059 0.0927757547 
 0.0854030207 0.0891141372 0.0930812253 
 0.0852493606 0.0889577192 0.0929236766 
 0.0846487244 0.0883449346 0.0923053022 
 0.0836114960 0.0872852188 0.0912344079 
 0.0821559329 0.0857952774 0.0897258109 
 0.0803084425 0.0838995381 0.0878014431 
 0.0781037586 0.0816305753 0.0854910017 
 0.0755848246 0.0790293002 0.0828324394 
 0.0728021911 0.0761446966 0.0798720589 
 0.0698127881 0.0730329178 0.0766639912 
 0.0666780299 0.0697556497 0.0732689080 
 0.0634613423 0.0663777762 0.0697519413 
 0.0602253372 0.0629645351 0.0661799437 
 0.0570289509 0.0595784799 0.0626183734 
 0.0539248954 0.0562766229 0.0591281896 
 0.0509577174 0.0531081144 0.0557631594 
 0.0481626473 0.0501127088 0.0525678977 
 0.0455652817 0.0473201210 0.0495768194 
 0.0431820100 0.0447502262 0.0468140151 
 0.0410210131 0.0424139397 0.0442939221 
 0.0390836183 0.0403145567 0.0420225713 
 0.0373658099 0.0384493237 0.0399991667 
 0.0358597284 0.0368110463 0.0382177731 
 0.0345550461 0.0353895959 0.0366689428 
 0.0334401528 0.0341732269 0.0353411694 
 0.0325031316 0.0331496723 0.0342221143 
 0.0317325266 0.0323070118 0.0332995929 
 0.0311179276 0.0316343368 0.0325623358 
 0.0306503985 0.0311222391 0.0320005541 
 0.0303227814 0.0307631588 0.0316063436 
 0.0301299028 0.0305516205 0.0313739615 
 0.0300687042 0.0304843833 0.0313000021 
 0.0301383138 0.0305605222 0.0313834935 
 0.0303400667 0.0307814524 0.0316259259 
 0.0306774784 0.0311508988 0.0320312160 
 0.0311561664 0.0316748066 0.0326056022 
 0.0317837102 0.0323611815 0.0333574573 
 0.0325694328 0.0332198394 0.0342969962 
 0.0335240790 0.0342620396 0.0354358504 
 0.0346593649 0.0354999710 0.0367864745 
 0.0359873649 0.0369460559 0.0383613502 
 0.0375197091 0.0386120428 0.0401719575 
 0.0392665697 0.0405078699 0.0422275036 
 0.0412354341 0.0426403033 0.0445334235 
 0.0434296944 0.0450113956 0.0470897194 
 0.0458471242 0.0476168555 0.0498892557 
 0.0484783662 0.0504444822 0.0529161962 
 0.0513056060 0.0534728660 0.0561448116 
 0.0543016408 0.0566705900 0.0595389093 
 0.0574295564 0.0599961525 0.0630520950 
 0.0606431801 0.0633987592 0.0666289823 
 0.0638883776 0.0668200113 0.0702073087 
 0.0671051300 0.0701963608 0.0737207543 
 0.0702301824 0.0734620548 0.0771021157 
 0.0731999515 0.0765522013 0.0802864233 
 0.0759533401 0.0794055784 0.0832136220 
 0.0784341458 0.0819668848 0.0858305480 
 0.0805928604 0.0841882659 0.0880920954 
 0.0823877910 0.0860301036 0.0899616215 
 0.0837855659 0.0874611839 0.0914107619 
 0.0847611794 0.0884584404 0.0924188821 
 0.0852977724 0.0890064971 0.0929724039 
 0.0853863418 0.0890972112 0.0930642087 
 0.0850255296 0.0887293739 0.0926932634 
 0.0842215799 0.0879086518 0.0918645517 
 0.0829884785 0.0866477868 0.0905893212 
 0.0813482135 0.0849669914 0.0888855927 
 0.0793310283 0.0828944119 0.0867788078 
 0.0769754871 0.0804664714 0.0843024342 
 0.0743281563 0.0777278770 0.0814983017 
 0.0714427253 0.0747310788 0.0784164374 
 0.0683784681 0.0715350331 0.0751142020 
 0.0651980622 0.0682032289 0.0716546301 
 0.0619649177 0.0648010862 0.0681040194 
 0.0587402924 0.0613929778 0.0645289737 
 0.0555805329 0.0580392270 0.0609932426 
 0.0525347753 0.0547934595 0.0575547593 
 0.0496433553 0.0517006227 0.0542632539 
 0.0469370447 0.0487958604 0.0511587027 
 0.0444370955 0.0461042719 0.0482707147 
 0.0421559557 0.0436414517 0.0456187982 
 0.0400984587 0.0414146103 0.0432133268 
 0.0382632744 0.0394240480 0.0410569710 
 0.0366444313 0.0376647642 0.0391463518 
 0.0352327699 0.0361280324 0.0374737182 
 0.0340172357 0.0348028267 0.0360285040 
 0.0329859687 0.0336770386 0.0347986805 
 0.0321271813 0.0327384662 0.0337718719 
 0.0314298382 0.0319755855 0.0329362341 
 0.0308841648 0.0313781290 0.0322811215 
 0.0304820148 0.0309375061 0.0317975735 
 0.0302171257 0.0306470957 0.0314786561 
 0.0300852882 0.0305024397 0.0313196887 
 0.0300844476 0.0305013597 0.0313183814 
 0.0302147510 0.0306440114 0.0314748991 
 0.0304785460 0.0309328830 0.0317918601 
 0.0308803314 0.0313727392 0.0322742705 
 0.0314266517 0.0319705006 0.0329293825 
 0.0321259236 0.0327350457 0.0337664625 
 0.0329881729 0.0336769098 0.0347964411 
 0.0340246573 0.0348078551 0.0360314148 
 0.0352473446 0.0361402762 0.0374839625 
 0.0366682159 0.0376864105 0.0391662460 
 0.0382983669 0.0394573259 0.0410888688 
 0.0401468948 0.0414616777 0.0432594952 
 0.0422195809 0.0437042564 0.0456812655 
 0.0445174158 0.0461843897 0.0483510964 
 0.0470350637 0.0488943199 0.0512580153 
 0.0497594107 0.0518177335 0.0543817376 
 0.0526683937 0.0549286640 0.0576917311 
 0.0557303256 0.0581910011 0.0611470081 
 0.0589039138 0.0615588024 0.0646968185 
 0.0621391017 0.0649775052 0.0682822920 
 0.0653787426 0.0683859939 0.0718389146 
 0.0685609733 0.0717193224 0.0752995595 
 0.0716220257 0.0749117631 0.0785976864 
 0.0744991343 0.0778997982 0.0816702991 
 0.0771331966 0.0806247010 0.0844603259 
 0.0794709182 0.0830344636 0.0869182253 
 0.0814662991 0.0850849760 0.0890027869 
 0.0830814567 0.0867405085 0.0906812385 
 0.0842868958 0.0879736565 0.0919288633 
 0.0850614065 0.0887649638 0.0927283665 
 0.0853917905 0.0891024433 0.0930692143 
 0.0852725912 0.0889811770 0.0929471266 
 0.0847059544 0.0884031216 0.0923638372 
 0.0837016723 0.0873771723 0.0913271742 
 0.0822773906 0.0859194645 0.0898514385 
 0.0804588856 0.0840538202 0.0879579963 
 0.0782802539 0.0818121814 0.0856759327 
 0.0757838257 0.0792348255 0.0830425620 
 0.0730196045 0.0763701430 0.0801035600 
 0.0700440901 0.0732737878 0.0769124963 
 0.0669184328 0.0700070963 0.0735296071 
 0.0637059991 0.0666348018 0.0700197728 
 0.0604695618 0.0632222194 0.0664498205 
 0.0572684302 0.0598322095 0.0628854242 
 0.0541558655 0.0565222945 0.0593879864 
 0.0511770857 0.0533422866 0.0560118994 
 0.0483680514 0.0503326884 0.0528025227 
 0.0457550859 0.0475239815 0.0497950618 
 0.0433552514 0.0449367663 0.0470143782 
 0.0411773097 0.0425825981 0.0444756056 
 0.0392230591 0.0404652990 0.0421853620 
 0.0374888379 0.0385825196 0.0401433119 
 0.0359670302 0.0369273496 0.0383438529 
 0.0346474526 0.0354898350 0.0367777510 
 0.0335185565 0.0342583129 0.0354336104 
 0.0325684191 0.0332205224 0.0342991182 
 0.0317855273 0.0323644914 0.0333620483 
 0.0311593742 0.0316792149 0.0326110392 
 0.0306808992 0.0311551561 0.0320361726 
 0.0303427999 0.0307846042 0.0316293887 
 0.0301397455 0.0305619179 0.0313847719 
 0.0300685124 0.0304836814 0.0312987330 
 0.0301280596 0.0305487904 0.0313701115 
 0.0303195529 0.0307584808 0.0316002089 
 0.0306463422 0.0311163022 0.0319927580 
 0.0311138872 0.0316280334 0.0325538241 
 0.0317296226 0.0323015288 0.0332916243 
 0.0325027465 0.0331464758 0.0342162445 
 0.0334439076 0.0341740381 0.0353392255 
 0.0345647657 0.0353963543 0.0366729836 
 0.0358773924 0.0368258573 0.0382300310 
 0.0373934841 0.0384743840 0.0400219669 
 0.0391233650 0.0403520569 0.0420582238 
 0.0410747762 0.0424659388 0.0443445851 
 0.0432514779 0.0448185030 0.0468815332 
 0.0456517310 0.0474060049 0.0496625426 
 0.0482667788 0.0502169052 0.0526724982 
 0.0510794991 0.0532305419 0.0558864653 
 0.0540634349 0.0564162852 0.0592690635 
 0.0571824180 0.0597333977 0.0627746580 
 0.0603909576 0.0631317561 0.0663484948 
 0.0636354725 0.0665534734 0.0699287522 
 0.0668563135 0.0699353019 0.0734493157 
 0.0699903776 0.0732115527 0.0768429385 
 0.0729740077 0.0763171654 0.0800443774 
 0.0757458263 0.0791905489 0.0829931190 
 0.0782491840 0.0817758829 0.0856354161 
 0.0804340105 0.0840247027 0.0879255176 
 0.0822579871 0.0858967424 0.0898261277 
 0.0836870957 0.0873601455 0.0913082591 
 0.0846956928 0.0883912331 0.0923507043 
 0.0852663035 0.0889740543 0.0929393648 
 0.0853893310 0.0890999242 0.0930666419 
 0.0850628352 0.0887671076 0.0927310425 
 0.0842924757 0.0879807416 0.0919370854 
 0.0830916388 0.0867530160 0.0906955258 
 0.0814816918 0.0851035578 0.0890238472 
 0.0794922425 0.0830598942 0.0869469042 
 0.0771612254 0.0806578124 0.0844975379 
 0.0745346190 0.0779413996 0.0817169412 
 0.0716656133 0.0749625498 0.0786545385 
 0.0686131233 0.0717797825 0.0753671805 
 0.0654396524 0.0684563241 0.0719175453 
 0.0622086515 0.0650575461 0.0683717791 
 0.0589816382 0.0616480046 0.0647965708 
 0.0558154169 0.0582884270 0.0612559926 
 0.0527597346 0.0550330240 0.0578085100 
 0.0498556309 0.0519274510 0.0545045397 
 0.0471346116 0.0490076142 0.0513848301 
 0.0446186341 0.0462993650 0.0484797773 
 0.0423207786 0.0438189865 0.0458096292 
 0.0402464094 0.0415742779 0.0433854072 
 0.0383946126 0.0395660092 0.0412103102 
 0.0367597182 0.0377895268 0.0392813594 
 0.0353327628 0.0362363360 0.0375910793 
 0.0341027959 0.0348955407 0.0361290676 
 0.0330579865 0.0337550780 0.0348833648 
 0.0321865160 0.0328027238 0.0338415877 
 0.0314772724 0.0320268801 0.0329918259 
 0.0309203708 0.0314171673 0.0323233231 
 0.0305075309 0.0309648555 0.0318269768 
 0.0302323394 0.0306631650 0.0314956885 
 0.0300904258 0.0305074676 0.0313245995 
 0.0300795682 0.0304954077 0.0313112338 
 0.0301997443 0.0306269613 0.0314555672 
 0.0304531339 0.0309044390 0.0317600314 
 0.0308440734 0.0313324337 0.0322294529 
 0.0313789549 0.0319177061 0.0328709179 
 0.0320660586 0.0326689928 0.0336935487 
 0.0329152977 0.0335967148 0.0347081631 
 0.0339378507 0.0347125578 0.0359267890 
 0.0351456523 0.0360288925 0.0373619973 
 0.0365507106 0.0375580009 0.0390260191 
 0.0381642254 0.0393110815 0.0409296240 
 0.0399954912 0.0412970247 0.0430807578 
 0.0420505953 0.0435209742 0.0454829700 
 0.0443309518 0.0459827379 0.0481337196 
 0.0468317667 0.0486751611 0.0510226998 
 0.0495405734 0.0515826372 0.0541303879 
 0.0524360326 0.0546799734 0.0574270638 
 0.0554872112 0.0579318455 0.0608725379 
 0.0586535423 0.0612930420 0.0644167708 
 0.0618856003 0.0647096064 0.0680014443 
 0.0651267133 0.0681208426 0.0715623804 
 0.0683152906 0.0714619978 0.0750325427 
 0.0713876113 0.0746672986 0.0783452368 
 0.0742807368 0.0776729605 0.0814371006 
 0.0769352014 0.0804198109 0.0842505375 
 0.0792972034 0.0828552729 0.0867353856 
 0.0813201446 0.0849346024 0.0888497790 
 0.0829655018 0.0866214191 0.0905603017 
 0.0842031342 0.0878876869 0.0918416352 
 0.0850112030 0.0887133540 0.0926759357 
 0.0853759042 0.0890858741 0.0930521695 
 0.0852911941 0.0889997963 0.0929655879 
 0.0847586368 0.0884565518 0.0924174655 
 0.0837874338 0.0874644974 0.0914151549 
 0.0823946214 0.0860392015 0.0899724451 
 0.0806053461 0.0842038838 0.0881101418 
 0.0784530682 0.0819898562 0.0858567222 
 0.0759795016 0.0794367624 0.0832488643 
 0.0732340965 0.0765923954 0.0803316162 
 0.0702729114 0.0735119008 0.0771579796 
 0.0671568181 0.0702562525 0.0737877440 
 0.0639491057 0.0668900156 0.0702855225 
 0.0607126897 0.0634785635 0.0667180973 
 0.0575072348 0.0600850447 0.0631513391 
 0.0543865375 0.0567674757 0.0596470750 
 0.0513964776 0.0535763186 0.0562603089 
 0.0485737414 0.0505528177 0.0530371352 
 0.0459453795 0.0477282201 0.0500135476 
 0.0435291306 0.0451238549 0.0472151795 
 0.0413343449 0.0427519233 0.0446578666 
 0.0393632992 0.0406167830 0.0423488221 
 0.0376126949 0.0387164975 0.0402881804 
 0.0360751676 0.0370444491 0.0384706805 
 0.0347406856 0.0355908669 0.0368873110 
 0.0335977680 0.0343441767 0.0355267941 
 0.0326344914 0.0332921301 0.0343768486 
 0.0318392890 0.0324227072 0.0334252121 
 0.0312015607 0.0317248100 0.0326604346 
 0.0307121235 0.0311887759 0.0320724714 
 0.0303635326 0.0308067451 0.0316531096 
 0.0301503011 0.0305729119 0.0313962619 
 0.0300690410 0.0304836864 0.0312981569 
 0.0301185427 0.0305377858 0.0313574460 
 0.0302998032 0.0307362667 0.0315752423 
 0.0306160064 0.0310825034 0.0319550947 
 0.0310724540 0.0315821080 0.0325028947 
 0.0316764351 0.0322427824 0.0332267024 
 0.0324370214 0.0330740839 0.0341364730 
 0.0333647633 0.0340870780 0.0352436534 
 0.0344712614 0.0352938499 0.0365606175 
 0.0357685803 0.0367068381 0.0380999033 
 0.0372684774 0.0383379621 0.0398732219 
 0.0389814226 0.0401975215 0.0418902236 
 0.0409154032 0.0422928678 0.0441570313 
 0.0430745393 0.0446268859 0.0466745985 
 0.0454575709 0.0471963698 0.0494370014 
 0.0480563347 0.0499904347 0.0524298396 
 0.0508543958 0.0529891622 0.0556289706 
 0.0538260416 0.0561627095 0.0589998280 
 0.0569358525 0.0594711082 0.0624975438 
 0.0601390272 0.0628649163 0.0660680092 
 0.0633825502 0.0662867728 0.0696498598 
 0.0666071571 0.0696737478 0.0731772052 
 0.0697499136 0.0729602342 0.0765827732 
 0.0727471052 0.0760810192 0.0798010628 
 0.0755370876 0.0789741553 0.0827711130 
 0.0780627748 0.0815833118 0.0854385997 
 0.0802735397 0.0838594174 0.0877571279 
 0.0821264402 0.0857615589 0.0896887469 
 0.0835868108 0.0872572344 0.0912038421 
 0.0846283679 0.0883221487 0.0922806285 
 0.0852330178 0.0889397724 0.0929044821 
 0.0853905672 0.0891008750 0.0930673210 
 0.0850984922 0.0888031936 0.0927671904 
 0.0843618674 0.0880513350 0.0920081445 
 0.0831934791 0.0868569378 0.0908004469 
 0.0816140740 0.0852390443 0.0891610460 
 0.0796526230 0.0832245631 0.0871142110 
 0.0773464280 0.0808486438 0.0846921570 
 0.0747408729 0.0781547491 0.0819354367 
 0.0718886391 0.0751942085 0.0788928654 
 0.0688482693 0.0720250927 0.0756207729 
 0.0656820777 0.0687103496 0.0721814657 
 0.0624535395 0.0653152854 0.0686409213 
 0.0592244176 0.0619046232 0.0650658955 
 0.0560519622 0.0585394800 0.0615207674 
 0.0529865239 0.0552746422 0.0580645222 
 0.0500698443 0.0521564688 0.0547482565 
 0.0473341651 0.0492216294 0.0516134900 
 0.0448021555 0.0464967334 0.0486914099 
 0.0424875370 0.0439987609 0.0460030123 
 0.0403962149 0.0417361105 0.0435599770 
 0.0385277014 0.0397100330 0.0413660430 
 0.0368766377 0.0379162325 0.0394186429 
 0.0354342644 0.0363464549 0.0377105875 
 0.0341897422 0.0349899421 0.0362316469 
 0.0331312741 0.0338346826 0.0349699380 
 0.0322470145 0.0328684349 0.0339130758 
 0.0315257779 0.0320795305 0.0330490876 
 0.0309575712 0.0314574802 0.0323671094 
 0.0305339812 0.0309934161 0.0318578984 
 0.0302484450 0.0306804016 0.0315141935 
 0.0300964314 0.0305136386 0.0313309586 
 0.0300755516 0.0304905948 0.0313055318 
 0.0301856141 0.0306110669 0.0314377002 
 0.0304286308 0.0308771873 0.0317297085 
 0.0308087753 0.0312933771 0.0321862032 
 0.0313322870 0.0318662364 0.0328141038 
 0.0320073085 0.0326043586 0.0336223865 
 0.0328436388 0.0335180484 0.0346217543 
 0.0338523753 0.0346189126 0.0358241634 
 0.0350454160 0.0359192943 0.0372421718 
 0.0364347921 0.0374315146 0.0388880740 
 0.0380318018 0.0391668968 0.0407727985 
 0.0398459305 0.0411345579 0.0429045631 
 0.0418835630 0.0433399865 0.0452873171 
 0.0441465286 0.0457834607 0.0479190512 
 0.0466305666 0.0484584198 0.0507901151 
 0.0493238499 0.0513499567 0.0538817412 
 0.0522057580 0.0544336478 0.0571650181 
 0.0552461102 0.0576749544 0.0606005559 
 0.0584050676 0.0610294010 0.0641390332 
 0.0616338429 0.0644436462 0.0677226957 
 0.0648762505 0.0678574275 0.0712877177 
 0.0680709856 0.0712062008 0.0747671701 
 0.0711543896 0.0744241630 0.0780942215 
 0.0740633647 0.0774472768 0.0812051569 
 0.0767380929 0.0802159347 0.0840418648 
 0.0791242730 0.0826769974 0.0865535683 
 0.0811747127 0.0847850890 0.0886977471 
 0.0828502493 0.0865031790 0.0904403400 
 0.0841200948 0.0878025970 0.0917554230 
 0.0849617790 0.0886626922 0.0926246000 
 0.0853608894 0.0890703563 0.0930363333 
 0.0853107926 0.0890196026 0.0929854033 
 0.0848124688 0.0885113347 0.0924726236 
 0.0838745275 0.0875533701 0.0915048709 
 0.0825133936 0.0861607092 0.0900954220 
 0.0807535819 0.0843559680 0.0882645214 
 0.0786279118 0.0821698256 0.0860400368 
 0.0761774752 0.0796412861 0.0834580059 
 0.0734511594 0.0768175370 0.0805628412 
 0.0705045702 0.0737532036 0.0774069658 
 0.0673982866 0.0705088827 0.0740497077 
 0.0641955058 0.0671489557 0.0705553959 
 0.0609592728 0.0637388385 0.0669907507 
 0.0577495975 0.0603419553 0.0634218239 
 0.0546208056 0.0570168079 0.0599108559 
 0.0516194381 0.0538145057 0.0565134566 
 0.0487829111 0.0507770374 0.0532764562 
 0.0461390109 0.0479364230 0.0502366420 
 0.0437061633 0.0453147314 0.0474204305 
 0.0414943190 0.0429248227 0.0448443727 
 0.0395062457 0.0407716034 0.0425162912 
 0.0377390188 0.0388535626 0.0404368042 
 0.0361855345 0.0371643861 0.0386010051 
 0.0348359209 0.0356944950 0.0370001152 
 0.0336787705 0.0344324110 0.0356229834 
 0.0327021637 0.0333659033 0.0344573665 
 0.0318944831 0.0324829079 0.0334909702 
 0.0312450370 0.0317722362 0.0327122594 
 0.0307445213 0.0312241014 0.0321110648 
 0.0303853494 0.0308304952 0.0316790213 
 0.0301618783 0.0305854480 0.0314098708 
 0.0300705556 0.0304851959 0.0312996597 
 0.0301100032 0.0305282774 0.0313468514 
 0.0302810488 0.0307155696 0.0315523701 
 0.0305867103 0.0310502711 0.0319195803 
 0.0310321306 0.0315378264 0.0324541987 
 0.0316244525 0.0321857843 0.0331641274 
 0.0323726201 0.0330035702 0.0340591887 
 0.0332870841 0.0340021498 0.0351507330 
 0.0343793832 0.0351935510 0.0364510880 
 0.0356615717 0.0365902142 0.0379728116 
 0.0371454632 0.0382041357 0.0397277205 
 0.0388416671 0.0400457848 0.0417256736 
 0.0407584095 0.0421227927 0.0439731233 
 