0.0711099367 0.0676233867 0.0642448636 
 0.0717327772 0.0682841224 0.0649456828 
 0.0724063183 0.0690007769 0.0657080394 
 0.0731266939 0.0697695290 0.0665281883 
 0.0738885524 0.0705849020 0.0674005477 
 0.0746849676 0.0714396464 0.0683175495 
 0.0755074106 0.0723246929 0.0692695682 
 0.0763457976 0.0732291888 0.0702449431 
 0.0771886175 0.0741406280 0.0712301084 
 0.0780231428 0.0750450782 0.0722098363 
 0.0788357203 0.0759275018 0.0731675902 
 0.0796121311 0.0767721600 0.0740859765 
 0.0803380045 0.0775630818 0.0749472754 
 0.0809992663 0.0782845754 0.0757340223 
 0.0815825992 0.0789217554 0.0764296101 
 0.0820758918 0.0794610584 0.0770188786 
 0.0824686549 0.0798907211 0.0774886624 
 0.0827523863 0.0802011991 0.0778282695 
 0.0829208676 0.0803855073 0.0780298707 
 0.0829703813 0.0804394698 0.0780887837 
 0.0828998412 0.0803618682 0.0780036436 
 0.0827108304 0.0801544855 0.0777764516 
 0.0824075463 0.0798220431 0.0774125038 
 0.0819966534 0.0793720322 0.0769201989 
 0.0814870505 0.0788144463 0.0763107331 
 0.0808895593 0.0781614248 0.0755976921 
 0.0802165488 0.0774268198 0.0747965569 
 0.0794815096 0.0766257089 0.0739241444 
 0.0786985998 0.0757738733 0.0729980117 
 0.0778821850 0.0748872708 0.0720358546 
 0.0770463927 0.0739815297 0.0710549317 
 0.0762047080 0.0730714893 0.0700715466 
 0.0753696247 0.0721708107 0.0691006132 
 0.0745523700 0.0712916738 0.0681553238 
 0.0737627102 0.0704445689 0.0672469278 
 0.0730088398 0.0696381874 0.0663846253 
 0.0722973506 0.0688794027 0.0655755649 
 0.0716332739 0.0681733346 0.0648249333 
 0.0710201822 0.0675234795 0.0641361195 
 0.0704603385 0.0669318916 0.0635109310 
 0.0699548780 0.0663993972 0.0629498457 
 0.0695040078 0.0659258274 0.0624522789 
 0.0691072149 0.0655102542 0.0620168512 
 0.0687634691 0.0651512206 0.0616416456 
 0.0684714152 0.0648469547 0.0613244448 
 0.0682295482 0.0645955627 0.0610629426 
 0.0680363661 0.0643951969 0.0608549264 
 0.0678905003 0.0642441969 0.0606984296 
 0.0677908199 0.0641412026 0.0605918522 
 0.0677365112 0.0640852397 0.0605340521 
 0.0677271321 0.0640757770 0.0605244062 
 0.0677626399 0.0641127576 0.0605628430 
 0.0678433958 0.0641966023 0.0606498465 
 0.0679701426 0.0643281871 0.0607864323 
 0.0681439584 0.0645087931 0.0609740949 
 0.0683661850 0.0647400297 0.0612147259 
 0.0686383300 0.0650237299 0.0615105022 
 0.0689619450 0.0653618175 0.0618637437 
 0.0693384793 0.0657561482 0.0622767403 
 0.0697691117 0.0662083239 0.0627515501 
 0.0702545637 0.0667194851 0.0632897700 
 0.0707948993 0.0672900863 0.0638922850 
 0.0713893189 0.0679196612 0.0645590035 
 0.0720359560 0.0686065881 0.0652885892 
 0.0727316890 0.0693478695 0.0660782037 
 0.0734719811 0.0701389385 0.0669232769 
 0.0742507614 0.0709735108 0.0678173246 
 0.0750603629 0.0718434980 0.0687518326 
 0.0758915284 0.0727389973 0.0697162266 
 0.0767334937 0.0736483705 0.0706979432 
 0.0775741545 0.0745584185 0.0716826119 
 0.0784003148 0.0754546529 0.0726543497 
 0.0791980111 0.0763216569 0.0735961620 
 0.0799528995 0.0771435221 0.0744904340 
 0.0806506880 0.0779043400 0.0753194881 
 0.0812775939 0.0785887245 0.0760661794 
 0.0818208009 0.0791823369 0.0767144959 
 0.0822688965 0.0796723873 0.0772501325 
 0.0826122662 0.0800480877 0.0776610100 
 0.0828434287 0.0803010371 0.0779377141 
 0.0829572974 0.0804255213 0.0780738390 
 0.0829513583 0.0804187166 0.0780662189 
 0.0828257579 0.0802807908 0.0779150434 
 0.0825832984 0.0800148973 0.0776238508 
 0.0822293396 0.0796270633 0.0771994003 
 0.0817716117 0.0791259743 0.0766514267 
 0.0812199446 0.0785226642 0.0759922863 
 0.0805859251 0.0778301214 0.0752365063 
 0.0798824959 0.0770628279 0.0744002578 
 0.0791235141 0.0762362530 0.0735007758 
 0.0783232914 0.0753663255 0.0725557568 
 0.0774961381 0.0744689129 0.0715827647 
 0.0766559336 0.0735593340 0.0705986785 
 0.0758157456 0.0726519287 0.0696192098 
 0.0749875136 0.0717597076 0.0686585137 
 0.0741818105 0.0708940915 0.0677289069 
 0.0734076865 0.0700647489 0.0668407005 
 0.0726725961 0.0692795297 0.0660021426 
 0.0719824019 0.0685444859 0.0652194605 
 0.0713414463 0.0678639685 0.0644969873 
 0.0707526767 0.0672407834 0.0638373525 
 0.0702178113 0.0666763899 0.0632417174 
 0.0697375313 0.0661711253 0.0627100357 
 0.0693116856 0.0657244409 0.0622413226 
 0.0689394972 0.0653351365 0.0618339194 
 0.0686197629 0.0650015841 0.0614857423 
 0.0683510374 0.0647219325 0.0611945078 
 0.0681317993 0.0644942897 0.0609579318 
 0.0679605931 0.0643168782 0.0607738980 
 0.0678361483 0.0641881638 0.0606405954 
 0.0677574718 0.0641069551 0.0605566258 
 0.0677239163 0.0640724768 0.0605210805 
 0.0677352216 0.0640844142 0.0605335886 
 0.0677915327 0.0641429322 0.0605943361 
 0.0678933911 0.0642486660 0.0607040572 
 0.0680417018 0.0644026865 0.0608639969 
 0.0682376753 0.0646064378 0.0610758452 
 0.0684827436 0.0648616475 0.0613416412 
 0.0687784516 0.0651702088 0.0616636478 
 0.0691263238 0.0655340360 0.0620441947 
 0.0695277069 0.0659548925 0.0624854920 
 0.0699835932 0.0664341946 0.0629894154 
 0.0704944268 0.0669727954 0.0635572659 
 0.0710598990 0.0675707543 0.0641895118 
 0.0716787428 0.0682271007 0.0648855203 
 0.0723485347 0.0689396045 0.0656432930 
 0.0730655179 0.0697045655 0.0664592187 
 0.0738244592 0.0705166396 0.0673278631 
 0.0746185548 0.0713687162 0.0682418146 
 0.0754393981 0.0722518651 0.0691916057 
 0.0762770205 0.0731553667 0.0701657284 
 0.0771200129 0.0740668338 0.0711507548 
 0.0779557306 0.0749724321 0.0721315720 
 0.0787705777 0.0758571934 0.0730917270 
 0.0795503624 0.0767054147 0.0740138717 
 0.0802807078 0.0775011222 0.0748802883 
 0.0809474981 0.0782285816 0.0756734683 
 0.0815373389 0.0788728238 0.0763767142 
 0.0820380083 0.0794201634 0.0769747315 
 0.0824388764 0.0798586805 0.0774541804 
 0.0827312747 0.0801786446 0.0778041612 
 0.0829087986 0.0803728617 0.0780166108 
 0.0829675311 0.0804369317 0.0780865959 
 0.0829061805 0.0803694051 0.0780124918 
 0.0827261250 0.0801718345 0.0777960416 
 0.0824313651 0.0798487201 0.0774422934 
 0.0820283835 0.0794073492 0.0769594176 
 0.0815259187 0.0788575358 0.0763584098 
 0.0809346586 0.0782112705 0.0756526907 
 0.0802668699 0.0774822927 0.0748576168 
 0.0795359751 0.0766856064 0.0739899260 
 0.0787561000 0.0758369605 0.0730671432 
 0.0779416128 0.0749523203 0.0721069774 
 0.0771066772 0.0740473594 0.0711267433 
 0.0762648431 0.0731369952 0.0701428374 
 0.0754286935 0.0722349940 0.0691702966 
 0.0746095633 0.0713536602 0.0682224569 
 0.0738173377 0.0705036212 0.0673107246 
 0.0730603353 0.0696937097 0.0664444599 
 0.0723452717 0.0689309386 0.0656309682 
 0.0716772957 0.0682205595 0.0648755830 
 0.0710600876 0.0675661879 0.0641818242 
 0.0704960051 0.0669699816 0.0635516126 
 0.0699862628 0.0664328530 0.0629855186 
 0.0695311316 0.0659547007 0.0624830291 
 0.0691301458 0.0655346465 0.0620428159 
 0.0687823076 0.0651712654 0.0616629938 
 0.0684862796 0.0648628019 0.0613413600 
 0.0682405618 0.0646073644 0.0610756076 
 0.0680436467 0.0644030958 0.0608635102 
 0.0678941506 0.0642483164 0.0607030770 
 0.0677909207 0.0641416389 0.0605926756 
 0.0677331166 0.0640820565 0.0605311257 
 0.0677202656 0.0640690024 0.0605177625 
 0.0677522939 0.0641023825 0.0605524714 
 0.0678295320 0.0641825812 0.0606356940 
 0.0679526949 0.0643104412 0.0607684067 
 0.0681228374 0.0644872149 0.0609520701 
 0.0683412844 0.0647144905 0.0611885492 
 0.0686095355 0.0649940884 0.0614800041 
 0.0689291444 0.0653279318 0.0618287503 
 0.0693015746 0.0657178884 0.0622370877 
 0.0697280331 0.0661655878 0.0627071010 
 0.0702092844 0.0666722146 0.0632404320 
 0.0707454511 0.0672382854 0.0638380311 
 0.0713358083 0.0678634139 0.0644998922 
 0.0719785790 0.0685460763 0.0652247851 
 0.0726707450 0.0692833887 0.0660099962 
 0.0734078832 0.0700709113 0.0668510964 
 0.0741840439 0.0709024959 0.0677417538 
 0.0749916831 0.0717701940 0.0686736123 
 0.0758216630 0.0726642398 0.0696362542 
 0.0766633294 0.0735731224 0.0706172628 
 0.0775046716 0.0744837526 0.0716023955 
 0.0783325648 0.0753817271 0.0725758706 
 0.0791330889 0.0762516832 0.0735207594 
 0.0798919116 0.0770777303 0.0744194725 
 0.0805947179 0.0778439384 0.0752543128 
 0.0812276664 0.0785348590 0.0760080691 
 0.0817778475 0.0791360513 0.0766646177 
 0.0822337230 0.0796345859 0.0772094994 
 0.0825855249 0.0800195034 0.0776304436 
 0.0828255950 0.0802822048 0.0779178149 
 0.0829486534 0.0804167586 0.0780649639 
 0.0829519823 0.0804201124 0.0780684685 
 0.0828355221 0.0802922018 0.0779282577 
 0.0826018727 0.0800359532 0.0776476152 
 0.0822562034 0.0796571794 0.0772330601 
 0.0818060715 0.0791643726 0.0766941109 
 0.0812611585 0.0785684007 0.0760429389 
 0.0806329316 0.0778821197 0.0752939249 
 0.0799342471 0.0771199172 0.0744631365 
 0.0791789107 0.0762972079 0.0735677516 
 0.0783812186 0.0754299075 0.0726254559 
 0.0775554997 0.0745339093 0.0716538477 
 0.0767156839 0.0736245936 0.0706698802 
 0.0758749161 0.0727163923 0.0696893733 
 0.0750452347 0.0718224311 0.0687266160 
 0.0742373264 0.0709542626 0.0677940763 
 0.0734603638 0.0701216956 0.0669022251 
 0.0727219264 0.0693327213 0.0660594702 
 0.0720279984 0.0685935287 0.0652721919 
 0.0713830359 0.0679085952 0.0645448635 
 0.0707900882 0.0672808391 0.0638802378 
 0.0702509618 0.0667118156 0.0632795799 
 0.0697664099 0.0662019396 0.0627429264 
 0.0693363376 0.0657507215 0.0622693546 
 0.0689600084 0.0653570026 0.0618572479 
 0.0686362443 0.0650191793 0.0615045458 
 0.0683636119 0.0647354102 0.0612089721 
 0.0681405895 0.0645037998 0.0609682356 
 0.0679657114 0.0643225562 0.0607802010 
 0.0678376887 0.0641901218 0.0606430290 
 0.0677555038 0.0641052755 0.0605552858 
 0.0677184803 0.0640672076 0.0605160228 
 0.0677263275 0.0640755668 0.0605248262 
 0.0677791588 0.0641304808 0.0605818391 
 0.0678774861 0.0642325496 0.0606877543 
 0.0680221884 0.0643828127 0.0608437798 
 0.0682144556 0.0645826885 0.0610515746 
 0.0684557067 0.0648338871 0.0613131555 
 0.0687474830 0.0651382944 0.0616307740 
 0.0690913163 0.0654978295 0.0620067617 
 0.0694885739 0.0659142750 0.0624433460 
 0.0699402831 0.0663890822 0.0629424375 
 0.0704469379 0.0669231565 0.0635053915 
 0.0710082958 0.0675166276 0.0641327507 
 0.0716231714 0.0681686134 0.0648239775 
 0.0722892375 0.0688769891 0.0655771886 
 0.0730028458 0.0696381751 0.0663889054 
 0.0737588809 0.0704469588 0.0672538406 
 0.0745506616 0.0712963682 0.0681647383 
 0.0753699037 0.0721776129 0.0691122897 
 0.0762067545 0.0730801067 0.0700851397 
 0.0770499080 0.0739915828 0.0710699998 
 0.0778868037 0.0748983061 0.0720518739 
 0.0787039048 0.0757853803 0.0730143948 
 0.0794870489 0.0766371402 0.0739402625 
 0.0802218549 0.0774376123 0.0748117643 
 0.0808941678 0.0781710219 0.0756113510 
 0.0814905184 0.0788223192 0.0763222377 
 0.0819985762 0.0793776991 0.0769289981 
 0.0824075724 0.0798250869 0.0774181206 
 0.0827086734 0.0801545677 0.0777784996 
 0.0828952894 0.0803587398 0.0780018395 
 0.0829633046 0.0804329795 0.0780829564 
 0.0829112213 0.0803756059 0.0780199662 
 0.0827402125 0.0801879408 0.0778143530 
 0.0824540809 0.0798742622 0.0774709157 
 0.0820591258 0.0794416515 0.0769975944 
 0.0815639231 0.0788997410 0.0764051818 
 0.0809790252 0.0782603701 0.0757069302 
 0.0803165934 0.0775371624 0.0749180688 
 0.0795899798 0.0767450455 0.0740552529 
 0.0788132749 0.0758997324 0.0731359713 
 0.0780008471 0.0750171935 0.0721779433 
 0.0771668937 0.0741131447 0.0711985364 
 0.0763250277 0.0732025795 0.0702142378 
 0.0754879200 0.0722993675 0.0692402053 
 0.0746670116 0.0714159367 0.0682899176 
 0.0738723063 0.0705630509 0.0673749371 
 0.0731122470 0.0697496842 0.0665047849 
 0.0723936731 0.0689829900 0.0656869236 
 0.0717218522 0.0682683520 0.0649268342 
 0.0711005731 0.0676095064 0.0642281698 
 0.0705322895 0.0670087160 0.0635929657 
 0.0700182968 0.0664669810 0.0630218866 
 0.0695589310 0.0659842690 0.0625144928 
 0.0691537754 0.0655597528 0.0620695088 
 0.0688018653 0.0651920411 0.0616850831 
 0.0685018827 0.0648793959 0.0613590285 
 0.0682523335 0.0646199292 0.0610890385 
 0.0680517053 0.0644117750 0.0608728741 
 0.0678986002 0.0642532350 0.0607085208 
 0.0677918441 0.0641428955 0.0605943144 
 0.0677305697 0.0640797176 0.0605290369 
 0.0677142745 0.0640630986 0.0605119819 
 0.0677428532 0.0640929075 0.0605429914 
 0.0678166055 0.0641694921 0.0606224648 
 0.0679362181 0.0642936612 0.0607513387 
 0.0681027221 0.0644666383 0.0609310389 
 0.0683174249 0.0646899891 0.0611634032 
 0.0685818168 0.0649655209 0.0614505741 
 0.0688974528 0.0652951546 0.0617948609 
 0.0692658096 0.0656807691 0.0621985724 
 0.0696881207 0.0661240199 0.0626638180 
 0.0701651923 0.0666261344 0.0631922832 
 0.0706972044 0.0671876894 0.0637849814 
 0.0712835051 0.0678083772 0.0644419904 
 0.0719224061 0.0684867703 0.0651621843 
 0.0726109910 0.0692200973 0.0659429729 
 0.0733449503 0.0700040444 0.0667800667 
 0.0741184546 0.0708325991 0.0676672857 
 0.0749240835 0.0716979528 0.0685964318 
 0.0757528195 0.0725904778 0.0695572445 
 0.0765941196 0.0734987917 0.0705374554 
 0.0774360687 0.0744099175 0.0715229525 
 0.0782656159 0.0753095398 0.0724980578 
 0.0790688876 0.0761823536 0.0734459131 
 0.0798315665 0.0770124898 0.0743489583 
 0.0805393184 0.0777840012 0.0751894815 
 0.0811782465 0.0784813810 0.0759502101 
 0.0817353517 0.0790900900 0.0766149132 
 0.0821989734 0.0795970634 0.0771689817 
 0.0825591925 0.0799911735 0.0775999572 
 0.0828081764 0.0802636257 0.0778979859 
 0.0829404532 0.0804082730 0.0780561772 
 0.0829531027 0.0804218353 0.0780708534 
 0.0828458585 0.0803040162 0.0779416835 
 0.0826211180 0.0800575140 0.0776716955 
 0.0822838582 0.0796879259 0.0772671667 
 0.0818414617 0.0792035481 0.0767373965 
 0.0813034585 0.0786150795 0.0760943678 
 0.0806811932 0.0779352399 0.0753523106 
 0.0799874316 0.0771783180 0.0745271843 
 0.0792359244 0.0763596701 0.0736361047 
 0.0784409480 0.0754951937 0.0726967421 
 0.0776168466 0.0746008042 0.0717267238 
 0.0767775967 0.0736919391 0.0707430733 
 0.0759364176 0.0727831190 0.0697617149 
 0.0751054441 0.0718875827 0.0687970690 
 0.0742954750 0.0710170122 0.0678617530 
 0.0735158045 0.0701813555 0.0669663962 
 0.0727741364 0.0693887453 0.0661195661 
 0.0720765768 0.0686455074 0.0653277965 
 0.0714276960 0.0679562467 0.0645957019 
 0.0708306466 0.0673239952 0.0639261599 
 0.0702873242 0.0667504053 0.0633205412 
 0.0697985558 0.0662359712 0.0627789671 
 0.0693643044 0.0657802644 0.0623005790 
 0.0689838752 0.0653821692 0.0618838042 
 0.0686561171 0.0650401083 0.0615266077 
 0.0683796099 0.0647522513 0.0612267219 
 0.0681528328 0.0645167006 0.0609818500 
 0.0679743110 0.0643316511 0.0607898387 
 0.0678427380 0.0641955227 0.0606488215 
 0.0677570721 0.0641070652 0.0605573299 
 0.0677166089 0.0640654350 0.0605143754 
 0.0677210266 0.0640702443 0.0605195019 
 0.0677704073 0.0641215836 0.0605728092 
 0.0678652330 0.0642200173 0.0606749488 
 0.0680063562 0.0643665531 0.0608270908 
 0.0681949454 0.0645625829 0.0610308625 
 0.0684324058 0.0648097981 0.0612882574 
 0.0687202735 0.0651100762 0.0616015139 
 0.0690600867 0.0654653396 0.0619729640 
 0.0694532316 0.0658773882 0.0624048507 
 0.0699007684 0.0663477064 0.0628991173 
 0.0704032398 0.0668772501 0.0634571711 
 0.0709604674 0.0674662173 0.0640796270 
 0.0715713460 0.0681138124 0.0647660405 
 0.0722336431 0.0688180142 0.0655146412 
 0.0729438179 0.0695753622 0.0663220817 
 0.0736968721 0.0703807748 0.0671832204 
 0.0744862473 0.0712274184 0.0680909570 
 0.0753037822 0.0721066428 0.0690361416 
 0.0761397414 0.0730079966 0.0700075735 
 0.0769829245 0.0739193359 0.0709921062 
 0.0778208579 0.0748270281 0.0719748637 
 0.0786400679 0.0757162527 0.0729395693 
 0.0794264255 0.0765713873 0.0738689764 
 0.0801655503 0.0773764637 0.0747453831 
 0.0808432526 0.0781156723 0.0755512054 
 0.0814459934 0.0787738879 0.0762695772 
 0.0819613383 0.0793371911 0.0768849463 
 0.0823783834 0.0797933569 0.0773836347 
 0.0826881337 0.0801322898 0.0777543351 
 0.0828838169 0.0803463837 0.0779885229 
 0.0829611202 0.0804307935 0.0780807662 
 0.0829183411 0.0803836079 0.0780289226 
 0.0827564471 0.0802059179 0.0778342173 
 0.0824790419 0.0799017779 0.0775011986 
 0.0820922397 0.0794780614 0.0770375739 
 0.0816044509 0.0789442160 0.0764539294 
 0.0810260884 0.0783119252 0.0757633445 
 0.0803692045 0.0775946926 0.0749809155 
 0.0796470754 0.0768073636 0.0741232092 
 0.0788737520 0.0759656102 0.0732076723 
 0.0780635977 0.0750854020 0.0722520280 
 0.0772308388 0.0741824922 0.0712736910 
 0.0763891472 0.0732719457 0.0702892339 
 0.0755512778 0.0723677314 0.0693139309 
 0.0747287750 0.0714823978 0.0683614005 
 0.0739317592 0.0706268428 0.0674433587 
 0.0731687960 0.0698101809 0.0665694857 
 0.0724468484 0.0690397048 0.0657474014 
 0.0717713024 0.0683209312 0.0649827348 
 0.0711460563 0.0676577176 0.0642792729 
 0.0705736606 0.0670524332 0.0636391673 
 0.0700554932 0.0665061673 0.0630631789 
 0.0695919566 0.0660189588 0.0625509434 
 0.0691826848 0.0655900332 0.0621012403 
 0.0688267482 0.0652180348 0.0617122535 
 0.0685228494 0.0649012448 0.0613818137 
 0.0682695021 0.0646377806 0.0611076165 
 0.0680651900 0.0644257688 0.0608874116 
 0.0679085025 0.0642634936 0.0607191625 
 0.0677982448 0.0641495159 0.0606011742 
 0.0677335235 0.0640827653 0.0605321915 
 0.0677138066 0.0640626040 0.0605114669 
 0.0677389576 0.0640888639 0.0605387995 
 0.0678092454 0.0641618564 0.0606145461 
 0.0679253278 0.0642823558 0.0607396032 
 0.0680882115 0.0644515559 0.0609153613 
 0.0682991857 0.0646709992 0.0611436296 
 0.0685597302 0.0649424784 0.0614265316 
 0.0688713997 0.0652679109 0.0617663693 
 0.0692356825 0.0656491847 0.0621654578 
 0.0696538369 0.0660879792 0.0626259295 
 0.0701267088 0.0665855625 0.0631495109 
 0.0706545336 0.0671425693 0.0637372760 
 0.0712367304 0.0677587685 0.0643893841 
 0.0718716978 0.0684328265 0.0651048111 
 0.0725566201 0.0691620830 0.0658810882 
 0.0732872999 0.0699423488 0.0667140641 
 0.0740580283 0.0707677466 0.0675977095 
 0.0748615084 0.0716306078 0.0685239847 
 0.0756888444 0.0725214437 0.0694827872 
 0.0765296064 0.0734290030 0.0704619991 
 0.0773719779 0.0743404235 0.0714476420 
 0.0782029855 0.0752414823 0.0724241468 
 0.0790088070 0.0761169365 0.0733747305 
 0.0797751449 0.0769509448 0.0742818691 
 0.0804876510 0.0777275482 0.0751278424 
 0.0811323793 0.0784311881 0.0758953233 
 0.0816962460 0.0790472332 0.0765679805 
 0.0821674734 0.0795624888 0.0771310613 
 0.0825359957 0.0799656638 0.0775719256 
 0.0827938097 0.0802477723 0.0778805057 
 0.0829352544 0.0804024551 0.0780496731 
 0.0829572085 0.0804262063 0.0780754971 
 0.0828592004 0.0803184984 0.0779573876 
 0.0826434239 0.0800818014 0.0776981164 
 0.0823146626 0.0797214949 0.0773037171 
 0.0818801218 0.0792456763 0.0767832671 
 0.0813491765 0.0786648719 0.0761485564 
 0.0807330444 0.0779916604 0.0754136588 
 0.0800443961 0.0772402261 0.0745944195 
 0.0792969218 0.0764258608 0.0737078855 
 0.0785048729 0.0755644381 0.0727717046 
 0.0776826033 0.0746718889 0.0718035270 
 0.0768441313 0.0737637031 0.0708204400 
 0.0760027461 0.0728544848 0.0698384670 
 0.0751706751 0.0719575814 0.0688721553 
 0.0743588263 0.0710848017 0.0679342682 
 0.0735766132 0.0702462305 0.0670355914 
 0.0728318628 0.0694501406 0.0661848509 
 0.0721308025 0.0687029943 0.0653887335 
 0.0714781171 0.0680095244 0.0646519955 
 0.0708770630 0.0673728775 0.0639776406 
 0.0703296262 0.0667948046 0.0633671466 
 0.0698367091 0.0662758811 0.0628207217 
 0.0693983340 0.0658157413 0.0623375735 
 0.0690138498 0.0654133145 0.0619161754 
 0.0686821339 0.0650670516 0.0615545198 
 0.0684017810 0.0647751352 0.0612503499 
 0.0681712728 0.0645356671 0.0610013648 
 0.0679891266 0.0643468304 0.0608053952 
 0.0678540194 0.0642070238 0.0606605483 
 0.0677648866 0.0641149689 0.0605653220 
 0.0677209958 0.0640697889 0.0605186889 
 0.0677219949 0.0640710598 0.0605201506 
 0.0677679348 0.0641188351 0.0605697640 
 0.0678592674 0.0642136436 0.0606681390 
 0.0679968180 0.0643564602 0.0608164073 
 0.0681817333 0.0645486499 0.0610161637 
 0.0684154031 0.0647918844 0.0612693771 
 0.0686993577 0.0650880310 0.0615782717 
 0.0690351396 0.0654390140 0.0619451778 
 0.0694241523 0.0658466484 0.0623723518 
 0.0698674872 0.0663124501 0.0628617676 
 0.0703657333 0.0668374228 0.0634148818 
 0.0709187746 0.0674218305 0.0640323794 
 0.0715255839 0.0680649621 0.0647139062 
 0.0721840220 0.0687648981 0.0654578024 
 0.0728906542 0.0695182954 0.0662608498 
 0.0736405986 0.0703202022 0.0671180513 
 0.0744274193 0.0711639233 0.0680224618 
 0.0752430785 0.0720409489 0.0689650904 
 0.0760779600 0.0729409644 0.0699348927 
 0.0769209711 0.0738519507 0.0709188665 
 0.0777597287 0.0747603819 0.0719022599 
 0.0785808260 0.0756515175 0.0728688915 
 0.0793701724 0.0765097833 0.0738015740 
 0.0801133935 0.0773192222 0.0746826230 
 0.0807962705 0.0780639960 0.0754944265 
 0.0814052002 0.0787289104 0.0762200443 
 0.0819276493 0.0792999373 0.0768438050 
 0.0823525840 0.0797647074 0.0773518700 
 0.0826708521 0.0801129492 0.0777327359 
 0.0828755022 0.0803368560 0.0779776535 
 0.0829620268 0.0804313638 0.0780809457 
 0.0829285200 0.0803943329 0.0780402138 
 0.0827757442 0.0802266236 0.0778564243 
 0.0825071036 0.0799320659 0.0775338741 
 0.0821285252 0.0795173235 0.0770800355 
 0.0816482512 0.0789916557 0.0765052846 
 0.0810765511 0.0783665864 0.0758225232 
 0.0804253638 0.0776554937 0.0750467094 
 0.0797078850 0.0768731358 0.0741943148 
 0.0789381202 0.0760351374 0.0732827376 
 0.0781304231 0.0751574615 0.0723296982 
 0.0772990435 0.0742558930 0.0713526523 
 0.0764577075 0.0733455629 0.0703682522 
 0.0756192503 0.0724405351 0.0693918837 
 0.0747953161 0.0715534748 0.0684373008 
 0.0739961391 0.0706954113 0.0675163704 
 0.0732304064 0.0698755976 0.0666389303 
 0.0725052031 0.0691014651 0.0658127566 
 0.0718260337 0.0683786633 0.0650436265 
 0.0711969063 0.0677111717 0.0643354618 
 0.0706204691 0.0671014668 0.0636905315 
 0.0700981838 0.0665507286 0.0631096946 
 0.0696305208 0.0660590690 0.0625926642 
 0.0692171665 0.0656257681 0.0621382768 
 0.0688572279 0.0652495074 0.0617447538 
 0.0685494299 0.0649285897 0.0614099457 
 0.0682922954 0.0646611387 0.0611315521 
 0.0680843061 0.0644452755 0.0609073131 
 0.0679240392 0.0642792681 0.0607351713 
 0.0678102805 0.0641616531 0.0606134022 
 0.0677421113 0.0640913292 0.0605407143 
 0.0677189705 0.0640676242 0.0605163196 
 0.0677406907 0.0640903331 0.0605399746 
 0.0678075098 0.0641597308 0.0606119933 
 0.0679200567 0.0642765571 0.0607332321 
 0.0680793132 0.0644419754 0.0609050453 
 0.0682865491 0.0646575041 0.0611292130 
 0.0685432330 0.0649249204 0.0614078384 
 0.0688509180 0.0652461364 0.0617432145 
 0.0692111023 0.0656230478 0.0621376614 
 0.0696250675 0.0660573563 0.0625933321 
 0.0700936972 0.0665503682 0.0631119919 
 0.0706172803 0.0671027745 0.0636947733 
 0.0711953053 0.0677144180 0.0643419146 
 0.0718262557 0.0683840576 0.0650524912 
 0.0725074151 0.0691091419 0.0658241537 
 0.0732346973 0.0698856052 0.0666528872 
 0.0740025132 0.0707077045 0.0675328125 
 0.0748036896 0.0715679114 0.0684560475 
 0.0756294530 0.0724568770 0.0694126491 
 0.0764694886 0.0733634823 0.0703906510 
 0.0773120809 0.0742749832 0.0713762118 
 0.0781443375 0.0751772524 0.0723538747 
 0.0789524910 0.0760551140 0.0733069370 
 0.0797222687 0.0768927588 0.0742179161 
 0.0804393131 0.0776742219 0.0750690896 
 0.0810896337 0.0783838984 0.0758430823 
 0.0816600674 0.0790070703 0.0765234687 
 0.0821387236 0.0795304183 0.0770953582 
 0.0825153941 0.0799424923 0.0775459339 
 0.0827819086 0.0802341192 0.0778649187 
 0.0829324193 0.0803987304 0.0780449496 
 0.0829636061 0.0804325963 0.0780818452 
 0.0828747924 0.0803349591 0.0779747569 
 0.0826679689 0.0801080602 0.0777262003 
 0.0823477243 0.0797570606 0.0773419641 
 0.0819210846 0.0792898568 0.0768309007 
 0.0813972672 0.0787167988 0.0762046039 
 0.0807873593 0.0780503205 0.0754769868 
 0.0801039323 0.0773044973 0.0746637751 
 0.0793606113 0.0764945513 0.0737819412 
 0.0785716184 0.0756363272 0.0728491050 
 0.0777513123 0.0747457664 0.0718829337 
 0.0769137493 0.0738384062 0.0709005731 
 0.0760722846 0.0729289302 0.0699181415 
 0.0752392349 0.0720307911 0.0689503088 
 0.0744256150 0.0711559214 0.0680099817 
 0.0736409558 0.0703145412 0.0671081002 
 0.0728932065 0.0695150622 0.0662535478 
 0.0721887152 0.0687640831 0.0654531641 
 0.0715322816 0.0680664645 0.0647118479 
 0.0709272664 0.0674254687 0.0640327299 
 0.0703757471 0.0668429466 0.0634173966 
 0.0698787026 0.0663195561 0.0628661447 
 0.0694362159 0.0658549959 0.0623782497 
 0.0690476811 0.0654482420 0.0619522331 
 0.0687120057 0.0650977751 0.0615861166 
 0.0684278004 0.0648017923 0.0612776555 
 0.0681935507 0.0645583963 0.0610245467 
 0.0680077672 0.0643657593 0.0608246059 
 0.0678691113 0.0642222601 0.0606759154 
 0.0677764962 0.0641265929 0.0605769400 
 0.0677291621 0.0640778481 0.0605266141 
 0.0677267269 0.0640755659 0.0605243976 
 0.0677692104 0.0641197631 0.0605703047 
 0.0678570342 0.0642109327 0.0606649033 
 0.0679909965 0.0643500165 0.0608092867 
 0.0681722211 0.0645383521 0.0610050165 
 0.0684020822 0.0647775905 0.0612540361 
 0.0686821029 0.0650695881 0.0615585544 
 0.0690138292 0.0654162695 0.0619208988 
 0.0693986804 0.0658194639 0.0623433376 
 0.0698377776 0.0662807163 0.0628278734 
 0.0703317545 0.0668010771 0.0633760105 
 0.0708805560 0.0673808745 0.0639885013 
 0.0714832315 0.0680194797 0.0646650803 
 0.0721377334 0.0687150735 0.0654041966 
 0.0728407319 0.0694644286 0.0662027594 
 0.0735874609 0.0702627224 0.0670559148 
 0.0743716066 0.0711033972 0.0679568720 
 0.0751852552 0.0719780840 0.0688967994 
 0.0760189100 0.0728766055 0.0698648096 
 0.0768615878 0.0737870696 0.0708480464 
 0.0777009982 0.0746960587 0.0718318845 
 0.0785238041 0.0755889160 0.0728002413 
 0.0793159567 0.0764501186 0.0737359927 
 0.0800630908 0.0772637250 0.0746214763 
 0.0807509628 0.0780138725 0.0754390571 
 0.0813659086 0.0786853020 0.0761717256 
 0.0818953003 0.0792638812 0.0768036959 
 0.0823279774 0.0797370999 0.0773209732 
 0.0826546331 0.0800945142 0.0777118615 
 0.0828681395 0.0803281190 0.0779673899 
 0.0829637961 0.0804326338 0.0780816383 
 0.0829394945 0.0804056911 0.0780519528 
 0.0827957922 0.0802479208 0.0778790414 
 0.0825358933 0.0799629281 0.0775669489 
 0.0821655364 0.0795571654 0.0771229110 
 0.0816927938 0.0790397015 0.0765570910 
 0.0811277892 0.0784218981 0.0758822101 
 0.0804823450 0.0777170043 0.0751130841 
 0.0797695734 0.0769396873 0.0742660858 
 0.0790034311 0.0761055209 0.0733585600 
 0.0781982583 0.0752304575 0.0724082202 
 0.0773683255 0.0743303102 0.0714325589 
 0.0765274101 0.0734202727 0.0704483042 
 0.0756884246 0.0725145010 0.0694709507 
 0.0748631116 0.0716257750 0.0685143857 
 0.0740618175 0.0707652539 0.0675906253 
 0.0732933495 0.0699423286 0.0667096642 
 0.0725649153 0.0691645686 0.0658794343 
 0.0718821375 0.0684377565 0.0651058617 
 0.0712491346 0.0677659944 0.0643930038 
 0.0706686537 0.0671518675 0.0637432484 
 0.0701422407 0.0665966476 0.0631575538 
 0.0696704355 0.0661005208 0.0626357122 
 0.0692529778 0.0656628232 0.0621766186 
 0.0688890128 0.0652822751 0.0617785336 
 0.0685772885 0.0649572017 0.0614393287 
 0.0683163383 0.0646857346 0.0611567088 
 0.0681046422 0.0644659901 0.0609284054 
 0.0679407666 0.0642962210 0.0607523414 
 0.0678234782 0.0641749400 0.0606267631 
 0.0677518337 0.0641010159 0.0605503436 
 0.0677252430 0.0640737419 0.0605222545 
 0.0677435081 0.0640928767 0.0605422100 
 0.0678068357 0.0641586584 0.0606104817 
 0.0679158260 0.0642717924 0.0607278851 
 0.0680714353 0.0644334113 0.0608957386 
 0.0682749136 0.0646450090 0.0611157923 
 0.0685277180 0.0649083464 0.0613901285 
 0.0688313988 0.0652253296 0.0617210304 
 0.0691874634 0.0655978611 0.0621108219 
 0.0695972155 0.0660276633 0.0625616755 
 0.0700615755 0.0665160800 0.0630753939 
 0.0705808844 0.0670638567 0.0636531664 
 0.0711546990 0.0676709090 0.0642953087 
 0.0717815864 0.0683360868 0.0650009945 
 0.0724589285 0.0690569463 0.0657679920 
 0.0731827495 0.0698295444 0.0665924217 
 0.0739475792 0.0706482716 0.0674685534 
 0.0747463681 0.0715057392 0.0683886623 
 0.0755704653 0.0723927382 0.0693429643 
 0.0764096715 0.0732982830 0.0703196460 
 0.0772523734 0.0742097484 0.0713050038 
 0.0780857610 0.0751131044 0.0722836952 
 0.0788961239 0.0759932443 0.0732391004 
 0.0796692163 0.0768343938 0.0741537811 
 0.0803906739 0.0776205848 0.0750100157 
 0.0810464643 0.0783361687 0.0757903842 
 0.0816233471 0.0789663438 0.0764783699 
 0.0821093213 0.0794976685 0.0770589475 
 0.0824940384 0.0799185363 0.0775191257 
 0.0827691622 0.0802195884 0.0778484201 
 0.0829286597 0.0803940482 0.0780392346 
 0.0829690124 0.0804379631 0.0780871378 
 0.0828893391 0.0803503454 0.0779910231 
 0.0826914270 0.0801332076 0.0777531494 
 0.0823796694 0.0797914912 0.0773790595 
 0.0819609118 0.0793328904 0.0768773794 
 0.0814442126 0.0787675774 0.0762595046 
 0.0808405266 0.0781078391 0.0755391849 
 0.0801623242 0.0773676397 0.0747320240 
 0.0794231634 0.0765621291 0.0738549171 
 0.0786372344 0.0757071206 0.0729254528 
 0.0778188994 0.0748185639 0.0719613129 
 0.0769822503 0.0739120417 0.0709796995 
 0.0761407068 0.0730023152 0.0699968234 
 0.0753066742 0.0721029412 0.0690274763 
 0.0744912728 0.0712259753 0.0680847071 
 0.0737041510 0.0703817723 0.0671796100 
 0.0729533800 0.0695788830 0.0663212260 
 0.0722454292 0.0688240429 0.0655165485 
 0.0715852134 0.0681222416 0.0647706195 
 0.0709761988 0.0674768576 0.0640866981 
 0.0704205551 0.0668898430 0.0634664805 
 0.0699193388 0.0663619393 0.0629103536 
 0.0694726947 0.0658929109 0.0624176621 
 0.0690800628 0.0654817815 0.0619869766 
 0.0687403815 0.0651270627 0.0616163491 
 0.0684522785 0.0648269667 0.0613035486 
 0.0682142439 0.0645795979 0.0610462700 
 0.0680247819 0.0643831184 0.0608423148 
 0.0678825387 0.0642358876 0.0606897409 
 0.0677864056 0.0641365722 0.0605869807 
 0.0677355960 0.0640842305 0.0605329303 
 0.0677296975 0.0640783670 0.0605270082 
 0.0677686991 0.0641189617 0.0605691858 
 0.0678529919 0.0642064715 0.0606599891 
 0.0679833466 0.0643418055 0.0608004728 
 0.0681608645 0.0645262731 0.0609921648 
 0.0683869033 0.0647615046 0.0612369829 
 0.0686629786 0.0650493448 0.0615371202 
 0.0689906394 0.0653917181 0.0618949003 
 0.0693713200 0.0657904671 0.0623126026 
 0.0698061707 0.0662471654 0.0627922577 
 0.0702958691 0.0667629087 0.0633354165 
 0.0708404200 0.0673380886 0.0639428979 
 0.0714389485 0.0679721578 0.0646145238 
 0.0720894977 0.0686633963 0.0653488508 
 0.0727888423 0.0694086917 0.0661429148 
 0.0735323310 0.0702033498 0.0669920040 
 0.0743137716 0.0710409498 0.0678894813 
 0.0751253741 0.0719132630 0.0688266740 
 0.0759577615 0.0728102499 0.0697928514 
 0.0768000603 0.0737201451 0.0707753039 
 0.0776400733 0.0746296404 0.0717595335 
 0.0784645338 0.0755241633 0.0727295575 
 0.0792594359 0.0763882439 0.0736683164 
 0.0800104250 0.0772059571 0.0745581714 
 0.0807032334 0.0779614175 0.0753814662 
 0.0813241378 0.0786393025 0.0761211236 
 0.0818604162 0.0792253767 0.0767612448 
 0.0823007823 0.0797069901 0.0772876797 
 0.0826357758 0.0800735271 0.0776885412 
 0.0828580923 0.0803167850 0.0779546368 
 0.0829628387 0.0804312667 0.0780798040 
 0.0829477040 0.0804143769 0.0780611334 
 0.0828130406 0.0802665151 0.0778990742 
 0.0825618521 0.0799910608 0.0775974185 
 0.0821996878 0.0795942542 0.0771631640 
 0.0817344494 0.0790849729 0.0766062604 
 0.0811761140 0.0784744150 0.0759392468 
 0.0805363862 0.0777756995 0.0751767951 
 0.0798282937 0.0770034012 0.0743351775 
 0.0790657434 0.0761730418 0.0734316842 
 0.0782630615 0.0753005620 0.0724840203 
 0.0774345380 0.0744018021 0.0715097139 
 0.0765940012 0.0734920179 0.0705255686 
 0.0757544407 0.0725854571 0.0695471868 
 0.0749276973 0.0716950145 0.0685885894 
 0.0741242301 0.0708319796 0.0676619421 
 0.0733529672 0.0700058814 0.0667773971 
 0.0726212389 0.0692244287 0.0659430435 
 0.0719347874 0.0684935383 0.0651649572 
 0.0712978424 0.0678174360 0.0644473326 
 0.0707132505 0.0671988165 0.0637926776 
 0.0701826433 0.0666390448 0.0632020513 
 0.0697066309 0.0661383822 0.0626753260 
 0.0692850071 0.0656962218 0.0622114563 
 0.0689169557 0.0653113234 0.0618087428 
 0.0686012489 0.0649820352 0.0614650791 
 0.0683364305 0.0647064973 0.0611781755 
 0.0681209799 0.0644828218 0.0609457559 
 0.0679534523 0.0643092462 0.0607657232 
 0.0678325958 0.0641842597 0.0606362953 
 0.0677574424 0.0641067011 0.0605561094 
 0.0677273732 0.0640758295 0.0605242973 
 0.0677421593 0.0640913668 0.0605405307 
 0.0678019767 0.0641535147 0.0606050383 
 0.0679073962 0.0642629435 0.0607185953 
 0.0680593486 0.0644207552 0.0608824833 
 0.0682590643 0.0646284189 0.0610984227 
 0.0685079879 0.0648876788 0.0613684742 
 0.0688076673 0.0652004351 0.0616949111 
 0.0691596183 0.0655685960 0.0620800605 
 0.0695651667 0.0659939048 0.0625261139 
 0.0700252688 0.0664777417 0.0630349107 
 0.0705403173 0.0670209065 0.0636076965 
 0.0711099367 0.0676233867 0.0642448636 
 