0.0873716761 0.0841891382 0.0810848272 
 0.0867265640 0.0834865168 0.0803203706 
 0.0860598173 0.0827618710 0.0795336149 
 0.0853818569 0.0820267336 0.0787373028 
 0.0847025623 0.0812919731 0.0779433702 
 0.0840310529 0.0805675492 0.0771626746 
 0.0833755199 0.0798623287 0.0764047936 
 0.0827431107 0.0791839636 0.0756778992 
 0.0821398681 0.0785388335 0.0749887042 
 0.0815707207 0.0779320458 0.0743424772 
 0.0810395184 0.0773674892 0.0737431159 
 0.0805491074 0.0768479291 0.0731932671 
 0.0801014335 0.0763751345 0.0726944810 
 0.0796976667 0.0759500272 0.0722473872 
 0.0793383381 0.0755728424 0.0718518820 
 0.0790234800 0.0752432911 0.0715073143 
 0.0787527647 0.0749607189 0.0712126660 
 0.0785256342 0.0747242529 0.0709667174 
 0.0783414185 0.0745329348 0.0707681944 
 0.0781994383 0.0743858353 0.0706158956 
 0.0780990903 0.0742821484 0.0705087960 
 0.0780399141 0.0742212654 0.0704461270 
 0.0780216389 0.0742028262 0.0704274333 
 0.0780442112 0.0742267496 0.0704526045 
 0.0781078016 0.0742932410 0.0705218847 
 0.0782127917 0.0744027777 0.0706358561 
 0.0783597413 0.0745560734 0.0707954004 
 0.0785493349 0.0747540198 0.0710016358 
 0.0787823102 0.0749976070 0.0712558299 
 0.0790593672 0.0752878238 0.0715592899 
 0.0793810611 0.0756255375 0.0719132303 
 0.0797476810 0.0760113576 0.0723186204 
 0.0801591168 0.0764454851 0.0727760151 
 0.0806147204 0.0769275527 0.0732853730 
 0.0811131653 0.0774564624 0.0738458694 
 0.0816523129 0.0780302272 0.0744557119 
 0.0822290926 0.0786458277 0.0751119692 
 0.0828394049 0.0792990915 0.0758104243 
 0.0834780561 0.0799846084 0.0765454660 
 0.0841387328 0.0806956890 0.0773100284 
 0.0848140245 0.0814243782 0.0780955928 
 0.0854954966 0.0821615283 0.0788922574 
 0.0861738189 0.0828969349 0.0796888814 
 0.0868389461 0.0836195367 0.0804733033 
 0.0874803465 0.0843176709 0.0812326269 
 0.0880872704 0.0849793784 0.0819535656 
 0.0886490470 0.0855927431 0.0826228301 
 0.0891553970 0.0861462509 0.0832275402 
 0.0895967459 0.0866291520 0.0837556413 
 0.0899645249 0.0870318078 0.0841963049 
 0.0902514451 0.0873460086 0.0845402956 
 0.0904517332 0.0875652466 0.0847802860 
 0.0905613202 0.0876849340 0.0849111086 
 0.0905779743 0.0877025568 0.0849299332 
 0.0905013740 0.0876177597 0.0848363647 
 0.0903331187 0.0874323575 0.0846324564 
 0.0900766755 0.0871502742 0.0843226395 
 0.0897372656 0.0867774110 0.0839135707 
 0.0893216926 0.0863214476 0.0834139029 
 0.0888381211 0.0857915856 0.0828339886 
 0.0882958130 0.0851982433 0.0821855276 
 0.0877048336 0.0845527155 0.0814811742 
 0.0870757398 0.0838668137 0.0807341226 
 0.0864192659 0.0831525039 0.0799576906 
 0.0857460191 0.0824215578 0.0791649217 
 0.0850662010 0.0816852361 0.0783682250 
 0.0843893651 0.0809540154 0.0775790687 
 0.0837242207 0.0802373707 0.0768077406 
 0.0830784886 0.0795436197 0.0760631813 
 0.0824588109 0.0788798308 0.0753528918 
 0.0818707148 0.0782517931 0.0746829130 
 0.0813186239 0.0776640424 0.0740578686 
 0.0808059140 0.0771199349 0.0734810615 
 0.0803350010 0.0766217585 0.0729546117 
 0.0799074564 0.0761708719 0.0724796215 
 0.0795241376 0.0757678594 0.0720563585 
 0.0791853280 0.0754126941 0.0716844432 
 0.0788908766 0.0751048989 0.0713630333 
 0.0786403339 0.0748437009 0.0710909978 
 0.0784330761 0.0746281722 0.0708670747 
 0.0782684171 0.0744573545 0.0706900088 
 0.0781457030 0.0743303650 0.0705586684 
 0.0780643893 0.0742464806 0.0704721384 
 0.0780240983 0.0742052023 0.0704297890 
 0.0780246572 0.0742062964 0.0704313216 
 0.0780661165 0.0742498142 0.0704767898 
 0.0781487470 0.0743360897 0.0705665970 
 0.0782730179 0.0744657153 0.0707014701 
 0.0784395544 0.0746394956 0.0708824096 
 0.0786490759 0.0748583789 0.0711106148 
 0.0789023150 0.0751233685 0.0713873868 
 0.0791999194 0.0754354135 0.0717140082 
 0.0795423375 0.0757952801 0.0720916004 
 0.0799296913 0.0762034089 0.0725209637 
 0.0803616401 0.0766597591 0.0730024010 
 0.0808372400 0.0771636462 0.0735355329 
 0.0813548057 0.0777135812 0.0741191106 
 0.0819117821 0.0783071172 0.0747508360 
 0.0825046340 0.0789407157 0.0754272008 
 0.0831287625 0.0796096409 0.0761433551 
 0.0837784574 0.0803078938 0.0768930200 
 0.0844468925 0.0810281953 0.0776684544 
 0.0851261718 0.0817620266 0.0784604874 
 0.0858074275 0.0824997305 0.0792586224 
 0.0864809731 0.0832306782 0.0800512152 
 0.0871365069 0.0839434945 0.0808257246 
 0.0877633603 0.0846263389 0.0815690275 
 0.0883507810 0.0852672271 0.0822677848 
 0.0888882386 0.0858543825 0.0829088431 
 0.0893657398 0.0863765983 0.0834796506 
 0.0897741375 0.0868235948 0.0839686697 
 0.0901054207 0.0871863551 0.0843657634 
 0.0903529730 0.0874574235 0.0846625406 
 0.0905117868 0.0876311545 0.0848526431 
 0.0905786280 0.0877039022 0.0849319647 
 0.0905521411 0.0876741426 0.0848987919 
 0.0904328936 0.0875425250 0.0847538630 
 0.0902233579 0.0873118503 0.0845003433 
 0.0899278288 0.0869869759 0.0841437152 
 0.0895522830 0.0865746531 0.0836915906 
 0.0891041834 0.0860833000 0.0831534482 
 0.0885922369 0.0855227211 0.0825403102 
 0.0880261149 0.0849037843 0.0818643686 
 0.0874161501 0.0842380691 0.0811385803 
 0.0867730210 0.0835375041 0.0803762489 
 0.0861074409 0.0828140086 0.0795906143 
 0.0854298633 0.0820791564 0.0787944703 
 0.0847502192 0.0813438780 0.0779998268 
 0.0840776943 0.0806182119 0.0772176336 
 0.0834205570 0.0799111150 0.0764575737 
 0.0827860387 0.0792303365 0.0757279304 
 0.0821802687 0.0785823549 0.0750355299 
 0.0816082606 0.0779723746 0.0743857502 
 0.0810739456 0.0774043754 0.0737825907 
 0.0805802435 0.0768812047 0.0732287892 
 0.0801291650 0.0764047027 0.0727259738 
 0.0797219347 0.0759758506 0.0722748381 
 0.0793591275 0.0755949300 0.0718753274 
 0.0790408087 0.0752616862 0.0715268259 
 0.0787666730 0.0749754869 0.0712283370 
 0.0785361754 0.0747354706 0.0709786503 
 0.0783486503 0.0745406810 0.0707764909 
 0.0782034154 0.0743901822 0.0706206474 
 0.0780998588 0.0742831559 0.0705100776 
 0.0780375068 0.0742189756 0.0704439907 
 0.0780160728 0.0741972609 0.0704219057 
 0.0780354860 0.0742179083 0.0704436852 
 0.0780959000 0.0742811015 0.0705095460 
 0.0781976813 0.0743872981 0.0706200458 
 0.0783413777 0.0745371957 0.0707760455 
 0.0785276669 0.0747316750 0.0709786481 
 0.0787572856 0.0749717224 0.0712291139 
 0.0790309409 0.0752583312 0.0715287518 
 0.0793492036 0.0755923832 0.0718787894 
 0.0797123883 0.0759745133 0.0722802210 
 0.0801204209 0.0764049600 0.0727336403 
 0.0805727000 0.0768834059 0.0732390589 
 0.0810679563 0.0774088152 0.0737957192 
 0.0816041183 0.0779792748 0.0744019100 
 0.0821781907 0.0785918493 0.0750547929 
 0.0827861557 0.0792424583 0.0757502543 
 0.0834229046 0.0799257882 0.0764827924 
 0.0840822093 0.0806352476 0.0772454532 
 0.0847567405 0.0813629759 0.0780298271 
 0.0854381375 0.0820999115 0.0788261128 
 0.0861171314 0.0828359235 0.0796232565 
 0.0867837227 0.0835600060 0.0804091636 
 0.0874274061 0.0842605303 0.0811709805 
 0.0880374364 0.0849255461 0.0818954351 
 0.0886031237 0.0855431190 0.0825692212 
 0.0891141453 0.0861016891 0.0831794099 
 0.0895608597 0.0865904328 0.0837138661 
 0.0899346090 0.0869996125 0.0841616514 
 0.0902279954 0.0873208966 0.0845133942 
 0.0904351206 0.0875476367 0.0847616090 
 0.0905517783 0.0876750901 0.0849009539 
 0.0905755915 0.0877005791 0.0849284140 
 0.0905060907 0.0876235808 0.0848434054 
 0.0903447291 0.0874457450 0.0846477950 
 0.0900948345 0.0871708383 0.0843458366 
 0.0897614995 0.0868046173 0.0839440244 
 0.0893514150 0.0863546350 0.0834508695 
 0.0888726516 0.0858299885 0.0828766077 
 0.0883343990 0.0852410163 0.0822328513 
 0.0877466736 0.0845989609 0.0815321983 
 0.0871200083 0.0839156094 0.0807878189 
 0.0864651366 0.0832029309 0.0800130387 
 0.0857926881 0.0824727262 0.0792209380 
 0.0851129064 0.0817363076 0.0784239884 
 0.0844354043 0.0810042222 0.0776337420 
 0.0837689631 0.0802860300 0.0768605858 
 0.0831213847 0.0795901428 0.0761135695 
 0.0824993970 0.0789237279 0.0754003072 
 0.0819086135 0.0782926730 0.0747269517 
 0.0813535417 0.0777016084 0.0740982332 
 0.0808376349 0.0771539775 0.0735175518 
 0.0803633793 0.0766521455 0.0729871122 
 0.0799324061 0.0761975367 0.0725080884 
 0.0795456226 0.0757907889 0.0720808050 
 0.0792033507 0.0754319155 0.0717049246 
 0.0789054675 0.0751204681 0.0713796339 
 0.0786515411 0.0748556907 0.0711038174 
 0.0784409566 0.0746366620 0.0708762172 
 0.0782730285 0.0744624216 0.0706955729 
 0.0781470973 0.0743320771 0.0705607392 
 0.0780626072 0.0742448903 0.0704707811 
 0.0780191659 0.0742003430 0.0704250447 
 0.0780165842 0.0741981799 0.0704232047 
 0.0780548947 0.0742384302 0.0704652875 
 0.0781343523 0.0743214070 0.0705516704 
 0.0782554121 0.0744476844 0.0706830572 
 0.0784186898 0.0746180529 0.0708604297 
 0.0786249003 0.0748334532 0.0710849759 
 0.0788747791 0.0750948887 0.0713579934 
 0.0791689847 0.0754033171 0.0716807717 
 0.0795079857 0.0757595245 0.0720544506 
 0.0798919344 0.0761639824 0.0724798619 
 0.0803205311 0.0766166931 0.0729573537 
 0.0807928835 0.0771170280 0.0734866064 
 0.0813073683 0.0776635657 0.0740664448 
 0.0818615017 0.0782539382 0.0746946579 
 0.0824518269 0.0788846949 0.0753678354 
 0.0830738287 0.0795511948 0.0760812339 
 0.0837218823 0.0802475365 0.0768286858 
 0.0843892456 0.0809665379 0.0776025611 
 0.0850681007 0.0816997711 0.0783937948 
 0.0857496483 0.0824376600 0.0791919851 
 0.0864242566 0.0831696412 0.0799855660 
 0.0870816608 0.0838843857 0.0807620525 
 0.0877112089 0.0845700751 0.0815083513 
 0.0883021420 0.0852147220 0.0822111235 
 0.0888438995 0.0858065182 0.0828571839 
 0.0893264335 0.0863341981 0.0834339171 
 0.0897405192 0.0867873963 0.0839296909 
 0.0900780471 0.0871569858 0.0843342458 
 0.0903322838 0.0874353796 0.0846390436 
 0.0904980905 0.0876167845 0.0848375599 
 0.0905720916 0.0876973948 0.0849255084 
 0.0905527844 0.0876755204 0.0849009883 
 0.0904405889 0.0875516436 0.0847645494 
 0.0902378334 0.0873284029 0.0845191740 
 0.0899486782 0.0870105038 0.0841701734 
 0.0895789782 0.0866045607 0.0837250057 
 0.0891360919 0.0861188748 0.0831930192 
 0.0886286417 0.0855631572 0.0825851322 
 0.0880662378 0.0849482084 0.0819134637 
 0.0874591752 0.0842855686 0.0811909290 
 0.0868181193 0.0835871549 0.0804308226 
 0.0861537933 0.0828649016 0.0796464059 
 0.0854766828 0.0821304227 0.0788505219 
 0.0847967688 0.0813947095 0.0780552535 
 0.0841233030 0.0806678781 0.0772716420 
 0.0834646304 0.0799589753 0.0765094748 
 0.0828280660 0.0792758470 0.0757771470 
 0.0822198255 0.0786250710 0.0750815977 
 0.0816450083 0.0780119490 0.0744283149 
 0.0811076268 0.0774405522 0.0738214004 
 0.0806106751 0.0769138106 0.0732636838 
 0.0801562294 0.0764336367 0.0727568721 
 0.0797455698 0.0760010718 0.0723017237 
 0.0793793156 0.0756164448 0.0718982342 
 0.0790575658 0.0752795360 0.0715458236 
 0.0787800384 0.0749897360 0.0712435178 
 0.0785462018 0.0747461955 0.0709901169 
 0.0783553953 0.0745479605 0.0707843453 
 0.0782069342 0.0743940896 0.0706249821 
 0.0781001982 0.0742837518 0.0705109687 
 0.0780347006 0.0742163037 0.0704414922 
 0.0780101391 0.0741913441 0.0704160460 
 0.0780264256 0.0742087479 0.0704344656 
 0.0780836966 0.0742686765 0.0704969409 
 0.0781823033 0.0743715679 0.0706040043 
 0.0783227814 0.0745181029 0.0707564957 
 0.0785058010 0.0747091511 0.0709555025 
 0.0787320978 0.0749456945 0.0712022769 
 0.0790023849 0.0752287301 0.0714981291 
 0.0793172483 0.0755591534 0.0718442982 
 0.0796770272 0.0759376241 0.0722418033 
 0.0800816828 0.0763644172 0.0726912754 
 0.0805306595 0.0768392642 0.0731927780 
 0.0810227446 0.0773611905 0.0737456199 
 0.0815559330 0.0779283564 0.0743481696 
 0.0821273043 0.0785379095 0.0749976814 
 0.0827329220 0.0791858612 0.0756901441 
 0.0833677622 0.0798669944 0.0764201650 
 0.0840256826 0.0805748156 0.0771809024 
 0.0846994357 0.0813015595 0.0779640560 
 0.0853807352 0.0820382516 0.0787599266 
 0.0860603753 0.0827748359 0.0795575482 
 0.0867284035 0.0835003636 0.0803448955 
 0.0873743429 0.0842032420 0.0811091598 
 0.0879874547 0.0848715319 0.0818370857 
 0.0885570320 0.0854932832 0.0825153532 
 0.0890727108 0.0860568923 0.0831309873 
 0.0895247847 0.0865514644 0.0836717752 
 0.0899045084 0.0869671651 0.0841266711 
 0.0902043768 0.0872955426 0.0844861692 
 0.0904183680 0.0875298094 0.0847426277 
 0.0905421391 0.0876650689 0.0848905316 
 0.0905731686 0.0876984803 0.0849266819 
 0.0905108391 0.0876293533 0.0848503060 
 0.0903564570 0.0874591721 0.0846630840 
 0.0901132097 0.0871915449 0.0843690912 
 0.0897860605 0.0868320823 0.0839746577 
 0.0893815856 0.0863882091 0.0834881504 
 0.0889077598 0.0858689151 0.0829196863 
 0.0883736982 0.0852844568 0.0822807871 
 0.0877893662 0.0846460216 0.0815839913 
 0.0871652699 0.0839653695 0.0808424424 
 0.0865121401 0.0832544701 0.0800694702 
 0.0858406263 0.0825251507 0.0792781894 
 0.0851610124 0.0817887732 0.0784811319 
 0.0844829685 0.0810559534 0.0776899314 
 0.0838153471 0.0803363348 0.0769150728 
 0.0831660300 0.0796384225 0.0761657138 
 0.0825418306 0.0789694821 0.0754495812 
 0.0819484485 0.0783355000 0.0747729401 
 0.0813904752 0.0777412015 0.0741406274 
 0.0808714426 0.0771901175 0.0735561410 
 0.0803939069 0.0766846915 0.0730217719 
 0.0799595608 0.0762264145 0.0725387665 
 0.0795693619 0.0758159786 0.0721075076 
 0.0792236717 0.0754534392 0.0717277018 
 0.0789223962 0.0751383772 0.0713985653 
 0.0786651223 0.0748700544 0.0711189995 
 0.0784512445 0.0746475574 0.0708877519 
 0.0782800790 0.0744699242 0.0707035572 
 0.0781509608 0.0743362535 0.0705652574 
 0.0780633235 0.0742457925 0.0704718981 
 0.0780167607 0.0741980041 0.0704228018 
 0.0780110661 0.0741926116 0.0704176166 
 0.0780462554 0.0742296220 0.0704563415 
 0.0781225667 0.0743093272 0.0705393275 
 0.0782404411 0.0744322825 0.0706672548 
 0.0784004839 0.0745992643 0.0708410863 
 0.0786034054 0.0748112047 0.0710619975 
 0.0788499428 0.0750691061 0.0713312819 
 0.0791407647 0.0753739344 0.0716502344 
 0.0794763590 0.0757264940 0.0720200125 
 0.0798569072 0.0761272864 0.0724414778 
 0.0802821498 0.0765763559 0.0729150227 
 0.0807512451 0.0770731285 0.0734403857 
 0.0812626312 0.0776162496 0.0740164643 
 0.0818138946 0.0782034293 0.0746411334 
 0.0824016568 0.0788313046 0.0753110800 
 0.0830214862 0.0794953286 0.0760216672 
 0.0836678439 0.0801896983 0.0767668386 
 0.0843340726 0.0809073291 0.0775390762 
 0.0850124337 0.0816398856 0.0783294222 
 0.0856941983 0.0823778744 0.0791275716 
 0.0863697911 0.0831107999 0.0799220390 
 0.0870289871 0.0838273818 0.0807003989 
 0.0876611533 0.0845158276 0.0814495913 
 0.0882555276 0.0851641494 0.0821562810 
 0.0888015219 0.0857605114 0.0828072551 
 0.0892890366 0.0862935924 0.0833898385 
 0.0897087723 0.0867529443 0.0838923080 
 0.0900525231 0.0871293328 0.0843042845 
 0.0903134406 0.0874150421 0.0846170856 
 0.0904862566 0.0876041329 0.0848240226 
 0.0905674547 0.0876926408 0.0849206305 
 0.0905553855 0.0876787102 0.0849048215 
 0.0904503210 0.0875626559 0.0847769570 
 0.0902544451 0.0873469531 0.0845398347 
 0.0899717814 0.0870361537 0.0841985932 
 0.0896080613 0.0866367331 0.0837605343 
 0.0891705363 0.0861568725 0.0832348723 
 0.0886677417 0.0856061864 0.0826324185 
 0.0881092231 0.0849954045 0.0819652143 
 0.0875052345 0.0843360239 0.0812461297 
 0.0868664248 0.0836399462 0.0804884456 
 0.0862035245 0.0829191178 0.0797054411 
 0.0855270478 0.0821851892 0.0789100048 
 0.0848470239 0.0814492099 0.0781142896 
 0.0841727678 0.0807213714 0.0773294260 
 0.0835126996 0.0800108086 0.0765653039 
 0.0828742170 0.0793254634 0.0758304291 
 0.0822636218 0.0786720122 0.0751318533 
 0.0816860988 0.0780558537 0.0744751747 
 0.0811457417 0.0774811512 0.0738645981 
 0.0806456200 0.0769509184 0.0733030458 
 0.0801878762 0.0764671410 0.0727923051 
 0.0797738468 0.0760309213 0.0723332006 
 0.0794041966 0.0756426373 0.0719257797 
 0.0790790597 0.0753021054 0.0715694998 
 0.0787981783 0.0750087406 0.0712634109 
 0.0785610354 0.0747617068 0.0710063245 
 0.0783669762 0.0745600534 0.0707969657 
 0.0782153143 0.0744028342 0.0706341053 
 0.0781054216 0.0742892067 0.0705166687 
 0.0780367991 0.0742185105 0.0704438216 
 0.0780091288 0.0741903246 0.0704150322 
 0.0780223056 0.0742045017 0.0704301089 
 0.0780764489 0.0742611814 0.0704892143 
 0.0781718940 0.0743607811 0.0705928557 
 0.0783091640 0.0745039649 0.0707418510 
 0.0784889211 0.0746915903 0.0709372713 
 0.0787118987 0.0749246337 0.0711803597 
 0.0789788154 0.0752040952 0.0714724263 
 0.0792902710 0.0755308826 0.0718147210 
 0.0796466285 0.0759056791 0.0722082853 
 0.0800478829 0.0763287947 0.0726537866 
 0.0804935236 0.0768000087 0.0731513388 
 0.0809823934 0.0773184067 0.0737003154 
 0.0815125528 0.0778822210 0.0742991638 
 0.0820811557 0.0784886819 0.0749452296 
 0.0826843468 0.0791338919 0.0756346038 
 0.0833171878 0.0798127308 0.0763620030 
 0.0839736221 0.0805188041 0.0771206981 
 0.0846464859 0.0812444424 0.0779024998 
 0.0853275692 0.0819807609 0.0786978127 
 0.0860077313 0.0827177807 0.0794957619 
 0.0866770700 0.0834446135 0.0802843945 
 0.0873251398 0.0841497061 0.0810509508 
 0.0879412117 0.0848211345 0.0817821966 
 0.0885145657 0.0854469369 0.0824648027 
 0.0890348002 0.0860154701 0.0830857527 
 0.0894921472 0.0865157722 0.0836327604 
 0.0898777771 0.0869379152 0.0840946768 
 0.0901840805 0.0872733306 0.0844618653 
 0.0904049136 0.0875150941 0.0847265308 
 0.0905357987 0.0876581570 0.0848829870 
 0.0905740707 0.0876995160 0.0849278519 
 0.0905189640 0.0876383140 0.0848601644 
 0.0903716379 0.0874758685 0.0846814169 
 0.0901351379 0.0872156278 0.0843955043 
 0.0898142958 0.0868630544 0.0840085901 
 0.0894155705 0.0864254414 0.0835288939 
 0.0889468377 0.0859116680 0.0829664093 
 0.0884171346 0.0853319048 0.0823325630 
 0.0878363718 0.0846972797 0.0816398296 
 0.0872150246 0.0840195212 0.0809013204 
 0.0865638174 0.0833105953 0.0801303653 
 0.0858934159 0.0825823518 0.0793401087 
 0.0852141413 0.0818461984 0.0785431387 
 0.0845357185 0.0811128171 0.0777511677 
 0.0838670685 0.0803919322 0.0769747759 
 0.0832161518 0.0796921408 0.0762232273 
 0.0825898660 0.0790208057 0.0755043607 
 0.0819939968 0.0783840116 0.0748245529 
 0.0814332194 0.0777865787 0.0741887481 
 0.0809111445 0.0772321266 0.0736005428 
 0.0804304000 0.0767231778 0.0730623153 
 0.0799927403 0.0762612914 0.0725753864 
 0.0795991749 0.0758472152 0.0721401985 
 0.0792501061 0.0754810479 0.0717565038 
 0.0789454702 0.0751624013 0.0714235498 
 0.0786848740 0.0748905567 0.0711402564 
 0.0784677229 0.0746646094 0.0709053777 
 0.0782933352 0.0744835973 0.0707176450 
 0.0781610416 0.0743466110 0.0705758883 
 0.0780702659 0.0742528837 0.0704791349 
 0.0780205876 0.0742018598 0.0704266839 
 0.0780117841 0.0741932416 0.0704181571 
 0.0780438536 0.0742270140 0.0704535263 
 0.0781170175 0.0743034472 0.0705331157 
 0.0782317026 0.0744230777 0.0706575816 
 0.0783885031 0.0745866666 0.0708278671 
 0.0785881236 0.0747951367 0.0710451343 
 0.0788313025 0.0750494883 0.0713106714 
 0.0791187172 0.0753506944 0.0716257776 
 0.0794508736 0.0756995763 0.0719916260 
 0.0798279814 0.0760966639 0.0724091070 
 0.0802498199 0.0765420424 0.0728786552 
 0.0807155971 0.0770351909 0.0734000659 
 0.0812238112 0.0775748205 0.0739723079 
 0.0817721185 0.0781587184 0.0745933407 
 0.0823572185 0.0787836084 0.0752599481 
 0.0829747632 0.0794450383 0.0759675993 
 0.0836193000 0.0801373035 0.0767103495 
 0.0842842576 0.0808534178 0.0774807937 
 0.0849619786 0.0815851405 0.0782700831 
 0.0856438065 0.0823230631 0.0790680122 
 0.0863202255 0.0830567611 0.0798631797 
 0.0869810535 0.0837750064 0.0806432233 
 0.0876156803 0.0844660361 0.0813951209 
 0.0882133441 0.0851178666 0.0821055459 
 0.0887634335 0.0857186387 0.0827612626 
 0.0892558012 0.0862569797 0.0833495409 
 0.0896810762 0.0867223631 0.0838585713 
 0.0900309596 0.0871054508 0.0842778592 
 0.0902984909 0.0873984013 0.0845985812 
 0.0904782739 0.0875951311 0.0848138870 
 0.0905666530 0.0876915188 0.0849191344 
 0.0905618328 0.0876855437 0.0849120495 
 0.0904639367 0.0875773529 0.0847928043 
 0.0902750029 0.0873692573 0.0845640115 
 0.0899989172 0.0870656529 0.0842306340 
 0.0896412847 0.0866728733 0.0837998145 
 0.0892092468 0.0861989766 0.0832806295 
 0.0887112485 0.0856534765 0.0826837785 
 0.0881567666 0.0850470276 0.0820212209 
 0.0875560105 0.0843910795 0.0813057759 
 0.0869196088 0.0836975142 0.0805507063 
 0.0862582950 0.0829782855 0.0797693039 
 0.0855826088 0.0822450768 0.0789744987 
 0.0849026243 0.0815089922 0.0781785101 
 0.0842277174 0.0807802962 0.0773925545 
 0.0835663816 0.0800682097 0.0766266225 
 0.0829260958 0.0793807690 0.0758893290 
 0.0823132469 0.0787247483 0.0751878379 
 0.0817331049 0.0781056439 0.0745278574 
 0.0811898457 0.0775277110 0.0739136961 
 0.0806866142 0.0769940481 0.0733483701 
 0.0802256203 0.0765067151 0.0728337484 
 0.0798082580 0.0760668770 0.0723707235 
 0.0794352393 0.0756749621 0.0719593960 
 0.0791067342 0.0753308246 0.0715992629 
 0.0788225107 0.0750339052 0.0712893995 
 0.0785820676 0.0747833824 0.0710286304 
 0.0783847570 0.0745783105 0.0708156829 
 0.0782298918 0.0744177394 0.0706493204 
 0.0781168369 0.0743008157 0.0705284533 
 0.0780450814 0.0742268631 0.0704522266 
 0.0780142923 0.0741954406 0.0704200837 
 0.0780243473 0.0742063791 0.0704318059 
 0.0780753486 0.0742597963 0.0704875287 
 0.0781676156 0.0743560890 0.0705877337 
 0.0783016582 0.0744959035 0.0707332162 
 0.0784781298 0.0746800847 0.0709250304 
 0.0786977609 0.0749096027 0.0711644091 
 0.0789612745 0.0751854591 0.0714526610 
 0.0792692832 0.0755085731 0.0717910453 
 0.0796221723 0.0758796497 0.0721806247 
 0.0800199696 0.0762990329 0.0726221013 
 0.0804622083 0.0767665482 0.0731156376 
 0.0809477855 0.0772813400 0.0736606705 
 0.0814748265 0.0778417116 0.0742557248 
 0.0820405590 0.0784449753 0.0748982367 
 0.0826412086 0.0790873243 0.0755843984 
 0.0832719224 0.0797637354 0.0763090362 
 0.0839267310 0.0804679133 0.0770655339 
 0.0845985549 0.0811922866 0.0778458145 
 0.0852792623 0.0819280614 0.0786403885 
 0.0859597802 0.0826653386 0.0794384748 
 0.0866302592 0.0833932937 0.0802281962 
 0.0872802885 0.0841004165 0.0809968461 
 0.0878991529 0.0847748020 0.0817312160 
 0.0884761224 0.0854044810 0.0824179719 
 0.0890007614 0.0859777747 0.0830440605 
 0.0894632440 0.0864836581 0.0835971273 
 0.0898546597 0.0869121132 0.0840659235 
 0.0901672970 0.0872544579 0.0844406856 
 0.0903948929 0.0875036335 0.0847134678 
 0.0905328363 0.0876544411 0.0848784147 
 0.0905783192 0.0877037161 0.0849319625 
 0.0905304282 0.0876504342 0.0848729614 
 0.0903901748 0.0874957461 0.0847027156 
 0.0901604615 0.0872429386 0.0844249382 
 0.0898459864 0.0868973238 0.0840456234 
 0.0894530890 0.0864660604 0.0835728401 
 0.0889895428 0.0859579139 0.0830164549 
 0.0884643037 0.0853829646 0.0823877953 
 0.0878872240 0.0847522773 0.0816992674 
 0.0872687447 0.0840775452 0.0809639459 
 0.0866195802 0.0833707262 0.0801951560 
 0.0859504092 0.0826436891 0.0794060679 
 0.0852715870 0.0819078845 0.0786093224 
 0.0845928909 0.0811740573 0.0778167074 
 0.0839233086 0.0804520109 0.0770388962 
 0.0832708777 0.0797504325 0.0762852576 
 0.0826425791 0.0790767815 0.0755637413 
 0.0820442841 0.0784372404 0.0748808360 
 0.0814807518 0.0778367248 0.0742415932 
 0.0809556724 0.0772789435 0.0736497091 
 0.0804717457 0.0767664990 0.0731076508 
 0.0800307894 0.0763010196 0.0726168144 
 0.0796338657 0.0758833103 0.0721777038 
 0.0792814192 0.0755135146 0.0717901183 
 0.0789734174 0.0751912765 0.0714533384 
 0.0787094886 0.0749158980 0.0711663038 
 0.0784890496 0.0746864846 0.0709277768 
 0.0783114223 0.0745020748 0.0707364862 
 0.0781759336 0.0743617521 0.0705912511 
 0.0780819981 0.0742647365 0.0704910810 
 0.0780291816 0.0742104544 0.0704352523 
 0.0780172456 0.0741985871 0.0704233609 
 0.0780461708 0.0742290975 0.0704553511 
 0.0781161619 0.0743022343 0.0705315205 
 0.0782276306 0.0744185142 0.0706525008 
 0.0783811599 0.0745786829 0.0708192150 
 0.0785774481 0.0747836532 0.0710328107 
 0.0788172335 0.0750344223 0.0712945697 
 0.0791012017 0.0753319688 0.0716057946 
 0.0794298755 0.0756771303 0.0719676728 
 0.0798034918 0.0760704637 0.0723811219 
 0.0802218672 0.0765120935 0.0728466172 
 0.0806842586 0.0770015510 0.0733640096 
 0.0811892232 0.0775376116 0.0739323375 
 0.0817344865 0.0781181386 0.0745496441 
 0.0823168254 0.0787399424 0.0752128093 
 0.0829319750 0.0793986645 0.0759174074 
 0.0835745699 0.0800886991 0.0766576056 
 0.0842381248 0.0808031595 0.0774261125 
 0.0849150649 0.0815339001 0.0782141894 
 0.0855968076 0.0822715995 0.0790117321 
 0.0862738988 0.0830059063 0.0798074259 
 0.0869362016 0.0837256475 0.0805889748 
 0.0875731315 0.0844190930 0.0813433978 
 0.0881739300 0.0850742664 0.0820573808 
 0.0887279652 0.0856792888 0.0827176691 
 0.0892250450 0.0862227394 0.0833114816 
 0.0896557299 0.0866940164 0.0838269259 
 0.0900116304 0.0870836807 0.0842533951 
 0.0902856757 0.0873837673 0.0845819277 
 0.0904723436 0.0875880507 0.0848055135 
 0.0905678402 0.0876922536 0.0849193349 
 0.0905702244 0.0876941905 0.0849209320 
 0.0904794712 0.0875938411 0.0848102878 
 0.0902974726 0.0873933507 0.0845898286 
 0.0900279748 0.0870969584 0.0842643404 
 0.0896764553 0.0867108538 0.0838408042 
 0.0892499432 0.0862429695 0.0833281559 
 0.0887567905 0.0857027157 0.0827369803 
 0.0882064029 0.0851006689 0.0820791507 
 0.0876089422 0.0844482276 0.0813674325 
 0.0869750136 0.0837572510 0.0806150664 
 0.0863153514 0.0830396977 0.0798353535 
 0.0856405180 0.0823072808 0.0790412623 
 0.0849606304 0.0815711571 0.0782450757 
 0.0842851237 0.0808416619 0.0774580945 
 0.0836225634 0.0801281007 0.0766904082 
 0.0829805087 0.0794386034 0.0759507399 
 0.0823654315 0.0787800421 0.0752463657 
 0.0817826870 0.0781580100 0.0745831040 
 0.0812365331 0.0775768554 0.0739653678 
 0.0807301912 0.0770397619 0.0733962679 
 0.0802659392 0.0765488649 0.0728777563 
 0.0798452299 0.0761053932 0.0724107946 
 0.0794688230 0.0757098264 0.0719955385 
 0.0791369260 0.0753620579 0.0716315252 
 0.0788493333 0.0750615552 0.0713178571 
 0.0786055605 0.0748075127 0.0710533730 
 0.0784049676 0.0745989900 0.0708368034 
 0.0782468675 0.0744350342 0.0706669053 
 0.0781306186 0.0743147818 0.0705425746 
 0.0780556986 0.0742375408 0.0704629361 
 0.0780217596 0.0742028506 0.0704274087 
 0.0780286625 0.0742105207 0.0704357471 
 0.0780764920 0.0742606465 0.0704880595 
 0.0781655516 0.0743536040 0.0705848013 
 0.0782963376 0.0744900217 0.0707267453 
 0.0784694942 0.0746707311 0.0709149278 
 0.0786857486 0.0748966953 0.0711505708 
 0.0789458270 0.0751689169 0.0714349809 
 0.0792503542 0.0754883253 0.0717694253 
 0.0795997369 0.0758556465 0.0721549870 
 0.0799940350 0.0762712572 0.0725924013 
 0.0804328240 0.0767350281 0.0730818783 
 0.0809150548 0.0772461614 0.0736229169 
 0.0814389165 0.0778030302 0.0742141182 
 0.0820017099 0.0784030280 0.0748530079 
 0.0825997409 0.0790424383 0.0755358789 
 0.0832282421 0.0797163342 0.0762576663 
 0.0838813308 0.0804185200 0.0770118671 
 0.0845520128 0.0811415223 0.0777905168 
 0.0852322350 0.0818766392 0.0785842328 
 0.0859129932 0.0826140527 0.0793823288 
 0.0865844925 0.0833430035 0.0801730057 
 0.0872363585 0.0840520265 0.0809436117 
 0.0878578914 0.0847292379 0.0816809666 
 0.0884383535 0.0853626634 0.0823717344 
 0.0889672777 0.0859405912 0.0830028280 
 0.0894347818 0.0864519353 0.0835618265 
 0.0898318762 0.0868865902 0.0840373844 
 0.0901507494 0.0872357618 0.0844196133 
 0.0903850202 0.0874922587 0.0847004186 
 0.0905299453 0.0876507329 0.0848737768 
 0.0905825742 0.0877078590 0.0849359430 
 0.0905418462 0.0876624462 0.0848855795 
 0.0904086246 0.0875154777 0.0847238015 
 0.0901856684 0.0872700784 0.0844541396 
 0.0898775413 0.0869314087 0.0840824173 
 0.0894904617 0.0865064916 0.0836165514 
 0.0890320996 0.0860039768 0.0830662794 
 0.0885113280 0.0854338530 0.0824428272 
 0.0879379390 0.0848071193 0.0817585298 
 0.0873223375 0.0841354313 0.0810264229 
 0.0866752259 0.0834307372 0.0802598249 
 0.0860072945 0.0827049227 0.0794719292 
 0.0853289313 0.0819694795 0.0786754278 
 0.0846499646 0.0812352142 0.0778821825 
 0.0839794479 0.0805120084 0.0771029586 
 0.0833254954 0.0798086389 0.0763472292 
 0.0826951711 0.0791326611 0.0756230549 
 0.0820944317 0.0784903558 0.0749370360 
 0.0815281210 0.0778867343 0.0742943324 
 0.0810000087 0.0773255950 0.0736987406 
 0.0805128676 0.0768096215 0.0731528172 
 0.0800685789 0.0763405121 0.0726580350 
 0.0796682588 0.0759191302 0.0722149605 
 0.0793123948 0.0755456645 0.0718234410 
 0.0790009866 0.0752197926 0.0714827911 
 0.0787336842 0.0749408379 0.0711919715 
 0.0785099171 0.0747079167 0.0709497530 
 0.0783290111 0.0745200689 0.0707548631 
 0.0781902899 0.0743763715 0.0706061104 
 0.0780931590 0.0742760315 0.0705024872 
 0.0780371711 0.0742184576 0.0704432472 
 0.0780220716 0.0742033105 0.0704279607 
 0.0780478240 0.0742305310 0.0704565448 
 0.0781146160 0.0743003460 0.0705292701 
 0.0782228443 0.0744132527 0.0706467437 
 0.0783730804 0.0745699808 0.0708098680 
 0.0785660156 0.0747714326 0.0710197760 
 0.0788023881 0.0750186019 0.0712777425 
 0.0790828908 0.0753124725 0.0715850724 
 0.0794080629 0.0756538970 0.0719429671 
 0.0797781676 0.0760434589 0.0723523700 
 0.0801930583 0.0764813211 0.0728137968 
 0.0806520397 0.0769670659 0.0733271523 
 0.0811537275 0.0774995324 0.0738915438 
 0.0816959155 0.0780766592 0.0745050973 
 0.0822754571 0.0786953421 0.0751647873 
 0.0828881705 0.0793513160 0.0758662932 
 0.0835287765 0.0800390733 0.0766038931 
 0.0841908761 0.0807518264 0.0773704090 
 0.0848669769 0.0814815253 0.0781572125 
 0.0855485707 0.0822189356 0.0789543008 
 0.0862262654 0.0829537798 0.0797504466 
 0.0868899702 0.0836749407 0.0805334211 
 0.0875291272 0.0843707222 0.0812902859 
 0.0881329822 0.0850291565 0.0820077407 
 0.0886908841 0.0856383461 0.0826725135 
 0.0891925971 0.0861868237 0.0832717735 
 0.0896286142 0.0866639133 0.0837935471 
 0.0899904563 0.0870600761 0.0842271167 
 0.0902709436 0.0873672245 0.0845633835 
 0.0904644281 0.0875789920 0.0847951787 
 0.0905669785 0.0876909459 0.0849175096 
 0.0905765081 0.0877007364 0.0849277313 
 0.0904928437 0.0876081755 0.0848256373 
 0.0903177307 0.0874152432 0.0846134675 
 0.0900547760 0.0871260211 0.0842958304 
 0.0897093285 0.0867465543 0.0838795447 
 0.0892883047 0.0862846490 0.0833734049 
 0.0887999627 0.0857496110 0.0827878795 
 0.0882536361 0.0851519375 0.0821347550 
 0.0876594383 0.0845029753 0.0814267413 
 0.0870279505 0.0838145595 0.0806770557 
 0.0863699067 0.0830986523 0.0798990077 
 0.0856958916 0.0823669961 0.0791056032 
 0.0850160643 0.0816307994 0.0783091880 
 0.0843399189 0.0809004680 0.0775211466 
 0.0836760926 0.0801853920 0.0767516672 
 0.0830322252 0.0794937948 0.0760095816 
 0.0824148734 0.0788326465 0.0753022779 
 0.0818294781 0.0782076378 0.0746356853 
 0.0812803800 0.0776232107 0.0740143220 
 0.0807708770 0.0770826346 0.0734413945 
 0.0803033162 0.0765881209 0.0729189384 
 0.0798792093 0.0761409630 0.0724479854 
 0.0794993647 0.0757416929 0.0720287468 
 0.0791640276 0.0753902434 0.0716608013 
 0.0788730197 0.0750861096 0.0713432787 
 0.0786258738 0.0748285022 0.0710750329 
 0.0784219581 0.0746164869 0.0708547979 
 0.0782605857 0.0744491081 0.0706813245 
 0.0781411090 0.0743254925 0.0705534949 
 0.0780629945 0.0742449325 0.0704704138 
 0.0780258794 0.0742069483 0.0704314757 
 0.0780296078 0.0742113279 0.0704364087 
 0.0780742471 0.0742581445 0.0704852936 
 0.0781600847 0.0743477532 0.0705785599 
 0.0782876033 0.0744807645 0.0707169576 
 0.0784574376 0.0746579965 0.0709015049 
 0.0786703110 0.0748804049 0.0711334126 
 0.0789269530 0.0751489928 0.0714139848 
 0.0792280000 0.0754646995 0.0717444964 
 0.0795738797 0.0758282715 0.0721260499 
 0.0799646832 0.0762401174 0.0725594132 
 0.0804000281 0.0767001525 0.0730448433 
 0.0808789183 0.0772076360 0.0735819000 
 0.0813996058 0.0777610103 0.0741692601 
 0.0819594639 0.0783577489 0.0748045377 
 0.0825548783 0.0789942248 0.0754841255 
 0.0831811661 0.0796656071 0.0762030666 
 0.0838325312 0.0803657987 0.0769549704 
 0.0845020638 0.0810874237 0.0777319845 
 0.0851817895 0.0818218721 0.0785248326 
 0.0858627727 0.0825594065 0.0793229234 
 0.0865352728 0.0832893331 0.0801145354 
 0.0871889519 0.0840002320 0.0808870723 
 0.0878131260 0.0846802410 0.0816273826 
 0.0883970501 0.0853173808 0.0823221287 
 0.0889302255 0.0858999074 0.0829581902 
 0.0894027145 0.0864166742 0.0835230808 
 0.0898054487 0.0868574886 0.0840053587 
 0.0901305170 0.0872134451 0.0843950113 
 0.0903714203 0.0874772200 0.0846837955 
 0.0905232833 0.0876433166 0.0848655204 
 0.0905830135 0.0877082490 0.0849362604 
 0.0905494028 0.0876706598 0.0848944895 
 0.0904231666 0.0875313653 0.0847411348 
 0.0902069204 0.0872933280 0.0844795438 
 0.0899050934 0.0869615571 0.0841153697 
 0.0895237831 0.0865429394 0.0836563766 
 0.0890705559 0.0860460090 0.0831121726 
 0.0885542017 0.0854806623 0.0824938819 
 0.0879844522 0.0848578328 0.0818137680 
 0.0873716761 0.0841891382 0.0810848272 
 