0.0771813072 0.0751286345 0.0733279114 
 0.0772548553 0.0752090692 0.0734158665 
 0.0771786207 0.0751257229 0.0733249113 
 0.0769544102 0.0748806129 0.0730572896 
 0.0765874969 0.0744796282 0.0726195547 
 0.0760864285 0.0739323123 0.0720223266 
 0.0754627154 0.0732515109 0.0712798962 
 0.0747304083 0.0724528932 0.0704096867 
 0.0739055834 0.0715543665 0.0694315926 
 0.0730057561 0.0705754099 0.0683672253 
 0.0720492537 0.0695363597 0.0672391032 
 0.0710545786 0.0684576861 0.0660698321 
 0.0700397977 0.0673593011 0.0648813235 
 0.0690219909 0.0662599382 0.0636940973 
 0.0680167873 0.0651766356 0.0625267074 
 0.0670380098 0.0641243476 0.0613953173 
 0.0660974385 0.0631156945 0.0603134375 
 0.0652046947 0.0621608525 0.0592918226 
 0.0643672379 0.0612675709 0.0583385140 
 0.0635904602 0.0604412990 0.0574590041 
 0.0628778589 0.0596853983 0.0566564932 
 0.0622312662 0.0590014145 0.0559322088 
 0.0616511151 0.0583893855 0.0552857596 
 0.0611367213 0.0578481627 0.0547154993 
 0.0606865656 0.0573757284 0.0542188807 
 0.0602985653 0.0569694961 0.0537927869 
 0.0599703229 0.0566265841 0.0534338293 
 0.0596993486 0.0563440566 0.0531386082 
 0.0594832518 0.0561191297 0.0529039325 
 0.0593199006 0.0559493421 0.0527270011 
 0.0592075495 0.0558326898 0.0526055440 
 0.0591449350 0.0557677271 0.0525379292 
 0.0591313410 0.0557536357 0.0525232332 
 0.0591666350 0.0557902617 0.0525612808 
 0.0592512748 0.0558781231 0.0526526520 
 0.0593862862 0.0560183870 0.0527986588 
 0.0595732120 0.0562128156 0.0530012892 
 0.0598140309 0.0564636812 0.0532631183 
 0.0601110453 0.0567736478 0.0535871847 
 0.0604667376 0.0571456187 0.0539768288 
 0.0608835941 0.0575825475 0.0544354925 
 0.0613638986 0.0580872150 0.0549664795 
 0.0619094954 0.0586619713 0.0555726752 
 0.0625215293 0.0593084484 0.0562562324 
 0.0632001682 0.0600272508 0.0570182279 
 0.0639443194 0.0608176347 0.0578583013 
 0.0647513542 0.0616771918 0.0587742952 
 0.0656168587 0.0626015566 0.0597619149 
 0.0665344303 0.0635841624 0.0608144373 
 0.0674955418 0.0646160678 0.0619224964 
 0.0684894935 0.0656858825 0.0630739761 
 0.0695034709 0.0667798106 0.0642540367 
 0.0705227200 0.0678818291 0.0654452949 
 0.0715308421 0.0689740066 0.0666281662 
 0.0725102044 0.0700369558 0.0677813649 
 0.0734424489 0.0710504045 0.0688825414 
 0.0743090761 0.0719938538 0.0699090253 
 0.0750920710 0.0728472903 0.0708386307 
 0.0757745392 0.0735919085 0.0716504758 
 0.0763413169 0.0742108057 0.0723257705 
 0.0767795252 0.0746896125 0.0728485287 
 0.0770790421 0.0750170281 0.0732061729 
 0.0772328729 0.0751852403 0.0733900056 
 0.0772374054 0.0751902133 0.0733955324 
 0.0770925413 0.0750318365 0.0732226283 
 0.0768017001 0.0747139286 0.0728755424 
 0.0763716950 0.0742440976 0.0723627410 
 0.0758124848 0.0736334608 0.0716965941 
 0.0751368094 0.0728962316 0.0708929113 
 0.0743597224 0.0720491897 0.0699703438 
 0.0734980401 0.0711110542 0.0689496763 
 0.0725697326 0.0701017906 0.0678530421 
 0.0715932874 0.0690418874 0.0667031018 
 0.0705870805 0.0679516414 0.0655222360 
 0.0695687894 0.0668504946 0.0643317966 
 0.0685548781 0.0657564576 0.0631514617 
 0.0675601817 0.0646856497 0.0619987286 
 0.0665976049 0.0636519734 0.0608885621 
 0.0656779412 0.0626669293 0.0598332075 
 0.0648098106 0.0617395669 0.0588421566 
 0.0639997035 0.0608765546 0.0579222503 
 0.0632521137 0.0600823494 0.0570778886 
 0.0625697403 0.0593594397 0.0563113206 
 0.0619537364 0.0587086371 0.0556229829 
 0.0614039844 0.0581293924 0.0550118607 
 0.0609193804 0.0576201176 0.0544758493 
 0.0604981130 0.0571784967 0.0540120995 
 0.0601379244 0.0568017748 0.0536173338 
 0.0598363484 0.0564870169 0.0532881283 
 0.0595909186 0.0562313332 0.0530211538 
 0.0593993455 0.0560320693 0.0528133786 
 0.0592596610 0.0558869594 0.0526622305 
 0.0591703311 0.0557942459 0.0525657220 
 0.0591303381 0.0557527652 0.0525225405 
 0.0591392320 0.0557620021 0.0525321039 
 0.0591971529 0.0558221132 0.0525945860 
 0.0593048247 0.0559339201 0.0527109088 
 0.0594635198 0.0560988727 0.0528827045 
 0.0596749938 0.0563189809 0.0531122451 
 0.0599413905 0.0565967144 0.0534023368 
 0.0602651154 0.0569348689 0.0537561801 
 0.0606486769 0.0573363967 0.0541771897 
 0.0610944960 0.0578042024 0.0546687768 
 0.0616046855 0.0583409028 0.0552340898 
 0.0621808016 0.0589485550 0.0558757184 
 0.0628235749 0.0596283578 0.0565953645 
 0.0635326282 0.0603803353 0.0573934887 
 0.0643061949 0.0612030158 0.0582689476 
 0.0651408531 0.0620931240 0.0592186397 
 0.0660312949 0.0630453075 0.0602371846 
 0.0669701512 0.0640519220 0.0613166628 
 0.0679478938 0.0651029006 0.0624464472 
 0.0689528346 0.0661857313 0.0636131548 
 0.0699712361 0.0672855613 0.0648007415 
 0.0709875420 0.0683854395 0.0659907568 
 0.0719847265 0.0694666989 0.0671627603 
 0.0729447531 0.0705094661 0.0682948882 
 0.0738491212 0.0714932768 0.0693645442 
 0.0746794734 0.0723977640 0.0703491769 
 0.0754182312 0.0732033795 0.0712270983 
 0.0760492222 0.0738921093 0.0719782935 
 0.0765582690 0.0744481424 0.0725851793 
 0.0769337082 0.0748584612 0.0730332703 
 0.0771668175 0.0751133259 0.0733117247 
 0.0772521348 0.0752066349 0.0734137487 
 0.0771876569 0.0751361498 0.0733368487 
 0.0769749129 0.0749035776 0.0730829231 
 0.0766189082 0.0745145082 0.0726581922 
 0.0761279434 0.0739782095 0.0720729692 
 0.0755133107 0.0733072842 0.0713412751 
 0.0747888804 0.0725172012 0.0704803111 
 0.0739705918 0.0716257173 0.0695098062 
 0.0730758723 0.0706522163 0.0684512686 
 0.0721230112 0.0696169966 0.0673271788 
 0.0711305230 0.0685405470 0.0661601683 
 0.0701165328 0.0674428503 0.0649722336 
 0.0690982192 0.0663427562 0.0637840300 
 0.0680913427 0.0652574552 0.0626142871 
 0.0671098807 0.0642020789 0.0614793708 
 0.0661657817 0.0631894393 0.0603930084 
 0.0652688401 0.0622299075 0.0593661734 
 0.0644266843 0.0613314216 0.0584071176 
 0.0636448644 0.0604996060 0.0575215262 
 0.0629270194 0.0597379774 0.0567127695 
 0.0622751034 0.0590482137 0.0559822176 
 0.0616896490 0.0584304596 0.0553295931 
 0.0611700489 0.0578836475 0.0547533347 
 0.0607148392 0.0574058165 0.0542509532 
 0.0603219713 0.0569944136 0.0538193644 
 0.0599890632 0.0566465704 0.0534551903 
 0.0597136245 0.0563593465 0.0531550225 
 0.0594932496 0.0561299388 0.0529156459 
 0.0593257807 0.0559558545 0.0527342221 
 0.0592094374 0.0558350488 0.0526084346 
 0.0591429148 0.0557660288 0.0525365972 
 0.0591254520 0.0557479244 0.0525177288 
 0.0591568695 0.0557805287 0.0525515940 
 0.0592375789 0.0558643072 0.0526387140 
 0.0593685629 0.0560003773 0.0527803446 
 0.0595513265 0.0561904573 0.0529784236 
 0.0597878179 0.0564367836 0.0532354843 
 0.0600803194 0.0567419949 0.0535545347 
 0.0604313057 0.0571089827 0.0539388987 
 0.0608432710 0.0575407051 0.0543920195 
 0.0613185238 0.0580399665 0.0549172222 
 0.0618589533 0.0586091618 0.0555174372 
 0.0624657703 0.0592499918 0.0561948883 
 0.0631392309 0.0599631545 0.0569507511 
 0.0638783526 0.0607480249 0.0577847928 
 0.0646806382 0.0616023376 0.0586950110 
 0.0655418228 0.0625218918 0.0596772917 
 0.0664556667 0.0635003015 0.0607251122 
 0.0674138127 0.0645288165 0.0618293203 
 0.0684057309 0.0655962388 0.0629780165 
 0.0694187678 0.0666889562 0.0641565702 
 0.0704383109 0.0677911096 0.0653477863 
 0.0714480755 0.0688849006 0.0665322349 
 0.0724305060 0.0699510347 0.0676887398 
 0.0733672781 0.0709692828 0.0687950057 
 0.0742398776 0.0719191351 0.0698283548 
 0.0750302245 0.0727805094 0.0707665291 
 0.0757213101 0.0735344755 0.0715885105 
 0.0762978097 0.0741639533 0.0722753129 
 0.0767466429 0.0746543492 0.0728107020 
 0.0770574528 0.0749941011 0.0731818097 
 0.0772229854 0.0751751069 0.0733796161 
 0.0772393539 0.0751930246 0.0733992860 
 0.0771061805 0.0750474310 0.0732403463 
 0.0768266099 0.0747418382 0.0729067047 
 0.0764071961 0.0742835647 0.0724065054 
 0.0758576628 0.0736834655 0.0717518268 
 0.0751905485 0.0729555302 0.0709582298 
 0.0744207458 0.0721163604 0.0700441689 
 0.0735649568 0.0711845500 0.0690302920 
 0.0726410866 0.0701799961 0.0679386592 
 0.0716676086 0.0691231758 0.0667919237 
 0.0706629333 0.0680344299 0.0656125205 
 0.0696448163 0.0669332938 0.0644219114 
 0.0686298368 0.0658379126 0.0632399307 
 0.0676329739 0.0647645715 0.0620842656 
 0.0666672946 0.0637273585 0.0609700923 
 0.0657437648 0.0627379695 0.0599098757 
 0.0648711769 0.0618056472 0.0589133242 
 0.0640561862 0.0609372439 0.0579874823 
 0.0633034381 0.0601373835 0.0571369334 
 0.0626157648 0.0594086997 0.0563640845 
 0.0619944313 0.0587521248 0.0556695017 
 0.0614394096 0.0581672047 0.0550522712 
 0.0609496628 0.0576524213 0.0545103607 
 0.0605234249 0.0572055046 0.0540409670 
 0.0601584637 0.0568237236 0.0536408351 
 0.0598523208 0.0565041482 0.0533065425 
 0.0596025224 0.0562438772 0.0530347440 
 0.0594067588 0.0560402308 0.0528223773 
 0.0592630314 0.0558909073 0.0526668286 
 0.0591697684 0.0557941052 0.0525660601 
 0.0591259089 0.0557486114 0.0525187032 
 0.0591309566 0.0557538581 0.0525241169 
 0.0591850050 0.0558099488 0.0525824150 
 0.0592887331 0.0559176537 0.0526944617 
 0.0594433720 0.0560783754 0.0528618355 
 0.0596506427 0.0562940831 0.0530867617 
 0.0599126629 0.0565672152 0.0533720095 
 0.0602318234 0.0569005479 0.0537207546 
 0.0606106313 0.0572970287 0.0541364031 
 0.0610515227 0.0577595746 0.0546223758 
 0.0615566441 0.0582908352 0.0551818527 
 0.0621276054 0.0588929229 0.0558174799 
 0.0627652129 0.0595671159 0.0565310420 
 0.0634691872 0.0603135427 0.0573231110 
 0.0642378811 0.0611308610 0.0581926832 
 0.0650680119 0.0620159480 0.0591368233 
 0.0659544269 0.0629636229 0.0601503402 
 0.0668899231 0.0639664272 0.0612255211 
 0.0678651425 0.0650144856 0.0623519541 
 0.0688685628 0.0660954750 0.0635164697 
 0.0698865990 0.0671947173 0.0647032239 
 0.0709038242 0.0682954122 0.0658939397 
 0.0719033103 0.0693790075 0.0670683113 
 0.0728670783 0.0704257004 0.0682045596 
 0.0737766396 0.0714150455 0.0692801150 
 0.0746135995 0.0723266385 0.0702723894 
 0.0753602917 0.0731408374 0.0711595933 
 0.0760004087 0.0738394790 0.0719215486 
 0.0765195936 0.0744065539 0.0725404522 
 0.0769059663 0.0748288034 0.0730015511 
 0.0771505587 0.0750962134 0.0732936985 
 0.0772476424 0.0752023852 0.0734097702 
 0.0771949376 0.0751447714 0.0733469284 
 0.0769936961 0.0749247693 0.0731067267 
 0.0766486559 0.0745476701 0.0726950533 
 0.0761678694 0.0740224648 0.0721219129 
 0.0755624092 0.0733615115 0.0714010549 
 0.0748459625 0.0725800760 0.0705494555 
 0.0740343293 0.0716957613 0.0695866740 
 0.0731448450 0.0707278520 0.0685341113 
 0.0721957576 0.0696966043 0.0674142049 
 0.0712055898 0.0686225212 0.0662496074 
 0.0701925213 0.0675256525 0.0650623954 
 0.0691738264 0.0664249604 0.0638733562 
 0.0681653940 0.0653377847 0.0627013910 
 0.0671813544 0.0642794323 0.0615630662 
 0.0662338233 0.0632629054 0.0604723246 
 0.0653327674 0.0622987696 0.0594403579 
 0.0644859844 0.0613951522 0.0584756285 
 0.0636991830 0.0605578533 0.0575840161 
 0.0629761451 0.0597905464 0.0567690619 
 0.0623189480 0.0590950433 0.0560322809 
 0.0617282258 0.0584715971 0.0553735116 
 0.0612034501 0.0579192236 0.0547912803 
 0.0607432139 0.0574360204 0.0542831576 
 0.0603455047 0.0570194703 0.0538460941 
 0.0600079579 0.0566667198 0.0534767246 
 0.0597280835 0.0563748259 0.0531716339 
 0.0595034630 0.0561409676 0.0529275843 
 0.0593319136 0.0559626219 0.0527417017 
 0.0592116211 0.0558377046 0.0526116241 
 0.0591412404 0.0557646763 0.0525356127 
 0.0591199660 0.0557426163 0.0525126290 
 0.0591475722 0.0557712648 0.0525423784 
 0.0592244246 0.0558510350 0.0526253232 
 0.0593514628 0.0559829949 0.0527626634 
 0.0595301532 0.0561688185 0.0529562860 
 0.0597624133 0.0564107053 0.0532086821 
 0.0600505039 0.0567112680 0.0535228277 
 0.0603968909 0.0570733846 0.0539020290 
 0.0608040740 0.0575000157 0.0543497280 
 0.0612743845 0.0579939866 0.0548692687 
 0.0618097534 0.0585577345 0.0554636234 
 0.0624114546 0.0591930251 0.0561350831 
 0.0630798285 0.0599006462 0.0568849180 
 0.0638139996 0.0606800875 0.0577130183 
 0.0646115978 0.0615292223 0.0586175320 
 0.0654685040 0.0624440099 0.0595945206 
 0.0663786377 0.0634182415 0.0606376577 
 0.0673338090 0.0644433547 0.0617380006 
 0.0683236560 0.0655083413 0.0628838642 
 0.0693356847 0.0665997714 0.0640608247 
 0.0703554247 0.0677019499 0.0652518752 
 0.0713667066 0.0687972132 0.0664377422 
 0.0723520547 0.0698663620 0.0675973618 
 0.0732931825 0.0708892151 0.0687084981 
 0.0741715659 0.0718452570 0.0697484722 
 0.0749690662 0.0727143439 0.0706949609 
 0.0756685663 0.0734774277 0.0715268182 
 0.0762545877 0.0741172582 0.0722248706 
 0.0767138551 0.0746190259 0.0727726440 
 0.0770357834 0.0749709140 0.0731569875 
 0.0772128650 0.0751645379 0.0733685669 
 0.0772409438 0.0751952545 0.0734022120 
 0.0771193665 0.0750623334 0.0732571078 
 0.0768510069 0.0747689834 0.0729368243 
 0.0764421609 0.0743222355 0.0724491858 
 0.0759023184 0.0737326838 0.0718059805 
 0.0752438152 0.0730140926 0.0710225193 
 0.0744813814 0.0721828833 0.0701170574 
 0.0736316010 0.0712575209 0.0691101016 
 0.0727123104 0.0702578291 0.0680236338 
 0.0717419637 0.0692042681 0.0668802929 
 0.0707390003 0.0681172165 0.0657025613 
 0.0697212483 0.0670162966 0.0645120038 
 0.0687053970 0.0659197822 0.0633286040 
 0.0677065641 0.0648441185 0.0621702329 
 0.0667379753 0.0638035748 0.0610522729 
 0.0658107649 0.0628100380 0.0599874044 
 0.0649338952 0.0618729419 0.0589855495 
 0.0641141851 0.0609993205 0.0580539545 
 0.0633564303 0.0601939639 0.0571973853 
 0.0626635960 0.0594596508 0.0564184068 
 0.0620370598 0.0587974350 0.0557177157 
 0.0614768841 0.0582069586 0.0550945000 
 0.0609821004 0.0576867751 0.0545468019 
 0.0605509895 0.0572346618 0.0540718661 
 0.0601813466 0.0568479139 0.0536664620 
 0.0598707229 0.0565236082 0.0533271706 
 0.0596166390 0.0562588336 0.0530506330 
 0.0594167667 0.0560508873 0.0528337585 
 0.0592690787 0.0558974334 0.0526738933 
 0.0591719669 0.0557966279 0.0525689513 
 0.0591243283 0.0557472098 0.0525175094 
 0.0591256217 0.0557485599 0.0525188689 
 0.0591758947 0.0558007296 0.0525730849 
 0.0592757816 0.0559044381 0.0526809644 
 0.0594264727 0.0560610411 0.0528440326 
 0.0596296540 0.0562724670 0.0530644677 
 0.0598874165 0.0565411221 0.0533450014 
 0.0602021346 0.0568697616 0.0536887837 
 0.0605763130 0.0572613266 0.0540992098 
 0.0610124002 0.0577187441 0.0545797077 
 0.0615125732 0.0582446934 0.0551334857 
 0.0620784925 0.0588413381 0.0557632420 
 0.0627110356 0.0595100315 0.0564708395 
 0.0634100167 0.0602510017 0.0572569560 
 0.0641739032 0.0610630305 0.0581207216 
 0.0649995468 0.0619431420 0.0590593613 
 0.0658819454 0.0628863220 0.0600678673 
 0.0668140578 0.0638852927 0.0611387276 
 0.0677866929 0.0649303667 0.0622617413 
 0.0687884920 0.0660094066 0.0634239490 
 0.0698060217 0.0671079083 0.0646097047 
 0.0708239851 0.0682092221 0.0658009055 
 0.0718255540 0.0692949135 0.0669773824 
 0.0727928110 0.0703452543 0.0681174459 
 0.0737072849 0.0713398240 0.0691985594 
 0.0745505506 0.0722581889 0.0701981066 
 0.0753048624 0.0730806216 0.0710942063 
 0.0759537858 0.0737888200 0.0718665280 
 0.0764827938 0.0743665861 0.0724970600 
 0.0768797987 0.0748004303 0.0729707931 
 0.0771355952 0.0750800739 0.0732762864 
 0.0772441968 0.0751988303 0.0734060949 
 0.0772030541 0.0751538509 0.0733570460 
 0.0770131476 0.0749462300 0.0731303560 
 0.0766789522 0.0745809649 0.0727315858 
 0.0762082747 0.0740667728 0.0721704358 
 0.0756119691 0.0734157684 0.0714603847 
 0.0749035391 0.0726430134 0.0706181825 
 0.0740986423 0.0717659544 0.0696632164 
 0.0732145185 0.0708037718 0.0686167742 
 0.0722693687 0.0697766737 0.0675012435 
 0.0712817173 0.0687051700 0.0663392899 
 0.0702697919 0.0676093694 0.0651530614 
 0.0692509550 0.0665083387 0.0639634675 
 0.0682412171 0.0654195590 0.0627895730 
 0.0672548545 0.0643585052 0.0616481362 
 0.0663041445 0.0633383634 0.0605533083 
 0.0653992214 0.0623698884 0.0595164939 
 0.0645480481 0.0614613925 0.0585463615 
 0.0637564892 0.0606188486 0.0576489819 
 0.0630284679 0.0598460855 0.0568280660 
 0.0623661838 0.0591450475 0.0560852724 
 0.0617703723 0.0585160968 0.0554205560 
 0.0612405846 0.0579583331 0.0548325313 
 0.0607754716 0.0574699137 0.0543188303 
 0.0603730584 0.0570483587 0.0538764405 
 0.0600309994 0.0566908318 0.0535020113 
 0.0597468072 0.0563943891 0.0531921232 
 0.0595180518 0.0561561939 0.0529435180 
 0.0593425277 0.0559736955 0.0527532884 
 0.0592183887 0.0558447718 0.0526190289 
 0.0591442511 0.0557678391 0.0525389503 
 0.0591192663 0.0557419274 0.0525119585 
 0.0591431638 0.0557667258 0.0525377012 
 0.0592162641 0.0558425962 0.0526165832 
 0.0593394640 0.0559705578 0.0527497492 
 0.0595141919 0.0561522404 0.0529390363 
 0.0597423339 0.0563898069 0.0531868927 
 0.0600261288 0.0566858428 0.0534962621 
 0.0603680320 0.0570432111 0.0538704313 
 0.0607705468 0.0574648731 0.0543128393 
 0.0612360245 0.0579536722 0.0548268457 
 0.0617664348 0.0585120839 0.0554154611 
 0.0623631103 0.0591419350 0.0560810392 
 0.0630264719 0.0598440980 0.0568249394 
 0.0637557456 0.0606181721 0.0576471689 
 0.0645486839 0.0614621635 0.0585460200 
 0.0654013079 0.0623721860 0.0595177233 
 0.0663076921 0.0633422028 0.0605561426 
 0.0672598100 0.0643638342 0.0616525393 
 0.0682474643 0.0654262585 0.0627954381 
 0.0692583190 0.0665162260 0.0639706197 
 0.0702780457 0.0676182050 0.0651612644 
 0.0712905921 0.0687146681 0.0663482564 
 0.0722785658 0.0697865153 0.0675106484 
 0.0732237230 0.0708136187 0.0686262695 
 0.0741075372 0.0717754648 0.0696724480 
 0.0749118187 0.0726518568 0.0706268059 
 0.0756193516 0.0734236394 0.0714680804 
 0.0762145131 0.0740734034 0.0721769224 
 0.0766838433 0.0745861340 0.0727366309 
 0.0770165387 0.0749497713 0.0731337845 
 0.0772048476 0.0751556582 0.0733587459 
 0.0772443530 0.0751988606 0.0734060208 
 0.0771341336 0.0750783483 0.0732744610 
 0.0768767975 0.0747970338 0.0729673064 
 0.0764783873 0.0743616651 0.0724920665 
 0.0759481607 0.0737825776 0.0718602419 
 0.0752982518 0.0730733111 0.0710868942 
 0.0745432259 0.0722501048 0.0701900774 
 0.0736995460 0.0713312910 0.0691901527 
 0.0727849744 0.0703366142 0.0681090171 
 0.0718179396 0.0692865105 0.0669692874 
 0.0708169025 0.0682013880 0.0657934841 
 0.0697997561 0.0671009471 0.0646032651 
 0.0687832918 0.0660035813 0.0634187533 
 0.0677827583 0.0649258876 0.0622579941 
 0.0668115328 0.0638823088 0.0611365675 
 0.0658809120 0.0628849161 0.0600673622 
 0.0650000232 0.0619433286 0.0590605082 
 0.0641758447 0.0610647584 0.0581234490 
 0.0634133198 0.0602541582 0.0572611298 
 0.0627155449 0.0595144504 0.0564762717 
 0.0620840091 0.0588468092 0.0557697011 
 0.0615188653 0.0582509731 0.0551407084 
 0.0610192138 0.0577255674 0.0545874107 
 0.0605833835 0.0572684186 0.0541071022 
 0.0602091982 0.0568768495 0.0536965786 
 0.0598942204 0.0565479453 0.0533524266 
 0.0596359669 0.0562787877 0.0530712756 
 0.0594320930 0.0560666525 0.0528500088 
 0.0592805446 0.0559091717 0.0526859349 
 0.0591796786 0.0558044609 0.0525769213 
 0.0591283520 0.0557512128 0.0525214925 
 0.0591259798 0.0557487586 0.0525188938 
 0.0591725649 0.0557970984 0.0525691231 
 0.0592686979 0.0558969020 0.0526729311 
 0.0594155287 0.0560494784 0.0528317906 
 0.0596147081 0.0562567153 0.0530478330 
 0.0598683000 0.0565209864 0.0533237521 
 0.0601786619 0.0568450256 0.0536626711 
 0.0605482938 0.0572317653 0.0540679729 
 0.0609796551 0.0576841407 0.0545430904 
 0.0614749504 0.0582048578 0.0550912574 
 0.0620358873 0.0587961280 0.0557152201 
 0.0626634111 0.0594593754 0.0564169156 
 0.0633574252 0.0601949232 0.0571971223 
 0.0641165072 0.0610016724 0.0580550985 
 0.0649376387 0.0618767890 0.0589882239 
 0.0658159639 0.0628154205 0.0599916686 
 0.0667445999 0.0638104652 0.0610581165 
 0.0677145194 0.0648524204 0.0621775731 
 0.0687145256 0.0659293320 0.0633372863 
 0.0697313361 0.0670268691 0.0645218075 
 0.0707497854 0.0681285337 0.0657132082 
 0.0717531478 0.0692160118 0.0668914596 
 0.0727235723 0.0702696548 0.0680349665 
 0.0736426111 0.0712690737 0.0691212328 
 0.0744918159 0.0721938133 0.0701276229 
 0.0752533701 0.0730240705 0.0710321743 
 0.0759107215 0.0737414140 0.0718144150 
 0.0764491821 0.0743294677 0.0724561364 
 0.0768564661 0.0747745216 0.0729420845 
 0.0771231398 0.0750660423 0.0732605352 
 0.0772429667 0.0751970641 0.0734037329 
 0.0772131349 0.0751644452 0.0733681785 
 0.0770343591 0.0749689831 0.0731547583 
 0.0767108553 0.0746153861 0.0727687113 
 0.0762501874 0.0741121004 0.0722194365 
 0.0756629917 0.0734709979 0.0715201429 
 0.0749625869 0.0727069354 0.0706873535 
 0.0741644857 0.0718371995 0.0697402792 
 0.0732858279 0.0708808619 0.0687000894 
 0.0723447618 0.0698580761 0.0675891149 
 0.0713598072 0.0687893512 0.0664300256 
 0.0703492318 0.0676948470 0.0652450318 
 0.0693304790 0.0665937262 0.0640551560 
 0.0683196737 0.0655036032 0.0628796172 
 0.0673312316 0.0644401134 0.0617353577 
 0.0663775852 0.0634166202 0.0606367298 
 0.0654690314 0.0624440621 0.0595953449 
 0.0646136942 0.0615309319 0.0586200732 
 0.0638175914 0.0606833725 0.0577171730 
 0.0630847850 0.0599053654 0.0568905228 
 0.0624175958 0.0591989868 0.0561419240 
 0.0618168603 0.0585647073 0.0554714477 
 0.0612822094 0.0580017111 0.0548777971 
 0.0608123527 0.0575082161 0.0543586669 
 0.0604053540 0.0570817811 0.0539110828 
 0.0600588880 0.0567195884 0.0535317106 
 0.0597704714 0.0564186950 0.0532171283 
 0.0595376646 0.0561762503 0.0529640594 
 0.0593582405 0.0559896773 0.0527695652 
 0.0592303226 0.0558568182 0.0526311987 
 0.0591524900 0.0557760461 0.0525471214 
 0.0591238525 0.0557463434 0.0525161856 
 0.0591440952 0.0557673489 0.0525379825 
 0.0592134947 0.0558393743 0.0526128602 
 0.0593329055 0.0559633905 0.0527419091 
 0.0595037180 0.0561409835 0.0529269163 
 0.0597277868 0.0563742792 0.0531702874 
 0.0600073281 0.0566658353 0.0534749331 
 0.0603447856 0.0570184993 0.0538441199 
 0.0607426649 0.0574352312 0.0542812819 
 0.0612033355 0.0579188905 0.0547897928 
 0.0617288034 0.0584719887 0.0553726983 
 0.0623204571 0.0590964106 0.0560324118 
 0.0629787950 0.0597931103 0.0567703783 
 0.0637031415 0.0605617925 0.0575867181 
 0.0644913682 0.0614005931 0.0584798635 
 0.0653396338 0.0623057767 0.0594462103 
 0.0662421648 0.0632714751 0.0604798087 
 0.0671910959 0.0642894893 0.0615721214 
 0.0681763935 0.0653491822 0.0627118807 
 0.0691858793 0.0664374838 0.0638850714 
 0.0702053683 0.0675390272 0.0650750619 
 0.0712189273 0.0686364237 0.0662628965 
 0.0722092513 0.0697106762 0.0674277487 
 0.0731581442 0.0707417159 0.0685475190 
 0.0740470827 0.0717090375 0.0695995497 
 0.0748578332 0.0725923992 0.0705614163 
 0.0755730880 0.0733725461 0.0714117480 
 0.0761770877 0.0740319182 0.0721310297 
 0.0766561948 0.0745553038 0.0727023418 
 0.0769993941 0.0749304071 0.0731120008 
 0.0771986960 0.0751483054 0.0733500741 
 0.0772494278 0.0752037790 0.0734107495 
 0.0771504042 0.0750955031 0.0732925504 
 0.0769039706 0.0748260967 0.0729983904 
 0.0765159178 0.0744020265 0.0725354662 
 0.0759952716 0.0738333696 0.0719149907 
 0.0753539628 0.0731334396 0.0711517749 
 0.0746063897 0.0723182909 0.0702636682 
 0.0737688905 0.0714061186 0.0692708814 
 0.0728591485 0.0704165827 0.0681952209 
 0.0718955612 0.0693700893 0.0670592740 
 0.0708966051 0.0682870689 0.0658855921 
 0.0698802322 0.0671872937 0.0646959185 
 0.0688633299 0.0660892701 0.0635105083 
 0.0678612727 0.0650097411 0.0623475748 
 0.0668875844 0.0639633178 0.0612228901 
 0.0659537206 0.0629622515 0.0601495469 
 0.0650689703 0.0620163437 0.0591378791 
 0.0642404689 0.0611329819 0.0581955256 
 0.0634733062 0.0603172805 0.0573276096 
 0.0627707090 0.0595723049 0.0565370079 
 0.0621342779 0.0588993496 0.0558246771 
 0.0615642566 0.0582982503 0.0551900104 
 0.0610598151 0.0577677051 0.0546312011 
 0.0606193311 0.0573055908 0.0541455944 
 0.0602406584 0.0569092587 0.0537300134 
 0.0599213720 0.0565758045 0.0533810524 
 0.0596589859 0.0563023034 0.0530953304 
 0.0594511400 0.0560860112 0.0528697060 
 0.0592957546 0.0559245291 0.0527014513 
 0.0591911528 0.0558159333 0.0525883887 
 0.0591361518 0.0557588710 0.0525289912 
 0.0591301239 0.0557526244 0.0525224488 
 0.0591730276 0.0557971433 0.0525687027 
 0.0592654101 0.0558930477 0.0526684478 
 0.0594083807 0.0560416004 0.0528231043 
 0.0596035552 0.0562446482 0.0530347572 
 0.0598529697 0.0565045319 0.0533060614 
 0.0601589642 0.0568239629 0.0536401130 
 0.0605240332 0.0572058645 0.0540402815 
 0.0609506456 0.0576531787 0.0545100035 
 0.0614410324 0.0581686364 0.0550525362 
 0.0619969468 0.0587544954 0.0556706725 
 0.0626194000 0.0594122487 0.0563664210 
 0.0633083827 0.0601423125 0.0571406589 
 0.0640625815 0.0609437049 0.0579927705 
 0.0648791060 0.0618137322 0.0589202878 
 0.0657532456 0.0627477020 0.0599185573 
 0.0666782752 0.0637386882 0.0609804575 
 0.0676453312 0.0647773721 0.0620961998 
 0.0686433793 0.0658519840 0.0632532405 
 0.0696592898 0.0669483674 0.0644363295 
 0.0706780310 0.0680501791 0.0656277157 
 0.0716829832 0.0691392287 0.0668075142 
 0.0726563655 0.0701959519 0.0679542294 
 0.0735797580 0.0711999960 0.0690454110 
 0.0744346944 0.0721308899 0.0700584100 
 0.0752032918 0.0729687602 0.0709711889 
 0.0758688850 0.0736950517 0.0717631401 
 0.0764166297 0.0742932153 0.0724158636 
 0.0768340455 0.0747493245 0.0729138651 
 0.0771114735 0.0750525949 0.0732451410 
 0.0772424293 0.0751957838 0.0734016280 
 0.0772238398 0.0751754578 0.0733795021 
 0.0770561546 0.0749921182 0.0731793197 
 0.0767433302 0.0746501837 0.0728059975 
 0.0762926862 0.0741578276 0.0722686313 
 0.0757146388 0.0735266768 0.0715801575 
 0.0750223187 0.0727713794 0.0707568680 
 0.0742310903 0.0719090582 0.0698177928 
 0.0733579889 0.0709586714 0.0687839778 
 0.0724211062 0.0699403126 0.0676776913 
 0.0714389523 0.0688744859 0.0665216020 
 0.0704298315 0.0677813969 0.0653379770 
 0.0694112642 0.0666803002 0.0641479476 
 0.0683994861 0.0655889399 0.0629708829 
 0.0674090500 0.0645231094 0.0618239064 
 0.0664525419 0.0634963475 0.0607215696 
 0.0655404200 0.0625197752 0.0596756897 
 0.0646809694 0.0616020657 0.0586953384 
 0.0638803607 0.0607495321 0.0577869623 
 0.0631427956 0.0599663096 0.0569546085 
 0.0624707172 0.0592546074 0.0562002227 
 0.0618650640 0.0586150059 0.0555239936 
 0.0613255478 0.0580467750 0.0549247148 
 0.0608509382 0.0575481948 0.0544001454 
 0.0604393387 0.0571168641 0.0539473507 
 0.0600884453 0.0567499847 0.0535630142 
 0.0597957801 0.0564446158 0.0532437126 
 0.0595588939 0.0561978935 0.0529861517 
 0.0593755393 0.0560072153 0.0527873620 
 0.0592438096 0.0558703878 0.0526448557 
 0.0591622469 0.0557857415 0.0525567454 
 0.0591299193 0.0557522112 0.0525218295 
 0.0591464681 0.0557693853 0.0525396429 
 0.0592121252 0.0558375251 0.0526104768 
 0.0593277028 0.0559575529 0.0527353668 
 0.0594945529 0.0561310106 0.0529160498 
 0.0597144981 0.0563599864 0.0531548880 
 0.0599897313 0.0566470098 0.0534547585 
 0.0603226842 0.0569949117 0.0538189066 
 0.0607158638 0.0574066503 0.0542507609 
 0.0611716571 0.0578851005 0.0547537080 
 0.0616921056 0.0584328089 0.0553308282 
 0.0622786535 0.0590517176 0.0559845933 
 0.0629318757 0.0597428617 0.0567165335 
 0.0636511952 0.0605060511 0.0575268815 
 0.0644346026 0.0613395510 0.0584142093 
 0.0652783944 0.0622397773 0.0593750783 
 0.0661769500 0.0632010313 0.0604037257 
 0.0671225666 0.0642152957 0.0614918169 
 0.0681053763 0.0652721203 0.0626282940 
 0.0691133608 0.0663586174 0.0637993484 
 0.0701324812 0.0674595877 0.0649885402 
 0.0711469269 0.0685577850 0.0661770780 
 0.0721394833 0.0696343190 0.0673442603 
 0.0730920058 0.0706691837 0.0684680632 
 0.0739859775 0.0716418862 0.0695258478 
 0.0748031235 0.0725321425 0.0704951466 
 0.0755260470 0.0733206010 0.0713544838 
 0.0761388530 0.0739895526 0.0720841802 
 0.0766277275 0.0745235895 0.0726670987 
 0.0769814435 0.0749101798 0.0730892938 
 0.0771917722 0.0751401343 0.0733405359 
 0.0772537836 0.0752079457 0.0734146928 
 0.0771660261 0.0751119915 0.0733099566 
 0.0769305791 0.0748545937 0.0730289103 
 0.0765529779 0.0744419341 0.0725784331 
 0.0760420126 0.0738838265 0.0719694458 
 0.0754094067 0.0731933541 0.0712165029 
 0.0746693873 0.0723863813 0.0703372440 
 0.0738381635 0.0714809618 0.0693517245 
 0.0729333361 0.0704966668 0.0682816550 
 0.0719732685 0.0694538683 0.0671495897 
 0.0709764501 0.0683730169 0.0659781071 
 0.0699608898 0.0672739541 0.0647890341 
 0.0689435701 0.0661752985 0.0636027566 
 0.0679399912 0.0650939388 0.0624376561 
 0.0669638243 0.0640446552 0.0613096975 
 0.0660266847 0.0630398808 0.0602321793 
 0.0651380250 0.0620896015 0.0592156425 
 0.0643051403 0.0612013826 0.0582679237 
 0.0635332686 0.0603805033 0.0573943278 
 0.0628257699 0.0596301744 0.0565978902 
 0.0621843585 0.0589518136 0.0558797006 
 0.0616093710 0.0583453560 0.0552392577 
 0.0611000486 0.0578095746 0.0546748334 
 0.0606548198 0.0573423978 0.0541838255 
 0.0602715692 0.0569412075 0.0537630863 
 0.0599478852 0.0566031098 0.0534092181 
 0.0596812796 0.0563251745 0.0531188305 
 0.0594693772 0.0561046377 0.0528887572 
 0.0593100724 0.0559390695 0.0527162342 
 0.0592016543 0.0558265063 0.0525990382 
 0.0591429002 0.0557655497 0.0525355902 
 0.0591331389 0.0557554320 0.0525250242 
 0.0591722839 0.0557960518 0.0525672239 
 0.0592608381 0.0558879791 0.0526628276 
 0.0593998700 0.0560324291 0.0528132021 
 0.0595909592 0.0562312072 0.0530203845 
 0.0598361137 0.0564866205 0.0532869907 
 0.0601376550 0.0568013571 0.0536160883 
 0.0604980720 0.0571783307 0.0540110329 
 0.0609198424 0.0576204893 0.0544752640 
 0.0614052236 0.0581305890 0.0550120623 
 0.0619560143 0.0587109334 0.0556242668 
 0.0625732921 0.0593630850 0.0563139581 
 0.0632571359 0.0600875535 0.0570821125 
 0.0640063418 0.0608834754 0.0579282414 
 0.0648181493 0.0617482984 0.0588500309 
 0.0656879951 0.0626774927 0.0598430057 
 0.0666093138 0.0636643101 0.0609002417 
 0.0675734086 0.0646996189 0.0620121599 
 0.0685694107 0.0657718373 0.0631664283 
 0.0695843466 0.0668669873 0.0643479998 
 0.0706033217 0.0679688838 0.0655393051 
 0.0716098255 0.0690594645 0.0667206076 
 0.0725861501 0.0701192521 0.0678705151 
 0.0735139061 0.0711279334 0.0689666265 
 0.0743746102 0.0720650233 0.0699862818 
 0.0751503142 0.0729105785 0.0709073695 
 0.0758242392 0.0736459200 0.0717091460 
 0.0763813829 0.0742543235 0.0723730181 
 0.0768090679 0.0747216434 0.0728832481 
 0.0770974062 0.0750368402 0.0732275489 
 0.0772396614 0.0751923896 0.0733975436 
 0.0772324942 0.0751845608 0.0733890770 
 0.0770760835 0.0750135529 0.0732023692 
 0.0767741207 0.0746834882 0.0728420070 
 0.0763336755 0.0742022612 0.0723167759 
 0.0757649382 0.0735812474 0.0716393328 
 0.0750808471 0.0728348805 0.0708257318 
 0.0742966131 0.0719801142 0.0698948165 
 0.0734291639 0.0710357891 0.0688675044 
 0.0724965312 0.0700219362 0.0677659975 
 0.0715172145 0.0689590521 0.0666129613 
 0.0705095537 0.0678673876 0.0654307192 
 0.0694911465 0.0667662903 0.0642405117 
 0.0684783416 0.0656736357 0.0630618607 
 0.0674858309 0.0646053779 0.0619120737 
 0.0665263575 0.0635752349 0.0608059061 
 0.0656105445 0.0625945147 0.0597553857 
 0.0647468419 0.0616720756 0.0587697911 
 0.0639415776 0.0608144053 0.0578557625 
 0.0631990968 0.0600257971 0.0570175205 
 0.0625219683 0.0593085975 0.0562571596 
 0.0619112359 0.0586635001 0.0555749901 
 0.0613666950 0.0580898634 0.0549698994 
 0.0608871773 0.0575860322 0.0544397131 
 0.0604708275 0.0571496468 0.0539815383 
 0.0601153644 0.0567779298 0.0535920772 
 0.0598183153 0.0564679429 0.0532679057 
 0.0595772223 0.0562168093 0.0530057121 
 0.0593898169 0.0560219003 0.0528024959 
 0.0592541620 0.0558809869 0.0526557273 
 0.0591687619 0.0557923558 0.0525634694 
 0.0591326424 0.0557548930 0.0525244657 
 0.0591453994 0.0557681358 0.0525381932 
 0.0592072197 0.0558322937 0.0526048850 
 0.0593188717 0.0559482393 0.0527255206 
 0.0594816682 0.0561174691 0.0529017855 
 0.0596973989 0.0563420328 0.0531359971 
 0.0599682327 0.0566244305 0.0534309981 
 0.0602965885 0.0569674761 0.0537900116 
 0.0606849744 0.0573741253 0.0542164601 
 0.0611357948 0.0578472681 0.0547137427 
 0.0616511270 0.0583894866 0.0552849741 
 0.0622324713 0.0590027804 0.0559326854 
 0.0628804804 0.0596882665 0.0566584926 
 0.0635946768 0.0604458618 0.0574627421 
 0.0643731724 0.0612739626 0.0583441480 
 0.0652124038 0.0621691386 0.0592994397 
 0.0661069058 0.0631258633 0.0603230446 
 0.0670491418 0.0641363052 0.0614068346 
 0.0680294126 0.0651902043 0.0625399660 
 0.0690358637 0.0662748595 0.0637088413 
 0.0700546058 0.0673752433 0.0648972169 
 0.0710699541 0.0684742556 0.0660864703 
 0.0720647874 0.0695531164 0.0672560288 
 0.0730210142 0.0705918850 0.0683839474 
 0.0739201253 0.0715700820 0.0694476073 
 0.0747438044 0.0724673816 0.0704244989 
 0.0754745639 0.0732643341 0.0712930401 
 0.0760963711 0.0739430786 0.0720333846 
 0.0765952315 0.0744880070 0.0726281737 
 0.0769597013 0.0748863465 0.0730631938 
 0.0771813072 0.0751286345 0.0733279114 
 