10.1289894704 10.7237110227 11.3245457387 
 10.0939725988 10.6879682969 11.2886405173 
 10.0697543286 10.6632209520 11.2637359464 
 10.0574778699 10.6506983060 11.2511541423 
 10.0577054655 10.6510049137 11.2515453380 
 10.0704160248 10.6641187863 11.2648866851 
 10.0950053754 10.6893915935 11.2904824042 
 10.1302891623 10.7255508880 11.3269653241 
 10.1745096529 10.7707057508 11.3723013770 
 10.2253489083 10.8223586252 11.4238001550 
 10.2799519489 10.8774274388 11.4781361641 
 10.3349645923 10.9322833604 11.5313868730 
 10.3865914824 10.9828105772 11.5790949181 
 10.4306802766 11.0244951098 11.6163626576 
 10.4628377865 11.0525496272 11.6379873380 
 10.4785827780 11.0620801303 11.6386440057 
 10.4735378397 11.0482978382 11.6131204712 
 10.4436589671 11.0067753255 11.5566036940 
 10.3854962325 10.9337397882 11.4650097045 
 10.2964723902 10.8263885461 11.3353399362 
 10.1751592192 10.6832033861 11.1660366379 
 10.0215251063 10.5042326509 10.9573007733 
 9.8371234775 10.2913051656 10.7113301067 
 9.6251919405 10.0481403800 10.4324357657 
 9.3906376816 9.7803260951 10.1270044526 
 9.1398959150 9.4951490172 9.8032907538 
 8.8806636455 9.2012823399 9.4710472395 
 8.6215277728 8.9083548479 9.1410243780 
 8.3715209134 8.6264429142 8.8243917197 
 8.1396467927 8.3655359576 8.5321411512 
 7.9344177281 8.1350252208 8.2745299500 
 7.7634398357 7.9432557903 8.0606072378 
 7.6330695818 7.7971659598 7.8978468632 
 7.5481518167 7.7020211015 7.7918888252 
 7.5118381935 7.6612357709 7.7463756483 
 7.5254784661 7.6762708431 7.7628630197 
 7.5885763834 7.7465928534 7.8407860896 
 7.6988057474 7.8696889297 7.9774721043 
 7.8520882700 8.0411397034 8.1682026912 
 8.0427401175 8.2547605723 8.4063405385 
 8.2636956634 8.5028251351 8.6835411139 
 8.5068132439 8.7763812154 8.9900674705 
 8.7632585375 9.0656593295 9.3152143796 
 9.0239483744 9.3605577123 9.6478290931 
 9.2800246030 9.6511710942 9.9768946159 
 9.5233179390 9.9283171863 10.2921235271 
 9.7467586565 10.1840094929 10.5845016781 
 9.9446958740 10.4118296583 10.8467245686 
 10.1130991115 10.6071661839 11.0734842612 
 10.2496318814 10.7673055782 11.2615873446 
 10.3536035738 10.8913821069 11.4099088440 
 10.4258194112 10.9802089295 11.5192075164 
 10.4683566309 11.0360237526 11.5918409666 
 10.4842977804 11.0621854835 11.6314234285 
 10.4774498846 11.0628557394 11.6424660735 
 10.4520728660 11.0426924825 11.6300318295 
 10.4126337257 11.0065747155 11.5994266917 
 10.3635960969 10.9593689143 11.5559396450 
 10.3092488580 10.9057408832 11.5046350515 
 10.2535729959 10.8500115228 11.4501953083 
 10.2001429397 10.7960516649 11.3968077864 
 10.1520569488 10.7472093857 11.3480881698 
 10.1118905724 10.7062627032 11.3070318595 
 10.0816673762 10.6753909008 11.2759856155 
 10.0628418140 10.6561585934 11.2566326937 
 10.0562900851 10.6495078122 11.2499861175 
 10.0623059420 10.6557546878 11.2563862299 
 10.0805996033 10.6745886650 11.2755002080 
 10.1102991454 10.7050735484 11.3063227549 
 10.1499549679 10.7456510415 11.3471787095 
 10.1975491496 10.7941488146 11.3957298505 
 10.2505127005 10.8477964830 11.4489897074 
 10.3057548403 10.9032541911 11.5033517031 
 10.3597094065 10.9566596607 11.5546373433 
 10.4084041768 11.0037004482 11.5981722694 
 10.4475590893 11.0397185068 11.6288985205 
 10.4727187875 11.0598536692 11.6415309262 
 10.4794233083 11.0592309513 11.6307637034 
 10.4634177788 11.0331932746 11.5915295747 
 10.4208975257 10.9775760408 11.5193077185 
 10.3487790845 10.8890130220 11.4104686184 
 10.2449807144 10.7652547718 11.2626340086 
 10.1086891338 10.6054723970 11.0750200557 
 9.9405837719 10.4105128797 10.8487239375 
 9.7429876500 10.1830694143 10.5869108526 
 9.5199166483 9.9277334658 10.2948627433 
 9.2770072338 9.6509055064 9.9798628967 
 9.0213161852 9.3605579566 9.6509110788 
 8.7610023528 9.0658639899 9.3182883212 
 8.5049166198 8.7767251810 8.9930133034 
 8.2621382427 8.5032447616 8.6862475717 
 8.0415007454 8.2551979904 8.4087105388 
 7.8511475574 8.0415459242 8.1701566479 
 7.6981479319 7.8700256879 7.9789492749 
 7.5881905017 7.7468333843 7.8417444377 
 7.5253589658 7.6763999537 7.7632782772 
 7.5119851616 7.6612496012 7.7462402749 
 7.5485709776 7.7019268947 7.7912113998 
 7.6337721413 7.7969819926 7.8966521571 
 7.7644421432 7.9430114093 8.0589368811 
 7.9357406405 8.1347607417 8.2724432844 
 8.1413145705 8.3653020607 8.5297156365 
 8.3735594989 8.6262991519 8.8217221875 
 8.6239623875 8.9083669876 9.1382205421 
 8.8835157873 9.2015184823 9.4682291695 
 9.1431800070 9.4956747140 9.8005824456 
 9.3943577605 9.7811989596 10.1245260791 
 9.6293388482 10.0494048726 10.4302955445 
 9.8416729885 10.2929882752 10.7096168757 
 10.0264373018 10.5063410750 10.9560782785 
 10.1803792262 10.6857225662 11.1653402311 
 10.3019323964 10.8292836102 11.3351759581 
 10.3911185040 10.9369581612 11.4653573891 
 10.4493594840 11.0102505584 11.5574190864 
 10.4792301233 11.0519541035 11.6143416518 
 10.4841815203 11.0658368373 11.6401968733 
 10.4682619777 11.0563256975 11.6397912897 
 10.4358556335 11.0282125877 11.6183356628 
 10.3914520973 10.9863973951 11.5811576805 
 10.3394538168 10.9356752146 11.5334659485 
 10.2840226009 10.8805688339 11.4801660541 
 10.2289629388 10.8252032170 11.4257244947 
 10.1776374326 10.7732161570 11.3740734000 
 10.1329085500 10.7276981490 11.3285478091 
 10.0971007206 10.6911544564 11.2918473063 
 10.0719772370 10.6654829663 11.2660146333 
 10.0587272538 10.6519624576 11.2524251481 
 10.0579592309 10.6512471464 11.2517824533 
 10.0696983267 10.6633647096 11.2641170470 
 10.0933864553 10.6877163459 11.2887863844 
 10.1278849440 10.7230788034 11.3244762661 
 10.1714809498 10.7676096666 11.3692050019 
 10.2219000044 10.8188585616 11.4203333312 
 10.2763282227 10.8737882766 11.4745846187 
 10.3314487810 10.9288110536 11.5280813126 
 10.3834981270 10.9798463644 11.5764049402 
 10.4283478752 11.0224071644 11.6146877910 
 10.4616182265 11.0517216235 11.6377445882 
 10.4788277489 11.0628963399 11.6402514250 
 10.4755821621 11.0511246348 11.6169765761 
 10.4478011281 11.0119393873 11.5630630266 
 10.3919768921 10.9415038412 11.4743554929 
 10.3054521663 10.8369261484 11.3477555930 
 10.1866976096 10.6965749192 11.1815786348 
 10.0355628352 10.5203652117 10.9758760649 
 9.8534707230 10.3099792639 10.7326815207 
 9.6435246859 10.0689860870 10.4561384339 
 9.4105037618 9.8028304602 10.1524753216 
 9.1607312510 9.5186752445 9.8298115747 
 8.9018178390 9.2250996046 9.4977994770 
 8.6422969454 8.9316760914 9.1671326628 
 8.3911847229 8.6484668649 8.8489712541 
 8.1575061727 8.3854892600 8.5543442021 
 7.9498301478 8.1522009892 8.2935872661 
 7.7758496661 7.9570459754 8.0758616702 
 7.6420322126 7.8070862773 7.9087781929 
 7.5533512005 7.7077285396 7.7981303263 
 7.5130982258 7.6625395370 7.7477238608 
 7.5227689028 7.6731378796 7.7592824110 
 7.5820138601 7.7391487666 7.8324098006 
 7.6886500355 7.8582145293 7.9645990557 
 7.8387334140 8.0260626227 8.1512903029 
 8.0266997842 8.2366409356 8.3859915671 
 8.2455820977 8.4823342073 8.6604829426 
 8.4873097382 8.7542725245 8.9651227504 
 8.7430862270 9.0427328295 9.2892631818 
 9.0038292535 9.3376189175 9.6217644072 
 9.2606436220 9.6289883839 9.9515746864 
 9.5052875921 9.9075812788 10.2683256517 
 9.7305894136 10.1652991413 10.5628823439 
 9.9307751217 10.3955868766 10.8277900460 
 10.1016801117 10.5936829538 11.0575742154 
 10.2408329046 10.7567223526 11.2488720651 
 10.3474161269 10.8836969053 11.4003988285 
 10.4221235762 10.9752947092 11.5127727586 
 10.4669410859 11.0336511873 11.5882365912 
 10.4848820604 11.0620482644 11.6303182765 
 10.4797067603 11.0645959073 11.6434713046 
 10.4556492298 11.0459239238 11.6327273568 
 10.4171689399 11.0109036385 11.6033840865 
 10.3687372872 10.9644107476 11.5607408894 
 10.3146630533 10.9111335289 11.5098870982 
 10.2589563169 10.8554252422 11.4555408017 
 10.2052272207 10.8011960728 11.4019325211 
 10.1566142617 10.7518381159 11.3527259547 
 10.1157361337 10.7101763098 11.3109674447 
 10.0846612816 10.6784385093 11.2790562750 
 10.0648899754 10.6582387301 11.2587289521 
 10.0573446616 10.6505687407 11.2510519929 
 10.0623654624 10.6557944759 11.2564192438 
 10.0797088816 10.6736550942 11.2745512879 
 10.1085489932 10.7032638709 11.3044960364 
 10.1474816113 10.7431114828 11.3446311220 
 10.1945331620 10.7910736078 11.3926702490 
 10.2471771699 10.8444261191 11.4456771925 
 10.3023624073 10.8998724689 11.5000926543 
 10.3565577390 10.9535890359 11.5517805918 
 10.4058194126 11.0012951299 11.5961017650 
 10.4458867853 11.0383547492 11.6280228381 
 10.4723119966 11.0599167858 11.6422690399 
 10.4806275773 11.0610987718 11.6335266667 
 10.4665531549 11.0372160927 11.5966981252 
 10.4262380637 10.9840535808 11.5272063870 
 10.3565308644 10.8981695605 11.4213376448 
 10.2552599342 10.7772142240 11.2766011757 
 10.1215023515 10.6202358009 11.0920752994 
 9.9558127001 10.4279411118 10.8687000739 
 9.7603809075 10.2028739837 10.6094737556 
 9.5390904559 9.9494777136 10.3195136489 
 9.2974561673 9.6740174663 10.0059541756 
 9.0424338837 9.3843546399 9.6776749861 
 8.7821107389 9.0895852337 9.3448762841 
 8.5253010225 8.7995738243 9.0185417157 
 8.2810851046 8.5244291344 8.7098452630 
 8.0583345048 8.2739727128 8.4295632715 
 7.8652638184 8.0572477708 8.1875450854 
 7.7090409870 7.8821025274 7.9922784954 
 7.5954743517 7.7548655642 7.8505647541 
 7.5287819018 7.6801146040 7.7672984163 
 7.5114385113 7.6605289157 7.7453345744 
 7.5440927019 7.6968114466 7.7854225524 
 7.6255456704 7.7876696599 7.8861903082 
 7.7527903556 7.9298517649 8.0441748734 
 7.9211144480 8.1182440990 8.2539069049 
 8.1242754157 8.3460420622 8.5080672084 
 8.3547553388 8.6050080153 8.7977360084 
 8.6040974478 8.8858233418 9.1127495741 
 8.8633153880 9.1785289712 9.4421638796 
 9.1233528273 9.4730319112 9.7748044248 
 9.3755587181 9.7596392360 10.0998605332 
 9.6121360496 10.0295703309 10.4074675147 
 9.8265218546 10.2753965489 10.6892158248 
 10.0136640414 10.4913657298 10.9385345186 
 10.1701745468 10.6735853077 11.1509148667 
 10.2943550112 10.8200578811 11.3239640491 
 10.3861068898 10.9305823514 11.4573023580 
 10.4467496482 11.0065481903 11.5523353135 
 10.4787769009 11.0506580621 11.6119418127 
 10.4855810762 11.0666149060 11.6401207934 
 10.4711736168 11.0588051817 11.6416337087 
 10.4399215711 11.0320024780 11.6216711104 
 10.3963143991 10.9911071900 11.5855614583 
 10.3447681984 10.9409300870 11.5385308880 
 10.2894691423 10.8860212546 11.4855152142 
 10.2342540144 10.8305414168 11.4310202727 
 10.1825232868 10.7781699569 11.3790236892 
 10.1371810029 10.7320427273 11.3329098728 
 10.1005954690 10.6947126005 11.2954300013 
 10.0745751674 10.6681262838 11.2686795295 
 10.0603551044 10.6536119310 11.2540869792 
 10.0585898505 10.6518733127 11.2524092151 
 10.0693506859 10.6629876358 11.2637299369 
 10.0921254664 10.6864054653 11.2874596534 
 10.1258210503 10.7209525687 11.3223369348 
 10.1687693500 10.7648348685 11.3664322714 
 10.2187392803 10.8156490544 11.4171573978 
 10.2729580552 10.8704027507 11.4712844840 
 10.3281463560 10.9255493994 11.5249810690 
 10.3805727813 10.9770441046 11.5738679239 
 10.4261335127 11.0204273963 11.6131079504 
 10.4604630732 11.0509439489 11.6375344384 
 10.4790811360 11.0637023834 11.6418260997 
 10.4775782491 11.0538800037 11.6207337662 
 10.4518398215 11.0169723192 11.5693590556 
 10.3983026723 10.9490813249 11.4834784153 
 10.3142320740 10.8472289491 11.3598969706 
 10.1980001896 10.7096736013 11.1968064440 
 10.0493402748 10.5361997914 10.9941118355 
 9.8695466180 10.3283453708 10.7536850911 
 9.6615896866 10.0895302898 10.4795034173 
 9.4301207275 9.8250566465 10.1776374114 
 9.1813504980 9.5419626610 9.8560702316 
 8.9228017715 9.2487315799 9.5243516125 
 8.6629520702 8.9548769202 9.1931151065 
 8.4107980687 8.6704432003 8.8735075249 
 8.1753827025 8.4054719383 8.5765907542 
 7.9653279532 8.1694835802 8.3127749988 
 7.7884104757 7.9710173709 8.0913298781 
 7.6512057878 7.8172559713 7.9199998336 
 7.5588132254 7.7137445289 7.8047290260 
 7.5146620535 7.6641996491 7.7494840711 
 7.5203918481 7.6703956469 7.7561543887 
 7.5757986222 7.7321147246 7.8245106584 
 7.6788414251 7.8471531948 7.9522102390 
 7.8257100676 8.0113846799 8.1348508313 
 8.0109602160 8.2188896337 8.3660856044 
 8.2277244628 8.4621648928 8.6378200311 
 8.4680051546 8.7324247340 8.9405095440 
 8.7230463706 9.0199953980 9.2635667062 
 8.9837700098 9.3147898929 9.5958685196 
 9.2412475527 9.6068328217 9.9263330572 
 9.4871685670 9.8867908271 10.2445157810 
 9.7142627513 10.1464574507 10.5411654450 
 9.9166359551 10.3791441967 10.8086809704 
 10.0899915784 10.5799419722 11.0414240977 
 10.2317244323 10.7458357270 11.2358644485 
 10.3408908372 10.8756754129 11.3905581629 
 10.4180729089 10.9700237978 11.5059827434 
 10.4651642622 11.0309131178 11.5842650794 
 10.4851079591 11.0615469786 11.6288453657 
 10.4816160733 11.0659821164 11.6441176654 
 10.4588952594 11.0488185156 11.6350805742 
 10.4213959592 11.0149181780 11.6070215994 
 10.3735959090 10.9691644706 11.5652488597 
 10.3198224806 10.9162667283 11.5148751258 
 10.2641136539 10.8606092953 11.4606528087 
 10.2101142108 10.8061405685 11.4068543624 
 10.1610019131 10.7562956337 11.3571904085 
 10.1194377076 10.7139454105 11.3147572378 
 10.0875340867 10.6813654492 11.2820057333 
 10.0668363458 10.6602183316 11.2607247689 
 10.0583124142 10.6515447530 11.2520334941 
 10.0623480371 10.6557596547 11.2563784059 
 10.0787452749 10.6726511233 11.2735326476 
 10.1067234970 10.7013811405 11.3025965075 
 10.1449232773 10.7404886333 11.3419996177 
 10.1914148133 10.7878966411 11.3895068892 
 10.2437136940 10.8409267766 11.4422317534 
 10.2988079785 10.8963254737 11.4966618058 
 10.3532015503 10.9503077169 11.5487033649 
 10.4029794576 10.9986248864 11.5937526204 
 10.4439012329 11.0366638110 11.6268016905 
 10.4715277738 11.0595837923 11.6425876613 
 10.4813859387 11.0624968712 11.6357910892 
 10.4691722879 11.0406935716 11.6012870175 
 10.4309931742 10.9899114928 11.5344459154 
 10.3636326791 10.9066374080 11.4314740266 
 10.2648331069 10.7884254098 11.2897729237 
 10.1335657654 10.6342051834 11.1082879036 
 9.9702640049 10.4445474245 10.8878063705 
 9.7769876658 10.2218499271 10.6311632782 
 9.5574899021 9.9704100718 10.3433136738 
 9.3171647653 9.6963585938 10.0312439153 
 9.0628667017 9.4074452298 9.7037126251 
 8.8026093439 9.1126866828 9.3708366268 
 8.5451674299 8.8219071277 9.0435606136 
 8.2996185721 8.5452164188 8.7330661168 
 8.0748678192 8.2924774550 8.4501810064 
 7.8791961836 8.0728104377 8.2048439933 
 7.7198655263 7.8941695690 8.0056619085 
 7.6027992980 7.7630110332 7.8595761822 
 7.5323454703 7.6840547857 7.7716350877 
 7.5111180162 7.6601309777 7.7448549848 
 7.5399085953 7.6920971652 7.7801495562 
 7.6176609215 7.7788148406 7.8763106218 
 7.7415051157 7.9171812785 8.0300348808 
 7.9068555043 8.1022217912 8.2360037170 
 8.1075797502 8.3272544501 8.4870333754 
 8.3362473287 8.5841408599 8.7743163755 
 8.5844599011 8.8636309329 9.0877695872 
 8.8432555867 9.1557971496 9.4164900708 
 9.1035657989 9.4505371957 9.7492994864 
 9.3566907806 9.7381075282 10.0753368708 
 9.5947520066 10.0096392064 10.3846439830 
 9.8110789293 10.2575848993 10.6686822314 
 10.0004947731 10.4760535466 10.9207274189 
 10.1594796445 10.6610049331 11.1361064580 
 10.2862058504 10.8102964597 11.3122640463 
 10.3804562335 10.9235938576 11.4486710584 
 10.4434484543 11.0021725193 11.5466049419 
 10.4775948040 11.0486443342 11.6088428032 
 10.4862282537 11.0666462838 11.6393098273 
 10.4733221433 11.0605229871 11.6427209068 
 10.4432248974 11.0350280366 11.6242445528 
 10.4004241346 10.9950604866 11.5892079854 
 10.3493478543 10.9454448804 11.5428528065 
 10.2942048609 10.8907567248 11.4901430274 
 10.2388625545 10.8351906978 11.4356218755 
 10.1867576794 10.7824660584 11.3833106313 
 10.1408343409 10.7357623999 11.3366413426 
 10.1035032917 10.6976786776 11.2984151508 
 10.0766168466 10.6702089733 11.2707786804 
 10.0614545701 10.6547294374 11.2552121450 
 10.0587159067 10.6519920732 11.2525242578 
 10.0685170749 10.6621223475 11.2628505570 
 10.0903907471 10.6846189774 11.2856532950 
 10.1232882616 10.7183556057 11.3197225701 
 10.1655853343 10.7615854474 11.3631799084 
 10.2150934553 10.8119513541 11.4134870410 
 10.2690803276 10.8665050892 11.4674641577 
 10.3243037999 10.9217408844 11.5213234064 
 10.3770646429 10.9736494496 11.5707247332 
 10.4232840812 11.0177993569 11.6108621210 
 10.4586119888 11.0494528608 11.6365885657 
 10.4785708140 11.0637223933 11.6425873288 
 10.4787383051 11.0557718178 11.6235946133 
 10.4549687077 11.0210626627 11.5746743981 
 10.4036471689 10.9556398219 11.4915394465 
 10.3219658030 10.8564437528 11.3709036586 
 10.2082028535 10.7216277574 11.2108408164 
 10.0619797690 10.5508508627 11.0111150687 
 9.8844663848 10.3455111227 10.7734417009 
 9.6785035456 10.1088830758 10.5016356278 
 9.4486168463 9.8461284299 10.2016118955 
 9.2009051904 9.5641614023 9.8812179204 
 8.9428025590 9.2713681940 9.5498994081 
 8.6827281758 8.9772004790 9.2182265174 
 8.4296555186 8.6916809077 8.8973279505 
 8.1926407318 8.4248699167 8.5982927029 
 7.9803535525 8.1863448014 8.3315990547 
 7.8006485939 7.9847340029 8.1066185178 
 7.6602037045 7.8273347084 7.9312228479 
 7.5642386220 7.7198247288 7.8115008318 
 7.5163150799 7.6660650013 7.7515742226 
 7.5182118426 7.6679804553 7.7534929235 
 7.5698660721 7.7255056969 7.8171895511 
 7.6693753802 7.8365870504 7.9404814024 
 7.8130607358 7.9972411819 8.1191201133 
 7.9955961242 8.2016791056 8.3469014382 
 8.2102135507 8.4425091588 8.6158551158 
 8.4489895857 8.7110308487 8.9165343466 
 8.7032116573 8.9976224930 9.2384146773 
 8.9638100773 9.2922107454 9.5703944765 
 9.2218283376 9.5847930131 9.9013678163 
 9.4688933614 9.8659692314 10.2208213226 
 9.6976425644 10.1274319798 10.5193953034 
 9.9020676059 10.3623661517 10.7893499840 
 10.0777451909 10.5657211330 11.0248902754 
 10.2219407256 10.7343367723 11.2223238739 
 10.3335873770 10.8669247630 11.3800520246 
 10.4131575576 10.9639248296 11.4984141624 
 10.4624535561 11.0272670706 11.5794226043 
 10.4843480573 11.0600767703 11.6264298661 
 10.4825041798 11.0663566051 11.6437697215 
 10.4610998835 11.0506753080 11.6364061426 
 10.4245749183 11.0178837376 11.6096145135 
 10.3774114902 10.9728708885 11.5687094536 
 10.3239535991 10.9203650164 11.5188248519 
 10.2682651548 10.8647794131 11.4647451267 
 10.2140236533 10.8100986086 11.4107824193 
 10.1644442732 10.7597986914 11.3606921339 
 10.1222284582 10.7167946789 11.3176184874 
 10.0895310872 10.6834080398 11.2840620567 
 10.0679409120 10.6613482447 11.2618622874 
 10.0584698615 10.6517033295 11.2521892630 
 10.0615479031 10.6549357409 11.2555405217 
 10.0770213352 10.6708810759 11.2717402424 
 10.1041535959 10.6987486958 11.2999396572 
 10.1416289019 10.7371245609 11.3386190758 
 10.1875602478 10.7839779991 11.3855934390 
 10.2395045016 10.8366754827 11.4380248587 
 10.2944884749 10.8920058103 11.4924471234 
 10.3490508644 10.9462223029 11.5448085831 
 10.3993057306 10.9951085918 11.5905410134 
 10.4410335067 11.0340750760 11.6246627532 
 10.4698051798 11.0582928742 11.6419242492 
 10.4811439469 11.0628707008 11.6370026629 
 10.4707260317 11.0430771912 11.6047489238 
 10.4346182369 10.9946064791 11.5404851406 
 10.3695442042 10.9138782468 11.4403425294 
 10.2731646262 10.7983554321 11.3016204214 
 10.1443496469 10.6468542876 11.1231367288 
 9.9834157751 10.4598142500 10.9055315403 
 9.7922965411 10.2394912378 10.6514810148 
 9.5746175359 9.9900397112 10.3657811069 
 9.3356534683 9.7174574454 10.0552715333 
 9.0821572775 9.4293822454 9.7285893551 
 8.8220674057 9.1347494907 9.3957655491 
 8.5641159001 8.8433393489 9.0677017016 
 8.3173732925 8.5652579520 8.7555814677 
 8.0907729995 8.3104038607 8.4702780312 
 7.8926568150 8.0879681558 8.2218129363 
 7.7303747314 7.9060048350 8.0189055592 
 7.6099596181 7.7710916642 7.8686312719 
 7.5358840085 7.6880851227 7.7761861890 
 7.5108959419 7.6599609263 7.7447424379 
 7.5359256736 7.6877263767 7.7753729487 
 7.6100555035 7.7703926887 7.8670287452 
 7.7305495797 7.9050026192 8.0165621549 
 7.8929466959 8.0867178383 8.2188021406 
 8.0912237546 8.3089777212 8.4666984785 
 8.3180380823 8.5637432671 8.7515556704 
 8.5650517495 8.8418347649 9.0633727407 
 8.8233308234 9.1333598145 9.3912913525 
 9.0837992415 9.4282118925 9.7241346693 
 9.3377142733 9.7166031279 10.0509982312 
 9.5771221163 9.9895832012 10.3618379113 
 9.7952508783 10.2394931210 10.6479939391 
 9.9868048669 10.4603094715 10.9025962807 
 10.1481372837 10.6478500065 11.1208139125 
 10.2772949472 10.7998313315 11.2999341209 
 10.3739447575 10.9157890740 11.4392819255 
 10.4392040936 10.9968863086 11.5400087810 
 10.4754044244 11.0456447476 11.6047907576 
 10.4858189199 11.0656350580 11.6374789543 
 10.4743818278 11.0611589351 11.6427405484 
 10.4454215050 11.0369483882 11.6257202883 
 10.4034219987 10.9978992326 11.5917420860 
 10.3528213318 10.9488477306 11.5460607707 
 10.2978490141 10.8943927127 11.4936662698 
 10.2424011623 10.8387607499 11.4391369674 
 10.1899489629 10.7857090003 11.3865356622 
 10.1434748498 10.7384589313 11.3393400292 
 10.1054303936 10.6996538344 11.3003992955 
 10.0777102199 10.6713335358 11.2719095069 
 10.0616370328 10.6549206643 11.2554009415 
 10.0579538290 10.6512140402 11.2517326432 
 10.0668205385 10.6603860736 11.2610905748 
 10.0878135203 10.6819824159 11.2829874207 
 10.1199275697 10.7149234765 11.3162636065 
 10.1615813124 10.7575087839 11.3590906273 
 10.2106280791 10.8074265373 11.4089793135 
 10.2643755342 10.8617720392 11.4627972023 
 10.3196184304 10.9170799906 11.5168006739 
 10.3726897817 10.9693767439 11.5666888577 
 10.4195363388 11.0142593973 11.6076873107 
 10.4558242999 11.0470088059 11.6346698183 
 10.4770804184 11.0627428512 11.6423259575 
 10.4788717732 11.0566142655 11.6253798177 
 10.4570241778 11.0240535840 11.5788610139 
 10.4078743809 10.9610522037 11.4984225924 
 10.3285450214 10.8644731834 11.3806917189 
 10.2172243010 10.7323690140 11.2236289691 
 10.0734256448 10.5642774270 11.0268622350 
 9.8981977844 10.3614603670 10.7919541454 
 9.6942545058 10.1270497455 10.5225602785 
 9.4659972223 9.8660684125 10.2244416488 
 9.2194131485 9.5853066336 9.9053097739 
 8.9618462563 9.2930520669 9.5745044561 
 8.7016549488 8.9986916146 9.2425290429 
 8.4477858924 8.7122219683 8.9204895091 
 8.2093040385 8.4437175995 8.6194965847 
 7.9949220255 8.2028073638 8.3500909380 
 7.8125674305 7.9982035474 8.1217403405 
 7.6690155438 7.8373126982 7.9424385229 
 7.5696018872 7.7259404569 7.8184139598 
 7.5180164194 7.6680876565 7.7539390179 
 7.5161732906 7.6658258316 7.7512199467 
 7.5641475212 7.7192384513 7.8103475514 
 7.6601726110 7.8264188749 7.9292957839 
 7.8006987761 7.9835245630 8.1039675760 
 7.9805173536 8.1848957896 8.3282995367 
 8.1929599148 8.4232522732 8.5944451524 
 8.4301786513 8.6899800006 8.8930563513 
 8.6835070045 8.9755120564 9.2136742470 
 8.9438875176 9.2697927845 9.5452227424 
 9.2023404119 9.5627975342 9.8765774050 
 9.4504352167 9.8450653541 10.1971624062 
 9.6807224187 10.1081938717 10.4975163105 
 9.8870845231 10.3452470711 10.7697670867 
 10.0649759064 10.5510377889 11.0079684851 
 10.2115360253 10.7222647208 11.2082708142 
 10.3255773262 10.8575040890 11.3689236533 
 10.4074639354 10.9570742025 11.4901302807 
 10.4589073159 11.0228036061 11.5737891614 
 10.4827095154 11.0577389852 11.6231648705 
 10.4824838598 11.0658280280 11.6425298921 
 10.4623783753 11.0516068428 11.6368120726 
 10.4268206381 11.0199135067 11.6112728775 
 10.3802957261 10.9756408844 11.5712315017 
 10.3271626495 10.9235343811 11.5218410179 
 10.2715096754 10.8680345236 11.4679159877 
 10.2170455271 10.8131603635 11.4138064928 
 10.1670214202 10.7624275035 11.3633111121 
 10.1241780300 10.7187936987 11.3196205239 
 10.0907114686 10.6846251004 11.2852836720 
 10.0682528968 10.6616769471 11.2621893721 
 10.0578572940 10.6510836001 11.2515575534 
 10.0599979923 10.6533540923 11.2539358094 
 10.0745647592 10.6683707042 11.2691984650 
 10.1008644246 10.6953894443 11.2965469043 
 10.1376242730 10.7330426781 11.3345114305 
 10.1829996421 10.7793455183 11.3809564601 
 10.2345883728 10.8317089479 11.4330923928 
 10.2894559088 10.8869639769 11.4874990261 
 10.3441758704 10.9414023569 11.5401668227 
 10.3948917225 10.9908403689 11.5865635569 
 10.4374055240 11.0307127468 11.6217346029 
 10.4672994546 11.0562036100 11.6404450470 
 10.4800945603 11.0624199864 11.6373704442 
 10.4714486455 11.0446107233 11.6073399150 
 10.4373912461 10.9984290055 11.5456299826 
 10.3745881180 10.9202302534 11.4482999594 
 10.2806210139 10.8073892144 11.3125502072 
 10.1542614912 10.6586115667 11.1370743922 
 9.9957114528 10.4742079499 10.9223679579 
 9.8067797478 10.2562941700 10.6709501247 
 9.5909651973 10.0088825677 10.3874584998 
 9.3534229654 9.7378376217 10.0785856088 
 9.1008032359 9.4506836895 9.7528450845 
 8.8409670406 9.1562722382 9.4201790256 
 8.5826007311 8.8643360041 9.0914420189 
 8.3347642351 8.5849734607 8.7778154807 
 8.1064155881 8.3281147251 8.4902134719 
 7.9059536589 8.1030177811 8.2387361852 
 7.7408131120 7.9178327854 8.0322118134 
 7.6171331466 7.7792558966 7.8778464754 
 7.5395081947 7.6922773963 7.7809814377 
 7.5108181343 7.6600162852 7.7449423351 
 7.5321300266 7.6836277442 7.7709594421 
 7.6026634298 7.7622712646 7.8581414294 
 7.7198157167 7.8931341298 8.0034951110 
 7.8792499687 8.0715140229 8.2019964541 
 8.0750528803 8.2909720398 8.4467289587 
 8.2999709978 8.5435698829 8.7291102572 
 8.5457290038 8.8202004759 9.0392237475 
 8.8034238711 9.1110096882 9.3662589649 
 9.0639755897 9.4058906417 9.6990447156 
 9.3186022815 9.6950153905 10.0266377214 
 9.5592786659 9.9693565145 10.3389127592 
 9.7791349633 10.2211472891 10.6270933351 
 9.9727594190 10.4442352042 10.8841673177 
 10.1363804153 10.6342983733 11.1051485138 
 10.2679205410 10.7889140498 11.2871684885 
 10.3669312244 10.9074882978 11.4294070612 
 10.4344293609 10.9910716425 11.5328894622 
 10.4726648772 11.0420947998 11.6001898195 
 10.4848500720 11.0640609094 11.6350837932 
 10.4748788351 11.0612273172 11.6421892541 
 10.4470581222 11.0383029579 11.6266255280 
 10.4058671053 11.0001789588 11.5937116133 
 10.3557526185 10.9517019644 11.5487140935 
 10.3009637931 10.8974929432 11.4966475137 
 10.2454245218 10.8418093370 11.4421243027 
 10.1926396355 10.7884453426 11.3892478466 
 10.1456292316 10.7406635892 11.3415406817 
 10.1068851517 10.7011511214 11.3018994969 
 10.0783438889 10.6719930387 11.2725692568 
 10.0613709300 10.6546580698 11.2551299006 
 10.0567525439 10.6499915540 11.2504904850 
 10.0646921596 10.6582126170 11.2588871520 
 10.0848096755 10.6789136835 11.2798828430 
 10.1161432640 10.7110618377 11.3123682073 
 10.1571544555 10.7530029087 11.3545646868 
 10.2057385051 10.8024705222 11.4040322881 
 10.2592432289 10.8566037137 11.4576860946 
 10.3145006029 10.9119779865 11.5118270701 
 10.3678763573 10.9646558378 11.5621940640 
 10.4153434179 11.0102635900 11.6040449640 
 10.4525851496 11.0441016154 11.6322753458 
 10.4751336512 11.0612943882 11.6415823622 
 10.4785465567 11.0569848658 11.6266794927 
 10.4586226123 11.0265741141 11.5825636862 
 10.4116515992 10.9660016379 11.5048300654 
 10.3346880635 10.8720546540 11.3900207996 
 10.2258313542 10.7426861796 11.2359847416 
 10.0844877011 10.5773135735 11.0422145260 
 9.9115850351 10.3770629851 10.8101204150 
 9.7097097266 10.1449232484 10.5431980537 
 9.4831379223 9.8857770643 10.2470528610 
 9.2377433517 9.6062886438 9.9292579772 
 8.9807775883 9.3146443389 9.5990441025 
 8.7205354366 9.0201631074 9.2668441652 
 8.4659338420 8.7328124111 8.9437377698 
 8.2260437868 8.4626776977 8.6408540613 
 8.0096183951 8.2194367905 8.3687933783 
 7.8246563037 8.0118838502 8.1371177862 
 7.6780289163 7.8475334844 7.9539417938 
 7.5751867758 7.7323184876 7.8256330464 
 7.5199478048 7.6703794391 7.7566145394 
 7.5143617035 7.6639347471 7.7492492696 
 7.5586418795 7.7132173504 7.8037869155 
 7.6511585848 7.8164685590 7.9183590254 
 7.7884924889 7.9699878737 8.0890210643 
 7.9655538526 8.1682464540 8.3098521160 
 8.1757757628 8.4040774487 8.5731315014 
 8.4113883331 8.6689557924 8.8696124627 
 8.6637735775 8.9533721424 9.1889047025 
 8.9238889280 9.2472915027 9.5199609394 
 9.1827338765 9.5406700530 9.8516414994 
 9.4318227492 9.8239884836 10.1733110154 
 9.6636207358 10.0887513812 10.4754085616 
 9.8719021179 10.3279029336 10.7499312072 
 10.0519991210 10.5361196690 10.9907818987 
 10.2009247229 10.7099585463 11.1939529511 
 10.3173695373 10.8478590499 11.3575408701 
 10.4015878854 10.9500163316 11.4816108071 
 10.4551986701 11.0181553921 11.5679451099 
 10.4809315319 11.0552422891 11.6197181003 
 10.4823483404 11.0651678255 11.6411388124 
 10.4635657346 11.0524338350 11.6370970946 
 10.4289979292 11.0218642754 11.6128389818 
 10.3831319725 10.9783548741 11.5736871142 
 10.3303412616 10.9266674973 11.5248129810 
 10.2747380482 10.8712695014 11.4710608410 
 10.2200621243 10.8162142937 11.4168185380 
 10.1696007580 10.7650570171 11.3659278596 
 10.1261340074 10.7207983377 11.3216261410 
 10.0918994716 10.6858493720 11.2865110045 
 10.0685710491 10.6620114870 11.2625210304 
 10.0572471523 10.6504657849 11.2509264442 
 10.0584449001 10.6517683401 11.2523253847 
 10.0720979828 10.6658486026 11.2666428432 
 10.0975571036 10.6920097417 11.2931309048 
 10.1335931255 10.7289310721 11.3303704456 
 10.1784042724 10.7746740706 11.3762759756 
 10.2296299409 10.8266948535 11.4281068492 
 10.2843748342 10.8818673173 11.4824895992 
 10.3392481735 10.9365223782 11.5354575979 
 10.3904235555 10.9865097631 11.5825154907 
 10.4337254356 11.0272893942 11.6187366319 
 10.4647479819 11.0540592846 11.6389017476 
 10.4790108774 11.0619256724 11.6376858040 
 10.4721542347 11.0461184594 11.6098970825 
 10.4401709164 11.0022505875 11.5507673469 
 10.3796691593 10.9266136729 11.4562845605 
 10.2881518060 10.8164943549 11.3235502453 
 10.1642914124 10.6704873108 11.1511333674 
 10.0081743192 10.4887733325 10.9393835493 
 9.8214831471 10.2733263732 10.6906610943 
 9.6075878196 10.0280142358 10.4094424978 
 9.3715213428 9.7585651183 10.1022696811 
 9.1198282268 9.4723865967 9.7775290479 
 8.8602891174 9.1782428397 9.4450699888 
 8.6015419212 8.8858160496 9.1156966304 
 8.3526337080 8.6051945391 8.8005854203 
 8.1225455871 8.3463383171 8.5106895605 
 7.9197327848 8.1185715673 8.2561872658 
 7.7517147655 7.9301408620 8.0460159960 
 7.6247379595 7.7878618611 7.8875139901 
 7.5435202395 7.6968604403 7.7861697435 
 7.5110753524 7.6604011718 7.7454649532 
 7.5286095405 7.6797897348 7.7667900889 
 7.5954822308 7.7543367349 7.8494144995 
 7.7092267902 7.8813769710 7.9905026505 
 7.8656334599 8.0563472451 8.1851808051 
 8.0589016446 8.2729335581 8.4266695998 
 8.2818699883 8.5233015048 8.7065032803 
 8.5263284937 8.7984197041 9.0148530412 
 8.7834074019 9.0884750302 9.3409594356 
 9.0440245712 9.3833624173 9.6736594978 
 9.2993600516 9.6732152033 10.0019728536 
 9.5413172794 9.9489292294 10.3156937966 
 9.7629278458 10.2026293149 10.6059284780 
 9.9586623074 10.4280320912 10.8655208136 
 10.1246218696 10.6206733932 11.0893265406 
 10.2586020317 10.7779878777 11.2743178602 
 10.3600356552 10.8992485067 11.4195253737 
 10.4298360829 10.9853897363 11.5258440638 
 10.4701688798 11.0387480496 11.5957424048 
 10.4841830656 11.0627562981 11.6329174473 
 10.4757302711 11.0616253050 11.6419352586 
 10.4490946910 11.0400393798 11.6278879610 
 10.4087497836 11.0028840110 11.5960885464 
 10.3591508262 10.9550158097 11.5518148696 
 10.3045666022 10.9010779153 11.5001061180 
 10.2489491290 10.8453590289 11.4456091885 
 10.1958374723 10.7916910400 11.3924687723 
 10.1482901554 10.7433785791 11.3442531873 
 10.1088401687 10.7031534048 11.3039076330 
 10.0794668181 10.6731469199 11.2737271127 
 10.0615793550 10.6548750160 11.2553423781 
 10.0560083136 10.6492306226 11.2497136530 
 10.0630016126 10.6564806455 11.2571284028 
 10.0822236706 10.6762653335 11.2772009517 
 10.1127570047 10.7075994817 11.3088732815 
 10.1531070044 10.7488762412 11.3504178750 
 10.2012117906 10.7978756755 11.3994449999 
 10.2544602584 10.8517815536 11.4529183649 
 10.3097225165 10.9072111694 11.5071845901 
 10.3633978901 10.9602641304 11.5580233046 
 10.4114863107 11.0065969085 11.6007257540 
 10.4496890599 11.0415302453 11.6302102680 
 10.4735442080 11.0601959389 11.6411824220 
 10.4786003847 11.0577277154 11.6283457418 
 10.4606294497 11.0294974407 11.5866648774 
 10.4158740484 10.9713926195 11.5116769848 
 10.3413200242 10.8801240291 11.3998386490 
 10.2349767351 10.7535440188 11.2488857383 
 10.0961414886 10.5909477053 11.0581735930 
 9.9256190849 10.3933228717 10.8289572598 
 9.7258656011 10.1635120590 10.5645688504 
 9.5010286279 9.9062541138 10.2704540163 
 9.2568649306 9.6280832559 9.9540430808 
 9.0005303031 9.3370807018 9.6244533344 
 8.7402529863 9.0424941168 9.2920435486 
 8.4849179562 8.7542592166 8.9678641923 
 8.2436009273 8.4824710045 8.6630613266 
 8.0250952891 8.2368560830 8.3882948613 
 7.8374716052 8.0262915220 8.1532224181 
 7.6876992491 7.8584021144 7.9660817278 
 7.5813464558 7.7392508081 7.8333829632 
 7.5223623890 7.6731215570 7.7597037294 
 7.5129359784 7.6623836702 7.7475681234 
 7.5534229262 7.7074238014 7.7973892385 
 7.6423342348 7.8066355446 7.9074608354 
 7.7763850077 7.9564647692 8.0739955403 
 7.9506082852 8.1515177555 8.2912194929 
 8.1585422775 8.3847451095 8.5515422872 
 8.3924982168 8.6477143617 8.8458226052 
 8.6439092774 8.9309767843 9.1637422985 
 8.9037495413 9.2245202149 9.4942855801 
 9.1629985076 9.5182827147 9.8262990097 
 9.4131148776 9.8026863557 10.1490876950 
 9.6464769327 10.0691410458 10.4529896492 
 9.8567480240 10.3104682433 10.7298679453 
 10.0391346369 10.5212041741 10.9734703482 
 10.1905191024 10.6977593533 11.1796259159 
 10.3094658014 10.8384315165 11.3462724065 
 10.3961149577 10.9432877466 11.4733312397 
 10.4519890175 11.0139450315 11.5624635217 
 10.4797419226 11.0532850261 11.6167489791 
 10.4828815204 11.0651387079 11.6403298088 
 10.4654912598 11.0539715741 11.6380554805 
 10.4319709241 11.0245922412 11.6151551808 
 10.3868091173 10.9818988238 11.5769544289 
 10.3343937583 10.9306697949 11.5286432698 
 10.2788616556 10.8753999741 11.4750963480 
 10.2239845670 10.8201781173 11.4207403575 
 10.1730869362 10.7686001449 11.3694616513 
 10.1289894704 10.7237110227 11.3245457387 
 