0.7069170106 0.5523904733 0.4290757218 
 0.6199166201 0.4844452173 0.3766030851 
 0.5504123055 0.4301875781 0.3347019777 
 0.4971392743 0.3886118169 0.3025918702 
 0.4590128989 0.3588608997 0.2796110922 
 0.4351890862 0.3402709063 0.2652489982 
 0.4251075904 0.3324025431 0.2591685727 
 0.4285188991 0.3350605322 0.2612202316 
 0.4454953431 0.3483015750 0.2714474623 
 0.4764268080 0.3724312661 0.2900846328 
 0.5220010053 0.4079898938 0.3175469020 
 0.5831678921 0.4557266604 0.3544117964 
 0.6610876806 0.5165616435 0.4013917931 
 0.7570620743 0.5915349060 0.4592972499 
 0.8724489453 0.6817425901 0.5289893135 
 1.0085615961 0.7882605885 0.6113229960 
 1.1665549814 0.9120573995 0.7070814202 
 1.3473027306 1.0538989564 0.8169031828 
 1.5512704590 1.2142494788 0.9412057945 
 1.7783925563 1.3931736210 1.0801091106 
 2.0279611976 1.5902462713 1.2333634616 
 2.2985373644 1.8044770938 1.4002877318 
 2.5878937885 2.0342570870 1.5797227793 
 2.8929985195 2.2773338130 1.7700052361 
 3.2100450930 2.5308203872 1.9689657735 
 3.5345311412 2.7912408085 2.1739543594 
 3.8613822798 3.0546109954 2.3818929735 
 4.1851130343 3.3165514152 2.5893539145 
 4.5000124023 3.5724240292 2.7926595625 
 4.8003392331 3.8174840026 2.9879976061 
 5.0805124046 4.0470356552 3.1715446102 
 5.3352828067 4.2565826097 3.3395905550 
 5.5598779001 4.4419638756 3.4886576117 
 5.7501142987 4.5994702669 3.6156077509 
 5.9024784933 4.7259385336 3.7177354994 
 6.0141796755 4.8188233138 3.7928439194 
 6.0831810546 4.8762490231 3.8393033514 
 6.1082168626 4.8970448191 3.8560934240 
 6.0888014542 4.8807657536 3.8428291948 
 6.0252348331 4.8277022946 3.7997721017 
 5.9186060236 4.7388788658 3.7278258426 
 5.7707924943 4.6160403023 3.6285166106 
 5.5844509003 4.4616235853 3.5039565733 
 5.3629922932 4.2787113113 3.3567893451 
 5.1105341385 4.0709633627 3.1901166445 
 4.8318223004 3.8425243605 3.0074063968 
 4.5321186897 3.5979066250 2.8123841614 
 4.2170542972 3.3418512897 2.6089116784 
 3.8924522606 3.0791734055 2.4008582176 
 3.5641305954 2.8145997523 2.1919718854 
 3.2376982519 2.5526100135 1.9857587682 
 2.9183603799 2.2972925398 1.7853775749 
 2.6107485461 2.0522249388 1.5935562564 
 2.3187891427 1.8203873374 1.4125351247 
 2.0456188409 1.6041128122 1.2440385705 
 1.7935505845 1.4050757840 1.0892749908 
 1.5640882946 1.2243157466 0.9489623359 
 1.3579840744 1.0622910246 0.8233750163 
 1.1753287949 0.9189555855 0.7124068966 
 1.0156656679 0.7938512793 0.6156447261 
 0.8781165413 0.6862080715 0.5324465157 
 0.7615117709 0.5950456327 0.4620199422 
 0.6645161754 0.5192707851 0.4034967052 
 0.5857453812 0.4577666105 0.3559997620 
 0.5238686052 0.4094703406 0.3187014261 
 0.4776954578 0.3734383903 0.2908713046 
 0.4462456426 0.3488979563 0.2719138942 
 0.4288014008 0.3352853939 0.2613962480 
 0.4249431667 0.3322720437 0.2590664299 
 0.4345691150 0.3397782845 0.2648634912 
 0.4578991568 0.3579763867 0.2789194869 
 0.4954635740 0.3872823457 0.3015536799 
 0.5480760633 0.4283364300 0.3332586897 
 0.6167906737 0.4819718493 0.3746780196 
 0.7028421227 0.5491708629 0.4265742727 
 0.8075693462 0.6310078885 0.4897874936 
 0.9323228833 0.7285797593 0.5651834917 
 1.0783577735 0.8429241605 0.6535926839 
 1.2467149879 0.9749283827 0.7557408800 
 1.4380959779 1.1252317574 0.8721744251 
 1.6527366118 1.2941263941 1.0031831094 
 1.8902884420 1.4814620228 1.1487251490 
 2.1497166110 1.6865616833 1.3083592366 
 2.4292243837 1.9081555249 1.4811890286 
 2.7262138396 2.1443398113 1.6658253691 
 3.0372903631 2.3925671878 1.8603709260 
 3.3583151550 2.6496722520 2.0624306784 
 3.6845053692 2.9119335938 2.2691498845 
 4.0105763246 3.1751700693 2.4772789380 
 4.3309154735 3.4348656670 2.6832621733 
 4.6397743572 3.6863145016 2.8833455591 
 4.9314633539 3.9247757630 3.0736966658 
 5.2005348797 4.1456281419 3.2505295571 
 5.4419436114 4.3445143677 3.4102274289 
 5.6511765965 4.5174687468 3.5494568035 
 5.8243509031 4.6610234659 3.6652686406 
 5.9582808364 4.7722923596 3.7551835052 
 6.0505199951 4.8490332811 3.8172595955 
 6.0993851340 4.8896917940 3.8501436827 
 6.1039688446 4.8934294336 3.8531057075 
 6.0641466393 4.8601393183 3.8260578715 
 5.9805815023 4.7904506400 3.7695586750 
 5.8547258493 4.6857218751 3.6848017040 
 5.6888176821 4.5480208576 3.5735883068 
 5.4858650986 4.3800885611 3.4382829263 
 5.2496117509 4.1852829232 3.2817499610 
 4.9844757569 3.9674995576 3.1072717656 
 4.6954561900 3.7310678038 2.9184487392 
 4.3880045404 3.4806231179 2.7190842456 
 4.0678630746 3.2209599181 2.5130590548 
 3.7408770882 2.9568721268 2.3042017410 
 3.4127927124 2.6929911632 2.0961626316 
 3.0890552236 2.4336324938 1.8922992069 
 2.7746239781 2.1826616976 1.6955801799 
 2.4738188334 1.9433893350 1.5085139108 
 2.1902094570 1.7185010041 1.3331045961 
 1.9265539689 1.5100253816 1.1708371709 
 1.6847878926 1.3193393984 1.0226894684 
 1.4660594116 1.1472065737 0.8891682018 
 1.2708031805 0.9938423056 0.7703639601 
 1.0988427904 0.8589987246 0.6660196984 
 0.9495114046 0.7420614831 0.5756070870 
 0.8217807233 0.6421513572 0.4984054526 
 0.7143898526 0.5582245169 0.4335787527 
 0.6259674133 0.4891665582 0.3802469579 
 0.5551420159 0.4338767113 0.3375492569 
 0.5006378852 0.3913399323 0.3046975374 
 0.4613538486 0.3606857577 0.2810195345 
 0.4364250529 0.3412337441 0.2659917721 
 0.4252675921 0.3325259634 0.2592628871 
 0.4276066579 0.3343473157 0.2606680957 
 0.4434888764 0.3467343745 0.2702354601 
 0.4732792380 0.3699731747 0.2881843160 
 0.5176426120 0.4045859121 0.3149158247 
 0.5775094589 0.4513061177 0.3509952415 
 0.6540251815 0.5110416322 0.3971252500 
 0.7484827220 0.5848247714 0.4541096942 
 0.8622385590 0.6737494700 0.5228073039 
 0.9966131628 0.7788959250 0.6040755515 
 1.1527781733 0.9012442572 0.6987055669 
 1.3316340198 1.0415798831 0.8073499809 
 1.5336833289 1.2003945394 0.9304465755 
 1.7589071763 1.3777881439 1.0681415796 
 2.0066528110 1.5733777632 1.2202172656 
 2.2755425806 1.7862207382 1.3860290592 
 2.5634140001 2.0147592464 1.5644575614 
 2.8672998136 2.2567930384 1.7538805667 
 3.1834542935 2.5094855946 1.9521692606 
 3.5074279944 2.7694065120 2.1567112672 
 3.8341882085 3.0326097621 2.3644611891 
 4.1582772777 3.2947439814 2.5720169653 
 4.4739966437 3.5511877511 2.7757180827 
 4.7756019402 3.7972004567 2.9717597786 
 5.0574940460 4.0280782335 3.1563161732 
 5.3143928800 4.2393048702 3.3256649524 
 5.5414843625 4.4266892299 3.4763067894 
 5.7345356053 4.5864833566 3.6050739771 
 5.8899780948 4.7154784085 3.7092244456 
 6.0049625579 4.8110783280 3.7865191017 
 6.0773917644 4.8713532327 3.8352819317 
 6.1059384485 4.8950756189 3.8544433109 
 6.0900548664 4.8817425241 3.8435673764 
 6.0299785205 4.8315859291 3.8028641698 
 5.9267357160 4.7455721805 3.7331867228 
 5.7821414114 4.6253894708 3.6360125641 
 5.5987908428 4.4734208461 3.5134085703 
 5.3800362025 4.2926992403 3.3679779036 
 5.1299407268 4.0868409706 3.2027881729 
 4.8532032311 3.8599551494 3.0212809748 
 4.5550485366 3.6165285408 2.8271645518 
 4.2410831517 3.3612882589 2.6242932076 
 3.9171204562 3.0990478971 2.4165390223 
 3.5889846427 2.8345455998 2.2076629258 
 3.2623068101 2.5722846201 2.0011929819 
 2.9423289882 2.3163875952 1.8003175923 
 2.6337319306 2.0704749031 1.6078002214 
 2.3405001806 1.8375751725 1.4259203374 
 2.0658336540 1.6200727243 1.2564428653 
 1.8121096631 1.4196930305 1.1006159550 
 1.5808939535 1.2375238082 0.9591946308 
 1.3729948374 1.0740666235 0.8324861739 
 1.1885514821 0.9293121279 0.7204120245 
 1.0271460079 0.8028313201 0.6225805621 
 0.8879290842 0.6938753651 0.5383652498 
 0.7697497683 0.6014772541 0.4669831659 
 0.6712819547 0.5245497129 0.4075697768 
 0.5911416051 0.4619750573 0.3592467966 
 0.5279906729 0.4126840162 0.3211810332 
 0.4806251951 0.3757217907 0.2926331271 
 0.4480463356 0.3503006957 0.2729959406 
 0.4295141650 0.3358395477 0.2618229753 
 0.4245846078 0.3319904455 0.2588475197 
 0.4331302359 0.3386537268 0.2639932716 
 0.4553454865 0.3559816968 0.2773769736 
 0.4917365258 0.3843713460 0.2993032470 
 0.5430955622 0.4244458239 0.3302514038 
 0.6104591073 0.4770240942 0.3708536975 
 0.6950496535 0.5430780842 0.4218643194 
 0.7982005825 0.6236768594 0.4841185595 
 0.9212648307 0.7199179103 0.5584819420 
 1.0655088912 0.8328465020 0.6457898112 
 1.2319950598 0.9633651308 0.7467787142 
 1.4214563714 1.1121363476 0.8620119121 
 1.6341703634 1.2794834727 0.9918023521 
 1.8698394721 1.4652949082 1.1361373385 
 2.1274872831 1.6689387307 1.2946098502 
 2.4053805931 1.8891947999 1.4663618593 
 2.7009869047 2.1242115204 1.6500449680 
 3.0109751918 2.3714934279 1.8438031129 
 3.3312644857 2.6279238363 2.0452808927 
 3.6571202848 2.8898239655 2.2516593130 
 3.9832936545 3.1530465972 2.4597185410 
 4.3041930511 3.4130988791 2.6659249191 
 4.6140753166 3.6652860100 2.8665373319 
 4.9072406906 3.9048657275 3.0577264122 
 5.1782173560 4.1272030933 3.2356992686 
 5.4219237984 4.3279160840 3.3968225110 
 5.6338014707 4.5030046627 3.5377372853 
 5.8099150342 4.6489588592 3.6554615384 
 5.9470218825 4.7628443305 3.7474765135 
 6.0426160068 4.8423663706 3.8117961536 
 6.0949530875 4.8859149920 3.8470193833 
 6.1030638709 4.8925943194 3.8523659770 
 6.0667615688 4.8622391410 3.8276968602 
 5.9866465722 4.7954202641 3.7735193408 
 5.8641086754 4.6934386573 3.6909771231 
 5.7013238394 4.5583066470 3.5818242986 
 5.5012398330 4.3927130984 3.4483820902 
 5.2675434300 4.1999689249 3.2934772006 
 5.0046016190 3.9839296955 3.1203612945 
 4.7173707700 3.7488936320 2.9326124425 
 4.4112708475 3.4994757747 2.7340211189 
 4.0920262097 3.2404621770 2.5284652932 
 3.7654795953 2.9766511370 2.3197809255 
 3.4373906214 2.7126910560 2.1116353953 
 3.1132335473 2.4529259670 1.9074117695 
 2.7980104116 2.2012597560 1.7101112228 
 2.4960945787 1.9610485370 1.5222794113 
 2.2111164279 1.7350278247 1.3459604288 
 1.9458980444 1.5252775891 1.1826794799 
 1.7024383134 1.3332246184 1.0334529907 
 1.4819447672 1.1596784318 0.8988228612 
 1.2849046786 1.0048946820 0.7789101347 
 1.1111856144 0.8686587134 0.6734826041 
 0.9601549667 0.7503816420 0.5820307079 
 0.8308085402 0.6492017759 0.5038464113 
 0.7218996460 0.5640851466 0.4381004481 
 0.6320618971 0.4939201432 0.3839142225 
 0.5599206959 0.4376025608 0.3404237013 
 0.5041900756 0.3941086742 0.3068336720 
 0.4637530062 0.3625551291 0.2824616912 
 0.4377244512 0.3422454102 0.2667717999 
 0.4254973075 0.3327033192 0.2593985692 
 0.4267718201 0.3336942120 0.2601622335 
 0.4415691447 0.3452347271 0.2690755848 
 0.4702294918 0.3675914443 0.2863430171 
 0.5133948799 0.4012684797 0.3123517172 
 0.5719761331 0.4469836062 0.3476546189 
 0.6471035674 0.5056322355 0.3929444822 
 0.7400609448 0.5782386337 0.4490184223 
 0.8522027920 0.6658941137 0.5167324497 
 0.9848560568 0.7696826562 0.5969461101 
 1.1392082626 0.8905953912 0.6904580766 
 1.3161857524 1.0294365316 0.7979344892 
 1.5163272371 1.1867246036 0.9198328360 
 1.7396595640 1.3625940567 1.0563251439 
 1.9855842188 1.5567034475 1.2072250735 
 2.2527842257 1.7681571979 1.3719240980 
 2.5391614087 1.9954482127 1.5493421634 
 2.8418130013 2.2364281664 1.7378979595 
 3.1570541107 2.4883108573 1.9355030760 
 3.4804886146 2.7477116642 2.1395828537 
 3.8071261547 3.0107230153 2.3471247519 
 4.1315377719 3.2730223100 2.5547527428 
 4.4480383627 3.5300054844 2.7588239454 
 4.7508813937 3.7769369628 2.9555417679 
 5.0344507491 4.0091055393 3.1410785655 
 5.2934362745 4.2219759865 3.3117004287 
 5.5229831054 4.4113277775 3.4638872194 
 5.7188094612 4.5733748624 3.5944422060 
 5.8772923081 4.7048634046 3.7005873285 
 5.9955243091 4.8031471811 3.7800418969 
 6.0713481600 4.8662424967 3.8310840561 
 6.1033754766 4.8928656490 3.8525954007 
 6.0909968467 4.8824561172 3.8440895813 
 6.0343877688 4.8351878492 3.8057256364 
 5.9345123887 4.7519695577 3.7383062718 
 5.7931237449 4.6344331995 3.6432606218 
 5.6127562220 4.4849082184 3.5226104470 
 5.3967036271 4.3063781002 3.3789185116 
 5.1489752725 4.1024156478 3.2152182253 
 4.8742229909 3.8770943153 3.0349246078 
 4.5776342884 3.6348749406 2.8417281757 
 4.2647906533 3.3804700301 2.6394752396 
 3.9414948724 3.1186909396 2.4320400137 
 3.6135762348 2.8542862549 2.2231954977 
 3.2866867453 2.5917817997 2.0164909505 
 2.9661040108 2.3353334956 1.8151437080 
 2.6565567151 2.0886035579 1.6219520614 
 2.3620864367 1.8546683133 1.4392340587 
 2.0859554322 1.6359626977 1.2687947207 
 1.8306047368 1.4342628024 1.1119216623 
 1.5976615448 1.2507043390 0.9694068458 
 1.3879902635 1.0858320787 0.8415904298 
 1.2017784760 0.9396734915 0.7284215619 
 1.0386475268 0.8118290031 0.6295304882 
 0.8977773779 0.7015713681 0.5443064407 
 0.7780363740 0.6079473714 0.4719762738 
 0.6781081515 0.5298761704 0.4116796321 
 0.5966097216 0.4662398745 0.3625374165 
 0.5321965114 0.4159632824 0.3237113664 
 0.4836517256 0.3780809535 0.2944535895 
 0.4499587180 0.3517908834 0.2741457403 
 0.4303560944 0.3364948952 0.2623281837 
 0.4243759403 0.3318263697 0.2587198339 
 0.4318658479 0.3376660955 0.2632294168 
 0.4529953365 0.3541468626 0.2759587186 
 0.4882469236 0.3816470468 0.2971980347 
 0.5383916775 0.4207729869 0.3274136307 
 0.6044487670 0.4723295987 0.3672266941 
 0.6876284661 0.5372785376 0.4173830886 
 0.7892583853 0.6166834086 0.4787133088 
 0.9106933874 0.7116420574 0.5520824073 
 1.0532106751 0.8232068143 0.6383303061 
 1.2178928412 0.9522946434 0.7382037659 
 1.4055032043 1.0995903590 0.8522822666 
 1.6163594261 1.2654473338 0.9809010523 
 1.8502130946 1.4497913180 1.1240755139 
 2.1061443929 1.6520339855 1.2814318100 
 2.3824817917 1.8710034186 1.4521490610 
 2.6767564535 2.1048987028 1.6349184542 
 2.9856993843 2.3512749135 1.8279240738 
 3.3052861879 2.6070629141 2.0288491279 
 3.6308298171 2.8686256335 2.2349095191 
 3.9571165953 3.1318491448 2.4429145389 
 4.2785758894 3.3922634240 2.6493521132 
 4.5894701059 3.6451847193 2.8504938507 
 4.8840899023 3.8858695481 3.0425134820 
 5.1569400026 4.1096698032 3.2216114021 
 5.4029036197 4.3121793479 3.3841380593 
 5.6173776137 4.4893645786 3.5267097991 
 5.7963752827 4.6376742458 3.6463122575 
 5.9365981729 4.7541267822 3.7403881588 
 6.0354817508 4.8363759365 3.8069080756 
 6.0912217358 4.8827572379 3.8444240355 
 6.1027881889 4.8923185183 3.8521066457 
 6.0699332432 4.8648373965 3.8297665878 
 5.9931959824 4.8008274872 3.7778610192 
 5.8739049183 4.7015334506 3.6974847898 
 5.7141753277 4.5689132769 3.5903457110 
 5.5168959740 4.4056048207 3.4587226758 
 5.2856979719 4.2148729418 3.3054054548 
 5.0248982196 4.0005339541 3.1336156235 
 4.7394111675 3.7668555246 2.9469093343 
 4.4346257216 3.5184325796 2.7490643757 
 4.1162484507 3.2600428377 2.5439559123 
 3.7901193036 2.9964887428 2.3354270942 
 3.4620108339 2.7324352217 2.1271619952 
 3.1374254826 2.4722542448 1.9225687907 
 2.8214070027 2.2198872670 1.7246805648 
 2.5183812260 1.9787351770 1.5360796928 
 2.2320382215 1.7515826475 1.3588496073 
 1.9652631119 1.5405602563 1.1945552780 
 1.7201173645 1.3471440737 1.0442513015 
 1.4978672640 1.1721891780 0.9085144399 
 1.2990523013 1.0159911799 0.7874959738 
 1.1235838147 0.8783684863 0.6809884226 
 0.9708634062 0.7587576636 0.5885009844 
 0.8399111338 0.6563146647 0.5093383462 
 0.7294948112 0.5700156063 0.4426781835 
 0.6382534692 0.4987519898 0.3876435689 
 0.5648098356 0.4414165757 0.3433675411 
 0.5078683751 0.3969774250 0.3090481317 
 0.4662968952 0.3645388166 0.2839931068 
 0.4391909281 0.3433887344 0.2676544500 
 0.4259209651 0.3330333171 0.2596531246 
 0.4261631170 0.3332190081 0.2597948653 
 0.4399138761 0.3439431504 0.2680776897 
 0.4674894430 0.3654534923 0.2846915429 
 0.5095096761 0.3982366474 0.3100101045 
 0.5668663245 0.4429951222 0.3445744000 
 0.6406749935 0.5006122623 0.3890675911 
 0.7322103966 0.5721044690 0.4442802625 
 0.8428249372 0.6585603930 0.5110657398 
 0.9738515154 0.7610674897 0.5902854739 
 1.1264926176 0.8806272843 0.6827452822 
 1.3016991630 1.0180618467 0.7891241613 
 1.5000441922 1.1739152203 0.9098983922 
 1.7215981840 1.3483547983 1.0452646317 
 1.9658143994 1.5410787621 1.1950665301 
 2.2314338559 1.7512365362 1.3587300200 
 2.5164199101 1.9773695473 1.5352126743 
 2.8179315657 2.2173791651 1.7229723007 
 3.1323422553 2.4685273671 1.9199591374 
 3.4553070229 2.7274733739 2.1236345923 
 3.7818761673 2.9903464271 2.3310175137 
 4.1066482711 3.2528514145 2.5387566875 
 4.4239510854 3.5104007657 2.7432259414 
 4.7280358442 3.7582635063 2.9406362542 
 5.0132698458 3.9917210597 3.1271579456 
 5.2743136615 4.2062195205 3.2990455587 
 5.5062727405 4.3975096263 3.4527584860 
 5.7048177198 4.5617681473 3.5850715732 
 5.8662724960 4.6956973715 3.6931715967 
 5.9876732065 4.7966021895 3.7747372834 
 6.0668040708 4.8624464964 3.8280021039 
 6.1022172283 4.8918918910 3.8518001611 
 6.0932432837 4.8843218702 3.8455960001 
 6.0399974622 4.8398539801 3.8094990988 
 5.9433835207 4.7593409627 3.7442633092 
 5.8050943746 4.6443602046 3.6512708346 
 5.6276053458 4.4971891737 3.5324997342 
 5.4141535892 4.3207634474 3.3904736959 
 5.1686961032 4.1186137118 3.2281931138 
 4.8958391530 3.8947789644 3.0490474355 
 4.6007340790 3.6536950731 2.8567102451 
 4.2889381748 3.4000606135 2.6550204210 
 3.9662441009 3.1386850853 2.4478546344 
 3.6384863470 2.8743276091 2.2389980495 
 3.3113375921 2.6115364112 2.0320210126 
 2.9901105083 2.3545003156 1.8301695193 
 2.6795809912 2.1069228343 1.6362762898 
 2.3838468134 1.8719273566 1.4526974776 
 2.1062316898 1.6519987601 1.2812776915 
 1.8492395238 1.4489630980 1.1233435104 
 1.6145581892 1.2640034756 0.9797233710 
 1.4031075420 1.0977073567 0.8507899085 
 1.2151230825 0.9501386251 0.7365196555 
 1.0502650411 0.8209268480 0.6365644910 
 0.9077424965 0.7093662081 0.5503292738 
 0.7864430650 0.6145172440 0.4770505829 
 0.6850602610 0.5353056212 0.4158722774 
 0.6022124222 0.4706134279 0.3659145628 
 0.5365488569 0.4193598186 0.3263343041 
 0.4868404600 0.3805690876 0.2963753418 
 0.4520534002 0.3534253713 0.2754084539 
 0.4314055301 0.3373140328 0.2629612610 
 0.4244058757 0.3318503297 0.2587387489 
 0.4308778719 0.3368961424 0.2626351606 
 0.4509669533 0.3525654084 0.2747378416 
 0.4851327891 0.3792185436 0.2953232822 
 0.5341260241 0.4174456827 0.3248451979 
 0.5989490546 0.4680382048 0.3639141464 
 0.6808002931 0.5319478548 0.4132679974 
 0.7810016527 0.6102329336 0.4737326383 
 0.9009096480 0.7039915373 0.5461726461 
 1.0418115083 0.8142826474 0.6314322842 
 1.2048089909 0.9420369338 0.7302680255 
 1.3906940922 1.0879603418 0.8432747792 
 1.5998225285 1.2524347915 0.9708090023 
 1.8319925445 1.4354215257 1.1129128047 
 2.0863380847 1.6363736587 1.2692439031 
 2.3612462326 1.8541651138 1.4390167411 
 2.6543086759 2.0870431526 1.6209601307 
 2.9623154126 2.3326108802 1.8132962910 
 3.2812958451 2.5878443210 2.0137450652 
 3.6066080259 2.8491459667 2.2195554106 
 3.9330717179 3.1124333819 2.4275641162 
 4.2551359871 3.3732579940 2.6342793510 
 4.5670682170 3.6269461897 2.8359844441 
 4.8631494878 3.8687528300 3.0288555826 
 5.1378615918 4.0940166531 3.2090861751 
 5.3860534237 4.2983078297 3.3730105866 
 5.6030785288 4.4775599552 3.5172207638 
 5.7849003465 4.6281815456 3.6386707157 
 5.9281662236 4.7471450725 3.7347655724 
 6.0302548335 4.8320541658 3.8034336575 
 6.0893037092 4.8811914184 3.8431813803 
 6.1042240243 4.8935500010 3.8531315786 
 6.0747086440 4.8688520544 3.8330461718 
 6.0012371669 4.8075557252 3.7833336992 
 5.8850786458 4.7108510964 3.7050417018 
 5.7282894840 4.5806435294 3.5998332341 
 5.5337012049 4.4195215131 3.4699463187 
 5.3048909422 4.2307053916 3.3181351492 
 5.0461270375 4.0179736096 3.1475924241 
 4.7622833527 3.7855644653 2.9618534106 
 4.4587188098 3.5380537229 2.7646840403 
 4.1411229640 3.2802114582 2.5599572837 
 3.8153334345 3.0168446866 2.3515238710 
 3.4871358619 2.7526350324 2.1430847530 
 3.1620607419 2.4919823496 1.9380732124 
 2.8451931893 2.2388654240 1.7395540909 
 2.5410109892 1.9967295457 1.5501462167 
 2.2532632914 1.7684080870 1.3719720194 
 1.9848976139 1.5560817361 1.2066358527 
 1.7380373839 1.3612753503 1.0552300948 
 1.5140070744 1.1848891053 0.9183659999 
 1.3133979169 1.0272581670 0.7962247541 
 1.1361646486 0.8882336766 0.6886233255 
 0.9817428222 0.7672774078 0.5950894558 
 0.8491766096 0.6635628062 0.5149404061 
 0.7372483063 0.5760760136 0.4473607146 
 0.6446024566 0.5037116744 0.3914751120 
 0.5698593213 0.4453596327 0.3464137665 
 0.5117141090 0.3999799382 0.3113680773 
 0.4690198749 0.3666647846 0.2856362070 
 0.4408532174 0.3446870113 0.2686583308 
 0.4265627952 0.3335355169 0.2600421107 
 0.4258012150 0.3329383120 0.2595791391 
 0.4385409700 0.3428739622 0.2672530553 
 0.4650749144 0.3635719186 0.2832397741 
 0.5060013668 0.3955018088 0.3078998852 
 0.5621935266 0.4393513334 0.3417628914 
 0.6347526589 0.4959921276 0.3855026743 
 0.7249445811 0.5664329298 0.4399034999 
 0.8341194469 0.6517597251 0.5058160718 
 0.9636156453 0.7530631866 0.5841036222 
 1.1146497794 0.8713546857 0.6755787668 
 1.2881960866 1.0074732793 0.7809327675 
 1.4848602612 1.1619873278 0.9006598470 
 1.7047543417 1.3350956464 1.0349801846 
 1.9473809544 1.5265342313 1.1837660748 
 2.2115364530 1.7354954696 1.3464763641 
 2.4952429464 1.9605671213 1.5221045595 
 2.7957184499 2.1996980145 1.7091458167 
 3.1093921409 2.4501961312 1.9055872540 
 3.4319679726 2.7087625345 2.1089246616 
 3.7585350878 2.9715615543 2.3162067553 
 4.0837183248 3.2343241969 2.5241058449 
 4.4018575639 3.4924784198 2.7290114599 
 4.7072016309 3.7412973092 2.9271414578 
 4.9941015604 3.9760547896 3.1146637554 
 5.2571893893 4.1921785272 3.2878212983 
 5.4915319434 4.3853910982 3.4430532510 
 5.6927535693 4.5518329315 3.5771065357 
 5.8571265298 4.6881634808 3.6871334816 
 5.9816319499 4.7916399402 3.7707731250 
 6.0639971133 4.8601750859 3.8262152915 
 6.1027162229 4.8923771730 3.8522477219 
 6.0970614220 4.8875751059 3.8482870524 
 6.0470891577 4.8458314305 3.8143944338 
 5.9536442616 4.7679443080 3.7512761043 
 5.8183609456 4.6554379095 3.6602685544 
 5.6436568285 4.5105390209 3.5433073083 
 5.4327136837 4.3361365140 3.4028780623 
 5.1894373448 4.1357200395 3.2419491715 
 4.9183894993 3.9132950686 3.0638853558 
 4.6246861191 3.6732732566 2.8723439622 
 4.3138608846 3.4203398186 2.6711569754 
 3.9916966887 3.1593027816 2.4642039059 
 3.6640333699 2.8949320094 2.2552823207 
 3.3365642486 2.6317981897 2.0479837642 
 3.0146368915 2.3741229886 1.8455829004 
 2.7030741471 2.1256510729 1.6509468114 
 2.4060296834 1.8895527039 1.4664696372 
 2.1268883759 1.6683624924 1.2940354275 
 1.8682167291 1.4639562486 1.1350095674 
 1.6317630780 1.2775642870 0.9902568152 
 1.4185025660 1.1098166089 0.8601821422 
 1.2287185070 0.9608133915 0.7447893467 
 1.0621099688 0.8302132600 0.6437518439 
 0.9179151504 0.7173317781 0.5564900486 
 0.7950409909 0.6212432277 0.4822502196 
 0.6921909793 0.5408798067 0.4201804113 
 0.6079849196 0.4751236415 0.3694001422 
 0.5410661815 0.4228883353 0.3290614382 
 0.4901935711 0.3831880461 0.2983999381 
 0.4543163310 0.3551932139 0.2767756397 
 0.4326318545 0.3382729405 0.2637035486 
 0.4246264309 0.3320245902 0.2588748825 
 0.4300996778 0.3362913903 0.2621695881 
 0.4491732853 0.3511686932 0.2736607752 
 0.4822843886 0.3769992152 0.2936113376 
 0.5301634637 0.4143571149 0.3224626341 
 0.5937962925 0.4640203999 0.3608147470 
 0.6743694434 0.5269309724 0.4093976410 
 0.7731989689 0.6041417649 0.4690325908 
 0.8916426516 0.6967508960 0.5405835722 
 1.0309971139 0.8058235790 0.6248989206 
 1.1923823740 0.9323035624 0.7227443921 
 1.3766179313 1.0769170803 0.8347297283 
 1.5840961258 1.2400735517 0.9612318383 
 1.8146602152 1.4217684817 1.1023186396 
 2.0674961118 1.6214950549 1.2576783734 
 2.3410476569 1.8381715830 1.4265596885 
 2.6329652491 2.0700920396 1.6077278683 
 2.9400962137 2.3149061607 1.7994421326 
 3.2585223371 2.5696338748 1.9994579006 
 3.5836456879 2.8307161892 2.2050562537 
 3.9103187670 3.0941013721 2.4131007194 
 4.2330100358 3.3553618033 2.6201191533 
 4.5459919290 3.6098338013 2.8224062660 
 4.8435363547 3.8527706403 3.0161405803 
 5.1201028421 4.0794982161 3.1975086007 
 5.3705068255 4.2855635152 3.3628288712 
 5.5900595117 4.4668679889 3.5086693509 
 5.7746755139 4.6197806777 3.6319529500 
 5.9209490222 4.7412289113 3.7300478163 
 6.0262029376 4.8287670487 3.8008406918 
 6.0885175866 4.8806255953 3.8427930641 
 6.1067461832 4.8957438936 3.8549807042 
 6.0805231962 4.8737894041 3.8371174590 
 6.0102695449 4.8151655539 3.7895639059 
 5.8971955555 4.7210085329 3.7133208842 
 5.7432993991 4.5931716757 3.6100072316 
 5.5513558911 4.4341946084 3.4818205601 
 5.3248885835 4.2472535492 3.3314798543 
 5.0681175114 4.0360893390 3.1621492073 
 4.7858760374 3.8049110481 2.9773431774 
 4.4834930330 3.5582753030 2.7808159301 
 4.1666408383 3.3009444657 2.5764382627 
 3.8411544444 3.0377299880 2.3680684607 
 3.5128322348 2.7733300280 2.1594243065 
 3.1872324264 2.5121721706 1.9539641485 
 2.8694812271 2.2582724240 1.7547845697 
 2.5641082135 2.0151204393 1.5645408746 
 2.2749215850 1.7855983292 1.3853945599 
 2.0049313591 1.5719370137 1.2189894789 
 1.7563231478 1.3757103276 1.0664559448 
 1.5304799309 1.1978637869 0.9284398838 
 1.3280450597 1.0387723842 0.8051525800 
 1.1490170740 0.8983202753 0.6964356414 
 0.9928658769 0.7759947106 0.6018355313 
 0.8586601253 0.6709868717 0.5206822394 
 0.7451969236 0.5822931331 0.4521672916 
 0.6511266030 0.5088114480 0.3954171691 
 0.5750671742 0.4494288667 0.3495592291 
 0.5157047499 0.4030975091 0.3137782684 
 0.4718777419 0.3688975293 0.2873628526 
 0.4426438769 0.3460866370 0.2697413360 
 0.4273300026 0.3341364822 0.2605080533 
 0.4255652053 0.3327566122 0.2594404191 
 0.4372979241 0.3419067648 0.2665076488 
 0.4627975691 0.3617980177 0.2818715685 
 0.5026407680 0.3928829040 0.3058796000 
 0.5576819537 0.4358341660 0.3390496174 
 0.6290077547 0.4915115196 0.3820460771 
 0.7178747045 0.5609157637 0.4356467320 
 0.8256302178 0.6451298639 0.5006994125 
 0.9536175807 0.7452472781 0.5780688193 
 1.1030668248 0.8622887133 0.6685739935 
 1.2749747364 0.9971096372 0.7729180347 
 1.4699788421 1.1503021045 0.8916126409 
 1.6882319057 1.3220957107 1.0249010264 
 1.9292851233 1.5122636422 1.1726836480 
 2.1919894861 1.7200406825 1.3344518182 
 2.4744253151 1.9440604602 1.5092345965 
 2.7738693092 2.1823189393 1.6955642010 
 3.0868063125 2.4321699585 1.8914644648 
 3.4089893754 2.6903564682 2.0944655334 
 3.7355469264 2.9530781253 2.3016461068 
 4.0611307158 3.2160924684 2.5097022722 
 4.3800935650 3.4748435394 2.7150396331 
 4.6866827861 3.7246091365 2.9138833878 
 4.9752340551 3.9606563823 3.1023995689 
 5.2403517277 4.1783952079 3.2768200621 
 5.4770647619 4.3735206761 3.4335643285 
 5.6809518448 4.5421374474 3.5693518497 
 5.8482341050 4.6808626212 3.6813009267 
 5.9758380295 4.7869060732 3.7670112468 
 6.0614342307 4.8581297373 3.8246292448 
 6.1034591432 4.8930887012 3.8528964612 
 6.1011265318 4.8910573550 3.8511816897 
 6.0544340646 4.8520432218 3.8194977207 
 5.9641675534 4.7767897543 3.7585030436 
 5.8319023017 4.6667676658 3.6694881966 
 5.6599978860 4.5241526953 3.5543458251 
 5.4515802041 4.3517865157 3.4155231912 
 5.2105032616 4.1531171253 3.2559560814 
 4.9412833393 3.9321157449 3.0789838935 
 4.6490000704 3.6931690165 2.8882471087 
 4.3391624595 3.4409479646 2.6875701938 
 4.0175425484 3.1802583407 2.4808349231 
 3.6899845054 2.9158800403 2.2718507820 
 3.3622014273 2.6524056505 2.0642301594 
 3.0395751452 2.3940893163 1.8612761923 
 2.7269751219 2.1447167236 1.6658902995 
 2.4286108996 1.9075051041 1.4805047522 
 2.1479288032 1.6850391186 1.3070433380 
 1.8875584979 1.4792448337 1.1469106683 
 1.6493095464 1.2914004067 1.0010083291 
 1.4342132780 1.1221790887 0.8697741816 
 1.2426017742 0.9717180867 0.7532398503 
 1.0742138789 0.8397057958 0.6511008207 
 0.9283177769 0.7254798076 0.5627935417 
 0.8038404801 0.6281286990 0.4875743528 
 0.6994960583 0.5465916376 0.4245958140 
 0.6139062292 0.4797511002 0.3729769696 
 0.5457087078 0.4265153244 0.3318651233 
 0.4936503361 0.3858883949 0.3004877363 
 0.4566634054 0.3570270065 0.2781939681 
 0.4339246888 0.3392838497 0.2644860771 
 0.4248974577 0.3322381578 0.2590413174 
 0.4293571249 0.3357141892 0.2617250892 
 0.4474011548 0.3497883290 0.2725959676 
 0.4794435872 0.3747851514 0.2919029082 
 0.5261940988 0.4112623445 0.3200745319 
 0.5886211704 0.4599840055 0.3577000305 
 0.6678988026 0.5218816227 0.4055010219 
 0.7653364477 0.5980021724 0.4642937098 
 0.8822924323 0.6894432134 0.5349410106 
 1.0200720998 0.7972756427 0.6182948948 
 1.1798131541 0.9224558074 0.7151300110 
 1.3623621681 1.0657298576 0.8260706210 
 1.5681478767 1.2275344878 0.9515138826 
 1.7970585755 1.4078994322 1.0915534610 
 2.0483324714 1.6063581408 1.2459082341 
 2.3204708272 1.8218737661 1.4138613641 
 2.6111837669 2.0527877181 1.5942151236 
 2.9173772918 2.2967973562 1.7852664623 
 3.2351872051 2.5509677463 1.9848073005 
 3.5600614262 2.8117798337 2.1901519328 
 3.8868871202 3.0752141306 2.3981918317 
 4.2101540383 3.3368655397 2.6054758035 
 4.5241414067 3.5920818219 2.8083111947 
 4.8231134433 3.8361160291 3.0028800419 
 5.1015085638 4.0642823623 3.1853629884 
 5.3541095240 4.2721055079 3.3520636157 
 5.5761856072 4.4554553703 3.4995265372 
 5.7636026820 4.6106618253 3.6246439730 
 5.9129015840 4.7346071045 3.7247472619 
 6.0213490256 4.8247961016 3.7976815110 
 6.0869675497 4.8794068356 3.8418630195 
 6.1085517166 4.8973242436 3.8563200299 
 6.0856768085 4.8781603721 3.8407176733 
 6.0187041837 4.8222630472 3.7953677554 
 5.9087844489 4.7307135375 3.7212234481 
 5.7578564123 4.6053119727 3.6198582630 
 5.5686368802 4.4485477866 3.4934281661 
 5.3445943307 4.2635515997 3.3446155955 
 5.0898988053 4.0540250568 3.1765546345 
 4.8093413149 3.8241463331 2.9927377102 
 4.5082187216 3.5784512377 2.7969058386 
 4.1921841800 3.3216928091 2.5929263666 
 3.8670681879 3.0586854847 2.3846640293 
 3.5386802390 2.7941427548 2.1758525652 
 3.2126049904 2.5325190566 1.9699747900 
 2.8940089069 2.2778671156 1.7701587306 
 2.5874730153 2.0337208320 1.5790961732 
 2.2968647237 1.8030113241 1.3989879688 
 2.0252571643 1.5880203407 1.2315179978 
 1.7748991230 1.3903715537 1.0778552208 
 1.5472333437 1.2110568580 0.9386810700 
 1.3429567046 1.0504922044 0.8142378184 
 1.1621129948 0.9085959053 0.7043926026 
 1.0042078542 0.7848817699 0.6087114404 
 0.8683356735 0.6785596809 0.5265377873 
 0.7533094201 0.5886370529 0.4570707671 
 0.6577860358 0.5140157709 0.3994390770 
 0.5803818544 0.4535805177 0.3527675757 
 0.5197742136 0.4062757110 0.3162346176 
 0.4747869554 0.3711695023 0.2891191853 
 0.4444587779 0.3475043316 0.2708376928 
 0.4280943511 0.3347342991 0.2609709081 
 0.4252986890 0.3325500470 0.2592817214 
 0.4359954651 0.3408919205 0.2657244860 
 0.4604298007 0.3599519561 0.2804464215 
 0.4991556857 0.3901648419 0.3037811987 
 0.5530077702 0.4321875511 0.3362344303 
 0.6230570006 0.4868670389 0.3784604853 
 0.7105495996 0.5551953264 0.4312299365 
 0.8168292912 0.6382515685 0.4953871002 
 0.9432434462 0.7371313117 0.5717975694 
 1.0910349216 0.8528640548 0.6612863415 
 1.2612227348 0.9863213442 0.7645680405 
 1.4544762844 1.1381188668 0.8821717281 
 1.6709895268 1.3085172632 1.0143637899 
 1.9103631756 1.4973275464 1.1610732665 
 2.1715043207 1.7038279339 1.3218246705 
 2.4525534668 1.9266993696 1.4956836703 
 2.7508484351 2.1639867875 1.6812209161 
 3.0629325521 2.4130920509 1.8764986076 
 3.3846110217 2.6708024121 2.0790831223 
 3.7110546868 2.9333554019 2.2860851696 
 4.0369452226 3.1965376376 2.4942266934 
 4.3566511071 3.4558116512 2.6999314027 
 4.6644204023 3.7064620916 2.8994337187 
 4.9545751287 3.9437510450 3.0888994325 
 5.2216930520 4.1630720304 3.2645507022 
 5.4607657476 4.3600934464 3.4227882601 
 5.6673261792 4.5308845655 3.5603047424 
 5.8375438186 4.6720200803 3.6741846395 
 5.9682896401 4.7806621175 3.7619881490 
 6.0571764615 4.8546210207 3.8218178468 
 6.1025816631 4.8923977036 3.8523683117 
 6.1036592404 4.8932108223 3.8529594745 
 6.0603466106 4.8570114739 3.8235545152 
 5.9733690079 4.7844868303 3.7647627187 
 5.8442411532 4.6770524075 3.6778270316 
 5.6752627503 4.5368309903 3.5645954202 
 5.4695017950 4.3666149819 3.4274747801 
 5.2307582225 4.1698085113 3.2693663056 
 4.9635004580 3.9503462272 3.0935820098 
 4.6727691899 3.7125873970 2.9037434754 
 4.3640460767 3.4611865443 2.7036657271 
 4.0430897026 3.2009449921 2.4972310712 
 3.7157461745 2.9366507842 2.2882594520 
 3.3877463445 2.6729168976 2.0803829835 
 3.0645047895 2.4140289005 1.8769325409 
 2.7509366649 2.1638129417 1.6808435488 
 2.4513071011 1.9255331719 1.4945864712 
 2.1691242022 1.7018247196 1.3201252490 
 1.9070816656 1.4946647246 1.1589044289 
 1.6670515820 1.3053803084 1.0118633526 
 1.4501230582 1.1346892917 0.8794738360 
 1.2566786838 0.9827673238 0.7617964523 
 1.0864988359 0.8493339754 0.6585498638 
 0.9388833465 0.7337501832 0.5691875825 
 0.8127807779 0.6351199824 0.4929769320 
 0.7069170106 0.5523904733 0.4290757218 
 