2.4203041633 1.9288819315 1.5187856918 
 2.1124773847 1.6807503464 1.3220076438 
 1.8359174436 1.4584901615 1.1461493391 
 1.5909050243 1.2621007166 0.9910685759 
 1.3769490472 1.0909960556 0.8561828701 
 1.1929632172 0.9441477257 0.7405830046 
 1.0374489513 0.8202299306 0.6431468213 
 0.9086731313 0.7177588954 0.5626473345 
 0.8048322911 0.6352204447 0.4978507587 
 0.7241976475 0.5711817508 0.4476015146 
 0.6652375883 0.5243848578 0.4108925889 
 0.6267158449 0.4938208957 0.3869207230 
 0.6077646834 0.4787848526 0.3751266860 
 0.6079331194 0.4789113327 0.3752213151 
 0.6272104594 0.4941918967 0.3871980552 
 0.6660254613 0.5249744209 0.4113324809 
 0.7252212277 0.5719445560 0.4481688579 
 0.8060057537 0.6360890118 0.4984933811 
 0.9098780375 0.7186402302 0.5632934722 
 1.0385299379 0.8210021657 0.6437025707 
 1.1937246101 0.9446574389 0.7409302623 
 1.3771534141 1.0910570420 0.8561783505 
 1.5902747443 1.2614950413 0.9905445309 
 1.8341403418 1.4569722973 1.1449165916 
 2.1092173151 1.6780550799 1.3198614562 
 2.4152170795 1.9247364794 1.5155148133 
 2.7509452127 2.1963104439 1.7314784004 
 3.1141880025 2.4912696830 1.9667330100 
 3.5016513388 2.8072390118 2.2195756536 
 3.9089648367 3.1409544578 2.4875887569 
 4.3307584699 3.4882953360 2.7676475269 
 4.7608110424 3.8443716369 3.0559687251 
 5.1922608040 4.2036630909 3.3482002634 
 5.6178601920 4.5602001752 3.6395468557 
 6.0302508608 4.9077723250 3.9249231304 
 6.4222331631 5.2401457238 4.1991228572 
 6.7870064980 5.5512728988 4.4569918010 
 7.1183628591 5.8354789111 4.6935923700 
 7.4108241443 6.0876136044 4.9043504973 
 7.6597225857 6.3031651386 5.0851785487 
 7.8612314140 6.4783357598 5.2325717934 
 8.0123584265 6.6100854345 5.3436793925 
 8.1109179341 6.6961519557 5.4163533763 
 8.1554966331 6.7350571327 5.4491803633 
 8.1454266768 6.7261077871 5.4415007489 
 8.0807752039 6.6693978369 5.3934189003 
 7.9623544554 6.5658142525 5.3058058917 
 7.7917509838 6.4170456946 5.1802939301 
 7.5713669499 6.2255887970 5.0192593623 
 7.3044617070 5.9947439616 4.8257895086 
 6.9951784847 5.7285907492 4.6036279504 
 6.6485396714 5.4319329633 4.3570935907 
 6.2703955474 5.1102055919 4.0909708650 
 5.8673156201 4.7693398345 3.8103717091 
 5.4464187334 4.4155880291 3.5205738037 
 5.0151470002 4.0553165322 3.2268435292 
 4.5809978354 3.6947803236 2.9342551844 
 4.1512361267 3.3398971166 2.6475196802 
 3.7326131221 2.9960401423 2.3708356992 
 3.3311188459 2.6678671676 2.1077742096 
 2.9517906521 2.3591990325 1.8612036398 
 2.5985928495 2.0729549416 1.6332586440 
 2.2743729067 1.8111451789 1.4253510361 
 1.9808905513 1.5749160371 1.2382178241 
 1.7189087859 1.3646374798 1.0719988012 
 1.4883314216 1.1800217591 0.9263349540 
 1.2883703014 1.0202608130 0.8004789043 
 1.1177264126 0.8841712861 0.6934093895 
 0.9747716513 0.7703378794 0.6039430699 
 0.8577211652 0.6772478885 0.5308384368 
 0.7647892414 0.6034118662 0.4728881086 
 0.6943242405 0.5474671683 0.4289972044 
 0.6449200066 0.5082626345 0.3982467124 
 0.6155025467 0.4849238054 0.3799417294 
 0.6053916749 0.4768988517 0.3736450727 
 0.6143378064 0.4839857677 0.3791970119 
 0.6425342335 0.5063413883 0.3967217713 
 0.6906051026 0.5444725127 0.4266211001 
 0.7595691107 0.5992090423 0.4695547624 
 0.8507788030 0.6716587497 0.5264074391 
 0.9658354682 0.7631432669 0.5982414024 
 1.1064800627 0.8751152160 0.6862345417 
 1.2744614297 1.0090571234 0.7916038949 
 1.4713843573 1.1663638387 0.9155157429 
 1.6985418256 1.3482115913 1.0589844905 
 1.9567381674 1.5554185284 1.2227638843 
 2.2461127289 1.7883035359 1.4072355455 
 2.5659765866 2.0465521616 1.6123011937 
 2.9146773174 2.3291002166 1.8372861467 
 3.2895078240 2.6340466135 2.0808624281 
 3.6866739475 2.9586066572 2.3409997929 
 4.1013315103 3.2991149100 2.6149518939 
 4.5276966361 3.6510827856 2.8992825295 
 4.9592245536 4.0093105479 3.1899335317 
 5.3888431594 4.3680472141 3.4823317902 
 5.8092202387 4.7211861214 3.7715287949 
 6.2130390667 5.0624797794 4.0523626623 
 6.5932570829 5.3857559660 4.3196305603 
 6.9433263949 5.6851181644 4.5682591228 
 7.2573620521 5.9551170780 4.7934619006 
 7.5302527367 6.1908852767 4.9908757331 
 7.7577170131 6.3882329086 5.1566715597 
 7.9363151254 6.5437077574 5.2876388582 
 8.0634306524 6.6546268817 5.3812459600 
 8.1372378455 6.7190891475 5.4356804665 
 8.1566694040 6.7359780747 5.4498746642 
 8.1213962854 6.7049627573 5.4235202399 
 8.0318265458 6.6265016219 5.3570749889 
 7.8891247725 6.5018500030 5.2517619662 
 7.6952480268 6.3330685157 5.1095591459 
 7.4529889519 6.1230256393 4.9331756182 
 7.1660124757 5.8753853608 4.7260091396 
 6.8388700184 5.5945697299 4.4920798117 
 6.4769749781 5.2856871174 4.2359359953 
 6.0865259641 4.9544199888 3.9625312057 
 5.6743698701 4.6068708540 3.6770743523 
 5.2478049003 4.2493710683 3.3848596941 
 4.8143329155 3.8882633123 3.0910865248 
 4.3813792470 3.5296736452 2.8006811170 
 3.9560045901 3.1792919114 2.5181342759 
 3.5446362264 2.8421792893 2.2473667382 
 3.1528439568 2.5226188569 1.9916317983 
 2.7851801527 2.2240198159 1.7534604982 
 2.4450946058 1.9488795660 1.5346502561 
 2.1349253026 1.6988014394 1.3362937071 
 1.8559577643 1.4745606832 1.1588413908 
 1.6085395557 1.2762079006 1.0021900335 
 1.3922335571 1.1031977822 0.8657875445 
 1.2059933941 0.9545312780 0.7487462229 
 1.0483462785 0.8289008508 0.6499567317 
 0.9175714614 0.7248304978 0.5681968027 
 0.8118656708 0.6408043841 0.5022301481 
 0.7294897470 0.5753799011 0.4508925320 
 0.6688929399 0.5272826417 0.4131632851 
 0.6288129905 0.4954821155 0.3882216589 
 0.6083512594 0.4792480134 0.3754882301 
 0.6070228734 0.4781874193 0.3746520167 
 0.6247821788 0.4922635680 0.3856840478 
 0.6620238079 0.5217966050 0.4088378976 
 0.7195594858 0.5674464631 0.4446372768 
 0.7985705126 0.6301776034 0.4938503481 
 0.9005358188 0.7112051850 0.5574501581 
 1.0271357440 0.8119223587 0.6365606033 
 1.1801323047 0.9338088892 0.7323877279 
 1.3612277428 1.0783222028 0.8461368878 
 1.5719046622 1.2467731903 0.9789173471 
 1.8132531231 1.4401906519 1.1316371247 
 2.0857926929 1.6591801034 1.3048922932 
 2.3893004191 1.9037846799 1.4988563609 
 2.7226585224 2.1733578265 1.7131767075 
 3.0837374951 2.4664589275 1.9468860735 
 3.4693303475 2.7807834699 2.1983375415 
 3.8751512078 3.1131382236 2.4651709586 
 4.2959060918 3.4594689544 2.7443171220 
 4.7254358582 3.8149434506 3.0320432275 
 5.1569223782 4.1740867190 3.3240393207 
 5.5831404975 4.5309590845 3.6155413161 
 5.9967323009 4.8793627889 3.9014822653 
 6.3904778595 5.2130596110 4.1766606997 
 6.7575385612 5.5259816488 4.4359135903 
 7.0916547903 5.8124197727 4.6742819843 
 7.3872878265 6.0671787894 4.8871595330 
 7.6397046396 6.2856940782 5.0704174167 
 7.8450121437 6.4641102182 5.2205029100 
 8.0001532277 6.5993269152 5.3345122941 
 8.1028799078 6.6890206637 5.4102414256 
 8.1517192236 6.7316517387 5.4462186577 
 8.1459453974 6.7264653664 5.4417248804 
 8.0855678716 6.6734935864 5.3968043440 
 7.9713397813 6.5735608879 5.3122679739 
 7.8047858148 6.4282927452 5.1896885167 
 7.5882428716 6.2401223015 5.0313845724 
 7.3249020586 6.0122872763 4.8403888600 
 7.0188370460 5.7488072676 4.6203953521 
 6.6750023026 5.4544314817 4.3756805008 
 6.2991858655 5.1345488287 4.1109957301 
 5.8979053641 4.7950562335 3.8314315192 
 5.4782428492 4.4421865113 3.5422572829 
 5.0476227500 4.0823033728 3.2487451923 
 4.6135465428 3.7216769277 2.9559892868 
 4.1833056500 3.3662572313 2.6687330155 
 3.7636989288 3.0214650302 2.3912182794 
 3.3607816904 2.6920174871 2.1270670811 
 2.9796693180 2.3818025711 1.8792033989 
 2.6244110932 2.0938098525 1.6498185673 
 2.2979404855 1.8301188690 1.4403790607 
 2.0020988856 1.5919402682 1.2516718629 
 1.7377222827 1.3797005110 1.0838800273 
 1.5047757278 1.1931584739 0.9366797437 
 1.3025187759 1.0315417506 0.8093500994 
 1.1296859663 0.8936913858 0.7008874614 
 0.9846688773 0.7782055893 0.6101176571 
 0.8656894354 0.6835751213 0.5358006143 
 0.7709572258 0.6083051349 0.4767236300 
 0.6988061325 0.5510201025 0.4317808557 
 0.6478076072 0.5105499751 0.4000378295 
 0.6168592739 0.4859968991 0.3807808680 
 0.6052485089 0.4767826206 0.3735517828 
 0.6126911588 0.4826771157 0.3781686664 
 0.6393457262 0.5038090153 0.3947334136 
 0.6858032598 0.5406581381 0.4236263104 
 0.7530529791 0.5940300678 0.4654875786 
 0.8424235232 0.6650124043 0.5211853851 
 0.9554997948 0.7549122691 0.5917696801 
 1.0940157842 0.8651749456 0.6784114094 
 1.2597245574 0.9972842239 0.7823271958 
 1.4542478309 1.1526460745 0.9046904673 
 1.6789093195 1.3324586574 1.0465311523 
 1.9345583701 1.5375733665 1.2086273846 
 2.2213932267 1.7683535433 1.3913940769 
 2.5387962519 2.0245395248 1.5947746344 
 2.8851959387 2.3051304739 1.8181433027 
 3.2579717020 2.6082945105 2.0602264458 
 3.6534163738 2.9313184409 2.3190510957 
 4.0667674675 3.2706064350 2.5919281221 
 4.4923116813 3.6217331831 2.8754751842 
 4.9235585705 3.9795516825 3.1656813230 
 5.3534703491 4.3383496450 3.4580110251 
 5.7747272193 4.6920427084 3.7475414547 
 6.1800031546 5.0343883255 4.0291230563 
 6.5622266862 5.3592023347 4.2975515486 
 6.9148050073 5.6605611249 4.5477388729 
 7.2317966911 5.9329757781 4.7748719678 
 7.5080269645 6.1715297859 4.9745510031 
 7.7391480432 6.3719778117 5.1429022853 
 7.9216540500 6.5308083925 5.2766647481 
 8.0528645741 6.6452775569 5.3732520629 
 8.1308926663 6.7134225726 5.4307944783 
 8.1546121792 6.7340652933 5.4481652723 
 8.1236363571 6.7068130437 5.4249962040 
 8.0383150627 6.6320620766 5.3616848075 
 7.8997526468 6.5110048891 5.2593941648 
 7.7098428154 6.3456386904 5.1200434073 
 7.4713115396 6.1387686874 4.9462851132 
 7.1877547229 5.8939971975 4.7414644793 
 6.8636546663 5.6156884602 4.5095550058 
 6.5043590281 5.3088998011 4.2550666518 
 6.1160084447 4.9792726627 3.9829249673 
 5.7054043766 4.6328817342 3.6983232609 
 5.2798166146 4.2760463738 3.4065538669 
 4.8467390817 3.9151146880 3.1128282656 
 4.4136114523 3.5562358290 2.8220984430 
 3.9875308059 3.2051391519 2.5388928348 
 3.5749805043 2.8669391166 2.2671792369 
 3.1816019620 2.5459821214 2.0102643331 
 2.8120292894 2.2457463666 1.7707355112 
 2.4697982172 1.9687994539 1.5504461855 
 2.1573311502 1.7168119973 1.3505416917 
 1.8759915809 1.4906201830 1.1715195926 
 1.6261948355 1.2903266860 1.0133162484 
 1.4075588817 1.1154278188 0.8754107825 
 1.2190785309 0.9649549983 0.7569378868 
 1.0593081001 0.8376200297 0.6568019275 
 0.9265404916 0.7319557316 0.5737861996 
 0.8189738277 0.6464455838 0.5066526923 
 0.7348596530 0.5796380692 0.4542292059 
 0.6726290158 0.5302430810 0.4154820085 
 0.6309944438 0.4972091314 0.3895733529 
 0.6090270028 0.4797811047 0.3759040115 
 0.6062083699 0.4775389236 0.3741414705 
 0.6224581990 0.4904177238 0.3842345323 
 0.6581370907 0.5187100165 0.4064148618 
 0.7140253118 0.5630499792 0.4411856061 
 0.7912772098 0.6243796505 0.4892967834 
 0.8913512136 0.7038965953 0.5517068460 
 1.0159155374 0.8029827108 0.6295298198 
 1.1667302890 0.9231143244 0.7239677742 
 1.3455076774 1.0657545953 0.8362290861 
 1.5537534856 1.2322304407 0.9674339749 
 1.7925949947 1.4235977375 1.1185100194 
 2.0626031293 1.6405003651 1.2900817455 
 2.3636195491 1.8830306620 1.4823598027 
 2.6946022781 2.1506008370 1.6950365996 
 3.0535054555 2.4418363984 1.9271963312 
 3.4372090260 2.7545032066 2.1772478273 
 3.8415118748 3.0854787805 2.4428882463 
 4.2611967443 3.4307756731 2.7211041065 
 4.6901676299 3.7856201257 3.0082134131 
 5.1216514031 4.1445833470 3.2999489451 
 5.5484468550 4.5017566212 3.5915785963 
 5.9631980389 4.8509561929 3.8780547349 
 6.3586661344 5.1859406070 4.1541815893 
 6.7279756440 5.5006225838 4.4147882427 
 7.0648161385 5.7892596655 4.6548951996 
 7.3635887316 6.0466122637 4.8698645218 
 7.6194952787 6.2680634007 5.0555267553 
 7.8285762975 6.4497002288 5.2082815967 
 7.9877095595 6.5883623056 5.3251727541 
 8.0945845510 6.6816648773 5.4039401413 
 8.1476684889 6.7280067355 5.4430540354 
 8.1461776388 6.7265716113 5.4417359985 
 8.0900639045 6.6773298450 5.3999703451 
 7.9800216648 6.5810437055 5.3185080354 
 7.8175142554 6.4392757985 5.1988625247 
 7.6048139240 6.2543961032 5.0432947878 
 7.3450441467 6.0295799252 4.8547829744 
 7.0422095422 5.7687870342 4.6369713470 
 6.7011969448 5.4767119696 4.3940936348 
 6.3277321094 5.1586972341 4.1308677871 
 5.9282803562 4.8206048669 3.8523621730 
 5.5098861025 4.4686472797 3.5638371257 
 5.0799548846 4.1091844418 3.2705696801 
 4.6459907607 3.7485003685 2.9776726466 
 4.2153100779 3.3925762119 2.6899210782 
 3.7947577219 3.0468790799 2.4115992685 
 3.3904528933 2.7161845645 2.1463795965 
 3.0075879121 2.4044470573 1.8972411408 
 2.6502963208 2.1147260831 1.6664316901 
 2.3215972813 1.8491703205 1.4554723708 
 2.0234139199 1.6090549312 1.2652003281 
 1.7566556102 1.3948632598 1.0958422216 
 1.5213492927 1.2064013674 0.9471099115 
 1.3168030611 1.0429331839 0.8183095011 
 1.1417859411 0.9033249067 0.7084555847 
 0.9947101798 0.7861890390 0.6163837738 
 0.8738054787 0.6900205922 0.5408560452 
 0.7772776966 0.6133200856 0.4806549667 
 0.7034471734 0.5546998376 0.4346642841 
 0.6508638431 0.5129715946 0.4019346115 
 0.6183977515 0.4872147415 0.3817339736 
 0.6053045620 0.4768251768 0.3735836272 
 0.6112661845 0.4815453721 0.3772798973 
 0.6364068555 0.5014761956 0.3929027117 
 0.6812849192 0.5370708388 0.4208111982 
 0.7468603555 0.5891108103 0.4616262649 
 0.8344379469 0.6586636445 0.5161996979 
 0.9455860395 0.7470218955 0.5855691378 
 1.0820312350 0.8556232591 0.6708984549 
 1.2455301205 0.9859523257 0.7734035603 
 1.4377203434 1.1394254910 0.8942645523 
 1.6599550575 1.3172619144 1.0345262199 
 1.9131270533 1.5203450782 1.1949902378 
 2.1974916789 1.7490814263 1.3761038009 
 2.5125006497 2.0032645873 1.5778508583 
 2.8566614183 2.2819555093 1.7996533591 
 3.2274380675 2.5833899763 2.0402907616 
 3.6212088269 2.9049248747 2.2978461770 
 4.0332916832 3.2430327807 2.5696866136 
 4.4580431518 3.5933507578 2.8524826959 
 4.8890268506 3.9507839774 3.1422700085 
 5.3192395153 4.3096586441 3.4345502250 
 5.7413743608 4.6639128213 3.7244260294 
 6.1480969318 5.0073093021 4.0067602712 
 6.5323078748 5.3336525745 4.2763474901 
 6.8873705225 5.6369926354 4.5280853464 
 7.2072879629 5.9118016872 4.7571346741 
 7.4868228375 6.1531148716 4.9590595319 
 7.7215617426 6.3566320537 5.1299421766 
 7.9079332822 6.5187831610 5.2664715903 
 8.0431935717 6.6367637949 5.3660073842 
 8.1253949418 6.7085502185 5.4266230671 
 8.1533529023 6.7329032337 5.4471335458 
 8.1266235600 6.7093690582 5.4271113210 
 8.0454992673 6.6382824948 5.3668943673 
 7.9110249405 6.5207739894 5.2675865197 
 7.7250318379 6.3587781730 5.1310487945 
 7.4901802298 6.1550378112 4.9598779554 
 7.2099979626 5.9130943326 4.7573672672 
 6.8888990957 5.6372548351 4.5274441439 
 6.5321662441 5.3325260956 4.2745805092 
 6.1458825032 5.0045088089 4.0036741401 
 5.7368040124 4.6592498745 3.7199027564 
 5.3121719216 4.3030564432 3.4285566102 
 4.8794716795 3.9422816316 3.1348590761 
 4.4461565290 3.5830971247 2.8437874715 
 4.0193590274 3.2312711601 2.5599074450 
 3.6056176944 2.8919708641 2.2872334518 
 3.2106447320 2.5696054225 2.0291252267 
 2.8391553461 2.2677216352 1.7882262573 
 2.4947707963 1.9889570691 1.5664458170 
 2.1799977456 1.7350495505 1.3649819162 
 1.8962777325 1.5068962921 1.1843792197 
 1.6440941214 1.3046522610 1.0246138900 
 1.4231204042 1.1278557208 0.8851965077 
 1.2323931345 0.9755689674 0.7652844594 
 1.0704943769 0.8465236224 0.6637961602 
 0.9357313884 0.7392618460 0.5795208474 
 0.8263044318 0.6522669865 0.5112191913 
 0.7404565322 0.5840791974 0.4577114525 
 0.6766013341 0.5333932722 0.4179512795 
 0.6334269602 0.4991373415 0.3910843860 
 0.6099749908 0.4805321099 0.3764922167 
 0.6056944485 0.4771309689 0.3738212159 
 0.6204710523 0.4888415747 0.3829984539 
 0.6546320611 0.5159293895 0.4042341698 
 0.7089268645 0.5590033572 0.4380113965 
 0.7844832801 0.6189835110 0.4850623921 
 0.8827394431 0.6970500879 0.5463312956 
 1.0053513743 0.7945737969 0.6229223992 
 1.1540768697 0.9130273422 0.7160337480 
 1.3306373123 1.0538791332 0.8268764659 
 1.5365604408 1.2184712971 0.9565811967 
 1.7730090839 1.4078856163 1.1060942704 
 2.0406034128 1.6228028070 1.2760675731 
 2.3392472062 1.8633625543 1.4667475305 
 2.6679715140 2.1290337030 1.6778699758 
 3.0248112040 2.4185055761 1.9085687712 
 3.4067302723 2.7296120326 2.1573065994 
 3.8096097018 3.0592990336 2.4218360208 
 4.2283067034 3.4036438177 2.6991974475 
 4.6567866917 3.7579293009 2.9857580453 
 5.0883204453 4.1167715297 3.2772919349 
 5.5157302465 4.4742918456 3.5690979112 
 5.9316622534 4.8243200583 3.8561469236 
 6.3288593805 5.1606114690 4.1332485027 
 6.7004102310 5.4770597698 4.3952237655 
 7.0399547698 5.7678897998 4.6370728684 
 7.3418352508 6.0278183905 4.8541267009 
 7.6011897212 6.2521771362 5.0421757635 
 7.8139935458 6.4369967478 5.1975728914 
 7.9770605297 6.5790576411 5.3173100293 
 8.0880186904 6.6759148241 5.3990720297 
 8.1452764147 6.7259066191 5.4412720332 
 8.1479929725 6.7281562911 5.4430732651 
 8.0960636973 6.6825735374 5.4044011415 
 7.9901252203 6.5898594984 5.3259477345 
 7.8315805924 6.4515150397 5.2091683098 
 7.6226385356 6.2698481262 5.0562673226 
 7.3663560531 6.0479727909 4.8701694314 
 7.0666698551 5.7897900665 4.6544702032 
 6.7284002046 5.4999408160 4.4133615578 
 6.3572114845 5.1837219756 4.1515287465 
 5.9595174002 4.8469613487 3.8740186443 
 5.5423251677 4.4958513816 3.5860829462 
 5.1130215892 4.1367485276 3.2930038269 
 4.6791132116 3.7759507455 2.9999129972 
 4.2479410199 3.4194701779 2.7116171272 
 3.8263955243 3.0728200975 2.4324428386 
 3.4206593798 2.7408342967 2.1661127817 
 3.0360014533 2.4275333747 1.9156610214 
 2.6766392591 2.1360466464 1.6833917021 
 2.3456774953 1.8685918363 1.4708805345 
 2.0451210059 1.6265086012 1.2790147959 
 1.7759526599 1.4103372247 1.1080647642 
 1.5382615081 1.2199310731 0.9577780228 
 1.3314044920 1.0545905921 0.8274877831 
 1.1541855064 0.9132073643 0.7162269975 
 1.0050379126 0.7944084686 0.6228412306 
 0.8821996896 0.6966934980 0.5460947160 
 0.7838735286 0.6185587174 0.4847655406 
 0.7083668394 0.5586047214 0.4377273357 
 0.6542087049 0.5156255327 0.4040161292 
 0.6202423065 0.4886783050 0.3828820395 
 0.6056923441 0.4771336641 0.3738262006 
 0.6102075559 0.4807071849 0.3766236422 
 0.6338786633 0.4994725923 0.3913328240 
 0.6772320004 0.5338570505 0.4182922170 
 0.7411988915 0.5846185311 0.4581038887 
 0.8270606728 0.6528049281 0.5116036468 
 0.9363692993 0.7396944817 0.5798171084 
 1.0708438305 0.8467173209 0.6639011865 
 1.2322438297 0.9753585634 0.7650709814 
 1.4222218750 1.1270444112 0.8845128992 
 1.6421590592 1.3030140148 1.0232859273 
 1.8929895980 1.5041815258 1.1822142972 
 2.1750234284 1.7309946624 1.3617761723 
 2.4877786772 1.9832981439 1.5619944208 
 2.8298385104 2.2602122012 1.7823367997 
 3.1987482975 2.5600375852 2.0216337632 
 3.5909683526 2.8801985088 2.2780222895 
 4.0018941024 3.2172332951 2.5489233060 
 4.4259493220 3.5668389690 2.8310582877 
 4.8567497605 3.9239708455 3.1205074595 
 5.2873254552 4.2829920674 3.4128080783 
 5.7103821377 4.6378620994 3.7030871066 
 6.1185770949 4.9823485794 3.9862189514 
 6.5047838162 5.3102446397 4.2569965181 
 6.8623229170 5.6155742929 4.5103030961 
 7.1851434086 5.8927715927 4.7412736421 
 7.4679468840 6.1368242893 4.9454365938 
 7.7062558748 6.3433785494 5.1188308519 
 7.8964349635 6.5088068656 5.2580962927 
 8.0356781891 6.6302456134 5.3605394232 
 8.1219784505 6.7056112533 5.4241780475 
 8.1540941066 6.7336047295 5.4477697954 
 8.1315252511 6.7137123403 5.4308290474 
 8.0545078163 6.6462086282 5.3736353917 
 7.9240283703 6.5321631841 5.2772346118 
 7.7418568238 6.3734492615 5.1434308121 
 7.5105888603 6.1727483779 4.9747661306 
 7.2336853773 5.9335422334 4.7744830481 
 6.9154932565 5.6600818777 4.5464639680 
 6.5612310388 5.3573245268 4.2951437513 
 6.1769250993 5.0308309734 4.0253932457 
 5.7692868848 4.6866210049 3.7423752790 
 5.3455293187 4.3309900641 3.4513785677 
 4.9131295787 3.9702966074 3.1576387823 
 4.4795545034 3.6107350388 2.8661588492 
 4.0519720318 3.2581125600 2.5815418076 
 3.6369756905 2.9176489823 2.3078488786 
 3.2403483240 2.5938162739 2.0484929088 
 2.8668861441 2.2902298365 1.8061735219 
 2.5202959337 2.0095972278 1.5828558759 
 2.2031686982 1.7537235442 1.3797906803 
 1.9170241890 1.5235671114 1.1975697283 
 1.6624140396 1.3193353020 1.0362090177 
 1.4390675436 1.1406084651 0.8952506279 
 1.2460633081 0.9864799289 0.7738746928 
 1.0820114834 0.8557013066 0.6710137459 
 0.9452340461 0.7468242997 0.5854630576 
 0.8339337960 0.6583323564 0.5159820969 
 0.7463456730 0.5887575689 0.4613837368 
 0.6808663937 0.5367799427 0.4206091977 
 0.6361601963 0.5013075849 0.3927878920 
 0.6112397356 0.4815374265 0.3772822224 
 0.6055219679 0.4769967753 0.3737179241 
 0.6188592740 0.4875662835 0.3820007061 
 0.6515461421 0.5134848450 0.4023197742 
 0.7043015871 0.5553366206 0.4351384353 
 0.7782272750 0.6140200157 0.4811715358 
 0.8747412381 0.6906981907 0.5413491700 
 0.9954872388 0.7867307358 0.6167660371 
 1.1422203717 0.9035865618 0.7086161239 
 1.3166704167 1.0427388655 0.8181130482 
 1.5203858517 1.2055441839 0.9463973674 
 1.7545633685 1.3931090374 1.0944333662 
 2.0198702350 1.6061494364 1.2628991972 
 2.3162697773 1.8448505138 1.4520756765 
 2.6428631707 2.1087355463 1.6617404135 
 2.9977629205 2.3965552485 1.8910750775 
 3.3780139691 2.7062089515 2.1385942082 
 3.7795764754 3.0347085664 2.4021037279 
 4.1973795712 3.3781937012 2.6786959622 
 4.6254480783 3.7320019411 2.9647854176 
 5.0570953115 4.0907925803 3.2561859878 
 5.4851663563 4.4487159086 3.5482261198 
 5.9023094412 4.7996146925 3.8358944541 
 6.3012497500 5.1372408582 4.1140053029 
 6.6750409661 5.4554693549 4.3773716478 
 7.0172747326 5.7484929392 4.6209734411 
 7.3222358949 6.0109857268 4.8401108038 
 7.5850001964 6.2382289061 5.0305347997 
 7.8014793187 6.4261978540 5.1885521621 
 7.9684244830 6.5716149817 5.3111039375 
 8.0834035083 6.6719761916 5.3958208515 
 8.1447671106 6.7255604474 5.4410598875 
 8.1516186301 6.7314316305 5.4459269388 
 8.1037978260 6.6894398513 5.4102895417 
 8.0018845336 6.6002261556 5.3347819000 
 7.8472224426 6.4652306771 5.2208020980 
 7.6419576477 6.2867003415 5.0704990510 
 7.3890815411 6.0676888335 4.8867448569 
 7.0924637217 5.8120392976 4.6730872463 
 6.7568585754 5.5243396656 4.4336770948 
 6.3878696667 5.2098419238 4.1731676102 
 5.9918594660 4.8743401123 3.8965847082 
 5.5757981835 4.5240070387 3.6091718621 
 5.1470539104 4.1651958369 3.3162166975 
 4.7131355740 3.8042185075 3.0228700530 
 4.2814086158 3.4471182248 2.7339703872 
 3.8588089878 3.0994544548 2.4538867914 
 3.4515826780 2.7661192425 2.1863923215 
 3.0650750887 2.4511994978 1.9345761708 
 2.7035878273 2.1578944879 1.7007989951 
 2.3703113776 1.8884912017 1.4866912578 
 2.0673326570 1.6443940502 1.2931905421 
 1.7957084556 1.4262005369 1.1206109165 
 1.5555903937 1.2338116187 0.9687358499 
 1.3463847230 1.0665645314 0.8369258100 
 1.1669306524 0.9233765003 0.7242322393 
 1.0156830748 0.8028894164 0.6295107728 
 0.8908886375 0.7036076750 0.5515280069 
 0.7907472310 0.6240234951 0.4890576483 
 0.7135536868 0.5627259518 0.4409633169 
 0.6578165788 0.5184915511 0.4062665662 
 0.6223525601 0.4903554313 0.3841997368 
 0.6063556962 0.4776631707 0.3742439877 
 0.6094418679 0.4801036792 0.3761532200 
 0.6316685632 0.4977237657 0.3899646022 
 0.6735303308 0.5309247684 0.4159961221 
 0.7359299713 0.5804412714 0.4548311534 
 0.8201253721 0.6473015888 0.5072896180 
 0.9276519137 0.7327695811 0.5743851148 
 1.0602207025 0.8382675772 0.6572674840 
 1.2195935958 0.9652807861 0.7571507481 
 1.4074371152 1.1152445451 0.8752271754 
 1.6251589809 1.2894170722 1.0125693104 
 1.8737332015 1.4887420078 1.1700230959 
 2.1535223856 1.7137069241 1.3480966238 
 2.4641089391 1.9642060117 1.5468504692 
 2.8041494998 2.2394170320 1.7657968547 
 3.1712685082 2.5377039065 2.0038158149 
 3.5620063225 2.8565564375 2.2590967780 
 3.9718340898 3.1925771263 2.5291132483 
 4.3952415640 3.5415216561 2.8106363594 
 4.8258958571 3.8983945218 3.0997899981 
 5.2568600711 4.2575952230 3.3921462855 
 5.6808527107 4.6131044272 3.6828560247 
 6.0905234725 4.9586947715 3.9668050188 
 6.4787196549 5.2881484780 4.2387846300 
 6.8387203016 5.5954642394 4.4936640802 
 7.1644215618 5.8750387649 4.7265529163 
 7.4504651774 6.1218132893 4.9329445376 
 7.6923107374 6.3313811744 5.1088351441 
 7.8862598206 6.5000583526 5.2508161997 
 8.0294452992 6.6249228104 5.3561418140 
 8.1198014542 6.7038319982 5.4227747912 
 8.1560302336 6.7354277523 5.4494161744 
 8.1375764055 6.7191371623 5.4355228937 
 8.0646201336 6.6551751821 5.3813167889 
 7.9380902567 6.5445511744 5.2877861870 
 7.7596959138 6.3890775833 5.1566788165 
 7.5319687088 6.1913751635 4.9904826481 
 7.2583029906 5.9548662628 4.7923897390 
 6.9429787128 5.6837461224 4.5662377305 
 6.5911504007 5.3829224804 4.3164245492 
 6.2087875523 5.0579161498 4.0477941254 
 5.8025565497 4.7147195809 3.7654943086 
 5.3796415350 4.3596161725 3.4748121255 
 4.9475107430 3.9989693288 3.1809953627 
 4.5136439090 3.6389957897 2.8890723917 
 4.0852437282 3.2855414130 2.6036835380 
 3.6689582745 2.9438785168 2.3289367730 
 3.2706408098 2.6185418389 2.0682981456 
 2.8951685934 2.3132155428 1.8245236120 
 2.5463342320 2.0306774975 1.5996345038 
 2.2268135936 1.7728005147 1.3949345860 
 1.9382053184 1.5406045613 1.2110631759 
 1.6811300711 1.3343499782 1.0480765120 
 1.4553737285 1.1536597566 0.9055485608 
 1.2600576984 0.9976587763 0.7826825569 
 1.0938208931 0.8651191004 0.6784254553 
 0.9550005925 0.7546023578 0.5915788058 
 0.8418026160 0.6645924057 0.5209010639 
 0.7524541992 0.5936135091 0.4651978461 
 0.6853354147 0.5403310485 0.4233980254 
 0.6390868099 0.5036332080 0.3946147499 
 0.6126922227 0.4826931885 0.3781913821 
 0.6055365716 0.4770122063 0.3737329193 
 0.6174388458 0.4864438518 0.3811236510 
 0.6486606239 0.5112003384 0.4005316607 
 0.6998903097 0.5518408687 0.4324003999 
 0.7722030714 0.6092419682 0.4774271236 
 0.8669963658 0.6845493780 0.5365276363 
 0.9859010840 0.7791111210 0.6107867214 
 1.1306688556 0.8943917506 0.7013938967 
 1.3030369394 1.0318685663 0.8095647686 
 1.5045734905 1.1929117151 0.9364492114 
 1.7365078811 1.3786515559 1.0830287863 
 1.9995532189 1.5898384232 1.2500071727 
 2.2937311122 1.8267019026 1.4376988070 
 2.6182116758 2.0888187412 1.6459223139 
 2.9711840464 2.3750001863 1.8739064677 
 3.3497733856 2.6832103582 2.1202170726 
 3.7500186629 3.0105266769 2.3827129802 
 4.1669209776 3.3531509689 2.6585381973 
 4.5945650199 3.7064756483 2.9441545632 
 5.0263074715 4.0652037136 3.2354159648 
 5.4550173300 4.4235151119 3.5276809292 
 5.8733461623 4.7752664563 3.8159563857 
 6.2740027220 5.1142072822 4.0950621411 
 6.6500069913 5.4341947906 4.3598038106 
 6.9949033435 5.7293905868 4.6051419114 
 7.3029200575 5.9944268889 4.8263465201 
 7.5690711967 6.2245351598 5.0191299104 
 7.7892051929 6.4156359830 5.1797532680 
 7.9600109731 6.5643941838 5.3051072009 
 8.0789963592 6.6682468832 5.3927686791 
 8.1444545629 6.7254139430 5.4410388205 
 8.1554331627 6.7349000728 5.4489664079 
 8.1117165338 6.6964959711 5.4163612485 
 8.0138279215 6.6107827205 5.3437997521 
 7.8630518473 6.4791397900 5.2326228044 
 7.6614719087 6.3037530325 5.0849236506 
 7.4120138879 6.0876156096 4.9035215648 
 7.1184800750 5.8345124225 4.6919160276 
 6.7855585218 5.5489779082 4.4542163027 
 6.4187912182 5.2362183254 4.1950428443 
 6.0244883429 4.9019929813 3.9193997893 
 5.6095817857 4.5524539376 3.6325215113 
 5.1814194451 4.1939498468 3.3397002178 
 4.7475111074 3.8328056339 3.0461050875 
 4.3152452577 3.4750945367 2.7566057295 
 3.8916021285 3.1264214871 2.4756132713 
 3.4828902483 2.7917363597 2.2069509781 
 3.0945311973 2.4751922838 1.9537632185 
 2.7309107652 2.1800587086 1.7184674313 
 2.3953057159 1.9086923927 1.5027492892 
 2.0898858570 1.6625632156 1.3075972735 
 1.8157829325 1.4423267446 1.1333699115 
 1.5732122714 1.2479324235 0.9798872508 
 1.3616305823 1.0787551601 0.8465376841 
 1.1799134620 0.9337386331 0.7323917517 
 1.0265382797 0.8115402498 0.6363156772 
 0.8997611295 0.7106697776 0.5570788320 
 0.7977796962 0.6296158134 0.4934508392 
 0.7188766351 0.5669561862 0.4442854863 
 0.6615402237 0.5214500109 0.4085899185 
 0.6245606165 0.4921103951 0.3855786580 
 0.6071011007 0.4782577241 0.3747127520 
 0.6087443947 0.4795539765 0.3757247467 
 0.6295142988 0.4960186666 0.3886302122 
 0.6698729838 0.5280268258 0.4137262693 
 0.7306940092 0.5762890723 0.4515771411 
 0.8132109860 0.6418134759 0.5029863395 
 0.9189418012 0.7258487766 0.5689548592 
 1.0495886233 0.8298087060 0.6506248331 
 1.2069145866 0.9551777332 0.7492085390 
 1.3925991506 1.1033995018 0.8659034357 
 1.6080757252 1.2757505116 1.0017949785 
 1.8543573115 1.4732032018 1.1577502434 
 2.1318586075 1.6962844656 1.3343067849 
 2.4402260229 1.9449376545 1.5315625822 
 2.7781897843 2.2183980377 1.7490742331 
 3.1434539805 2.5150930293 1.9857715201 
 3.5326400861 2.8325787234 2.2398967780 
 3.9412965206 3.1675228889 2.5089768473 
 4.3639809774 3.5157413092 2.7898335706 
 4.7944141732 3.8722893827 3.0786357976 
 5.2256946278 4.2316048597 3.3709919981 
 5.6505558958 4.5876915459 3.6620783963 
 6.0616421062 4.9343289172 3.9467937706 
 6.4517759955 5.2652899106 4.2199294232 
 6.8141961871 5.5745492183 4.4763418139 
 7.1427466254 5.8564671725 4.7111161517 
 7.4320094056 6.1059391034 4.9197116066 
 7.6773810164 6.3185058570 5.0980822232 
 7.8750996277 6.4904268329 5.2427713557 
 8.0222364133 6.6187214683 5.3509808105 
 8.1166664863 6.7011879264 5.4206183167 
 8.1570348937 6.7364085970 5.4503281203 
 8.1427306913 6.7237509954 5.4395093758 
 8.0738779921 6.6633700991 5.3883257434 
 7.9513476913 6.5562146110 5.2977075460 
 7.7767879386 6.4040356456 5.1693454515 
 7.5526659411 6.2093925292 5.0056724155 
 7.2823089773 5.9756473849 4.8098290377 
 6.9699292470 5.7069385184 4.5856069653 
 6.6206160568 5.4081227853 4.3373657714 
 6.2402804193 5.0846793500 4.0699208988 
 5.8355416678 4.7425714499 3.7884035619 
 5.4135528981 4.3880684551 3.4980974415 
 4.9817710083 4.0275367534 3.2042608851 
 4.5476862974 3.6672136218 2.9119463593 
 4.1185341465 3.3129820778 2.6258304170 
 3.7010155480 2.9701658626 2.3500670756 
 3.3010531212 2.6433618758 2.0881752641 
 2.9236047402 2.3363229277 1.8429673226 
 2.5725490144 2.0518975366 1.6165211404 
 2.2506473846 1.7920269463 1.4101941898 
 1.9595784970 1.5577937579 1.2246741534 
 1.7000334252 1.3495124398 1.0600584578 
 1.4718561234 1.1668498455 0.9159539349 
 1.2742122828 1.0089635957 0.7915878612 
 1.1057709474 0.8746472891 0.6859224643 
 0.9648858839 0.7624734115 0.5977662961 
 0.8497668797 0.6709269662 0.5258773654 
 0.7586341519 0.5985249157 0.4690544285 
 0.6898515407 0.5439183198 0.4262142329 
 0.6420360387 0.5059755243 0.3964537127 
 0.6141425386 0.4838458748 0.3790970755 
 0.6055235422 0.4770041736 0.3737283138 
 0.6159640403 0.4852764468 0.3802098917 
 0.6456918923 0.5088475635 0.3986882372 
 0.6953639110 0.5482509645 0.4295863028 
 0.7660276523 0.6043403794 0.4735830149 
 0.8590587941 0.6782431319 0.5315790794 
 0.9760741179 0.7712946389 0.6046485129 
 1.1188205780 0.8849540647 0.6939755064 
 1.2890418059 1.0207018459 0.8007768370 
 1.4883247164 1.1799209072 0.9262109695 
 1.7179307305 1.3637648232 1.0712761676 
 1.9786185528 1.5730179198 1.2367012789 
 2.2704683240 1.8079542735 1.4228342817 
 2.5927199327 2.0682045870 1.6295350783 
 2.9436406286 2.3526416291 1.8560801988 
 3.3204379380 2.6592958305 2.1010877820 
 3.7192324021 2.9853121596 2.3624711007 
 4.1351003441 3.3269571549 2.6374277242 
 4.5621898841 3.6796808916 2.9224690285 
 4.9939046952 4.0382330825 3.2134913151 
 5.4231411102 4.3968263303 3.5058857024 
 5.8425570089 4.7493338891 3.7946798661 
 6.2448470435 5.0895053220 4.0747013745 
 6.6229990618 5.4111819956 4.3407504365 
 6.9705109481 5.7084957058 4.5877697037 
 7.2815544715 5.9760375370 4.8110003459 
 7.5510814819 6.2089894637 5.0061165524 
 7.7748762121 6.4032170811 5.1693342689 
 7.9495641183 6.5553271167 5.2974936315 
 8.0725917945 6.6626971986 5.3881175477 
 8.1421937983 6.7234872766 5.4394507531 
 8.1573609665 6.7366420488 5.4504842415 
 8.1178215097 6.7018919664 5.4209692802 
 8.0240414772 6.6197573093 5.3514235460 
 7.8772457159 6.4915559955 5.2431296438 
 7.6794548056 6.3194118061 5.0981238945 
 7.4335282485 6.1062561869 4.9191712900 
 7.1432000677 5.8558143355 4.7097213751 
 6.8130906165 5.5725654153 4.4738398849 
 6.4486784658 5.2616678474 4.2161123994 
 6.0562191702 4.9288438032 3.9415190122 
 5.6426035460 4.5802219939 3.6552826831 
 5.2151562704 4.2221439223 3.3626979542 
 4.7813848910 3.8609448761 3.0689502921 
 4.3486980116 3.5027258774 2.7789387206 
 3.9241176295 3.1531354845 2.4971150823 
 3.5140129027 2.8171801177 2.2273520053 
 3.1238804094 2.4990784530 1.9728486803 
 2.7581897109 2.2021700555 1.7360794422 
 2.4203041633 1.9288819315 1.5187856918 
 