5.2181658257 4.4045019880 3.6604913676 
 4.6144437567 3.8783198902 3.2116346429 
 4.0602377494 3.3986850822 2.8048796767 
 3.5598479319 2.9683120169 2.4417832190 
 3.1155765367 2.5882813712 2.1226051929 
 2.7279983164 2.2583104706 1.8465557551 
 2.3963178186 1.9770749204 1.6120702918 
 2.1187655000 1.7425463762 1.4170878164 
 1.8929933767 1.5523193717 1.2593145943 
 1.7164420064 1.4039087072 1.1364609501 
 1.5866608383 1.2950060935 1.0464440286 
 1.5015715538 1.2236897122 0.9875524932 
 1.4596686874 1.1885832238 0.9585709867 
 1.4601542746 1.1889622030 0.9588631564 
 1.5030046249 1.2248067994 0.9884126060 
 1.5889683959 1.2968001162 1.0478215622 
 1.7194962701 1.4062725484 1.1382674464 
 1.8966036471 1.5550930611 1.2614179377 
 2.1226687952 1.7455090425 1.4193055060 
 2.4001702022 1.9799371384 1.6141629227 
 2.7313692583 2.2607088729 1.8482221832 
 3.1179489516 2.5897776486 2.1234810630 
 3.5606266171 2.9683985335 2.4414446335 
 4.0587686183 3.3967991683 2.8028536970 
 4.6100453632 3.8738682926 3.2074179504 
 5.2101730984 4.3968958692 3.6535776693 
 5.8527905667 4.9614028262 4.1383220998 
 6.5295104393 5.5610962281 4.6570934828 
 7.2301661243 6.1879753380 5.2038009862 
 7.9432461375 6.8325957174 5.7709581245 
 8.6564763201 7.4844749641 6.3499415094 
 9.3574827141 8.1325999591 6.9313507807 
 10.0344524271 8.7659774728 7.5054332751 
 10.6767107602 9.3741625067 8.0625263993 
 11.2751497954 9.9477037854 8.5934684873 
 11.8224715074 10.4784618242 9.0899356191 
 12.3132397499 10.9597775824 9.5446756223 
 12.7437628700 11.3864932988 9.9516278091 
 13.1118474121 11.7548468126 10.3059340696 
 13.4164718422 12.0622735587 10.6038606207 
 13.6574287489 12.3071558474 10.8426582879 
 13.8349774628 12.4885581335 11.0203924414 
 13.9495396823 12.6059818443 11.1357724808 
 14.0014611010 12.6591661082 11.1880064301 
 13.9908537722 12.6479530683 11.1767001170 
 13.9175275457 12.5722292824 11.1018135662 
 13.7810140744 12.4319481899 10.9636801719 
 13.5806827916 12.2272324577 10.7630870932 
 13.3159438556 11.9585486423 10.5014081151 
 12.9865273499 11.6269395462 10.1807729904 
 12.5928204058 11.2342918101 9.8042503657 
 12.1362344260 10.7836082163 9.3760156287 
 11.6195642895 10.2792472252 8.9014716545 
 11.0472924741 9.7270884780 8.3872910067 
 10.4257865665 9.1345847298 7.8413539711 
 9.7633420413 8.5106698177 7.2725683264 
 9.0700359295 7.8655092596 6.6905730659 
 8.3573811964 7.2101031436 6.1053468129 
 7.6378030338 6.5557759170 5.5267586138 
 6.9239903260 5.9136087848 4.9641100808 
 6.2282000877 5.2938821101 4.4257205018 
 5.5616026630 4.7055941023 3.9185997124 
 4.9337477762 4.1561083418 3.4482389769 
 4.3522082970 3.6509600806 3.0185315475 
 3.8224264550 3.1938257106 2.6318163728 
 3.3477547775 2.7866373301 2.2890242956 
 2.9296586274 2.4298091950 1.9898980633 
 2.5680329617 2.1225364996 1.7332556632 
 2.2615830345 1.8631283443 1.5172695415 
 2.0082244969 1.6493432668 1.3397400331 
 1.8054686401 1.4787042900 1.1983477683 
 1.6507695575 1.3487785527 1.0908754322 
 1.5418191342 1.2574128007 1.0153933231 
 1.4767819813 1.2029199481 0.9704056856 
 1.4544659419 1.1842140346 0.9549561713 
 1.4744256192 1.2008919779 0.9686915178 
 1.5369975220 1.2532612333 1.0118830121 
 1.6432665170 1.3423131960 1.0854057132 
 1.7949644120 1.4696429363 1.1906758081 
 1.9943025600 1.6373165546 1.3295468639 
 2.2437414511 1.8476881105 1.5041661700 
 2.5457019336 2.1031690541 1.7167930296 
 2.9022259657 2.4059550285 1.9695821219 
 3.3146006065 2.7577185792 2.2643373983 
 3.7829675810 3.1592821289 2.6022457875 
 4.3059512167 3.6102932484 2.9836052552 
 4.8803473910 4.1089324007 3.4075678545 
 5.5009217124 4.6516895971 3.8719239006 
 6.1603626151 5.2332478901 4.3729563648 
 6.8494217317 5.8465057981 4.9053930099 
 7.5572499250 6.4827565760 5.4624763460 
 8.2719064618 7.1320210198 6.0361582337 
 8.9809879238 7.7835061518 6.6174087529 
 9.6723006881 8.4261403164 7.1966112214 
 10.3344926255 9.0491215974 7.7640011362 
 10.9575683211 9.6424147230 8.3100998776 
 11.5332349211 10.1971421062 8.8260960065 
 12.0550561307 10.7058343652 9.3041372758 
 12.5184221731 11.1625293998 9.7375123542 
 12.9203673237 11.5627314038 10.1207189212 
 13.2592806157 11.9032579818 10.4494306110 
 13.5345593834 12.1820129379 10.7203867283 
 13.7462516439 12.3977245952 10.9312347297 
 13.8947251237 12.5496863712 11.0803565004 
 13.9803910085 12.6375299908 11.1667066199 
 14.0035013906 12.6610541306 11.1896855179 
 13.9640319717 12.6201237878 11.1490638918 
 13.8616559769 12.5146487948 11.0449677712 
 13.6958108594 12.3446436091 10.8779265181 
 13.4658552689 12.1103643116 10.6489789010 
 13.1713088589 11.8125120966 10.3598251468 
 12.8121609610 11.4524851040 10.0130057228 
 12.3892256098 11.0326523808 9.6120810888 
 11.9045103473 10.5566159975 9.1617818223 
 11.3615562250 10.0294215633 8.6680967864 
 10.7656991202 9.4576758555 8.1382698817 
 10.1242012507 8.8495352603 7.5806843906 
 9.4462097540 8.2145415415 7.0046278646 
 8.7425179296 7.5633016222 6.4199482496 
 8.0251328776 6.9070326344 5.8366302493 
 7.3066859189 6.2570174128 5.2643357312 
 6.5997517850 5.6240329653 4.7119595426 
 5.9161610842 5.0178204606 4.1872503221 
 5.2663924617 4.4466580858 3.6965351581 
 4.6591154312 3.9170796632 3.2445700015 
 4.1009265130 3.4337571563 2.8345188081 
 3.5962879779 2.9995404045 2.4680476956 
 3.1476485481 2.6156279719 2.1455089566 
 2.7557048797 2.2818318995 1.8661847021 
 2.4197538238 1.9968966356 1.6285605811 
 2.1380869991 1.7588365679 1.4306045891 
 1.9083875677 1.5652644106 1.2700322923 
 1.7281001520 1.4136913138 1.1445459852 
 1.5947552158 1.3017869119 1.0520402402 
 1.5062370583 1.2275926693 0.9907696368 
 1.4609894400 1.1896848919 0.9594763905 
 1.4581554512 1.1872853076 0.9574766310 
 1.4976496367 1.2203179571 0.9847046531 
 1.5801614663 1.2894118338 1.0417148993 
 1.7070903643 1.3958494554 1.1296418343 
 1.8804136275 1.5414622907 1.2501182633 
 2.1024895921 1.7284746271 1.4051530447 
 2.3757996577 1.9592982089 1.5969696471 
 2.7026350479 2.2362812984 1.8278078907 
 3.0847385224 2.5614184641 2.0996929070 
 3.5229183913 2.9360320366 2.4141783405 
 4.0166618650 3.3604429479 2.7720753286 
 4.5637853344 3.8336567909 3.1731845764 
 5.1601675584 4.3530985584 3.6160548659 
 5.7996140149 4.9144339425 4.0977959350 
 6.4738933741 5.5115134478 4.6139747584 
 7.1729685999 6.1364659022 5.1586200855 
 7.8854173448 6.7799502024 5.7243498646 
 8.5990044175 7.4315508541 6.3026207752 
 9.3013409845 8.0802789434 6.8840811470 
 9.9805485253 8.7151215067 7.4589919708 
 10.6258451465 9.3255738418 8.0176695456 
 11.2279876361 9.9020933549 8.5509004025 
 11.7795298918 10.4364288022 9.0502851757 
 12.2748896403 10.9218010394 9.5084813782 
 12.7102432914 11.3529350848 9.9193322233 
 13.0832882576 11.7259634505 10.2778858434 
 13.3929213410 12.0382341686 10.5803232839 
 13.6388819305 12.2880629335 10.8238226545 
 13.8214026047 12.4744683105 11.0063904696 
 13.9409005034 12.5969240791 11.1266902912 
 13.9977331883 12.6551556577 11.1838946492 
 13.9920343210 12.6489998870 11.1775802298 
 13.9236379346 12.5783402146 11.1076795090 
 13.7920951407 12.4431227573 10.9744949540 
 13.5967829913 12.2434525353 10.7787747977 
 13.3371008677 11.9797628353 10.5218421971 
 13.0127441926 11.6530436586 10.2057623524 
 12.6240377934 11.2651074307 9.8335252093 
 12.1723018850 10.8188620606 9.4092154709 
 11.6602133425 10.3185543394 8.9381380490 
 11.0921157889 9.7699425505 8.4268673053 
 10.4742270918 9.1803583907 7.8831938164 
 9.8146955511 8.5586268237 7.3159534869 
 9.1234689597 7.9148288970 6.7347398416 
 8.4119641649 7.2599152603 6.1495187958 
 7.6925557752 6.6052031058 5.5701824124 
 6.9779349347 5.9618108589 5.0060900032 
 6.2804144800 5.3400975124 4.4656483057 
 5.6112680889 4.7491734253 3.9559763541 
 4.9801846973 4.1965365664 3.4826866077 
 4.3948972517 3.6878660725 3.0497954846 
 3.8610131397 3.2269794529 2.6597580813 
 3.3820409229 2.8159369010 2.3136073222 
 2.9595818596 2.4552603741 2.0111692639 
 2.5936395357 2.1442280913 1.7513240238 
 2.2829972141 1.8812059873 1.5322845380 
 2.0256177031 1.6639838935 1.3518709878 
 1.8190306358 1.4900927276 1.2077651810 
 1.6606831245 1.3570871921 1.0977348799 
 1.5482390988 1.2627848596 1.0198222672 
 1.4798190676 1.2054566247 0.9724933759 
 1.4541757377 1.1839657353 0.9547467595 
 1.4708028340 1.1978537354 0.9661804508 
 1.5299756344 1.2473723826 1.0070167399 
 1.6327228195 1.3334613147 1.0780847181 
 1.7807303745 1.4576719971 1.1807609287 
 1.9761793500 1.6220391862 1.3168688561 
 2.2215203527 1.8289018043 1.4885384084 
 2.5191892282 2.0806760508 1.6980271814 
 2.8712714919 2.3795854075 1.9475064920 
 3.2791286445 2.7273557048 2.2388174077 
 3.7430079240 3.1248890599 2.5732056812 
 4.2616674287 3.5719380585 2.9510496727 
 4.8320585578 4.0668097305 3.3716013990 
 5.4491137810 4.6061353821 3.8327664631 
 6.1056859753 5.1847443170 4.3309518501 
 6.7926731560 5.7956742964 4.8610094308 
 7.4993392153 6.4303380658 5.4162960558 
 8.2138107264 7.0788445068 5.9888583014 
 8.9236986928 7.7304486990 6.5697329302 
 9.6167704496 8.3740829453 7.1493362958 
 10.2815874259 8.9989063814 7.7179013884 
 10.9080318283 9.5948080312 8.2659136129 
 11.4876671663 10.1528077504 8.7844976701 
 12.0139076303 10.6653186200 9.2657176076 
 12.4820018821 11.1262579635 9.7027676613 
 12.8888612936 11.5310167406 10.0900491683 
 13.2327774835 11.8763143982 10.4231448923 
 13.5130787939 12.1599762543 10.6987139562 
 13.7297722015 12.3806733053 10.9143370730 
 13.8832092059 12.5376615677 11.0683431701 
 13.9738045460 12.6305518993 11.1596459221 
 14.0018273899 12.6591337081 11.1876135680 
 13.9672770799 12.6232684110 11.1519889183 
 13.8698497773 12.5228615860 11.0528694941 
 13.7089979097 12.3579164294 10.8907506456 
 13.4840802280 12.1286649449 10.6666273529 
 13.1945954773 11.8357666954 10.3821431797 
 12.8404862846 11.4805575706 10.0397676829 
 12.4224914767 11.0653229980 9.6429769877 
 11.9425150621 10.5935621838 9.1964072260 
 11.4039700239 10.0702039686 8.7059485102 
 10.8120474455 9.5017329414 8.1787495840 
 10.1738596738 8.8961888665 7.6231113083 
 9.4984134074 8.2630146808 7.0482606943 
 8.7963864991 7.6127479793 6.4640147322 
 8.0797097890 6.9565752885 5.8803616600 
 7.3609878204 6.3057925948 5.3070025296 
 6.6528224156 5.6712336513 4.7529041459 
 5.9671227007 5.0627345770 4.2259134212 
 5.3144884607 4.4886970823 3.7324730760 
 4.7037395152 3.9557949207 3.2774620241 
 4.1416362178 3.4688436882 2.8641648546 
 3.6328029355 3.0308290995 2.4943578324 
 3.1798359037 2.6430688670 2.1684869343 
 2.7835554750 2.3054715278 1.8859078807 
 2.4433530560 2.0168524329 1.6451583991 
 2.1575838646 1.7752708430 1.4442373022 
 1.9239646206 1.5783597239 1.2808712066 
 1.7399462469 1.4236284758 1.1527559705 
 1.6030421850 1.3087263185 1.0577649839 
 1.5111009765 1.2316593766 0.9941198962 
 1.4625168494 1.1909576645 0.9605213933 
 1.4563747764 1.1857897880 0.9562387118 
 1.4925279295 1.2160240517 0.9811571808 
 1.5716065362 1.2822353520 1.0357835152 
 1.6949582609 1.3856579812 1.1212089919 
 1.8645213553 1.5280852077 1.2390310271 
 2.0826328544 1.7117171681 1.3912340735 
 2.3517753043 1.9389593253 1.5800312357 
 2.6742676541 2.2121750046 1.8076688509 
 3.0519100850 2.5333980300 2.0761978907 
 3.4855994526 2.9040159545 2.3872189156 
 3.9749415365 3.3244409881 2.7416117035 
 4.5178968785 3.7937937996 3.1392663792 
 5.1105056758 4.3096331141 3.5788389249 
 5.7467401045 4.8677688090 4.0575587358 
 6.4185260013 5.4621951565 4.5711173251 
 7.1159582545 6.0851718604 5.1136635766 
 7.8277070170 6.7274633826 5.6779211877 
 8.5415800316 7.3787240650 6.2554288857 
 9.2451776537 8.0279924810 6.8368861281 
 9.9265593777 8.6642391640 7.4125701735 
 10.5748389061 9.2769024983 7.9727786959 
 11.1806394063 9.8563506199 8.5082484990 
 11.7363671836 10.3942216675 9.0105062420 
 12.2362932381 10.8836166088 9.4721198960 
 12.6764605868 11.3191426414 9.8868366647 
 13.0544554910 11.6968257289 10.2496104335 
 13.3690908017 12.0139248976 10.5565361712 
 13.6200504170 12.2686874812 10.8047181414 
 13.8075380791 12.4600844824 10.9921028385 
 13.9319646465 12.5875606090 11.1173069569 
 13.9936982985 12.6508265287 11.1794667759 
 13.9928935991 12.6497132156 11.1781294568 
 13.9294086528 12.5841009797 11.1131999774 
 13.8028145416 12.4539291490 10.9849503832 
 13.6124970788 12.2592861823 10.7940909166 
 13.3578466184 12.0005736784 10.5418954013 
 13.0385262086 11.6787308111 10.2303660197 
 12.6548010631 11.2954979913 9.8624156237 
 12.2079030927 10.8536904593 9.4420397066 
 11.7003939600 10.3574452756 8.9744463360 
 11.1364807881 9.8124007514 8.4661122280 
 10.5222332831 9.2257680983 7.9247380843 
 9.8656530204 8.6062629884 7.3590869798 
 9.1765577090 7.9638805412 6.7787052674 
 8.4662659322 7.3095195808 6.1935438665 
 7.7470984788 6.6544869921 5.6135152400 
 7.0317448221 6.0099350783 5.0480337604 
 6.3325695112 5.3862982417 4.5055912534 
 5.6609457960 4.7927962688 3.9934141087 
 5.0266988439 4.2370595597 3.5172347999 
 4.4377197490 3.7249100703 3.0811924333 
 3.8997802592 3.2603062433 2.6878584267 
 3.4165452175 2.8454369474 2.3383684968 
 2.9897528715 2.4809330091 2.0326331156 
 2.6195171329 2.1661572356 1.7695958919 
 2.3047013334 1.8995341831 1.5475117487 
 2.0433176648 1.6788868507 1.3642222554 
 1.8329163440 1.5017559151 1.2174119197 
 1.6709396572 1.3656854288 1.1048350394 
 1.5550255707 1.2684654501 1.0245070422 
 1.4832522601 1.2083263447 0.9748569839 
 1.4543187853 1.1840818487 0.9548394003 
 1.4676591440 1.1952191600 0.9640045133 
 1.5234881366 1.2419350680 1.0025262922 
 1.6227785529 1.3251178366 1.0711882808 
 1.7671703300 1.4462753142 1.1713275027 
 1.9588134067 1.6074104524 1.3047371444 
 2.2001470530 1.8108460731 1.4735291317 
 2.4936199686 2.0590016113 1.6799583234 
 2.8413583836 2.3541262967 1.9262111841 
 3.2447947552 2.6979965879 2.2141639368 
 3.7042778545 3.0915911494 2.5451187605 
 4.2186953364 3.5347641001 2.9195316596 
 4.7851500356 4.0259454614 3.3367516644 
 5.3987377533 4.5619044786 3.7947967252 
 6.0524732639 5.1376139126 4.2901951647 
 6.7373997445 5.7462488534 4.8179208073 
 7.4428943931 6.3793407278 5.3714434328 
 8.1571528161 7.0270868817 5.9429038003 
 8.8678033536 7.6787919302 6.5234057229 
 9.5625779734 8.3233944749 7.1033997611 
 10.2299555997 8.9500175585 7.6731181700 
 10.8596997857 9.5484774952 8.2230124909 
 11.4432335540 10.1096943739 8.7441457448 
 11.9738239375 10.6259660723 9.2285002850 
 12.4465795343 11.0910910715 9.6691775914 
 12.8582895095 11.5003481994 10.0604839130 
 13.2071480960 11.8503592686 10.3979119659 
 13.4924141804 12.1388711680 10.6780411344 
 13.7140529242 12.3644972988 10.8983855432 
 13.8723986821 12.5264558289 11.0572211423 
 13.9678688346 12.6243362668 11.1534206265 
 14.0007488496 12.6579183614 11.1863200257 
 13.9710611823 12.6270597640 11.1556344000 
 13.8785247500 12.5316619095 11.0614331309 
 13.7226072046 12.3717172091 10.9041782075 
 13.5026681381 12.1474344673 10.6848217682 
 13.2181866412 11.8594328879 10.4049519288 
 12.8690603766 11.5089877189 10.0669687435 
 12.4559550918 11.0983025899 9.6742654794 
 11.9806736012 10.6307756960 9.2313852061 
 11.4465031132 10.1112207646 8.7441203932 
 10.8584918540 9.5460014065 8.2195252875 
 10.2236035600 8.9430413098 7.6658184114 
 9.5507048081 8.3116843211 7.0921656890 
 8.8503572359 7.6623976099 6.5083520229 
 8.1344135979 7.0063352779 5.9243676072 
 7.4154489941 6.3548041594 5.3499508643 
 6.7060891984 5.7186922812 4.7941387497 
 6.0183186867 5.1079284067 4.2648748752 
 5.3628556135 4.5310359105 3.7687164225 
 4.7486680561 3.9948272497 3.3106645939 
 4.1826790508 3.5042611253 2.8941244444 
 3.6696748257 3.0624592643 2.5209826771 
 3.2123997068 2.6708592224 2.1917796149 
 2.8117989594 2.3294671482 1.9059455205 
 2.4673602062 2.0371706950 1.6620713167 
 2.1775041979 1.7920755669 1.4581878628 
 1.9399832820 1.5918366410 1.2920341211 
 1.7522567929 1.4339632588 1.1613008403 
 1.6118232306 1.3160859074 1.0638415619 
 1.5164973707 1.2361770060 0.9978463223 
 1.4646257499 1.1927218218 0.9619755476 
 1.4552368418 1.1848372401 0.9554527674 
 1.4881237582 1.2123370245 0.9781153999 
 1.5638583963 1.2757428896 1.0304233003 
 1.6837370668 1.3762414532 1.1134251711 
 1.8496587626 1.5155878780 1.2286833241 
 2.0639382632 1.6959576847 1.3781576772 
 2.3290574475 1.9197489281 1.5640503420 
 2.6473602209 2.1893381105 1.7886129572 
 3.0207004183 2.5067956025 2.0539204651 
 3.4500587227 2.8735706359 2.3616177818 
 3.9351539894 3.2901623989 2.7126500958 
 4.4740849638 3.7558017663 3.1069931460 
 5.0630473407 4.2681760559 3.5434059174 
 5.6961746123 4.8232343204 4.0192331378 
 6.3655455177 5.4151101645 4.5302867334 
 7.0613841895 6.0361907362 5.0708321396 
 7.7724524609 6.6773439613 5.6336960722 
 8.4866020754 7.3282934149 6.2104976451 
 9.1914253018 7.9781060267 6.7919869439 
 9.8749236023 8.6157379572 7.3684581061 
 10.5261109210 9.2305737233 7.9301917255 
 11.1354816030 9.8128957437 8.4678770945 
 11.6952988535 10.3542351985 8.9729694842 
 12.1996908103 10.8475765998 9.4379499987 
 12.6445701554 11.2874122957 9.8564723610 
 13.0274142022 11.6696640857 10.2233984301 
 13.3469532494 11.9915037532 10.5347389252 
 13.6028164097 12.2511114525 10.7875256798 
 13.7951787449 12.4474113130 10.9796462062 
 13.9244445962 12.5798192855 11.1096710647 
 13.9909922882 12.6480313567 11.1767008069 
 13.9949967304 12.6518725949 11.1802534863 
 13.9363396006 12.5912201525 11.1202069972 
 13.8146116434 12.4660066850 10.9968034669 
 13.6292074306 12.2763044383 10.8107158107 
 13.3795086805 12.0224839672 10.5631693821 
 13.0651468993 11.7054345787 10.2561044063 
 12.6863289495 11.3268259105 9.8923578513 
 12.2442000476 10.8893819590 9.4758372657 
 11.7412084367 10.3971315072 9.0116550638 
 11.1814264816 9.8555941786 8.5061912820 
 10.5707771387 9.2718616081 7.9670573530 
 9.9171160694 8.6545405337 7.4029436705 
 9.2301309015 8.0135398569 6.8233490816 
 8.5210410716 7.3597056483 6.2382087449 
 7.8021118598 6.7043330472 5.6574544566 
 7.0860288117 6.0586065063 5.0905544567 
 6.3852057076 5.4330340893 4.5460845273 
 5.7111130420 4.8369434977 4.0313775041 
 5.0737103667 4.2780964832 3.5522852955 
 4.4810457726 3.7624572785 3.1130694881 
 3.9390549934 3.2941252649 2.7164179716 
 3.4515595109 2.8754184774 2.3635697089 
 3.0204355272 2.5070774860 2.0545202751 
 2.6459086909 2.1885508328 1.7882776240 
 2.3269241066 1.9183230195 1.5631396330 
 2.0615452220 1.6942516452 1.3769703078 
 1.8473447916 1.5138886416 1.2274579638 
 1.6817622508 1.3747689426 1.1123445907 
 1.5624115527 1.2746566336 1.0296200531 
 1.4873304154 1.2117430724 0.9776776375 
 1.4551659891 1.1847939383 0.9554290535 
 1.4652940635 1.1932434123 0.9623778455 
 1.5178701631 1.2372344420 0.9986506771 
 1.6138119565 1.3176047502 1.0649863720 
 1.7547135410 1.4358190030 1.1626829885 
 1.9426932488 1.5938482664 1.2935036011 
 2.1801776665 1.7939985394 1.4595418662 
 2.4696260090 2.0386910023 1.6630490377 
 2.8132017858 2.3301982638 1.9062251781 
 3.2124038450 2.6703440961 2.1909793583 
 3.6676768799 3.0601794570 2.5186670848 
 4.1780316783 3.4996549169 2.8898181565 
 4.7407156742 3.9873178185 3.3038741419 
 5.3509812938 4.5200694515 3.7589604659 
 6.0019992557 5.0930203774 4.2517218326 
 6.6849533050 5.6994780951 4.7772493539 
 7.3893311879 6.3310889878 5.3291217430 
 8.1033968773 6.9781366692 5.8995709470 
 8.8147974522 7.6299747739 6.4797660569 
 9.5112327014 8.2755493049 7.0601913705 
 10.1811035356 8.9039496879 7.6310791682 
 10.8140600749 9.5049229923 8.1828489175 
 11.4013902361 10.0692935589 8.7065044900 
 11.9362189639 10.5892482104 9.1939494975 
 12.4135192138 11.0584705140 9.6381957342 
 12.8299615257 11.4721306247 10.0334572990 
 13.1836454306 11.8267555686 10.3751394896 
 13.4737621818 12.1200159944 10.6597441693 
 13.7002361885 12.3504692650 10.8847206492 
 13.8633851037 12.5172967052 11.0482932560 
 13.9636289280 12.6200670385 11.1492947010 
 14.0012691032 12.6585506082 11.1870295320 
 13.9763507237 12.6326013764 11.1611856177 
 13.8886149891 12.5421166656 11.0718046916 
 13.7375444376 12.3870782037 10.9193158976 
 13.5224994137 12.1676718636 10.7046291410 
 13.2429395951 11.8844769827 10.4292778291 
 12.8987182881 11.5387088990 10.0955933819 
 12.4904291083 11.1324903752 9.7068871616 
 12.0197748665 10.6691196274 9.2676101282 
 11.4899182607 10.1532962588 8.7834579506 
 10.9057657775 9.5912636772 8.2613909912 
 10.2741332695 8.9908298934 7.7095457225 
 9.6037473229 8.3612395726 7.1370268982 
 8.9050527744 7.7128888477 6.5535868936 
 8.1898230067 7.0568983348 5.9692171485 
 7.4706018470 6.4045843705 5.3936926099 
 6.7600369271 5.7668878482 4.8361195614 
 6.0701860490 5.1538289396 4.3045376597 
 5.4118840980 4.5740518100 3.8056181652 
 4.7942463847 4.0345072209 3.3444845045 
 4.2243583209 3.5402970787 2.9246624454 
 3.7071683875 3.0946796709 2.5481496358 
 3.2455699787 2.6992132943 2.2155814426 
 2.8406346766 2.3540028439 1.9264634924 
 2.4919479917 2.0580095474 1.6794407935 
 2.1979980120 1.8093868883 1.4725771793 
 1.9565745588 1.6058130115 1.3036249055 
 1.7651472083 1.4447985558 1.1702705772 
 1.6212012979 1.3239566175 1.0703488693 
 1.5225195343 1.2412272248 1.0020191972 
 1.4674023357 1.1950521570 0.9639027124 
 1.4548230690 1.1844977421 0.9551781864 
 1.4845159195 1.2093242105 0.9756359958 
 1.5569952358 1.2700008734 1.0256898679 
 1.6735062942 1.3676671350 1.1063464545 
 1.8359085624 1.5040400929 1.2191331956 
 2.0464935790 1.6812701618 1.3659853236 
 2.3077407164 1.9017468480 1.5490933226 
 2.6220160277 2.1678579310 1.7707129183 
 2.9912231581 2.4817075826 2.0329411442 
 3.4164217611 2.8448030944 2.3374646779 
 3.8974380481 3.2577261949 2.6852908107 
 4.4325026865 3.7198128742 3.0764769545 
 5.0179604754 4.2288735878 3.5098806906 
 5.6481002742 4.7809911373 3.9829574652 
 6.3151488086 5.3704335225 4.4916351242 
 7.0094560884 5.9897113408 5.0302916403 
 7.7198741508 6.6297933042 5.5918535476 
 8.4342992529 7.2804710833 6.1680182197 
 9.1403179168 7.9308403972 6.7495854506 
 9.8258773564 8.5698448775 7.3268665388 
 10.4798964671 9.1868181146 7.8901263393 
 11.0927458556 9.7719604492 8.4300087929 
 11.6565505933 10.3167000279 8.9379004666 
 12.1653004275 10.8139087548 9.4061985074 
 12.6147814488 11.2579676231 9.8284660355 
 13.0023649366 11.6446972356 10.1994755339 
 13.3267007261 11.9711844962 10.5151557709 
 13.5873644864 12.2355441412 10.7724680416 
 13.7845033156 12.4366546425 10.9692423625 
 13.9185152701 12.5739039578 11.1040042842 
 13.9897887150 12.6469738176 11.1758194638 
 13.9985186059 12.6556835890 11.1841774728 
 13.9446098333 12.5999073664 11.1289296296 
 13.8276725041 12.4795712338 11.0102886116 
 13.6471098098 12.2947314100 10.8288905007 
 13.4022949310 12.0457277358 10.5859127355 
 13.0928282030 11.7334001426 10.2832342067 
 12.7188587683 11.3593481212 9.9236166578 
 12.2814459665 10.9262051108 9.5108803225 
 11.7829254885 10.4378922443 9.0500424710 
 11.2272356699 9.8998108815 8.5473867524 
 10.6201530973 9.3189331583 8.0104353234 
 9.9693873565 8.7037565083 7.4478055529 
 9.2844951756 8.0641027654 6.8689481217 
 8.5765953668 7.4107639847 6.2837815367 
 7.8578957072 6.7550220437 5.7022559443 
 7.1410755646 6.1080919993 5.1338925417 
 6.4385957830 5.4805542428 4.5873503833 
 5.7620223451 4.8818434751 4.0700684034 
 5.1214480961 4.3198524278 3.5880179840 
 4.5250778240 3.8006878111 3.1455836010 
 3.9790117263 3.3285906591 2.7455703268 
 3.4872290576 2.9060092783 2.3893212898 
 3.0517455728 2.5337953329 2.0769181969 
 2.6729005207 2.2114845605 1.8074344035 
 2.3497227314 1.9376228725 1.5792117698 
 2.0803288243 1.7101038696 1.3901377071 
 1.8623158940 1.5264920442 1.2379052401 
 1.6931221744 1.3843144086 1.1202448853 
 1.5703390809 1.2813101613 1.0351217153 
 1.4919651575 1.2156326176 0.9808939518 
 1.4565967089 1.1860002286 0.9564311069 
 1.4635521200 1.1917948195 0.9611905767 
 1.5129281281 1.2331059470 0.9952521189 
 1.6055873885 1.3107209814 1.0593100631 
 1.7430778106 1.4260612698 1.1546235054 
 1.9274852327 1.5810654601 1.2829251271 
 2.1612220440 1.7780217243 1.4462896866 
 2.4467557577 2.0193514384 1.6469637914 
 2.7862841947 2.3073484370 1.8871595909 
 3.1813688892 2.6438810274 2.1688169872 
 3.6325461182 3.0300690948 2.4933422948 
 4.1389450512 3.4659558277 2.8613361411 
 4.6979528944 3.9502018031 3.2723293461 
 5.3049742258 4.4798363141 3.7245513961 
 5.9533320521 5.0501040823 4.2147600870 
 6.6343482629 5.6544421328 4.7381609298 
 7.3376202418 6.2846099777 5.2884393453 
 8.0514810094 6.9309769003 5.8579171032 
 8.7635985171 7.5829462014 6.4378281671 
 9.4616436260 8.2294730307 7.0186911050 
 10.1339431534 8.8596157633 7.5907395624 
 10.7700378984 9.4630552661 8.1443628636 
 11.3610845604 10.0305232962 8.6705079975 
 11.9000693595 10.5540986112 9.1610021878 
 12.3818322811 11.0273524676 9.6087697779 
 12.8029271813 11.4453484516 10.0079346900 
 13.1613601489 11.8045203809 10.3538164401 
 13.4562554932 12.1024637580 10.6428406574 
 13.6874971249 12.3376805994 10.8723928073 
 13.8553859540 12.5093157797 11.0406463028 
 13.9603443945 12.6169174388 11.1463943987 
 14.0026896068 12.6602466263 11.1889105813 
 13.9824891186 12.6391537260 11.1678559117 
 13.8995063375 12.5535321298 11.0832448780 
 13.7532388061 12.4033531844 10.9354742331 
 13.5430479686 12.1887802749 10.7254121640 
 13.2683746699 11.9103534455 10.4545379207 
 12.9290286321 11.5692287729 10.1251148227 
 12.5255322125 11.1674487819 9.7403727583 
 12.0594890463 10.7082121887 9.3046708057 
 11.5339379138 10.1961046485 8.8236077528 
 10.9536437059 9.6372490963 8.3040496117 
 10.3252738983 9.0393370474 7.7540499221 
 9.6574138350 8.4115125972 7.1826510044 
 8.9603895459 7.7640989645 6.5995711790 
 8.2458924300 7.1081811007 6.0148015144 
 7.5264321157 6.4550826316 5.4381519869 
 6.8146752338 5.8157953665 4.8787970360 
 6.1227505166 5.2004294618 4.3448716692 
 5.4616079698 4.6177491523 3.8431610849 
 4.8405094942 4.0748435456 3.3789113377 
 4.2667032185 3.5769584971 2.9557697711 
 3.7453010704 3.1274901518 2.5758461688 
 3.2793473289 2.7281192022 2.2398723125 
 2.8700420670 2.3790511024 1.9474306069 
 2.5170709645 2.0793224574 1.6972214974 
 2.2189916436 1.8271362030 1.4873430106 
 1.9736333814 1.6201952229 1.3155617451 
 1.7784776922 1.4560126880 1.1795610296 
 1.6309981319 1.3321852947 1.0771573571 
 1.5289463932 1.2466214276 1.0064800286 
 1.4705775034 1.1977198827 0.9661112534 
 1.4548101146 1.1844966908 0.9551852031 
 1.4813195338 1.2066585567 0.9734451906 
 1.5505622510 1.2646221331 1.0212586054 
 1.6637318270 1.3594790791 1.0995896387 
 1.8226471351 1.4929076048 1.2099302335 
 2.0295750022 1.6670318892 1.3541900806 
 2.2869904132 1.8842314403 1.5345469351 
 2.5972792905 2.1469035425 1.7532592554 
 2.9623924633 2.4571840959 2.0124445647 
 3.3834656931 2.8166361396 2.3138294868 
 3.8604296324 3.2259215054 2.6584814550 
 4.3916441623 3.6844789120 3.0465375605 
 4.9736009945 4.1902398409 3.4769521086 
 5.6007429943 4.7394192558 3.9472896972 
 6.2654445933 5.3264187176 4.4535930168 
 6.9581825990 5.9438723519 4.9903521484 
 7.6679013174 6.5828506905 5.5505937479 
 8.3825444888 7.2332153902 6.1260944752 
 9.0896963769 7.8840934796 6.7077054730 
 9.7772535036 8.5244188911 7.2857572552 
 10.4340429125 9.1434770834 7.8505011616 
 11.0503139894 9.7313887716 8.3925379208 
 11.6180553375 10.2794809633 8.9031872426 
 12.1311191104 10.7805141907 9.3747637344 
 12.5851648434 11.2287586815 9.8007408498 
 12.9774572434 11.6199338838 10.1758021764 
 13.3065647853 11.9510414683 10.4957946417 
 13.5720086486 12.2201301726 10.7576088602 
 13.7739069488 12.4260321657 10.9590170862 
 13.9126506026 12.5681068384 11.0984995878 
 13.9886374203 12.6460212682 11.1750869454 
 14.0020821300 12.6595889696 11.1882402260 
 13.9529129159 12.6086811126 11.1377843425 
 13.8407596900 12.4932176309 11.0239028889 
 13.6650350508 12.3132393986 10.8471956408 
 13.4251047222 12.0690564194 10.6087927414 
 13.1205391558 11.7614602173 10.3105123546 
 12.7514311315 11.3919810523 9.9550414649 
 12.3187553535 10.9631624925 9.5461131678 
 11.8247358581 10.4788182839 9.0886493371 
 11.2731772587 9.9442311806 8.5888364431 
 10.6697092616 9.3662527399 8.0541059876 
 10.0218938987 8.7532692319 7.4930003853 
 9.3391545284 8.1150128651 6.9149198044 
 8.6325060256 7.4622186339 6.3297635585 
 7.9140948228 6.8061519448 5.7474976845 
 7.1965901905 6.1580554643 5.1776942409 
 6.4924965296 5.5285794956 4.6290940604 
 5.8134726594 4.9272641778 4.1092414302 
 5.1697432170 4.3621326531 3.6242272420 
 4.5696694353 3.8394345165 3.1785596066 
 4.0195168790 3.3635536882 2.7751620795 
 3.5234243849 2.9370705708 2.4154836112 
 3.0835496535 2.5609500714 2.0996938534 
 2.7003481733 2.2348173471 1.8269333574 
 2.3729351003 1.9572818207 1.5955896085 
 2.0994825749 1.7262749343 1.4035748281 
 1.8776139962 1.5393752397 1.2485878689 
 1.7047679083 1.3941029490 1.1283485870 
 1.5785142244 1.2881731078 1.0407977680 
 1.4968128750 1.2197013434 0.9842587734 
 1.4582094212 1.1873588669 0.9575588328 
 1.4619645101 1.1904747882 0.9601088369 
 1.5081153553 1.2290845922 0.9919410258 
 1.5974685009 1.3039243249 1.0537043935 
 1.7315242585 1.4163707896 1.1466180294 
 1.9123343102 1.5683287840 1.2723830082 
 2.1422950030 1.7620670650 1.4330538453 
 2.4238802069 2.0000055235 1.6308710730 
 2.7593201303 2.2844575288 1.8680574744 
 3.1502372397 2.6173343301 2.1465823837 
 3.5972580098 2.9998233888 2.4679016829 
 4.0996292072 3.4320595792 2.8326858743 
 4.6548778712 3.9128163947 3.2405545128 
 5.2585618441 4.4392516125 3.6898412172 
 5.9041586916 5.0067455261 4.1774176613 
 6.5831318299 5.6088670614 4.6986053240 
 7.2851925391 6.2374920925 5.2471986608 
 7.9987476121 6.8830794146 5.8156122183 
 8.7114905320 7.5350860720 6.3951481757 
 9.4110672765 8.1824802370 6.9763627883 
 10.0857335331 8.8142924836 7.5494942169 
 10.7249223743 9.4201397696 8.1049042167 
 11.3196594339 9.9906624252 8.6334846713 
 11.8627910521 10.5178311514 9.1269872954 
 12.3490220753 10.9951038990 9.5782489869 
 12.7747868666 11.4174359379 9.9813027580 
 13.1379950114 11.7811656862 10.3313810786 
 13.4377009030 12.0838111716 10.6248317895 
 13.6737453396 12.3238168702 10.8589749020 
 13.8464104135 12.5002893560 11.0319314566 
 13.9561195238 12.6127548231 11.1424540957 
 14.0032048080 12.6609642298 11.1897844876 
 13.9877561668 12.6447641715 11.1735565689 
 13.9095597962 12.5640444573 11.0937576884 
 13.7681293913 12.4187668872 10.9507526726 
 13.5628291096 12.2090735637 10.7453686996 
 13.2930829031 11.9354666559 10.4790316632 
 12.9586589908 11.5990444117 10.1539374869 
 12.5600104612 11.2017703293 9.7732349885 
 12.0986433924 10.7467443595 9.3411912622 
 11.5774735907 10.2384382210 8.8633074395 
 11.0011243296 9.6828534653 8.3463536306 
 10.3761134978 9.0875631786 7.7982981136 
 9.7108827081 8.4616079649 7.2281177882 
 9.0156355094 7.8152344160 6.6454935111 
 8.3019767570 7.1594876613 6.0604124779 
 7.5823769159 6.5056944623 5.4827164660 
 6.8695168308 5.8648938693 4.9216454584 
 6.1755921357 5.2472832330 4.3854280692 
 5.5116651383 4.6617452197 3.8809626841 
 4.8871429683 4.1155068810 3.4136182127 
 4.3094365759 3.6139587614 2.9871646411 
 3.7838227027 3.1606365130 2.6038255770 
 3.3134987997 2.7573454743 2.2644312723 
 2.8997962361 2.4043941880 1.9686430895 
 2.5425038069 2.1008971611 1.7152190104 
 2.2402514425 1.8451090815 1.5022931211 
 1.9909102596 1.6347594975 1.3276478976 
 1.7919755708 1.4673655794 1.1889645378 
 1.6409104224 1.3405085931 1.0840420849 
 1.5354361617 1.2520657430 1.0109800419 
 1.4737625034 1.2003928148 0.9683215868 
 1.4547529116 1.1844550528 0.9551558202 
 1.4780228458 1.2039047294 0.9711781742 
 1.5439695498 1.2591045743 1.0167085815 
 1.6537331580 1.3510969547 1.0926674108 
 1.8090900308 1.4815194534 1.2005095713 
 2.0122802884 1.6524681845 1.3421175815 
 2.2657726075 1.8663108576 1.5196548342 
 2.5719711068 2.1254526254 1.7353809894 
 2.9328725795 2.4320598025 1.9914327559 
 3.3496883605 2.7877503675 2.2895757659 
 3.8224539470 3.1932661578 2.6309371857 
 4.3496600113 3.6481494383 3.0157340724 
 4.9279481014 4.1504546245 3.4430185940 
 5.5519194023 4.6965319366 3.9104666040 
 6.2141016123 5.2809207496 4.4142387386 
 6.9051047843 5.8963839342 4.9489412046 
 7.6139722649 6.5340996574 5.5077054998 
 8.3287016778 7.1840054665 6.0823926507 
 9.0368803464 7.8352651112 6.6639101576 
 9.7263577423 8.4768071873 7.2426122283 
 10.3858706599 9.0978719038 7.8087402202 
 11.0055467518 9.6885015205 8.3528539433 
 11.5772357364 10.2399213650 8.8662071706 
 12.0946482805 10.7447785595 9.3410315615 
 12.5533125449 11.1972294025 9.7707093630 
 12.9503814889 11.5928883503 10.1498329032 
 13.2843372075 11.9286677885 10.4741644382 
 13.5546419259 12.2025465966 10.7405209596 
 13.7613811421 12.4133072930 10.9466142170 
 13.9049359818 12.5602780833 11.0908768925 
 13.9857120885 12.6431096243 11.1723027822 
 14.0039433719 12.6616086982 11.1903234116 
 13.9595816711 12.6156435231 11.1447369196 
 13.8522779087 12.5051286158 11.0356980451 
 13.6814560011 12.3300908550 10.8637709495 
 13.4464766567 12.0908121804 10.6300394506 
 13.1468831982 11.7880376667 10.3362620050 
 12.7827148439 11.4232302045 9.9850516485 
 12.3548641930 10.9988449453 9.5800546757 
 11.8654455319 10.5185889814 9.1260971859 
 11.3181306701 9.9876261925 8.6292671987 
 10.7184020525 9.4126860949 8.0969033197 
 10.0736722791 8.8020410832 7.5374698535 
 9.3932279492 8.1653299015 6.9603125886 
 8.6879753121 7.5132258275 6.3753073984 
 7.9699939111 6.8569727851 5.7924319977 
 7.2519371308 6.2078362301 5.2213055600 
 6.5463475774 5.5765322780 4.6707477831 
 5.8649726057 4.9727035438 4.1484064738 
 5.2181658257 4.4045019880 3.6604913676 
 