3.5670262644 4.0232130407 4.5052276462 
 3.5270647881 3.9772592438 4.4525745133 
 3.4828344312 3.9261710237 4.3937975716 
 3.4355745571 3.8713907087 4.3305650579 
 3.3867199625 3.8145987065 4.2648332622 
 3.3378419339 3.7576438756 4.1987648172 
 3.2905807105 3.7024630175 4.1346333115 
 3.2465732765 3.6509942961 4.0747200842 
 3.2073806048 3.6050896780 4.0212094639 
 3.1744182998 3.5664312870 3.9760884953 
 3.1488941113 3.5364559762 3.9410564550 
 3.1317551360 3.5162915884 3.9174484014 
 3.1236468083 3.5067074643 3.9061758537 
 3.1248851068 3.5080809168 3.9076866367 
 3.1354428390 3.5203806886 3.9219450730 
 3.1549504052 3.5431678604 3.9484330557 
 3.1827110430 3.5756142128 3.9861720054 
 3.2177301500 3.6165375727 4.0337651759 
 3.2587578012 3.6644530958 4.0894590908 
 3.3043429788 3.7176387023 4.1512219889 
 3.3528973339 3.7742120041 4.2168360577 
 3.4027655665 3.8322151279 4.2839990563 
 3.4522988447 3.8897030091 4.3504298720 
 3.4999272313 3.9448301543 4.4139718477 
 3.5442269413 3.9959307227 4.4726875499 
 3.5839784972 4.0415871198 4.5249391377 
 3.6182124866 4.0806831486 4.5694496115 
 3.6462405894 4.1124390131 4.6053418468 
 3.6676707129 4.1364269754 4.6321542250 
 3.6824063087 4.1525680015 4.6498335833 
 3.6906310844 4.1611111293 4.6587078942 
 3.6927812448 4.1625983742 4.6594423396 
 3.6895080263 4.1578186798 4.6529831944 
 3.6816335830 4.1477546973 4.6404941468 
 3.6701032724 4.1335260708 4.6232894482 
 3.6559371274 4.1163325041 4.6027676999 
 3.6401828567 4.0973992898 4.5803492986 
 3.6238721807 4.0779272920 4.5574196925 
 3.6079817506 4.0590486851 4.5352797665 
 3.5933993855 4.0417891361 4.5151039460 
 3.5808959267 4.0270366151 4.4979060376 
 3.5711026874 4.0155166572 4.4845124341 
 3.5644942692 4.0077736852 4.4755420861 
 3.5613764219 4.0041579175 4.4713925850 
 3.5618786276 4.0048174181 4.4722317689 
 3.5659511646 4.0096949628 4.4779944296 
 3.5733665381 4.0185295709 4.4883839269 
 3.5837253085 4.0308627487 4.5028787741 
 3.5964664896 4.0460496783 4.5207445000 
 3.6108827925 4.0632757333 4.5410512935 
 3.6261410262 4.0815787725 4.5626980483 
 3.6413079218 4.0998776373 4.5844434285 
 3.6553814876 4.1170071195 4.6049444233 
 3.6673277381 4.1317593753 4.6228025505 
 3.6761222561 4.1429313241 4.6366173748 
 3.6807955717 4.1493770066 4.6450463543 
 3.6804808041 4.1500632239 4.6468692407 
 3.6744614720 4.1441260905 4.6410544075 
 3.6622168904 4.1309255017 4.6268236564 
 3.6434622368 4.1100940216 4.6037113760 
 3.6181802410 4.0815764690 4.5716135347 
 3.5866416204 4.0456565774 4.5308220023 
 3.5494118593 4.0029676179 4.4820402037 
 3.5073427250 3.9544847827 4.4263771450 
 3.4615479569 3.9014983865 4.3653183485 
 3.4133637586 3.8455684223 4.3006740548 
 3.3642959188 3.7884625268 4.2345069627 
 3.3159564415 3.7320807711 4.1690435316 
 3.2699933400 3.6783717197 4.1065742138 
 3.2280176584 3.6292447571 4.0493487416 
 3.1915318068 3.5864837425 3.9994727080 
 3.1618629674 3.5516666552 3.9588111950 
 3.1401047611 3.5260951693 3.9289042901 
 3.1270696574 3.5107372097 3.9108982071 
 3.1232539113 3.5061846459 3.9054945954 
 3.1288161786 3.5126275007 3.9129196557 
 3.1435704474 3.5298454193 3.9329139210 
 3.1669934990 3.5572166492 3.9647429851 
 3.1982467200 3.5937443223 4.0072289439 
 3.2362116536 3.6380993215 4.0588017247 
 3.2795381450 3.6886783654 4.1175686957 
 3.3267032881 3.7436751361 4.1813999484 
 3.3760786513 3.8011613573 4.2480254865 
 3.4260025463 3.8591738216 4.3151394064 
 3.4748535183 3.9158026311 4.3805052298 
 3.5211209135 3.9692755237 4.4420560722 
 3.5634684085 4.0180332265 4.4979834571 
 3.6007868164 4.0607913632 4.5468093793 
 3.6322332829 4.0965854951 4.5874375929 
 3.6572550594 4.1247972653 4.6191818908 
 3.6755972671 4.1451611612 4.6417710811 
 3.6872952668 4.1577529054 4.6553322042 
 3.6926533084 4.1629617514 4.6603550396 
 3.6922119248 4.1614498716 4.6576419807 
 3.6867070092 4.1541025248 4.6482478540 
 3.6770236677 4.1419727781 4.6334142533 
 3.6641478013 4.1262243111 4.6145025458 
 3.6491180161 4.1080753182 4.5929290150 
 3.6329799652 4.0887458797 4.5701047626 
 3.6167446704 4.0694104703 4.5473821292 
 3.6013518256 4.0511566119 4.5260085980 
 3.5876386049 4.0349501100 4.5070884870 
 3.5763141113 4.0216068734 4.4915522457 
 3.5679393346 4.0117710246 4.4801328578 
 3.5629123331 4.0058988547 4.4733487087 
 3.5614583065 4.0042481499 4.4714922784 
 3.5636242667 4.0068724910 4.4746241362 
 3.5692781198 4.0136202770 4.4825719185 
 3.5781121093 4.0241384093 4.4949342100 
 3.5896507227 4.0378807753 4.5110895086 
 3.6032632840 4.0541218382 4.5302106809 
 3.6181815368 4.0719757589 4.5512854758 
 3.6335225196 4.0904215031 4.5731437345 
 3.6483169401 4.1083343036 4.5944918646 
 3.6615430506 4.1245236275 4.6139549289 
 3.6721657019 4.1377774410 4.6301263009 
 3.6791798267 4.1469120642 4.6416242722 
 3.6816570944 4.1508262979 4.6471542759 
 3.6787939290 4.1485578260 4.6455745619 
 3.6699585603 4.1393392232 4.6359623073 
 3.6547343484 4.1226503153 4.6176763755 
 3.6329563730 4.0982632553 4.5904123723 
 3.6047382797 4.0662765895 4.5542454284 
 3.5704866855 4.0271348752 4.5096563731 
 3.5309010685 3.9816311066 4.4575377138 
 3.4869579920 3.9308902917 4.3991771009 
 3.4398796354 3.8763338998 4.3362176241 
 3.3910878247 3.8196264230 4.2705961849 
 3.3421458985 3.7626067659 4.2044630593 
 3.2946916903 3.7072084040 4.1400873583 
 3.2503655188 3.6553730731 4.0797541830 
 3.2107373072 3.6089630800 4.0256597337 
 3.1772368062 3.5696771614 3.9798104541 
 3.1510904401 3.5389742546 3.9439315863 
 3.1332676486 3.5180087177 3.9193894728 
 3.1244388797 3.5075796346 3.9071307893 
 3.1249467135 3.5080959813 3.9076408219 
 3.1347910186 3.5195587228 3.9209220303 
 3.1536285730 3.5415603452 3.9464934749 
 3.1807871856 3.5733018632 3.9834111509 
 3.2152939475 3.6136268721 4.0303087433 
 3.2559167707 3.6610716478 4.0854576407 
 3.3012177846 3.7139295758 4.1468441703 
 3.3496164653 3.7703273161 4.2122609192 
 3.3994596396 3.8283091842 4.2794078356 
 3.4490948304 3.8859253743 4.3459977252 
 3.4969429357 3.9413190560 4.4098600132 
 3.5415660601 3.9928071856 4.4690364351 
 3.5817265314 4.0389501781 4.5218627456 
 3.6164337434 4.0786064002 4.5670316189 
 3.6449764037 4.1109686702 4.6036335034 
 3.6669389319 4.1355814411 4.6311740861 
 3.6822019840 4.1523388887 4.6495689490 
 3.6909282361 4.1614655349 4.6591177075 
 3.6935354990 4.1634821537 4.6604612180 
 3.6906598922 4.1591604310 4.6545262313 
 3.6831121245 4.1494701520 4.6424621228 
 3.6718299422 4.1355226193 4.6255741250 
 3.6578295596 4.1185136154 4.6052569269 
 3.6421584540 4.0996686437 4.5829317277 
 3.6258513762 4.0801924936 4.5599889668 
 3.6098908683 4.0612244859 4.5377381095 
 3.5951730602 4.0438001300 4.5173651302 
 3.5824790744 4.0288194104 4.4998977511 
 3.5724520392 4.0170215512 4.4861780842 
 3.5655794916 4.0089658770 4.4768420934 
 3.5621808517 4.0050182973 4.4723052192 
 3.5623996447 4.0053429660 4.4727535683 
 3.5662002188 4.0098987763 4.4781402292 
 3.5733688333 4.0184405275 4.4881865027 
 3.5835191377 4.0305247923 4.5023880888 
 3.5961022036 4.0455207062 4.5200265190 
 3.6104213784 4.0626260504 4.5401863268 
 3.6256522739 4.0808890786 4.5617785693 
 3.6408681618 4.0992365190 4.5835713249 
 3.6550709029 4.1165080364 4.6042276562 
 3.6672272758 4.1314971585 4.6223512250 
 3.6763102001 4.1429982446 4.6365392739 
 3.6813438765 4.1498585194 4.6454420434 
 3.6814513343 4.1510335466 4.6478269151 
 3.6759023314 4.1456438286 4.6426447225 
 3.6641590593 4.1330295764 4.6290948391 
 3.6459167528 4.1128001889 4.6066849630 
 3.6211361607 4.0848747195 4.5752810937 
 3.5900649703 4.0495096877 4.5351431767 
 3.5532457371 4.0073110638 4.4869423595 
 3.5115086360 3.9592281407 4.4317567956 
 3.4659483831 3.9065282389 4.3710444028 
 3.4178858604 3.8507526613 4.3065927817 
 3.3688161791 3.7936558362 4.2404484187 
 3.3203459902 3.7371309710 4.1748290741 
 3.2741236475 3.6831265918 4.1120246362 
 3.2317662721 3.6335589499 4.0542925354 
 3.1947878170 3.5902253657 4.0037539711 
 3.1645319274 3.5547232224 3.9622967650 
 3.1421128376 3.5283786137 3.9314897659 
 3.1283668463 3.5121877701 3.9125126128 
 3.1238162069 3.5067734892 3.9061035276 
 3.1286466296 3.5123580020 3.9125268236 
 3.1426990720 3.5287530662 3.9315610402 
 3.1654760600 3.5553675731 3.9625080278 
 3.1961623943 3.5912324949 4.0042227909 
 3.2336596661 3.6350425008 4.0551633155 
 3.2766334847 3.6852129311 4.1134588424 
 3.3235716757 3.7399500222 4.1769940654 
 3.3728509879 3.7973313637 4.2435055794 
 3.4228091231 3.8553926508 4.3106857476 
 3.4718183042 3.9122160435 4.3762882045 
 3.5183562487 3.9660150167 4.4382286938 
 3.5610704159 4.0152106172 4.4946750144 
 3.5988317908 4.0584945888 4.5441205897 
 3.6307752432 4.0948758463 4.5854375104 
 3.6563245589 4.1237081501 4.6179066651 
 3.6752014542 4.1446983736 4.6412245135 
 3.6874191039 4.1578962638 4.6554879114 
 3.6932617788 4.1636678844 4.6611599359 
 3.6932530088 4.1626558730 4.6590207297 
 3.6881151874 4.1557301776 4.6501079207 
 3.6787237081 4.1439330553 4.6356512082 
 3.6660586087 4.1284218915 4.6170053173 
 3.6511563583 4.1104129048 4.5955848492 
 3.6350639302 4.0911281607 4.5728037182 
 3.6187967564 4.0717476195 4.5500210021 
 3.6033016051 4.0533672735 4.5284942288 
 3.5894249390 4.0369638530 4.5093404503 
 3.5778869173 4.0233661307 4.4935049503 
 3.5692609250 4.0132325486 4.4817371079 
 3.5639583534 4.0070347282 4.4745727776 
 3.5622182981 4.0050463891 4.4723225446 
 3.5641018768 4.0073372688 4.4750653171 
 3.5694909675 4.0137717792 4.4826469181 
 3.5780913094 4.0240123241 4.4946835795 
 3.5894400522 4.0375273970 4.5105704971 
 3.6029179739 4.0536047587 4.5294958377 
 3.6177666640 4.0713701114 4.5504607575 
 3.6331109781 4.0898117255 4.5723060690 
 3.6479869846 4.1078114001 4.5937461342 
 3.6613754221 4.1241819306 4.6134103600 
 3.6722403786 4.1377109073 4.6298922842 
 3.6795724769 4.1472101835 4.6418056894 
 3.6824353527 4.1515697454 4.6478464683 
 3.6800136578 4.1498140399 4.6468581447 
 3.6716602980 4.1411581424 4.6378980973 
 3.6569401717 4.1250605487 4.6203007541 
 3.6356674123 4.1012689746 4.5937334368 
 3.6079331140 4.0698554310 4.5582402866 
 3.5741208059 4.0312370954 4.5142698957 
 3.5349075394 3.9861801676 4.4626829817 
 3.4912493549 3.9357849536 4.4047376649 
 3.4443510093 3.8814517799 4.3420515545 
 3.3956210592 3.8248288641 4.2765417352 
 3.3466145560 3.7677447449 4.2103456300 
 3.2989665677 3.7121291322 4.1457273389 
 3.2543203888 3.6599268937 4.0849751902 
 3.2142545556 3.6130102620 4.0302967500 
 3.1802126684 3.5730942212 3.9837174130 
 3.1534395837 3.5416594924 3.9469880188 
 3.1349269065 3.5198867290 3.9215059225 
 3.1253699940 3.5086046259 3.9082527911 
 3.1251380012 3.5082537842 3.9077513202 
 3.1342579094 3.5188674497 3.9200421711 
 3.1524130074 3.5400696702 3.9446817530 
 3.1789558867 3.5710909455 3.9807609329 
 3.2129356168 3.6108009805 4.0269442315 
 3.2531382973 3.6577575925 4.0815284048 
 3.2981396079 3.7102701167 4.1425184479 
 3.3463672877 3.7664747890 4.2077179781 
 3.3961707406 3.8244186554 4.2748297812 
 3.4458942826 3.8821476949 4.3415612076 
 3.4939500466 3.9377942175 4.4057283322 
 3.5388863629 3.9896583753 4.4653525281 
 3.5794476176 4.0362788882 4.5187434886 
 3.6146221644 4.0764888618 4.5645637590 
 3.6436757878 4.1094537767 4.6018714042 
 3.6661693640 4.1346902007 4.6301393133 
 3.6819606024 4.1520653296 4.6492515778 
 3.6911909140 4.1617788853 4.6594791125 
 3.6942594188 4.1643300454 4.6614380255 
 3.6917867783 4.1604728348 4.6560350716 
 3.6845718915 4.1511637474 4.6444048197 
 3.6735445230 4.1375053162 4.6278429935 
 3.6597167072 4.1206889894 4.6077399015 
 3.6441353492 4.1019400959 4.5855171142 
 3.6278379191 4.0824670014 4.5625696747 
 3.6118125722 4.0634158650 4.5402152899 
 3.5969635070 4.0458317715 4.5196511929 
 3.5840819214 4.0306264941 4.5019187763 
 3.5738225871 4.0185527583 4.4878756689 
 3.5666858384 4.0101846392 4.4781746844 
 3.5630046593 4.0059036203 4.4732489848 
 3.5629365435 4.0058898612 4.4733028515 
 3.5664598661 4.0101183226 4.4783076116 
 3.5733746326 4.0183595698 4.4880024857 
 3.5833076115 4.0301852682 4.5019003820 
 3.5957220038 4.0449785788 4.5192989050 
 3.6099319123 4.0619498146 4.5392970600 
 3.6251219222 4.0801578069 4.5608182594 
 3.6403720726 4.0985374171 4.5826402609 
 3.6546883605 4.1159334963 4.6034325423 
 3.6670386687 4.1311413244 4.6218013311 
 3.6763936444 4.1429531438 4.6363420455 
 3.6817715909 4.1502098586 4.6456982717 
 3.6822859052 4.1518563264 4.6486256328 
 3.6771930483 4.1469979818 4.6440580568 
 3.6659385334 4.1349558820 4.6311731147 
 3.6481980531 4.1153167428 4.6094523915 
 3.6239107024 4.0879742544 4.5787324073 
 3.5933013673 4.0531580107 4.5392415446 
 3.5568897826 4.0114468294 4.4916188713 
 3.5154845045 3.9637640920 4.4369116976 
 3.4701610588 3.9113539441 4.3765501446 
 3.4222247021 3.8557386520 4.3122987808 
 3.3731594425 3.7986589402 4.2461873070 
 3.3245660509 3.7420005317 4.1804240587 
 3.2780926225 3.6877112053 4.1172975249 
 3.2353617157 3.6377133182 4.0590719349 
 3.1978981790 3.5938168807 4.0078831806 
 3.1670614976 3.5576379361 3.9656409409 
 3.1439859484 3.5305263160 3.9339420161 
 3.1295311669 3.5135059673 3.9139987698 
 3.1242450107 3.5072301438 3.9065854345 
 3.1283399677 3.5119529508 3.9120040369 
 3.1416838172 3.5275180797 3.9300709056 
 3.1638048214 3.5533650516 3.9601241272 
 3.1939113309 3.5885528373 4.0010517973 
 3.2309252633 3.6318002210 4.0513403451 
 3.2735284041 3.6815416534 4.1091414602 
 3.3202198411 3.7359965550 4.1723551817 
 3.3693821268 3.7932491216 4.2387255704 
 3.4193530379 3.8513347632 4.3059442143 
 3.4684991832 3.9083285360 4.3717558473 
 3.5152873446 3.9624304681 4.4340597972 
 3.5583494015 4.0120426725 4.4910010077 
 3.5965370591 4.0558336499 4.5410450650 
 3.6289633432 4.0927861628 4.5830329583 
 3.6550288701 4.1222264210 4.6162130410 
 3.6744321061 4.1438338476 4.6402495938 
 3.6871640543 4.1576322135 4.6552092671 
 3.6934888911 4.1639642426 4.6615282442 
 3.6939129169 4.1634527614 4.6599640826 
 3.6891447075 4.1569520297 4.6515367675 
 3.6800495586 4.1454930445 4.6374635824 
 3.6676012156 4.1302264013 4.6190920432 
 3.6528335567 4.1123658248 4.5978344823 
 3.6367944166 4.0931348461 4.5751070434 
 3.6205031877 4.0737184055 4.5522749785 
 3.6049132833 4.0552204856 4.5306053292 
 3.5908800546 4.0386282960 4.5112273900 
 3.5791343513 4.0247830675 4.4951008326 
 3.5702616276 4.0143571987 4.4829910319 
 3.5646863239 4.0078373251 4.4754509623 
 3.5626611943 4.0055128326 4.4728090161 
 3.5642612732 4.0074693998 4.4751621972 
 3.5693822756 4.0135872938 4.4823743319 
 3.5777433593 4.0235443244 4.4940791818 
 3.5888943248 4.0368235657 4.5096885971 
 3.6022274637 4.0527261283 4.5284060855 
 3.6169943484 4.0703893940 4.5492463465 
 3.6323278733 4.0888111706 4.5710614036 
 3.6472697752 4.1068801562 4.5925739273 
 3.6608036755 4.1234129092 4.6124181405 
 3.6718933786 4.1371971789 4.6291883354 
 3.6795257516 4.1470409779 4.6414944854 
 3.6827570081 4.1518261772 4.6480237361 
 3.6807606748 4.1505647361 4.6476057447 
 3.6728749861 4.1424549957 4.6392789809 
 3.6586470030 4.1269348627 4.6223543094 
 3.6378704703 4.1037282879 4.5964715708 
 3.6106143843 4.0728813033 4.5616445938 
 3.5772395001 4.0347841044 4.5182902318 
 3.5384005878 3.9901762993 4.4672376850 
 3.4950331232 3.9401334727 4.4097155573 
 3.4483242040 3.8860345578 4.3473157161 
 3.3996686925 3.8295110191 4.2819348953 
 3.3506127566 3.7723803442 4.2156968819 
 3.3027879616 3.7165676198 4.1508597727 
 3.2578397363 3.6640198595 4.0897139738 
 3.2173543280 3.6166181593 4.0344771737 
 3.1827882667 3.5760926647 3.9871924425 
 3.1554039475 3.5439448229 3.9496349731 
 3.1362143130 3.5213806011 3.9232319759 
 3.1259389034 3.5092574421 3.9089990905 
 3.1249728540 3.5080468646 3.9074955841 
 3.1333698232 3.5178138738 3.9187996997 
 3.1508393525 3.5382137676 3.9425048213 
 3.1767587502 3.5685064471 3.9777365812 
 3.2101991971 3.6075878788 4.0231905080 
 3.2499653112 3.6540378083 4.0771891748 
 3.2946468390 3.7061821288 4.1377569560 
 3.3426804624 3.7621674542 4.2027094408 
 3.3924189736 3.8200445183 4.2697533761 
 3.4422043817 3.8778561459 4.3365919016 
 3.4904409941 3.9337248933 4.4010290360 
 3.5356642969 3.9859351975 4.4610670594 
 3.5766016029 4.0330050954 4.5149907764 
 3.6122209902 4.0737433153 4.5614336188 
 3.6417659436 4.1072887133 4.5994220790 
 3.6647742558 4.1331304896 4.6283968261 
 3.6810809735 4.1511091698 4.6482107951 
 3.6908063515 4.1613997809 4.6591062977 
 3.6943307627 4.1644798198 4.6616745743 
 3.6922592092 4.1610854012 4.6568020784 
 3.6853784564 4.1521593415 4.6456081179 
 3.6746098683 4.1387949151 4.6293783408 
 3.6609608128 4.1221786748 4.6094980341 
 3.6454770944 4.1035351711 4.5873884553 
 3.6291983536 4.0840757246 4.5644485542 
 3.6131178106 4.0649527149 4.5420035900 
 3.5981471999 4.0472202051 4.5212613916 
 3.5850872903 4.0318011936 4.5032763981 
 3.5746040309 4.0194613871 4.4889211796 
 3.5672101329 4.0107891410 4.4788648793 
 3.5632517764 4.0061811001 4.4735579211 
 3.5629001138 4.0058330791 4.4732223686 
 3.5661473021 4.0097358245 4.4778474663 
 3.5728069178 4.0176754611 4.4871901140 
 3.5825187505 4.0292386240 4.5007802752 
 3.5947581179 4.0438224683 4.5179315738 
 3.6088499572 4.0606499091 4.5377575424 
 3.6239880049 4.0787905350 4.5591941262 
 3.6392593487 4.0971876380 4.5810290706 
 3.6536745093 4.1146916749 4.6019387163 
 3.6662029645 4.1301002185 4.6205324452 
 3.6758136757 4.1422040501 4.6354045762 
 3.6815197164 4.1498385098 4.6451928901 
 3.6824255783 4.1519385828 4.6486421988 
 3.6777751815 4.1475955143 4.6446705357 
 3.6669981097 4.1361120883 4.6324346958 
 3.6497512137 4.1170531724 4.6113911384 
 3.6259525419 4.0902878300 4.5813477877 
 3.5958046505 4.0560193143 4.5425021810 
 3.5598047510 4.0147996759 4.4954617986 
 3.5187398745 3.9675265340 4.4412433255 
 3.4736662290 3.9154207464 4.3812489974 
 3.4258730942 3.8599851629 4.3172199452 
 3.3768328096 3.8029461665 4.2511683703 
 3.3281395132 3.7461811314 4.1852921962 
 3.2814401374 3.6916360392 4.1218773007 
 3.2383616680 3.6412381730 4.0631933402 
 3.2004387831 3.5968089813 4.0113894378 
 3.1690457355 3.5599819052 3.9683956520 
 3.1453358166 3.5321293001 3.9358353097 
 3.1301910569 3.5143017156 3.9149521899 
 3.1241841044 3.5071818962 3.9065553981 
 3.1275535703 3.5110550446 3.9109837556 
 3.1401935903 3.5257962288 3.9280907196 
 3.1616579067 3.5508752905 3.9572502401 
 3.1911783859 3.5853791525 3.9973834411 
 3.2276974664 3.6280509369 4.0470054500 
 3.2699135264 3.6773446923 4.1042909713 
 3.3163375382 3.7314937552 4.1671562452 
 3.3653586583 3.7885898695 4.2333539017 
 3.4153156756 3.8466692646 4.3005760475 
 3.4645706117 3.9038011001 4.3665599284 
 3.5115803735 3.9581732007 4.4291899076 
 3.5549622990 4.0081699585 4.4865894813 
 3.5935497752 4.0524377471 4.5371976874 
 3.6264348236 4.0899341436 4.5798255206 
 3.6529955716 4.1199585827 4.6136896757 
 3.6729077344 4.1421635956 4.6384228758 
 3.6861404503 4.1565473099 4.6540619222 
 3.6929379194 4.1634292231 4.6610162076 
 3.6937891537 4.1634122609 4.6600205776 
 3.6893886982 4.1573347309 4.6520770518 
 3.6805914090 4.1462159631 4.6383900182 
 3.6683642976 4.1311992476 4.6202991868 
 3.6537381391 4.1134952248 4.5992139469 
 3.6377610742 4.0943282570 4.5765519536 
 3.6214558803 4.0748876126 4.5536839013 
 3.6057820419 4.0562846183 4.5318856237 
 3.5916032433 4.0395163394 4.5122979647 
 3.5796605009 4.0254358780 4.4958943335 
 3.5705508565 4.0147290513 4.4834555041 
 3.5647113700 4.0078970266 4.4755510348 
 3.5624080817 4.0052444368 4.4725266577 
 3.5637296363 4.0068725532 4.4744970788 
 3.5685853508 4.0126772257 4.4813438161 
 3.5767076442 4.0223514825 4.4927179382 
 3.5876588957 4.0353928820 4.5080478254 
 3.6008429300 4.0511158887 4.5265523108 
 3.6155214206 4.0686696775 4.5472597398 
 3.6308355220 4.0870618229 4.5690335802 
 3.6458329681 4.1051882733 4.5906051802 
 3.6595006968 4.1218698241 4.6106140896 
 3.6708027641 4.1358949771 4.6276560058 
 3.6787229046 4.1460686053 4.6403378741 
 3.6823106036 4.1512652555 4.6473389851 
 3.6807290000 4.1504852507 4.6474761028 
 3.6733024054 4.1429110721 4.6397698003 
 3.6595607632 4.1279608897 4.6235083799 
 3.6392780779 4.1053356694 4.5983051296 
 3.6125017813 4.0750561184 4.5641443601 
 3.5795702320 4.0374859287 4.5214117834 
 3.5411161068 3.9933383758 4.4709054297 
 3.4980542919 3.9436643336 4.4138244436 
 3.4515539775 3.8898210870 4.3517346947 
 3.4029958641 3.8334228301 4.2865119989 
 3.3539165688 3.7762752402 4.2202656488 
 3.3059433183 3.7202978167 4.1552466325 
 3.2607227130 3.6674385992 4.0937461376 
 3.2198476688 3.6195863277 4.0379905567 
 3.1847865741 3.5784850511 3.9900391669 
 3.1568183115 3.5456557055 3.9516900661 
 3.1369761759 3.5223284094 3.9243989573 
 3.1260030126 3.5093883163 3.9092142339 
 3.1243192021 3.5073369912 3.9067307094 
 3.1320045162 3.5162705290 3.9170634174 
 3.1487943799 3.5358750370 3.9398421937 
 3.1740906611 3.5654396265 3.9742272049 
 3.2069867147 3.6038865947 4.0189450630 
 3.2463059598 3.6498179453 4.0723445401 
 3.2906527019 3.7015767078 4.1324700660 
 3.3384732464 3.7573206762 4.1971501414 
 3.3881246103 3.8151052578 4.2640966299 
 3.4379474452 3.8729712413 4.3310097708 
 3.4863392468 3.9290326193 4.3956829166 
 3.5318236791 3.9815593103 4.4561006479 
 3.5731119610 4.0290498077 4.5105241996 
 3.6091527804 4.0702894863 4.5575590663 
 3.6391680762 4.1043914400 4.5962011489 
 3.6626731490 4.1308181690 4.6258596445 
 3.6794807954 4.1493839846 4.6463568305 
 3.6896903450 4.1602394616 4.6579066654 
 3.6936634796 4.1638404561 4.6610755404 
 3.6919894390 4.1609050318 4.6567294214 
 3.6854426169 4.1523620357 4.6459720004 
 3.6749356300 4.1392950708 4.6300783642 
 3.6614707513 4.1228852949 4.6104282003 
 3.6460922020 4.1043559240 4.5884418189 
 3.6298412817 4.0849206494 4.5655214152 
 3.6137157550 4.0657374820 4.5429991395 
 3.5986343825 4.0478688888 4.5220927750 
 3.5854070179 4.0322485477 4.5038692014 
 3.5747103371 4.0196546422 4.4892153704 
 3.5670690221 4.0106893534 4.4788162500 
 3.5628420946 4.0057640889 4.4731390830 
 3.5622140681 4.0050899828 4.4724233385 
 3.5651906466 4.0086732985 4.4766758748 
 3.5715988107 4.0163155252 4.4856710440 
 3.5810912772 4.0276181515 4.4989557234 
 3.5931554649 4.0419922960 4.5158595063 
 3.6071272139 4.0586735370 4.5355105036 
 3.6222095677 4.0767423803 4.5568573517 
 3.6374969097 4.0951508105 4.5786980580 
 3.6520046219 4.1127552572 4.5997162193 
 3.6647042019 4.1283560558 4.6185248848 
 3.6745634289 4.1407430912 4.6337179008 
 3.6805907154 4.1487467853 4.6439279680 
 3.6818822608 4.1512929561 4.6478898908 
 3.6776700748 4.1474593941 4.6445066555 
 3.6673684288 4.1365313378 4.6329151328 
 3.6506158984 4.1180524862 4.6125474612 
 3.6273099647 4.0918678603 4.5831836760 
 3.5976312103 4.0581548195 4.5449910231 
 3.5620545246 4.0174389174 4.4985457471 
 3.5213454379 3.9705920727 4.4448340198 
 3.4765406752 3.9188116942 4.3852300398 
 3.4289131842 3.8635808265 4.3214510795 
 3.3799231054 3.8066109106 4.2554911654 
 3.3311572616 3.7497701869 4.1895369103 
 3.2842606234 3.6950019111 4.1258705076 
 3.2408637280 3.6442372682 4.0667658500 
 3.2025101734 3.5993080772 4.0143840460 
 3.1705880798 3.5618641180 3.9706742944 
 3.1462689011 3.5332992655 3.9372852727 
 3.1304562958 3.5146897668 3.9154911134 
 3.1237470485 3.5067470852 3.9061348891 
 3.1264053796 3.5097869116 3.9095914998 
 3.1383514242 3.5237152685 3.9257510336 
 3.1591642201 3.5480320980 3.9540230443 
 3.1880991452 3.5818522681 3.9933616743 
 3.2241193355 3.6239434477 4.0423109937 
 3.2659401149 3.6727797004 4.0990692124 
 3.3120848538 3.7266088864 4.1615694875 
 3.3609499633 3.7835310680 4.2275739251 
 3.4108760005 3.8415841870 4.2947762009 
 3.4602212209 3.8988324745 4.3609072076 
 3.5074334992 3.9534525418 4.4238375005 
 3.5511164526 4.0038120177 4.4816702404 
 3.5900859060 4.0485360249 4.5328189265 
 3.6234135312 4.0865577066 4.5760654153 
 3.6504554955 4.1171503196 4.6105954134 
 3.6708651469 4.1399399280 4.6360105511 
 3.6845899940 4.1548992647 4.6523180388 
 3.6918543500 4.1623246792 4.6599005402 
 3.6931298954 4.1627991233 4.6594700778 
 3.6890969870 4.1571447502 4.6520104502 
 3.6805997919 4.1463689188 4.6387127838 
 3.6685982691 4.1316072360 4.6209085390 
 3.6541197275 4.1140668337 4.6000036711 
 3.6382122248 4.0949724575 4.5774168355 
 3.6219015294 4.0755172539 4.5545236602 
 3.6061528110 4.0568194566 4.5326082808 
 3.5918377214 4.0398855755 4.5128226325 
 3.5797071080 4.0255802080 4.4961534446 
 3.5703693004 4.0146022543 4.4833965189 
 3.5642737185 4.0074671236 4.4751376767 
 3.5616994745 4.0044944553 4.4717397219 
 3.5627486559 4.0058009239 4.4733348507 
 3.5673440642 4.0112978269 4.4798221179 
 3.5752313155 4.0206933331 4.4908698063 
 3.5859853587 4.0334994681 4.5059227988 
 3.5990216013 4.0490440978 4.5242152961 
 3.6136119292 4.0664883053 4.5447894072 
 3.6289059303 4.0848496179 4.5665202402 
 3.6439575712 4.1030314922 4.5881480990 
 3.6577574024 4.1198592890 4.6083182207 
 3.6692700812 4.1341226556 4.6256281452 
 3.6774766038 4.1446237749 4.6386822958 
 3.6814201516 4.1502303586 4.6461526668 
 3.6802539121 4.1499316023 4.6468437179 
 3.6732886989 4.1428946307 4.6397587159 
 3.6600377260 4.1285183444 4.6241639564 
 3.6402555832 4.1064811225 4.5996466590 
 3.6139683731 4.0767786462 4.5661619887 
 3.5814921822 4.0397482738 4.5240647424 
 3.5434375899 3.9960769679 4.4741218311 
 3.5006987519 3.9467907488 4.4175027991 
 3.4544266748 3.8932249467 4.3557471828 
 3.4059874965 3.8369760283 4.2907093608 
 3.3569077772 3.7798372742 4.2244834562 
 3.3088098200 3.7237219126 4.1593125522 
 3.2633407651 3.6705782658 4.0974877495 
 3.2220995500 3.6223019552 4.0412432487 
 3.1865657915 3.5806501881 3.9926536593 
 3.1580342748 3.5471626979 3.9535391708 
 3.1375581315 3.5230931449 3.9253832631 
 3.1259030841 3.5093538878 3.9092664901 
 3.1235144326 3.5064761542 3.9058187626 
 3.1304978490 3.5145868783 3.9151916129 
 3.1466145481 3.5334028681 3.9370512039 
 3.1712909837 3.5622424801 3.9705922821 
 3.2036428331 3.6000545214 4.0145727579 
 3.2425125784 3.6454635693 4.0673679808 
 3.2865194512 3.6968302299 4.1270429607 
 3.3341198344 3.7523240205 4.1914397570 
 3.3836754896 3.8100056427 4.2582760868 
 3.4335262688 3.8679145123 4.3252500741 
 3.4820634223 3.9241567286 4.3901451944 
 3.5277993362 3.9769883306 4.4509290750 
 3.5694296276 4.0248888411 4.5058400433 
 3.6058840119 4.0666207600 4.5534562024 
 3.6363632059 4.1012717830 4.5927432655 
 3.6603602389 4.1282779487 4.6230792119 
 3.6776657745 4.1474274684 4.6442557669 
 3.6883582343 4.1588464617 4.6564585057 
 3.6927805393 4.1629690410 4.6602288249 
 3.6915060260 4.1604950355 4.6564119686 
 3.6852965217 4.1523390805 4.6460957156 
 3.6750556661 4.1395748297 4.6305442587 
 3.6617803899 4.1233777517 4.6111313399 
 3.6465130808 4.1049694351 4.5892759825 
 3.6302964558 4.0855656636 4.5663833090 
 3.6141326017 4.0663298251 4.5437920736 
 3.5989471071 4.0483325666 4.5227297641 
 3.5855587412 4.0325180565 4.5042754906 
 3.5746547682 4.0196768008 4.4893304176 
 3.5667717338 4.0104246882 4.4785952088 
 3.5622814244 4.0051878052 4.4725538351 
 3.5613816691 4.0041925546 4.4714631167 
 3.5640917025 4.0074606996 4.4753475060 
 3.5702519224 4.0148091079 4.4839988231 
 3.5795280156 4.0258541681 4.4969809092 
 3.5914195742 4.0400210415 4.5136394125 
 3.6052734422 4.0565580819 4.5331171448 
 3.6203021013 4.0745568577 4.5543755939 
 3.6356073894 4.0929782250 4.5762232274 
 3.6502097337 4.1106847953 4.5973511335 
 3.6630828578 4.1264799027 4.6163762966 
 3.6731935793 4.1391527920 4.6318923847 
 3.6795458759 4.1475292333 4.6425273292 
 3.6812278751 4.1505261407 4.6470062381 
 3.6774598779 4.1472080949 4.6442173458 
 3.6676410102 4.1368429974 4.6332778546 
 3.6513916895 4.1189535307 4.6135957779 
 3.6285888840 4.0933607533 4.5849233743 
 3.5993911817 4.0602161230 4.5473976079 
 3.5642510491 4.0200185912 4.5015633828 
 3.5239123329 3.9736141726 4.4483761322 
 3.4793920172 3.9221765296 4.3891816783 
 3.4319463974 3.8671685257 4.3256729964 
 3.3830230487 3.8102862260 4.2598254267 
 3.3342010906 3.7533882720 4.1938137184 
 3.2871231429 3.6984147265 4.1299158214 
 3.2434229288 3.6473002345 4.0704093349 
 3.2046526428 3.6018865953 4.0174668830 
 3.1722140074 3.5638396058 3.9730564184 
 3.1472964420 3.5345744228 3.9388516840 
 3.1308251093 3.5151928422 3.9161569883 
 3.1234208825 3.5064349884 3.9058493033 
 3.1253736142 3.5086470712 3.9083396475 
 3.1366295314 3.5217661809 3.9235548785 
 3.1567931209 3.5453225487 3.9509403843 
 3.1851434802 3.5784592433 3.9894836368 
 3.2206646974 3.6199687915 4.0377580276 
 3.2620893311 3.6683456263 4.0939857033 
 3.3079534612 3.7218525131 4.1561172021 
 3.3566610724 3.7785982224 4.2219245795 
 3.4065547988 3.8366227851 4.2891035369 
 3.4559894123 3.8939858461 4.3553790267 
 3.5034039937 3.9488530898 4.4186081373 
 3.5473886199 3.9995755950 4.4768739446 
 3.5867416663 4.0447573615 4.5285645523 
 3.6205144962 4.0833071369 4.5724327111 
 3.6480412861 4.1144719509 4.6076330648 
 3.6689529228 4.1378512736 4.6337359822 
 3.6831751385 4.1533922536 4.6507188406 
 3.6909121758 4.1613678601 4.6589372830 
 3.6926181790 4.1623408151 4.6590801931 
 3.6889591072 4.1571168597 4.6521128341 
 3.6807682393 4.1466911386 4.6392127773 
 3.6689983050 4.1321913619 4.6217029778 
 3.6546730006 4.1148209779 4.6009857502 
 3.6388401915 4.0958049860 4.5784805987 
 3.6225285658 4.0763403274 4.5555679884 
 3.6067089456 4.0575521049 4.5335403146 
 3.5922609526 4.0404562772 4.5135606101 
 3.5799452993 4.0259289773 4.4966289722 
 3.5703816638 4.0146822594 4.4835563132 
 3.5640319082 4.0072458703 4.4749448276 
 3.5611883154 4.0039545698 4.4711745219 
 3.5619665266 4.0049405635 4.4723952280 
 3.5663029474 4.0101307338 4.4785236941 
 3.5739565156 4.0192485334 4.4892455802 
 3.5845148775 4.0318206022 4.5040224391 
 3.5974051516 4.0471883555 4.5221040091 
 3.6119095620 4.0645249322 4.5425463325 
 3.6271862525 4.0828579567 4.5642363260 
 3.6422955379 4.1010985320 4.5859234131 
 3.6562316861 4.1180767125 4.6062586728 
 3.6679600451 4.1325834047 4.6238416280 
 3.6764589414 4.1434181920 4.6372742982 
 3.6807652939 4.1494420134 4.6452214686 
 3.6800223457 4.1496329605 4.6464753400 
 3.6735273783 4.1431427778 4.6400218645 
 3.6607767961 4.1293510182 4.6251052595 
 3.6415056433 4.1079133353 4.6012865327 
 3.6157185119 4.0788001826 4.5684914829 
 3.5837089881 4.0423223233 4.5270436967 
 3.5460652867 3.9991400946 4.4776786038 
 3.5036605402 3.9502543134 4.4215357357 
 3.4576272695 3.8969779895 4.3601278550 
 3.4093167583 3.8408895021 4.2952874644 
 3.3602452494 3.7837694085 4.2290931109 
 3.3120299124 3.7275243958 4.1637796318 
 3.2663182829 3.6741028773 4.1016377890 
 3.2247152534 3.6254072562 4.0449094514 
 3.1887116844 3.5832078995 3.9956845415 
 3.1596183597 3.5490634383 3.9558054435 
 3.1385084176 3.5242512668 3.9267836298 
 3.1261706909 3.5097112200 3.9097321293 
 3.1230756800 3.5060045213 3.9053163416 
 3.1293552715 3.5132893197 3.9137247453 
 3.1447968008 3.5313135236 3.9346603096 
 3.1688516417 3.5594251406 3.9673528515 
 3.2006581139 3.5965998813 4.0105920603 
 3.2390780583 3.6414852626 4.0627803121 
 3.2827458884 3.6924597882 4.1220035969 
 3.3301282706 3.7477049613 4.1861178630 
 3.3795918548 3.8052869652 4.2528469233 
 3.4294757666 3.8632439456 4.3198869250 
 3.4781650062 3.9196741154 4.3850114887 
 3.5241605973 3.9728195424 4.4461711892 
 3.5661423935 4.0211405909 4.5015812287 
 3.6030209055 4.0633766108 4.5497919920 
 3.6339753385 4.0985895528 4.5897385905 
 3.6584761208 4.1261885972 4.6207673095 
 3.6762914322 4.1459354325 4.6426388145 
 3.6874784368 4.1579313018 4.6555097913 
 3.6923609653 4.1625881767 4.6598961665 
 3.6914961605 4.1605873024 4.6566220444 
 3.6856330457 4.1528288167 4.6467589496 
 3.6756661079 4.1403762134 4.6315599294 
 3.6625868275 4.1243991410 4.6123926243 
 3.6474357182 4.1061175101 4.5906747090 
 3.6312569385 4.0867492215 4.5678142590 
 3.6150569785 4.0674631323 4.5451567362 
 3.5997683850 4.0493382179 4.5239395012 
 3.5862190123 4.0333293306 4.5052541142 
 3.5751069108 4.0202395253 4.4900162091 
 3.5669807066 4.0106986457 4.4789424260 
 3.5622251776 4.0051477156 4.4725337564 
 3.5610516958 4.0038286674 4.4710646668 
 3.5634932492 4.0067790183 4.4745774929 
 3.5694038637 4.0138312573 4.4828817994 
 3.5784623911 4.0246168989 4.4955586497 
 3.5901807714 4.0385753514 4.5119699838 
 3.6039170042 4.0549679238 4.5312735247 
 3.6188931337 4.0728973984 4.5524437929 
 3.6342185468 4.0913336220 4.5742998639 
 3.6489187773 4.1091454715 4.5955404272 
 3.6619697984 4.1251393230 4.6147864694 
 3.6723374492 4.1381037791 4.6306314980 
 3.6790212109 4.1468599056 4.6416986375 
 3.6811010297 4.1503156060 4.6467031996 
 3.6777853389 4.1475220851 4.6445184985 
 3.6684579091 4.1377296808 4.6342418287 
 3.6527207438 4.1204397742 4.6152567663 
 3.6304299996 4.0954491220 4.5872874126 
 3.6017219408 4.0628828979 4.5504400115 
 3.5670262644 4.0232130407 4.5052276462 
 