3.1270770775 3.5536243354 4.0097385736 
 3.1162985872 3.5402455500 3.9934214976 
 3.1041057734 3.5253036400 3.9753884997 
 3.0913398263 3.5097890372 3.9567951935 
 3.0788015156 3.4946408193 3.9387328475 
 3.0672223265 3.4807139168 3.9221915417 
 3.0572400822 3.4687516881 3.9080296768 
 3.0493791702 3.4593638753 3.8969497097 
 3.0440353018 3.4530097540 3.8894797699 
 3.0414646328 3.4499861871 3.8859607281 
 3.0417770498 3.4504202927 3.8865383044 
 3.0449334663 3.4542665016 3.8911599140 
 3.0507470475 3.4613078948 3.8995761070 
 3.0588883839 3.4711618516 3.9113466405 
 3.0688947187 3.4832901608 3.9258514008 
 3.0801833967 3.4970138478 3.9423065233 
 3.0920697090 3.5115329966 3.9597861263 
 3.1037892450 3.5259517970 3.9772500352 
 3.1145247203 3.5393088966 3.9935777280 
 3.1234370148 3.5506128718 4.0076084372 
 3.1296998456 3.5588822740 4.0181869329 
 3.1325371217 3.5631892461 4.0242139645 
 3.1312616188 3.5627051999 4.0246997218 
 3.1253132171 3.5567465360 4.0188180280 
 3.1142946132 3.5448179347 4.0059583815 
 3.0980022105 3.5266504381 3.9857725145 
 3.0764498634 3.5022314426 3.9582119323 
 3.0498833420 3.4718238860 3.9235530117 
 3.0187838074 3.4359723821 3.8824067389 
 2.9838592354 3.3954948154 3.8357110392 
 2.9460235359 3.3514588960 3.7847048510 
 2.9063640179 3.3051443040 3.7308844919 
 2.8660987271 3.2579921746 3.6759442953 
 2.8265259428 3.2115446658 3.6217047745 
 2.7889686656 3.1673780698 3.5700325278 
 2.7547171994 3.1270333161 3.5227566217 
 2.7249729312 3.0919477267 3.4815862422 
 2.7007961580 3.0633915822 3.4480340326 
 2.6830603874 3.0424125194 3.4233488561 
 2.6724150206 3.0297901211 3.4084608893 
 2.6692578033 3.0260023999 3.4039411111 
 2.6737179572 3.0312052780 3.4099765087 
 2.6856505052 3.0452256799 3.4263617273 
 2.7046419663 3.0675684456 3.4525074041 
 2.7300272801 3.0974368982 3.4874649966 
 2.7609174769 3.1337664864 3.5299674190 
 2.7962371993 3.1752704192 3.5784841911 
 2.8347706950 3.2204955998 3.6312890427 
 2.8752143601 3.2678864810 3.6865370500 
 2.9162333812 3.3158537926 3.7423475313 
 2.9565195880 3.3628445377 3.7968882278 
 2.9948473711 3.4074093434 3.8484559229 
 3.0301245156 3.4482632693 3.8955487000 
 3.0614350804 3.4843365637 3.9369255743 
 3.0880720099 3.5148125980 3.9716502078 
 3.1095579358 3.5391512121 3.9991167128 
 3.1256535244 3.5570968470 4.0190570051 
 3.1363536365 3.5686719856 4.0315305818 
 3.1418723947 3.5741574266 4.0368988116 
 3.1426189038 3.5740616824 4.0357867127 
 3.1391657990 3.5690822632 4.0290356892 
 3.1322129878 3.5600617745 4.0176508163 
 3.1225489153 3.5479416475 4.0027460468 
 3.1110114693 3.5337160014 3.9854902537 
 3.0984503033 3.5183876784 3.9670564181 
 3.0856919476 3.5029279713 3.9485756104 
 3.0735086649 3.4882410451 3.9310967846 
 3.0625916209 3.4751335960 3.9155528562 
 3.0535286260 3.4642899179 3.9027331112 
 3.0467864659 3.4562522815 3.8932617013 
 3.0426976941 3.4514063814 3.8875818258 
 3.0414516943 3.4499715484 3.8859451679 
 3.0430898291 3.4519954606 3.8884062147 
 3.0475045500 3.4573531788 3.8948212250 
 3.0544424330 3.4657504568 3.9048517873 
 3.0635112018 3.4767314195 3.9179730892 
 3.0741908772 3.4896908126 3.9334871853 
 3.0858492324 3.5038910957 3.9505416505 
 3.0977617069 3.5184846515 3.9681540334 
 3.1091358384 3.5325412805 3.9852424337 
 3.1191400816 3.5450809560 4.0006623146 
 3.1269366171 3.5551114994 4.0132493155 
 3.1317174061 3.5616704287 4.0218673467 
 3.1327423507 3.5638697489 4.0254606711 
 3.1293780142 3.5609419346 4.0231080309 
 3.1211349752 3.5522848671 4.0140762462 
 3.1077016169 3.5375030897 3.9978701725 
 3.0889720134 3.5164425250 3.9742755523 
 3.0650656496 3.4892158120 3.9433912355 
 3.0363370055 3.4562157252 3.9056475266 
 3.0033735685 3.4181147448 3.8618080960 
 2.9669815685 3.3758497202 3.8129539270 
 2.9281595913 3.3305916383 3.7604490756 
 2.8880611362 3.2837016505 3.7058894591 
 2.8479480136 3.2366755929 3.6510372693 
 2.8091371533 3.1910801097 3.5977447570 
 2.7729438140 3.1484840673 3.5478719019 
 2.7406243336 3.1103891556 3.5032027868 
 2.7133214323 3.0781634351 3.4653653425 
 2.6920147422 3.0529811639 3.4357585988 
 2.6774787564 3.0357716278 3.4154908081 
 2.6702498622 3.0271790285 3.4053309520 
 2.6706036194 3.0275348417 3.4056753369 
 2.6785430015 3.0368435126 3.4165303105 
 2.6937979529 3.0547819085 3.4375115894 
 2.7158362932 3.0807125649 3.4678602414 
 2.7438856758 3.1137103775 3.5064749157 
 2.7769659378 3.1526019411 3.5519593725 
 2.8139307325 3.1960161855 3.6026836823 
 2.8535168183 3.2424443039 3.6568566477 
 2.8943988322 3.2903062785 3.7126061199 
 2.9352468785 3.3380206767 3.7680630872 
 2.9747838981 3.3840739348 3.8214448393 
 3.0118396342 3.4270851749 3.8711323229 
 3.0453981405 3.4658627928 3.9157370767 
 3.0746361828 3.4994496056 3.9541538768 
 3.0989505561 3.5271542236 3.9855963702 
 3.1179731769 3.5485673996 4.0096143623 
 3.1315737319 3.5635632647 4.0260928865 
 3.1398505469 3.5722864612 4.0352345250 
 3.1431110981 3.5751270826 4.0375275223 
 3.1418441373 3.5726859690 4.0337029448 
 3.1366857244 3.5657332329 4.0246844600 
 3.1283815424 3.5551629247 4.0115342594 
 3.1177477459 3.5419465313 3.9953983152 
 3.1056323163 3.5270876103 3.9774536165 
 3.0928785188 3.5115793628 3.9588593933 
 3.0802916388 3.4963664224 3.9407136782 
 3.0686097707 3.4823116428 3.9240159607 
 3.0584790750 3.4701682407 3.9096361921 
 3.0504336396 3.4605573297 3.8982900375 
 3.0448798846 3.4539506676 3.8905200422 
 3.0420853443 3.4506583336 3.8866822841 
 3.0421716313 3.4508210402 3.8869380971 
 3.0451114186 3.4544068494 3.8912505498 
 3.0507293558 3.4612121736 3.8993855230 
 3.0587069279 3.4708670789 3.9109174111 
 3.0685913580 3.4828450365 3.9252396500 
 3.0798087182 3.4964773691 3.9415804135 
 3.0916814239 3.5109726702 3.9590238896 
 3.1034502325 3.5254414375 3.9765375255 
 3.1143007281 3.5389260127 3.9930054824 
 3.1233940505 3.5504356699 4.0072682707 
 3.1299013187 3.5589863388 4.0181681212 
 3.1330408264 3.5636439976 4.0245991224 
 3.1321166835 3.5635702671 4.0255605306 
 3.1265571719 3.5580682251 4.0202110186 
 3.1159507512 3.5466260013 4.0079210193 
 3.1000774271 3.5289553906 3.9883198631 
 3.0789331528 3.5050226000 3.9613341718 
 3.0527451037 3.4750683890 3.9272140691 
 3.0219760754 3.4396153094 3.8865442289 
 2.9873168808 3.3994604824 3.8402376328 
 2.9496664278 3.3556533326 3.7895110836 
 2.9101000535 3.3094588133 3.7358429088 
 2.8698275755 3.2623077912 3.6809147228 
 2.8301432974 3.2157372623 3.6265404135 
 2.7923707628 3.1713238162 3.5745865087 
 2.7578053553 3.1306141805 3.5268886352 
 2.7276578555 3.0950567195 3.4851688759 
 2.7030018357 3.0659374809 3.4509584862 
 2.6847273557 3.0443238590 3.4255297718 
 2.6735029118 3.0310182932 3.4098401026 
 2.6697470657 3.0265237501 3.4044901908 
 2.6736107004 3.0310221392 3.4096980111 
 2.6849704458 3.0443663118 3.4252891293 
 2.7034334755 3.0660858823 3.4507037184 
 2.7283535590 3.0954067351 3.4850201047 
 2.7588579168 3.1312836743 3.5269942030 
 2.7938840174 3.1724451766 3.5751135971 
 2.8322249778 3.2174486046 3.6276642741 
 2.8725816882 3.2647435598 3.6828071585 
 2.9136192505 3.3127403724 3.7386607337 
 2.9540248678 3.3598801618 3.7933853245 
 2.9925640520 3.4047025646 3.8452642029 
 3.0281319872 3.4459072166 3.8927766978 
 3.0597971473 3.4824054347 3.9346589802 
 3.0868347986 3.5133592574 3.9699491429 
 3.1087487784 3.5382059890 3.9980144673 
 3.1252808318 3.5566675335 4.0185602234 
 3.1364077035 3.5687449505 4.0316207703 
 3.1423270203 3.5746996873 4.0375349631 
 3.1434336661 3.5750237297 4.0369087841 
 3.1402888015 3.5704014075 4.0305686465 
 3.1335838861 3.5616657822 4.0195089666 
 3.1241020457 3.5497524530 4.0048374035 
 3.1126789239 3.5356533135 3.9877207279 
 3.1001648252 3.5203723400 3.9693336776 
 3.0873895559 3.5048849715 3.9508125026 
 3.0751309479 3.4901021265 3.9332142659 
 3.0640876686 3.4768394288 3.9174824101 
 3.0548565920 3.4657918412 3.9044186656 
 3.0479147646 3.4575136276 3.8946610729 
 3.0436058487 3.4524034067 3.8886677284 
 3.0421308524 3.4506939960 3.8867058171 
 3.0435429589 3.4524467740 3.8888455561 
 3.0477463251 3.4575503758 3.8949587993 
 3.0544988066 3.4657236646 3.9047222296 
 3.0634186621 3.4765230595 3.9176252488 
 3.0739953719 3.4893544147 3.9329828380 
 3.0856047496 3.5034897239 3.9499537726 
 3.0975285036 3.5180889192 3.9675646076 
 3.1089783190 3.5322269526 3.9847397680 
 3.1191243471 3.5449261490 4.0003378800 
 3.1271277298 3.5551935237 4.0131941367 
 3.1321764437 3.5620623501 4.0221680274 
 3.1335233572 3.5646367871 4.0261951797 
 3.1305249841 3.5621378578 4.0243414264 
 3.1226790373 3.5539485754 4.0158565706 
 3.1096585960 3.5396556080 4.0002247714 
 3.0913405563 3.5190846320 3.9772081044 
 3.0678260832 3.4923265210 3.9468797608 
 3.0394510634 3.4597517960 3.9096436071 
 3.0067850719 3.4220113464 3.8662374738 
 2.9706180816 3.3800222846 3.8177185476 
 2.9319350025 3.3349388589 3.7654305385 
 2.8918790428 3.2881094869 3.7109537185 
 2.8517057302 3.2410220640 3.6560403292 
 2.8127301177 3.1952406024 3.6025390258 
 2.7762701447 3.1523368520 3.5523128288 
 2.7435892893 3.1138208017 3.5071553982 
 2.7158415480 3.0810738420 3.4687103249 
 2.6940214464 3.0552879663 3.4383976303 
 2.6789213193 3.0374137870 3.4173509057 
 2.6710975643 3.0281194754 3.4063676712 
 2.6708470700 3.0277620856 3.4058747212 
 2.6781945672 3.0363721681 3.4159095346 
 2.6928912858 3.0536521272 3.4361182793 
 2.7144249694 3.0789883863 3.4657704902 
 2.7420409852 3.1114770466 3.5037900487 
 2.7747738963 3.1499622788 3.5488015663 
 2.8114884252 3.1930861454 3.5991905986 
 2.8509282256 3.2393479020 3.6531753116 
 2.8917703319 3.2871701371 3.7088863406 
 2.9326826518 3.3349684665 3.7644507730 
 2.9723814885 3.3812210242 3.8180755913 
 3.0096859094 3.4245337968 3.8681256881 
 3.0435658845 3.4636980078 3.9131918004 
 3.0731815044 3.4977362824 3.9521444186 
 3.0979112356 3.5259351807 3.9841708436 
 3.1173680050 3.5478627565 4.0087939434 
 3.1314028192 3.5633709658 4.0258726250 
 3.1400965184 3.5725838491 4.0355853914 
 3.1437410332 3.5758733405 4.0383994552 
 3.1428120819 3.5738252114 4.0350286220 
 3.1379355868 3.5671980098 4.0263835049 
 3.1298501850 3.5568779145 4.0135176140 
 3.1193681047 3.5438322224 3.9975725452 
 3.1073364051 3.5290638061 3.9797249633 
 3.0946002072 3.5135683891 3.9611374397 
 3.0819691289 3.4982959573 3.9429145467 
 3.0701877257 3.4841171244 3.9260650059 
 3.0599103805 3.4717948399 3.9114701844 
 3.0516807959 3.4619614964 3.8998588577 
 3.0459160415 3.4551012710 3.8917879202 
 3.0428949952 3.4515374212 3.8876286179 
 3.0427509819 3.4514242396 3.8875578831 
 3.0454684426 3.4547434280 3.8915544456 
 3.0508835415 3.4613047615 3.8993995496 
 3.0586887124 3.4707510504 3.9106822862 
 3.0684412399 3.4825675357 3.9248097326 
 3.0795760348 3.4960959577 3.9410222292 
 3.0914227817 3.5105535786 3.9584142068 
 3.1032275870 3.5250574052 3.9759609544 
 3.1141791218 3.5386537186 3.9925515898 
 3.1234390406 3.5503527801 4.0070282265 
 3.1301761505 3.5591682275 4.0182309321 
 3.1336034420 3.5641602365 4.0250475514 
 3.1330166852 3.5644810199 4.0264668537 
 3.1278328902 3.5594207201 4.0216328176 
 3.1176265896 3.5484512885 4.0098972545 
 3.1021616678 3.5312656078 3.9908674963 
 3.0814163996 3.5078089702 3.9644456187 
 3.0555995203 3.4783001516 3.9308557352 
 3.0251555312 3.4432397373 3.8906563349 
 2.9907580635 3.4034040720 3.8447354518 
 2.9532909108 3.3598241678 3.7942876116 
 2.9138172362 3.3137500143 3.7407728766 
 2.8735383489 3.2666018755 3.6858597469 
 2.8337442321 3.2199111717 3.6313549919 
 2.7957585832 3.1752543204 3.5791245059 
 2.7608814523 3.1341833477 3.5310098757 
 2.7303325986 3.0981571572 3.4887454750 
 2.7051984722 3.0684770816 3.4538805908 
 2.6863853240 3.0462298351 3.4277104433 
 2.6745804366 3.0322403387 3.4112191434 
 2.6702229448 3.0270362178 3.4050367803 
 2.6734852267 3.0308251665 3.4094120703 
 2.6842654383 3.0434858635 3.4242013781 
 2.7021914178 3.0645727082 3.4488744228 
 2.7266358697 3.0933342712 3.4825365475 
 2.7567424024 3.1287449499 3.5239669510 
 2.7914615956 3.1695488318 3.5716716924 
 2.8295957968 3.2143141753 3.6239495384 
 2.8698508123 3.2614962385 3.6789678702 
 2.9108921192 3.3095055058 3.7348449992 
 2.9514027679 3.3567777815 3.7897345116 
 2.9901398515 3.4018422618 3.8419068218 
 3.0259863743 3.4433836588 3.8898230939 
 3.0579955826 3.4802947791 3.9321971475 
 3.0854253400 3.5117166484 3.9680418753 
 3.1077608704 3.5370642415 3.9966979590 
 3.1247250788 3.5560370110 4.0178441103 
 3.1362765764 3.5686145619 4.0314895010 
 3.1425963850 3.5750388519 4.0379502991 
 3.1440649792 3.5757851109 4.0378131739 
 3.1412317919 3.5715241863 4.0318891903 
 3.1347795333 3.5630792407 4.0211616907 
 3.1254856768 3.5513796531 4.0067315928 
 3.1141832713 3.5374146874 3.9897631022 
 3.1017229183 3.5221890477 3.9714322533 
 3.0889373518 3.5066819243 3.9528800303 
 3.0766096404 3.4918106121 3.9351711835 
 3.0654456413 3.4783993113 3.9192592903 
 3.0560510051 3.4671533307 3.9059581663 
 3.0489127813 3.4586386370 3.8959194171 
 3.0443855143 3.4532665165 3.8896157489 
 3.0426816433 3.4512830538 3.8873296008 
 3.0438660162 3.4527631475 3.8891467141 
 3.0478543804 3.4576088708 3.8949543779 
 3.0544158014 3.4655521096 3.9044442626 
 3.0631790540 3.4761615450 3.9171199365 
 3.0736431164 3.4888541720 3.9323093286 
 3.0851919434 3.5029116197 3.9491825148 
 3.0971136811 3.5175015494 3.9667752430 
 3.1086244023 3.5317043265 3.9840185455 
 3.1188962673 3.5445449748 3.9997745922 
 3.1270897613 3.5550301344 4.0128786106 
 3.1323893203 3.5621893411 4.0221862427 
 3.1340412729 3.5651194786 4.0266251340 
 3.1313926094 3.5630307328 4.0252489199 
 3.1239287115 3.5552918813 4.0172911272 
 3.1113078726 3.5414723355 4.0022159518 
 3.0933902819 3.5213780951 3.9797624859 
 3.0702591789 3.4950787530 3.9499788521 
 3.0422321484 3.4629229424 3.9132429341 
 3.0098610178 3.4255401785 3.8702670036 
 2.9739195260 3.3838278855 3.8220845337 
 2.9353787808 3.3389234421 3.7700187563 
 2.8953714262 3.2921622225 3.7156339521 
 2.8551462992 3.2450237085 3.6606718664 
 2.8160160531 3.1990686645 3.6069768402 
 2.7793006954 3.1558709994 3.5564140813 
 2.7462701743 3.1169482034 3.5107858836 
 2.7180890654 3.0836941658 3.4717505120 
 2.6957660978 3.0573177892 3.4407479979 
 2.6801107938 3.0387902297 3.4189363387 
 2.6716989731 3.0288029220 3.4071407508 
 2.6708483541 3.0277378990 3.4058178006 
 2.6776050387 3.0356513506 3.4150355393 
 2.6917412848 3.0522709066 3.4344702114 
 2.7127646462 3.0770067384 3.4634196474 
 2.7399382412 3.1089761940 3.5008330064 
 2.7723115490 3.1470412451 3.5453560154 
 2.8087606988 3.1898574885 3.5953901911 
 2.8480367101 3.2359328045 3.6491637301 
 2.8888195962 3.2836930825 3.7048108771 
 2.9297757316 3.3315517780 3.7604557574 
 2.9696154912 3.3779795671 3.8142960457 
 3.0071479838 3.4215701520 3.8646815843 
 3.0413297827 3.4610983944 3.9101832597 
 3.0713049234 3.4955674558 3.9496481248 
 3.0964340684 3.5242424552 3.9822378378 
 3.1163115606 3.5466692142 4.0074488610 
 3.1307700008 3.5626778217 4.0251143185 
 3.1398728818 3.5723718644 4.0353887884 
 3.1438965945 3.5761051102 4.0387184271 
 3.1433037088 3.5744481143 4.0357995944 
 3.1387097883 3.5681475938 4.0275295294 
 3.1308461174 3.5580814924 4.0149526342 
 3.1205206245 3.5452124799 3.9992056226 
 3.1085790259 3.5305422578 3.9814642772 
 3.0958678509 3.5150685575 3.9628939249 
 3.0832005901 3.4997461921 3.9446050836 
 3.0713278034 3.4854530151 3.9276151214 
 3.0609116532 3.4729612066 3.9128162567 
 3.0525050380 3.4629139635 3.9009498420 
 3.0465352903 3.4558074430 3.8925866273 
 3.0432922840 3.4519776848 3.8881125794 
 3.0429207544 3.4515922153 3.8877198352 
 3.0454166610 3.4546460861 3.8914024526 
 3.0506274923 3.4609622095 3.8989567743 
 3.0582565070 3.4701959873 3.9099864018 
 3.0678710013 3.4818443585 3.9239119552 
 3.0789147563 3.4952595003 3.9399859444 
 3.0907248464 3.5096674634 3.9573131556 
 3.1025529406 3.5241919897 3.9748769548 
 3.1135911078 3.5378836388 3.9915717802 
 3.1230019225 3.5497541104 4.0062418444 
 3.1299523752 3.5588153095 4.0177256764 
 3.1336507261 3.5641222652 4.0249056198 
 3.1333850372 3.5648185142 4.0267607967 
 3.1285617135 3.5601820445 4.0224213982 
 3.1187420321 3.5496694246 4.0112215479 
 3.1036743955 3.5329553924 3.9927474927 
 3.0833199729 3.5099650212 3.9668775999 
 3.0578695266 3.4808956815 3.9338106825 
 3.0277495934 3.4462264119 3.8940795721 
 2.9936167872 3.4067130068 3.8485476584 
 2.9563397698 3.3633680752 3.7983872378 
 2.9169693245 3.3174264267 3.7450398849 
 2.8766978625 3.2702972834 3.6901604951 
 2.8368104899 3.2235058478 3.6355479831 
 2.7986303611 3.1786275500 3.5830666630 
 2.7634613887 3.1372187680 3.5345629723 
 2.7325314381 3.1007479118 3.4917823600 
 2.7069389373 3.0705305296 3.4562908814 
 2.6876054406 3.0476715981 3.4294054190 
 2.6752361804 3.0330175206 3.4121356390 
 2.6702901135 3.0271196831 3.4051399385 
 2.6729604797 3.0302108042 3.4086968698 
 2.6831664717 3.0421948010 3.4226928912 
 2.7005562692 3.0626504665 3.4466267972 
 2.7245213700 3.0908488832 3.4796307341 
 2.7542218201 3.1257840958 3.5205072430 
 2.7886215516 3.1662160870 3.5677811901 
 2.8265325671 3.2107245138 3.6197647160 
 2.8666661773 3.2577709911 3.6746324863 
 2.9076889594 3.3057670197 3.7305036605 
 2.9482806346 3.3531440678 3.7855262436 
 2.9871907573 3.3984219341 3.8379590222 
 3.0232910408 3.4402714577 3.8862462303 
 3.0556203568 3.4775679382 3.9290805084 
 3.0834199407 3.5094322938 3.9654506005 
 3.1061570640 3.5352579356 3.9946714704 
 3.1235363130 3.5547224628 4.0163959518 
 3.1354985315 3.5677844382 4.0306084892 
 3.1422083424 3.5746665538 4.0376028023 
 3.1440318614 3.5758273242 4.0379462751 
 3.1415066993 3.5719239900 4.0324344619 
 3.1353065972 3.5637695464 4.0220393082 
 3.1262030511 3.5522867668 4.0078545357 
 3.1150261096 3.5384618097 3.9910412339 
 3.1026262067 3.5232995690 3.9727761153 
 3.0898385036 3.5077824099 3.9542042409 
 3.0774507878 3.4928334112 3.9363973764 
 3.0661755891 3.4792847590 3.9203185677 
 3.0566268322 3.4678515369 3.9067930707 
 3.0493010940 3.4591108728 3.8964854467 
 3.0445633631 3.4534862222 3.8898824487 
 3.0426371186 3.4512364886 3.8872812623 
 3.0435985366 3.4524497031 3.8887827103 
 3.0473746817 3.4570410583 3.8942891482 
 3.0537456269 3.4647552208 3.9035069484 
 3.0623505396 3.4751729794 3.9159536548 
 3.0726978591 3.4877224111 3.9309700585 
 3.0841797388 3.5016948273 3.9477375663 
 3.0960909199 3.5162657791 3.9653012778 
 3.1076521240 3.5305213250 3.9825991272 
 3.1180378857 3.5434895899 3.9984972638 
 3.1264084982 3.5541773593 4.0118315260 
 3.1319454129 3.5616110629 4.0214544174 
 3.1338890476 3.5648810338 4.0262864271 
 3.1315775505 3.5631874137 4.0253699079 
 3.1244846752 3.5558855733 4.0179230773 
 3.1122546198 3.5425284904 4.0033911412 
 3.0947315056 3.5229032611 3.9814911337 
 3.0719811965 3.4970588720 3.9522469294 
 3.0443033966 3.4653225978 3.9160110867 
 3.0122324473 3.4283029244 3.8734707643 
 2.9765259316 3.3868777149 3.8256359132 
 2.9381410359 3.3421673711 3.7738092004 
 2.8981995229 3.2954938783 3.7195385434 
 2.8579430345 3.2483277310 3.6645545451 
 2.8186811556 3.2022256723 3.6106963417 
 2.7817351602 3.1587628319 3.5598302380 
 2.7483805700 3.1194631454 3.5137659252 
 2.7197915907 3.0857318779 3.4741750217 
 2.6969901954 3.0587937025 3.4425162244 
 2.6808021668 3.0396392149 3.4199706310 
 2.6718218889 3.0289820905 3.4073899418 
 2.6703871581 3.0272284418 3.4052594260 
 2.6765648311 3.0344593590 3.4136768269 
 2.6901477387 3.0504271500 3.4323478104 
 2.7106629714 3.0745654022 3.4605981029 
 2.7373913197 3.1060126111 3.4974020166 
 2.7693973008 3.1436486899 3.5414265554 
 2.8055687694 3.1861431465 3.5910896395 
 2.8446646146 3.2320130833 3.6446302017 
 2.8853684937 3.2796884811 3.7001870297 
 2.9263460414 3.3275815774 3.7558824008 
 2.9663025860 3.3741566363 3.8099059158 
 3.0040382020 3.4179961686 3.8605936517 
 3.0384969846 3.4578597562 3.9064979124 
 3.0688077821 3.4927321137 3.9464434963 
 3.0943142288 3.5218578218 3.9795674629 
 3.1145927353 3.5447612206 4.0053407278 
 3.1294580004 3.5612511058 4.0235712794 
 3.1389565140 3.5714109936 4.0343901943 
 3.1433493104 3.5755766795 4.0382227736 
 3.1430858394 3.5743035172 4.0357479258 
 3.1387711944 3.5683262457 4.0278493273 
 3.1311290750 3.5585142904 4.0155619301 
 3.1209627793 3.5458253015 4.0000171036 
 3.1091162765 3.5312593350 3.9823891976 
 3.0964370478 3.5158156011 3.9638456862 
 3.0837419708 3.5004531801 3.9455023944 
 3.0717871130 3.4860565966 3.9283846905 
 3.0612419252 3.4734067004 3.9133950104 
 3.0526680305 3.4631569556 3.9012866776 
 3.0465025842 3.4558149979 3.8926437316 
 3.0430460573 3.4517291942 3.8878663453 
 3.0424542466 3.4510799039 3.8871614052 
 3.0447343385 3.4538751912 3.8905379102 
 3.0497449185 3.4599508393 3.8978069915 
 3.0571999156 3.4689746536 3.9085865365 
 3.0666765607 3.4804551704 3.9223105789 
 3.0776275134 3.4937549981 3.9382437721 
 3.0893973355 3.5081090706 3.9555013464 
 3.1012434504 3.5226480676 3.9730749538 
 3.1123616103 3.5364271391 3.9898646883 
 3.1219156874 3.5484598439 4.0047173237 
 3.1290713174 3.5577568767 4.0164704347 
 3.1330325635 3.5633687318 4.0240015576 
 3.1330803670 3.5644309507 4.0262809496 
 3.1286111434 3.5602100906 4.0224258553 
 3.1191735289 3.5501480678 4.0117535719 
 3.1045010255 3.5339021750 3.9938300954 
 3.0845382078 3.5113778926 3.9685108434 
 3.0594582729 3.4827516950 3.9359699573 
 3.0296700660 3.4484814285 3.8967150653 
 2.9958132985 3.4093025061 3.8515851495 
 2.9587414408 3.3662090959 3.8017302706 
 2.9194926588 3.3204205753 3.7485732533 
 2.8792500565 3.2733346650 3.6937548765 
 2.8392932995 3.2264697009 3.6390654591 
 2.8009443073 3.1813993206 3.5863668021 
 2.7655100689 3.1396833301 3.5375091156 
 2.7342257116 3.1027986495 3.4942477548 
 2.7082007778 3.0720740194 3.4581643382 
 2.6883712800 3.0486316751 3.4305962252 
 2.6754596081 3.0333385596 3.4125775221 
 2.6699438342 3.0267689758 3.4047939347 
 2.6720374651 3.0291799568 3.4075530067 
 2.6816802714 3.0405001077 3.4207706361 
 2.6985404694 3.0603322489 3.4439742543 
 2.7220282132 3.0879698078 3.4763226090 
 2.7513200237 3.1224265183 3.5166416301 
 2.7853933977 3.1624785088 3.5634752861 
 2.8230703719 3.2067172857 3.6151496235 
 2.8630682908 3.2536114505 3.6698473384 
 2.9040554861 3.3015742987 3.7256893595 
 2.9447090964 3.3490338489 3.7808191580 
 2.9837719378 3.3945014509 3.8334850102 
 3.0201052467 3.4366350307 3.8821153456 
 3.0527343056 3.4742933024 3.9253827005 
 3.0808844419 3.5065779154 3.9622526412 
 3.1040055974 3.5328614366 3.9920152380 
 3.1217845422 3.5528001845 4.0142980940 
 3.1341447206 3.5663320913 4.0290613822 
 3.1412345852 3.5736608291 4.0365766355 
 3.1434059849 3.5752282852 4.0373920295 
 3.1411846758 3.5716780357 4.0322875201 
 3.1352352875 3.5638127271 4.0222234269 
 3.1263231066 3.5525482438 4.0082859358 
 3.1152748786 3.5388672799 3.9916325964 
 3.1029405188 3.5237745067 3.9734403207 
 3.0901572340 3.5082550213 3.9548577379 
 3.0777171368 3.4932372328 3.9369631108 
 3.0663390371 3.4795608636 3.9207284437 
 3.0566447563 3.4679503410 3.9069899462 
 3.0491400460 3.4589935527 3.8964246817 
 3.0442000192 3.4531257583 3.8895330387 
 3.0420589148 3.4506183609 3.8866265875 
 3.0428040029 3.4515722546 3.8878209256 
 3.0463734817 3.4559155380 3.8930332291 
 3.0525583034 3.4634055063 3.9019843932 
 3.0610079599 3.4736349699 3.9142058305 
 3.0712403471 3.4860430727 3.9290511658 
 3.0826558793 3.4999308697 3.9457131926 
 3.0945560246 3.5144819410 3.9632465071 
 3.1061663543 3.5287882584 3.9805961822 
 3.1166640454 3.5418813471 3.9966326763 
 3.1252095296 3.5527685118 4.0101928569 
 3.1309816556 3.5604735151 4.0201265873 
 3.1332153523 3.5640806290 4.0253477632 
 3.1312403678 3.5627804713 4.0248880599 
 3.1245192696 3.5559155314 4.0179510058 
 3.1126825763 3.5430228561 4.0039634175 
 3.0955587062 3.5238710852 3.9826208145 
 3.0731964344 3.4984889598 3.9539232715 
 3.0458777709 3.4671826414 3.9181983380 
 3.0141196391 3.4305396923 3.8761082140 
 2.9786634038 3.3894183660 3.8286393002 
 2.9404521350 3.3449218785 3.7770734796 
 2.9005963919 3.2983584626 3.7229418994 
 2.8603301850 3.2511891230 3.6679634446 
 2.8209595020 3.2049659641 3.6139713305 
 2.7838062881 3.1612646360 3.5628321398 
 2.7501510051 3.1216147716 3.5163620815 
 2.7211768471 3.0874322503 3.4762452296 
 2.6979184089 3.0599567769 3.4439580741 
 2.6812171566 3.0401976998 3.4207040010 
 2.6716855287 3.0288903281 3.4073604757 
 2.6696809760 3.0264643490 3.4044408729 
 2.6752907865 3.0330253678 3.4120721713 
 2.6883281536 3.0483501193 3.4299891613 
 2.7083396139 3.0718954995 3.4575453379 
 2.7346236644 3.1028211928 3.4937402168 
 2.7662600177 3.1400252430 3.5372623053 
 2.8021485299 3.1821914003 3.5865463218 
 2.8410563414 3.2278464463 3.6398424804 
 2.8816712237 3.2754250156 3.6952947816 
 2.9226586072 3.3233387669 3.7510244131 
 2.9627193478 3.3700462346 3.8052137082 
 3.0006450676 3.4141194263 3.8561857889 
 3.0353679455 3.4543033042 3.9024751460 
 3.0660021552 3.4895647328 3.9428850150 
 3.0918747447 3.5191282634 3.9765284374 
 3.1125445465 3.5424971558 4.0028512318 
 3.1278086146 3.5594591956 4.0216365596 
 3.1376965927 3.5700779928 4.0329921628 
 3.1424542192 3.5746714215 4.0373225233 
 3.1425177975 3.5737795840 4.0352890182 
 3.1384818507 3.5681251076 4.0277615870 
 3.1310623335 3.5585686998 4.0157654858 
 3.1210577111 3.5460627452 4.0004264442 
 3.1093099750 3.5316053796 3.9829170558 
 3.0966673137 3.5161970049 3.9644066084 
 3.0839497457 3.5008006830 3.9460159051 
 3.0719186081 3.4863073353 3.9287780031 
 3.0612504186 3.4735062282 3.9136052683 
 3.0525153254 3.4630608655 3.9012627397 
 3.0461601334 3.4554901653 3.8923475259 
 3.0424957670 3.4511546587 3.8872738227 
 3.0416889728 3.4502474109 3.8862631228 
 3.0437580856 3.4527894089 3.8893392642 
 3.0485727452 3.4586292558 3.8963281072 
 3.0558575430 3.4674471498 3.9068618091 
 3.0651996743 3.4787632550 3.9203878479 
 3.0760607447 3.4919506839 3.9361830986 
 3.0877929076 3.5062533697 3.9533733619 
 3.0996594812 3.5208090874 3.9709587509 
 3.1108600745 3.5346777753 3.9878452373 
 3.1205600595 3.5468750837 4.0028824211 
 3.1279239412 3.5564107578 4.0149072228 
 3.1321518220 3.5623310353 4.0227926960 
 3.1325177589 3.5637637458 4.0255005673 
 3.1284084019 3.5599642862 4.0221354605 
 3.1193599415 3.5503601627 4.0119981414 
 3.1050911307 3.5345914160 3.9946345982 
 3.0855300435 3.5125440598 3.9698774659 
 3.0608323353 3.4843737175 3.9378762869 
 3.0313891059 3.4505169951 3.8991134480 
 2.9978230291 3.4116887784 3.8544033695 
 2.9609721717 3.3688645537 3.8048736057 
 2.9218618002 3.3232479396 3.7519278549 
 2.8816653743 3.2762247587 3.6971923167 
 2.8416567444 3.2293060369 3.6424481905 
 2.8031562035 3.1840631512 3.5895542099 
 2.7674734277 3.1420588704 3.5403638034 
 2.7358504393 3.1047781845 3.4966417072 
 2.7094075668 3.0735626328 3.4599846335 
 2.6890950041 3.0495513773 3.4317500234 
 2.6756520828 3.0336316423 3.4129961161 
 2.6695758411 3.0264004705 3.4044357165 
 2.6710999729 3.0281391156 3.4064052513 
 2.6801848174 3.0388008626 3.4188500512 
 2.6965186868 3.0580126333 3.4413262776 
 2.7195305160 3.0850903541 3.4730194680 
 2.7484134862 3.1190676743 3.5127792167 
 2.7821588965 3.1587371583 3.5591689466 
 2.8195990979 3.2027025033 3.6105290236 
 2.8594577790 3.2494396736 3.6650506289 
 2.9004053506 3.2973641523 3.7208569325 
 2.9411166914 3.3449008966 3.7760873365 
 2.9803281832 3.3905531695 3.8289800360 
 3.0168908534 3.4329663004 3.8779480271 
 3.0498166157 3.4709826730 3.9216440347 
 3.0783150511 3.5036848499 3.9590106495 
 3.1018188713 3.5304246578 3.9893131542 
 3.1199970665 3.5508371622 4.0121539347 
 3.1327556605 3.5648396226 4.0274688226 
 3.1402268645 3.5726165912 4.0355070261 
 3.1427481520 3.5745931836 4.0367973258 
 3.1408332901 3.5713991398 4.0321038616 
 3.1351376496 3.5638265730 4.0223750999 
 3.1264201593 3.5527842961 4.0086894684 
 3.1155041219 3.5392513693 3.9922007740 
 3.1032388110 3.5242320942 3.9740859542 
 3.0904633781 3.5087141805 3.9554970668 
 3.0779741849 3.4936312791 3.9375187707 
 3.0664962728 3.4798305934 3.9211319662 
 3.0566593375 3.4680458694 3.9071837900 
 3.0489783077 3.4588757595 3.8963638157 
 3.0438384463 3.4527673588 3.8891861049 
 3.0414847985 3.4500046247 3.8859766769 
 3.0420157924 3.4507013895 3.8868659915 
 3.0453808396 3.4547987505 3.8917861523 
 3.0513818644 3.4620667393 3.9004727011 
 3.0596787865 3.4721103081 3.9124710572 
 3.0697990699 3.4843797981 3.9271478288 
 3.0811515075 3.4981861448 3.9437073556 
 3.0930444136 3.5127210987 3.9612138945 
 3.1047083272 3.5270826859 3.9786198242 
 3.1153231796 3.5403059674 3.9948000739 
 3.1240496405 3.5513988911 4.0085926919 
 3.1300640371 3.5593826562 4.0188450324 
 3.1325958648 3.5633355496 4.0244644985 
 3.1309664936 3.5624387039 4.0244721480 
 3.1246272864 3.5560217191 4.0180568273 
 3.1131950177 3.5436056489 4.0046269071 
 3.0964822888 3.5249405544 3.9838562654 
 3.0745206205 3.5000347470 3.9557209740 
 3.0475741163 3.4691730311 3.9205232971 
 3.0161420283 3.4329217492 3.8789001331 
 2.9809492210 3.3921192099 3.8318139375 
 2.9429243509 3.3478510863 3.7805253822 
 2.9031664789 3.3014115000 3.7265484116 
 2.8629017110 3.2542516292 3.6715897809 
 2.8234322015 3.2079186458 3.6174764215 
 2.7860803839 3.1639884892 3.5660749041 
 2.7521315407 3.1239963348 3.5192077574 
 2.7227778054 3.0893686071 3.4785714165 
 2.6990664165 3.0613600610 3.4456601763 
 2.6818546138 3.0409989003 3.4216998268 
 2.6717730419 3.0290422463 3.4075938080 
 2.6691990080 3.0259436027 3.4038838876 
 2.6742404741 3.0318333824 3.4107266308 
 2.6867312652 3.0465130741 3.4278863470 
 2.7062376483 3.0694632293 3.4547447209 
 2.7320761135 3.0998650726 3.4903269003 
 2.7633418458 3.1366351202 3.5333433135 
 2.7989469583 3.1784716806 3.5822458666 
 2.8376670645 3.2239114914 3.6352963973 
 2.8781942282 3.2713940643 3.6906443962 
 2.9191938001 3.3193306361 3.7464101584 
 2.9593622265 3.3661740930 3.8007688533 
 2.9974826745 3.4104859394 3.8520306501 
 3.0324753374 3.4509964343 3.8987121271 
 3.0634395829 3.4866544321 3.9395947611 
 3.0896856869 3.5166642261 3.9737672960 
 3.1107546748 3.5405077148 4.0006501103 
 3.1264256998 3.5579513596 4.0200011541 
 3.1367112921 3.5690385370 4.0319044365 
 3.1418416330 3.5740688797 4.0367432318 
 3.1422396392 3.5735669463 4.0351610319 
 3.1384890572 3.5682430021 4.0280137380 
 3.1312979358 3.5589488407 4.0163166745 
 3.1214597966 3.5466314469 4.0011897709 
 3.1098145964 3.5322869670 3.9838037805 
 3.0972112276 3.5169169885 3.9653297961 
 3.0844728959 3.5014886076 3.9468936596 
 3.0723662992 3.4868992481 3.9295362378 
 3.0615751512 3.4739467424 3.9141799996 
 3.0526782842 3.4633048190 3.9016019115 
 3.0461323353 3.4555038892 3.8924123933 
 3.0422588796 3.4509168764 3.8870399261 
 3.0412358190 3.4497497901 3.8857208819 
 3.0430928442 3.4520367802 3.8884942138 
 3.0477108522 3.4576395062 3.8952007833 
 3.0548252909 3.4662507858 3.9054872806 
 3.0640334999 3.4774026226 3.9188148744 
 3.0748061905 3.4904788245 3.9344728869 
 3.0865032451 3.5047324895 3.9515978877 
 3.0983939839 3.5193086230 3.9691986167 
 3.1096819467 3.5332720484 3.9861870484 
 3.1195340397 3.5456405612 4.0014156869 
 3.1271136271 3.5554229612 4.0137208203 
 3.1316167913 3.5616611763 4.0219709781 
 3.1323105929 3.5634752096 4.0251192435 
 3.1285717488 3.5601091184 4.0222574305 
 3.1199237818 3.5509757519 4.0126695047 
 3.1060704227 3.5356975889 3.9958810993 
 3.0869229268 3.5141408096 3.9717016477 
 3.0626190574 3.4864397743 3.9402556150 
 3.0335317998 3.4530094092 3.9019996284 
 3.0002664223 3.4145436277 3.8577230128 
 2.9636452408 3.3719988080 3.8085302973 
 2.9246803188 3.3265624295 3.7558055835 
 2.8845352318 3.2796081092 3.7011601011 
 2.8444778565 3.2326393497 3.6463656498 
 2.8058267958 3.1872251676 3.5932777481 
 2.7698944511 3.1449313172 3.5437530430 
 2.7379298809 3.1072510066 3.4995658037 
 2.7110644368 3.0755388410 3.4623281338 
 2.6902628158 3.0509512810 3.4334179834 
 2.6762816812 3.0343962904 3.4139182596 
 2.6696374748 3.0264941715 3.4045694797 
 2.6705845430 3.0275509546 3.4057376150 
 2.6791042632 3.0375451710 3.4173981068 
 2.6949054988 3.0561283951 3.4391365104 
 2.7174363855 3.0826395646 3.4701657744 
 2.7459071321 3.1161326965 3.5093597097 
 2.7793231399 3.1554171637 3.5553016535 
 2.8165272927 3.1991091302 3.6063466370 
 2.8562497498 3.2456920896 3.6606945412 
 2.8971630284 3.2935837588 3.7164708493 
 2.9379396733 3.3412059565 3.7718108152 
 2.9773094568 3.3870536591 3.8249423253 
 3.0141129298 3.4297592853 3.8742625753 
 3.0473482882 3.4681484748 3.9184039903 
 3.0762089552 3.5012842130 3.9562856022 
 3.1001099587 3.5284970442 3.9871472607 
 3.1187020382 3.5494002168 4.0105654623 
 3.1318733328 3.5638897626 4.0264510364 
 3.1397393792 3.5721305960 4.0350302511 
 3.1426228934 3.5745306054 4.0368119511 
 3.1410253393 3.5717053205 4.0325440191 
 3.1355925937 3.5644360424 4.0231627394 
 3.1270770775 3.5536243354 4.0097385736 
 