3.3343408967 3.7613123969 4.2116755678 
 3.3824853287 3.8171740849 4.2762059248 
 3.4283421278 3.8702220427 4.3373137303 
 3.4705810261 3.9189011713 4.3931921224 
 3.5080852060 3.9619153904 4.4423464378 
 3.5399915131 3.9982740833 4.4836473830 
 3.5657159573 4.0273204602 4.5163621228 
 3.5849637322 4.0487411204 4.5401626898 
 3.5977241575 4.0625575547 4.5551129245 
 3.6042519975 4.0691015982 4.5616366752 
 3.6050374240 4.0689777877 4.5604710662 
 3.6007674042 4.0630161342 4.5526092139 
 3.5922814964 4.0522189716 4.5392368498 
 3.5805249495 4.0377053590 4.5216669725 
 3.5665016979 4.0206560618 4.5012760214 
 3.5512293799 4.0022615285 4.4794442722 
 3.5356979820 3.9836746086 4.4575023142 
 3.5208331797 3.9659691071 4.4366846863 
 3.5074649659 3.9501047000 4.4180910827 
 3.4963017704 3.9368982916 4.4026550354 
 3.4879099924 3.9270015826 4.3911196462 
 3.4826987023 3.9208844474 4.3840197748 
 3.4809092028 3.9188236731 4.3816700681 
 3.4826091689 3.9208966705 4.3841583134 
 3.4876911729 3.9269798982 4.3913437802 
 3.4958755340 3.9367519188 4.4028604480 
 3.5067175685 3.9497011955 4.4181252622 
 3.5196194437 3.9651389051 4.4363517846 
 3.5338469127 3.9822171633 4.4565697695 
 3.5485512157 3.9999530888 4.4776512670 
 3.5627963469 4.0172590634 4.4983438042 
 3.5755916957 4.0329793415 4.5173109902 
 3.5859297649 4.0459328258 4.5331805199 
 3.5928282656 4.0549613495 4.5445990138 
 3.5953753957 4.0589822245 4.5502924372 
 3.5927765855 4.0570431597 4.5491300528 
 3.5844004814 4.0483769989 4.5401890296 
 3.5698215194 4.0324531610 4.5228160795 
 3.5488561855 4.0090222737 4.4966819317 
 3.5215900418 3.9781503888 4.4618242154 
 3.4883928768 3.9402394146 4.4186745167 
 3.4499199167 3.8960310465 4.3680660631 
 3.4070979073 3.8465924976 4.3112196764 
 3.3610959501 3.7932836447 4.2497072205 
 3.3132821452 3.7377066691 4.1853935912 
 3.2651682141 3.6816407026 4.1203601154 
 3.2183452006 3.6269651984 4.0568137940 
 3.1744139698 3.5755765770 3.9969879245 
 3.1349144803 3.5293030561 3.9430401423 
 3.1012576903 3.4898224587 3.8969538013 
 3.0746635459 3.4585872766 3.8604479754 
 3.0561078837 3.4367604911 3.8349003804 
 3.0462803955 3.4251647763 3.8212864023 
 3.0455551363 3.4242468784 3.8201363730 
 3.0539744968 3.4340582623 3.8315123682 
 3.0712470993 3.4542525634 3.8550051440 
 3.0967596922 3.4840999334 3.8897513145 
 3.1296027425 3.5225179275 3.9344703671 
 3.1686089825 3.5681180552 3.9875204975 
 3.2124036251 3.6192664480 4.0469714287 
 3.2594643043 3.6741562744 4.1106913496 
 3.3081880952 3.7308886387 4.1764439820 
 3.3569622980 3.7875578590 4.2419907135 
 3.4042351793 3.8423363971 4.3051919610 
 3.4485826435 3.8935544612 4.3641016332 
 3.4887669524 3.9397695169 4.4170488777 
 3.5237841329 3.9798216537 4.4627022440 
 3.5528975756 4.0128718729 4.5001128613 
 3.5756564149 4.0384217741 4.5287350216 
 3.5918984715 4.0563146062 4.5484244279 
 3.6017386691 4.0667190441 4.5594160665 
 3.6055447879 4.0700981836 4.5622849905 
 3.6039031019 4.0671670162 4.5578941521 
 3.5975768086 4.0588420109 4.5473337589 
 3.5874602302 4.0461864186 4.5318565005 
 3.5745315635 4.0303545945 4.5128125093 
 3.5598065708 4.0125380968 4.4915871922 
 3.5442951013 3.9939156714 4.4695442473 
 3.5289617975 3.9756085605 4.4479753514 
 3.5146918260 3.9586419548 4.4280572694 
 3.5022620320 3.9439128919 4.4108165448 
 3.4923175778 3.9321645208 4.3971015006 
 3.4853538964 3.9239664042 4.3875610278 
 3.4817036731 3.9197004246 4.3826295418 
 3.4815285506 3.9195518590 4.3825175223 
 3.4848153089 3.9235052865 4.3872071975 
 3.4913763846 3.9313451487 4.3964531380 
 3.5008547348 3.9426609696 4.4097877735 
 3.5127331805 3.9568574244 4.4265320813 
 3.5263484780 3.9731695984 4.4458118994 
 3.5409104062 3.9906838562 4.4665804416 
 3.5555261310 4.0083647323 4.4876476095 
 3.5692299696 4.0250881229 4.5077165779 
 3.5810184376 4.0396807928 4.5254278503 
 3.5898901066 4.0509658119 4.5394105309 
 3.5948893530 4.0578130048 4.5483399472 
 3.5951525638 4.0591928744 4.5510000120 
 3.5899548424 4.0542317982 4.5463478914 
 3.5787547736 4.0422656674 4.5335777414 
 3.5612344564 4.0228886420 4.5121795899 
 3.5373318610 3.9959934248 4.4819890188 
 3.5072626784 3.9617995088 4.4432232438 
 3.4715292482 3.9208662798 4.3964996145 
 3.4309148747 3.8740886852 4.3428334749 
 3.3864628137 3.8226743457 4.2836137164 
 3.3394403530 3.7681023934 4.2205560740 
 3.2912895692 3.7120657932 4.1556360678 
 3.2435673938 3.6564002527 4.0910052283 
 3.1978784174 3.6030038799 4.0288956146 
 3.1558043184 3.5537523664 3.9715184760 
 3.1188338793 3.5104146075 3.9209631131 
 3.0882972971 3.4745733599 3.8791016228 
 3.0653079662 3.4475548775 3.8475043845 
 3.0507142552 3.4303706271 3.8273700765 
 3.0450631077 3.4236733129 3.8194729110 
 3.0485766771 3.4277286614 3.8241288006 
 3.0611426906 3.4424037832 3.8411814057 
 3.0823188197 3.4671724381 3.8700084306 
 3.1113509607 3.5011370902 3.9095480423 
 3.1472049330 3.5430671757 3.9583447496 
 3.1886106159 3.5914524160 4.0146133715 
 3.2341169436 3.6445692648 4.0763188076 
 3.2821554955 3.7005577096 4.1412682298 
 3.3311097105 3.7575047594 4.2072111868 
 3.3793861572 3.8135301881 4.2719421535 
 3.4254839080 3.8668696349 4.3333994820 
 3.4680580094 3.9159501209 4.3897546868 
 3.5059733606 3.9594534851 4.4394866131 
 3.5383460026 3.9963641579 4.4814362398 
 3.5645697986 4.0259989662 4.5148395175 
 3.5843276456 4.0480181336 4.5393375008 
 3.5975875342 4.0624181110 4.5549648545 
 3.6045848370 4.0695081597 4.5621193595 
 3.6057930410 4.0698735860 4.5615161651 
 3.6018856793 4.0643291067 4.5541311415 
 3.5936924391 4.0538660122 4.5411378025 
 3.5821523600 4.0395966289 4.5238419609 
 3.5682667431 4.0226991492 4.5036176643 
 3.5530539397 4.0043652954 4.4818471770 
 3.5375076633 3.9857526173 4.4598669323 
 3.5225599346 3.9679425638 4.4389205867 
 3.5090492860 3.9519048954 4.4201196358 
 3.4976944532 3.9384685468 4.4044115281 
 3.4890734957 3.9282987258 4.3925548723 
 3.4836081084 3.9218798579 4.3851011479 
 3.4815528186 3.9195039261 4.3823823043 
 3.4829887800 3.9212638093 4.3845037180 
 3.4878219654 3.9270513492 4.3913421574 
 3.4957856811 3.9365600485 4.4025486320 
 3.5064474751 3.9492924955 4.4175562523 
 3.5192206285 3.9645727804 4.4355934492 
 3.5333805069 3.9815642909 4.4557030754 
 3.5480860598 3.9992933166 4.4767679888 
 3.5624066760 4.0166788288 4.4975436789 
 3.5753544242 4.0325686102 4.5166983026 
 3.5859214086 4.0457815814 4.5328601405 
 3.5931215725 4.0551557066 4.5446719566 
 3.5960357982 4.0596002853 4.5508510655 
 3.5938586248 4.0581507846 4.5502531199 
 3.5859443940 4.0500237113 4.5419368066 
 3.5718502002 4.0346684415 4.5252258727 
 3.5513727533 4.0118125215 4.4997643243 
 3.5245762248 3.9814968219 4.4655603719 
 3.4918084008 3.9440971456 4.4230148529 
 3.4537030232 3.9003295079 4.3729305140 
 3.4111670519 3.8512372967 4.3164996850 
 3.3653526440 3.7981598220 4.2552694362 
 3.3176148137 3.7426832175 4.1910851256 
 3.2694568630 3.6865761040 4.1260150667 
 3.2224666231 3.6317136507 4.0622606492 
 3.1782471927 3.5799945408 4.0020573840 
 3.1383461408 3.5332557416 3.9475728972 
 3.1041870610 3.4931898971 3.9008078272 
 3.0770069617 3.4612696765 3.8635049699 
 3.0578023831 3.4386826423 3.8370710565 
 3.0472864356 3.4262793362 3.8225144371 
 3.0458582954 3.4245364331 3.8204008853 
 3.0535861143 3.4335361049 3.8308288579 
 3.0702038362 3.4529621701 3.8534248722 
 3.0951220243 3.4821131513 3.8873591387 
 3.1274524280 3.5199319223 3.9313810878 
 3.1660455835 3.5650511142 3.9838738281 
 3.2095402076 3.6158527895 4.0429257677 
 3.2564224958 3.6705400803 4.1064166221 
 3.3050927289 3.7272175971 4.1721138982 
 3.3539359217 3.7839765597 4.2377748709 
 3.4013927339 3.8389799567 4.3012482541 
 3.4460266178 3.8905427584 4.3605694374 
 3.4865832961 3.9372023816 4.4140434238 
 3.5220391558 3.9777752792 4.4603105049 
 3.5516359820 4.0113966250 4.4983911434 
 3.5749005356 4.0375414538 4.5277083099 
 3.5916486615 4.0560271098 4.5480873947 
 3.6019747604 4.0669982672 4.5597355328 
 3.6062284225 4.0708969406 4.5632035463 
 3.6049807281 4.0684207031 4.5593345972 
 3.5989831109 4.0604727271 4.5492040163 
 3.5891217662 4.0481072781 4.5340546833 
 3.5763704077 4.0324739902 4.5152318676 
 3.5617437976 4.0147637299 4.4941207311 
 3.5462539850 3.9961582099 4.4720888691 
 3.5308706434 3.9777848413 4.4504354386 
 3.5164863882 3.9606776883 4.4303476768 
 3.5038875024 3.9457448638 4.4128650074 
 3.4937301522 3.9337423088 4.3988504912 
 3.4865219376 3.9252536425 4.3889691119 
 3.4826084970 3.9206756508 4.3836722777 
 3.4821648569 3.9202089768 4.3831879495 
 3.4851912740 3.9238536645 4.3875159401 
 3.4915134234 3.9314093640 4.3964281335 
 3.5007869244 3.9424801894 4.4094736179 
 3.5125063355 3.9564844058 4.4259889642 
 3.5260188527 3.9726692771 4.4451140891 
 3.5405430064 3.9901314923 4.4658142754 
 3.5551926174 4.0078435856 4.4869089463 
 3.5690061534 4.0246866456 4.5071076877 
 3.5809813900 4.0394893536 4.5250537397 
 3.5901149353 4.0510730003 4.5393747477 
 3.5954457352 4.0583016086 4.5487399577 
 3.5961011676 4.0601356756 4.5519223058 
 3.5913438046 4.0556873801 4.5478630327 
 3.5806164377 4.0442744715 4.5357356426 
 3.5635825926 4.0254695428 4.5150053296 
 3.5401595928 3.9991411010 4.4854795417 
 3.5105413191 3.9654828690 4.4473452723 
 3.4752082081 3.9250281549 4.4011890439 
 3.4349227311 3.8786469189 4.3479964389 
 3.3907095551 3.8275243167 4.2891293845 
 3.3438207173 3.7731208872 4.2262811048 
 3.2956873097 3.7171160324 4.1614104998 
 3.2478602341 3.6613377991 4.0966594659 
 3.2019434081 3.6076830581 4.0342580850 
 3.1595232869 3.5580328272 3.9764234871 
 3.1220986749 3.5141676609 3.9252584546 
 3.0910145622 3.4776877447 3.8826554996 
 3.0674032160 3.4499416965 3.8502113489 
 3.0521350994 3.4319672456 3.8291557133 
 3.0457815008 3.4244460828 3.8202971110 
 3.0485901297 3.4276743886 3.8239875270 
 3.0604744075 3.4415499013 3.8401069090 
 3.0810167614 3.4655758825 3.8680679075 
 3.1094858549 3.4988819037 3.9068407727 
 3.1448672930 3.5402609132 3.9549977907 
 3.1859068651 3.5882214673 4.0107759492 
 3.2311647959 3.6410532769 4.0721556242 
 3.2790787925 3.6969033570 4.1369519917 
 3.3280329696 3.7538591767 4.2029147389 
 3.3764291227 3.8100344263 4.2678306682 
 3.4227564135 3.8636525252 4.3296231731 
 3.4656554519 3.9131229122 4.3864424977 
 3.5039730451 3.9571055703 4.4367412574 
 3.5368045510 3.9945601153 4.4793308582 
 3.5635217333 4.0247770376 4.5134160794 
 3.5837851663 4.0473901427 4.5386069336 
 3.5975414179 4.0623707184 4.5549087505 
 3.6050063183 4.0700052637 4.5626930083 
 3.6066364761 4.0708596162 4.5626525914 
 3.6030917680 4.0657329296 4.5557458016 
 3.5951917737 4.0556051691 4.5431336020 
 3.5838690856 4.0415816487 4.5261142927 
 3.5701221434 4.0248377218 4.5060592234 
 3.5549698005 4.0065661422 4.4843523711 
 3.5394093090 3.9879289455 4.4623357713 
 3.5243788723 3.9700150412 4.4412619947 
 3.5107254259 3.9538041228 4.4222541702 
 3.4991779018 3.9401370331 4.4062735304 
 3.4903259344 3.9296923937 4.3940940887 
 3.4846037819 3.9229691135 4.3862838714 
 3.4822791568 3.9202743283 4.3831920836 
 3.4834466753 3.9217163663 4.3849416697 
 3.4880257157 3.9272024569 4.3914269005 
 3.4957626012 3.9364410734 4.4023158469 
 3.5062371658 3.9489489881 4.4170578463 
 3.5188738869 3.9640632940 4.4348962943 
 3.5329578554 3.9809587745 4.4548872765 
 3.5476558743 3.9986710508 4.4759246356 
 3.5620429036 4.0161258831 4.4967720456 
 3.5751338990 4.0321748191 4.5161024784 
 3.5859208005 4.0456370682 4.5325451099 
 3.5934140382 4.0553470232 4.5447391929 
 3.5966874424 4.0602062840 4.5513937584 
 3.5949249216 4.0592383891 4.5513512219 
 3.5874667533 4.0516438019 4.5436521442 
 3.5738528923 4.0368521091 4.5275976210 
 3.5538604194 4.0145679660 4.5028051793 
 3.5275321898 3.9848071680 4.4692537578 
 3.4951939759 3.9479194180 4.4273134735 
 3.4574579306 3.9045949436 4.3777564864 
 3.4152110287 3.8558530848 4.3217463881 
 3.3695881954 3.8030122521 4.2608050751 
 3.3219309950 3.7476421051 4.1967578691 
 3.2737338893 3.6915002536 4.1316594815 
 3.2265810427 3.6364570396 4.0677050447 
 3.1820773237 3.5844128526 4.0071316176 
 3.1417774646 3.5372128696 3.9521161711 
 3.1071172847 3.4965640617 3.9046760345 
 3.0793505038 3.4639588497 3.8665772139 
 3.0594940868 3.4406090403 3.8392550492 
 3.0482843690 3.4273928062 3.8237505687 
 3.0461455466 3.4248166259 3.8206648337 
 3.0531715289 3.4329933702 3.8301326682 
 3.0691216785 3.4516371532 3.8518164792 
 3.0934305702 3.4800751002 3.8849203447 
 3.1252315286 3.5172757509 3.9282240475 
 3.1633932746 3.5618933112 3.9801361440 
 3.2065684846 3.6123263166 4.0387643698 
 3.2532524263 3.6667884720 4.1020006876 
 3.3018491293 3.7233885404 4.1676171545 
 3.3507418704 3.7802152917 4.2333676979 
 3.3983642229 3.8354228567 4.2970900510 
 3.4432676529 3.8873115138 4.3568017203 
 3.4841817287 3.9343990761 4.4107840768 
 3.5200634815 3.9754786825 4.4576495168 
 3.5501332618 4.0096598647 4.4963880343 
 3.5738955108 4.0363911382 4.5263913112 
 3.5911440399 4.0554638563 4.5474543028 
 3.6019525683 4.0669984901 4.5597560370 
 3.6066522545 4.0714156759 4.5638227440 
 3.6057986808 4.0693952024 4.5604773593 
 3.6001311712 4.0618265367 4.5507798577 
 3.5905274280 4.0497545312 4.5359628144 
 3.5779563131 4.0343236742 4.5173661511 
 3.5634312340 4.0167237356 4.4963743271 
 3.5479661096 3.9981390228 4.4743584193 
 3.5325353487 3.9797027848 4.4526246992 
 3.5180387590 3.9624576751 4.4323705645 
 3.5052718463 3.9473226458 4.4146480627 
 3.4949016092 3.9350662425 4.4003347904 
 3.4874476867 3.9262860011 4.3901116740 
 3.4832685843 3.9213935186 4.3844470154 
 3.4825526693 3.9206047566 4.3835862059 
 3.4853136746 3.9239352227 4.3875466405 
 3.4913905550 3.9311998202 4.3961175637 
 3.5004516786 3.9420173453 4.4088648198 
 3.5120034713 3.9558197948 4.4251407243 
 3.5254037468 3.9718668044 4.4440994811 
 3.5398800102 3.9892656332 4.4647187089 
 3.5545530062 4.0069971140 4.4858276810 
 3.5684656645 4.0239478768 4.5061427810 
 3.5806173679 4.0389489129 4.5243104269 
 3.5900031341 4.0508201610 4.5389572903 
 3.5956568646 4.0584202898 4.5487470492 
 3.5966973082 4.0607002375 4.5524421832 
 3.5923748605 4.0567584067 4.5489685072 
 3.5821168241 4.0458947756 4.5374793204 
 3.5655683823 4.0276606599 4.5174153408 
 3.5426263461 4.0019005506 4.4885561192 
 3.5134628049 3.9687824465 4.4510585083 
 3.4785361821 3.9288134725 4.4054781087 
 3.4385878722 3.8828383367 4.3527704568 
 3.3946235801 3.8320193079 4.2942700436 
 3.3478796036 3.7777977690 4.2316469386 
 3.2997754681 3.7218388809 4.1668426355 
 3.2518554002 3.6659622720 4.1019885121 
 3.2057219692 3.6120627784 4.0393117365 
 3.1629657378 3.5620259508 3.9810343846 
 3.1250949019 3.5176432546 3.9292718366 
 3.0934686846 3.4805316377 3.8859362316 
 3.0692377611 3.4520615287 3.8526499885 
 3.0532943389 3.4332965020 3.8306733561 
 3.0462338320 3.4249469715 3.8208488451 
 3.0483294245 3.4273394731 3.8235643924 
 3.0595202945 3.4404024435 3.8387363126 
 3.0794138314 3.4636688872 3.8658124820 
 3.1073018102 3.4962958879 3.9037957069 
 3.1421900938 3.5371004626 3.9512867018 
 3.1828409653 3.5846106909 4.0065454301 
 3.2278266105 3.6371303318 4.0675686722 
 3.2755915921 3.6928142861 4.1321806141 
 3.3245214503 3.7497513645 4.1981321132 
 3.3730139399 3.8060500324 4.2632033000 
 3.4195489893 3.8599222779 4.3253035230 
 3.4627533571 3.9097606338 4.3825625322 
 3.5014562229 3.9542037551 4.4334073101 
 3.5347325841 3.9921868011 4.4766200829 
 3.5619322759 4.0229741021 4.5113746376 
 3.5826935688 4.0461730438 4.5372499144 
 3.5969414860 4.0617295854 4.5542216894 
 3.6048720702 4.0699071577 4.5626347617 
 3.6069247073 4.0712517136 4.5631592531 
 3.6037452011 4.0665463506 4.5567353177 
 3.5961425626 4.0567591699 4.5445107448 
 3.5850424570 4.0429879192 4.5277756894 
 3.5714399852 4.0264045693 4.5078981895 
 3.5563540480 4.0082023921 4.4862633608 
 3.5407850177 3.9895474413 4.4642183247 
 3.5256769086 3.9715356752 4.4430241138 
 3.5118847405 3.9551563696 4.4238151105 
 3.5001473796 3.9412619899 4.4075660229 
 3.4910658325 3.9305443513 4.3950660334 
 3.4850867763 3.9235166904 4.3868995495 
 3.4824910240 3.9205012045 4.3834329347 
 3.4833866277 3.9216216424 4.3848066712 
 3.4877064037 3.9268006565 4.3909325697 
 3.4952097832 3.9357617893 4.4014958674 
 3.5054890375 3.9480361599 4.4159623026 
 3.5179800507 3.9629740933 4.4335904818 
 3.5319779093 3.9797620638 4.4534500423 
 3.5466575972 3.9974453854 4.4744462048 
 3.5611000267 4.0149570301 4.4953512921 
 3.5743234679 4.0311527892 4.5148436223 
 3.5853201590 4.0448526844 4.5315538528 
 3.5930974994 4.0548880889 4.5441183501 
 3.5967227506 4.0601534620 4.5512385023 
 3.5953696497 4.0596609522 4.5517441138 
 3.5883648184 4.0525954669 4.5446581948 
 3.5752314019 4.0383672051 4.5292596748 
 3.5557270736 4.0166582136 4.5051399550 
 3.5298734627 3.9874593445 4.4722488858 
 3.4979742669 3.9510941570 4.4309258456 
 3.4606198276 3.9082268574 4.3819121673 
 3.4186767504 3.8598523118 4.3263422355 
 3.3732621943 3.8072674240 4.2657120873 
 3.3257036112 3.7520246154 4.2018261331 
 3.2774858643 3.6958696033 4.1367244615 
 3.2301886347 3.6406669466 4.0725948357 
 3.1854177292 3.5883177640 4.0116747204 
 3.1447342384 3.5406744940 3.9561493199 
 3.1095854694 3.4994575640 3.9080516324 
 3.0812412163 3.4661783941 3.8691699908 
 3.0607383607 3.4420724343 3.8409676382 
 3.0488361051 3.4280450654 3.8245177832 
 3.0459834721 3.4246323395 3.8204565041 
 3.0523001072 3.4319777999 3.8289549583 
 3.0675709442 3.4498260342 3.8497116493 
 3.0912548922 3.4775331486 3.8819649633 
 3.1225073327 3.5140939151 3.9245256961 
 3.1602157946 3.5581848471 3.9758287086 
 3.2030476537 3.6082218233 4.0340020813 
 3.2495080744 3.6624300901 4.0969511563 
 3.2980057043 3.7189235828 4.1624537308 
 3.3469229534 3.7757896409 4.2282615711 
 3.3946871373 3.8311745018 4.2922025464 
 3.4398384781 3.8833646099 4.3522772663 
 3.4810910090 3.9308588822 4.4067442737 
 3.5173828715 3.9724276672 4.4541886528 
 3.5479132788 4.0071551753 4.4935702721 
 3.5721644736 4.0344635167 4.5242496246 
 3.5899081852 4.0541179701 4.5459911022 
 3.6011972509 4.0662145442 4.5589452982 
 3.6063440671 4.0711520933 4.5636133615 
 3.6058882885 4.0695921084 4.5607973947 
 3.6005566310 4.0624097664 4.5515413361 
 3.5912177673 4.0506398852 4.5370667438 
 3.5788351604 4.0354211812 4.5187074820 
 3.5644203298 4.0179417240 4.4978466309 
 3.5489885631 3.9993878541 4.4758581261 
 3.5335185508 3.9808981547 4.4540548000 
 3.5189168961 3.9635234315 4.4336437352 
 3.5059879945 3.9481931116 4.4156892093 
 3.4954094104 3.9356880559 4.4010830448 
 3.4877126232 3.9266195032 4.3905218829 
 3.4832688755 3.9214137213 4.3844907713 
 3.4822798132 3.9203019250 4.3832524623 
 3.4847726503 3.9233150912 4.3868419410 
 3.4905996941 3.9302834552 4.3950658962 
 3.4994422009 3.9408406468 4.4075070903 
 3.5108186714 3.9544326185 4.4235338242 
 3.5240978095 3.9703316756 4.4423149088 
 3.5385164329 3.9876560175 4.4628407003 
 3.5532026091 4.0053952152 4.4839508016 
 3.5672041821 4.0224419442 4.5043689485 
 3.5795226390 4.0376300629 4.5227453561 
 3.5891519336 4.0497787547 4.5377063916 
 3.5951214594 4.0577419491 4.5479108623 
 3.5965418604 4.0604616322 4.5521114886 
 3.5926518377 4.0570229980 4.5492193202 
 3.5828636173 4.0467087464 4.5383680353 
 3.5668043504 4.0290492975 4.5189743406 
 3.5443505158 4.0038653617 4.4907901902 
 3.5156524382 3.9712992731 4.4539423969 
 3.4811463841 3.9318318342 4.4089555111 
 3.4415523525 3.8862821546 4.3567546513 
 3.3978565974 3.8357890672 4.2986462600 
 3.3512790364 3.7817740665 4.2362764193 
 3.3032268648 3.7258871897 4.1715682026 
 3.2552367860 3.6699386590 4.1066413246 
 3.2089091316 3.6158202354 4.0437188289 
 3.1658376873 3.5654209645 3.9850265249 
 3.1275392053 3.5205422402 3.9326912420 
 3.0953863960 3.4828168950 3.8886437186 
 3.0705477194 3.4536364344 3.8545312075 
 3.0539366541 3.4340897205 3.8316438427 
 3.0461724328 3.4249155298 3.8208577058 
 3.0475535879 3.4264706038 3.8225965112 
 3.0580451099 3.4387141438 3.8368130175 
 3.0772795881 3.4612091767 3.8629906533 
 3.1045723194 3.4931407815 3.9001653457 
 3.1389499927 3.5333507121 3.9469670193 
 3.1791920873 3.5803873977 4.0016795801 
 3.2238835571 3.6325695950 4.0623173226 
 3.2714766944 3.6880611167 4.1267146415 
 3.3203593638 3.7449531680 4.1926247915 
 3.3689261573 3.8013500138 4.2578224201 
 3.4156485811 3.8554531519 4.3202039164 
 3.4591402457 3.9056390171 4.3778794602 
 3.4982132645 3.9505255731 4.4292511180 
 3.5319226701 3.9890239598 4.4730724158 
 3.5595965868 4.0203725742 4.5084863779 
 3.5808510224 4.0441524006 4.5350408613 
 3.5955893309 4.0602838971 4.5526818574 
 3.6039874985 4.0690070900 4.5617270708 
 3.6064673035 4.0708475816 4.5628233030 
 3.6036600055 4.0665718551 4.5568919055 
 3.5963635218 4.0571355352 4.5450667862 
 3.5854960412 4.0436281710 4.5286292336 
 3.5720487795 4.0272177285 4.5089432720 
 3.5570401626 4.0090974095 4.4873945001 
 3.5414732025 3.9904367491 4.4653345324 
 3.5262972967 3.9723382821 4.4440323474 
 3.5123751843 3.9558004661 4.4246331465 
 3.5004553663 3.9416870635 4.4081247635 
 3.4911499900 3.9307028329 4.3953112835 
 3.4849179891 3.9233751649 4.3867933104 
 3.4820531823 3.9200412172 4.3829542610 
 3.4826770302 3.9208401312 4.3839521267 
 3.4867358260 3.9257100252 4.3897163048 
 3.4940022140 3.9343896248 4.3999493214 
 3.5040810729 3.9464245811 4.4141335139 
 3.5164199297 3.9611787070 4.4315429748 
 3.5303241654 3.9778504953 4.4512612463 
 3.5449773061 3.9954953488 4.4722053576 
 3.5594666338 4.0130539132 4.4931567861 
 3.5728141990 4.0293867441 4.5127997703 
 3.5840130416 4.0433152417 4.5297670803 
 3.5920680547 4.0536683562 4.5426928680 
 3.5960404562 4.0593340099 4.5502715662 
 3.5950943131 4.0593135450 4.5513210415 
 3.5885430410 4.0527768441 4.5448473749 
 3.5758933437 4.0391151627 4.5301078597 
 3.5568837456 4.0179882604 4.5066681665 
 3.5315147715 3.9893622131 4.4744492793 
 3.5000680104 3.9535344229 4.4337598527 
 3.4631117907 3.9111428653 4.3853101784 
 3.4214919798 3.8631575235 4.3302049857 
 3.3763074438 3.8108531970 4.2699137781 
 3.3288708617 3.7557643089 4.2062191849 
 3.2806567348 3.6996237972 4.1411456475 
 3.2332394352 3.6442894735 4.0768724388 
 3.1882248626 3.5916621937 4.0156362726 
 3.1471796448 3.5436006929 3.9596294578 
 3.1115618203 3.5018379641 3.9108996192 
 3.0826566010 3.4679036540 3.8712565123 
 3.0615202570 3.4430562343 3.8421905563 
 3.0489344786 3.4282278480 3.8248066196 
 3.0453728974 3.4239838663 3.8197755015 
 3.0509808472 3.4304984496 3.8273046306 
 3.0655689544 3.4475468037 3.8471287775 
 3.0886207476 3.4745143537 3.8785210345 
 3.1193141034 3.5104226215 3.9203238187 
 3.1565559319 3.5539711053 3.9709990907 
 3.1990289922 3.6035938340 4.0286962231 
 3.2452491081 3.6575284951 4.0913349925 
 3.2936303521 3.7138951454 4.1567000471 
 3.3425550758 3.7707806423 4.2225420983 
 3.3904451063 3.8263242271 4.2866801936 
 3.4358301108 3.8787993090 4.3470989656 
 3.4774091621 3.9266865672 4.4020348788 
 3.5141019460 3.9687340473 4.4500462494 
 3.5450868141 4.0040009374 4.4900631394 
 3.5698239246 4.0318830488 4.5214149462 
 3.5880628827 4.0521195096 4.5438353795 
 3.5998354602 4.0647816284 4.5574462942 
 3.6054349909 4.0702461067 4.5627233070 
 3.6053848107 4.0691556688 4.5604471292 
 3.6003985749 4.0623706673 4.5516450391 
 3.5913354416 4.0509153218 4.5375269277 
 3.5791529827 4.0359220120 4.5194199593 
 3.5648603525 4.0185765648 4.4987052252 
 3.5494737628 4.0000668543 4.4767589637 
 3.5339757853 3.9815363525 4.4549000780 
 3.5192794717 3.9640436349 4.4343449190 
 3.5061978186 3.9485282881 4.4161696542 
 3.4954187269 3.9357832406 4.4012800662 
 3.4874853478 3.9264332522 4.3903883192 
 3.4827815516 3.9209191458 4.3839960842 
 3.4815222111 3.9194873346 4.3823834194 
 3.4837480266 3.9221842723 4.3856029085 
 3.4893247186 3.9288555927 4.3934787572 
 3.4979465480 3.9391498852 4.4056107812 
 3.5091442610 3.9525272443 4.4213834664 
 3.5222976781 3.9682728909 4.4399804960 
 3.5366532096 3.9855162715 4.4604052950 
 3.5513465767 4.0032560604 4.4815081944 
 3.5654309161 4.0203913984 4.5020207438 
 3.5779102367 4.0357594796 4.5205974747 
 3.5877778745 4.0481792371 4.5358650158 
 3.5940591753 4.0565003868 4.5464778995 
 3.5958571323 4.0596564887 4.5511796895 
 3.5923991794 4.0567200286 4.5488672516 
 3.5830828403 4.0469568738 4.5386551691 
 3.5675175302 4.0298769090 4.5199365707 
 3.5455595887 4.0052773086 4.4924361196 
 3.5173376451 3.9732748446 4.4562507325 
 3.4832657409 3.9343239383 4.4118738665 
 3.4440422659 3.8892178713 4.3601999781 
 3.4006336692 3.8390716421 4.3025070162 
 3.3542430069 3.7852863041 4.2404164455 
 3.3062645593 3.7294960913 4.1758321336 
 3.2582268479 3.6735010492 4.1108612354 
 3.2117272709 3.6191890452 4.0477217124 
 3.1683621406 3.5684517987 3.9886421442 
 3.1296561054 3.5230998519 3.9357598924 
 3.0969947701 3.4847812211 3.8910234720 
 3.0715638808 3.4549079002 3.8561042779 
 3.0542978023 3.4345935847 3.8323217978 
 3.0458393284 3.4246051106 3.8205853309 
 3.0465122155 3.4253292817 3.8213542034 
 3.0563072805 3.4367560822 3.8346176431 
 3.0748824595 3.4584787389 3.8598948438 
 3.1015768466 3.4897106543 3.8962552431 
 3.1354383468 3.5293187851 3.9423585280 
 3.1752641258 3.5758724937 3.9965132377 
 3.2196524726 3.6277062087 4.0567519790 
 3.2670640273 3.6829933888 4.1209202223 
 3.3158896162 3.7398283887 4.1867745088 
 3.3645212917 3.7963120077 4.2520848654 
 3.4114227136 3.8506359285 4.3147355094 
 3.4551948427 3.9011610666 4.3728177177 
 3.4946331205 3.9464851451 4.4247091535 
 3.5287728884 3.9854955896 4.4691349774 
 3.5569207047 4.0174050128 4.5052076024 
 3.5786703307 4.0417679953 4.5324437725 
 3.5939033490 4.0584793531 4.5507595053 
 3.6027754856 4.0677554496 4.5604450882 
 3.6056906255 4.0701011880 4.5621235805 
 3.6032651425 4.0662660276 4.5566970447 
 3.5962854853 4.0571926743 4.5452849899 
 3.5856619797 4.0439620293 4.5291593199 
 3.5723815786 4.0277376190 4.5096795502 
 3.5574618777 4.0097121712 4.4882313086 
 3.5419082072 3.9910583421 4.4661703009 
 3.5266750688 3.9728849318 4.4447731100 
 3.5126326856 3.9561993214 4.4251954753 
 3.5005390055 3.9418763655 4.4084381360 
 3.4910171739 3.9306336127 4.3953199166 
 3.4845382829 3.9230125023 4.3864575072 
 3.4814091005 3.9193650937 4.3822513168 
 3.4817644799 3.9198459050 4.3828768309 
 3.4855642139 3.9244085461 4.3882810626 
 3.4925942213 3.9328069926 4.3981838984 
 3.5024720875 3.9446015356 4.4120843907 
 3.5146571202 3.9591696262 4.4292722794 
 3.5284651728 3.9757219692 4.4488452209 
 3.5430885298 3.9933242948 4.4697323119 
 3.5576210981 4.0109252054 4.4907244942 
 3.5710889989 4.0273903450 4.5105122861 
 3.5824863939 4.0415428547 4.5277309756 
 3.5908160122 4.0522096520 4.5410129413 
 3.5951333798 4.0582725285 4.5490461258 
 3.5945932405 4.0587224256 4.5506369269 
 3.5884961279 4.0527145845 4.5447749474 
 3.5763325858 4.0396216559 4.5306962479 
 3.5578222084 4.0190813813 4.5079410968 
 3.5329445541 3.9910352371 4.4764018348 
 3.5019591450 3.9557545330 4.4363564867 
 3.4654122334 3.9138509537 4.3884842507 
 3.4241287767 3.8662694095 4.3338599925 
 3.3791890750 3.8142622819 4.2739263251 
 3.3318906716 3.7593455721 4.2104436044 
 3.2836972745 3.7032389300 4.1454200284 
 3.2361774716 3.6477928552 4.0810257129 
 3.1909367634 3.5949073549 4.0194959259 
 3.1495468343 3.5464468860 3.9630293982 
 3.1134760084 3.5041564750 3.9136877492 
 3.0840245270 3.4695835304 3.8733016048 
 3.0622677314 3.4440091679 3.8433881137 
 3.0490095653 3.4283920145 3.8250834761 
 3.0447481243 3.4233265896 3.8190930128 
 3.0496543758 3.4290176090 3.8256603542 
 3.0635646749 3.4452709435 3.8445565990 
 3.0859872930 3.4715014891 3.8750897311 
 3.1161228065 3.5067577673 3.9161340922 
 3.1528977837 3.5497625980 3.9661791495 
 3.1950107047 3.5989685706 4.0233960630 
 3.2409884357 3.6526262776 4.0857196023 
 3.2892508820 3.7088623905 4.1509418599 
 3.3381807489 3.7657637811 4.2168130873 
 3.3861947665 3.8214631646 4.2811440697 
 3.4318123970 3.8742213306 4.3419039541 
 3.4737180401 3.9225010577 4.3973075197 
 3.5108131350 3.9650283292 4.4458865882 
 3.5422552950 4.0008374452 4.4865415589 
 3.5674826277 4.0292979443 4.5185707465 
 3.5862225642 4.0501227295 4.5416770721 
 3.5984856869 4.0633582479 4.5559534445 
 3.6045460838 4.0693588186 4.5618496628 
 3.6049105467 4.0687481225 4.5601247106 
 3.6002794202 4.0623713866 4.5517888457 
 3.5915020890 4.0512419247 4.5380399293 
 3.5795299818 4.0364854828 4.5201980802 
 3.5653696520 4.0192853728 4.4996420874 
 3.5500380251 4.0008307605 4.4777502182 
 3.5345213732 3.9822698025 4.4558472177 
 3.5197390476 3.9646686777 4.4351585209 
 3.5065125274 3.9489770015 4.4167720432 
 3.4955399617 3.9359996736 4.4016074245 
 3.4873761113 3.9263749088 4.3903922815 
 3.4824174355 3.9205580442 4.3836448672 
 3.4808920169 3.9188106742 4.3816625282 
 3.4828540438 3.9211947322 4.3845154513 
 3.4881826702 3.9275712725 4.3920453831 
 3.4965851995 3.9376038861 4.4038692376 
 3.5076046815 3.9507668718 4.4193877523 
 3.5206321314 3.9663584520 4.4377995750 
 3.5349236533 3.9835194315 4.4581213206 
 3.5496227484 4.0012577280 4.4792142016 
 3.5637879981 4.0184791185 4.4998177711 
 3.5764261101 4.0340243341 4.5185911037 
 3.5865300038 4.0467122883 4.5341613517 
 3.5931211965 4.0553887382 4.5451790663 
 3.5952952611 4.0589790889 4.5503789705 
 3.5922685965 4.0565433936 4.5486440713 
 3.5834242450 4.0473309532 4.5390701746 
 3.5683540823 4.0308313561 4.5210271214 
 3.5468944671 4.0068184366 4.4942125243 
 3.5191524400 3.9753835396 4.4586935749 
 3.4855198634 3.9369547679 4.4149327203 
 3.4466734972 3.8922995558 4.3637937406 
 3.4035598975 3.8425089648 4.3065259739 
 3.3573651083 3.7889634268 4.2447260531 
 3.3094702918 3.7332811263 4.1802783437 
 3.2613955471 3.6772516368 4.1152770820 
 3.2147350763 3.6227586096 4.0519347529 
 3.1710874522 3.5716961083 3.9924823030 
 3.1319849637 3.5258835083 3.9390672399 
 3.0988258800 3.4869837256 3.8936555066 
 3.0728130369 3.4564290005 3.8579423455 
 3.0549015293 3.4353576714 3.8332763669 
 3.0457575997 3.4245644979 3.8205999238 
 3.0457301607 3.4244662652 3.8204078602 
 3.0548358306 3.4350837148 3.8327258471 
 3.0727579105 3.4560403010 3.8571088836 
 3.0988593500 3.4865778290 3.8926600223 
 3.1322093672 3.5255885848 3.9380688769 
 3.1716229450 3.5716630348 3.9916688386 
 3.2157118676 3.6231514864 4.0515110905 
 3.2629453033 3.6782372764 4.1154524742 
 3.3117172305 3.7350181534 4.1812531270 
 3.3604173508 3.7915916919 4.2466787588 
 3.4075016508 3.8461399789 4.3096016892 
 3.4515585863 3.8970085920 4.3680945176 
 3.4913670331 3.9427751461 4.4205106637 
 3.5259427025 3.9823034241 4.4655470072 
 3.5545705982 4.0147802649 4.5022853540 
 3.5768221999 4.0397337955 4.5302112665 
 3.5925572417 4.0570330886 4.5492106558 
 3.6019110793 4.0668707037 4.5595462115 
 3.6052695728 4.0697306776 4.5618170402 
 3.6032340676 4.0663452669 4.5569056934 
 3.5965794006 4.0576440815 4.5459170631 
 3.5862079008 4.0446992097 4.5301134678 
 3.5731021394 4.0286695940 4.5108497402 
 3.5582787834 4.0107473688 4.4895113941 
 3.5427454038 3.9921082185 4.4674581178 
 3.5274615491 3.9738671413 4.4459740193 
 3.5133048885 3.9570403970 4.4262253248 
 3.5010427934 3.9425139056 4.4092256489 
 3.4913093952 3.9310179924 4.3958085408 
 3.4845879392 3.9231081404 4.3866067725 
 3.4811981419 3.9191513097 4.3820377449 
 3.4812882490 3.9193173960 4.3822944390 
 3.4848315532 3.9235755011 4.3873414838 
 3.4916272467 3.9316948498 4.3969161259 
 3.5013056226 3.9432503737 4.4105341325 
 3.5133377727 3.9576331657 4.4275008947 
 3.5270500325 3.9740661542 4.4469281954 
 3.5416434649 3.9916254198 4.4677572250 
 3.5562186354 4.0092675611 4.4887884360 
 3.5698057866 4.0258633716 4.5087186976 
 3.5814002733 4.0402378180 4.5261859164 
 3.5900027515 4.0512158957 4.5398208297 
 3.5946631669 4.0576734007 4.5483050521 
 3.5945270676 4.0585910291 4.5504337016 
 3.5888822437 4.0531095511 4.5451801099 
 3.5772032214 4.0405831875 4.5317593196 
 3.5591908023 4.0206278314 4.5096864053 
 3.5348037015 3.9931605113 4.4788252514 
 3.5042794755 3.9584265677 4.4394234042 
 3.4681423718 3.9170114798 4.3921290710 
 3.4271964772 3.8698351278 4.3379873024 
 3.3825035308 3.8181274731 4.2784138100 
 3.3353459153 3.7633860522 4.2151466132 
 3.2871764948 3.7073171504 4.1501775575 
 3.2395580055 3.6517638562 4.0856674622 
 3.1940954723 3.5986252159 4.0238499933 
 3.1523655577 3.5497712950 3.9669301462 
 3.1158467986 3.5069590472 3.9169833869 
 3.0858543996 3.4717535492 3.8758610828 
 3.0634827178 3.4454584819 3.8451070039 
 3.0495579036 3.4290588920 3.8258885973 
 3.0446024766 3.4231783961 3.8189456401 
 3.0488130045 3.4280522254 3.8245579182 
 3.0620515422 3.4435168867 3.8425328291 
 3.0838510803 3.4690167272 3.8722132363 
 3.1134348778 3.5036272610 3.9125054125 
 3.1497491521 3.5460946358 3.9619263600 
 3.1915081046 3.5948900231 4.0186690749 
 3.2372496543 3.6482769558 4.0806833899 
 3.2853995576 3.7043887674 4.1457689265 
 3.3343408967 3.7613123969 4.2116755678 
 