0.2084842385 0.2522454489 0.3071902285 
 0.2095689921 0.2541165240 0.3099141310 
 0.2106539312 0.2559765337 0.3126135042 
 0.2117058559 0.2577764679 0.3152208680 
 0.2126943902 0.2594718962 0.3176753666 
 0.2135931719 0.2610245669 0.3199248838 
 0.2143808476 0.2624037086 0.3219277383 
 0.2150418258 0.2635869772 0.3236538851 
 0.2155667517 0.2645610057 0.3250855733 
 0.2159526873 0.2653215400 0.3262174408 
 0.2162029903 0.2658731640 0.3270560593 
 0.2163269094 0.2662286397 0.3276189687 
 0.2163389212 0.2664079069 0.3279332655 
 0.2162578504 0.2664368022 0.3280338318 
 0.2161058214 0.2663455683 0.3279612989 
 0.2159070975 0.2661672282 0.3277598517 
 0.2156868614 0.2659359024 0.3274749735 
 0.2154699958 0.2656851434 0.3271512319 
 0.2152799115 0.2654463544 0.3268301914 
 0.2151374729 0.2652473523 0.3265485301 
 0.2150600566 0.2651111243 0.3263364220 
 0.2150607771 0.2650548195 0.3262162360 
 0.2151479020 0.2650890026 0.3262015860 
 0.2153244753 0.2652171929 0.3262967582 
 0.2155881570 0.2654356993 0.3264965289 
 0.2159312843 0.2657337544 0.3267863766 
 0.2163411496 0.2660939451 0.3271430830 
 0.2168004881 0.2664929249 0.3275357060 
 0.2172881584 0.2669023901 0.3279268996 
 0.2177799947 0.2672902877 0.3282745422 
 0.2182498024 0.2676222179 0.3285336227 
 0.2186704621 0.2678629828 0.3286583213 
 0.2190151013 0.2679782240 0.3286042100 
 0.2192582888 0.2679360843 0.3283304843 
 0.2193772017 0.2677088233 0.3278021319 
 0.2193527143 0.2672743136 0.3269919373 
 0.2191703602 0.2666173452 0.3258822226 
 0.2188211197 0.2657306701 0.3244662315 
 0.2183019942 0.2646157304 0.3227490753 
 0.2176163360 0.2632830251 0.3207481799 
 0.2167739158 0.2617520883 0.3184931958 
 0.2157907190 0.2600510717 0.3160253596 
 0.2146884795 0.2582159433 0.3133963278 
 0.2134939697 0.2562893360 0.3106665280 
 0.2122380779 0.2543190951 0.3079031009 
 0.2109547121 0.2523565895 0.3051775255 
 0.2096795802 0.2504548631 0.3025630343 
 0.2084488944 0.2486667031 0.3001319337 
 0.2072980549 0.2470427105 0.2979529435 
 0.2062603615 0.2456294471 0.2960886664 
 0.2053658037 0.2444677327 0.2945932855 
 0.2046399707 0.2435911554 0.2935105761 
 0.2041031212 0.2430248463 0.2928723036 
 0.2037694454 0.2427845632 0.2926970598 
 0.2036465454 0.2428761137 0.2929895788 
 0.2037351560 0.2432951391 0.2937405543 
 0.2040291178 0.2440272688 0.2949269679 
 0.2045156107 0.2450486448 0.2965129189 
 0.2051756441 0.2463268021 0.2984509335 
 0.2059847920 0.2478218785 0.3006837110 
 0.2069141506 0.2494881133 0.3031462480 
 0.2079314850 0.2512755813 0.3057682626 
 0.2090025194 0.2531320941 0.3084768250 
 0.2100923181 0.2550051895 0.3111990838 
 0.2111666955 0.2568441246 0.3138649727 
 0.2121935895 0.2586017792 0.3164097723 
 0.2131443325 0.2602363845 0.3187764113 
 0.2139947586 0.2617129931 0.3209173994 
 0.2147260918 0.2630046235 0.3227963026 
 0.2153255747 0.2640930281 0.3243886982 
 0.2157868084 0.2649690520 0.3256825730 
 0.2161097927 0.2656325785 0.3266781617 
 0.2163006718 0.2660920708 0.3273872486 
 0.2163712059 0.2663637493 0.3278319874 
 0.2163380018 0.2664704527 0.3280433112 
 0.2162215492 0.2664402512 0.3280590271 
 0.2160451128 0.2663048829 0.3279216920 
 0.2158335373 0.2660980930 0.3276763773 
 0.2156120209 0.2658539487 0.3273684204 
 0.2154049119 0.2656052050 0.3270412586 
 0.2152345757 0.2653817824 0.3267344265 
 0.2151203774 0.2652094141 0.3264817886 
 0.2150778141 0.2651085058 0.3263100619 
 0.2151178248 0.2650932455 0.3262376727 
 0.2152463007 0.2651709865 0.3262739790 
 0.2154638068 0.2653419223 0.3264188761 
 0.2157655240 0.2655990594 0.3266627971 
 0.2161414111 0.2659284893 0.3269871055 
 0.2165765814 0.2663099515 0.3273648707 
 0.2170518816 0.2667176711 0.3277620056 
 0.2175446549 0.2671214455 0.3281387341 
 0.2180296638 0.2674879488 0.3284513460 
 0.2184801402 0.2677822081 0.3286541821 
 0.2188689268 0.2679692011 0.3287017804 
 0.2191696652 0.2680155140 0.3285511032 
 0.2193579843 0.2678909907 0.3281637523 
 0.2194126380 0.2675703034 0.3275080749 
 0.2193165415 0.2670343690 0.3265610591 
 0.2190576585 0.2662715415 0.3253099210 
 0.2186296949 0.2652785177 0.3237532959 
 0.2180325635 0.2640609027 0.3219019609 
 0.2172725943 0.2626333995 0.3197790361 
 0.2163624765 0.2610196045 0.3174196418 
 0.2153209322 0.2592514097 0.3148700118 
 0.2141721341 0.2573680342 0.3121860966 
 0.2129448923 0.2554147263 0.3094317150 
 0.2116716461 0.2534411929 0.3066763369 
 0.2103873041 0.2514998267 0.3039925967 
 0.2091279819 0.2496438084 0.3014536504 
 0.2079296911 0.2479251660 0.2991304896 
 0.2068270283 0.2463928701 0.2970893275 
 0.2058519173 0.2450910420 0.2953891616 
 0.2050324494 0.2440573416 0.2940796060 
 0.2043918617 0.2433215929 0.2931990733 
 0.2039476924 0.2429046974 0.2927733684 
 0.2037111404 0.2428178702 0.2928147424 
 0.2036866544 0.2430622281 0.2933214379 
 0.2038717690 0.2436287436 0.2942777420 
 0.2042571979 0.2444985720 0.2956545482 
 0.2048271870 0.2456437418 0.2974104115 
 0.2055601201 0.2470281923 0.2994930665 
 0.2064293604 0.2486091227 0.3018413564 
 0.2074043010 0.2503386077 0.3043875073 
 0.2084515838 0.2521654180 0.3070596608 
 0.2095364398 0.2540369735 0.3097845639 
 0.2106240918 0.2559013457 0.3124903017 
 0.2116811559 0.2577092213 0.3151089532 
 0.2126769762 0.2594157363 0.3175790473 
 0.2135848279 0.2609820946 0.3198477073 
 0.2143829297 0.2623768963 0.3218723822 
 0.2150552166 0.2635771131 0.3236220884 
 0.2155918383 0.2645686706 0.3250781110 
 0.2159893605 0.2653466157 0.3262341415 
 0.2162506685 0.2659148724 0.3270958642 
 0.2163845815 0.2662856099 0.3276800267 
 0.2164052089 0.2664782662 0.3280130601 
 0.2163310843 0.2665182857 0.3281293308 
 0.2161841281 0.2664356408 0.3280691208 
 0.2159884921 0.2662632135 0.3278764388 
 0.2157693429 0.2660351140 0.3275967660 
 0.2155516391 0.2657850094 0.3272748344 
 0.2153589542 0.2655445342 0.3269525256 
 0.2152123921 0.2653418388 0.3266669689 
 0.2151296342 0.2652003302 0.3264489009 
 0.2151241508 0.2651376427 0.3263213377 
 0.2152046009 0.2651648713 0.3262985969 
 0.2153744388 0.2652860877 0.3263856949 
 0.2156317373 0.2654981520 0.3265781345 
 0.2159692312 0.2657908247 0.3268620869 
 0.2163745798 0.2661471740 0.3272149630 
 0.2168308389 0.2665442687 0.3276063598 
 0.2173171278 0.2669541343 0.3279993549 
 0.2178094694 0.2673449458 0.3283521136 
 0.2182817769 0.2676824172 0.3286197576 
 0.2187069512 0.2679313415 0.3287564352 
 0.2190580498 0.2680572247 0.3287175157 
 0.2193094820 0.2680279487 0.3284618235 
 0.2194381797 0.2678153941 0.3279538158 
 0.2194246957 0.2673969486 0.3271656046 
 0.2192541769 0.2667568291 0.3260787216 
 0.2189171673 0.2658871495 0.3246855337 
 0.2184102001 0.2647886745 0.3229902254 
 0.2177361473 0.2634712158 0.3210092859 
 0.2169043073 0.2619536407 0.3187714606 
 0.2159302217 0.2602634839 0.3163171551 
 0.2148352286 0.2584361749 0.3136973065 
 0.2136457691 0.2565139106 0.3109717696 
 0.2123924789 0.2545442231 0.3082072852 
 0.2111091036 0.2525783058 0.3054751253 
 0.2098312849 0.2506691727 0.3028485194 
 0.2085952687 0.2488697294 0.3003999761 
 0.2074365867 0.2472308393 0.2981986161 
 0.2063887643 0.2457994612 0.2963076272 
 0.2054821016 0.2446169321 0.2947819390 
 0.2047425725 0.2437174574 0.2936662083 
 0.2041908806 0.2431268641 0.2929931828 
 0.2038417045 0.2428616587 0.2927825030 
 0.2037031618 0.2429284229 0.2930399792 
 0.2037765096 0.2433235699 0.2937573703 
 0.2040560991 0.2440334700 0.2949126724 
 0.2045295892 0.2450349476 0.2964709120 
 0.2051784178 0.2462961359 0.2983854197 
 0.2059785196 0.2477776629 0.3005995460 
 0.2069012686 0.2494341311 0.3030487599 
 0.2079146124 0.2512158364 0.3056630545 
 0.2089843541 0.2530706604 0.3083695669 
 0.2100755300 0.2549460573 0.3110953026 
 0.2111538194 0.2567910508 0.3137698493 
 0.2121869252 0.2585581490 0.3163279558 
 0.2131458551 0.2602050897 0.3187118580 
 0.2140060438 0.2616963344 0.3208732446 
 0.2147482611 0.2630042405 0.3227747710 
 0.2153592608 0.2641098590 0.3243910561 
 0.2158321443 0.2650033267 0.3257091247 
 0.2161664234 0.2656838418 0.3267282874 
 0.2163677878 0.2661592366 0.3274594820 
 0.2164475964 0.2664451796 0.3279241272 
 0.2164221243 0.2665640587 0.3281525607 
 0.2163116115 0.2665436098 0.3281821525 
 0.2161391637 0.2664153635 0.3280551938 
 0.2159295608 0.2662129875 0.3278166649 
 0.2157080309 0.2659706005 0.3275119831 
 0.2154990416 0.2657211307 0.3271848264 
 0.2153251602 0.2654947817 0.3268751146 
 0.2152060251 0.2653176647 0.3266172207 
 0.2151574651 0.2652106398 0.3264384689 
 0.2151907948 0.2651884051 0.3263579641 
 0.2153123081 0.2652588579 0.3263857845 
 0.2155229837 0.2654227464 0.3265225579 
 0.2158184101 0.2656736200 0.3267594310 
 0.2161889308 0.2659980781 0.3270784330 
 0.2166200055 0.2663763123 0.3274532221 
 0.2170927737 0.2667829229 0.3278501973 
 0.2175848058 0.2671879900 0.3282299425 
 0.2180710148 0.2675583614 0.3285489619 
 0.2185246986 0.2678591196 0.3287616507 
 0.2189186770 0.2680551726 0.3288224332 
 0.2192264780 0.2681129101 0.3286879873 
 0.2194235291 0.2680018573 0.3283194655 
 0.2194883013 0.2676962547 0.3276846141 
 0.2194033556 0.2671764897 0.3267596886 
 0.2191562434 0.2664303093 0.3255310693 
 0.2187402172 0.2654537499 0.3239964862 
 0.2181547139 0.2642517313 0.3221657794 
 0.2174055850 0.2628382755 0.3200611428 
 0.2165050595 0.2612363327 0.3177168218 
 0.2154714369 0.2594772123 0.3151782680 
 0.2143285237 0.2575996415 0.3125007788 
 0.2131048357 0.2556484894 0.3097476794 
 0.2118326022 0.2536732144 0.3069881302 
 0.2105466152 0.2517261025 0.3042946549 
 0.2092829726 0.2498603758 0.3017405043 
 0.2080777667 0.2481282501 0.2993969686 
 0.2069657721 0.2465790245 0.2973307516 
 0.2059791801 0.2452572768 0.2956015160 
 0.2051464294 0.2442012342 0.2942596905 
 0.2044911727 0.2434413790 0.2933446215 
 0.2040314159 0.2429993367 0.2928831327 
 0.2037788615 0.2428870873 0.2928885425 
 0.2037384792 0.2431065243 0.2933601699 
 0.2039083230 0.2436493818 0.2942833490 
 0.2042796050 0.2444975321 0.2956299520 
 0.2048370286 0.2456236504 0.2973594088 
 0.2055593765 0.2469922267 0.2994201911 
 0.2064203360 0.2485608940 0.3017517136 
 0.2073895346 0.2502820259 0.3042865857 
 0.2084337499 0.2521045454 0.3069531289 
 0.2095182422 0.2539758713 0.3096780602 
 0.2106081565 0.2558439217 0.3123892268 
 0.2116699267 0.2576590846 0.3150182738 
 0.2126726188 0.2593760658 0.3175031209 
 0.2135891472 0.2609555279 0.3197901354 
 0.2143973032 0.2623654443 0.3218358995 
 0.2150805494 0.2635821033 0.3236084921 
 0.2156285387 0.2645907222 0.3250882330 
 0.2160373400 0.2653856465 0.3262678643 
 0.2163093633 0.2659701369 0.3271521772 
 0.2164529958 0.2663557648 0.3277571205 
 0.2164819757 0.2665614606 0.3281084513 
 0.2164145412 0.2666122696 0.3282400109 
 0.2162724039 0.2665378870 0.3281917218 
 0.2160795996 0.2663710467 0.3280074064 
 0.2158612738 0.2661458409 0.3277325341 
 0.2156424566 0.2658960449 0.3274119914 
 0.2154468798 0.2656535181 0.3270879689 
 0.2152958835 0.2654467397 0.3267980399 
 0.2152074510 0.2652995318 0.3265734979 
 0.2151954064 0.2652300112 0.3264380020 
 0.2152687991 0.2652498015 0.3264065710 
 0.2154314937 0.2653635264 0.3264849513 
 0.2156819763 0.2655685985 0.3266693733 
 0.2160133815 0.2658553083 0.3269467039 
 0.2164137382 0.2662072096 0.3272949887 
 0.2168664265 0.2666017910 0.3276843702 
 0.2173508306 0.2670114139 0.3280783579 
 0.2178431673 0.2674044879 0.3284354133 
 0.2183174632 0.2677468487 0.3287108017 
 0.2187466450 0.2680032884 0.3288586502 
 0.2191037062 0.2681391853 0.3288341366 
 0.2193629014 0.2681221682 0.3285957244 
 0.2195009226 0.2679237454 0.3281073500 
 0.2194980044 0.2675208251 0.3273404604 
 0.2193389100 0.2668970553 0.3262758026 
 0.2190137482 0.2660439134 0.3249048695 
 0.2185185837 0.2649614865 0.3232309183 
 0.2178558063 0.2636588964 0.3212694981 
 0.2170342383 0.2621543381 0.3190484426 
 0.2160689724 0.2604747220 0.3166073160 
 0.2149809437 0.2586549293 0.3139963235 
 0.2137962541 0.2567367095 0.3112747309 
 0.2125452780 0.2547672690 0.3085088623 
 0.2112615886 0.2527976117 0.3057697643 
 0.2099807517 0.2508807077 0.3031306440 
 0.2087390367 0.2490695674 0.3006641940 
 0.2075720979 0.2474153036 0.2984399185 
 0.2065136777 0.2459652607 0.2965215746 
 0.2055943796 0.2447612823 0.2949648255 
 0.2048405564 0.2438381842 0.2938151988 
 0.2042733524 0.2432224838 0.2931064184 
 0.2039079333 0.2429314339 0.2928591703 
 0.2037529318 0.2429723914 0.2930803422 
 0.2038101300 0.2433425449 0.2937627633 
 0.2040743945 0.2440290126 0.2948854541 
 0.2045338702 0.2450093117 0.2964143813 
 0.2051704328 0.2462521860 0.2983036976 
 0.2059603889 0.2477187694 0.3004974249 
 0.2068754029 0.2493640448 0.3029315279 
 0.2078836190 0.2511385482 0.3055362995 
 0.2089509339 0.2529902508 0.3082389697 
 0.2100423703 0.2548665430 0.3109664265 
 0.2111234871 0.2567162339 0.3136479365 
 0.2121617653 0.2584914768 0.3162177388 
 0.2131278993 0.2601495317 0.3186173959 
 0.2139969346 0.2616542810 0.3207977907 
 0.2147491934 0.2629774292 0.3227206788 
 0.2153709455 0.2640993314 0.3243597267 
 0.2158547939 0.2650094168 0.3257009976 
 0.2161997611 0.2657061965 0.3267428737 
 0.2164110788 0.2661968654 0.3274954379 
 0.2164996980 0.2664965313 0.3279793612 
 0.2164815541 0.2666271196 0.3282243698 
 0.2163766278 0.2666160184 0.3282673787 
 0.2162078552 0.2664945360 0.3281503936 
 0.2159999408 0.2662962479 0.3279182836 
 0.2157781313 0.2660553096 0.3276165267 
 0.2155670037 0.2658048085 0.3272890229 
 0.2153893182 0.2655752192 0.3269760612 
 0.2152649789 0.2653930204 0.3267125092 
 0.2152101406 0.2652795187 0.3265262879 
 0.2152364894 0.2652499171 0.3264371737 
 0.2153507206 0.2653126544 0.3264559618 
 0.2155542274 0.2654690343 0.3265840128 
 0.2158430084 0.2657131523 0.3268131919 
 0.2162077972 0.2660321225 0.3271262017 
 0.2166344063 0.2664065970 0.3274973011 
 0.2171042769 0.2668115634 0.3278933897 
 0.2175952163 0.2672173966 0.3282754285 
 0.2180822985 0.2675911332 0.3286001550 
 0.2185388987 0.2678979258 0.3288220390 
 0.2189378241 0.2681026274 0.3288954108 
 0.2192524992 0.2681714453 0.3287766830 
 0.2194581585 0.2680735983 0.3284265762 
 0.2195329962 0.2677829050 0.3278122494 
 0.2194592230 0.2672792299 0.3269092358 
 0.2192239789 0.2665497158 0.3257030852 
 0.2188200603 0.2655897374 0.3241906216 
 0.2182464221 0.2644035229 0.3223807424 
 0.2175084277 0.2630044026 0.3202947024 
 0.2166178326 0.2614146651 0.3179658542 
 0.2155924979 0.2596650181 0.3154388435 
 0.2144558452 0.2577936740 0.3127682858 
 0.2132360750 0.2558450971 0.3100169811 
 0.2119651850 0.2538684696 0.3072537452 
 0.2106778283 0.2519159431 0.3045509557 
 0.2094100625 0.2500407527 0.3019819226 
 0.2081980407 0.2482952760 0.2996182002 
 0.2070766959 0.2467291159 0.2975269523 
 0.2060784711 0.2453872859 0.2957684796 
 0.2052321396 0.2443085639 0.2943940034 
 0.2045617603 0.2435240781 0.2934437881 
 0.2040858022 0.2430561715 0.2929456673 
 0.2038164706 0.2429175873 0.2929140241 
 0.2037592606 0.2431110007 0.2933492592 
 0.2039127541 0.2436289170 0.2942377658 
 0.2042686740 0.2444539413 0.2955524145 
 0.2048121983 0.2455594159 0.2972535357 
 0.2055225290 0.2469104070 0.2992903697 
 0.2063737002 0.2484650097 0.3016029388 
 0.2073355996 0.2501759281 0.3041242753 
 0.2083751664 0.2519922704 0.3067829224 
 0.2094577175 0.2538614881 0.3095056091 
 0.2105483460 0.2557313783 0.3122199860 
 0.2116133282 0.2575520606 0.3148573025 
 0.2126214746 0.2592778381 0.3173549034 
 0.2135453569 0.2608688556 0.3196584286 
 0.2143623549 0.2622924774 0.3217236157 
 0.2150554688 0.2635243212 0.3235176210 
 0.2156138613 0.2645489026 0.3250198063 
 0.2160331060 0.2653598666 0.3262219639 
 0.2163151348 0.2659598056 0.3271279851 
 0.2164678962 0.2663596837 0.3277530055 
 0.2165047470 0.2665779092 0.3281220890 
 0.2164436173 0.2666391108 0.3282685285 
 0.2163059949 0.2665726868 0.3282318602 
 0.2161157839 0.2664112014 0.3280556926 
 0.2158980923 0.2661887072 0.3277854543 
 0.2156780059 0.2659390671 0.3274661595 
 0.2154794006 0.2656943462 0.3271402827 
 0.2153238398 0.2654833355 0.3268458194 
 0.2152295987 0.2653302587 0.3266146021 
 0.2152108476 0.2652537055 0.3264709200 
 0.2152770220 0.2652658218 0.3264304855 
 0.2154323957 0.2653717817 0.3264997723 
 0.2156758706 0.2655695530 0.3266757419 
 0.2160009862 0.2658499630 0.3269459656 
 0.2163961495 0.2661970616 0.3272891370 
 0.2168450758 0.2665887718 0.3276759627 
 0.2173274272 0.2669978073 0.3280704061 
 0.2178196290 0.2673928322 0.3284312499 
 0.2182958359 0.2677398238 0.3287139302 
 0.2187290163 0.2680035942 0.3288725805 
 0.2190921134 0.2681494141 0.3288622136 
 0.2193592401 0.2681446770 0.3286409574 
 0.2195068584 0.2679605341 0.3281722484 
 0.2195148917 0.2675734254 0.3274268852 
 0.2193677216 0.2669664359 0.3263848403 
 0.2190550203 0.2661304072 0.3250367357 
 0.2185723772 0.2650647432 0.3233848969 
 0.2179216879 0.2637778637 0.3214439198 
 0.2171112822 0.2622872732 0.3192407057 
 0.2161557829 0.2606192338 0.3168139489 
 0.2150756972 0.2588080490 0.3142130868 
 0.2138967594 0.2568949874 0.3114967560 
 0.2126490523 0.2549268929 0.3087308180 
 0.2113659455 0.2529545419 0.3059860466 
 0.2100828974 0.2510308221 0.3033355785 
 0.2088361710 0.2492088109 0.3008522426 
 0.2076615153 0.2475398361 0.2986058831 
 0.2065928651 0.2460715962 0.2966607866 
 0.2056611073 0.2448464164 0.2950733170 
 0.2048929583 0.2438997022 0.2938898468 
 0.2043099935 0.2432586485 0.2931450583 
 0.2039278617 0.2429412486 0.2928606747 
 0.2037557132 0.2429556357 0.2930446622 
 0.2037958636 0.2432997831 0.2936909305 
 0.2040437092 0.2439615735 0.2947795437 
 0.2044879005 0.2449192395 0.2962774375 
 0.2051107758 0.2461421651 0.2981396218 
 0.2058890420 0.2475920242 0.3003108327 
 0.2067946858 0.2492242187 0.3027275778 
 0.2077960817 0.2509895656 0.3053205010 
 0.2088592547 0.2528361679 0.3080169773 
 0.2099492482 0.2547113938 0.3107438296 
 0.2110315336 0.2565638780 0.3134300527 
 0.2120733999 0.2583454559 0.3160094216 
 0.2130452552 0.2600129412 0.3184228648 
 0.2139217771 0.2615296639 0.3206204917 
 0.2146828573 0.2628666954 0.3225631818 
 0.2153142925 0.2640037075 0.3242236638 
 0.2158081932 0.2649294275 0.3255870448 
 0.2161630925 0.2656416776 0.3266507757 
 0.2163837584 0.2661470075 0.3274240723 
 0.2164807248 0.2664599505 0.3279268394 
 0.2164695734 0.2666019511 0.3281881667 
 0.2163700094 0.2666000275 0.3282444849 
 0.2162047806 0.2664852413 0.3281374823 
 0.2159984968 0.2662910504 0.3279118836 
 0.2157764040 0.2660516216 0.3276131941 
 0.2155631704 0.2658001776 0.3272855056 
 0.2153817323 0.2655674424 0.3269694476 
 0.2152522456 0.2653802441 0.3267003593 
 0.2151911800 0.2652603212 0.3265067398 
 0.2152105861 0.2652233720 0.3264090240 
 0.2153175567 0.2652783719 0.3264187183 
 0.2155138994 0.2654271801 0.3265379160 
 0.2157960275 0.2656644435 0.3267592067 
 0.2161550719 0.2659778005 0.3270659797 
 0.2165772091 0.2663483779 0.3274331125 
 0.2170441958 0.2667515685 0.3278280286 
 0.2175340919 0.2671580631 0.3282120932 
 0.2180221498 0.2675351097 0.3285423074 
 0.2184818394 0.2678479551 0.3287732468 
 0.2188859728 0.2680614209 0.3288591795 
 0.2192078868 0.2681415543 0.3287562830 
 0.2194226363 0.2680572872 0.3284248728 
 0.2195081492 0.2677820319 0.3278315428 
 0.2194462913 0.2672951406 0.3269511203 
 0.2192237926 0.2665831565 0.3257683330 
 0.2188329892 0.2656407906 0.3242790995 
 0.2182723440 0.2644715705 0.3224913655 
 0.2175467170 0.2630881186 0.3204254290 
 0.2166673696 0.2615120390 0.3181137233 
 0.2156516987 0.2597734084 0.3156000531 
 0.2145227114 0.2579098892 0.3129383104 
 0.2133082605 0.2559655025 0.3101907221 
 0.2120400775 0.2539891130 0.3074257084 
 0.2107526415 0.2520326945 0.3047154473 
 0.2094819356 0.2501494533 0.3021332555 
 0.2082641406 0.2483918880 0.2997509005 
 0.2071343191 0.2468098691 0.2976359596 
 0.2061251400 0.2454488133 0.2958493307 
 0.2052656915 0.2443480237 0.2944429947 
 0.2045804242 0.2435392551 0.2934581091 
 0.2040882619 0.2430455568 0.2929235018 
 0.2038019118 0.2428804319 0.2928546155 
 0.2037273991 0.2430473417 0.2932529371 
 0.2038638454 0.2435395757 0.2941059340 
 0.2042035025 0.2443404921 0.2953874993 
 0.2047320461 0.2454241276 0.2970588966 
 0.2054291257 0.2467561574 0.2990701756 
 0.2062691540 0.2482951772 0.3013620130 
 0.2072223137 0.2499942630 0.3038679152 
 0.2082557417 0.2518027517 0.3065167009 
 0.2093348480 0.2536681715 0.3092351657 
 0.2104247092 0.2555382414 0.3119508164 
 0.2114914774 0.2573628530 0.3145945566 
 0.2125037370 0.2590959427 0.3171032003 
 0.2134337432 0.2606971679 0.3194216978 
 0.2142584843 0.2621333083 0.3215049712 
 0.2149605132 0.2633793283 0.3233192746 
 0.2155285113 0.2644190515 0.3248430230 
 0.2159575598 0.2652454249 0.3260670605 
 0.2162491106 0.2658603682 0.3269943708 
 0.2164106656 0.2662742272 0.3276392616 
 0.2164551884 0.2665048721 0.3280260815 
 0.2164002854 0.2665764944 0.3281875475 
 0.2162672032 0.2665181715 0.3281627787 
 0.2160796942 0.2663622728 0.3279951361 
 0.2158628093 0.2661427854 0.3277299742 
 0.2156416707 0.2658936343 0.3274124025 
 0.2154402801 0.2656470671 0.3270851489 
 0.2152804085 0.2654321662 0.3267866053 
 0.2151806095 0.2652735401 0.3265491212 
 0.2151553903 0.2651902384 0.3263976000 
 0.2152145661 0.2651949218 0.3263484377 
 0.2153628178 0.2652933117 0.3264088314 
 0.2155994643 0.2654839332 0.3265764765 
 0.2159184556 0.2657581573 0.3268396576 
 0.2163085857 0.2661005419 0.3271777317 
 0.2167539168 0.2664894593 0.3275619893 
 0.2172344036 0.2668979953 0.3279568727 
 0.2177266959 0.2672950898 0.3283215144 
 0.2182050944 0.2676468853 0.3286115515 
 0.2186426262 0.2679182373 0.3287811557 
 0.2190122015 0.2680743323 0.3287852063 
 0.2192878065 0.2680823502 0.3285815243 
 0.2194456855 0.2679131032 0.3281330718 
 0.2194654598 0.2675425772 0.3274100193 
 0.2193311347 0.2669533034 0.3263915789 
 0.2190319454 0.2661354906 0.3250675080 
 0.2185630010 0.2650878560 0.3234391986 
 0.2179256925 0.2638181069 0.3215202827 
 0.2171278414 0.2623430406 0.3193367100 
 0.2161835798 0.2606882472 0.3169262770 
 0.2151129622 0.2588874236 0.3143376189 
 0.2139413272 0.2569813237 0.3116287011 
 0.2126984349 0.2550163918 0.3088648774 
 0.2114174193 0.2530431376 0.3061165996 
 0.2101335991 0.2511143266 0.3034568843 
 0.2088831995 0.2492830646 0.3009586486 
 0.2077020351 0.2476008578 0.2986920300 
 0.2066242076 0.2461157268 0.2967218036 
 0.2056808652 0.2448704500 0.2951049986 
 0.2048990713 0.2439010012 0.2938888041 
 0.2043008213 0.2432352378 0.2931088414 
 0.2039022415 0.2428918851 0.2927878596 
 0.2037130003 0.2428798524 0.2929349014 
 0.2037359535 0.2431979043 0.2935449645 
 0.2039670390 0.2438347012 0.2945991729 
 0.2043954307 0.2447692118 0.2960654554 
 0.2050039512 0.2459714862 0.2978997112 
 0.2057697341 0.2474037693 0.3000474287 
 0.2066651174 0.2490219167 0.3024457011 
 0.2076587363 0.2507770636 0.3050255697 
 0.2087167765 0.2526174834 0.3077146020 
 0.2098043333 0.2544905603 0.3104396031 
 0.2108868207 0.2563447911 0.3131293413 
 0.2119313638 0.2581317267 0.3157171690 
 0.2129081082 0.2598077642 0.3181434165 
 0.2137913843 0.2613357049 0.3203574492 
 0.2145606687 0.2626860056 0.3223192922 
 0.2152012955 0.2638376666 0.3240007503 
 0.2157048878 0.2647787186 0.3253859800 
 0.2160694898 0.2655062940 0.3264714980 
 0.2162994014 0.2660262907 0.3272656433 
 0.2164047306 0.2663526551 0.3277875378 
 0.2164006937 0.2665063347 0.3280656130 
 0.2163067053 0.2665139585 0.3281357898 
 0.2161453089 0.2664063197 0.3280394109 
 0.2159410018 0.2662167360 0.3278210269 
 0.2157190124 0.2659793631 0.3275261420 
 0.2155040832 0.2657275377 0.3271990117 
 0.2153193117 0.2654922139 0.3268805819 
 0.2151850925 0.2653005524 0.3266066420 
 0.2151182001 0.2651747109 0.3264062525 
 0.2151310415 0.2651308731 0.3263004955 
 0.2152311031 0.2651785462 0.3263015815 
 0.2154206062 0.2653201438 0.3264123358 
 0.2156963808 0.2655508675 0.3266260774 
 0.2160499607 0.2658588872 0.3269268913 
 0.2164678946 0.2662258161 0.3272902886 
 0.2169322654 0.2666274659 0.3276842355 
 0.2174213985 0.2670348608 0.3280705238 
 0.2179107388 0.2674154793 0.3284064432 
 0.2183738660 0.2677346825 0.3286467023 
 0.2187836120 0.2679572812 0.3287455341 
 0.2191132400 0.2680491823 0.3286589076 
 0.2193376383 0.2679790488 0.3283467573 
 0.2194344789 0.2677199021 0.3277751339 
 0.2193852908 0.2672505938 0.3269181749 
 0.2191763978 0.2665570750 0.3257597974 
 0.2187996763 0.2656333955 0.3242950192 
 0.2182530935 0.2644823794 0.3225308326 
 0.2175409981 0.2631159330 0.3204865696 
 0.2166741453 0.2615549619 0.3181937279 
 0.2156694524 0.2598288933 0.3156952486 
 0.2145494929 0.2579748172 0.3130442718 
 0.2133417508 0.2560362847 0.3103024188 
 0.2120776681 0.2540618142 0.3075376778 
 0.2107915260 0.2521031721 0.3048219892 
 0.2095192092 0.2502135055 0.3022286379 
 0.2082969035 0.2484454052 0.2998295681 
 0.2071597798 0.2468489820 0.2976927356 
 0.2061407147 0.2454700325 0.2958796054 
 0.2052690956 0.2443483646 0.2944428921 
 0.2045697531 0.2435163448 0.2934246266 
 0.2040620584 0.2429977184 0.2928546179 
 0.2037592169 0.2428067433 0.2927493613 
 0.2036677851 0.2429476676 0.2931114305 
 0.2037874292 0.2434145705 0.2939293737 
 0.2041109388 0.2441915743 0.2951781198 
 0.2046245002 0.2452534254 0.2968198851 
 0.2053082259 0.2465664275 0.2988055527 
 0.2061369261 0.2480896992 0.3010764820 
 0.2070810982 0.2497767136 0.3035666850 
 0.2081080989 0.2515770629 0.3062052891 
 0.2091834523 0.2534383784 0.3089191902 
 0.2102722403 0.2553083278 0.3116357845 
 0.2113405107 0.2571365990 0.3142856603 
 0.2123566399 0.2588767837 0.3168051283 
 0.2132925820 0.2604880706 0.3191384722 
 0.2141249460 0.2619366698 0.3212398166 
 0.2148358466 0.2631969022 0.3230745254 
 0.2154134891 0.2642519054 0.3246200729 
 0.2158524640 0.2650939293 0.3258663554 
 0.2161537410 0.2657242175 0.3268154436 
 0.2163243706 0.2661524902 0.3274808070 
 0.2163769155 0.2663960687 0.3278860644 
 0.2163286489 0.2664786941 0.3280633391 
 0.2162005641 0.2664291078 0.3280513131 
 0.2160162500 0.2662794680 0.3278930789 
 0.2158006875 0.2660636801 0.3276338955 
 0.2155790227 0.2658157152 0.3273189470 
 0.2153753716 0.2655679885 0.3269911960 
 0.2152117023 0.2653498606 0.3266894138 
 0.2151068384 0.2651863137 0.3264464535 
 0.2150756167 0.2650968492 0.3262878222 
 0.2151282276 0.2650946367 0.3262305921 
 0.2152697562 0.2651859423 0.3262826812 
 0.2154999384 0.2653698484 0.3264425191 
 0.2158131368 0.2656382730 0.3266991082 
 0.2161985359 0.2659762874 0.3270324767 
 0.2166405512 0.2663627222 0.3274145105 
 0.2171194373 0.2667710454 0.3278101448 
 0.2176120777 0.2671704852 0.3281788783 
 0.2180929291 0.2675273631 0.3284765679 
 0.2185350880 0.2678065929 0.3286574424 
 0.2189114421 0.2679732916 0.3286762677 
 0.2191958618 0.2679944399 0.3284905771 
 0.2193643834 0.2678405244 0.3280628764 
 0.2193963346 0.2674870888 0.3273627239 
 0.2192753512 0.2669161202 0.3263685840 
 0.2189902364 0.2661172012 0.3250693588 
 0.2185356217 0.2650883658 0.3234655118 
 0.2179123936 0.2638366099 0.3215697119 
 0.2171278633 0.2623780199 0.3194069532 
 0.2161956677 0.2607375079 0.3170141261 
 0.2151354016 0.2589481546 0.3144390508 
 0.2139719992 0.2570501875 0.3117390061 
 0.2127348882 0.2550896371 0.3089788186 
 0.2114569551 0.2531167306 0.3062285978 
 0.2101733674 0.2511840953 0.3035612183 
 0.2089203003 0.2493448488 0.3010496632 
 0.2077336226 0.2476506599 0.2987643427 
 0.2066475914 0.2461498561 0.2967705008 
 0.2056936066 0.2448856563 0.2951258144 
 0.2048990703 0.2438945914 0.2938782754 
 0.2042863906 0.2432051724 0.2930644324 
 0.2038721665 0.2428368508 0.2927080530 
 0.2036665816 0.2427993081 0.2928192523 
 0.2036730303 0.2430920995 0.2933941154 
 0.2038879931 0.2437046651 0.2944148292 
 0.2043011698 0.2446167137 0.2958503219 
 0.2048958716 0.2457989681 0.2976573913 
 0.2056496645 0.2472142528 0.2997822894 
 0.2065352444 0.2488188867 0.3021627090 
 0.2075215160 0.2505643346 0.3047301032 
 0.2085748333 0.2523990518 0.3074122482 
 0.2096603526 0.2542704504 0.3101359467 
 0.2107434390 0.2561269003 0.3128297555 
 0.2117910611 0.2579196785 0.3154266178 
 0.2127731094 0.2596047742 0.3178662774 
 0.2136635726 0.2611444672 0.3200973646 
 0.2144415161 0.2625086047 0.3220790562 
 0.2150918141 0.2636755181 0.3237822363 
 0.2156056032 0.2646325419 0.3251901105 
 0.2159804374 0.2653761170 0.3262982585 
 0.2162201464 0.2659114852 0.3271141368 
 0.2163344083 0.2662520010 0.3276560767 
 0.2163380689 0.2664181073 0.3279518417 
 0.2162502468 0.2664360359 0.3280368321 
 0.2160932743 0.2663363033 0.3279520330 
 0.2158915299 0.2661520777 0.3277418102 
 0.2156702176 0.2659174953 0.3274516547 
 0.2154541480 0.2656659987 0.3271259758 
 0.2152665738 0.2654287644 0.3268060261 
 0.2151281232 0.2652332796 0.3265280371 
 0.2150558708 0.2651021155 0.3263216246 
 0.2150625768 0.2650519378 0.3262085128 
 0.2151561186 0.2650927821 0.3262016136 
 0.2153391291 0.2652276154 0.3263044829 
 0.2156088547 0.2654521939 0.3265111694 
 0.2159572323 0.2657552205 0.3268064565 
 0.2163711844 0.2661187969 0.3271664927 
 0.2168331222 0.2665191582 0.3275597925 
 0.2173216399 0.2669276670 0.3279485818 
 0.2178123792 0.2673120382 0.3282904471 
 0.2182790344 0.2676377546 0.3285402398 
 0.2186944630 0.2678696242 0.3286521683 
 0.2190318610 0.2679734221 0.3285820046 
 0.2192659567 0.2679175512 0.3282893138 
 0.2193741733 0.2676746510 0.3277396145 
 0.2193377100 0.2672230816 0.3269063658 
 0.2191424919 0.2665482099 0.3257726839 
 0.2187799425 0.2656434326 0.3243326951 
 0.2182475400 0.2645108768 0.3225924455 
 0.2175491276 0.2631617383 0.3205703069 
 0.2166949600 0.2616162292 0.3182968453 
 0.2157014795 0.2599031300 0.3158141405 
 0.2145908302 0.2580589605 0.3131745812 
 0.2133901304 0.2561268029 0.3104391815 
 0.2121305351 0.2541548291 0.3076754955 
 0.2108461292 0.2521945974 0.3049552226 
 0.2095726999 0.2502991937 0.3023516117 
 0.2083464380 0.2485212989 0.2999367786 
 0.2072026219 0.2469112613 0.2977790532 
 0.2061743344 0.2455152542 0.2959404623 
 0.2052912599 0.2443735870 0.2944744493 
 0.2045786062 0.2435192340 0.2934239139 
 0.2040561880 0.2429766324 0.2928196414 
 0.2037377048 0.2427607911 0.2926791758 
 0.2036302393 0.2428767405 0.2930061730 
 0.2037339972 0.2433193454 0.2937902584 
 0.2040423004 0.2440734877 0.2950073932 
 0.2045418400 0.2451146191 0.2966207427 
 0.2052131859 0.2464096676 0.2985820207 
 0.2060315401 0.2479182709 0.3008332664 
 0.2069677094 0.2495942952 0.3033089947 
 0.2079892647 0.2513875842 0.3059386397 
 0.2090618405 0.2532458697 0.3086491953 
 0.2101505191 0.2551167642 0.3113679448 
 0.2112212405 0.2569497494 0.3140251595 
 0.2122421697 0.2586980697 0.3165566443 
 0.2131849568 0.2603204422 0.3189060139 
 0.2140258290 0.2617825048 0.3210265926 
 0.2147464602 0.2630579323 0.3228828513 
 0.2153345776 0.2641291733 0.3244513203 
 0.2157842792 0.2649877783 0.3257209441 
 0.2160960507 0.2656343118 0.3266928773 
 0.2162764895 0.2660778660 0.3273797473 
 0.2163377563 0.2663352109 0.3278044392 
 0.2162967894 0.2664296349 0.3279984799 
 0.2161743283 0.2663895415 0.3280001109 
 0.2159937971 0.2662468760 0.3278521537 
 0.2157801060 0.2660354606 0.3275997699 
 0.2155584245 0.2657893113 0.3272882163 
 0.2153529819 0.2655410101 0.3269606891 
 0.2151859429 0.2653201947 0.3266563377 
 0.2150763999 0.2651522206 0.3264085182 
 0.2150395185 0.2650570396 0.3262433403 
 0.2150858629 0.2650483295 0.3261785520 
 0.2152209212 0.2651328999 0.3262227908 
 0.2154448446 0.2653103893 0.3263752198 
 0.2157524061 0.2655732611 0.3266255581 
 0.2161331794 0.2659070989 0.3269545038 
 0.2165719310 0.2662911902 0.3273345375 
 0.2170492144 0.2666993844 0.3277310867 
 0.2175421455 0.2671011974 0.3281040163 
 0.2180253363 0.2674631298 0.3284094031 
 0.2184719533 0.2677501547 0.3286015354 
 0.2188548633 0.2679273217 0.3286350677 
 0.2191478232 0.2679614153 0.3284672498 
 0.2193266653 0.2678226013 0.3280601363 
 0.2193704293 0.2674859868 0.3273826798 
 0.2192623880 0.2669330217 0.3264126045 
 0.2189909213 0.2661526711 0.3251379668 
 0.2185501926 0.2651422955 0.3235583112 
 0.2179405951 0.2639081896 0.3216853550 
 0.2171689421 0.2624657409 0.3195431478 
 0.2162483878 0.2608391953 0.3171676868 
 0.2151980814 0.2590610303 0.3146059894 
 0.2140425664 0.2571709595 0.3119146602 
 0.2128109515 0.2552146122 0.3091580115 
 0.2115358895 0.2532419455 0.3064058221 
 0.2102524086 0.2513054595 0.3037308362 
 0.2089966455 0.2494582944 0.3012061132 
 0.2078045320 0.2477522901 0.2989023448 
 0.2067104886 0.2462360886 0.2968852517 
 0.2057461720 0.2449533543 0.2952131644 
 0.2049393254 0.2439411784 0.2939348810 
 0.2043127699 0.2432287263 0.2930878786 
 0.2038835743 0.2428361737 0.2926969425 
 0.2036624322 0.2427739704 0.2927732564 
 0.2036532690 0.2430424554 0.2933139866 
 0.2038530977 0.2436318398 0.2943023748 
 0.2042521321 0.2445225616 0.2957083376 
 0.2048341586 0.2456860041 0.2974895590 
 0.2055771609 0.2470855573 0.2995930407 
 0.2064541779 0.2486779893 0.3019570600 
 0.2074343680 0.2504150790 0.3045134664 
 0.2084842385 0.2522454489 0.3071902285 
 