15.4698513186 15.9479120582 16.3554964745 
 15.4497265440 15.9019159202 16.2784127514 
 15.4067117524 15.8279555991 16.1676946898 
 15.3331581861 15.7180817598 16.0152317477 
 15.2210347762 15.5640612501 15.8127794035 
 15.0623175122 15.3578281198 15.5524775749 
 14.8494896018 15.0920501590 15.2274837869 
 14.5761432817 14.7607938335 14.8326930072 
 14.2376522201 14.3602448740 14.3654871384 
 13.8318571189 13.8894128730 13.8264271831 
 13.3596814668 13.3507228031 13.2197786206 
 12.8255773864 12.7503839044 12.5537562191 
 12.2377023193 12.0984365946 11.8403975212 
 11.6077528183 11.4084164340 11.0950271124 
 10.9504323407 10.6966375204 10.3353483613 
 10.2825966422 9.9811721895 9.5802767100 
 9.6221857318 9.2806682464 8.8486849987 
 8.9870952675 8.6131783600 8.1582477935 
 8.3941482297 7.9951674705 7.5245428681 
 7.8582973454 7.4408166189 6.9605044129 
 7.3921306729 6.9616717809 6.4762453571 
 7.0056855027 6.5666154541 6.0791975234 
 6.7065176549 6.2620845455 5.7744729199 
 6.4999362506 6.0524292052 5.5653314862 
 6.3893013933 5.9403031765 5.4536456785 
 6.3762905870 5.9269908970 5.4402722314 
 6.4610627505 6.0126025464 5.5252685653 
 6.6422801474 6.1960995903 5.7079206910 
 6.9169836900 6.4751466290 5.9865790028 
 7.2803525189 6.8458186841 6.3583277736 
 7.7254112983 7.3022248704 6.8185433812 
 8.2427740693 7.8361367999 7.3604238900 
 8.8205259845 8.4367279026 7.9745945436 
 9.4443373822 9.0905310518 8.6489030677 
 10.0978741247 9.7816998185 9.3685072474 
 10.7635152370 10.4926111258 10.1163193826 
 11.4233232467 11.2047800805 10.8738095357 
 12.0601511234 11.8999867102 11.6220938291 
 12.6587312734 12.5614599785 12.3431658249 
 13.2065897742 13.1749449425 13.0210901532 
 13.6946640846 13.7295014204 13.6429818362 
 14.1175632363 14.2179396119 14.1996411530 
 14.4734768758 14.6368710101 14.6857867100 
 14.7637949335 14.9864200015 15.0999056219 
 14.9925318022 15.2696867189 15.4437987687 
 15.1656557703 15.4920690406 15.7219299004 
 15.2904115458 15.6605445884 15.9406898171 
 15.3746998445 15.7829910319 16.1076686465 
 15.4265515844 15.8675946762 16.2310008575 
 15.4537110800 15.9223707069 16.3188182654 
 15.4633255859 15.9547977623 16.3788217874 
 15.4617280310 15.9715559500 16.4179655319 
 15.4542948328 15.9783503445 16.4422369172 
 15.4453597676 15.9797998490 16.4565125157 
 15.4381665037 15.9793724096 16.4644694465 
 15.4348454104 15.9793505359 16.4685347754 
 15.4364038579 15.9808149385 16.4698593483 
 15.4427229663 15.9836382661 16.4683070227 
 15.4525574872 15.9864851445 16.4624549916 
 15.4635391733 15.9868189256 16.4496056650 
 15.4721876780 15.9809197687 16.4258153550 
 15.4739367823 15.9639229280 16.3859497530 
 15.4631875142 15.9298902986 16.3237807139 
 15.4334033040 15.8719320746 16.2321427140 
 15.3772651777 15.7823981316 16.1031696910 
 15.2869062872 15.6531594052 15.9286325072 
 15.1542435251 15.4759965931 15.7003923107 
 14.9714180434 15.2431052590 15.4109737959 
 14.7313446772 14.9477113592 15.0542435384 
 14.4283517606 14.5847689389 14.6261524983 
 14.0588684329 14.1516839905 14.1254715337 
 13.6220896881 13.6489801197 13.5544210015 
 13.1205266289 13.0808009339 12.9190800842 
 12.5603394973 12.4551410040 12.2294689246 
 11.9513627103 11.7837202070 11.4992337154 
 11.3067687279 11.0814672209 10.7449295173 
 10.6423773465 10.3656487370 9.9849743036 
 9.9756856033 9.6547536220 9.2384183404 
 9.3247513070 8.9672935251 8.5237126758 
 8.7070916928 8.3206959035 7.8576557473 
 8.1387484246 7.7304374737 7.2546500959 
 7.6336250343 7.2095057642 6.7263283904 
 7.2031381050 6.7682035400 6.2815322588 
 6.8561584822 6.4142459984 5.9265682912 
 6.5991694986 6.1530576356 5.6656329195 
 6.4365435049 5.9881587501 5.5012914231 
 6.3708357567 5.9215370491 5.4349093202 
 6.4030106903 5.9539205807 5.4669584837 
 6.5325432464 6.0848972489 5.5971489159 
 6.7573715359 6.3128587076 5.8243666853 
 7.0737128079 6.6347798881 6.1464279975 
 7.4757892123 7.0458782880 6.5596887518 
 7.9555397233 7.5392274117 7.0585777142 
 8.5024148274 8.1054225264 7.6351471093 
 9.1033548966 8.7324079953 8.2787515603 
 9.7430356642 9.4055665868 8.9759670436 
 10.4044227401 10.1081371860 9.7108382747 
 11.0696166299 10.8219694709 10.4654928383 
 11.7209035922 11.5285528634 11.2210896116 
 12.3418746159 12.2101910719 11.9589939518 
 12.9184520316 12.8511535040 12.6620149822 
 13.4396788984 13.4386346735 13.3155204267 
 13.8981752953 13.9633929414 13.9082692647 
 14.2902319946 14.4200070269 14.4328636712 
 14.6155758275 14.8067614569 14.8857990471 
 14.8768865534 15.1252305079 15.2671613446 
 15.0791652198 15.3796626323 15.5800676134 
 15.2290507636 15.5762725818 15.8299628560 
 15.3341624972 15.7225329997 16.0238779706 
 15.4025201608 15.8265309198 16.1697293613 
 15.4420677642 15.8964263382 16.2757109919 
 15.4603069216 15.9400258170 16.3498020158 
 15.4640314075 15.9644666623 16.3993918708 
 15.4591468889 15.9759968066 16.4310110221 
 15.4505568937 15.9798309313 16.4501485808 
 15.4420965062 15.9800629096 16.4611361438 
 15.4364976695 15.9796167640 16.4670786652 
 15.4353733260 15.9802218019 16.4698165372 
 15.4392113371 15.9824016482 16.4699073595 
 15.4473728656 15.9854711048 16.4666205321 
 15.4580935996 15.9875389817 16.4579425672 
 15.4684898717 15.9855192471 16.4405957894 
 15.4745754383 15.9751570824 16.4100778721 
 15.4712984625 15.9510806629 16.3607343342 
 15.4526119666 15.9068935526 16.2858804159 
 15.4115943485 15.8353260245 16.1779920362 
 15.3406388284 15.7284655652 16.0289867709 
 15.2317308516 15.5780860286 15.8306134698 
 15.0768291016 15.3760897201 15.5749614649 
 14.8683572929 15.1150654446 15.2550856472 
 14.5997990292 14.7889471091 14.8657213349 
 14.2663665440 14.3937322747 14.4040342562 
 13.8656880060 13.9281912029 13.8703208148 
 13.3984321045 13.3944709213 13.2685503833 
 12.8687706342 12.7984850082 12.6066352941 
 12.2845789270 12.1499879843 11.8963349104 
 11.6572974978 11.4622694056 11.1527508954 
 11.0014271693 10.7514645539 10.3934442700 
 10.3336959574 10.0355529668 9.6372828698 
 9.6720022066 9.3331819932 8.9031866201 
 9.0342846599 8.6624889057 8.2089579925 
 8.4374811329 8.0400896169 7.5703594615 
 7.8967097908 7.4803571110 7.0005381923 
 7.4247504796 6.9950438304 6.5098212053 
 7.0318362990 6.5932307730 6.1058342865 
 6.7257062916 6.2815301446 5.7938504400 
 6.5118312762 6.0644374823 5.5772536595 
 6.3937104001 5.9447233609 5.4580073755 
 6.3731429725 5.9237682948 5.4370360417 
 6.4504022897 6.0017697773 5.5144551250 
 6.6242691612 6.1777814946 5.6896140715 
 6.8919178356 6.4495779362 5.9609463676 
 7.2486825511 6.8133709896 6.3256502369 
 7.6877658289 7.2634371134 6.7792527632 
 8.1999757756 7.7917415779 7.3151380541 
 8.7735933741 8.3876650803 7.9241426480 
 9.3944655922 9.0379408027 8.5943319825 
 10.0463914796 9.7268898949 9.3110621975 
 10.7118170402 10.4369976887 10.0573957962 
 11.3727894754 11.1498070277 10.8148786435 
 12.0120588654 11.8470336299 11.5646104720 
 12.6141745163 12.5117520043 12.2884714323 
 13.1664179046 13.1294777752 12.9703254107 
 13.6594465721 13.6889915949 13.5970215917 
 14.0875827467 14.1828047812 14.1590592616 
 14.4487480420 14.6072392945 14.6508524212 
 14.7441024657 14.9621628753 15.0706075748 
 14.9774800683 15.2504673900 15.4198890118 
 15.1547222685 15.4773979078 15.7029790372 
 15.2829982180 15.6498346007 15.9261450676 
 15.3701782243 15.7756078610 16.0969085331 
 15.4242997701 15.8628988330 16.2233825763 
 15.4531421236 15.9197506249 16.3137159669 
 15.4639079694 15.9536942262 16.3756556491 
 15.4629995000 15.9714790488 16.4162225678 
 15.4558710751 15.9788904818 16.4414850046 
 15.4469393837 15.9806343696 16.4564092596 
 15.4395335261 15.9802692336 16.4647673825 
 15.4358703666 15.9801699180 16.4690841486 
 15.4370440800 15.9815101548 16.4706093689 
 15.4430225646 15.9842557033 16.4693061377 
 15.4526471145 15.9871639421 16.4638503457 
 15.4636354272 15.9877899956 16.4516415540 
 15.4725917038 15.9825036952 16.4288301093 
 15.4750313467 15.9665259220 16.3903701294 
 15.4654315389 15.9339970720 16.3301125440 
 15.4373225891 15.8780942341 16.2409563030 
 15.3834378725 15.7912165432 16.1150783632 
 15.2959416512 15.6652590347 15.9442628670 
 15.1667527764 15.4919927232 15.7203453669 
 14.9879767391 15.2635608381 15.4357772163 
 14.7524472071 14.9730866459 15.0842970064 
 14.4543601806 14.6153665381 14.6616703403 
 14.0899598725 14.1875945933 14.1664291041 
 13.6582085640 13.6900362662 13.6005131250 
 13.1613492904 13.1265471950 12.9697003429 
 12.6052590036 12.5048283577 12.2837169977 
 11.9994996325 11.8363296091 11.5559540847 
 11.3570101019 11.1357626029 10.8027791902 
 10.6934408041 10.4202539316 10.0425111860 
 10.0262006039 9.7082426296 9.2941973620 
 9.3733458353 9.0182807446 8.5763752429 
 8.7524719697 8.3679134034 7.9060000989 
 8.1797613475 7.7727898774 7.2976749146 
 7.6692974611 7.2460986622 6.7632479654 
 7.2326922927 6.7983468514 6.3117668825 
 6.8790075590 6.4374379937 5.9497171952 
 6.6148998063 6.1689576775 5.6814385599 
 6.4448917275 5.9965572185 5.5096036185 
 6.3716681755 5.9223298502 5.4356562555 
 6.3963101791 5.9470936739 5.4601295261 
 6.5184072165 6.0705242287 5.5827919396 
 6.7360213413 6.2911119185 5.8026003304 
 7.0455123731 6.6059529798 6.1174670230 
 7.4412681044 7.0104156402 6.5238783791 
 7.9154138555 7.4977536880 7.0164306925 
 8.4575969179 8.0587641463 7.5873754611 
 9.0549472043 8.6815980858 8.2262841205 
 9.6922997638 9.3518265395 8.9199446331 
 10.3527251255 10.0528315149 9.6525811351 
 11.0183540461 10.7665358394 10.4064397405 
 11.6714169017 11.4744147612 11.1627139655 
 12.2953631991 12.1586650497 11.9027077264 
 12.8759011106 12.8033646381 12.6090745247 
 13.4018095975 13.3954523899 13.2669481989 
 13.8654225589 13.9253949788 13.8648020626 
 14.2627501705 14.3874736097 14.3949322473 
 14.5932672778 14.7796963960 14.8535380113 
 14.8594460137 15.1034022691 15.2404434475 
 15.0661319843 15.3626569225 15.5585539482 
 15.2198617225 15.5635484644 15.8131602013 
 15.3282009037 15.7134762799 16.0111958576 
 15.3991570818 15.8205007596 16.1605316597 
 15.4406950072 15.8927931683 16.2693591260 
 15.4603615951 15.9382002676 16.3456888774 
 15.4650131166 15.9639203241 16.3969668737 
 15.4606289750 15.9762762130 16.4297975477 
 15.4521932106 15.9805663362 16.4497553988 
 15.4436251039 15.9809733592 16.4612643965 
 15.4377425249 15.9805127342 16.4675258051 
 15.4362449816 15.9810063755 16.4704783047 
 15.4397070179 15.9830708821 16.4707785348 
 15.4475763547 15.9861139129 16.4677948326 
 15.4581748733 15.9883365316 16.4596116921 
 15.4687042088 15.9867435510 16.4430472476 
 15.4752614340 15.9771681305 16.4136908645 
 15.4728740870 15.9543211332 16.3659726122 
 15.4555675337 15.9118798307 16.2932807364 
 15.4164810333 15.8426340479 16.1881466390 
 15.3480512605 15.7387099393 16.0425183146 
 15.2422824043 15.5918910514 15.8481412033 
 15.0911189180 15.3940515471 15.5970582263 
 14.8869289516 15.1377057250 15.2822266674 
 14.6230921264 14.8166600875 14.8982277779 
 14.2946643085 14.4267294538 14.4420167398 
 13.8990661236 13.9664498593 13.9136303307 
 13.4367157338 13.4376944389 13.3167453402 
 12.9115074620 12.8460833749 12.6589730166 
 12.3310353749 12.2010852136 11.9517932741 
 11.7064824537 11.5157408874 11.2100809530 
 11.0521431205 10.8060019640 10.4512486946 
 10.3846121196 10.0897487191 9.6941094876 
 9.7217396695 9.3856210225 8.9576230263 
 9.0815011834 8.7118342184 8.2597133536 
 8.4809438142 8.0851499968 7.6163230416 
 7.9353471622 7.5201298964 7.0408096675 
 7.4576805428 7.0287312897 6.5437137010 
 7.0583720590 6.6202336817 6.1328557346 
 6.7453442494 6.3014255944 5.8136714915 
 6.5242304246 6.0769493663 5.5896709910 
 6.3986695351 5.9496936402 5.4629102926 
 6.3705829614 5.9211356034 5.4343824688 
 6.4403578513 5.9915597192 5.5042608910 
 6.6068921431 6.1601104975 5.6719571350 
 6.8674912295 6.4246699563 5.9359853695 
 7.2176418102 6.7815838245 6.2936545032 
 7.6507217040 7.2252927142 6.7406386512 
 8.1577312414 7.7479528518 7.2705045050 
 8.7271467667 8.3391507058 7.8742973909 
 9.3449932939 8.9858201199 8.5402996386 
 9.9952065815 9.6724524152 9.2540671644 
 10.6603050516 10.3816461618 9.9988165420 
 11.3223273354 11.0949785387 10.7561754831 
 11.9639277883 11.7941084597 11.5072348128 
 12.5694791898 12.4619633201 12.2337691271 
 13.1260235400 13.0838354711 12.9194486667 
 13.6239416125 13.6482306445 13.5508621831 
 14.0572698759 14.1473632956 14.1182111482 
 14.4236610858 14.5772657523 14.6156058332 
 14.7240430982 14.9375473093 15.0409710180 
 14.9620665448 15.2308886415 15.3956318463 
 15.1434425694 15.4623785355 15.6836858001 
 15.2752614375 15.6387961749 15.9112732629 
 15.3653600583 15.7679214045 16.0858434633 
 15.4217799628 15.8579273952 16.2154851141 
 15.4523333600 15.9168828898 16.3083613552 
 15.4642768187 15.9523694461 16.3722631054 
 15.4640806439 15.9712044372 16.4142765742 
 15.4572762937 15.9792525744 16.4405497307 
 15.4483627500 15.9813059132 16.4561377315 
 15.4407540782 15.9810130032 16.4649069073 
 15.4367532676 15.9808405986 16.4694792480 
 15.4375409910 15.9820551108 16.4712031452 
 15.4431716627 15.9847151323 16.4701406363 
 15.4525729086 15.9876705862 16.4650661130 
 15.4635482377 15.9885682616 16.4534762213 
 15.4727863907 15.9838677084 16.4316154688 
 15.4758845825 15.9688757163 16.3945268067 
 15.4673966344 15.9378118036 16.3361410399 
 15.4409206237 15.8839210385 16.2494229158 
 15.3892436954 15.7996534903 16.1265943857 
 15.3045632881 15.6769306749 15.9594556008 
 15.1788030045 15.5075170750 15.7398200372 
 15.0040362051 15.2835074824 15.4600699396 
 14.7730195543 14.9979269564 15.1138206276 
 14.4798212600 14.6454189682 14.6966571149 
 14.1205050964 14.2229701485 14.2068765322 
 13.6938044836 13.7305913392 13.6461411250 
 13.2016969412 13.1718521186 13.0199285730 
 12.6497767724 12.5541595741 12.3376697410 
 12.0473317570 11.8886907528 11.6124963973 
 11.4070632950 11.1899351709 10.8605824538 
 10.7444464694 10.4748725077 10.1001401590 
 10.0767949509 9.7618844329 9.3502061105 
 9.4221564743 9.0695562547 8.6293975400 
 8.7981985034 8.4155449961 7.9548216041 
 8.2212394173 7.8156686913 7.3412790474 
 7.7055399615 7.2833151505 6.8008332951 
 7.2629066498 6.8291960248 6.3427393272 
 6.9025926157 6.4614047675 5.9736641064 
 6.6314289636 6.1856902459 5.6980934310 
 6.4540902109 6.0058369251 5.5188099737 
 6.3733918441 5.9240450591 5.4373378574 
 6.3905316451 5.9412232394 5.4542720091 
 6.5052126918 6.0571337941 5.5694387373 
 6.7156189505 6.2703637371 5.7818635057 
 7.0182499398 6.5781273882 6.0895513560 
 7.4076558548 6.9759398390 6.4891148185 
 7.8761454170 7.4572312945 6.9753131100 
 8.4135608255 8.0129974488 7.5405928465 
 9.0072213928 8.6315945837 8.1747394190 
 9.6421235924 9.2987827454 8.8647520043 
 10.3014473477 9.9980903852 9.5950360069 
 10.9673601659 10.7115192338 10.3479606381 
 11.6220442974 11.4205379183 11.1047609212 
 12.2488157473 12.1072446108 11.8466876058 
 12.8331756799 12.7555337505 12.5562470839 
 13.3636444410 13.3520951473 13.2183468945 
 13.8322731038 13.8871083260 13.8211804513 
 14.2347924277 14.3545592244 14.3567413290 
 14.5704245720 14.7521796721 14.8209338436 
 14.8414319576 15.0810717189 15.2133194948 
 15.0525018316 15.3451156654 15.5365898945 
 15.2100650719 15.5502697984 15.7958784889 
 15.3216305126 15.7038569699 15.9980184603 
 15.3951906098 15.8139078642 16.1508317509 
 15.4387283629 15.8886023381 16.2625046111 
 15.4598339494 15.9358251283 16.3410767339 
 15.4654245265 15.9628336847 16.3940486546 
 15.4615519945 15.9760244451 16.4280972435 
 15.4532799684 15.9807784817 16.4488812137 
 15.4446112223 15.9813664638 16.4609160209 
 15.4384490291 15.9808946868 16.4674985816 
 15.4365790760 15.9812772432 16.4706653868 
 15.4396623148 15.9832234089 16.4711717933 
 15.4472328569 15.9862335264 16.4684849000 
 15.4576987276 15.9886008797 16.4607871702 
 15.4683469669 15.9874212659 16.4449927371 
 15.4753582706 15.9786161949 16.4167831095 
 15.4738401343 15.9569798975 16.3706737030 
 15.4578912143 15.9162644345 16.3001270020 
 15.4207130383 15.8493207648 16.1977316587 
 15.3547876956 15.7483158791 16.0554684627 
 15.2521406966 15.6050458238 15.8650824567 
 15.1047054680 15.4113600418 15.6185737336 
 14.9047983368 15.1597022298 15.3088059274 
 14.6456990025 14.8437555862 14.9302101974 
 14.3223109667 14.4591560352 14.4795346453 
 13.9318507321 14.0042083840 13.9565587342 
 13.4744881463 13.4805133653 13.3646671711 
 12.9538404593 12.8933971641 12.7111683037 
 12.3772186172 12.2520393214 12.0072582886 
 11.7555438443 11.5692267474 11.2675786309 
 11.1028978872 10.8607200638 10.5093856421 
 10.4357346300 10.1442921613 9.7514291893 
 9.7718482902 9.4385675676 9.0127013419 
 9.1292438665 8.7618331855 8.3112422133 
 8.5250724313 8.1309920921 7.6631714513 
 7.9747717525 7.5607924162 7.0820565793 
 7.4914995240 7.0633967472 6.5786532252 
 7.0858795590 6.6482850887 6.1609799852 
 6.7660197527 6.3224252230 5.8346391794 
 6.5377181785 6.0906093987 5.6032706281 
 6.4047555689 5.9558468974 5.4690260391 
 6.3691765051 5.9197130761 5.4329688832 
 6.4314819190 5.9825794575 5.4953306771 
 6.5906855034 6.1436799458 5.6555837212 
 6.8442212604 6.4010012591 5.9123198988 
 7.1877250526 6.7510190941 6.2629545676 
 7.6147465517 7.1883338820 6.7033038770 
 8.1164754955 7.7052887818 7.2271120609 
 8.6815822118 8.2916731898 7.8256290157 
 9.2962705053 8.9346207667 8.4873514681 
 9.9446160887 9.6187947411 9.1980350947 
 10.6092154825 10.3269114003 9.9410534101 
 11.2721063098 11.0405891289 10.6981216347 
 11.9158557050 11.7414384619 11.4503295034 
 12.5246682435 12.4122485205 12.1793549683 
 13.0853535516 13.0380964594 12.8686833873 
 13.5880207790 13.6072194571 13.5046505677 
 14.0264235047 14.1115392260 14.0771656073 
 14.3979463090 14.5468002482 14.5800381281 
 14.7032837828 14.9123531119 15.0109120299 
 14.9459007689 15.2106655030 15.3708723468 
 15.1313750635 15.4466671719 15.6638295331 
 15.2667147421 15.6270331288 15.8957940585 
 15.3597201262 15.7594894655 16.0741398605 
 15.4184339333 15.8521984215 16.2069282580 
 15.4506988805 15.9132518095 16.3023341190 
 15.4638234401 15.9502796357 16.3681901077 
 15.4643444690 15.9701655459 16.4116458949 
 15.4578693305 15.9788522705 16.4389277283 
 15.4489784099 15.9812170977 16.4551785545 
 15.4411700929 15.9809978942 16.4643582046 
 15.4368330469 15.9807528309 16.4691853407 
 15.4372341593 15.9818406879 16.4711065956 
 15.4425142258 15.9844127467 16.4702827971 
 15.4516872173 15.9874114982 16.4655868721 
 15.4626426347 15.9885756058 16.4546127949 
 15.4721541431 15.9844547744 16.4336997260 
 15.4759014115 15.9704424206 16.3979802485 
 15.4685158677 15.9408382559 16.3414662175 
 15.4436647284 15.8889568271 16.2571897994 
 15.3941907565 15.8073011359 16.1374200671 
 15.3123269465 15.6878217149 15.9739758312 
 15.1900045743 15.5222795735 15.7586516124 
 15.0192682635 15.3027245377 15.4837639779 
 14.7928013599 15.0220871059 15.1428084135 
 14.5045479316 14.6748612612 14.7311923321 
 14.1503944690 14.2578288735 14.2469800669 
 13.7288476081 13.7707474952 13.6915565830 
 13.2416197533 13.2169000147 13.0700974162 
 12.6940207957 12.6033966423 12.3917337298 
 12.0950602260 11.9411362219 11.6693314581 
 11.4571955904 11.2443787323 10.9188625984 
 10.7957187759 10.5299483864 10.1584239573 
 10.1278397996 9.8161609302 9.4070332867 
 9.4715898968 9.1216275508 8.6833811786 
 8.8447021986 8.4641119051 8.0047229062 
 8.2636270409 7.8595981364 7.3860560273 
 7.7428007784 7.3216732994 6.8396607219 
 7.2942249830 6.8612556406 6.3750028155 
 6.9273462904 6.4866319071 5.9989352348 
 6.6491732225 6.2037181256 5.7160946144 
 6.4645349646 6.0164354807 5.5293777556 
 6.3763797949 5.9270938612 5.4403919420 
 6.3860232529 5.9366935705 5.4497953415 
 6.4932816419 6.0450833465 5.5574716989 
 6.6964591221 6.2509448593 5.7625130288 
 6.9921921384 6.5516072459 6.0630135137 
 7.3751899973 6.9427283779 6.4557072015 
 7.8379417321 7.4179106778 6.9355111402 
 8.3704823836 7.9683450411 7.4950623424 
 8.9603203973 8.5825910918 8.1243567091 
 9.5926157560 9.2465983471 8.8106033133 
 10.2506623820 9.9440448759 9.5383902409 
 10.9166713423 10.6570171111 10.2902141131 
 11.5727850014 11.3669848721 11.0473583032 
 12.2021944634 12.0559565395 11.7910288931 
 12.7902017247 12.7076516563 12.5035941330 
 13.3250746777 13.3085182705 13.1697434751 
 13.7985855181 13.8484539840 13.7773969157 
 14.2061872206 14.3211523181 14.3182496731 
 14.5468488404 14.7240694149 14.7879129605 
 14.8226211146 15.0580692124 15.1856854610 
 15.0380299830 15.3268441375 15.5140432467 
 15.1993972795 15.5362194999 15.7779598171 
 15.3141715875 15.6934382720 15.9841647689 
 15.3903271211 15.8064982397 16.1404281226 
 15.4358624068 15.8835850230 16.2549280028 
 15.4584086423 15.9326189634 16.3357307223 
 15.4649421001 15.9609147953 16.3903893918 
 15.4615858287 15.9749410575 16.4256517568 
 15.4534820285 15.9801604102 16.4472595735 
 15.4447162713 15.9809307596 16.4598189467 
 15.4382767745 15.9804487357 16.4667218851 
 15.4360351393 15.9807203138 16.4701023644 
 15.4387386269 15.9825473366 16.4708143365 
 15.4460077963 15.9855228942 16.4684237334 
 15.4563370364 15.9880327359 16.4612112600 
 15.4670991984 15.9872640945 16.4461875471 
 15.4745592336 15.9792275299 16.4191270147 
 15.4739055096 15.9588016446 16.3746315149 
 15.4593112327 15.9198146600 16.3062392461 
 15.4240418722 15.8551804704 16.2065980209 
 15.3606270701 15.7571091780 16.0677237957 
 15.2611162845 15.6174120764 15.8813640175 
 15.1174349878 15.4279170356 15.6394790649 
 14.9218510697 15.1810005128 15.3348421072 
 14.6675477478 14.8702256617 14.9617370839 
 14.3492792566 14.4910522057 14.5167070580 
 13.9640602096 14.0415552829 13.9992747922 
 13.5118129280 13.5230630535 13.4125315369 
 12.9958764007 12.9406053277 12.7634790088 
 12.4232749604 12.3030678578 12.0630235130 
 11.8046622985 11.6229765627 11.3255652197 
 11.1538998813 10.9158926447 10.5681951188 
 10.4872921611 10.1994726911 9.8095911824 
 9.8225689248 9.4923177394 9.0687705352 
 9.1777575798 8.8127799616 8.3638844583 
 8.5701080452 8.1779000997 7.7112276718 
 8.0152136983 7.6026119111 7.1245784683 
 7.5264204860 7.0992846894 6.6149107446 
 7.1145497429 6.6776021915 6.1904456712 
 6.7878977178 6.3447156204 5.8569572794 
 6.5524306050 6.1055713369 5.6182200100 
 6.4120738880 5.9633027709 5.4764850739 
 6.3689973620 5.9195857356 5.4328887719 
 6.4238164629 5.9748795752 5.4877215270 
 6.5756599884 6.1285067611 5.6405154071 
 6.8220887073 6.3785564626 5.8899374835 
 7.1588850303 6.7216310675 6.2335058072 
 7.5797677211 7.1524871207 6.6671741140 
 8.0761137755 7.6636513421 7.1848597541 
 8.6367867412 8.2451138530 7.7780136257 
 9.2481704702 8.8842078610 8.4353449861 
 9.8944842306 9.5657706803 9.1428097892 
 10.5584084734 10.2726410464 9.8839417257 
 11.2219872984 10.9864854359 10.6405493226 
 11.8677088088 11.6888741935 11.3937289140 
 12.4796171707 12.3624665274 12.1250703243 
 13.0442960383 12.9921317888 12.8178821589 
 13.5515872671 13.5658441400 13.4582539535 
 13.9949635535 14.0752357644 14.0358069440 
 14.3715411409 14.5157641742 14.5440522229 
 14.6817794706 14.8865201420 14.9803527348 
 14.9289545724 15.1897558313 15.3455516203 
 15.1185073091 15.4302386101 15.6433694251 
 15.2573598995 15.6145356988 15.8796833125 
 15.3532726684 15.7503159537 16.0617884959 
 15.4142865659 15.8457275908 16.1977157468 
 15.4482724010 15.9088829148 16.2956489658 
 15.4625886660 15.9474583416 16.3634603886 
 15.4638373711 15.9684022548 16.4083614822 
 15.4577007938 15.9777343036 16.4366555621 
 15.4488400620 15.9804162663 16.4535725345 
 15.4408374802 15.9802748675 16.4631652100 
 15.4361671931 15.9799594598 16.4682486489 
 15.4361822632 15.9809211381 16.4703676548 
 15.4411099658 15.9834039753 16.4697819523 
 15.4500508488 15.9864432845 16.4654632827 
 15.4609807838 15.9878700237 16.4551034142 
 15.4707589152 15.9843246699 16.4351368448 
 15.4751481440 15.9712881294 16.4007867418 
 15.4688585628 15.9431414743 16.3461472888 
 15.4456279327 15.8932702674 16.2643197356 
 15.3983564476 15.8142324053 16.1476223711 
 15.3193149227 15.6980098554 15.9878951972 
 15.2004450212 15.5363630001 15.7769166871 
 15.0337657201 15.3212998613 15.5069408495 
 14.8118903337 15.0456596190 15.1713463706 
 14.5286419660 14.7037897195 14.7653655746 
 14.1797324445 14.2922694268 14.2868314329 
 13.7634431479 13.8106037840 13.7368514037 
 13.2812212409 13.2617878491 13.1202965041 
 12.7380899863 12.6526315335 12.4459934544 
 12.1427761037 11.9937497596 11.7265354419 
 11.5074867538 11.2991653804 10.9776841328 
 10.8473226875 10.5855385434 10.2174120295 
 10.1793818984 9.8711106002 9.4647099691 
 9.5216714389 9.1745114406 8.7383357487 
 8.8919840983 8.5136063858 8.0556892591 
 8.3068984733 7.9045433857 7.4319642415 
 7.7810253109 7.3611090458 6.8796595633 
 7.3265622115 6.8944306232 6.4084557007 
 6.9531518468 6.5129919098 6.0253963492 
 6.6679834704 6.2228803222 5.7352739125 
 6.4760442574 6.0281576924 5.5411036450 
 6.3804179692 5.9312465625 5.4445791721 
 6.3825395380 5.9332406699 5.4464236178 
 6.4823388858 6.0340754350 5.5465783002 
 6.6782395827 6.2325260799 5.7442004231 
 6.9670133371 6.5260343668 6.0374707104 
 7.3435265293 6.9103981543 6.4232413316 
 7.8004467452 7.3793893373 6.8965835783 
 8.3280010970 7.9243920622 7.4503218114 
 8.9138880135 8.5341688654 8.0746607049 
 9.5434338624 9.1948603797 8.7570194772 
 10.2000514961 9.8902982309 9.4821715372 
 10.8660021219 10.6026595573 10.2327459364 
 11.5233956522 11.3134227520 10.9900812943 
 12.1553055565 12.0045141459 11.7353468701 
 12.7468407566 12.6594853737 12.4507804159 
 13.2860208596 13.2645480138 13.1208596427 
 13.7643410705 13.8093207726 13.7332353870 
 14.1769762533 14.2872054076 14.2793063491 
 14.5226402209 14.6953809458 14.7543901828 
 14.8031686643 15.0344702608 15.1575204743 
 15.0229222448 15.3079740761 15.4909542920 
 15.1881097029 15.5215806165 15.7595011868 
 15.3061156309 15.6824490492 15.9697831660 
 15.3848927979 15.7985408155 16.1295146945 
 15.4324526851 15.8780444748 16.2468627151 
 15.4564655653 15.9289137989 16.3299177514 
 15.4639654411 15.9585192305 16.3862837055 
 15.4611455906 15.9734003425 16.4227779605 
 15.4532262456 15.9791007214 16.4452245242 
 15.4443754941 15.9800651555 16.4583197040 
 15.4376664120 15.9795804795 16.4655504133 
 15.4350565667 15.9797445835 16.4691481156 
 15.4373796823 15.9814520305 16.4700655078 
 15.4443430034 15.9843889142 16.4679676312 
 15.4545276075 15.9870338109 16.4612338372 
 15.4653925903 15.9866658798 16.4469718133 
 15.4732877396 15.9793853927 16.4210496494 
 15.4734830786 15.9601562170 16.3781566553 
 15.4602274196 15.9228839316 16.3119080994 
 15.4268515745 15.8605469426 16.2150127195 
 15.3659345558 15.7654004835 16.0795238651 
 15.2695520460 15.6292735909 15.8971940821 
 15.1296242950 15.4439754977 15.6599471247 
 14.9383738518 15.2018186661 15.3604689930 
 14.6888907107 14.8962494943 14.9928995744 
 14.3757829225 14.5225544309 14.5535794545 
 13.9958656519 14.0785809764 14.0417760715 
 13.5488149462 13.5653852755 13.4602868271 
 13.0376910731 12.9876993420 12.8158042181 
 12.4692292162 12.3541114718 12.1189397974 
 11.8538108645 11.6768807870 11.3838455150 
 11.2050707451 10.9713616815 10.6274389479 
 10.5391563648 10.2550863975 9.8683179769 
 9.8737255096 9.5466249103 9.1255176581 
 9.2268214031 8.8643886051 8.4172953573 
 8.6157880210 8.2255520691 7.7601183587 
 8.0563717975 7.6452333570 7.1679758130 
 7.5621065990 7.1360094035 6.6520621365 
 7.1440127619 6.7077703447 6.2208047652 
 6.8105775320 6.3678543596 5.8801537514 
 6.5679383045 6.1213656377 5.6340223263 
 6.4201681747 5.9715649871 5.4847646360 
 6.3695643008 5.9202309611 5.4335921111 
 6.4168577857 5.9679118255 5.4808550600 
 6.5612926613 6.1140185121 5.6261449800 
 6.8005557391 6.3567415128 5.8682026561 
 7.1305747764 6.6928081277 6.2046465693 
 7.5452364810 7.1171291178 6.6315654897 
 8.0361046257 7.6224133831 7.1430476621 
 8.5922367498 8.1988515578 7.7307437736 
 9.2001991992 8.8339778913 8.3835760323 
 9.8443590413 9.5128072625 9.0877031454 
 10.5074864330 10.2183062065 9.8268235824 
 11.1716386038 10.9321959729 10.5828455309 
 11.8192312375 11.6360138264 11.3368792267 
 12.4341536882 12.3122955423 12.0704335397 
 13.0027674272 12.9457075529 12.7666462702 
 13.5146485667 13.5239636534 13.4113645526 
 13.9629882235 14.0384067205 13.9939231374 
 14.3446317218 14.4842053354 14.5075335357 
 14.6597994751 14.8601868640 14.9492747138 
 14.9115741811 15.1683834184 15.3197436097 
 15.1052551970 15.4133951804 15.6224659819 
 15.2476746967 15.6016770301 15.8631808605 
 15.3465494683 15.7408366374 16.0491003969 
 15.4099159115 15.8390050124 16.1882212145 
 15.4456708894 15.9043125640 16.2887334644 
 15.4612215400 15.9444804583 16.3585469543 
 15.4632341921 15.9665207657 16.4049336247 
 15.4574656143 15.9765294766 16.4342730763 
 15.4486575449 15.9795526235 16.4518817951 
 15.4404762642 15.9795057838 16.4619054716 
 15.4354815632 15.9791296283 16.4672556484 
 15.4351129055 15.9799677849 16.4695754982 
 15.4396842996 15.9823573823 16.4692239159 
 15.4483831414 15.9854268559 16.4652717934 
 15.4592719740 15.9870998083 16.4555091077 
 15.4692957854 15.9841079261 16.4364662299 
 15.4743011877 15.9720201892 16.4034576343 
 15.4690776051 15.9452998412 16.3506608291 
 15.4474342831 15.8974045927 16.2712475181 
 15.4023301550 15.8209487883 16.1575870510 
 15.3260756214 15.7079478906 16.0015430160 
 15.2106250146 15.5501642704 15.7948808064 
 15.0479744668 15.3395672884 15.5297953406 
 14.8306704929 15.0689083376 15.1995522668 
 14.5524186787 14.7323919589 14.7992125057 
 14.2087594878 14.3263981028 14.3263807533 
 13.7977517044 13.8501816923 13.7818888259 
 13.3205787229 13.3064508445 13.1703032674 
 12.7819769444 12.7017140753 12.5001441689 
 12.1903880639 12.0462990829 11.7837274955 
 11.5577645943 11.3539862668 11.0365982110 
 10.8990102868 10.6412649655 10.2765970703 
 10.2311044084 9.9262949152 9.5226805658 
 9.5720232401 9.2277180658 8.7936673714 
 8.9396136799 8.5634962521 8.1070975939 
 8.3505787418 7.9499381339 7.4783590717 
 7.8197017084 7.4010289388 6.9201695017 
 7.3593762177 6.9281058821 6.4424259184 
 6.9794424156 6.5398520535 6.0523657847 
 6.6872725536 6.2425291402 5.7549406472 
 6.4880142710 6.0403424890 5.5532873397 
 6.3848889782 5.9358296427 5.4491882463 
 6.3794525090 5.9301792841 5.4434328858 
 6.4717491128 6.0234140731 5.5360205250 
 6.6603217393 6.2144024652 5.7261729611 
 6.9420768460 6.5006979126 6.0121561444 
 7.3120372955 6.8782371227 6.3909387289 
 7.7630490681 7.3409606502 6.8577448074 
 8.2855321422 7.8804459737 7.4055854296 
 8.8673770966 8.4856600248 8.0248747342 
 9.4940804055 9.1429377454 8.7032445530 
 10.1491789790 9.8362692070 9.4256579989 
 10.8149901805 10.5479284241 10.1748825855 
 11.4735975626 11.2594090343 10.9323191762 
 12.1079621976 11.9525614910 11.6791071716 
 12.7030034931 12.6107742130 12.3973596587 
 13.2464941384 13.2200248012 13.0713463876 
 13.7296514242 13.7696530659 13.6884502374 
 14.1473691865 14.2527666726 14.2397719832 
 14.4981016621 14.6662634065 14.7203321218 
 14.7834644327 15.0105198748 15.1288940582 
 15.0076477384 15.2888395554 15.4674900828 
 15.1767425061 15.5067683164 15.7407600513 
 15.2980653571 15.6713769366 15.9552131939 
 15.3795445133 15.7905868325 16.1185041071 
 15.4292021834 15.8725867704 16.2387852279 
 15.4547462667 15.9253620938 16.3241689251 
 15.4632676812 15.9563378275 16.3823083579 
 15.4610295953 15.9721240154 16.4200896754 
 15.4533302585 15.9783450058 16.4434187519 
 15.4444204585 15.9795325590 16.4570820391 
 15.4374584086 15.9790639416 16.4646614914 
 15.4344879443 15.9791292383 16.4684862934 
 15.4364295300 15.9807160093 16.4696081543 
 15.4430773269 15.9836036020 16.4677914953 
 15.4530992886 15.9863636437 16.4615145920 
 15.4640409228 15.9863674482 16.4479825064 
 15.4723370499 15.9798052873 16.4231574220 
 15.4733396448 15.9617267243 16.3818167305 
 15.4613736152 15.9261153768 16.3176537143 
 15.4298359114 15.8660152193 16.2234394376 
 15.3713561400 15.7737281816 16.0912666358 
 15.2780379766 15.6411032323 15.9128956463 
 15.1417988442 15.4599338514 15.6802170306 
 14.9548189907 15.2224720643 15.3858337160 
 14.7100987788 14.9220515944 15.0237460632 
 14.4021039826 14.5537898975 14.5900967146 
 14.0274541469 14.1153108295 14.0839017336 
 13.5855822656 13.6074016066 13.5076673522 
 13.0792719097 13.0344979922 12.8677776131 
 12.5149694243 12.4048903346 12.1745477553 
 11.9027823966 11.7305682377 11.4418775919 
 11.2561151549 11.0266745578 10.6865054560 
 10.5909530841 10.3106110959 9.9269422398 
 9.9248760363 9.6009102290 9.1822340313 
 9.2759372639 8.9160365684 8.4707383898 
 8.6615699783 8.2732939145 7.8090910046 
 8.0976703647 7.6879817937 7.2114897516 
 7.5979586029 7.1728838025 6.6893493344 
 7.1736539564 6.7380970180 6.2513046797 
 6.8334357127 6.3911481812 5.9034839495 
 6.5836141079 6.1373013422 5.6499415139 
 6.4284115799 5.9799466452 5.4931365597 
 6.3702540774 5.9209668854 5.4343571573 
 6.4099892636 5.9610000839 5.4740142353 
 6.5469767181 6.0995457699 5.6117586689 
 6.7790291615 6.3348953409 5.8464042663 
 7.1022194102 6.6639003396 6.1756689023 
 7.5106020849 7.0816252454 6.5957754187 
 7.9959284189 7.5809613081 7.1009825740 
 8.5474517531 8.1523009927 7.6831415713 
 9.1519241089 8.7833824052 8.3313898440 
 9.7938648754 9.4594023876 9.0320928932 
 10.4561394048 10.1634609893 9.7691196449 
 11.1208238250 10.8773406200 10.5244847251 
 11.7702665735 11.5825516073 11.2793192532 
 12.3882059144 12.2615111992 12.0150572514 
 12.9607827867 12.8986857592 12.7146699406 
 13.4773069018 13.4815290660 13.3637637186 
 13.9306850110 14.0010925636 13.9513857579 
 14.3174871174 14.4522517391 14.4704444342 
 14.6376892788 14.8335650601 14.9177293842 
 14.8941753056 15.1468385504 15.2935850283 
 15.0920978465 15.3964993236 15.6013358714 
 15.2381945725 15.5888847037 15.8465768337 
 15.3401352181 15.7315369165 16.0364319342 
 15.4059490865 15.8325665614 16.1788596708 
 15.4435574340 15.9001199470 16.2820535644 
 15.4604151146 15.9419616393 16.3539590921 
 15.4632524012 15.9651667132 16.4019075595 
 15.4579005593 15.9759072940 16.4323543341 
 15.4491821702 15.9793137651 16.4507023619 
 15.4408478260 15.9793908107 16.4611903274 
 15.4355433100 15.9789707232 16.4668264763 
 15.4347947795 15.9796899403 16.4693525893 
 15.4390031782 15.9819788534 16.4692269376 
 15.4474428533 15.9850591454 16.4656197228 
 15.4582630385 15.9869471264 16.4564192643 
 15.4684945394 15.9844657398 16.4382519720 
 15.4740676767 15.9732721502 16.4065239171 
 15.4698513186 15.9479120582 16.3554964745 
 