4.4521489152 3.5681748922 2.8162440686 
 4.0576625775 3.2448035468 2.5568528913 
 3.6690153574 2.9277870537 2.3035245860 
 3.2921397305 2.6217894034 2.0598680189 
 2.9322065775 2.3307910630 1.8289108175 
 2.5934800012 2.0579995028 1.6130456524 
 2.2792361742 1.8058093733 1.4140140159 
 1.9917479704 1.5758111576 1.2329253101 
 1.7323299772 1.3688426731 1.0703063252 
 1.5014331839 1.1850747428 0.9261744125 
 1.2987757501 1.0241209011 0.8001268833 
 1.1234956933 0.8851609531 0.6914392542 
 0.9743125490 0.7670692012 0.5991656626 
 0.8496873099 0.6685397093 0.5222358634 
 0.7479725370 0.5882027479 0.4595444818 
 0.6675469834 0.5247282854 0.4100295043 
 0.6069311321 0.4769139435 0.3727382323 
 0.5648816772 0.4437561555 0.3468800060 
 0.5404641760 0.4245042794 0.3318658301 
 0.5331038956 0.4186980819 0.3273355397 
 0.5426152762 0.4261892816 0.3331732878 
 0.5692104623 0.4471477483 0.3495119768 
 0.6134871321 0.4820526147 0.3767268780 
 0.6763955354 0.5316681245 0.4154182353 
 0.7591844474 0.5970037205 0.4663822949 
 0.8633258009 0.6792578191 0.5305700668 
 0.9904181895 0.7797450243 0.6090333082 
 1.1420702415 0.8998072155 0.7028577472 
 1.3197660717 1.0407099672 0.8130843958 
 1.5247166295 1.2035270527 0.9406208714 
 1.7577027843 1.3890172951 1.0861458457 
 2.0189183413 1.5974996769 1.2500109843 
 2.3078236148 1.8287342770 1.4321459183 
 2.6230221926 2.0818180107 1.6319727681 
 2.9621744520 2.3551049483 1.8483373173 
 3.3219605210 2.6461607554 2.0794639035 
 3.6981022852 2.9517591861 2.3229402150 
 4.0854487005 3.2679254631 2.5757363696 
 4.4781217210 3.5900270145 2.8342599594 
 4.8697127289 3.9129070249 3.0944454684 
 5.2535129448 4.2310514449 3.3518730961 
 5.6227572490 4.5387764390 3.6019091124 
 5.9708600621 4.8304214556 3.8398579699 
 6.2916245341 5.1005335370 4.0611158419 
 6.5794116475 5.3440309985 4.2613160979 
 6.8292627620 5.5563386098 4.4364592504 
 7.0369762076 5.7334910702 4.5830226417 
 7.1991445241 5.8722059715 4.6980480239 
 7.3131629802 5.9699308485 4.7792076870 
 7.3772217137 6.0248708584 4.8248514900 
 7.3902932653 6.0360039546 4.8340378598 
 7.3521248055 6.0030892525 4.8065515270 
 7.2632404954 5.9266719753 4.7429096742 
 7.1249547987 5.8080853882 4.6443565884 
 6.9393927742 5.6494470271 4.5128452541 
 6.7095090799 5.4536438703 4.3510030045 
 6.4390942334 5.2242994193 4.1620777469 
 6.1327552142 4.9657153756 3.9498616524 
 5.7958582619 4.6827819761 3.7185906414 
 5.4344249386 4.3808540681 3.4728203913 
 5.0549780365 4.0655943150 3.2172825810 
 4.6643410109 3.7427898581 2.9567281704 
 4.2694021619 3.4181534106 2.6957670541 
 3.8768612890 3.0971231751 2.4387149081 
 3.4929806098 2.7846773824 2.1894580735 
 3.1233623969 2.4851782988 1.9513458614 
 2.7727728376 2.2022573873 1.7271169364 
 2.4450257060 1.9387485824 1.5188629768 
 2.1429318337 1.6966712905 1.3280292104 
 1.8683126607 1.4772597413 1.1554482704 
 1.6220697362 1.2810314585 1.0014015056 
 1.4042978257 1.1078853075 0.8657005751 
 1.2144275022 0.9572188075 0.7477818062 
 1.0513834484 0.8280548879 0.6468062011 
 0.9137464799 0.7191695767 0.5617588839 
 0.7999097845 0.6292138021 0.4915429712 
 0.7082224386 0.5568242617 0.4350641448 
 0.6371155476 0.5007199672 0.3913034982 
 0.5852082162 0.4597825258 0.3593774058 
 0.5513919832 0.4331194051 0.3385841397 
 0.5348933668 0.4201102882 0.3284376444 
 0.5353147758 0.4204371094 0.3286892156 
 0.5526542631 0.4340984567 0.3393378260 
 0.5873044964 0.4614088032 0.3606295646 
 0.6400310254 0.5029826245 0.3930462253 
 0.7119296394 0.5597030537 0.4372826588 
 0.8043625062 0.6326745095 0.4942122312 
 0.9188730070 0.7231588396 0.5648397375 
 1.0570797810 0.8324949987 0.6502414629 
 1.2205514888 0.9620031322 0.7514927581 
 1.4106651928 1.1128750867 0.8695844483 
 1.6284530544 1.2860547758 1.0053305369 
 1.8744442443 1.4821134103 1.1592708964 
 2.1485113922 1.7011262812 1.3315738693 
 2.4497332181 1.9425593602 1.5219448039 
 2.7762865815 2.2051751612 1.7295473743 
 3.1253813645 2.4869676840 1.9529448569 
 3.4932497433 2.7851354204 2.1900681388 
 3.8751972411 3.0960991050 2.4382159257 
 4.2657167579 3.4155671601 2.6940903816 
 4.6586594373 3.7386470261 2.9538684186 
 5.0474490933 4.0599955351 3.2133054682 
 5.4253214464 4.3739970901 3.4678653323 
 5.7855668170 4.6749555410 3.7128672185 
 6.1217557267 4.9572848666 3.9436397491 
 6.4279308507 5.2156852083 4.1556718406 
 6.6987550114 5.4452940954 4.3447517744 
 6.9296120668 5.6418071190 4.5070882004 
 7.1166642587 5.8015669575 4.6394096882 
 7.2568747540 5.9216236736 4.7390422079 
 7.3480070893 5.9997719757 4.8039660938 
 7.3886138607 6.0345723299 4.8328553006 
 7.3780254944 6.0253624132 4.8251019935 
 7.3163467494 5.9722636553 4.7808288199 
 7.2044643194 5.8761849325 4.7008898413 
 7.0440641218 5.7388223694 4.5868594408 
 6.8376522239 5.5626512435 4.4410069642 
 6.5885694915 5.3509037160 4.2662538334 
 6.3009875874 5.1075250335 4.0661096867 
 5.9798734665 4.8371013159 3.8445849772 
 5.6309114030 4.5447541971 3.6060793627 
 5.2603759139 4.2360012658 3.3552479502 
 4.8749552989 3.9165859471 3.0968505566 
 4.4815329928 3.5922853947 2.8355920588 
 4.0869411716 3.2687091475 2.5759640139 
 3.6977065864 2.9511038724 2.3220985681 
 3.3198111716 2.6441798429 2.0776449999 
 2.9584889428 2.3519727839 1.8456771477 
 2.6180762558 2.0777507227 1.6286368410 
 2.3019256173 1.8239703527 1.4283148451 
 2.0123853946 1.5922821205 1.2458673818 
 1.7508405170 1.3835787056 1.0818634825 
 1.5178037917 1.1980783982 0.9363565820 
 1.3130443780 1.0354332967 0.8089729135 
 1.1357392347 0.8948521140 0.6990092950 
 0.9846344611 0.7752283011 0.6055335625 
 0.8582056456 0.6752657356 0.5274819715 
 0.7548089217 0.5935959797 0.4637491422 
 0.6728168963 0.5288828465 0.4132674315 
 0.6107357112 0.4799115846 0.3750738671 
 0.5673011553 0.4456613246 0.3483638744 
 0.5415529814 0.4253604777 0.3325318782 
 0.5328874028 0.4185254629 0.3271993886 
 0.5410881765 0.4249834460 0.3322313565 
 0.5663367332 0.4448797049 0.3477414409 
 0.6092016083 0.4786699094 0.3740864662 
 0.6706071073 0.5270971726 0.4118499000 
 0.7517809193 0.5911533931 0.4618138138 
 0.8541804274 0.6720243284 0.5249186324 
 0.9793978577 0.7710181124 0.6022101355 
 1.1290451916 0.8894775874 0.6947736770 
 1.3046209388 1.0286778171 0.8036563969 
 1.5073624498 1.1897114234 0.9297792544 
 1.7380894345 1.3733658845 1.0738419058 
 1.9970466880 1.5799985754 1.2362246907 
 2.2837564635 1.8094169897 1.4168931835 
 2.5968929957 2.0607730247 1.6153117579 
 2.9341927087 2.3324810671 1.8303732384 
 3.2924129439 2.6221694846 2.0603517288 
 3.6673491245 2.9266736271 2.3028849058 
 4.0539151022 3.2420754619 2.5549903276 
 4.4462845720 3.5637906852 2.8131176727 
 4.8380840103 3.8866991638 3.0732355859 
 5.2226210511 4.2053097047 3.3309484174 
 5.5931279520 4.5139463624 3.5816351835 
 5.9429987425 4.8069415397 3.8206010817 
 6.2660010009 5.0788213946 4.0432312268 
 6.5564483804 5.3244714266 4.2451370116 
 6.8093268486 5.5392740351 4.4222874401 
 7.0203747189 5.7192144735 4.5711204757 
 7.1861226608 5.8609560752 4.6886323412 
 7.3039040796 5.9618891290 4.7724452500 
 7.3718481501 6.0201598458 4.8208558232 
 7.3888673866 6.0346863039 4.8328672329 
 7.3546492888 6.0051672045 4.8082078933 
 7.2696578356 5.9320870291 4.7473384779 
 7.1351460127 5.8167182489 4.6514474850 
 6.9531757660 5.6611181232 4.5224339107 
 6.7266374161 5.4681149188 4.3628742298 
 6.4592572775 5.2412766060 4.1759702207 
 6.1555806173 4.9848546890 3.9654744612 
 5.8209176693 4.7036970773 3.7355916863 
 5.4612434543 4.4031268005 3.4908565241 
 5.0830474973 4.0887875962 3.2359910886 
 4.6931365530 3.7664623194 2.9757489979 
 4.2984009971 3.4418748175 2.7147549917 
 3.9055621738 3.1204894600 2.4573508951 
 3.5209222818 2.8073240836 2.2074588201 
 3.1501393155 2.5067913494 1.9684711403 
 2.7980469031 2.2225804946 1.7431741399 
 2.4685331473 1.9575868333 1.5337088052 
 2.1644850604 1.7138910226 1.3415686267 
 1.8877974306 1.4927850711 1.1676310725 
 1.6394384171 1.2948381059 1.0122170128 
 1.4195597673 1.1199924798 0.8751709934 
 1.2276376013 0.9676799215 0.7559548377 
 1.0626299037 0.8369478409 0.6537474138 
 0.9231385733 0.7265871616 0.5675442799 
 0.8075663265 0.6352547298 0.4962520933 
 0.7142613302 0.5615851203 0.4387739662 
 0.6416447501 0.5042883305 0.3940832411 
 0.5883182956 0.4622313191 0.3612843521 
 0.5531503008 0.4345025586 0.3396604334 
 0.5353399250 0.4204596544 0.3287080413 
 0.5344596967 0.4197605981 0.3281597260 
 0.5504768742 0.4323793473 0.3379952062 
 0.5837540122 0.4586062213 0.3584416412 
 0.6350288433 0.4990332004 0.3899630725 
 0.7053732815 0.5545238097 0.4332386764 
 0.7961312381 0.6261670298 0.4891291842 
 0.9088351328 0.7152147504 0.5586308070 
 1.0451015522 0.8230027410 0.6428163165 
 1.2065074732 0.9508559254 0.7427635853 
 1.3944498259 1.0999798867 0.8594728252 
 1.6099929395 1.2713419083 0.9937748879 
 1.8537105819 1.4655464351 1.1462342247 
 2.1255317253 1.6827115075 1.3170513317 
 2.4246015108 1.9223543170 1.5059706256 
 2.7491705585 2.1832952553 1.7122005475 
 3.0965260855 2.4635902793 1.9343530599 
 3.4629766069 2.7605006862 2.1704093713 
 3.8438980132 3.0705072085 2.4177174895 
 4.2338427586 3.3893717121 2.6730250371 
 4.6267066082 3.7122450830 2.9325478045 
 5.0159401909 4.0338148451 3.1920711371 
 5.3947869551 4.3484815780 3.4470779947 
 5.7565262700 4.6505501879 3.6928949451 
 6.0947009510 4.9344211294 3.9248459461 
 6.4033122528 5.1947679463 4.1384037542 
 6.6769714850 5.4266906665 4.3293301375 
 6.9110045429 5.6258389468 4.4937984210 
 7.1015124370 5.7885035164 4.6284947531 
 7.2453962115 5.9116785618 4.7306972733 
 7.3403578096 5.9931005755 4.7983345907 
 7.3848892458 6.0312705131 4.8300263168 
 7.3782610971 6.0254658252 4.8251087063 
 7.3205182527 5.9757472824 4.7836478319 
 7.2124866422 5.8829628805 4.7064413921 
 7.0557899022 5.7487480285 4.5950085955 
 6.8528702749 5.5755182246 4.4515659916 
 6.6070040846 5.3664480897 4.2789860394 
 6.3222995552 5.1254294427 4.0807349559 
 6.0036640819 4.8570014424 3.8607871718 
 5.6567297711 4.5662478517 3.6235155564 
 5.2877302089 4.2586600446 3.3735592448 
 4.9033276439 3.9399690241 3.1156739924 
 4.5103971972 3.6159546509 2.8545729236 
 4.1157820230 3.2922445614 2.5947677299 
 3.7260390527 2.9741179623 2.3404213168 
 3.3471977840 2.6663300044 2.0952223438 
 2.9845538221 2.3729705861 1.8622901057 
 2.6425146775 2.0973675799 1.6441151339 
 2.3245085815 1.8420393944 1.4425373066 
 2.0329592637 1.6086964719 1.2587597747 
 1.7693222871 1.3982866972 1.0933941488 
 1.5341729100 1.2110764152 0.9465304625 
 1.3273321708 1.0467570498 0.8178245096 
 1.1480170033 0.9045670863 0.7065951188 
 0.9950011744 0.7834200332 0.6119245596 
 0.8667759753 0.6820304823 0.5327563091 
 0.7617021703 0.5990321410 0.4679856599 
 0.6781471915 0.5330834450 0.4165399521 
 0.6146036974 0.4829579531 0.3774464749 
 0.5697873019 0.4476180728 0.3498871911 
 0.5427125461 0.4262717391 0.3332403133 
 0.5327470424 0.4184123864 0.3271093131 
 0.5396441761 0.4238428837 0.3313401457 
 0.5635548344 0.4426840670 0.3460273549 
 0.6050184373 0.4753681866 0.3715093679 
 0.6649332281 0.5226171587 0.4083528446 
 0.7445055468 0.5854051596 0.4573255655 
 0.8451778177 0.6649049956 0.5193571663 
 0.9685353502 0.7624179266 0.5954871575 
 1.1161928004 0.8792872495 0.6868001436 
 1.2896622858 1.0167969192 0.7943489432 
 1.4902066930 1.1760577407 0.9190673510 
 1.7186836750 1.3578851477 1.0616754677 
 1.9753881464 1.5626742150 1.2225817647 
 2.2599035310 1.7902792180 1.4017872508 
 2.5709741228 2.0399065184 1.5987981200 
 2.9064120679 2.3100304773 1.8125539218 
 3.2630519215 2.5983420469 2.0413783655 
 3.6367630054 2.9017383155 2.2829591408 
 4.0225247843 3.2163584063 2.5343614686 
 4.4145637173 3.5376669444 2.7920775308 
 4.8065426142 3.8605813415 3.0521107190 
 5.1917868615 4.1796342515 3.3100902475 
 5.5635274061 4.4891586533 3.5614086642 
 5.9151390579 4.7834808967 3.8013727093 
 6.2403547689 5.0571071332 4.0253571933 
 6.5334415365 5.3048907608 4.2289521983 
 6.7893303344 5.5221723354 4.4080957679 
 7.0036996154 5.7048880079 4.5591869058 
 7.1730181507 5.8496470385 4.6791765983 
 7.2945573422 5.9537825357 4.7656371644 
 7.3663852206 6.0153817514 4.8168120788 
 7.3873541104 6.0333028377 4.8316492806 
 7.3570917339 6.0071840165 4.8098208339 
 7.2760018517 5.9374489592 4.7517308204 
 7.1452759927 5.8253092626 4.6585118151 
 6.9669130305 5.6727617949 4.5320086269 
 6.7437389523 5.4825759279 4.3747465934 
 6.4794157685 5.2582638090 4.1898809879 
 6.1784267613 5.0040263135 3.9811243121 
 5.8460256658 4.7246684325 3.7526495259 
 5.4881402215 4.4254806294 3.5089695284 
 5.1112257150 4.1120868404 3.2547961302 
 4.7220710507 3.7902646831 2.9948848564 
 4.3275674425 3.4657481876 2.7338745826 
 3.9344565687 3.1440270180 2.4761326706 
 3.5490795426 2.8301579029 2.2256165351 
 3.1771492648 2.5286034028 1.9857613240 
 2.8235663103 2.2431102900 1.7594008475 
 2.4922929721 1.9766352819 1.5487254985 
 2.1862926490 1.7313205549 1.3552773011 
 1.9075339837 1.5085163701 1.1799789702 
 1.6570524821 1.3088440848 1.0231914115 
 1.4350577666 1.1322902635 0.8847926339 
 1.2410724761 0.9783216147 0.7642705593 
 1.0740888872 0.8460108014 0.6608225184 
 0.9327309402 0.7341643837 0.5734550696 
 0.8154117742 0.6414458111 0.5010789308 
 0.7204794559 0.5664881525 0.4425951080 
 0.6463459266 0.5079929324 0.3969695970 
 0.5915961196 0.4648129293 0.3632952402 
 0.5550756910 0.4360180199 0.3408403316 
 0.5359568809 0.4209440694 0.3290842954 
 0.5337826955 0.4192254096 0.3277411569 
 0.5484898755 0.4308115993 0.3367715691 
 0.5804110575 0.4559689815 0.3563839176 
 0.6302562591 0.4952671582 0.3870246085 
 0.6990735161 0.5495500923 0.4293572131 
 0.7881883591 0.6198912830 0.4842298368 
 0.8991219826 0.7075325177 0.5526300400 
 1.0334885032 0.8138061179 0.6356269259 
 1.1928726321 0.9400413972 0.7343006368 
 1.3786904182 1.0874571545 0.8496604158 
 1.5920374526 1.2570433966 0.9825535064 
 1.8335310633 1.4494370443 1.1335683902 
 2.1031554418 1.6647980452 1.3029370929 
 2.4001210030 1.9026939243 1.4904424269 
 2.7227510354 2.1620020705 1.6953369100 
 3.0684091361 2.4408395807 1.9162805227 
 3.4334794182 2.7365298584 2.1513041875 
 3.8134076687 3.0456131005 2.3978047018 
 4.2028057202 3.3639042774 2.6525747573 
 4.5956140668 3.6865975830 2.9118687679 
 4.9853104957 4.0084112795 3.1715018722 
 5.3651466888 4.3237623168 3.4269761837 
 5.7283916472 4.6269569465 3.6736257171 
 6.0685610580 4.9123824300 3.9067699090 
 6.3796152615 5.1746860363 4.1218655246 
 6.6561144476 5.4089305710 4.3146479836 
 6.8933268160 5.6107199704 4.4812554292 
 7.0872922937 5.7762931607 4.6183317011 
 7.2348498596 5.9025885387 4.7231071898 
 7.3336398643 5.9872844269 4.7934588369 
 7.3820937209 6.0288222951 4.8279519537 
 7.3794221471 6.0264193904 4.8258669226 
 7.3256101794 5.9800758550 4.7872132808 
 7.2214230312 5.8905788470 4.7127324048 
 7.0684221275 5.7595031062 4.6038883679 
 6.8689859512 5.5892043875 4.4628449520 
 6.6263263156 5.3827997782 4.2924256629 
 6.3444879654 5.1441276266 4.0960532771 
 6.0283185961 4.8776800286 3.8776661538 
 5.6833978920 4.5885027116 3.6416102989 
 5.3159181474 4.2820606239 3.3925087893 
 4.9325151245 3.9640721175 3.1351132438 
 4.5400551770 3.6403195562 2.8741449988 
 4.1453920388 3.3164485420 2.6141359127 
 3.7551125549 2.9977708078 2.3592797756 
 3.3752937170 2.6890865194 2.1133048607 
 3.0112928921 2.3945400549 1.8793762626 
 2.6675891696 2.1175196011 1.6600336588 
 2.3476871611 1.8606058905 1.4571665632 
 2.0540867980 1.6255700705 1.2720256309 
 1.7883152371 1.4134159968 1.1052656463 
 1.5510111991 1.2244588446 0.9570138276 
 1.3420486036 1.0584301105 0.8269560804 
 1.1606853028 0.9145987421 0.7144337432 
 1.0057235848 0.7918989178 0.6185439543 
 0.8756711920 0.6890564728 0.5382377802 
 0.7688941594 0.6047077042 0.4724114890 
 0.6837552840 0.5375060406 0.4199876505 
 0.6187341941 0.4862136579 0.3799840171 
 0.5725267111 0.4497765006 0.3515692609 
 0.5441224950 0.4273822582 0.3341055395 
 0.5328608485 0.4185015937 0.3271784395 
 0.5384650468 0.4229132851 0.3306150801 
 0.5610556651 0.4407139264 0.3444910570 
 0.6011432007 0.4723125346 0.3691265694 
 0.6595999714 0.5184099876 0.4050716294 
 0.7376110216 0.5799628483 0.4530798590 
 0.8366037581 0.6581310043 0.5140701879 
 0.9581563685 0.7542087698 0.5890758672 
 1.1038858013 0.8695396929 0.6791806643 
 1.2753171943 1.0054162605 0.7854428714 
 1.4737381600 1.1629669289 0.9088087798 
 1.7000432575 1.3430343746 1.0500184531 
 1.9545762741 1.5460504845 1.2095078699 
 2.2369803840 1.7719152711 1.3873127151 
 2.5460684131 2.0198883975 1.5829801319 
 2.8797266742 2.2885029658 1.7954954412 
 3.2348654475 2.5755112724 2.0232309615 
 3.6074266224 2.8778709593 2.2639233993 
 3.9924541782 3.1917772386 2.5146846870 
 4.3842265219 3.5127427602 2.7720486413 
 4.7764422754 3.8357217661 3.0320526429 
 5.1624443331 4.1552702387 3.2903501387 
 5.5354623160 4.4657297435 3.5423467062 
 5.8888519652 4.7614203912 3.7833502464 
 6.2163118574 5.0368282549 4.0087249880 
 6.5120626256 5.2867746353 4.2140395094 
 6.7709805364 5.5065582937 4.3952007669 
 6.9886844371 5.6920663486 4.5485687279 
 7.1615814128 5.8398540655 4.6710491067 
 7.2868810330 5.9471974551 4.7601643280 
 7.3625903242 6.0121248998 4.8141047551 
 7.3875015419 6.0334347252 4.8317631646 
 7.3611827449 6.0107047912 4.8127553782 
 7.2839775898 5.9442980959 4.7574290313 
 7.1570162647 5.8353655184 4.6668609568 
 6.9822346846 5.6858437081 4.5428419904 
 6.7623946029 5.4984433235 4.3878465737 
 6.5010938020 5.2766208736 4.2049837395 
 6.2027536208 5.0245267883 3.9979261987 
 5.8725713008 4.7469233251 3.7708154436 
 5.5164272807 4.4490685775 3.5281429801 
 5.1407425896 4.1365669068 3.2746106901 
 4.7522883042 3.8151909764 3.0149764319 
 4.3579565920 3.4906853664 2.7538937065 
 3.9645097250 3.1685655130 2.4957559745 
 3.5783281778 2.8539276395 2.2445565877 
 3.2051804125 2.5512849335 2.0037741676 
 2.8500348109 2.2644425395 1.7762907952 
 2.5169288883 1.9964194932 1.5643470358 
 2.2089035797 1.7494204403 1.3695342038 
 1.9280025822 1.5248548338 1.1928209783 
 1.6753299302 1.3233971463 1.0346089527 
 1.4511542230 1.1450789504 0.8948101666 
 1.2550455993 0.9894026190 0.7729391110 
 1.0860314608 0.8554666299 0.6682119509 
 0.9427584689 0.7420936205 0.5796465203 
 0.8236507196 0.6479539732 0.5061577888 
 0.7270565873 0.5716794874 0.4466447775 
 0.6513790959 0.5119633801 0.4000662074 
 0.5951866361 0.4676443671 0.3655033726 
 0.5573023730 0.4377738245 0.3422097627 
 0.5368717921 0.4216659706 0.3296477157 
 0.5334085348 0.4189315841 0.3275128013 
 0.5468189832 0.4294959516 0.3357467066 
 0.5774060110 0.4536015845 0.3545391711 
 0.6258520580 0.4917958573 0.3843191125 
 0.6931813744 0.5449033037 0.4257346447 
 0.7807011235 0.6139820309 0.4796213718 
 0.8899211714 0.7002637333 0.5469582778 
 1.0224529023 0.8050771816 0.6288107921 
 1.1798883018 0.9297558290 0.7262612133 
 1.3636618475 1.0755312653 0.8403275690 
 1.5748994505 1.2434155994 0.9718730966 
 1.8142608021 1.4340774019 1.1215097455 
 2.0817838783 1.6477175002 1.2895003451 
 2.3767427421 1.8839525476 1.4756652218 
 2.6975316015 2.1417155868 1.6792999575 
 3.0415886538 2.4191834282 1.8991114382 
 3.4053718986 2.7137401405 2.1331791324 
 3.7843954732 3.0219839974 2.3789474521 
 4.1733292871 3.3397818054 2.6332530222 
 4.5661575575 3.6623699667 2.8923878275 
 4.9563845363 3.9844965832 3.1521958624 
 5.3372697420 4.3005942856 3.4081975918 
 5.7020716641 4.6049701823 3.6557338182 
 6.0442789137 4.8919980279 3.8901189366 
 6.3578111035 5.1562986459 4.1067933276 
 6.6371775677 5.3928975572 4.3014657812 
 6.8775891055 5.5973529933 4.4702390725 
 7.0750248577 5.7658521459 4.6097146269 
 7.2262620173 5.8952777287 4.7170750499 
 7.3288795980 5.9832500267 4.7901456414 
 7.3812486432 6.0281511808 4.8274374950 
 7.3825202220 6.0291384118 4.8281752566 
 7.3326197127 5.9861514322 4.7923121148 
 7.2322517933 5.8999167808 4.7205333579 
 7.0829158431 5.7719487646 4.6142482027 
 6.8869267346 5.6045436462 4.4755679817 
 6.6474318964 5.4007612414 4.3072676016 
 6.3684126958 5.1643867019 4.1127267874 
 6.0546572083 4.8998653471 3.8958482501 
 5.7116927648 4.6122051796 3.6609515935 
 5.3456704494 4.3068450719 3.4126443444 
 4.9631996690 3.9894911366 3.1556745479 
 4.5711382368 3.6659287386 2.8947723791 
 4.1763508356 3.3418220515 2.6344905597 
 3.7854547768 3.0225160621 2.3790545283 
 3.4045753057 2.7128568005 2.1322329943 
 3.0391325136 2.4170440783 1.8972377127 
 2.6936782063 2.1385274245 1.6766583794 
 2.3717946340 1.8799509530 1.4724349977 
 2.0760592389 1.6431475553 1.2858665278 
 1.8080720593 1.4291780308 1.1176516497 
 1.5685364773 1.2384072540 0.9679553862 
 1.3573803525 1.0706075315 0.8364942593 
 1.1739033447 0.9250788653 0.7226325035 
 1.0169369708 0.8007765518 0.6254823962 
 0.8850059575 0.6964379821 0.5440027606 
 0.7764819884 0.6107022401 0.4770909198 
 0.6897234754 0.5422178512 0.4236646869 
 0.6231971697 0.4897356477 0.3827322473 
 0.5755791882 0.4521851116 0.3534489330 
 0.5458343596 0.4287336732 0.3351607969 
 0.5332737125 0.4188292170 0.3274355102 
 0.5375904462 0.4222264421 0.3300813535 
 0.5588748606 0.4389977334 0.3431550034 
 0.5976085609 0.4695289241 0.3669584868 
 0.6546379439 0.5144999018 0.4020252362 
 0.7311267098 0.5748496383 0.4490947766 
 0.8284871100 0.6517250700 0.5090753611 
 0.9482899469 0.7464134451 0.5829939515 
 1.0921540334 0.8602583233 0.6719333623 
 1.2616169040 0.9945603360 0.7769571322 
 1.4579900532 1.1504650340 0.8990236919 
 1.6822038728 1.3288415977 1.0388925670 
 1.9346497290 1.5301578049 1.1970265955 
 2.2150290677 1.7543583191 1.3734953500 
 2.5222216387 2.0007548839 1.5678860113 
 2.8541862653 2.2679380370 1.7792286659 
 3.2079073404 2.5537200878 2.0059431795 
 3.5793978471 2.8551179426 2.2458142020 
 3.9637650245 3.1683817158 2.4959993374 
 4.3553382489 3.4890710518 2.7530730725 
 4.7478512781 3.8121761828 3.0131059211 
 5.1346641309 4.1322757837 3.2717748370 
 5.5090049757 4.4437195679 3.5244978398 
 5.8642105599 4.7408211433 3.7665835395 
 6.1939453000 5.0180463837 3.9933852551 
 6.4923837608 5.2701844802 4.2004498412 
 6.7543478329 5.4924924631 4.3836530369 
 6.9753970911 5.6808085329 4.5393157181 
 7.1518772513 5.8316341083 4.6642983337 
 7.2809363451 5.9421882738 4.7560734740 
 7.3605206680 6.0104407322 4.8127784981 
 7.3893626635 6.0351301909 4.8332511705 
 7.3669709718 6.0157743712 4.8170512602 
 7.2936293790 5.9526758346 4.7644701806 
 7.1704069515 5.8469249870 4.6765292753 
 6.9991768409 5.7003985037 4.5549656808 
 6.7826367264 5.5157485655 4.4022032310 
 6.5243202727 5.2963762625 4.2213050157 
 6.2285869282 5.0463817782 4.0159042581 
 5.9005774353 4.7704848190 3.7901112958 
 5.5461248823 4.4739112882 3.5483965718 
 5.1716159773 4.1622461710 3.2954523997 
 4.7838039391 3.8412574256 3.0360393783 
 4.3895819477 3.5167005136 2.7748261037 
 3.9957330745 3.1941170869 2.5162326779 
 3.6086775552 2.8786434368 2.2642890086 
 3.2342400320 2.5748440844 2.0225178776 
 2.8774575281 2.2865833688 1.7938503743 
 2.5424437984 2.0169435509 1.5805779978 
 2.2323184577 1.7681926920 1.3843421067 
 1.9492014552 1.5418003741 1.2061580587 
 1.6942665325 1.3384950656 1.0464687815 
 1.4678423613 1.1583541341 0.9052209023 
 1.2695475428 1.0009162831 0.7819559350 
 1.0984454058 0.8653063378 0.6759092230 
 0.9532059647 0.7503634103 0.5861101153 
 0.8322647391 0.6547650878 0.5114779741 
 0.7339707296 0.5771420599 0.4509098944 
 0.6567182359 0.5161793061 0.4033573159 
 0.5990592002 0.4707014817 0.3678899324 
 0.5597943173 0.4397414179 0.3437463512 
 0.5380422870 0.4225916173 0.3303717371 
 0.5332873217 0.4188392247 0.3274431212 
 0.5454053540 0.4283851725 0.3348831517 
 0.5746693786 0.4514480546 0.3528628595 
 0.6217341055 0.4885529201 0.3817936135 
 0.6875997942 0.5405047491 0.4223079994 
 0.7735549598 0.6083460839 0.4752290210 
 0.8810977570 0.6932982826 0.5415269397 
 1.0118363287 0.7966862292 0.6222632972 
 1.1673692796 0.9198470697 0.7185222510 
 1.3491487012 1.0640246148 0.8313302212 
 1.5583298500 1.2302523786 0.9615659451 
 1.7956136603 1.4192297635 1.1098642492 
 2.0610906634 1.6311975585 1.2765180879 
 2.3540972848 1.8658205594 1.4613845572 
 2.6730973835 2.1220864543 1.6638015205 
 3.0156025857 2.3982307918 1.8825219859 
 3.3781437842 2.6916974194 2.1156732220 
 3.7563027170 2.9991419423 2.3607465848 
 4.1448069039 3.3164824374 2.6146220702 
 4.5376841081 3.6389971481 2.8736288004 
 4.9284651316 3.9614638449 3.1336393293 
 5.3104176223 4.2783308419 3.3901923096 
 5.6767899888 4.5839062425 3.6386352828 
 6.0210442614 4.8725505237 3.8742776453 
 6.3370598218 5.1388583413 4.0925435006 
 6.6192956023 5.3778182209 4.2891151571 
 6.8629053907 5.5849429684 4.4600601911 
 7.0638078621 5.7563682984 4.6019377916 
 7.2187186898 5.8889214765 4.7118829605 
 7.3251557816 5.9801649717 4.7876695385 
 7.3814300305 6.0284218094 4.8277545868 
 7.3866330809 6.0327893996 4.8313072026 
 7.3406308884 5.9931472416 4.7982244129 
 7.2440678386 5.9101614665 4.7291355986 
 7.0983814979 5.7852861414 4.6253952818 
 6.9058233217 5.6207581901 4.4890624773 
 6.6694764741 5.4195802498 4.3228635804 
 6.3932589550 5.1854842868 4.1301352990 
 6.0818990923 4.9228687638 3.9147446751 
 5.7408715876 4.6367037882 3.6809848425 
 5.3762859026 4.3324019158 3.4334476791 
 4.9947245802 4.0156567435 3.1768775555 
 4.6030363519 3.6922563744 2.9160134157 
 4.2080963577 3.3678833598 2.6554288389 
 3.8165520183 3.0479158659 2.3993810005 
 3.4345766823 2.7372458718 2.1516792453 
 3.0676532717 2.4401288854 1.9155823047 
 2.7204066825 2.1600762139 1.6937303153 
 2.3964974246 1.8997959372 1.4881142754 
 2.0985812675 1.6611833821 1.3000820098 
 1.8283320715 1.4453570397 1.1303766723 
 1.5865188704 1.2527322371 0.9792016538 
 1.3731244342 1.0831228062 0.8463046140 
 1.1874911235 0.9358604457 0.7310731394 
 1.0284804642 0.8099221161 0.6326350242 
 0.8946348113 0.7040572027 0.5499571393 
 0.7843319991 0.6169079034 0.4819380678 
 0.6959264168 0.5471180614 0.4274909890 
 0.6278721714 0.4934272883 0.3856145732 
 0.5788257922 0.4547486428 0.3554508023 
 0.5477272923 0.4302292641 0.3363295680 
 0.5338593539 0.4192941682 0.3278005311 
 0.5368849497 0.4216738345 0.3296530096 
 0.5568638792 0.4374162537 0.3419246098 
 0.5942485563 0.4668838413 0.3648990068 
 0.6498590767 0.5107352075 0.3990928394 
 0.7248373268 0.5698913828 0.4452312781 
 0.8205798346 0.6454859293 0.5042115890 
 0.9386493441 0.7387985255 0.5770540732 
 1.0806657536 0.8511721554 0.6648401550 
 1.2481781159 0.9839149276 0.7686381184 
 1.4425208478 1.1381887519 0.8894179754 
 1.6646591643 1.3148885315 1.0279581150 
 1.9150309997 1.5145171402 1.1847476178 
 2.1933951209 1.7370631272 1.3598893396 
 2.4986973861 1.9818896322 1.5530099431 
 2.8289685258 2.2476440804 1.7631838127 
 3.1812667234 2.5321984348 1.9888780204 
 3.5516760607 2.8326287352 2.2279249776 
 3.9353673834 3.1452401192 2.4775279585 
 4.3267216997 3.4656395927 2.7343023058 
 4.7195088163 3.7888539628 2.9943520266 
 5.1071069470 4.1094853435 3.2533780878 
 5.4827439281 4.4218924373 3.5068115617 
 5.8397385809 4.7203832115 3.7499624339 
 6.1717220935 4.9994041585 3.9781737879 
 6.4728237088 5.2537130836 4.1869713949 
 6.7378114868 5.4785258888 4.3722003539 
 6.9621860919 5.6696323338 4.5301429466 
 7.1422320921 5.8234803547 4.6576147710 
 7.2750361154 5.9372323862 4.7520389199 
 7.3584838289 6.0087996709 4.8115000177 
 7.3912479808 6.0368614831 4.8347810288 
 7.3727779509 6.0208755736 4.8213858289 
 7.3032978601 5.9610842175 4.7715497133 
 7.1838158860 5.8585174650 4.6862385740 
 7.0161426355 5.7149920728 4.5671358016 
 6.8029118591 5.5331016991 4.4166144705 
 6.5475931062 5.3161918290 4.2376914502 
 6.2544837287 5.0683120384 4.0339600634 
 5.9286675047 4.7941389274 3.8094989436 
 5.5759294252 4.4988654645 3.5687568036 
 5.2026208661 4.1880563573 3.3164156391 
 4.8154759701 3.8674738587 3.0572380064 
 4.4213876015 3.5428832911 2.7959068405 
 4.0271583144 3.2198515709 2.5368682158 
 3.6392469270 2.9035542585 2.2841880681 
 3.2635333343 2.5986066307 2.0414329908 
 2.9051226050 2.3089319055 1.8115829322 
 2.5682045052 2.0376755251 1.5969803725 
 2.2559774597 1.7871691763 1.3993169391 
 1.9706381108 1.5589429908 1.2196550365 
 1.7134305865 1.3537800093 1.0584793972 
 1.4847444627 1.1718040648 0.9157717650 
 1.2842477061 1.0125908986 0.7911012235 
 1.1110404744 0.8752923777 0.6837228242 
 0.9638169794 0.7587647308 0.5926779130 
 0.8410249115 0.6616933099 0.5168906604 
 0.7410145207 0.5827081553 0.4552565695 
 0.6621718660 0.5204863572 0.4067200446 
 0.6030327785 0.4738387434 0.3703393355 
 0.5623756723 0.4417797198 0.3453382365 
 0.5392925067 0.4235800812 0.3311447262 
 0.5332379686 0.4188032425 0.3274172066 
 0.5440573094 0.4273255832 0.3340591222 
 0.5719932796 0.4493414830 0.3512225577 
 0.6176723642 0.4853532701 0.3793010229 
 0.6820702104 0.5361458779 0.4189111902 
 0.7664559426 0.6027456942 0.4708630038 
 0.8723151523 0.6863630622 0.5361174699 
 1.0012517981 0.7883182228 0.6157316467 
 1.1548700976 0.9099512020 0.7107909039 
 1.3346387269 1.0525171917 0.8223293801 
 1.5417412874 1.2170702845 0.9512406418 
 1.7769190530 1.4043399508 1.0981817619 
 2.0403143807 1.6146062994 1.2634752747 
 2.3313255902 1.8475818114 1.4470146337 
 2.6484860681 2.1023086137 1.6481797539 
 2.9893811599 2.3770810919 1.8657697617 
 3.3506153936 2.6694033151 2.0979599824 
 3.7278392975 2.9759890191 2.3422892493 
 4.1158395837 3.2928086838 2.5956817346 
 4.5086894332 3.6151838044 2.8545047463 
 4.8999482195 3.9379234203 3.1146606371 
 5.2828937342 4.2554932129 3.3717076081 
 5.6507661615 4.5622039364 3.6210013432 
 5.9970025305 4.8524043175 3.8578476085 
 6.3154432192 5.1206641659 4.0776554965 
 6.6004976122 5.3619360861 4.2760819480 
 6.8472629947 5.5716882743 4.4491602756 
 7.0515978071 5.7460055490 4.5934081810 
 7.2101562470 5.8816601162 4.7059136347 
 7.3203950696 5.9761568766 4.7843994344 
 7.3805649648 6.0277599002 4.8272688913 
 7.3896981566 6.0355068931 4.8336357197 
 7.3476012692 5.9992172155 4.8033408417 
 7.2548585661 5.9194966249 4.7369576730 
 7.1128460082 5.7977389124 4.6357858520 
 6.9237518037 5.6361215087 4.5018317271 
 6.6905948873 5.4375895397 4.3377726468 
 6.4172296881 5.2058212172 4.1469015544 
 6.1083242490 4.9451672960 3.9330488533 
 5.7692997033 4.6605588349 3.7004800246 
 5.4062225267 4.3573806336 3.4537699364 
 5.0256466426 4.0413121013 3.1976578042 
 4.6344096432 3.7181422658 2.9368898179 
 4.2393949067 3.3935702152 2.6760589392 
 3.8472777504 3.0730055547 2.4194527407 
 3.4642775948 2.7613846893 2.1709200774 
 3.0959384940 2.4630176126 1.9337658002 
 2.7469571773 2.1814765703 1.7106799290 
 2.4210716511 1.9195331576 1.5037041997 
 2.1210157390 1.6791450566 1.3142353217 
 1.8485372883 1.4614886908 1.1430611784 
 1.6044715042 1.2670303351 0.9904239679 
 1.3888568406 1.0956260194 0.8561030532 
 1.2010792877 0.9466399156 0.7395100084 
 1.0400313718 0.8190714615 0.6397888000 
 0.9042740546 0.7116828285 0.5559149780 
 0.7921922260 0.6231200547 0.4867889583 
 0.7021370389 0.5520229248 0.4313197739 
 0.6325505907 0.4971203284 0.3884969642 
 0.5820702840 0.4573092567 0.3574494314 
 0.5496115906 0.4317167637 0.3374910574 
 0.5344289262 0.4197450483 0.3281535239 
 0.5361549222 0.4211002685 0.3292070982 
 0.5548185710 0.4358057663 0.3406701114 
 0.5908426011 0.4642001386 0.3628075662 
 0.6450201377 0.5069201745 0.3961188757 
 0.7184704232 0.5648682881 0.4413143170 
 0.8125732952 0.6391638755 0.4992795349 
 0.9288823677 0.7310781615 0.5710274548 
 1.0690174932 0.8419526108 0.6576373415 
 1.2345381080 0.9731018506 0.7601814319 
 1.4268004830 1.1257032297 0.8796405480 
 1.6468037398 1.3006765584 1.0168112414 
 1.8950317101 1.4985591687 1.1722082626 
 2.1713001596 1.7193831130 1.3459673671 
 2.4746211792 1.9625628785 1.5377545652 
 2.8030980575 2.2268031291 1.7466887090 
 3.1538639905 2.5100362793 1.9712845916 
 3.5230759487 2.8093987617 2.2094232671 
 3.9059706769 3.1212524316 2.4583549223 
 4.2969834848 3.4412537176 2.7147373223 
 4.6899231019 3.7644683190 2.9747097942 
 5.0781888123 4.0855242270 3.2339993137 
 5.4550107980 4.3987915426 3.4880520667 
 5.8136922646 4.6985748345 3.7321814336 
 6.1478329997 4.9793031758 3.9617221431 
 6.4515182211 5.2357045968 4.1721805514 
 6.7194629430 5.4629551050 4.3593725252 
 6.9471092685 5.6567968920 4.5195428813 
 7.1306806454 5.8136249748 4.6494632249 
 7.2672021365 5.9305454631 4.7465077626 
 7.3544985552 6.0054112986 4.8087087824 
 7.3911827681 6.0368423823 4.8347946640 
 7.3766448128 6.0242364948 4.8242134448 
 7.3110491876 5.9677755797 4.7771442021 
 7.1953433207 5.8684292218 4.6944971106 
 7.0312754374 5.7279540369 4.5779013585 
 6.8214154384 5.5488847577 4.4296785786 
 6.5691686229 5.3345106043 4.2527984784 
 6.2787697651 5.0888295570 4.0508132539 
 5.9552447389 4.8164737465 3.8277683216 
 5.6043289703 4.5226014571 3.5880888871 
 5.2323364971 4.2127550179 3.3364446418 
 4.8459799048 3.8926886064 3.0775979883 
 4.4521489152 3.5681748922 2.8162440686 
 