0.3039352751 0.2325865836 0.1831024465 
 0.2785229241 0.2144692562 0.1702905453 
 0.2538676329 0.1968715420 0.1578295523 
 0.2302759985 0.1800100543 0.1458711423 
 0.2079943196 0.1640596161 0.1345384178 
 0.1872084881 0.1491532343 0.1239259008 
 0.1680466203 0.1353839364 0.1141007781 
 0.1505839421 0.1228081318 0.1051051721 
 0.1348493616 0.1114501111 0.0969591761 
 0.1208331386 0.1013072860 0.0896643905 
 0.1084950902 0.0923557933 0.0832077095 
 0.0977728368 0.0845561328 0.0775651364 
 0.0885896852 0.0778585693 0.0727054500 
 0.0808618551 0.0722081002 0.0685935849 
 0.0745048533 0.0675488542 0.0651936347 
 0.0694388964 0.0638278516 0.0624714255 
 0.0655933556 0.0609980983 0.0603966400 
 0.0629102487 0.0590210277 0.0589444927 
 0.0613468349 0.0578683182 0.0580969747 
 0.0608773790 0.0575231280 0.0578436909 
 0.0614941446 0.0579807810 0.0581823106 
 0.0632076576 0.0592489321 0.0591186508 
 0.0660462561 0.0613472204 0.0606663969 
 0.0700549145 0.0643064063 0.0628464614 
 0.0752933047 0.0681669694 0.0656859691 
 0.0818330405 0.0729771393 0.0692168514 
 0.0897540450 0.0787903229 0.0734740355 
 0.0991399926 0.0856619067 0.0784932146 
 0.1100728101 0.0936454282 0.0843082059 
 0.1226262719 0.1027881490 0.0909479206 
 0.1368587982 0.1131261077 0.0984330039 
 0.1528056578 0.1246787892 0.1067722400 
 0.1704708743 0.1374436140 0.1159588586 
 0.1898192375 0.1513905143 0.1259669208 
 0.2107689077 0.1664569230 0.1367480015 
 0.2331851614 0.1825435419 0.1482284088 
 0.2568758477 0.1995112735 0.1603071960 
 0.2815890973 0.2171796840 0.1728552091 
 0.3070137432 0.2353273155 0.1857153844 
 0.3327827792 0.2536940814 0.1987044529 
 0.3584800061 0.2719858585 0.2116161345 
 0.3836498086 0.2898812563 0.2242258105 
 0.4078097886 0.3070403878 0.2362965652 
 0.4304657703 0.3231153222 0.2475863813 
 0.4511285114 0.3377617655 0.2578561868 
 0.4693313097 0.3506514098 0.2668783686 
 0.4846476125 0.3614843197 0.2744453224 
 0.4967077013 0.3700007005 0.2803775799 
 0.5052135608 0.3759914020 0.2845310643 
 0.5099511239 0.3793065767 0.2868030637 
 0.5107992226 0.3798619992 0.2871365751 
 0.5077347505 0.3776426880 0.2855227657 
 0.5008337429 0.3727036151 0.2820014022 
 0.4902683073 0.3651674574 0.2766592173 
 0.4762995578 0.3552195100 0.2696263059 
 0.4592669328 0.3431000429 0.2610707530 
 0.4395744694 0.3290945289 0.2511918029 
 0.4176747829 0.3135222886 0.2402119562 
 0.3940516160 0.2967241794 0.2283684387 
 0.3692018989 0.2790500013 0.2159045083 
 0.3436182625 0.2608462829 0.2030610597 
 0.3177728943 0.2424450652 0.1900689458 
 0.2921035059 0.2241542068 0.1771423659 
 0.2670020119 0.2062496086 0.1644735849 
 0.2428063118 0.1889696086 0.1522291393 
 0.2197953394 0.1725116383 0.1405475858 
 0.1981873223 0.1570310834 0.1295387408 
 0.1781409904 0.1426421549 0.1192842764 
 0.1597593136 0.1294204742 0.1098394694 
 0.1430952379 0.1174070094 0.1012358577 
 0.1281588359 0.1066129634 0.0934845385 
 0.1149252890 0.0970252263 0.0865798495 
 0.1033431667 0.0886120314 0.0805031929 
 0.0933425475 0.0813285124 0.0752268012 
 0.0848426281 0.0751219251 0.0707172848 
 0.0777585737 0.0699363641 0.0669388472 
 0.0720074594 0.0657168719 0.0638560931 
 0.0675132406 0.0624128920 0.0614363957 
 0.0642107520 0.0599810582 0.0596518111 
 0.0620487765 0.0583873436 0.0584805528 
 0.0609922487 0.0576086041 0.0579080448 
 0.0610236562 0.0576335553 0.0579275777 
 0.0621436925 0.0584632161 0.0585405881 
 0.0643711901 0.0601108370 0.0597565742 
 0.0677423395 0.0626013170 0.0615926506 
 0.0723091672 0.0659700957 0.0640727360 
 0.0781372275 0.0702614935 0.0672263611 
 0.0853024504 0.0755264689 0.0710870776 
 0.0938870872 0.0818197594 0.0756904554 
 0.1039747193 0.0891963929 0.0810716619 
 0.1156443336 0.0977075769 0.0872626362 
 0.1289635333 0.1073960203 0.0942888984 
 0.1439810325 0.1182907892 0.1021660686 
 0.1607186806 0.1304018658 0.1108962069 
 0.1791633633 0.1437146417 0.1204641337 
 0.1992592249 0.1581846432 0.1308339244 
 0.2209007307 0.1737328334 0.1419458093 
 0.2439271330 0.1902418711 0.1537137283 
 0.2681189043 0.2075537062 0.1660237918 
 0.2931966481 0.2254688614 0.1787338818 
 0.3188228896 0.2437476822 0.1916745831 
 0.3446069979 0.2621137397 0.2046515696 
 0.3701132944 0.2802594369 0.2174494867 
 0.3948721926 0.2978537307 0.2298372747 
 0.4183939943 0.3145517241 0.2415747729 
 0.4401847704 0.3300057474 0.2524203492 
 0.4597635883 0.3438774176 0.2621392112 
 0.4766802300 0.3558500838 0.2705119902 
 0.4905324850 0.3656410060 0.2773431510 
 0.5009820998 0.3730126152 0.2824687687 
 0.5077685265 0.3777822303 0.2857632386 
 0.5107197180 0.3798296886 0.2871445342 
 0.5097593790 0.3791024560 0.2865777069 
 0.5049102669 0.3756179203 0.2840764207 
 0.4962933520 0.3694627319 0.2797024259 
 0.4841228718 0.3607892210 0.2735629990 
 0.4686975392 0.3498090884 0.2658064912 
 0.4503883759 0.3367847215 0.2566162420 
 0.4296238301 0.3220186198 0.2462032030 
 0.4068729862 0.3058415207 0.2347976897 
 0.3826277748 0.2885998769 0.2226407203 
 0.3573851305 0.2706433598 0.2099754064 
 0.3316300244 0.2523130378 0.1970388426 
 0.3058202123 0.2339308061 0.1840548833 
 0.2803733940 0.2157905399 0.1712281204 
 0.2556572918 0.1981513001 0.1587392767 
 0.2319829349 0.1812327716 0.1467421242 
 0.2096012121 0.1652129531 0.1353619333 
 0.1887025347 0.1502279767 0.1246953592 
 0.1694192723 0.1363738113 0.1148115987 
 0.1518304815 0.1237095185 0.1057545890 
 0.1359683670 0.1122616763 0.0975459930 
 0.1218258837 0.1020295736 0.0901887042 
 0.1093649169 0.0929907965 0.0836706204 
 0.0985245360 0.0851068706 0.0779684627 
 0.0892289155 0.0783286878 0.0730514564 
 0.0813946158 0.0726015099 0.0688847361 
 0.0749370258 0.0678694131 0.0654323784 
 0.0697758578 0.0640790965 0.0626600090 
 0.0658396659 0.0611830269 0.0605369599 
 0.0630694074 0.0591419279 0.0590379783 
 0.0614211038 0.0579266443 0.0581445033 
 0.0608676654 0.0575194188 0.0578455324 
 0.0613999423 0.0579146198 0.0581381023 
 0.0630270422 0.0591189451 0.0590273985 
 0.0657759363 0.0611511154 0.0605265049 
 0.0696903401 0.0640410515 0.0626557907 
 0.0748288368 0.0678285161 0.0654419251 
 0.0812621874 0.0725611897 0.0689165038 
 0.0890697702 0.0782921476 0.0731142700 
 0.0983350971 0.0850767117 0.0780709187 
 0.1091403905 0.0929686729 0.0838204877 
 0.1215602479 0.1020159104 0.0903923568 
 0.1356545013 0.1122554834 0.0978079134 
 0.1514604596 0.1237083269 0.1060769730 
 0.1689848304 0.1363737496 0.1151940898 
 0.1881957111 0.1502239955 0.1251349318 
 0.2090151327 0.1651991917 0.1358529339 
 0.2313127015 0.1812030455 0.1472764692 
 0.2549009058 0.1980996751 0.1593067916 
 0.2795326347 0.2157119427 0.1718169969 
 0.3049013762 0.2338216155 0.1846522171 
 0.3306444312 0.2521715925 0.1976312116 
 0.3563493096 0.2704703241 0.2105494436 
 0.3815632669 0.2883984134 0.2231836390 
 0.4058057251 0.3056172374 0.2352977244 
 0.4285831081 0.3217792785 0.2466499400 
 0.4494054389 0.3365397227 0.2570008278 
 0.4678038996 0.3495687714 0.2661217197 
 0.4833484633 0.3605640423 0.2738032953 
 0.4956646742 0.3692624006 0.2798637530 
 0.5044486783 0.3754505774 0.2841561441 
 0.5094796903 0.3789739830 0.2865744539 
 0.5106292142 0.3797432184 0.2870580798 
 0.5078665070 0.3777379122 0.2855944425 
 0.5012599797 0.3730076580 0.2822195736 
 0.4909744449 0.3656699928 0.2770166416 
 0.4772643536 0.3559055238 0.2701124947 
 0.4604633776 0.3439504728 0.2616724191 
 0.4409709022 0.3300870553 0.2518934114 
 0.4192361604 0.3146322326 0.2409963478 
 0.3957408702 0.2979254579 0.2292174902 
 0.3709813067 0.2803160868 0.2167997934 
 0.3454507587 0.2621511185 0.2039844774 
 0.3196232603 0.2437638894 0.1910032837 
 0.2939393800 0.2254642505 0.1780717759 
 0.2687946810 0.2075306383 0.1653839514 
 0.2445312592 0.1902043001 0.1531083334 
 0.2214325440 0.1736857788 0.1413856011 
 0.1997213177 0.1581336095 0.1303277194 
 0.1795607099 0.1436650443 0.1200184365 
 0.1610577558 0.1303585168 0.1105149510 
 0.1442689951 0.1182574847 0.1018505059 
 0.1292075306 0.1073752567 0.0940376452 
 0.1158509613 0.0977004106 0.0870718716 
 0.1041496510 0.0892024419 0.0809354647 
 0.0940348708 0.0818373350 0.0756012557 
 0.0854264535 0.0755528135 0.0710361938 
 0.0782397042 0.0702930984 0.0672045882 
 0.0723914121 0.0660030635 0.0640709475 
 0.0678048935 0.0626317372 0.0616023803 
 0.0644140619 0.0601351419 0.0597705430 
 0.0621665654 0.0584784893 0.0585531467 
 0.0610260525 0.0576377680 0.0579350411 
 0.0609736332 0.0576007627 0.0579089000 
 0.0620085870 0.0583675377 0.0584755292 
 0.0641483520 0.0599504042 0.0596438098 
 0.0674277988 0.0623733779 0.0614302806 
 0.0718977687 0.0656711120 0.0638583560 
 0.0776228295 0.0698872834 0.0669571634 
 0.0846781917 0.0750723957 0.0707599852 
 0.0931457286 0.0812809721 0.0753022891 
 0.1031090603 0.0885681160 0.0806193409 
 0.1146477037 0.0969854505 0.0867434112 
 0.1278303498 0.1065764835 0.0937006124 
 0.1427074109 0.1173714979 0.1015074388 
 0.1593030754 0.1293821295 0.1101671185 
 0.1776072086 0.1425958593 0.1196659306 
 0.1975675379 0.1569707125 0.1299696817 
 0.2190826342 0.1724305060 0.1410205678 
 0.2419962535 0.1888610226 0.1527346709 
 0.2660936014 0.2061074915 0.1650003429 
 0.2911000362 0.2239737294 0.1776777119 
 0.3166826262 0.2422232303 0.1905995043 
 0.3424548213 0.2605823956 0.2035733150 
 0.3679843143 0.2787459691 0.2163853728 
 0.3928039498 0.2963845967 0.2288057535 
 0.4164253250 0.3131542809 0.2405948884 
 0.4383545248 0.3287073564 0.2515111218 
 0.4581092646 0.3427044874 0.2613189774 
 0.4752365920 0.3548270976 0.2697977318 
 0.4893302357 0.3647895866 0.2767498481 
 0.5000466820 0.3723506757 0.2820088132 
 0.5071191125 0.3773232599 0.2854459397 
 0.5103684460 0.3795822109 0.2869757447 
 0.5097108749 0.3790696916 0.2865595918 
 0.5051614788 0.3757976721 0.2842073807 
 0.4968337065 0.3698474994 0.2799771814 
 0.4849347433 0.3613665377 0.2739728282 
 0.4697570065 0.3505620625 0.2663396101 
 0.4516662243 0.3376927486 0.2572583016 
 0.4310867447 0.3230582287 0.2469378778 
 0.4084848705 0.3069873035 0.2356073218 
 0.3843511229 0.2898254527 0.2235069848 
 0.3591823800 0.2719223205 0.2108799617 
 0.3334648209 0.2536198274 0.1979639329 
 0.3076585235 0.2352414921 0.1849838648 
 0.2821844252 0.2170834430 0.1721458906 
 0.2574141693 0.1994074625 0.1596325913 
 0.2336631415 0.1824362526 0.1475997980 
 0.2111867755 0.1663509558 0.1361749253 
 0.1901799867 0.1512908176 0.1254567529 
 0.1707794080 0.1373547544 0.1155164904 
 0.1530679585 0.1246045011 0.1063999035 
 0.1370811874 0.1130689558 0.0981302460 
 0.1228148046 0.1027493252 0.0907117316 
 0.1102328294 0.0936246899 0.0841332929 
 0.0992758499 0.0856576495 0.0783724010 
 0.0898689761 0.0787997701 0.0733987604 
 0.0819291747 0.0729966236 0.0691777370 
 0.0753717769 0.0681922761 0.0656734201 
 0.0701160453 0.0643331441 0.0628512616 
 0.0660897645 0.0613711888 0.0606802669 
 0.0632328727 0.0592664541 0.0591347367 
 0.0615001883 0.0579889756 0.0581955756 
 0.0608632960 0.0575201016 0.0578511889 
 0.0613116546 0.0578532610 0.0580979919 
 0.0628529708 0.0589942069 0.0589405475 
 0.0655128596 0.0609607496 0.0603913441 
 0.0693337832 0.0637819745 0.0624702105 
 0.0743732351 0.0674969269 0.0652033605 
 0.0807011168 0.0721527339 0.0686220509 
 0.0883962480 0.0778021298 0.0727608348 
 0.0975419584 0.0845003585 0.0776554000 
 0.1082207386 0.0923014461 0.0833399923 
 0.1205079771 0.1012538670 0.0898444456 
 0.1344648788 0.1113956752 0.0971908720 
 0.1501307514 0.1227492275 0.1053900993 
 0.1675149425 0.1353156911 0.1144379866 
 0.1865888142 0.1490695929 0.1243117893 
 0.2072782294 0.1639537274 0.1349667847 
 0.2294570915 0.1798747854 0.1463333957 
 0.2529425056 0.1967000847 0.1583150667 
 0.2774921097 0.2142557769 0.1707871383 
 0.3028040514 0.2323268568 0.1835969399 
 0.3285199594 0.2506592225 0.1965652680 
 0.3542310892 0.2689639222 0.2094893457 
 0.3794876184 0.2869235875 0.2221472663 
 0.4038108529 0.3042009028 0.2343038284 
 0.4267078893 0.3204488139 0.2457175632 
 0.4476880951 0.3353220411 0.2561486639 
 0.4662806160 0.3484893509 0.2653674448 
 0.4820520271 0.3596459666 0.2731629057 
 0.4946232031 0.3685254615 0.2793509444 
 0.5036845077 0.3749104872 0.2837817671 
 0.5090084784 0.3786417410 0.2863460765 
 0.5104593140 0.3796246667 0.2869796814 
 0.5079986400 0.3778335061 0.2856662578 
 0.5016872277 0.3733124640 0.2824380957 
 0.4916825623 0.3661739144 0.2773747826 
 0.4782323817 0.3565937417 0.2705998963 
 0.4616645286 0.3448040752 0.2622758939 
 0.4423736635 0.3310838226 0.2525974897 
 0.4208055592 0.3157475314 0.2417838986 
 0.3974398289 0.2991331954 0.2300703807 
 0.3727720173 0.2815896739 0.2176995535 
 0.3472960026 0.2634643901 0.2049129307 
 0.3214876085 0.2450919373 0.1919431175 
 0.2957902176 0.2267841303 0.1790070227 
 0.2706030139 0.2088219235 0.1663003656 
 0.2462722792 0.1914494670 0.1539936519 
 0.2230859426 0.1748704193 0.1422296871 
 0.2012713603 0.1592464783 0.1311225948 
 0.1809960920 0.1446979593 0.1207582140 
 0.1623712779 0.1313061353 0.1111956844 
 0.1454570974 0.1191169857 0.1024699762 
 0.1302697323 0.1081459586 0.0945951031 
 0.1167892489 0.0983833536 0.0875677560 
 0.1049678536 0.0897999620 0.0813711150 
 0.0947380553 0.0823526497 0.0759786312 
 0.0860203639 0.0759896372 0.0713576126 
 0.0787302617 0.0706552975 0.0674724916 
 0.0727842849 0.0662943588 0.0642876972 
 0.0681051399 0.0628554556 0.0617700875 
 0.0646258452 0.0602940174 0.0598909324 
 0.0622929379 0.0585745112 0.0586274525 
 0.0610688030 0.0576720747 0.0579639344 
 0.0609331941 0.0575735771 0.0578924461 
 0.0618839972 0.0582781424 0.0584131727 
 0.0639372757 0.0597971571 0.0595343881 
 0.0671265997 0.0621537666 0.0612720651 
 0.0715016426 0.0653818508 0.0636491220 
 0.0771260005 0.0695244530 0.0666942907 
 0.0840741763 0.0746316312 0.0704405903 
 0.0924276717 0.0807576984 0.0749233900 
 0.1022701461 0.0879578346 0.0801780547 
 0.1136816388 0.0962840737 0.0862371835 
 0.1267319124 0.1057807119 0.0931274740 
 0.1414730512 0.1164792314 0.1008662831 
 0.1579315459 0.1283928967 0.1094579901 
 0.1761001947 0.1415112461 0.1188903111 
 0.1959302513 0.1557947646 0.1291307570 
 0.2173243282 0.1711700780 0.1401234580 
 0.2401306139 0.1875260426 0.1517866035 
 0.2641389713 0.2047111135 0.1640107491 
 0.2890794370 0.2225323457 0.1766582289 
 0.3146235457 0.2407563258 0.1895638706 
 0.3403887555 0.2591122313 0.2025371504 
 0.3659460622 0.2772970952 0.2153658423 
 0.3908306800 0.2949832053 0.2278211215 
 0.4145554482 0.3118274217 0.2396639794 
 0.4366264208 0.3274820474 0.2506527081 
 0.4565599243 0.3416067638 0.2605511233 
 0.4739002441 0.3538810457 0.2691371272 
 0.4882370282 0.3640164143 0.2762111662 
 0.4992214896 0.3717678698 0.2816041282 
 0.5065805339 0.3769438764 0.2851842364 
 0.5101280452 0.3794143389 0.2868625491 
 0.5097727093 0.3791161201 0.2865967432 
 0.5055219384 0.3760557795 0.2843929591 
 0.4974816748 0.3703093726 0.2803055948 
 0.4858520710 0.3620193126 0.2744350544 
 0.4709192723 0.3513884686 0.2669235790 
 0.4530437425 0.3386718263 0.2579493971 
 0.4326457625 0.3241661785 0.2477195284 
 0.4101888921 0.3081984203 0.2364616486 
 0.3861622867 0.2911130933 0.2244154694 
 0.3610628173 0.2732598539 0.2118241000 
 0.3353779252 0.2549815172 0.1989258394 
 0.3095700697 0.2366032711 0.1859468016 
 0.2840634888 0.2184235456 0.1730946974 
 0.2592338126 0.2007068940 0.1605540035 
 0.2354008504 0.1836790854 0.1484826469 
 0.2128246474 0.1675244547 0.1370102225 
 0.1917046871 0.1523854073 0.1262376679 
 0.1721819263 0.1383638505 0.1162382368 
 0.1543432008 0.1255242308 0.1070595509 
 0.1382274522 0.1138977998 0.0987264787 
 0.1238331853 0.1034877104 0.0912445740 
 0.1111265861 0.0942745600 0.0846038196 
 0.1000497859 0.0862220392 0.0787824487 
 0.0905288490 0.0792824013 0.0737506536 
 0.0824811612 0.0734015372 0.0694740377 
 0.0758220050 0.0685235086 0.0659167069 
 0.0704701999 0.0645944543 0.0630439423 
 0.0663527666 0.0615658341 0.0608244253 
 0.0634086307 0.0593970162 0.0592320131 
 0.0615914156 0.0580572334 0.0582470797 
 0.0608713916 0.0575269469 0.0578574432 
 0.0612366406 0.0577986565 0.0580589043 
 0.0626934865 0.0588771834 0.0588554125 
 0.0652662098 0.0607794426 0.0602588705 
 0.0689960436 0.0635337010 0.0622885785 
 0.0739394176 0.0671783048 0.0649703078 
 0.0801653998 0.0717598456 0.0683349883 
 0.0877522750 0.0773307336 0.0724169953 
 0.0967832098 0.0839461485 0.0772520187 
 0.1073409757 0.0916603605 0.0828745190 
 0.1195017546 0.1005224415 0.0893147859 
 0.1333281149 0.1105714342 0.0965956522 
 0.1488613388 0.1218311008 0.1047289471 
 0.1661133735 0.1343044395 0.1137118154 
 0.1850587875 0.1479682194 0.1235230722 
 0.2056271993 0.1627678493 0.1341197997 
 0.2276967159 0.1786129371 0.1454344245 
 0.2510889488 0.1953739222 0.1573725261 
 0.2755661603 0.2128801562 0.1698116264 
 0.3008310218 0.2309197632 0.1826011819 
 0.3265293456 0.2492415357 0.1955639508 
 0.3522559845 0.2675590108 0.2084988366 
 0.3775638893 0.2855567383 0.2211852197 
 0.4019761043 0.3028986016 0.2333886907 
 0.4250002608 0.3192379064 0.2448679951 
 0.4461449433 0.3342288108 0.2553829047 
 0.4649371480 0.3475385599 0.2647026517 
 0.4809399554 0.3588599088 0.2726144995 
 0.4937694934 0.3679230787 0.2789319994 
 0.5031102863 0.3745065970 0.2835024777 
 0.5087281597 0.3784464198 0.2862133320 
 0.5104799949 0.3796428231 0.2869967732 
 0.5083197959 0.3780646682 0.2858327361 
 0.5023007267 0.3737507943 0.2827497850 
 0.4925729981 0.3668084516 0.2778239550 
 0.4793777074 0.3574088559 0.2711755935 
 0.4630369581 0.3457801120 0.2629643785 
 0.4439407911 0.3321978988 0.2533828007 
 0.4225316367 0.3169744389 0.2426484799 
 0.3992871311 0.3004463631 0.2309957466 
 0.3747022226 0.2829621352 0.2186669557 
 0.3492715168 0.2648697065 0.2059039923 
 0.3234727658 0.2465050309 0.1929404021 
 0.2977523026 0.2281819888 0.1799945147 
 0.2725130632 0.2101841493 0.1672638431 
 0.2481056377 0.1927586563 0.1549209420 
 0.2248225676 0.1761123658 0.1431108039 
 0.2028958825 0.1604102117 0.1319497637 
 0.1824976580 0.1457756338 0.1215257971 
 0.1637432098 0.1322927957 0.1119000212 
 0.1466964121 0.1200102378 0.1031091620 
 0.1313765663 0.1089455757 0.0951687235 
 0.1177662318 0.0990908500 0.0880765984 
 0.1058194719 0.0904181568 0.0818168742 
 0.0954700369 0.0828852461 0.0763636237 
 0.0866391096 0.0764408321 0.0716845108 
 0.0792423396 0.0710294327 0.0677440867 
 0.0731959974 0.0665956213 0.0645066934 
 0.0684221663 0.0630876289 0.0619389320 
 0.0648529581 0.0604602834 0.0600116792 
 0.0624337904 0.0586773015 0.0587016603 
 0.0611257812 0.0577129667 0.0579925965 
 0.0609073293 0.0575532338 0.0578759500 
 0.0617749361 0.0581962922 0.0583512888 
 0.0637433040 0.0596526131 0.0594262856 
 0.0668447224 0.0619444855 0.0611163563 
 0.0711277211 0.0651050321 0.0634439345 
 0.0766549513 0.0691766817 0.0664373693 
 0.0835002355 0.0742090652 0.0701294294 
 0.0917447296 0.0802563036 0.0745553977 
 0.1014721522 0.0873736677 0.0797507487 
 0.1127630777 0.0956136111 0.0857484159 
 0.1256883408 0.1050212194 0.0925756831 
 0.1403016841 0.1156291646 0.1002507639 
 0.1566318695 0.1274523188 0.1087791738 
 0.1746745776 0.1404822426 0.1181500418 
 0.1943845168 0.1546818308 0.1283325484 
 0.2156682472 0.1699804522 0.1392727121 
 0.2383782754 0.1862699558 0.1508907722 
 0.2623089874 0.2034019264 0.1630794203 
 0.2871949460 0.2211865485 0.1757031187 
 0.3127119868 0.2393933812 0.1885987106 
 0.3384814000 0.2577542503 0.2015774610 
 0.3640773035 0.2759683450 0.2144285927 
 0.3890370996 0.2937094610 0.2269242824 
 0.4128746925 0.3106351842 0.2388259849 
 0.4350959376 0.3263976608 0.2498918470 
 0.4552156194 0.3406554732 0.2598848906 
 0.4727751257 0.3530860452 0.2685815663 
 0.4873599108 0.3633979327 0.2757802385 
 0.4986158262 0.3713423469 0.2813091438 
 0.5062634405 0.3767232733 0.2850333792 
 0.5101095711 0.3794056235 0.2868605229 
 0.5100553936 0.3793209561 0.2867445602 
 0.5061006791 0.3764704381 0.2846878842 
 0.4983439170 0.3709248720 0.2807412484 
 0.4869783071 0.3628217795 0.2750016695 
 0.4722838268 0.3523597007 0.2676083975 
 0.4546157992 0.3397900249 0.2587371830 
 0.4343905803 0.3254068111 0.2485931685 
 0.4120691415 0.3095351648 0.2374028085 
 0.3881394369 0.2925188132 0.2254052664 
 0.3630984997 0.2747075511 0.2128437590 
 0.3374352042 0.2564452158 0.1999572984 
 0.3116145585 0.2380587888 0.1869732381 
 0.2860642621 0.2198491211 0.1741009541 
 0.2611640823 0.2020836476 0.1615269006 
 0.2372383889 0.1849913053 0.1494111742 
 0.2145519600 0.1687597100 0.1378856150 
 0.1933089514 0.1535345025 0.1270533736 
 0.1736547282 0.1394206420 0.1169897922 
 0.1556801091 0.1264853344 0.1077443834 
 0.1394274752 0.1147622184 0.0993436549 
 0.1248981564 0.1042564140 0.0917945159 
 0.1120605195 0.0949500457 0.0850880069 
 0.1008582405 0.0868078958 0.0792031238 
 0.0912183284 0.0797828976 0.0741105422 
 0.0830585712 0.0738212487 0.0697760938 
 0.0762941809 0.0688669912 0.0661638900 
 0.0708435099 0.0648659686 0.0632390288 
 0.0666327917 0.0617691224 0.0609698551 
 0.0635999182 0.0595351302 0.0593297714 
 0.0616973017 0.0581324094 0.0582986117 
 0.0608938862 0.0575405262 0.0578636005 
 0.0611763722 0.0577510468 0.0580199205 
 0.0625497016 0.0587678607 0.0587709067 
 0.0650368278 0.0606069920 0.0601278791 
 0.0686777672 0.0632958976 0.0621096144 
 0.0735279017 0.0668722350 0.0647414479 
 0.0796554837 0.0713820727 0.0680539914 
 0.0871382810 0.0768775087 0.0720814500 
 0.0960593115 0.0834136688 0.0768595231 
 0.1065016366 0.0910450733 0.0824228898 
 0.1185422313 0.0998213921 0.0888022962 
 0.1322450163 0.1097826487 0.0960212907 
 0.1476532219 0.1209539931 0.1040926917 
 0.1647813527 0.1333402252 0.1130149098 
 0.1836071235 0.1469203146 0.1227682908 
 0.2040638293 0.1616422293 0.1333116837 
 0.2260336832 0.1774184258 0.1445794707 
 0.2493426888 0.1941223838 0.1564793092 
 0.2737576026 0.2115865621 0.1688908368 
 0.2989854777 0.2296021119 0.1816655639 
 0.3246761591 0.2479206103 0.1946281316 
 0.3504279400 0.2662579690 0.2075790412 
 0.3757963879 0.2843005402 0.2202988759 
 0.4003061319 0.3017132927 0.2325539345 
 0.4234651922 0.3181497825 0.2441030958 
 0.4447812359 0.3332635044 0.2547056352 
 0.4637789906 0.3467200912 0.2641296340 
 0.4800179413 0.3582097520 0.2721605604 
 0.4931093881 0.3674592932 0.2786095707 
 0.5027319578 0.3742430720 0.2833210755 
 0.5086447291 0.3783922749 0.2861791441 
 0.5106972549 0.3798019992 0.2871123796 
 0.5088359304 0.3784357333 0.2860969796 
 0.5031063478 0.3743269762 0.2831578000 
 0.4936515009 0.3675778960 0.2783673535 
 0.4807059237 0.3583550974 0.2718427984 
 0.4645860753 0.3468827311 0.2637410857 
 0.4456774869 0.3334333300 0.2542525438 
 0.4244193688 0.3183168839 0.2435932651 
 0.4012875118 0.3018687597 0.2319967248 
 0.3767764062 0.2844371303 0.2197050924 
 0.3513815268 0.2663705811 0.2069607032 
 0.3255826960 0.2480065329 0.1939981227 
 0.2998293362 0.2296610354 0.1810371780 
 0.2745282689 0.2116203719 0.1682772485 
 0.2500345174 0.1941347718 0.1558930062 
 0.2266453496 0.1774143724 0.1440316916 
 0.2045975692 0.1616274167 0.1328119047 
 0.1840678540 0.1469005319 0.1223238028 
 0.1651757656 0.1333208223 0.1126305178 
 0.1479889274 0.1209394280 0.1037705590 
 0.1325297986 0.1097761599 0.0957609407 
 0.1187834563 0.0998248152 0.0886007691 
 0.1067058303 0.0910588025 0.0822750440 
 0.0962319115 0.0834367547 0.0767584591 
 0.0872835454 0.0769078717 0.0720190290 
 0.0797765321 0.0714168042 0.0680214143 
 0.0736268552 0.0669079553 0.0647298591 
 0.0687559511 0.0633291353 0.0621106947 
 0.0650950018 0.0606345539 0.0601343924 
 0.0625882834 0.0587871610 0.0587771702 
 0.0611956277 0.0577603722 0.0580221733 
 0.0608940636 0.0575392161 0.0578602493 
 0.0616786960 0.0581209389 0.0582903419 
 0.0635628594 0.0595150904 0.0593195179 
 0.0665775583 0.0617430994 0.0609626330 
 0.0707701773 0.0648373302 0.0632416344 
 0.0762024228 0.0688395959 0.0661844872 
 0.0829474364 0.0737990996 0.0698237087 
 0.0910860250 0.0797697681 0.0741944939 
 0.1007019603 0.0868069580 0.0793324230 
 0.1118763383 0.0949635338 0.0852707583 
 0.1246810453 0.1042853559 0.0920373598 
 0.1391714524 0.1148062662 0.0996512838 
 0.1553785523 0.1265427167 0.1081191637 
 0.1733008565 0.1394882548 0.1174315174 
 0.1928964667 0.1536081427 0.1275591656 
 0.2140758196 0.1688344426 0.1384499811 
 0.2366956604 0.1850619404 0.1500262145 
 0.2605548127 0.2021452902 0.1621826507 
 0.2853922769 0.2198977426 0.1747858357 
 0.3108880996 0.2380917642 0.1876745816 
 0.3366673157 0.2564617649 0.2006618958 
 0.3623070820 0.2747090283 0.2135384045 
 0.3873469123 0.2925088005 0.2260772434 
 0.4113017080 0.3095193412 0.2380402909 
 0.4336770678 0.3253925939 0.2491855140 
 0.4539861866 0.3397860048 0.2592751104 
 0.4717675183 0.3523749158 0.2680840549 
 0.4866022979 0.3628648959 0.2754086109 
 0.4981310000 0.3710033523 0.2810743508 
 0.5060678507 0.3765897852 0.2849432377 
 0.5102126040 0.3794841126 0.2869193673 
 0.5104589366 0.3796125950 0.2869530364 
 0.5067989960 0.3769710188 0.2850428978 
 0.4993238432 0.3716249507 0.2812360725 
 0.4882197545 0.3637070425 0.2756262051 
 0.4737605731 0.3534115308 0.2683495738 
 0.4562965205 0.3409862385 0.2595794737 
 0.4362400702 0.3267225245 0.2495191964 
 0.4140496524 0.3109437417 0.2383940031 
 0.3902120711 0.2939928431 0.2264425409 
 0.3652245777 0.2762198061 0.2139081679 
 0.3395775391 0.2579695370 0.2010306456 
 0.3137385756 0.2395708599 0.1880386043 
 0.2881389150 0.2213270976 0.1751431238 
 0.2631625301 0.2035086185 0.1625326744 
 0.2391384204 0.1863475783 0.1503695603 
 0.2163361642 0.1700349239 0.1387879029 
 0.1949646536 0.1547195775 0.1278930998 
 0.1751737216 0.1405095929 0.1177626124 
 0.1570582223 0.1274749723 0.1084478702 
 0.1406640211 0.1156517731 0.0999770423 
 0.1259953084 0.1050471068 0.0923584105 
 0.1130226584 0.0956446431 0.0855840856 
 0.1016913094 0.0874102673 0.0796338337 
 0.0919292238 0.0802975986 0.0744788172 
 0.0836545934 0.0742531419 0.0700850963 
 0.0767825548 0.0692209152 0.0664167848 
 0.0712309837 0.0651464597 0.0634387915 
 0.0669253133 0.0619801888 0.0611191177 
 0.0638023861 0.0596800778 0.0594307024 
 0.0618133860 0.0582137161 0.0583528303 
 0.0609259135 0.0575597617 0.0578721223 
 0.0611252696 0.0577088341 0.0579831330 
 0.0624149965 0.0586638777 0.0586885729 
 0.0648167022 0.0604400122 0.0599991692 
 0.0683691671 0.0630638699 0.0619331642 
 0.0731267053 0.0665724048 0.0645154464 
 0.0791567305 0.0710111457 0.0677762973 
 0.0865364677 0.0764318599 0.0717497385 
 0.0953487567 0.0828895979 0.0764714639 
 0.1056769141 0.0904391063 0.0819763549 
 0.1175986691 0.0991306258 0.0882955950 
 0.1311792509 0.1090051305 0.0954534279 
 0.1464637904 0.1200891258 0.1034636392 
 0.1634692993 0.1323891788 0.1123258823 
 0.1821765880 0.1458864253 0.1220220105 
 0.2025225792 0.1605313589 0.1325126175 
 0.2243935479 0.1762392542 0.1437340206 
 0.2476198527 0.1928866062 0.1555959382 
 0.2719727183 0.2103089623 0.1679801111 
 0.2971635654 0.2283004908 0.1807400971 
 0.3228462722 0.2466155532 0.1937024197 
 0.3486225888 0.2649724461 0.2066691846 
 0.3740507298 0.2830593447 0.2194221913 
 0.3986569542 0.3005423329 0.2317284670 
 0.4219497270 0.3170752555 0.2433470491 
 0.4434358629 0.3323109880 0.2540367461 
 0.4626378903 0.3459135988 0.2635645204 
 0.4791117687 0.3575707991 0.2717140773 
 0.4924640374 0.3670060266 0.2782942092 
 0.5023674847 0.3739895088 0.2831464379 
 0.5085744903 0.3783476954 0.2861515262 
 0.5109273128 0.3799705283 0.2872344846 
 0.5093647560 0.3788161348 0.2863677810 
 0.5039248413 0.3749126730 0.2835725615 
 0.4947433285 0.3683572166 0.2789178076 
 0.4820481555 0.3593117355 0.2725174715 
 0.4661500900 0.3479963931 0.2645257540 
 0.4474300954 0.3346805355 0.2551307930 
 0.4263240961 0.3196718738 0.2445471230 
 0.4033059689 0.3033044641 0.2330073309 
 0.3788696786 0.2859261418 0.2207533702 
 0.3535115070 0.2678860845 0.2080279988 
 0.3277132938 0.2495231447 0.1950667783 
 0.3019275101 0.2311555146 0.1820910159 
 0.2765648358 0.2130721743 0.1693019468 
 0.2519847158 0.1955264319 0.1568763565 
 0.2284891470 0.1787317090 0.1449637358 
 0.2063197232 0.1628595696 0.1336849587 
 0.1856577514 0.1480398471 0.1231323773 
 0.1666270742 0.1343626109 0.1133711545 
 0.1492991047 0.1218816288 0.1044416024 
 0.1336995030 0.1106189358 0.0963622648 
 0.1198159054 0.1005701148 0.0891334809 
 0.1076061478 0.0917099129 0.0827411806 
 0.0970064963 0.0839978692 0.0771606941 
 0.0879394876 0.0773836891 0.0723603997 
 0.0803210945 0.0718121708 0.0683050772 
 0.0740670291 0.0672275572 0.0649588795 
 0.0690980899 0.0635772439 0.0622878718 
 0.0653445313 0.0608148232 0.0602621202 
 0.0627494844 0.0589024755 0.0588573331 
 0.0612714855 0.0578127416 0.0580560741 
 0.0608861792 0.0575297129 0.0578485681 
 0.0615872542 0.0580496778 0.0582331242 
 0.0633866519 0.0593812466 0.0592161896 
 0.0663140616 0.0615449661 0.0608120440 
 0.0704156870 0.0645724156 0.0630421292 
 0.0757522479 0.0685047633 0.0659340054 
 0.0823961578 0.0733907506 0.0695199146 
 0.0904278220 0.0792840728 0.0738349375 
 0.0999310075 0.0862401320 0.0789147321 
 0.1109872709 0.0943121607 0.0847928597 
 0.1236694872 0.1035467508 0.0914977272 
 0.1380345933 0.1139788709 0.0990492044 
 0.1541157548 0.1256265131 0.1074550160 
 0.1719142640 0.1384851780 0.1167070463 
 0.1913915775 0.1525224696 0.1267777400 
 0.2124619876 0.1676731301 0.1376168162 
 0.2349864782 0.1838348835 0.1491485394 
 0.2587683357 0.2008654720 0.1612698021 
 0.2835510510 0.2185812503 0.1738492619 
 0.3090189641 0.2367576514 0.1867277418 
 0.3348009656 0.2551317485 0.1997200481 
 0.3604773892 0.2734070177 0.2126182797 
 0.3855900219 0.2912602704 0.2251966123 
 0.4096549406 0.3083505672 0.2372174377 
 0.4321776766 0.3243297845 0.2484386383 
 0.4526700272 0.3388543691 0.2586216846 
 0.4706676982 0.3515977143 0.2675401691 
 0.4857478762 0.3622625251 0.2749883413 
 0.4975458078 0.3705925115 0.2807891844 
 0.5057694952 0.3763827735 0.2848015875 
 0.5102117116 0.3794882947 0.2869262057 
 0.5107586778 0.3798300684 0.2871096681 
 0.5073949187 0.3773984997 0.2853468868 
 0.5002040247 0.3722538888 0.2816813273 
 0.4893652660 0.3645239572 0.2762032195 
 0.4751462325 0.3543985517 0.2690458076 
 0.4578918932 0.3421218196 0.2603798538 
 0.4380106643 0.3279822937 0.2504067095 
 0.4159582445 0.3123014381 0.2393503465 
 0.3922200907 0.2954212905 0.2274487953 
 0.3672934769 0.2776918715 0.2149454583 
 0.3416700783 0.2594590254 0.2020807536 
 0.3158199613 0.2410533013 0.1890845055 
 0.2901777391 0.2227803929 0.1761694272 
 0.2651314763 0.2049135213 0.1635259477 
 0.2410147177 0.1876880019 0.1513185368 
 0.2181017890 0.1712980737 0.1396835697 
 0.1966062937 0.1558959231 0.1287286772 
 0.1766825337 0.1415926976 0.1185334381 
 0.1584294211 0.1284612105 0.1091512076 
 0.1418963444 0.1165399632 0.1006118329 
 0.1270904048 0.1058380930 0.0929249905 
 0.1139844407 0.0963408530 0.0860838871 
 0.1025253113 0.0880152718 0.0800690860 
 0.0926419900 0.0808156935 0.0748522628 
 0.0842531248 0.0746889662 0.0703997308 
 0.0772738231 0.0695791161 0.0666756275 
 0.0716215216 0.0654314078 0.0636446909 
 0.0672208815 0.0621957463 0.0612745919 
 0.0640077149 0.0598294176 0.0595378148 
 0.0619319860 0.0582991892 0.0584130990 
 0.0609599504 0.0575828094 0.0578864609 
 0.0610754982 0.0576699427 0.0579518206 
 0.0622807501 0.0585625728 0.0586112532 
 0.0645959371 0.0602748922 0.0598748764 
 0.0680585623 0.0628326791 0.0617603773 
 0.0727218207 0.0662721473 0.0642921716 
 0.0786522272 0.0706382435 0.0675001804 
 0.0859263956 0.0759823557 0.0714182083 
 0.0946269123 0.0823594065 0.0760819068 
 0.1048372697 0.0898243136 0.0815263212 
 0.1166358704 0.0984278316 0.0877830337 
 0.1300891732 0.1082118315 0.0948769462 
 0.1452441385 0.1192041250 0.1028227791 
 0.1621202266 0.1314130068 0.1116214022 
 0.1807013035 0.1448217524 0.1212561597 
 0.2009279053 0.1593833725 0.1316893857 
 0.2226903853 0.1750159735 0.1428593441 
 0.2458235104 0.1915991040 0.1546778434 
 0.2701030663 0.2089714676 0.1670287764 
 0.2952449770 0.2269303467 0.1797678181 
 0.3209073312 0.2452330140 0.1927234648 
 0.3466955526 0.2636003060 0.2056995371 
 0.3721707533 0.2817224002 0.2184791782 
 0.3968610988 0.2992666943 0.2308302844 
 0.4202757927 0.3158875328 0.2425122019 
 0.4419210957 0.3312373868 0.2532834253 
 0.4613176284 0.3449789711 0.2629099478 
 0.4780180971 0.3567976959 0.2711738522 
 0.4916245208 0.3664138045 0.2778816914 
 0.5018040478 0.3735935391 0.2828722013 
 0.5083025059 0.3781587195 0.2860229146 
 0.5109549480 0.3799941965 0.2872552953 
 0.5096926133 0.3790527552 0.2865380946 
 0.5045459142 0.3753571854 0.2838887295 
 0.4956432765 0.3689993933 0.2793725971 
 0.4832058836 0.3601365982 0.2731003615 
 0.4675386020 0.3489848243 0.2652233642 
 0.4490175759 0.3358100480 0.2559274225 
 0.4280751616 0.3209174982 0.2454253673 
 0.4051830216 0.3046397028 0.2339487435 
 0.3808342889 0.2873239398 0.2217391320 
 0.3555257538 0.2693197646 0.2090395609 
 0.3297409930 0.2509672609 0.1960864457 
 0.3039352751 0.2325865836 0.1831024465 
 