16.3055549669 15.4675376352 14.3894861390 
 16.2183265026 15.3681916485 14.2811239213 
 16.0789819495 15.2105547583 14.1101730577 
 15.8848647416 14.9927620617 13.8756880592 
 15.6327711888 14.7127088306 13.5768042348 
 15.3192972975 14.3684033527 13.2130675733 
 14.9412758224 13.9583939683 12.7848164951 
 14.4962894895 13.4822457322 12.2935833344 
 13.9832314098 12.9410280115 11.7424721921 
 13.4028654923 12.3377597625 11.1364608463 
 12.7583216830 11.6777482425 10.4825714214 
 12.0554485650 10.9687545619 9.7898611545 
 11.3029457986 10.2209304342 9.0692030175 
 10.5122164515 9.4464968665 8.3328552358 
 9.6969159132 8.6591749333 7.5938540712 
 8.8722248496 7.8734234874 6.8652974926 
 8.0539270816 7.1035772536 6.1596095214 
 7.2574143712 6.3629998707 5.4878794564 
 6.4967559695 5.6633633509 4.8593553323 
 5.7839561027 5.0141389452 4.2811412101 
 5.1284821184 4.4223427066 3.7581117266 
 4.5370925499 3.8925341859 3.2930241112 
 4.0139431662 3.4270299331 2.8867845790 
 3.5609121234 3.0262715686 2.5388154730 
 3.1780678008 2.6892821970 2.2474705238 
 2.8642031841 2.4141513725 2.0104543131 
 2.6173727940 2.1985020510 1.8252139196 
 2.4353850932 2.0399075445 1.6892820452 
 2.3162194077 1.9362387251 1.6005595065 
 2.2583486753 1.8859301424 1.5575303602 
 2.2609573485 1.8881586841 1.5594058251 
 2.3240486982 1.9429312648 1.6061947601 
 2.4484391191 2.0510800329 1.6986997004 
 2.6356398793 2.2141654492 1.8384387305 
 2.8876295908 2.4342894259 2.0274947306 
 3.2065240574 2.7138227208 2.2682947487 
 3.5941551621 3.0550536732 2.5633238528 
 4.0515786127 3.4597704567 2.9147807933 
 4.5785426946 3.9287975414 3.3241882869 
 5.1729660363 4.4615192250 3.7919793433 
 5.8304885712 5.0554372474 4.3170921627 
 6.5441706953 5.7058218431 4.8966174750 
 7.3044142044 6.4055207376 5.5255500108 
 8.0991594985 7.1449832242 6.1966957005 
 8.9143758046 7.9125335454 6.9007746938 
 9.7348105493 8.6948909402 7.6267365465 
 10.5449125863 9.4778899495 8.3622711040 
 11.3298065836 10.2473150211 9.0944637550 
 12.0761842893 10.9897396031 9.8105159276 
 12.7729963541 11.6932590706 10.4984388743 
 13.4118699540 12.3480291290 11.1476346809 
 13.9872297218 12.9465597237 11.7493010769 
 14.4961480981 13.4837578443 12.2966293267 
 14.9379854946 13.9567500933 12.7847984998 
 15.3138963791 14.3645404290 13.2107971525 
 15.6262763029 14.7075681353 13.5731205140 
 15.8782123927 14.9872281052 13.8713970388 
 16.0729822147 15.2054045460 14.1059948728 
 16.2136283856 15.3640550607 14.2776499504 
 16.3026220972 15.4648685415 14.3871466071 
 16.3416191797 15.5090096396 14.4350713807 
 16.3313073904 15.4969555322 14.4216524843 
 16.2713423732 15.4284269687 14.3466915849 
 16.1603709408 15.3024141761 14.2095905051 
 15.9961425634 15.1172978265 14.0094722799 
 15.7757117973 14.8710644846 13.7453924616 
 15.4957344075 14.5616133566 13.4166315228 
 15.1528567592 14.1871455674 13.0230518935 
 14.7441905173 13.7466179071 12.5654934551 
 14.2678522592 13.2402302153 12.0461701047 
 13.7235308657 12.6699008434 11.4690194097 
 13.1130268938 12.0396711381 10.8399506924 
 12.4406919938 11.3559722345 10.1669379283 
 11.7136889840 10.6276907557 9.4599158040 
 10.9420007622 9.8659880510 8.7304610476 
 10.1381427761 9.0838606218 7.9912740456 
 9.3165779569 8.2954724705 7.2555112641 
 8.4928867616 7.5153335230 6.5360481844 
 7.6827945817 6.7574300314 5.8447670054 
 6.9011894983 6.0344232362 5.1919587161 
 6.1612651980 5.3570180922 4.5859065694 
 5.4738961293 4.7335690112 4.0326840774 
 4.8473036428 4.1699448692 3.5361647682 
 4.2870176268 3.6696332159 3.0982116620 
 3.7960924153 3.2340332240 2.7189969299 
 3.3755075488 2.8628725363 2.3973973308 
 3.0246751905 2.5546835340 2.1314161388 
 2.7419826234 2.3072848505 1.9185929992 
 2.5253134362 2.1182283985 1.7563751544 
 2.3725081119 1.9851860011 1.6424337051 
 2.2817392702 1.9062602414 1.5749156487 
 2.2517870565 1.8802108455 1.5526265374 
 2.2822065613 1.9065917195 1.5751407499 
 2.3733831783 1.9857960985 1.6428377150 
 2.5264748383 2.1190091592 1.7568636712 
 2.7432428423 2.3080692947 1.9190198308 
 3.0257760099 2.5552411174 2.1315790401 
 3.3761168116 2.8629055344 2.3970343247 
 3.7958044208 3.2331759636 2.7177848058 
 4.2853596478 3.6674563110 3.0957684651 
 4.8437508903 4.1659665965 3.5320581495 
 5.4678968016 4.7272755335 4.0264471294 
 6.1522759119 5.3478932781 4.5770621281 
 6.8887194564 6.0219873069 5.1800519854 
 7.6664545910 6.7412843481 5.8294048320 
 8.4724372410 7.4952069102 6.5169416167 
 9.2919690249 8.2712630913 7.2325165700 
 10.1095399231 9.0556671320 7.9644266253 
 10.9097916009 9.8341248433 8.6999970042 
 11.6784697097 10.5926844512 9.4262774307 
 12.4032356434 11.3185396213 10.1307617468 
 13.0742383128 12.0006816974 10.8020393607 
 13.6843948150 12.6303290995 11.4303011359 
 14.2293811082 13.2011039658 12.0076506264 
 14.7073767668 13.7089679478 12.5282059500 
 15.1186337548 14.1519611568 12.9880094952 
 15.4649466267 14.5298058945 13.3847857823 
 15.7490944504 14.8434401617 13.7175995385 
 15.9743091396 15.0945386628 13.9864672423 
 16.1438067814 15.2850660270 14.1919690734 
 16.2604022599 15.4168927279 14.3348980608 
 16.3262153523 15.4914917955 14.4159724228 
 16.3424691234 15.5097253953 14.4356277095 
 16.3093783474 15.4717249136 14.3938982663 
 16.2261257441 15.3768656712 14.2903926261 
 16.0909256638 15.2238366324 14.1243639509 
 15.9011770954 15.0108050855 13.8948734373 
 15.6537090464 14.7356748176 13.6010404991 
 15.3451200572 14.3964324517 13.2423675093 
 14.9722085382 13.9915693593 12.8191184286 
 14.5324808376 13.5205555734 12.3327200602 
 14.0247093600 12.9843281670 11.7861434083 
 13.4494950139 12.3857419083 11.1842133701 
 12.8097700904 11.7299185732 10.5337914040 
 12.1111647249 11.0244280889 9.8437816029 
 11.3621588561 10.2792444838 9.1249280908 
 10.5739576882 9.5064448206 8.3894002136 
 9.7600639001 8.7196578823 7.6501971019 
 8.9355698452 7.9333140476 6.9204369229 
 8.1162467137 7.1617872883 6.2126194416 
 7.3175502039 6.4185430125 5.5379564354 
 6.5536803910 5.7154043371 4.9058510717 
 5.8368211287 5.0620245009 4.3235784941 
 5.1766454961 4.4656122096 3.7961838576 
 4.5801207974 3.9309116658 3.3265803138 
 4.0515947693 3.4604013373 2.9158052288 
 3.5931063126 3.0546523521 2.5633813881 
 3.2048450153 2.7127802631 2.2677301577 
 2.8856828024 2.4329295823 2.0265918502 
 2.6337125200 2.2127433937 1.8374203410 
 2.4467450549 2.0497849841 1.6977304371 
 2.3227328957 1.9418909261 1.6053853405 
 2.2601006611 1.8874437629 1.5588171594 
 2.2579714338 1.8855576378 1.5571764703 
 2.3162828408 1.9361731741 1.6004085892 
 2.4357902487 2.0400599529 1.6892554561 
 2.6179572975 2.1987267934 1.8251833123 
 2.8647368183 2.4142418830 2.0102376103 
 3.1782484794 2.6889667715 2.2468278080 
 3.5603643296 3.0252110239 2.5374462389 
 4.0122212584 3.4248191891 2.8843280722 
 4.5336913846 3.8887099531 3.2890646242 
 5.1228570386 4.4163992573 3.7521906449 
 5.7755533339 5.0055532621 4.2727771675 
 6.4850528083 5.6516297047 4.8480729517 
 7.2419664090 6.3476721251 5.4732458057 
 8.0344175181 7.0843152152 6.1412757585 
 8.8485093518 7.8500378908 6.8430415284 
 9.6690561067 8.6316647485 7.5676189172 
 10.4804963408 9.4150729943 8.3027774509 
 11.2678680636 10.1860216111 9.0356265920 
 12.0177111095 10.9309940951 9.7533341631 
 12.7187780780 11.6379433096 10.4438254113 
 13.3624752094 12.2968476346 11.0963755342 
 13.9430065118 12.9000250659 11.7020299898 
 14.4572438001 13.4421952940 12.2538191139 
 14.9043809626 13.9203180529 12.7467677836 
 15.2854479660 14.3332617317 13.1777292981 
 15.6027601887 14.6813670274 13.5450906225 
 15.8593668557 14.9659683057 13.8484027558 
 16.0585449302 15.1889248179 14.0879872724 
 16.2033671409 15.3521998665 14.2645615619 
 16.2963582789 15.4575123471 14.3789145174 
 16.3392439835 15.5060741532 14.4316540911 
 16.3327909476 15.4984195997 14.4230397690 
 16.2767359931 15.4343290498 14.3529069868 
 16.1698025149 15.3128473821 14.2206863769 
 16.0098050032 15.1323975273 14.0255175272 
 15.7938442708 14.8909885952 13.7664534530 
 15.5185962303 14.5865157016 13.4427470971 
 15.1806941754 14.2171432757 13.0542040427 
 14.7771973550 13.7817546355 12.6015760856 
 14.3061265698 13.2804380835 12.0869591609 
 13.7670310631 12.7149651137 11.5141483811 
 13.1615323346 12.0892025807 10.8888958275 
 12.4937739758 11.4093924034 10.2190170606 
 11.7706982693 10.6842346672 9.5143033581 
 11.0020765191 9.9247268265 8.7862195867 
 10.2002451105 9.1437436585 8.0473999860 
 9.3795423171 8.3553852188 7.3109897326 
 8.5554942916 7.5741638412 6.5899101499 
 7.7438491499 6.8141342789 5.8961413183 
 6.9595906744 6.0880833207 5.2401127136 
 6.2160673911 5.4068826061 4.6302711337 
 5.5243471155 4.7790747737 4.0728618423 
 4.8928598421 4.2107187014 3.5719227961 
 4.3273375382 3.7054767199 3.1294618085 
 3.8310126067 3.2648951436 2.7457680177 
 3.4050070837 2.8888138383 2.4198032403 
 3.0488344416 2.5758399078 2.1496232853 
 2.7609415286 2.3238303225 1.9327897506 
 2.5392329479 2.1303426248 1.7667448605 
 2.3815373295 1.9930268369 1.6491323261 
 2.2859897742 1.9099425196 1.5780545440 
 2.2513153284 1.8797918989 1.5522607447 
 2.2770049869 1.9020639621 1.5712629609 
 2.3633798707 1.9770868231 1.6353780592 
 2.5115422959 2.1059875650 1.7456953184 
 2.7232152366 2.2905606144 1.9039703269 
 3.0004746412 2.5330475591 2.1124471911 
 3.3453828902 2.8358335367 2.3736123290 
 3.7595377118 3.2010688805 2.6898851101 
 4.2435605599 3.6302309878 3.0632544073 
 4.7965623328 4.1236513477 3.4948767810 
 5.4156408114 4.6800458928 3.9846617315 
 6.0954791034 5.2961008594 4.5308810052 
 6.8281213297 5.9661766098 5.1298494378 
 7.6029941002 6.6821928052 5.7757301272 
 8.4072159138 7.4337451758 6.4605125887 
 9.2261929142 8.2084754323 7.1741962830 
 10.0444468451 8.9926752718 7.9051841130 
 10.8465732656 9.7720618615 8.6408559092 
 11.6181994970 10.5326274074 9.3682586886 
 12.3468115432 11.2614498291 10.0748276268 
 13.0223473510 11.9473599428 10.7490458532 
 13.6375011308 12.5813901106 11.3809639765 
 14.1877358966 13.1569709732 11.9625276785 
 14.6710454488 13.6698851068 12.4876959334 
 15.0875343589 14.1180195488 12.9523647694 
 15.4388933643 14.5009779541 13.3541354518 
 15.7278414070 14.8196175453 13.6919786120 
 15.9575903996 15.0755694115 13.9658477917 
 16.1313707116 15.2707879984 14.1762900143 
 16.2520388362 15.4071613613 14.3240910346 
 16.3217762100 15.4862011482 14.4099820845 
 16.3418804302 15.5088219740 14.4344253900 
 16.3126467243 15.4752141419 14.3974884576 
 16.2333373732 15.3848109587 14.2988120645 
 16.1022385524 15.2363510367 14.1376733176 
 15.9168063023 15.0280356087 13.9131419645 
 15.6739046539 14.7577795525 13.6243241354 
 15.3701378769 14.4235511941 13.2706818461 
 15.0022740830 14.0237889873 12.8524083187 
 14.5677480111 13.5578724593 12.3708287267 
 14.0652165839 13.0266110218 11.8287846813 
 13.4951229604 12.4326995399 11.2309512606 
 12.8602064880 11.7810777020 10.5840312254 
 12.1658823795 11.0791262224 9.8967760276 
 11.4204125899 10.3366415805 9.1797997749 
 10.6348039895 9.5655550206 8.4451801269 
 9.8224037661 8.7793992843 7.7058749331 
 8.9982111514 7.9925711043 6.9750175781 
 8.1779785087 7.2194777940 6.2651783933 
 7.3772187624 6.4736806766 5.5876868877 
 6.6102564964 5.7671488847 4.9520975440 
 5.8894500276 5.1097138305 4.3658539986 
 5.2246746216 4.5087745758 3.8341706395 
 4.6231045715 3.9692591789 3.3601164534 
 4.0892794256 3.4938085203 2.9448608438 
 3.6253999828 3.0831247109 2.5880286262 
 3.2317791111 2.7364178735 2.2881108266 
 2.9073702826 2.4518899483 2.0428857296 
 2.6503074907 2.2272067256 1.8498162913 
 2.4584068261 2.0599239698 1.7064016225 
 2.3295964805 1.9478462398 1.6104693218 
 2.2622548962 1.8893060243 1.5604012869 
 2.2554453961 1.8833562373 1.5552888390 
 2.3090409233 1.9298721968 1.5950147137 
 2.4237360219 2.0295612886 1.6802607280 
 2.6009460680 2.1838803758 1.8124412017 
 2.8425965664 2.3948628559 1.9935634770 
 3.1508085606 2.6648592085 2.2260180882 
 3.5274908531 2.9961975533 2.5123026215 
 3.9738572962 3.3907753803 2.8546859804 
 4.4898990638 3.8496015378 3.2548247956 
 5.0738572562 4.3723192036 3.7133518323 
 5.7217576331 4.9567546009 4.2294670629 
 6.4270813745 5.5985491691 4.8005735885 
 7.1806467222 6.2909395628 5.4220092521 
 7.9707602614 7.0247447480 6.0869262176 
 8.7836616276 7.7885990460 6.7863612278 
 9.6042361857 8.5694350020 7.5095173566 
 10.4169179776 9.3531766274 8.2442463230 
 11.2066647056 10.1255625654 8.9776853343 
 11.9598703658 10.8729917673 9.6969729365 
 12.6650945958 11.5832795875 10.3899527842 
 13.3135263536 12.2462311405 11.0457771553 
 13.8991510864 12.8539752768 11.6553423688 
 14.4186405573 13.4010458598 12.2115199211 
 14.8710214853 13.8842360126 12.7091815172 
 15.2571978120 14.3022778374 13.1450452660 
 15.5794026808 14.6554120381 13.5173891864 
 15.8406451023 14.9449106394 13.8256856283 
 16.0441990921 15.1726059557 14.0702081212 
 16.1931652659 15.3404650313 14.2516539643 
 16.2901200135 15.4502349749 14.3708151589 
 16.3368570788 15.5031734100 14.4283198610 
 16.3342207483 15.4998706498 14.4244579731 
 16.2820281083 15.4401659909 14.3590982984 
 16.1790787367 15.3231588314 14.2317004208 
 16.0232523536 15.1473148632 14.0414212334 
 15.8116969525 14.9106669541 13.7873126207 
 15.5411103239 14.6111080978 13.4686020483 
 15.2081152783 14.2467687382 13.0850408785 
 14.8097220689 13.8164620708 12.6372958583 
 14.3438598304 13.3201686329 12.1273481477 
 13.8099426805 12.7595169113 11.5588533910 
 13.2094175317 12.1382027482 10.9374088128 
 12.5462237810 11.4622814508 10.2706729478 
 11.8270858320 10.7402678327 9.5682937598 
 11.0615643220 9.9829950615 8.8416229280 
 10.2618154707 9.2032140670 8.1032258945 
 9.4420497859 8.4149573220 7.3662328941 
 8.6177343879 7.6327349066 6.6436069257 
 7.8046344488 6.8706650446 5.9474218270 
 7.0178236709 6.1416553588 5.2882419825 
 6.2708003121 5.4567403441 4.6746750714 
 5.5748217092 4.8246482780 4.1131365357 
 4.9385242197 4.2516268100 3.6078282773 
 4.3678411900 3.7415130861 3.1609033733 
 3.8661837733 3.2960016358 2.7727691429 
 3.4348182434 2.9150463776 2.4424741952 
 3.0733618351 2.5973314499 2.1681289283 
 2.7803238085 2.3407547229 1.9473191077 
 2.5536327600 2.1428820007 1.7774841934 
 2.3911083676 2.0013440631 1.6562427044 
 2.2908508633 1.9141598105 1.5816544916 
 2.2515324356 1.8799760195 1.5524142908 
 2.2725816620 1.8982183782 1.5679732961 
 2.3542563528 1.9691509454 1.6285869026 
 2.4976033026 2.0938430970 1.7352880034 
 2.7043062347 2.2740448728 1.8897865127 
 2.9764261527 2.5119734843 2.0942970163 
 3.3160420273 2.8100159086 2.3512977087 
 3.7248055556 3.1703558968 2.6632256738 
 4.2034330895 3.5945397503 3.0321171875 
 4.7511714077 4.0830048938 3.4592081326 
 5.3652904151 4.6346083103 3.9445191165 
 6.0406710953 5.2462060000 4.4864613708 
 6.7695648510 5.9123453773 5.0815102294 
 7.5415940158 6.6251343725 5.7239988469 
 8.3440383848 7.3743390612 6.4060815407 
 9.1624100438 8.1477340868 7.1179008445 
 9.9812664320 8.9316902192 7.8479653446 
 10.7851628815 9.7119396452 8.5837110656 
 11.5596153823 10.4744237214 9.3121855066 
 12.2919417654 11.2061105848 10.0207694945 
 12.9718756548 11.8956765483 10.6978447455 
 13.5918938775 12.5339733842 11.3333264582 
 14.1472505826 13.1142447258 11.9190068012 
 14.6357564117 13.6320973862 12.4486891722 
 15.0573698364 14.0852674494 12.9181258737 
 15.4136779836 14.4732409736 13.3247966174 
 15.7073390603 14.7967945763 13.6675788080 
 15.9415438056 15.0575152446 13.9463632401 
 16.1195353517 15.2573463034 14.1616634674 
 16.2442101103 15.3981921873 14.3142573312 
 16.3178094548 15.4816018567 14.4048882740 
 16.3417038801 15.5085411076 14.4340443839 
 16.3162676271 15.4792580587 14.4018256414 
 16.2408414028 15.3932431885 14.3079046333 
 16.1137824905 15.2492843498 14.1515823430 
 15.9326038024 15.0456168270 13.9319374578 
 15.6942048622 14.7801672995 13.6480637297 
 15.3951968772 14.4508871579 13.2993842448 
 15.0323196430 14.0561639335 12.8860233737 
 14.6029389948 13.5952891640 12.4092068565 
 14.1055996311 13.0689474184 11.8716491793 
 13.5405904628 12.4796764476 11.2778776306 
 12.9104611969 11.8322362013 10.6344377284 
 12.2204147102 11.1338196640 9.9499288594 
 11.4784963337 10.3940460321 9.2348346205 
 10.6955143628 9.6246995999 8.5011393971 
 9.8846585231 8.8392145992 7.7617572494 
 9.0608314149 8.0519506228 7.0298336981 
 8.2397620171 7.2773443170 6.3180064312 
 7.4370155670 6.5290489893 5.6377198022 
 6.6670366222 5.8191764811 4.9986774033 
 5.9423544175 5.1577340830 4.4084900493 
 5.2730442238 4.5523101060 3.8725409850 
 4.6664866115 4.0080165185 3.3940555077 
 4.1274135719 3.5276576569 2.9743362151 
 3.6581895067 3.1120683978 2.6131115947 
 3.2592530145 2.7605557031 2.3089442808 
 2.9296420035 2.4713814770 2.0596526398 
 2.6675346831 2.2422368492 1.8627108785 
 2.4707553952 2.0706726648 1.7156045645 
 2.3372108978 1.9544639369 1.6161277641 
 2.2652359896 1.8918953343 1.5626140855 
 2.2538362902 1.8819604333 1.5540972844 
 2.3028214817 1.9244706734 1.5903988797 
 2.4128259084 2.0200720708 1.6721414944 
 2.5852163295 2.1701696097 1.8006879009 
 2.8218894196 2.3767610714 1.9780070181 
 3.1249647827 2.6421839803 2.2064693200 
 3.4963837400 2.9687819335 2.4885755513 
 3.9374314395 3.3585010163 2.8266251942 
 4.4482111607 3.8124346555 3.2223359373 
 5.0271149048 4.3303466327 3.6764332738 
 5.6703508863 4.9102159363 4.1882400120 
 6.3716012125 5.5478603254 4.7553070564 
 7.1218850751 6.2367028264 5.3731358439 
 7.9096881196 6.9677413372 6.0350449508 
 8.7213850445 7.7297623011 6.7322247530 
 9.5419340074 8.5098053957 7.4540030296 
 10.3557688874 9.2938431541 8.1883132112 
 11.1477735180 10.0675978295 8.9223218366 
 11.9042036965 10.8173894234 9.6431415326 
 12.6134340089 11.5309022737 10.3385389862 
 13.2664435066 12.1977748671 10.9975488482 
 13.8570053503 12.8099530617 11.6109236738 
 14.3815961254 13.3617901280 12.1713810990 
 14.8390787941 13.8499166694 12.6736439111 
 15.2302333343 14.2729314066 13.1142983906 
 15.5572115709 14.6309768561 13.4915160444 
 15.8229823142 14.9252635694 13.8046921434 
 16.0308159816 15.1575970451 14.0540530020 
 16.1838399725 15.3299476372 14.2402760675 
 16.2846808981 15.4440898622 14.3641562585 
 16.3351991072 15.5013260585 14.4263414684 
 16.3363149877 15.5023014578 14.4271514241 
 16.2879245274 15.4469132815 14.3664877143 
 16.1889023670 15.3343146340 14.2438384290 
 16.0371926947 15.1630134668 14.0583775672 
 15.8299903895 14.9310663145 13.8091560118 
 15.5640153834 14.6363644389 13.4953762573 
 15.2358808833 14.2770051916 13.1167363206 
 14.8425496359 13.8517329963 12.6738190704 
 14.3818611132 13.3604222986 12.1684922089 
 13.8530966149 12.8045603455 11.6042731601 
 13.2575307544 12.1876735198 10.9866052127 
 12.5989005892 11.5156315113 10.3229902188 
 11.8837136307 10.7967639850 9.6229324101 
 11.1213196099 10.0417388789 8.8976690411 
 10.3236929409 9.2631812622 8.1596948026 
 9.5049134118 8.4750531536 7.4221225742 
 8.6803852134 7.6918590574 6.6979545229 
 7.8658863149 6.9277774061 5.9993560281 
 7.0765763833 6.1958339530 5.3370247861 
 6.3261003474 5.5072242781 4.7197285744 
 5.6259032886 4.8708616443 4.1540530917 
 4.9848275684 4.2931829201 3.6443650377 
 4.4090088666 3.7782014470 3.1929642073 
 3.9020390858 3.3277620281 2.8003779544 
 3.4653314454 2.9419351060 2.4657437472 
 3.0986100341 2.6194845097 2.1872287099 
 2.8004497299 2.3583516800 1.9624448885 
 2.5688062453 2.1561132534 1.7888310099 
 2.4014932017 2.0103831598 1.6639823128 
 2.2965785152 1.9191417860 1.5859178577 
 2.2526836180 1.8809822877 1.5532794354 
 2.2691762015 1.8952684760 1.5654586794 
 2.3462515918 1.9622012626 1.6226504354 
 2.4849010332 2.0827925877 1.7258316762 
 2.6867679576 2.2587476001 1.8766665366 
 2.9538962115 2.4922577104 2.0773392778 
 3.2883778408 2.7857092471 2.3303182354 
 3.6919136244 3.1413157189 2.6380556201 
 4.1653086065 3.5606874637 3.0026314908 
 4.7079381526 4.0443618566 3.4253564011 
 5.3172363642 4.5913300914 3.9063565040 
 5.9882742096 5.1986106935 4.4441763216 
 6.7135033453 5.8609311203 5.0354452905 
 7.4827365170 6.5705815193 5.6746605834 
 8.2834119319 7.3174939200 6.3541362439 
 9.1011475636 8.0895737067 7.0641543151 
 9.9205393106 8.8732709792 7.7933273998 
 10.7261074342 9.6543355531 8.5291480829 
 11.5032633949 10.4186624736 9.2586666050 
 12.2391644094 11.1531159144 9.9692132179 
 12.9233472421 11.8462240537 10.6490729820 
 13.5480780315 12.4886643180 11.2880308513 
 14.1084075664 13.0734989325 11.8777305392 
 14.6019674705 13.5961635812 12.4118244233 
 15.0285729177 14.0542469325 12.8859248927 
 15.3897090430 14.4471199089 13.2973930722 
 15.6879739698 14.7754800234 13.6450152677 
 15.9265371787 15.0408708680 13.9286209003 
 16.1086539555 15.2452247377 14.1486907967 
 16.2372596806 15.3904620958 14.3059951334 
 16.3146545256 15.4781685766 14.4012894615 
 16.3422806816 15.5093603683 14.4350874076 
 16.3205902478 15.4843425864 14.4075210041 
 16.2490013469 15.4026621427 14.3182942358 
 16.1259415959 15.2631555669 14.1667316560 
 15.9489803260 15.0640918898 13.9519207635 
 15.7150524950 14.8034096034 13.6729430273 
 15.4207766282 14.4790435154 13.3291829284 
 15.0628650240 14.0893308982 12.9206964924 
 14.6386158041 13.6334761810 12.4486106104 
 14.1464628467 13.1120400157 11.9155131461 
 13.5865421805 12.5274037708 11.3257838238 
 12.9612148709 11.8841479214 10.6858106700 
 12.2754717302 11.1892772619 10.0040401398 
 11.5371407006 10.4522323554 9.2908237917 
 10.7568295373 9.6846482988 8.5580506466 
 9.9475674011 8.8998578593 7.8185885602 
 9.1241563415 8.1121802000 7.0855927918 
 8.3022977540 7.3360781603 6.3717663796 
 7.4976053503 6.5852945307 5.6886672214 
 6.7246407759 5.8720823743 5.0461476171 
 5.9961026567 5.2066245747 4.4519860885 
 5.3222662482 4.5966995827 3.9117360853 
 4.7107197713 4.0476051470 3.4287811698 
 4.1663901275 3.5623116086 3.0045594476 
 3.6918084908 3.1417895194 2.6389055189 
 3.2875426813 2.7854456722 2.3304560154 
 2.9527185371 2.4916048067 2.0770716099 
 2.6855617571 2.2579860166 1.8762397596 
 2.4839078450 2.0821375358 1.7254342432 
 2.3456445836 1.9618067884 1.6224170958 
 2.2690650717 1.8952321971 1.5654748720 
 2.2531185917 1.8813491538 1.5535847093 
 2.2975522814 1.9199058985 1.5865075276 
 2.4029402678 2.0114872144 1.6648069904 
 2.5705998466 2.1574457189 1.7897941037 
 2.8023970863 2.3597423711 1.9633986115 
 3.1004473552 2.6206997214 2.1879695524 
 3.4667206229 2.9426739296 2.4660087438 
 3.9025684124 3.3276558298 2.7998433834 
 4.4082002910 3.7768186968 3.1912485637 
 4.9821527684 4.2900414783 3.6410381329 
 5.6208100548 4.8654501139 4.1486528348 
 6.3180493142 5.4990329731 4.7117862701 
 7.0650861194 6.1843944339 5.3260985863 
 7.8505825381 6.9127075873 5.9850706043 
 8.6610480251 7.6729090233 6.6800433474 
 9.4815156149 8.4521455982 7.4004678400 
 10.2964231848 9.2364403986 8.1343594392 
 11.0905863225 10.0115029766 8.8689158143 
 11.8501289341 10.7635791843 9.5912267515 
 12.5632467778 11.4802276154 10.2889858778 
 13.2207145260 12.1509252720 10.9511144523 
 13.8160974992 12.7674395695 11.5682253783 
 14.3456803279 13.3239468644 12.1328860793 
 14.8081642654 13.8169179527 12.6396734085 
 15.2042063714 14.2448199636 13.0850440708 
 15.5358774227 14.6076982303 13.4670646172 
 15.8061057535 14.9067022204 13.7850541978 
 16.0181575623 15.1436105677 14.0391923978 
 16.1751862272 15.3203966048 14.2301369590 
 16.2798677154 15.4388617735 14.3586856444 
 16.3341281467 15.5003525984 14.4255058978 
 16.3389632805 15.5055687389 14.4309470561 
 16.2943474390 15.4544649580 14.3749433255 
 16.1992299749 15.3462478478 14.2570112345 
 16.0516194572 15.1794676081 14.0763419579 
 15.8487578633 14.9522046626 13.8319855984 
 15.5873877969 14.6623489923 13.5231200311 
 15.2641136887 14.3079654939 13.1493903494 
 14.8758518303 13.8877305410 12.7112959287 
 14.4203531595 13.4014131338 12.2105912090 
 13.8967671386 12.8503596338 11.6506552201 
 13.3061966205 12.2379267769 11.0367765958 
 12.6521760970 11.5697976751 10.3762991141 
 11.9409949128 10.8541149620 9.6785811847 
 11.1817894140 10.1013785418 8.9547429611 
 10.3863485805 9.3240840893 8.2172053801 
 9.5686170144 8.5361192936 7.4790610132 
 8.7439312126 7.7519793819 6.7533487093 
 7.9280775523 6.9859000099 6.0523237426 
 7.1362983041 6.2510232313 5.3868165501 
 6.3823832148 5.5587052766 4.7657555732 
 5.6779649709 4.9180453566 4.1958983510 
 5.0320934196 4.3356717046 3.6817787303 
 4.4511093470 3.8157768314 3.2258460242 
 3.9387890111 3.3603592167 2.8287505635 
 3.4966965383 2.9696092929 2.4897215058 
 3.1246667819 2.6423738286 2.2069852469 
 2.8213438034 2.3766406882 1.9781822794 
 2.5847134706 2.1699997061 1.8007523500 
 2.4125857710 2.0200498076 1.6722687589 
 2.3029980746 1.9247341917 1.5907107224 
 2.2545221631 1.8825932048 1.5546676508 
 2.2664652783 1.8929290822 1.5634718067 
 2.3389600219 1.9558793773 1.6172572991 
 2.4729411633 2.0723978600 1.7169446078 
 2.6700102209 2.2441435167 1.8641511143 
 2.9321915605 2.4732801300 2.0610293596 
 3.2615872922 2.7621909890 2.3100359813 
 3.6599436406 3.1131164190 2.6136360246 
 4.1281502243 3.5277273723 2.9739506078 
 4.6657066539 4.0066574234 3.3923618772 
 5.2702070421 4.5490281519 3.8690982561 
 5.9369087957 5.1520170674 4.4028343272 
 6.6584614323 5.8105288368 4.9903507622 
 7.4248673058 6.5170341140 5.6263065944 
 8.2237240617 7.2616306084 6.3031744603 
 9.0407583705 8.0323557281 7.0113760051 
 9.8606088249 8.8157416154 7.7396291971 
 10.6677656701 9.5975594871 8.4754856185 
 11.4475409957 10.3636623723 9.2060014353 
 12.1869359971 11.1008147147 9.9184598117 
 12.8752941219 11.7974002204 10.6010524920 
 13.5046730810 12.4439247202 11.2434370102 
 14.0699212960 13.0332707349 11.8371107070 
 14.5684912978 13.5607035271 12.3755762098 
 15.0000541184 14.0236642439 12.8543065162 
 15.3659916029 14.4214079995 13.2705440914 
 15.6688403191 14.7545522125 13.6229836695 
 15.9117470537 15.0245959888 13.9113926168 
 16.0979779902 15.2334595673 14.1362183082 
 16.2305064811 15.3830785877 14.2982226145 
 16.3116907991 15.4750747479 14.3981727222 
 16.3430444478 15.5105142965 14.4366075466 
 16.3250973152 15.4897593071 14.4136911720 
 16.2573451853 15.4124133826 14.3291592369 
 16.1382865675 15.2773622778 14.1823603628 
 15.9655480799 15.0829095872 13.9723915659 
 15.7361012723 14.8270066594 13.6983228826 
 15.4465733903 14.5075729119 13.3595010822 
 15.0936507896 14.1228965747 12.9559146411 
 14.6745654274 13.6720960267 12.4885921163 
 14.1876416767 13.1556086676 11.9599947728 
 13.6328634663 12.5756594866 11.3743540982 
 13.0124031367 11.9366485678 10.7378991011 
 12.3310381791 11.2453904972 10.0589208712 
 11.5963765237 10.5111440494 9.3476356840 
 10.8188214013 9.7453910011 8.6158334077 
 10.0112363394 8.9613579526 7.8763317799 
 9.1883172205 8.1733189203 7.1422922581 
 8.3657324194 7.3957588391 6.4264805438 
 7.5591396253 6.6425070730 5.7405666044 
 6.7832146395 5.9259565601 5.0945513449 
 6.0508244612 5.2564661002 4.4963822080 
 5.3724452372 4.6420061161 3.9517851314 
 4.7558753757 4.0880631101 3.4643049373 
 4.2062403600 3.5977770762 3.0355185531 
 3.7262423778 3.1722580975 2.6653699756 
 3.3165827593 2.8110164743 2.3525728204 
 2.9764792054 2.5124430047 2.0950325865 
 2.7042082164 2.2742873576 1.8902519531 
 2.4976190086 2.0940970915 1.7356943120 
 2.3545821352 1.9695932951 1.6290905160 
 2.2733499426 1.8989687454 1.5686803957 
 2.2528155677 1.8811006404 1.5533843184 
 2.2926630962 1.9156734508 1.5829020151 
 2.3934052997 2.0032096534 1.6577372041 
 2.5563083206 2.1450079831 1.7791477940 
 2.7832054697 2.3429906871 1.9490227264 
 3.0762053751 2.5994631548 2.1696877372 
 3.4373039350 2.9167917185 2.4436436731 
 3.8679163024 3.2970094977 2.7732433149 
 4.3683558201 3.7413672589 3.1603170591 
 4.9373015560 4.2498571116 3.6057652143 
 5.5713127011 4.8207505902 4.1091449924 
 6.2644617547 5.4502062842 4.6682919041 
 7.0081624883 6.1320107644 5.2790249498 
 7.7912567891 6.8575145275 5.9349884428 
 8.6003936031 7.6158078291 6.6276764509 
 9.4206863898 8.3941492222 7.3466666546 
 10.2365826574 9.1786173407 8.0800604320 
 11.0328346791 9.9549138566 8.8150908842 
 11.7954380339 10.7092144778 9.5388289233 
 12.5124114430 11.4289547475 10.2388982549 
 13.1743251350 12.1034513090 10.9041087115 
 13.7745348898 12.7242927072 11.5249341929 
 14.3091304746 13.2854766460 12.0937913108 
 14.7766478353 13.7833114549 12.6051093759 
 15.1776173239 14.2161295331 13.0552132341 
 15.5140250932 14.5838758204 13.4420618836 
 15.7887559199 14.8876357450 13.7648957698 
 16.0050693529 15.1291585965 14.0238454356 
 16.1661430260 15.3104188080 14.2195470503 
 16.2747012335 15.4332435161 14.3527999007 
 16.3327354815 15.4990228414 14.4242902445 
 16.3413170958 15.5085108852 14.4343968703 
 16.3004994450 15.4617205158 14.3830869823 
 16.2093077684 15.3579128678 14.2699064065 
 16.0658166048 15.1956818682 14.0940647490 
 15.8673169833 14.9731336508 13.8546128744 
 15.6105764289 14.6881589705 13.5507057256 
 15.2921930354 14.3387924032 13.1819371198 
 14.9090391038 13.9236442805 12.7487243185 
 14.4587792890 13.4423797705 12.2527093481 
 13.9404329387 12.8962052548 11.6971328912 
 13.3549319698 12.2883077013 11.0871279382 
 12.7056078652 11.6241822288 10.4298780307 
 11.9985298025 10.9117815976 9.7345924391 
 11.2426170799 10.1614334839 9.0122699580 
 10.4494680811 9.3854989492 8.2752529834 
 9.6328860283 8.5977856685 7.5366090182 
 8.8081332272 7.8127741517 6.8094094607 
 7.9909985213 7.0447527983 6.1059964960 
 7.1968022026 6.3069770143 5.4373318063 
 6.4394761832 5.6109625695 4.8125045808 
 5.7308402507 4.9659953398 4.2384457101 
 5.0801532333 4.3788971835 3.7198587917 
 4.4939640794 3.8540431151 3.2593459216 
 3.9762374210 3.3935891647 2.8576838978 
 3.5286926590 2.9978496746 2.5141969133 
 3.1512795992 2.6657579282 2.2271735670 
 2.8427151145 2.3953511854 1.9942851497 
 2.6010180630 2.1842347063 1.8129741227 
 2.4239967372 2.0299938480 1.6807928692 
 2.3096589899 1.9305352779 1.5956811330 
 2.2565271179 1.8843464600 1.5561757115 
 2.2638473011 1.8906673263 1.5615487214 
 2.3316881427 1.9495707841 1.6118722933 
 2.4609261407 2.0619506996 1.7080087972 
 2.6531187459 2.2294178498 1.8515269730 
 2.9102685204 2.4541061782 2.0445456000 
 3.2344853628 2.7383937273 2.2895075547 
 3.6275589692 3.0845456348 2.5888887825 
 4.0904621582 3.4942918982 2.9448498352 
 4.6228183489 3.9683614327 3.3588433485 
 5.2223825143 4.5060063544 3.8311996781 
 5.8846009275 5.1045646031 4.3607241468 
 6.6023251228 5.7591210010 4.9443505735 
 7.3657528569 6.4623311981 5.5769031129 
 8.1626482514 7.2044644257 6.2510175556 
 8.9788542542 7.9736968493 6.9572607522 
 9.7990593616 8.7566495816 7.6844622039 
 10.6077296809 9.5391215347 8.4202385800 
 11.3900816793 10.3069285812 9.1516572796 
 12.1329616817 11.0467382497 9.8659582739 
 12.8255183253 11.7467902535 10.5512420392 
 13.4595971030 12.3974170362 11.1970387339 
 14.0298386154 12.9913177297 11.7946974964 
 14.5335099416 13.5235821824 12.3375678681 
 14.9701314415 13.9914983761 12.8209791216 
 15.3409755715 14.3941999370 13.2420502820 
 15.6485120933 14.7322189698 13.5993797875 
 15.8958609297 15.0070056733 13.8926686822 
 16.0862961462 15.2204647980 14.1223273554 
 16.2228271733 15.3745447810 14.2891067288 
 16.3078695133 15.4709020374 14.3937839314 
 16.3430080098 15.5106524883 14.4369224102 
 16.3288511466 15.4942156403 14.4187184195 
 16.2649738472 15.4212530213 14.3389401534 
 16.1499475776 15.2907014999 14.1969618710 
 15.9814588163 15.1009016675 13.9918922054 
 15.7565187091 14.8498205800 13.7227922173 
 15.4717665512 14.5353653680 13.3889735688 
 15.1238662549 14.1557783574 12.9903596757 
 14.7099870536 13.7100947647 12.5278828247 
 14.2283468789 13.1986310259 12.0038789833 
 13.6787798519 12.6234570539 11.4224316100 
 13.0632706685 11.9887924869 10.7896095515 
 12.3863829609 11.3012600152 10.1135459168 
 11.6555022165 10.5699332171 9.4043176970 
 10.8808227929 9.8061355928 8.6736105388 
 10.0750366075 9.0229815303 7.9341864590 
 9.2527263985 8.2346934604 7.1992076407 
 8.4295204072 7.4557723955 6.4814977780 
 7.6211139926 6.7001294380 5.7928355829 
 6.8422924197 5.9802943047 5.1433688987 
 6.1060884858 5.3068005923 4.5412141137 
 5.4231788847 4.6878114602 3.9922711564 
 4.8015738390 4.1290044498 3.5002486991 
 4.2466004933 3.6336924939 3.0668657045 
 3.7611359442 3.2031289389 2.6921789550 
 3.3460191283 2.8369312800 2.3749822444 
 3.0005634058 2.5335596432 2.1132286339 
 2.7230992253 2.2907968830 1.9044381406 
 2.5114918143 2.1061917061 1.7460651904 
 2.3635958637 1.9774398638 1.6358101609 
 2.2776234136 1.9026886797 1.5718661765 
 2.2524110470 1.8807566059 1.5530962146 
 2.2875786520 1.9112631450 1.5791376366 
 2.3835759177 1.9946667490 1.6504325780 
 2.5416157191 2.1322101901 1.7681838794 
 2.7634963361 2.3257747471 1.9342375271 
 3.0513174848 2.5776464261 2.1508937866 
 3.4070992199 2.8901997852 2.4206505431 
 3.8323192890 3.2655088317 2.7458845652 
 4.3273948789 3.7049012843 3.1284806028 
 4.8911491602 4.2084830612 3.5694253947 
 5.5203196396 4.7746734386 4.0683937911 
 6.2091794431 5.3998050982 4.6233658263 
 6.9493477089 6.0778524640 5.2303235483 
 7.7298547762 6.8003506948 5.8830805031 
 8.5374984223 7.5565520723 6.5732908190 
 9.3574815470 8.3338355366 7.2906666006 
 10.1742688471 9.1183433263 8.0234030328 
 10.9725543709 9.8957756761 8.7587756084 
 11.7382073238 10.6522421757 9.4838417000 
 12.4590680184 11.3750564623 10.1861581968 
 13.1254978465 12.0533730445 10.8544240860 
 13.7306363289 12.6785972649 11.4789723825 
 14.2703702368 13.2445419501 12.0520649165 
 14.7430616001 13.7473456525 12.5679779910 
 15.1491057905 14.1851984450 13.0228983186 
 15.4903970019 14.5579376701 13.4146709250 
 15.7697704185 14.8665784017 13.7424515417 
 15.9904743583 15.1128354612 14.0063164807 
 16.1557075773 15.2986805814 14.2068762246 
 16.2682409055 15.4259641234 14.3449286639 
 16.3301306332 15.4961185904 14.4211771629 
 16.3425240785 15.5099524543 14.4360294145 
 16.3055549669 15.4675376352 14.3894861390 
 