8.0218505326 8.0215795993 8.0215010468 
 8.0218339358 8.0215651311 8.0214885796 
 8.0218553816 8.0215850827 8.0215071563 
 8.0219146621 8.0216392704 8.0215566154 
 8.0220111491 8.0217271321 8.0216364538 
 8.0221438004 8.0218477331 8.0217458312 
 8.0223111703 8.0219997748 8.0218835779 
 8.0225114251 8.0221816085 8.0220482080 
 8.0227423634 8.0223912540 8.0222379353 
 8.0230014415 8.0226264219 8.0224506936 
 8.0232858032 8.0228845398 8.0226841613 
 8.0235923139 8.0231627832 8.0229357885 
 8.0239175991 8.0234581095 8.0232028280 
 8.0242580869 8.0237672951 8.0234823687 
 8.0246100523 8.0240869753 8.0237713714 
 8.0249696651 8.0244136856 8.0240667058 
 8.0253330376 8.0247439051 8.0243651895 
 8.0256962740 8.0250740990 8.0246636261 
 8.0260555177 8.0254007618 8.0249588433 
 8.0264069975 8.0257204580 8.0252477304 
 8.0267470703 8.0260298612 8.0255272732 
 8.0270722604 8.0263257903 8.0257945864 
 8.0273792947 8.0266052417 8.0260469439 
 8.0276651320 8.0268654182 8.0262818052 
 8.0279269888 8.0271037531 8.0264968376 
 8.0281623586 8.0273179306 8.0266899363 
 8.0283690278 8.0275059018 8.0268592394 
 8.0285450863 8.0276658971 8.0270031403 
 8.0286889354 8.0277964351 8.0271202966 
 8.0287992921 8.0278963283 8.0272096363 
 8.0288751914 8.0279646868 8.0272703618 
 8.0289159863 8.0280009200 8.0273019510 
 8.0289213476 8.0280047361 8.0273041579 
 8.0288912625 8.0279761411 8.0272770109 
 8.0288260324 8.0279154371 8.0272208105 
 8.0287262710 8.0278232188 8.0271361253 
 8.0285929019 8.0277003701 8.0270237877 
 8.0284271551 8.0275480591 8.0268848885 
 8.0282305634 8.0273677327 8.0267207694 
 8.0280049563 8.0271611085 8.0265330151 
 8.0277524529 8.0269301658 8.0263234433 
 8.0274754515 8.0266771338 8.0260940924 
 8.0271766159 8.0264044767 8.0258472073 
 8.0268588586 8.0261148762 8.0255852228 
 8.0265253188 8.0258112108 8.0253107439 
 8.0261793372 8.0254965308 8.0250265234 
 8.0258244253 8.0251740306 8.0247354378 
 8.0254642311 8.0248470177 8.0244404589 
 8.0251025009 8.0245188786 8.0241446252 
 8.0247430380 8.0241930427 8.0238510097 
 8.0243896587 8.0238729440 8.0235626870 
 8.0240461474 8.0235619820 8.0232827000 
 8.0237162103 8.0232634823 8.0230140249 
 8.0234034308 8.0229806576 8.0227595375 
 8.0231112249 8.0227165693 8.0225219797 
 8.0228427996 8.0224740908 8.0223039273 
 8.0226011134 8.0222558739 8.0221077593 
 8.0223888405 8.0220643165 8.0219356298 
 8.0222083390 8.0219015340 8.0217894415 
 8.0220616220 8.0217693343 8.0216708229 
 8.0219503341 8.0216691959 8.0215811079 
 8.0218757319 8.0216022499 8.0215213191 
 8.0218386686 8.0215692657 8.0214921543 
 8.0218395835 8.0215706415 8.0214939771 
 8.0218784960 8.0216063981 8.0215268105 
 8.0219550042 8.0216761773 8.0215903356 
 8.0220682885 8.0217792445 8.0216838932 
 8.0222171191 8.0219144961 8.0218064901 
 8.0223998695 8.0220804703 8.0219568093 
 8.0226145340 8.0222753633 8.0221332244 
 8.0228587504 8.0224970497 8.0223338175 
 8.0231298270 8.0227431063 8.0225564018 
 8.0234247752 8.0230108406 8.0227985470 
 8.0237403451 8.0232973236 8.0230576085 
 8.0240730660 8.0235994246 8.0233307595 
 8.0244192899 8.0239138502 8.0236150253 
 8.0247752377 8.0242371845 8.0239073205 
 8.0251370467 8.0245659319 8.0242044860 
 8.0255008199 8.0248965601 8.0245033284 
 8.0258626738 8.0252255426 8.0248006578 
 8.0262187857 8.0255494014 8.0250933260 
 8.0265654385 8.0258647466 8.0253782627 
 8.0268990617 8.0261683148 8.0256525092 
 8.0272162690 8.0264570029 8.0259132503 
 8.0275138909 8.0267278992 8.0261578424 
 8.0277890021 8.0269783100 8.0263838381 
 8.0280389446 8.0272057819 8.0265890078 
 8.0282613451 8.0274081205 8.0267713569 
 8.0284541288 8.0275834042 8.0269291397 
 8.0286155284 8.0277299952 8.0270608706 
 8.0287440902 8.0278465471 8.0271653311 
 8.0288386774 8.0279320092 8.0272415753 
 8.0288984715 8.0279856293 8.0272889323 
 8.0289229721 8.0280069544 8.0273070074 
 8.0289119958 8.0279958301 8.0272956812 
 8.0288656749 8.0279523992 8.0272551077 
 8.0287844547 8.0278770988 8.0271857114 
 8.0286690919 8.0277706572 8.0270881830 
 8.0285206518 8.0276340899 8.0269634745 
 8.0283405041 8.0274686941 8.0268127931 
 8.0281303191 8.0272760423 8.0266375935 
 8.0278920607 8.0270579737 8.0264395689 
 8.0276279777 8.0268165843 8.0262206401 
 8.0273405926 8.0265542132 8.0259829424 
 8.0270326859 8.0262734272 8.0257288103 
 8.0267072772 8.0259770011 8.0254607591 
 8.0263676018 8.0256678955 8.0251814647 
 8.0260170829 8.0253492307 8.0248937398 
 8.0256592990 8.0250242568 8.0246005083 
 8.0252979483 8.0246963219 8.0243047762 
 8.0249368082 8.0243688365 8.0240096014 
 8.0245796932 8.0240452368 8.0237180619 
 8.0242304104 8.0237289455 8.0234332215 
 8.0238927136 8.0234233327 8.0231580965 
 8.0235702578 8.0231316767 8.0228956208 
 8.0232665544 8.0228571248 8.0226486123 
 8.0229849279 8.0226026560 8.0224197404 
 8.0227284753 8.0223710458 8.0222114936 
 8.0225000284 8.0221648323 8.0220261506 
 8.0223021192 8.0219862868 8.0218657527 
 8.0221369502 8.0218373859 8.0217320788 
 8.0220063673 8.0217197881 8.0216266241 
 8.0219118387 8.0216348139 8.0215505809 
 8.0218544366 8.0215834292 8.0215048238 
 8.0218348247 8.0215662336 8.0214898975 
 8.0218532494 8.0215834520 8.0215060093 
 8.0219095361 8.0216349306 8.0215530249 
 8.0220030899 8.0217201374 8.0216304682 
 8.0221329011 8.0218381668 8.0217375253 
 8.0222975556 8.0219877487 8.0218730525 
 8.0224952499 8.0221672618 8.0220355885 
 8.0227238111 8.0223747517 8.0222233702 
 8.0229807221 8.0226079526 8.0224343532 
 8.0232631503 8.0228643139 8.0226662353 
 8.0235679823 8.0231410302 8.0229164840 
 8.0238918617 8.0234350753 8.0231823668 
 8.0242312309 8.0237432389 8.0234609848 
 8.0245823759 8.0240621662 8.0237493077 
 8.0249414734 8.0243883997 8.0240442117 
 8.0253046391 8.0247184217 8.0243425175 
 8.0256679766 8.0250486976 8.0246410287 
 8.0260276250 8.0253757184 8.0249365703 
 8.0263798051 8.0256960421 8.0252260258 
 8.0267208626 8.0260063327 8.0255063725 
 8.0270473077 8.0263033968 8.0257747142 
 8.0273558505 8.0265842161 8.0260283117 
 8.0276434307 8.0268459764 8.0262646091 
 8.0279072439 8.0270860922 8.0264812570 
 8.0281447615 8.0273022277 8.0266761322 
 8.0283537462 8.0274923125 8.0268473534 
 8.0285322640 8.0276545549 8.0269932937 
 8.0286786915 8.0277874505 8.0271125897 
 8.0287917207 8.0278897887 8.0272041482 
 8.0288703614 8.0279606560 8.0272671497 
 8.0289139417 8.0279994382 8.0273010506 
 8.0289221073 8.0280058200 8.0273055831 
 8.0288948205 8.0279797841 8.0272807541 
 8.0288323578 8.0279216090 8.0272268425 
 8.0287353084 8.0278318665 8.0271443960 
 8.0286045714 8.0277114177 8.0270342263 
 8.0284413527 8.0275614084 8.0268974036 
 8.0282471611 8.0273832634 8.0267352501 
 8.0280238028 8.0271786791 8.0265493313 
 8.0277733741 8.0269496143 8.0263414467 
 8.0274982514 8.0266982785 8.0261136174 
 8.0272010779 8.0264271177 8.0258680722 
 8.0268847467 8.0261387968 8.0256072311 
 8.0265523797 8.0258361791 8.0253336860 
 8.0262073021 8.0255223017 8.0250501784 
 8.0258530126 8.0252003484 8.0247595754 
 8.0254931494 8.0248736182 8.0244648420 
 8.0251314518 8.0245454923 8.0241690119 
 8.0247717196 8.0242193974 8.0238751558 
 8.0244177690 8.0238987678 8.0235863492 
 8.0240733880 8.0235870068 8.0233056379 
 8.0237422901 8.0232874467 8.0230360041 
 8.0234280693 8.0230033098 8.0227803324 
 8.0231341559 8.0227376703 8.0225413759 
 8.0228637742 8.0224934173 8.0223217243 
 8.0226199033 8.0222732209 8.0221237727 
 8.0224052407 8.0220794996 8.0219496935 
 8.0222221699 8.0219143918 8.0218014100 
 8.0220727320 8.0217797303 8.0216805729 
 8.0219586012 8.0216770201 8.0215885396 
 8.0218810653 8.0216074199 8.0215263579 
 8.0218410095 8.0215717283 8.0214947516 
 8.0218389061 8.0215703729 8.0214941107 
 8.0218748078 8.0216034045 8.0215244855 
 8.0219483460 8.0216704948 8.0215855840 
 8.0220587341 8.0217709391 8.0216767740 
 8.0222047744 8.0219036625 8.0217970884 
 8.0223848717 8.0220672315 8.0219452357 
 8.0225970497 8.0222598689 8.0221196135 
 8.0228389738 8.0224794742 8.0223183266 
 8.0231079778 8.0227236470 8.0225392088 
 8.0234010957 8.0229897159 8.0227798486 
 8.0237150976 8.0232747694 8.0230376176 
 8.0240465291 8.0235756921 8.0233097026 
 8.0243917553 8.0238892024 8.0235931399 
 8.0247470062 8.0242118933 8.0238848518 
 8.0251084248 8.0245402744 8.0241816843 
 8.0254721154 8.0248708154 8.0244804458 
 8.0258341924 8.0251999884 8.0247779453 
 8.0261908273 8.0255243104 8.0250710306 
 8.0265382936 8.0258403840 8.0253566244 
 8.0268730083 8.0261449349 8.0256317585 
 8.0271915698 8.0264348465 8.0258936059 
 8.0274907907 8.0267071916 8.0261395088 
 8.0277677261 8.0269592588 8.0263670041 
 8.0280196964 8.0271885753 8.0265738445 
 8.0282443056 8.0273929261 8.0267580168 
 8.0284394551 8.0275703679 8.0269177556 
 8.0286033534 8.0277192405 8.0270515547 
 8.0287345220 8.0278381744 8.0271581745 
 8.0288317992 8.0279260956 8.0272366476 
 8.0288943415 8.0279822286 8.0272862818 
 8.0289216235 8.0280060969 8.0273066606 
 8.0289134370 8.0279975227 8.0272976429 
 8.0288698893 8.0279566253 8.0272593615 
 8.0287914014 8.0278838189 8.0271922196 
 8.0286787053 8.0277798089 8.0270968871 
 8.0285328421 8.0276455883 8.0269742954 
 8.0283551577 8.0274824320 8.0268256319 
 8.0281472986 8.0272918911 8.0266523318 
 8.0279112057 8.0270757840 8.0264560696 
 8.0276491058 8.0268361864 8.0262387484 
 8.0273634997 8.0265754187 8.0260024867 
 8.0270571481 8.0262960299 8.0257496035 
 8.0267330522 8.0260007788 8.0254826002 
 8.0263944307 8.0256926119 8.0252041405 
 8.0260446927 8.0253746372 8.0249170266 
 8.0256874052 8.0250500953 8.0246241739 
 8.0253262576 8.0247223273 8.0243285827 
 8.0249650221 8.0243947394 8.0240333073 
 8.0246075113 8.0240707665 8.0237414245 
 8.0242575337 8.0237538330 8.0234560000 
 8.0239188483 8.0234473143 8.0231800544 
 8.0235951188 8.0231544963 8.0229165287 
 8.0232898687 8.0228785375 8.0226682508 
 8.0230064384 8.0226224310 8.0224379020 
 8.0227479434 8.0223889688 8.0222279859 
 8.0225172371 8.0221807085 8.0220407982 
 8.0223168758 8.0219999428 8.0218783994 
 8.0221490884 8.0218486721 8.0217425896 
 8.0220157494 8.0217285804 8.0216348866 
 8.0219183571 8.0216410149 8.0215565069 
 8.0218580152 8.0215869700 8.0215083504 
 8.0218354196 8.0215670742 8.0214909880 
 8.0218508497 8.0215815819 8.0215046536 
 8.0219041641 8.0216303692 8.0215492399 
 8.0219948008 8.0217129338 8.0216242975 
 8.0221217826 8.0218283993 8.0217290391 
 8.0222837269 8.0219755241 8.0218623467 
 8.0224788604 8.0221527141 8.0220227834 
 8.0227050389 8.0223580406 8.0222086098 
 8.0229597715 8.0225892618 8.0224178030 
 8.0232402499 8.0228438489 8.0226480803 
 8.0235433819 8.0231190157 8.0228969269 
 8.0238658292 8.0234117526 8.0231616251 
 8.0242040489 8.0237188628 8.0234392883 
 8.0245543383 8.0240370020 8.0237268959 
 8.0249128817 8.0243627198 8.0240213304 
 8.0252757983 8.0246925023 8.0243194160 
 8.0256391914 8.0250228151 8.0246179568 
 8.0259991963 8.0253501462 8.0249137754 
 8.0263520263 8.0256710475 8.0252037498 
 8.0266940164 8.0259821740 8.0254848493 
 8.0270216630 8.0262803201 8.0257541671 
 8.0273316596 8.0265624533 8.0260089512 
 8.0276209277 8.0268257429 8.0262466309 
 8.0278866421 8.0270675850 8.0264648402 
 8.0281262523 8.0272856239 8.0266614380 
 8.0283374981 8.0274777684 8.0268345238 
 8.0285184215 8.0276422046 8.0269824508 
 8.0286673748 8.0277774057 8.0271038350 
 8.0287830254 8.0278821381 8.0271975620 
 8.0288643583 8.0279554653 8.0272627910 
 8.0289106768 8.0279967497 8.0272989570 
 8.0289216019 8.0280056526 8.0273057708 
 8.0288970712 8.0279821337 8.0272832179 
 8.0288373369 8.0279264485 8.0272315562 
 8.0287429637 8.0278391461 8.0271513124 
 8.0286148267 8.0277210648 8.0270432778 
 8.0284541079 8.0275733286 8.0269085026 
 8.0282622924 8.0273973406 8.0267482895 
 8.0280411636 8.0271947760 8.0265641851 
 8.0277927951 8.0269675735 8.0263579707 
 8.0275195418 8.0267179232 8.0261316505 
 8.0272240263 8.0264482529 8.0258874374 
 8.0269091226 8.0261612109 8.0256277366 
 8.0265779354 8.0258596453 8.0253551270 
 8.0262337746 8.0255465804 8.0250723390 
 8.0258801261 8.0252251890 8.0247822302 
 8.0255206181 8.0248987619 8.0244877586 
 8.0251589829 8.0245706746 8.0241919530 
 8.0247990165 8.0242443510 8.0238978821 
 8.0244445350 8.0239232257 8.0236086215 
 8.0240993295 8.0236107053 8.0233272199 
 8.0237671204 8.0233101283 8.0230566655 
 8.0234515121 8.0230247267 8.0227998509 
 8.0231559486 8.0227575868 8.0225595402 
 8.0228836712 8.0225116131 8.0223383364 
 8.0226376788 8.0222894933 8.0221386505 
 8.0224206916 8.0220936661 8.0219626729 
 8.0222351184 8.0219262925 8.0218123467 
 8.0220830273 8.0217892294 8.0216893441 
 8.0219661217 8.0216840079 8.0215950462 
 8.0218857197 8.0216118139 8.0215305248 
 8.0218427382 8.0215734743 8.0214965293 
 8.0218376818 8.0215694457 8.0214934759 
 8.0218706359 8.0215998084 8.0215214414 
 8.0219412646 8.0216642635 8.0215801603 
 8.0220488136 8.0217621353 8.0216690268 
 8.0221921170 8.0218923777 8.0217870998 
 8.0223696101 8.0220535845 8.0219331124 
 8.0225793456 8.0222440050 8.0221054862 
 8.0228190163 8.0224615631 8.0223023482 
 8.0230859810 8.0227038813 8.0225215527 
 8.0233772961 8.0229683080 8.0227607065 
 8.0236897510 8.0232519500 8.0230171972 
 8.0240199079 8.0235517064 8.0232882252 
 8.0243641446 8.0238643077 8.0235708376 
 8.0247187005 8.0241863555 8.0238619646 
 8.0250797238 8.0245143648 8.0241584571 
 8.0254433208 8.0248448072 8.0244571255 
 8.0258056036 8.0251741535 8.0247547777 
 8.0261627382 8.0254989163 8.0250482576 
 8.0265109889 8.0258156905 8.0253344813 
 8.0268467607 8.0261211912 8.0256104712 
 8.0271666369 8.0264122889 8.0258733888 
 8.0274674129 8.0266860411 8.0261205626 
 8.0277461242 8.0269397189 8.0263495138 
 8.0280000702 8.0271708308 8.0265579781 
 8.0282268327 8.0273771413 8.0267439238 
 8.0284242900 8.0275566860 8.0269055662 
 8.0285906264 8.0277077827 8.0270413788 
 8.0287243394 8.0278290393 8.0271501015 
 8.0288242428 8.0279193590 8.0272307459 
 8.0288894685 8.0279779432 8.0272825986 
 8.0289194668 8.0280042924 8.0273052217 
 8.0289140049 8.0279982060 8.0272984533 
 8.0288731660 8.0279597804 8.0272624050 
 8.0287973469 8.0278894072 8.0271974592 
 8.0286872558 8.0277877694 8.0271042656 
 8.0285439100 8.0276558380 8.0269837356 
 8.0283686321 8.0274948665 8.0268370370 
 8.0281630456 8.0273063847 8.0266655861 
 8.0279290689 8.0270921907 8.0264710393 
 8.0276689069 8.0268543408 8.0262552823 
 8.0273850399 8.0265951368 8.0260204174 
 8.0270802089 8.0263171106 8.0257687486 
 8.0267573972 8.0260230055 8.0255027637 
 8.0264198075 8.0257157540 8.0252251144 
 8.0260708349 8.0253984525 8.0249385929 
 8.0257140355 8.0250743322 8.0246461066 
 8.0253530902 8.0247467274 8.0243506499 
 8.0249917660 8.0244190402 8.0240552739 
 8.0246338735 8.0240947043 8.0237630545 
 8.0242832229 8.0237771461 8.0234770590 
 8.0239435782 8.0234697456 8.0232003124 
 8.0236186117 8.0231757968 8.0229357627 
 8.0233118591 8.0228984690 8.0226862473 
 8.0230266756 8.0226407689 8.0224544597 
 8.0227661954 8.0224055049 8.0222429179 
 8.0225332928 8.0221952536 8.0220539343 
 8.0223305480 8.0220123285 8.0218895882 
 8.0221602157 8.0218587534 8.0217517002 
 8.0220241983 8.0217362369 8.0216418103 
 8.0219240234 8.0216461529 8.0215611588 
 8.0218608254 8.0215895229 8.0215106699 
 8.0218353319 8.0215670039 8.0214909402 
 8.0218478543 8.0215788791 8.0215022297 
 8.0218982836 8.0216250537 8.0215444570 
 8.0219860898 8.0217050543 8.0216171991 
 8.0221103274 8.0218180329 8.0217196943 
 8.0222696443 8.0219627757 8.0218508497 
 8.0224622969 8.0221377149 8.0220092524 
 8.0226861685 8.0223409471 8.0221931856 
 8.0229387940 8.0225702536 8.0224006475 
 8.0232173885 8.0228231268 8.0226293746 
 8.0235188803 8.0230967991 8.0228768687 
 8.0238399488 8.0233882770 8.0231404271 
 8.0241770655 8.0236943769 8.0234171747 
 8.0245265383 8.0240117645 8.0237041002 
 8.0248845587 8.0243369962 8.0239980924 
 8.0252472493 8.0246665616 8.0242959787 
 8.0256107133 8.0249969265 8.0245945637 
 8.0259710819 8.0253245760 8.0248906672 
 8.0263245610 8.0256460558 8.0251811620 
 8.0266674750 8.0259580118 8.0254630094 
 8.0269963069 8.0262572268 8.0257332922 
 8.0273077341 8.0265406541 8.0259892456 
 8.0275986596 8.0268054465 8.0262282843 
 8.0278662384 8.0270489825 8.0264480262 
 8.0281078984 8.0272688867 8.0266463124 
 8.0283213568 8.0274630472 8.0268212237 
 8.0285046323 8.0276296288 8.0269710936 
 8.0286560534 8.0277670826 8.0270945179 
 8.0287742634 8.0278741525 8.0271903616 
 8.0288582230 8.0279498793 8.0272577629 
 8.0289072114 8.0279936026 8.0272961359 
 8.0289208254 8.0280049611 8.0273051703 
 8.0288989786 8.0279838918 8.0272848310 
 8.0288418993 8.0279306278 8.0272353551 
 8.0287501287 8.0278456959 8.0271572492 
 8.0286245181 8.0277299128 8.0270512846 
 8.0284662264 8.0275843808 8.0269184921 
 8.0282767161 8.0274104819 8.0267601552 
 8.0280577477 8.0272098713 8.0265778026 
 8.0278113735 8.0269844677 8.0263731982 
 8.0275399271 8.0267364427 8.0261483295 
 8.0272460116 8.0264682066 8.0259053940 
 8.0269324823 8.0261823916 8.0256467832 
 8.0266024273 8.0258818314 8.0253750634 
 8.0262591420 8.0255695378 8.0250929543 
 8.0259060999 8.0252486733 8.0248033047 
 8.0255469197 8.0249225210 8.0245090659 
 8.0251853272 8.0245944510 8.0242132625 
 8.0248251149 8.0242678849 8.0239189610 
 8.0244700991 8.0239462578 8.0236292378 
 8.0241240742 8.0236329797 8.0233471449 
 8.0237907676 8.0233313957 8.0230756759 
 8.0234737941 8.0230447470 8.0228177320 
 8.0231766111 8.0227761323 8.0225760882 
 8.0229024769 8.0225284712 8.0223533605 
 8.0226544100 8.0223044688 8.0221519757 
 8.0224351528 8.0221065838 8.0219741416 
 8.0222471388 8.0219369991 8.0218218210 
 8.0220924629 8.0217975955 8.0216967073 
 8.0219728568 8.0216899292 8.0216002041 
 8.0218896682 8.0216152130 8.0215334074 
 8.0218438451 8.0215743013 8.0214970911 
 8.0218359233 8.0215676792 8.0214916971 
 8.0218660202 8.0215954552 8.0215173278 
 8.0219338318 8.0216573593 8.0215737438 
 8.0220386351 8.0217527441 8.0216603647 
 8.0221792950 8.0218805912 8.0217762744 
 8.0223542763 8.0220395211 8.0219202304 
 8.0225616601 8.0222278084 8.0220906772 
 8.0227991653 8.0224434009 8.0222857632 
 8.0230641749 8.0226839427 8.0225033625 
 8.0233537669 8.0229468022 8.0227410997 
 8.0236647495 8.0232291028 8.0229963778 
 8.0239937005 8.0235277583 8.0232664100 
 8.0243370099 8.0238395102 8.0235482539 
 8.0246909259 8.0241609684 8.0238388470 
 8.0250516017 8.0244886529 8.0241350448 
 8.0254151449 8.0248190368 8.0244336594 
 8.0257776656 8.0251485895 8.0247314975 
 8.0261353238 8.0254738189 8.0250253987 
 8.0264843749 8.0257913122 8.0253122724 
 8.0268212116 8.0260977740 8.0255891320 
 8.0271424026 8.0263900621 8.0258531270 
 8.0274447260 8.0266652184 8.0261015724 
 8.0277251983 8.0269204971 8.0263319740 
 8.0279810983 8.0271533881 8.0265420506 
 8.0282099858 8.0273616359 8.0267297522 
 8.0284097162 8.0275432550 8.0268932751 
 8.0285784506 8.0276965417 8.0270310729 
 8.0287146625 8.0278200818 8.0271418652 
 8.0288171419 8.0279127560 8.0272246430 
 8.0288849967 8.0279737432 8.0272786718 
 8.0289176531 8.0280025213 8.0273034932 
 8.0289148546 8.0279988672 8.0272989245 
 8.0288766606 8.0279628552 8.0272650567 
 8.0288034444 8.0278948545 8.0272022522 
 8.0286958910 8.0277955267 8.0271111406 
 8.0285549945 8.0276658211 8.0269926139 
 8.0283820546 8.0275069702 8.0268478209 
 8.0281786726 8.0273204835 8.0266781596 
 8.0279467450 8.0271081393 8.0264852689 
 8.0276884557 8.0268719750 8.0262710177 
 8.0274062648 8.0266142746 8.0260374928 
 8.0271028944 8.0263375535 8.0257869837 
 8.0267813106 8.0260445400 8.0255219652 
 8.0264447007 8.0257381534 8.0252450778 
 8.0260964465 8.0254214790 8.0249591041 
 8.0257400935 8.0250977392 8.0246669441 
 8.0253793148 8.0247702619 8.0243715868 
 8.0250178726 8.0244424458 8.0240760806 
 8.0246595761 8.0241177236 8.0237835006 
 8.0243082372 8.0237995240 8.0234969165 
 8.0239676255 8.0234912321 8.0232193577 
 8.0236414218 8.0231961499 8.0229537795 
 8.0233331740 8.0229174577 8.0227030289 
 8.0230462527 8.0226581759 8.0224698116 
 8.0227838101 8.0224211292 8.0222566599 
 8.0225487416 8.0222089128 8.0220659030 
 8.0223436507 8.0220238614 8.0218996384 
 8.0221708178 8.0218680213 8.0217597073 
 8.0220321726 8.0217431257 8.0216476716 
 8.0219292717 8.0216505743 8.0215647945 
 8.0218632797 8.0215914157 8.0215120246 
 8.0218349550 8.0215663345 8.0214899834 
 8.0218446406 8.0215756423 8.0214989563 
 8.0218922588 8.0216192726 8.0215388877 
 8.0219773112 8.0216967801 8.0216093799 
 8.0220988830 8.0218073449 8.0217096964 
 8.0222556521 8.0219497796 8.0218387686 
 8.0224459033 8.0221225428 8.0219952070 
 8.0226675469 8.0223237550 8.0221773168 
 8.0229181428 8.0225512202 8.0223831165 
 8.0231949287 8.0228024510 8.0226103613 
 8.0234948526 8.0230746983 8.0228565692 
 8.0238146111 8.0233649837 8.0231190514 
 8.0241506892 8.0236701363 8.0233949443 
 8.0244994052 8.0239868313 8.0236812453 
 8.0248569572 8.0243116315 8.0239748491 
 8.0252194710 8.0246410296 8.0242725858 
 8.0255830491 8.0249714914 8.0245712602 
 8.0259438185 8.0252994987 8.0248676894 
 8.0262979777 8.0256215910 8.0251587406 
 8.0266418405 8.0259344048 8.0254413667 
 8.0269718762 8.0262347114 8.0257126403 
 8.0272847464 8.0265194497 8.0259697838 
 8.0275773360 8.0267857567 8.0262101974 
 8.0278467799 8.0270309926 8.0264314825 
 8.0280904849 8.0272527629 8.0266314630 
 8.0283061458 8.0274489352 8.0268082008 
 8.0284917583 8.0276176531 8.0269600099 
 8.0286456275 8.0277573458 8.0270854661 
 8.0287663727 8.0278667350 8.0271834139 
 8.0288529309 8.0279448391 8.0272529708 
 8.0289045572 8.0279909751 8.0272935302 
 8.0289208249 8.0280047595 8.0273047612 
 8.0289016238 8.0279861068 8.0272866079 
 8.0288471586 8.0279352282 8.0272392874 
 8.0287579473 8.0278526286 8.0271632861 
 8.0286348182 8.0277391032 8.0270593559 
 8.0284789074 8.0275957332 8.0269285084 
 8.0282916547 8.0274238801 8.0267720087 
 8.0280747989 8.0272251790 8.0265913676 
 8.0278303709 8.0270015295 8.0263883319 
 8.0275606838 8.0267550850 8.0261648733 
 8.0272683213 8.0264882388 8.0259231743 
 8.0269561209 8.0262036074 8.0256656129 
 8.0266271543 8.0259040106 8.0253947434 
 8.0262847027 8.0255924483 8.0251132751 
 8.0259322280 8.0252720730 8.0248240487 
 8.0255733395 8.0249461604 8.0245300092 
 8.0252117571 8.0246180759 8.0242341772 
 8.0248512703 8.0242912389 8.0239396178 
 8.0244956954 8.0239690854 8.0236494081 
 8.0241488308 8.0236550291 8.0233666036 
 8.0238144110 8.0233524219 8.0230942041 
 8.0234960613 8.0230645146 8.0228351191 
 8.0231972529 8.0227944183 8.0225921347 
 8.0229212608 8.0225450676 8.0223678804 
 8.0226711232 8.0223191853 8.0221647983 
 8.0224496050 8.0221192498 8.0219851140 
 8.0222591639 8.0219474660 8.0218308097 
 8.0221019214 8.0218057384 8.0217036000 
 8.0219796375 8.0216956483 8.0216049111 
 8.0218936894 8.0216184349 8.0215358623 
 8.0218450554 8.0215749801 8.0214972525 
 8.0218343027 8.0215657966 8.0214895484 
 8.0218615800 8.0215910216 8.0215128782 
 8.0219266148 8.0216504131 8.0215670277 
 8.0220287149 8.0217433517 8.0216514420 
 8.0221667758 8.0218688461 8.0217652296 
 8.0223392911 8.0220255432 8.0219071718 
 8.0225443698 8.0222117428 8.0220757356 
 8.0227797566 8.0224254157 8.0222690906 
 8.0230428581 8.0226642277 8.0224851304 
 8.0233307735 8.0229255661 8.0227214967 
 8.0236403294 8.0232065712 8.0229756078 
 8.0239681188 8.0235041706 8.0232446894 
 8.0243105437 8.0238151169 8.0235258090 
 8.0246638605 8.0241360278 8.0238159115 
 8.0250242276 8.0244634280 8.0241118566 
 8.0253877534 8.0247937921 8.0244104578 
 8.0257505457 8.0251235878 8.0247085203 
 8.0261087587 8.0254493181 8.0250028797 
 8.0264586385 8.0257675624 8.0252904382 
 8.0267965658 8.0260750149 8.0255681999 
 8.0271190945 8.0263685201 8.0258333027 
 8.0274229855 8.0266451049 8.0260830478 
 8.0277052363 8.0269020064 8.0263149255 
 8.0279631050 8.0271366957 8.0265266376 
 8.0281941296 8.0273468974 8.0267161161 
 8.0283961428 8.0275306052 8.0268815379 
 8.0285672822 8.0276860936 8.0270213368 
 8.0287059979 8.0278119263 8.0271342122 
 8.0288110557 8.0279069618 8.0272191342 
 8.0288815398 8.0279703564 8.0272753477 
 8.0289168525 8.0280015656 8.0273023737 
 8.0289167135 8.0280003438 8.0273000085 
 8.0288811586 8.0279667431 8.0272683228 
 8.0288105377 8.0279011108 8.0272076588 
 8.0287055126 8.0278040866 8.0271186263 
 8.0285670543 8.0276765987 8.0270020980 
 8.0283964401 8.0275198588 8.0268592038 
 8.0281952488 8.0273353558 8.0266913235 
 8.0279653553 8.0271248485 8.0265000786 
 8.0277089225 8.0268903557 8.0262873214 
 8.0274283906 8.0266341436 8.0260551232 
 8.0271264631 8.0263587113 8.0258057594 
 8.0268060886 8.0260667721 8.0255416920 
 8.0264704394 8.0257612326 8.0252655502 
 8.0261228843 8.0254451669 8.0249801075 
 8.0257669580 8.0251217890 8.0246882565 
 8.0254063260 8.0247944203 8.0243929812 
 8.0250447461 8.0244664563 8.0240973270 
 8.0246860259 8.0241413291 8.0238043691 
 8.0243339795 8.0238224697 8.0235171792 
 8.0239923818 8.0235132683 8.0232387915 
 8.0236649227 8.0232170353 8.0229721687 
 8.0233551620 8.0229369620 8.0227201675 
 8.0230664858 8.0226760827 8.0224855060 
 8.0228020646 8.0224372384 8.0222707310 
 8.0225648149 8.0222230431 8.0220781883 
 8.0223573637 8.0220358525 8.0219099942 
 8.0221820171 8.0218777357 8.0217680102 
 8.0220407322 8.0217504508 8.0216538201 
 8.0219350946 8.0216554230 8.0215687104 
 8.0218662990 8.0215937282 8.0215136539 
 8.0218351348 8.0215660786 8.0214892971 
 8.0218419764 8.0215728141 8.0214959508 
 8.0218867779 8.0216138966 8.0215335851 
 8.0219690721 8.0216889092 8.0216018278 
 8.0220879749 8.0217970594 8.0216999675 
 8.0222421942 8.0219371871 8.0218269599 
 8.0224300434 8.0221077764 8.0219814390 
 8.0226494598 8.0223069722 8.0221617319 
 8.0228980282 8.0225326012 8.0223658775 
 8.0231730087 8.0227821963 8.0225916494 
 8.0234713695 8.0230530265 8.0228365821 
 8.0237898240 8.0233421289 8.0230980007 
 8.0241248709 8.0236463450 8.0233730531 
 8.0244728390 8.0239623597 8.0236587452 
 8.0248299330 8.0242867422 8.0239519775 
 8.0251922817 8.0246159884 8.0242495834 
 8.0255559872 8.0249465639 8.0245483674 
 8.0259171724 8.0252749474 8.0248451439 
 8.0262720282 8.0255976719 8.0251367744 
 8.0266168578 8.0259113650 8.0254202039 
 8.0269481170 8.0262127860 8.0256924942 
 8.0272624513 8.0264988596 8.0259508550 
 8.0275567275 8.0267667066 8.0261926717 
 8.0278280605 8.0270136692 8.0264155297 
 8.0280738356 8.0272373335 8.0266172347 
 8.0282917255 8.0274355464 8.0267958303 
 8.0284797025 8.0276064303 8.0269496106 
 8.0286360479 8.0277483922 8.0270771312 
 8.0287593572 8.0278601316 8.0271772160 
 8.0288485434 8.0279406441 8.0272489616 
 8.0289028375 8.0279892243 8.0272917404 
 8.0289217887 8.0280054658 8.0273052007 
 8.0289052630 8.0279892609 8.0272892659 
 8.0288534416 8.0279407983 8.0272441326 
 8.0287668188 8.0278605610 8.0271702670 
 8.0286461996 8.0277493226 8.0270684012 
 8.0284926972 8.0276081428 8.0269395276 
 8.0283077287 8.0274383624 8.0267848925 
 8.0280930107 8.0272415963 8.0266059888 
 8.0278505525 8.0270197248 8.0264045461 
 8.0275826466 8.0267748828 8.0261825198 
 8.0272918570 8.0265094464 8.0259420774 
 8.0269810031 8.0262260163 8.0256855832 
 8.0266531401 8.0259273981 8.0254155792 
 8.0263115347 8.0256165794 8.0251347646 
 8.0259596369 8.0252967029 8.0248459713 
 8.0256010466 8.0249710366 8.0245521381 
 8.0252394772 8.0246429408 8.0242562815 
 8.0248787151 8.0243158329 8.0239614649 
 8.0245225768 8.0239931495 8.0236707663 
 8.0241748644 8.0236783080 8.0233872447 
 8.0238393193 8.0233746670 8.0231139058 
 8.0235195773 8.0230854869 8.0228536677 
 8.0232191234 8.0228138913 8.0226093275 
 8.0229412496 8.0225628298 8.0223835282 
 8.0226890138 8.0223350430 8.0221787275 
 8.0224652031 8.0221330294 8.0219971690 
 8.0222723002 8.0219590158 8.0218408542 
 8.0221124533 8.0218149305 8.0217115193 
 8.0219874507 8.0217023805 8.0216106131 
 8.0218986996 8.0216226317 8.0215392790 
 8.0218472091 8.0215765934 8.0214983406 
 8.0218335778 8.0215648068 8.0214882902 
 8.0218579864 8.0215874376 8.0215092817 
 8.0219201941 8.0216442726 8.0215611270 
 8.0220195404 8.0217347206 8.0216432966 
 8.0221549513 8.0218578181 8.0217549241 
 8.0223249502 8.0220122387 8.0218948150 
 8.0225276741 8.0221963075 8.0220614593 
 8.0227608942 8.0224080194 8.0222530483 
 8.0230220413 8.0226450618 8.0224674951 
 8.0233082363 8.0229048417 8.0227024594 
 8.0236163246 8.0231845166 8.0229553748 
 8.0239429148 8.0234810284 8.0232234802 
 8.0242844215 8.0237911410 8.0235038532 
 8.0246371099 8.0241114805 8.0237934463 
 8.0249971435 8.0244385766 8.0240891239 
 8.0253606323 8.0247689058 8.0243877010 
 8.0257236820 8.0250989341 8.0246859819 
 8.0260824409 8.0254251600 8.0249807978 
 8.0264331464 8.0257441551 8.0252690442 
 8.0267721671 8.0260526033 8.0255477160 
 8.0270960420 8.0263473361 8.0258139392 
 8.0274015148 8.0266253651 8.0260650015 
 8.0276855638 8.0268839101 8.0262983775 
 8.0279454264 8.0271204235 8.0265117520 
 8.0281786185 8.0273326096 8.0267030383 
 8.0283829496 8.0275184411 8.0268703943 
 8.0285565339 8.0276761706 8.0270122337 
 8.0286977973 8.0278043392 8.0271272349 
 8.0288054814 8.0279017829 8.0272143474 
 8.0288786460 8.0279676350 8.0272727948 
 8.0289166691 8.0280013281 8.0273020769 
 8.0289192463 8.0280025940 8.0273019692 
 8.0288863893 8.0279714619 8.0272725214 
 8.0288184242 8.0279082568 8.0272140550 
 8.0287159890 8.0278135963 8.0271271597 
 8.0285800314 8.0276883867 8.0270126884 
 8.0284118052 8.0275338182 8.0268717516 
 8.0282128668 8.0273513592 8.0267057105 
 8.0279850688 8.0271427483 8.0265161686 
 8.0277305524 8.0269099848 8.0263049612 
 8.0274517374 8.0266553169 8.0260741437 
 8.0271513080 8.0263812267 8.0258259765 
 8.0268321950 8.0260904123 8.0255629086 
 8.0264975548 8.0257857664 8.0252875574 
 8.0261507425 8.0254703520 8.0250026866 
 8.0257952819 8.0251473734 8.0247111811 
 8.0254348301 8.0248201459 8.0244160193 
 8.0250731397 8.0244920607 8.0241202436 
 8.0247140165 8.0241665490 8.0238269283 
 8.0243612762 8.0238470437 8.0235391471 
 8.0240186988 8.0235369401 8.0232599387 
 8.0236899828 8.0232395564 8.0229922730 
 8.0233787000 8.0229580949 8.0227390164 
 8.0230882516 8.0226956036 8.0225028992 
 8.0228218266 8.0224549399 8.0222864827 
 8.0225823627 8.0222387368 8.0220921294 
 8.0223725104 8.0220493711 8.0219219745 
 8.0221946017 8.0218889350 8.0217779002 
 8.0220506217 8.0217592114 8.0216615125 
 8.0219421853 8.0216616520 8.0215741214 
 8.0218705179 8.0215973601 8.0215167245 
 8.0218364405 8.0215670762 8.0214899936 
 8.0218403596 8.0215711692 8.0214942657 
 8.0218822615 8.0216096298 8.0215295370 
 8.0219617113 8.0216820702 8.0215954617 
 8.0220778567 8.0217877264 8.0216913538 
 8.0222294360 8.0219254661 8.0218161944 
 8.0224147923 8.0220937999 8.0219686415 
 8.0226318907 8.0222908979 8.0221470448 
 8.0228783419 8.0225146101 8.0223494645 
 8.0231514295 8.0227624908 8.0225736934 
 8.0234481428 8.0230318278 8.0228172832 
 8.0237652127 8.0233196745 8.0230775735 
 8.0240991528 8.0236228859 8.0233517245 
 8.0244463029 8.0239381570 8.0236367513 
 8.0248028751 8.0242620642 8.0239295610 
 8.0251650023 8.0245911071 8.0242269903 
 8.0255287862 8.0249217519 8.0245258443 
 8.0258903464 8.0252504743 8.0248229350 
 8.0262458666 8.0255738016 8.0251151189 
 8.0265916395 8.0258883523 8.0253993327 
 8.0269241077 8.0261908741 8.0256726281 
 8.0272399005 8.0264782777 8.0259322019 
 8.0275358666 8.0267476676 8.0261754251 
 8.0278091009 8.0269963679 8.0263998665 
 8.0280569669 8.0272219450 8.0266033142 
 8.0282771144 8.0274222252 8.0267837926 
 8.0284674924 8.0275953089 8.0269395760 
 8.0286263579 8.0277395810 8.0270691995 
 8.0287522822 8.0278537179 8.0271714658 
 8.0288441534 8.0279366925 8.0272454505 
 8.0289011781 8.0279877760 8.0272905045 
 8.0289228809 8.0280065390 8.0273062547 
 8.0289091034 8.0279928507 8.0272926033 
 8.0288600024 8.0279468770 8.0272497258 
 8.0287760481 8.0278690782 8.0271780679 
 8.0286580218 8.0277602055 8.0270783411 
 8.0285070126 8.0276212968 8.0269515180 
 8.0283244146 8.0274536715 8.0267988256 
 8.0281119213 8.0272589235 8.0266217380 
 8.0278715198 8.0270389130 8.0264219669 
 8.0276054811 8.0267957557 8.0262014508 
 8.0273163487 8.0265318096 8.0259623415 
 8.0270069231 8.0262496588 8.0257069886 
 8.0266802420 8.0259520941 8.0254379214 
 8.0263395570 8.0256420900 8.0251578278 
 8.0259883050 8.0253227782 8.0248695305 
 8.0256300758 8.0249974185 8.0245759612 
 8.0252685755 8.0246693654 8.0242801315 
 8.0249075867 8.0243420333 8.0239851028 
 8.0245509252 8.0240188590 8.0236939532 
 8.0242023961 8.0237032629 8.0234097445 
 8.0238657473 8.0233986099 8.0231354880 
 8.0235446247 8.0231081695 8.0228741101 
 8.0232425267 8.0228350774 8.0226284187 
 8.0229627618 8.0225822984 8.0224010699 
 8.0227084077 8.0223525904 8.0221945372 
 8.0224822740 8.0221484721 8.0220110818 
 8.0222868682 8.0219721925 8.0218527252 
 8.0221243655 8.0218257041 8.0217212250 
 8.0219965832 8.0217106397 8.0216180531 
 8.0219049587 8.0216282922 8.0215443774 
 8.0218505326 8.0215795993 8.0215010468 
 