8.0376189605 8.0395222913 8.0414407971 
 8.0376226256 8.0395266166 8.0414457845 
 8.0376312648 8.0395350525 8.0414540845 
 8.0376449363 8.0395476636 8.0414657662 
 8.0376635717 8.0395643944 8.0414807854 
 8.0376869736 8.0395850673 8.0414989820 
 8.0377148180 8.0396093838 8.0415200814 
 8.0377466606 8.0396369316 8.0415437012 
 8.0377819472 8.0396671940 8.0415693604 
 8.0378200274 8.0396995643 8.0415964938 
 8.0378601724 8.0397333627 8.0416244683 
 8.0379015946 8.0397678559 8.0416526025 
 8.0379434697 8.0398022791 8.0416801885 
 8.0379849599 8.0398358589 8.0417065139 
 8.0380252379 8.0398678368 8.0417308856 
 8.0380635104 8.0398974930 8.0417526526 
 8.0380990412 8.0399241684 8.0417712280 
 8.0381311725 8.0399472857 8.0417861095 
 8.0381593436 8.0399663681 8.0417968977 
 8.0381831072 8.0399810547 8.0418033107 
 8.0382021418 8.0399911129 8.0418051968 
 8.0382162602 8.0399964459 8.0418025410 
 8.0382254136 8.0399970965 8.0417954685 
 8.0382296906 8.0399932458 8.0417842428 
 8.0382293113 8.0399852059 8.0417692581 
 8.0382246165 8.0399734084 8.0417510267 
 8.0382160513 8.0399583877 8.0417301616 
 8.0382041456 8.0399407582 8.0417073526 
 8.0381894888 8.0399211897 8.0416833402 
 8.0381727039 8.0399003778 8.0416588847 
 8.0381544181 8.0398790138 8.0416347341 
 8.0381352346 8.0398577538 8.0416115914 
 8.0381157055 8.0398371898 8.0415900844 
 8.0380963075 8.0398178238 8.0415707376 
 8.0380774226 8.0398000470 8.0415539505 
 8.0380593244 8.0397841255 8.0415399825 
 8.0380421710 8.0397701928 8.0415289449 
 8.0380260053 8.0397582504 8.0415208023 
 8.0380107617 8.0397481757 8.0415153810 
 8.0379962794 8.0397397370 8.0415123858 
 8.0379823213 8.0397326135 8.0415114219 
 8.0379685954 8.0397264208 8.0415120217 
 8.0379547808 8.0397207370 8.0415136741 
 8.0379405522 8.0397151314 8.0415158542 
 8.0379256053 8.0397091908 8.0415180524 
 8.0379096793 8.0397025447 8.0415198008 
 8.0378925768 8.0396948868 8.0415206960 
 8.0378741798 8.0396859917 8.0415204174 
 8.0378544607 8.0396757283 8.0415187408 
 8.0378334897 8.0396640668 8.0415155472 
 8.0378114366 8.0396510822 8.0415108260 
 8.0377885685 8.0396369525 8.0415046738 
 8.0377652436 8.0396219521 8.0414972889 
 8.0377419001 8.0396064424 8.0414889616 
 8.0377190430 8.0395908582 8.0414800610 
 8.0376972275 8.0395756913 8.0414710194 
 8.0376770401 8.0395614721 8.0414623136 
 8.0376590784 8.0395487497 8.0414544457 
 8.0376439302 8.0395380704 8.0414479219 
 8.0376321517 8.0395299572 8.0414432313 
 8.0376242476 8.0395248884 8.0414408257 
 8.0376206510 8.0395232784 8.0414410998 
 8.0376217058 8.0395254600 8.0414443737 
 8.0376276524 8.0395316691 8.0414508775 
 8.0376386152 8.0395420329 8.0414607393 
 8.0376545945 8.0395565615 8.0414739768 
 8.0376754627 8.0395751430 8.0414904923 
 8.0377009635 8.0395975437 8.0415100725 
 8.0377307165 8.0396234117 8.0415323923 
 8.0377642253 8.0396522852 8.0415570224 
 8.0378008894 8.0396836041 8.0415834412 
 8.0378400201 8.0397167258 8.0416110498 
 8.0378808589 8.0397509432 8.0416391906 
 8.0379225984 8.0397855057 8.0416671670 
 8.0379644053 8.0398196418 8.0416942663 
 8.0380054435 8.0398525819 8.0417197821 
 8.0380448986 8.0398835825 8.0417430378 
 8.0380820008 8.0399119490 8.0417634093 
 8.0381160475 8.0399370576 8.0417803463 
 8.0381464234 8.0399583751 8.0417933918 
 8.0381726184 8.0399754765 8.0418021988 
 8.0381942416 8.0399880585 8.0418065443 
 8.0382110328 8.0399959504 8.0418063387 
 8.0382228683 8.0399991197 8.0418016317 
 8.0382297630 8.0399976733 8.0417926126 
 8.0382318671 8.0399918539 8.0417796065 
 8.0382294581 8.0399820304 8.0417630638 
 8.0382229270 8.0399686842 8.0417435459 
 8.0382127610 8.0399523896 8.0417217041 
 8.0381995204 8.0399337900 8.0416982554 
 8.0381838137 8.0399135707 8.0416739533 
 8.0381662695 8.0398924292 8.0416495564 
 8.0381475075 8.0398710446 8.0416257962 
 8.0381281106 8.0398500467 8.0416033447 
 8.0381085989 8.0398299892 8.0415827852 
 8.0380894077 8.0398113252 8.0415645870 
 8.0380708702 8.0397943898 8.0415490867 
 8.0380532075 8.0397793884 8.0415364757 
 8.0380365239 8.0397663931 8.0415267972 
 8.0380208113 8.0397553469 8.0415199506 
 8.0380059581 8.0397460745 8.0415157037 
 8.0379917656 8.0397383004 8.0415137122 
 8.0379779685 8.0397316713 8.0415135444 
 8.0379642583 8.0397257818 8.0415147086 
 8.0379503086 8.0397202024 8.0415166837 
 8.0379358008 8.0397145072 8.0415189484 
 8.0379204479 8.0397082996 8.0415210090 
 8.0379040158 8.0397012363 8.0415224246 
 8.0378863420 8.0396930460 8.0415228278 
 8.0378673487 8.0396835456 8.0415219410 
 8.0378470528 8.0396726497 8.0415195877 
 8.0378255702 8.0396603767 8.0415156983 
 8.0378031161 8.0396468494 8.0415103122 
 8.0377800003 8.0396322910 8.0415035736 
 8.0377566195 8.0396170177 8.0414957245 
 8.0377334444 8.0396014262 8.0414870932 
 8.0377110053 8.0395859797 8.0414780801 
 8.0376898741 8.0395711902 8.0414691402 
 8.0376706450 8.0395575992 8.0414607646 
 8.0376539138 8.0395457571 8.0414534598 
 8.0376402563 8.0395362023 8.0414477267 
 8.0376302075 8.0395294394 8.0414440398 
 8.0376242415 8.0395259200 8.0414428269 
 8.0376227523 8.0395260227 8.0414444505 
 8.0376260380 8.0395300375 8.0414491909 
 8.0376342867 8.0395381516 8.0414572325 
 8.0376475665 8.0395504390 8.0414686536 
 8.0376658193 8.0395668541 8.0414834190 
 8.0376888579 8.0395872288 8.0415013777 
 8.0377163682 8.0396112741 8.0415222642 
 8.0377479151 8.0396385864 8.0415457043 
 8.0377829526 8.0396686570 8.0415712245 
 8.0378208376 8.0397008857 8.0415982656 
 8.0378608469 8.0397345979 8.0416261994 
 8.0379021967 8.0397690638 8.0416543476 
 8.0379440648 8.0398035203 8.0416820035 
 8.0379856138 8.0398371939 8.0417084544 
 8.0380260146 8.0398693242 8.0417330049 
 8.0380644706 8.0398991875 8.0417549999 
 8.0381002404 8.0399261192 8.0417738466 
 8.0381326593 8.0399495349 8.0417890356 
 8.0381611583 8.0399689494 8.0418001587 
 8.0381852808 8.0399839922 8.0418069244 
 8.0382046951 8.0399944201 8.0418091704 
 8.0382192033 8.0400001258 8.0418068708 
 8.0382287457 8.0400011410 8.0418001398 
 8.0382334003 8.0399976360 8.0417892303 
 8.0382333774 8.0399899133 8.0417745266 
 8.0382290087 8.0399783956 8.0417565326 
 8.0382207321 8.0399636100 8.0417358538 
 8.0382090716 8.0399461657 8.0417131754 
 8.0381946131 8.0399267292 8.0416892349 
 8.0381779781 8.0399059952 8.0416647922 
 8.0381597945 8.0398846568 8.0416405977 
 8.0381406689 8.0398633739 8.0416173593 
 8.0381211581 8.0398427448 8.0415957118 
 8.0381017458 8.0398232794 8.0415761888 
 8.0380828220 8.0398053784 8.0415592005 
 8.0380646693 8.0397893182 8.0415450176 
 8.0380474551 8.0397752428 8.0415337633 
 8.0380312310 8.0397631639 8.0415254135 
 8.0380159396 8.0397529682 8.0415198050 
 8.0380014270 8.0397444318 8.0415166512 
 8.0379874608 8.0397372400 8.0415155642 
 8.0379737527 8.0397310122 8.0415160809 
 8.0379599827 8.0397253283 8.0415176923 
 8.0379458248 8.0397197570 8.0415198734 
 8.0379309718 8.0397138827 8.0415221122 
 8.0379151585 8.0397073303 8.0415239364 
 8.0378981817 8.0396997876 8.0415249364 
 8.0378799162 8.0396910221 8.0415247844 
 8.0378603268 8.0396808943 8.0415232480 
 8.0378394755 8.0396693664 8.0415201994 
 8.0378175241 8.0396565048 8.0415156191 
 8.0377947319 8.0396424790 8.0415095954 
 8.0377714500 8.0396275563 8.0415023185 
 8.0377481107 8.0396120913 8.0414940717 
 8.0377252139 8.0395965134 8.0414852184 
 8.0377033115 8.0395813103 8.0414761861 
 8.0376829879 8.0395670101 8.0414674490 
 8.0376648407 8.0395541609 8.0414595076 
 8.0376494589 8.0395433100 8.0414528685 
 8.0376374023 8.0395349830 8.0414480229 
 8.0376291800 8.0395296623 8.0414454263 
 8.0376252314 8.0395277681 8.0414454784 
 8.0376259084 8.0395296402 8.0414485059 
 8.0376314597 8.0395355226 8.0414547464 
 8.0376420193 8.0395455516 8.0414643365 
 8.0376575978 8.0395597467 8.0414773029 
 8.0376780776 8.0395780058 8.0414935572 
 8.0377032127 8.0396001049 8.0415128953 
 8.0377326323 8.0396257012 8.0415350006 
 8.0377658488 8.0396543414 8.0415594519 
 8.0378022698 8.0396854727 8.0415857344 
 8.0378412128 8.0397184584 8.0416132549 
 8.0378819242 8.0397525962 8.0416413598 
 8.0379236001 8.0397871381 8.0416693549 
 8.0379654082 8.0398213134 8.0416965281 
 8.0380065120 8.0398543518 8.0417221718 
 8.0380460947 8.0398855071 8.0417456063 
 8.0380833823 8.0399140800 8.0417662028 
 8.0381176663 8.0399394406 8.0417834045 
 8.0381483241 8.0399610480 8.0417967465 
 8.0381748366 8.0399784682 8.0418058728 
 8.0381968035 8.0399913882 8.0418105502 
 8.0382139541 8.0399996265 8.0418106786 
 8.0382261538 8.0400031399 8.0418062966 
 8.0382334070 8.0400020246 8.0417975830 
 8.0382358536 8.0399965127 8.0417848523 
 8.0382337616 8.0399869641 8.0417685459 
 8.0382275140 8.0399738520 8.0417492171 
 8.0382175911 8.0399577444 8.0417275113 
 8.0382045488 8.0399392804 8.0417041414 
 8.0381889930 8.0399191433 8.0416798593 
 8.0381715519 8.0398980309 8.0416554247 
 8.0381528470 8.0398766250 8.0416315724 
 8.0381334655 8.0398555606 8.0416089805 
 8.0381139334 8.0398353984 8.0415882405 
 8.0380946934 8.0398166005 8.0415698316 
 8.0380760875 8.0397995118 8.0415541013 
 8.0380583457 8.0397843481 8.0415412529 
 8.0380415819 8.0397711922 8.0415313414 
 8.0380257962 8.0397599969 8.0415242770 
 8.0380108847 8.0397505956 8.0415198373 
 8.0379966549 8.0397427198 8.0415176859 
 8.0379828456 8.0397360213 8.0415173969 
 8.0379691506 8.0397300977 8.0415184821 
 8.0379552439 8.0397245202 8.0415204215 
 8.0379408051 8.0397188612 8.0415226924 
 8.0379255434 8.0397127210 8.0415247979 
 8.0379092198 8.0397057506 8.0415262917 
 8.0378916651 8.0396976725 8.0415267998 
 8.0378727942 8.0396882956 8.0415260368 
 8.0378526159 8.0396775265 8.0415238173 
 8.0378312379 8.0396653748 8.0415200634 
 8.0378088674 8.0396519549 8.0415148052 
 8.0377858067 8.0396374822 8.0415081788 
 8.0377624457 8.0396222654 8.0415004186 
 8.0377392495 8.0396066952 8.0414918463 
 8.0377167440 8.0395912299 8.0414828569 
 8.0376954984 8.0395763781 8.0414739016 
 8.0376761055 8.0395626794 8.0414654691 
 8.0376591616 8.0395506842 8.0414580652 
 8.0376452446 8.0395409323 8.0414521919 
 8.0376348935 8.0395339317 8.0414483264 
 8.0376285876 8.0395301386 8.0414469007 
 8.0376267278 8.0395299380 8.0414482830 
 8.0376296202 8.0395336273 8.0414527605 
 8.0376374619 8.0395414022 8.0414605258 
 8.0376503309 8.0395533460 8.0414716655 
 8.0376681790 8.0395694225 8.0414861536 
 8.0376908292 8.0395894733 8.0415038483 
 8.0377179774 8.0396132189 8.0415244931 
 8.0377491977 8.0396402645 8.0415477219 
 8.0377839526 8.0396701093 8.0415730689 
 8.0378216061 8.0397021598 8.0415999812 
 8.0378614408 8.0397357468 8.0416278354 
 8.0379026770 8.0397701442 8.0416559567 
 8.0379444950 8.0398045910 8.0416836398 
 8.0379860578 8.0398383137 8.0417101719 
 8.0380265351 8.0398705503 8.0417348556 
 8.0380651270 8.0399005734 8.0417570319 
 8.0381010871 8.0399277134 8.0417761027 
 8.0381337443 8.0399513789 8.0417915515 
 8.0381625217 8.0399710766 8.0418029615 
 8.0381869535 8.0399864268 8.0418100322 
 8.0382066980 8.0399971760 8.0418125906 
 8.0382215469 8.0400032062 8.0418106002 
 8.0382314299 8.0400045385 8.0418041646 
 8.0382364144 8.0400013327 8.0417935260 
 8.0382367008 8.0399938814 8.0417790590 
 8.0382326123 8.0399825988 8.0417612588 
 8.0382245792 8.0399680044 8.0417407241 
 8.0382131198 8.0399507025 8.0417181348 
 8.0381988164 8.0399313560 8.0416942255 
 8.0381822888 8.0399106589 8.0416697559 
 8.0381641660 8.0398893055 8.0416454785 
 8.0381450571 8.0398679599 8.0416221057 
 8.0381255242 8.0398472262 8.0416002794 
 8.0381060576 8.0398276224 8.0415805423 
 8.0380870554 8.0398095585 8.0415633149 
 8.0380688092 8.0397933211 8.0415488795 
 8.0380514954 8.0397790648 8.0415373709 
 8.0380351747 8.0397668115 8.0415287766 
 8.0380197979 8.0397564573 8.0415229437 
 8.0380052179 8.0397477862 8.0415195945 
 8.0379912078 8.0397404899 8.0415183481 
 8.0379774826 8.0397341917 8.0415187463 
 8.0379637236 8.0397284736 8.0415202823 
 8.0379496043 8.0397229040 8.0415224313 
 8.0379348148 8.0397170648 8.0415246790 
 8.0379190858 8.0397105768 8.0415265488 
 8.0379022082 8.0397031217 8.0415276253 
 8.0378840499 8.0396944601 8.0415275735 
 8.0378645680 8.0396844448 8.0415261527 
 8.0378438166 8.0396730291 8.0415232266 
 8.0378219492 8.0396602712 8.0415187669 
 8.0377992174 8.0396463324 8.0415128532 
 8.0377759651 8.0396314722 8.0415056677 
 8.0377526182 8.0396160386 8.0414974867 
 8.0377296719 8.0396004553 8.0414886674 
 8.0377076742 8.0395852059 8.0414796327 
 8.0376872073 8.0395708157 8.0414708536 
 8.0376688684 8.0395578316 8.0414628290 
 8.0376532475 8.0395468018 8.0414560655 
 8.0376409074 8.0395382537 8.0414510560 
 8.0376323616 8.0395326740 8.0414482594 
 8.0376280554 8.0395304880 8.0414480803 
 8.0376283480 8.0395320422 8.0414508514 
 8.0376334965 8.0395375887 8.0414568177 
 8.0376436442 8.0395472722 8.0414661241 
 8.0376588114 8.0395611217 8.0414788059 
 8.0376788906 8.0395790445 8.0414947837 
 8.0377036458 8.0396008261 8.0415138624 
 8.0377327156 8.0396261329 8.0415357341 
 8.0377656213 8.0396545197 8.0415599854 
 8.0378017781 8.0396854412 8.0415861083 
 8.0378405103 8.0397182667 8.0416135155 
 8.0378810691 8.0397522983 8.0416415571 
 8.0379226538 8.0397867911 8.0416695419 
 8.0379644338 8.0398209756 8.0416967583 
 8.0380055722 8.0398540806 8.0417224977 
 8.0380452501 8.0398853574 8.0417460777 
 8.0380826894 8.0399141026 8.0417668648 
 8.0381171761 8.0399396802 8.0417842962 
 8.0381480803 8.0399615421 8.0417978994 
 8.0381748747 8.0399792454 8.0418073094 
 8.0381971494 8.0399924677 8.0418122836 
 8.0382146236 8.0400010171 8.0418127111 
 8.0382271523 8.0400048398 8.0418086201 
 8.0382347291 8.0400040213 8.0418001786 
 8.0382374841 8.0399987838 8.0417876912 
 8.0382356758 8.0399894778 8.0417715899 
 8.0382296791 8.0399765685 8.0417524203 
 8.0382199678 8.0399606176 8.0417308215 
 8.0382070929 8.0399422597 8.0417075025 
 8.0381916575 8.0399221759 8.0416832134 
 8.0381742895 8.0399010644 8.0416587145 
 8.0381556121 8.0398796093 8.0416347441 
 8.0381362162 8.0398584505 8.0416119858 
 8.0381166337 8.0398381556 8.0415910390 
 8.0380973146 8.0398191952 8.0415723925 
 8.0380786094 8.0398019239 8.0415564049 
 8.0380607570 8.0397865680 8.0415432909 
 8.0380438803 8.0397732205 8.0415331169 
 8.0380279883 8.0397618442 8.0415258043 
 8.0380129845 8.0397522812 8.0415211404 
 8.0379986827 8.0397442703 8.0415187968 
 8.0379848262 8.0397374683 8.0415183535 
 8.0379711114 8.0397314762 8.0415193261 
 8.0379572126 8.0397258660 8.0415211960 
 8.0379428081 8.0397202091 8.0415234394 
 8.0379276039 8.0397141025 8.0415255564 
 8.0379113561 8.0397071924 8.0415270959 
 8.0378938892 8.0396991950 8.0415276773 
 8.0378751112 8.0396899118 8.0415270078 
 8.0378550230 8.0396792413 8.0415248939 
 8.0378337244 8.0396671850 8.0415212487 
 8.0378114148 8.0396538490 8.0415160941 
 8.0377883890 8.0396394406 8.0415095577 
 8.0377650303 8.0396242615 8.0415018666 
 8.0377417981 8.0396086963 8.0414933357 
 8.0377192141 8.0395931985 8.0414843549 
 8.0376978444 8.0395782731 8.0414753713 
 8.0376782806 8.0395644577 8.0414668712 
 8.0376611190 8.0395523025 8.0414593596 
 8.0376469396 8.0395423485 8.0414533393 
 8.0376362848 8.0395351068 8.0414492899 
 8.0376296390 8.0395310379 8.0414476475 
 8.0376274097 8.0395305329 8.0414487854 
 8.0376299106 8.0395338964 8.0414529977 
 8.0376373475 8.0395413320 8.0414604844 
 8.0376498077 8.0395529320 8.0414713406 
 8.0376672528 8.0395686694 8.0414855490 
 8.0376895157 8.0395883952 8.0415029767 
 8.0377163020 8.0396118392 8.0415233759 
 8.0377471948 8.0396386150 8.0415463887 
 8.0377816648 8.0396682297 8.0415715565 
 8.0378190831 8.0397000964 8.0415983326 
 8.0378587379 8.0397335511 8.0416260986 
 8.0378998538 8.0397678716 8.0416541828 
 8.0379416134 8.0398022987 8.0416818819 
 8.0379831804 8.0398360593 8.0417084828 
 8.0380237232 8.0398683898 8.0417332863 
 8.0380624389 8.0398985595 8.0417556298 
 8.0380985765 8.0399258937 8.0417749099 
 8.0381314584 8.0399497947 8.0417906032 
 8.0381605001 8.0399697608 8.0418022850 
 8.0381852269 8.0399854035 8.0418096454 
 8.0382052875 8.0399964594 8.0418125016 
 8.0382204631 8.0400028001 8.0418108066 
 8.0382306730 8.0400044361 8.0418046531 
 8.0382359744 8.0400015169 8.0417942732 
 8.0382365579 8.0399943252 8.0417800318 
 8.0382327378 8.0399832667 8.0417624156 
 8.0382249372 8.0399688538 8.0417420161 
 8.0382136683 8.0399516849 8.0417195079 
 8.0381995098 8.0399324198 8.0416956229 
 8.0381830797 8.0399117512 8.0416711198 
 8.0381650073 8.0398903747 8.0416467529 
 8.0381459044 8.0398689577 8.0416232392 
 8.0381263378 8.0398481101 8.0416012270 
 8.0381068042 8.0398283575 8.0415812674 
 8.0380877094 8.0398101187 8.0415637913 
 8.0380693536 8.0397936905 8.0415490920 
 8.0380519223 8.0397792376 8.0415373158 
 8.0380354852 8.0397667921 8.0415284613 
 8.0380200009 8.0397562595 8.0415223861 
 8.0380053294 8.0397474317 8.0415188214 
 8.0379912494 8.0397400067 8.0415173934 
 8.0379774793 8.0397336122 8.0415176487 
 8.0379637024 8.0397278325 8.0415190834 
 8.0379495916 8.0397222358 8.0415211729 
 8.0379348352 8.0397164022 8.0415234011 
 8.0379191598 8.0397099488 8.0415252878 
 8.0379023510 8.0397025519 8.0415264120 
 8.0378842704 8.0396939653 8.0415264318 
 8.0378648679 8.0396840343 8.0415250992 
 8.0378441897 8.0396727044 8.0415222693 
 8.0378223818 8.0396600256 8.0415179054 
 8.0377996884 8.0396461514 8.0415120790 
 8.0377764463 8.0396313338 8.0415049647 
 8.0377530755 8.0396159144 8.0414968315 
 8.0377300663 8.0396003114 8.0414880311 
 8.0377079630 8.0395850043 8.0414789817 
 8.0376873459 8.0395705158 8.0414701511 
 8.0376688114 8.0395573916 8.0414620366 
 8.0376529507 8.0395461803 8.0414551448 
 8.0376403291 8.0395374117 8.0414499702 
 8.0376314646 8.0395315758 8.0414469748 
 8.0376268080 8.0395291032 8.0414465679 
 8.0376267255 8.0395303469 8.0414490880 
 8.0376314823 8.0395355664 8.0414547872 
 8.0376412307 8.0395449149 8.0414638182 
 8.0376560002 8.0395584301 8.0414762248 
 8.0376756932 8.0395760289 8.0414919363 
 8.0377000832 8.0395975057 8.0415107663 
 8.0377288182 8.0396225357 8.0415324152 
 8.0377614281 8.0396506819 8.0415564772 
 8.0377973355 8.0396814060 8.0415824512 
 8.0378358709 8.0397140834 8.0416097551 
 8.0378762906 8.0397480204 8.0416377433 
 8.0379177971 8.0397824751 8.0416657270 
 8.0379595613 8.0398166791 8.0416929953 
 8.0380007459 8.0398498605 8.0417188387 
 8.0380405299 8.0398812683 8.0417425721 
 8.0380781315 8.0399101948 8.0417635577 
 8.0381128311 8.0399359984 8.0417812265 
 8.0381439918 8.0399581235 8.0417950987 
 8.0381710781 8.0399761191 8.0418048007 
 8.0381936709 8.0399896530 8.0418100802 
 8.0382114791 8.0399985234 8.0418108164 
 8.0382243476 8.0400026659 8.0418070266 
 8.0382322596 8.0400021555 8.0417988684 
 8.0382353349 8.0399972045 8.0417866364 
 8.0382338229 8.0399881540 8.0417707536 
 8.0382280901 8.0399754612 8.0417517574 
 8.0382186037 8.0399596812 8.0417302808 
 8.0382059097 8.0399414441 8.0417070284 
 8.0381906082 8.0399214286 8.0416827484 
 8.0381733262 8.0399003324 8.0416582013 
 8.0381546883 8.0398788420 8.0416341284 
 8.0381352889 8.0398576017 8.0416112184 
 8.0381156651 8.0398371854 8.0415900781 
 8.0380962740 8.0398180718 8.0415712057 
 8.0380774740 8.0398006250 8.0415549699 
 8.0380595129 8.0397850812 8.0415415968 
 8.0380425225 8.0397715437 8.0415311641 
 8.0380265201 8.0397599847 8.0415236039 
 8.0380114170 8.0397502553 8.0415187131 
 8.0379970332 8.0397421013 8.0415161715 
 8.0379831165 8.0397351851 8.0415155650 
 8.0379693663 8.0397291109 8.0415164134 
 8.0379554578 8.0397234523 8.0415181996 
 8.0379410682 8.0397177797 8.0415203993 
 8.0379259007 8.0397116874 8.0415225100 
 8.0379097070 8.0397048174 8.0415240761 
 8.0378923062 8.0396968799 8.0415247114 
 8.0378735993 8.0396876697 8.0415241156 
 8.0378535803 8.0396770778 8.0415220878 
 8.0378323415 8.0396650977 8.0415185328 
 8.0378100746 8.0396518277 8.0415134644 
 8.0377870677 8.0396374678 8.0415070024 
 8.0377636977 8.0396223128 8.0414993667 
 8.0377404188 8.0396067417 8.0414908661 
 8.0377177483 8.0395912030 8.0414818852 
 8.0376962498 8.0395761986 8.0414728674 
 8.0376765133 8.0395622643 8.0414642968 
 8.0376591357 8.0395499498 8.0414566775 
 8.0376446988 8.0395397977 8.0414505131 
 8.0376337484 8.0395323217 8.0414462856 
 8.0376267739 8.0395279870 8.0414444350 
 8.0376241890 8.0395271902 8.0414453399 
 8.0376263148 8.0395302428 8.0414493006 
 8.0376333658 8.0395373565 8.0414565247 
 8.0376454382 8.0395486320 8.0414671152 
 8.0376625031 8.0395640515 8.0414810635 
 8.0376844032 8.0395834751 8.0414982453 
 8.0377108532 8.0396066413 8.0415184212 
 8.0377414452 8.0396331724 8.0415412412 
 8.0377756578 8.0396625827 8.0415662539 
 8.0378128691 8.0396942921 8.0415929187 
 8.0378523727 8.0397276415 8.0416206218 
 8.0378933973 8.0397619123 8.0416486948 
 8.0379351279 8.0397963475 8.0416764360 
 8.0379767286 8.0398301740 8.0417031322 
 8.0380173667 8.0398626267 8.0417280823 
 8.0380562363 8.0398929717 8.0417506202 
 8.0380925817 8.0399205292 8.0417701373 
 8.0381257190 8.0399446949 8.0417861034 
 8.0381550562 8.0399649596 8.0417980860 
 8.0381801097 8.0399809254 8.0418057659 
 8.0382005184 8.0399923195 8.0418089504 
 8.0382160536 8.0399990028 8.0418075821 
 8.0382266239 8.0400009754 8.0418017433 
 8.0382322761 8.0399983764 8.0417916555 
 8.0382331912 8.0399914790 8.0417776741 
 8.0382296746 8.0399806798 8.0417602770 
 8.0382221415 8.0399664838 8.0417400485 
 8.0382110985 8.0399494838 8.0417176579 
 8.0381971198 8.0399303359 8.0416938334 
 8.0381808213 8.0399097312 8.0416693331 
 8.0381628326 8.0398883660 8.0416449124 
 8.0381437676 8.0398669109 8.0416212922 
 8.0381241973 8.0398459810 8.0415991270 
 8.0381046244 8.0398261090 8.0415789759 
 8.0380854622 8.0398077224 8.0415612796 
 8.0380670189 8.0397911273 8.0415463421 
 8.0380494891 8.0397764988 8.0415343208 
 8.0380329510 8.0397638787 8.0415252254 
 8.0380173713 8.0397531816 8.0415189235 
 8.0380026170 8.0397442076 8.0415151555 
 8.0379884723 8.0397366610 8.0415135546 
 8.0379746595 8.0397301741 8.0415136725 
 8.0379608638 8.0397243335 8.0415150083 
 8.0379467583 8.0397187081 8.0415170381 
 8.0379320294 8.0397128763 8.0415192443 
 8.0379164004 8.0397064517 8.0415211434 
 8.0378996521 8.0396991057 8.0415223093 
 8.0378816399 8.0396905861 8.0415223940 
 8.0378623072 8.0396807311 8.0415211421 
 8.0378416931 8.0396694788 8.0415184009 
 8.0378199360 8.0396568712 8.0415141259 
 8.0377972732 8.0396430545 8.0415083805 
 8.0377740350 8.0396282739 8.0415013321 
 8.0377506358 8.0396128645 8.0414932432 
 8.0377275611 8.0395972397 8.0414844597 
 8.0377053520 8.0395818750 8.0414753957 
 8.0376845868 8.0395672904 8.0414665159 
 8.0376658614 8.0395540308 8.0414583162 
 8.0376497684 8.0395426454 8.0414513032 
 8.0376368755 8.0395336660 8.0414459733 
 8.0376277050 8.0395275865 8.0414427913 
 8.0376227135 8.0395248424 8.0414421711 
 8.0376222740 8.0395257931 8.0414444573 
 8.0376266596 8.0395307056 8.0414499088 
 8.0376360314 8.0395397413 8.0414586859 
 8.0376504283 8.0395529468 8.0414708409 
 8.0376697622 8.0395702478 8.0414863117 
 8.0376938161 8.0395914480 8.0415049203 
 8.0377222471 8.0396162312 8.0415263755 
 8.0377545933 8.0396441682 8.0415502788 
 8.0377902850 8.0396747279 8.0415761358 
 8.0378286588 8.0397072912 8.0416033697 
 8.0378689759 8.0397411692 8.0416313391 
 8.0379104417 8.0397756225 8.0416593573 
 8.0379522287 8.0398098837 8.0416867143 
 8.0379934994 8.0398431806 8.0417126997 
 8.0380334304 8.0398747593 8.0417366256 
 8.0380712362 8.0399039081 8.0417578497 
 8.0381061915 8.0399299797 8.0417757971 
 8.0381376527 8.0399524113 8.0417899806 
 8.0381650758 8.0399707433 8.0418000180 
 8.0381880325 8.0399846341 8.0418056474 
 8.0382062217 8.0399938717 8.0418067376 
 8.0382194777 8.0399983812 8.0418032956 
 8.0382277732 8.0399982271 8.0417954683 
 8.0382312180 8.0399936114 8.0417835402 
 8.0382300517 8.0399848658 8.0417679248 
 8.0382246327 8.0399724392 8.0417491516 
 8.0382154210 8.0399568801 8.0417278470 
 8.0382029573 8.0399388135 8.0417047110 
 8.0381878385 8.0399189154 8.0416804893 
 8.0381706903 8.0398978830 8.0416559428 
 8.0381521385 8.0398764044 8.0416318147 
 8.0381327803 8.0398551280 8.0416087990 
 8.0381131580 8.0398346339 8.0415875094 
 8.0380937351 8.0398154083 8.0415684526 
 8.0380748780 8.0397978245 8.0415520078 
 8.0380568429 8.0397821284 8.0415384119 
 8.0380397703 8.0397684333 8.0415277538 
 8.0380236859 8.0397567211 8.0415199760 
 8.0380085086 8.0397468513 8.0415148852 
 8.0379940647 8.0397385772 8.0415121692 
 8.0379801069 8.0397315667 8.0415114204 
 8.0379663374 8.0397254276 8.0415121624 
 8.0379524327 8.0397197349 8.0415138801 
 8.0379380692 8.0397140587 8.0415160491 
 8.0379229475 8.0397079909 8.0415181644 
 8.0379068155 8.0397011693 8.0415197664 
 8.0378894867 8.0396932988 8.0415204633 
 8.0378708561 8.0396841676 8.0415199481 
 8.0378509107 8.0396736595 8.0415180125 
 8.0378297355 8.0396617605 8.0415145534 
 8.0378075153 8.0396485614 8.0415095768 
 8.0377845315 8.0396342550 8.0415031950 
 8.0377611548 8.0396191297 8.0414956209 
 8.0377378343 8.0396035587 8.0414871574 
 8.0377150837 8.0395879862 8.0414781841 
 8.0376934635 8.0395729108 8.0414691409 
 8.0376735631 8.0395588669 8.0414605097 
 8.0376559794 8.0395464038 8.0414527939 
 8.0376412964 8.0395360656 8.0414464980 
 8.0376300634 8.0395283691 8.0414421066 
 8.0376227747 8.0395237836 8.0414400635 
 8.0376198504 8.0395227118 8.0414407526 
 8.0376216192 8.0395254721 8.0414444806 
 8.0376283039 8.0395322841 8.0414514626 
 8.0376400099 8.0395432571 8.0414618096 
 8.0376567179 8.0395583823 8.0414755217 
 8.0376782800 8.0395775289 8.0414924831 
 8.0377044203 8.0396004444 8.0415124628 
 8.0377347399 8.0396267593 8.0415351189 
 8.0377687252 8.0396559958 8.0415600070 
 8.0378057613 8.0396875798 8.0415865926 
 8.0378451474 8.0397208577 8.0416142665 
 8.0378861160 8.0397551144 8.0416423638 
 8.0379278546 8.0397895947 8.0416701841 
 8.0379695278 8.0398235260 8.0416970143 
 8.0380103016 8.0398561414 8.0417221514 
 8.0380493673 8.0398867038 8.0417449256 
 8.0380859642 8.0399145283 8.0417647232 
 8.0381194024 8.0399390041 8.0417810072 
 8.0381490818 8.0399596140 8.0417933370 
 8.0381745102 8.0399759513 8.0418013842 
 8.0381953168 8.0399877329 8.0418049462 
 8.0382112623 8.0399948094 8.0418039548 
 8.0382222447 8.0399971703 8.0417984818 
 8.0382283004 8.0399949441 8.0417887383 
 8.0382296004 8.0399883939 8.0417750694 
 8.0382264407 8.0399779074 8.0417579444 
 8.0382192290 8.0399639819 8.0417379401 
 8.0382084653 8.0399472043 8.0417157199 
 8.0381947195 8.0399282264 8.0416920086 
 8.0381786051 8.0399077377 8.0416675626 
 8.0381607512 8.0398864349 8.0416431387 
 8.0381417740 8.0398649914 8.0416194613 
 8.0381222483 8.0398440272 8.0415971906 
 8.0381026825 8.0398240819 8.0415768937 
 8.0380834970 8.0398055914 8.0415590208 
 8.0380650085 8.0397888714 8.0415438863 
 8.0380474200 8.0397741067 8.0415316590 
 8.0380308182 8.0397613490 8.0415223592 
 8.0380151782 8.0397505223 8.0415158651 
 8.0380003739 8.0397414345 8.0415119258 
 8.0379861950 8.0397337967 8.0415101818 
 8.0379723680 8.0397272456 8.0415101903 
 8.0379585800 8.0397213706 8.0415114533 
 8.0379445044 8.0397157411 8.0415134477 
 8.0379298261 8.0397099340 8.0415156549 
 8.0379142650 8.0397035599 8.0415175879 
 8.0378975972 8.0396962852 8.0415188162 
 8.0378796725 8.0396878519 8.0415189852 
 8.0378604275 8.0396780911 8.0415178325 
 8.0378398942 8.0396669336 8.0415151979 
 8.0378182040 8.0396544140 8.0415110288 
 8.0377955871 8.0396406709 8.0415053811 
 8.0377723674 8.0396259426 8.0414984147 
 8.0377489538 8.0396105583 8.0414903857 
 8.0377258273 8.0395949262 8.0414816346 
 8.0377035254 8.0395795179 8.0414725711 
 8.0376826249 8.0395648512 8.0414636570 
 8.0376637212 8.0395514700 8.0414553870 
 8.0376474080 8.0395399241 8.0414482676 
 8.0376342561 8.0395307476 8.0414427969 
 8.0376247920 8.0395244381 8.0414394432 
 8.0376194780 8.0395214364 8.0414386250 
 8.0376186942 8.0395221083 8.0414406926 
 8.0376227217 8.0395267283 8.0414459122 
 8.0376317306 8.0395354663 8.0414544519 
 8.0376457693 8.0395483778 8.0414663724 
 8.0376647593 8.0395653979 8.0414816203 
 8.0376884932 8.0395863392 8.0415000265 
 8.0377166374 8.0396108943 8.0415213079 
 8.0377487388 8.0396386422 8.0415450738 
 8.0377842350 8.0396690590 8.0415708364 
 8.0378224690 8.0397015316 8.0415980246 
 8.0378627069 8.0397353753 8.0416260009 
 8.0379041575 8.0397698537 8.0416540811 
 8.0379459945 8.0398042007 8.0416815562 
 8.0379873804 8.0398376431 8.0417077147 
 8.0380274896 8.0398694250 8.0417318660 
 8.0380655327 8.0398988303 8.0417533633 
 8.0381007790 8.0399252059 8.0417716258 
 8.0381325776 8.0399479817 8.0417861588 
 8.0381603763 8.0399666895 8.0417965713 
 8.0381837372 8.0399809781 8.0418025917 
 8.0382023492 8.0399906253 8.0418040785 
 8.0382160358 8.0399955453 8.0418010278 
 8.0382247592 8.0399957919 8.0417935758 
 8.0382286184 8.0399915565 8.0417819964 
 8.0382278436 8.0399831614 8.0417666938 
 8.0382227842 8.0399710469 8.0417481889 
 8.0382138932 8.0399557543 8.0417271015 
 8.0382017057 8.0399379037 8.0417041266 
 8.0381868150 8.0399181678 8.0416800073 
 8.0381698454 8.0398972431 8.0416555042 
 8.0381514234 8.0398758193 8.0416313630 
 8.0381321493 8.0398545487 8.0416082822 
 8.0381125702 8.0398340172 8.0415868824 
 8.0380931561 8.0398147189 8.0415676791 
 8.0380742811 8.0397970358 8.0415510616 
 8.0380562099 8.0397812240 8.0415372779 
 8.0380390919 8.0397674065 8.0415264278 
 8.0380229612 8.0397555750 8.0415184649 
 8.0380077443 8.0397455979 8.0415132054 
 8.0379932739 8.0397372358 8.0415103457 
 8.0379793077 8.0397301622 8.0415094841 
 8.0379655510 8.0397239887 8.0415101490 
 8.0379516813 8.0397182920 8.0415118269 
 8.0379373743 8.0397126416 8.0415139933 
 8.0379223284 8.0397066271 8.0415161410 
 8.0379062872 8.0396998823 8.0415178064 
 8.0378890588 8.0396921064 8.0415185918 
 8.0378705320 8.0396830813 8.0415181838 
 8.0378506866 8.0396726833 8.0415163663 
 8.0378296006 8.0396608908 8.0415130284 
 8.0378074513 8.0396477870 8.0415081681 
 8.0377845134 8.0396335574 8.0415018900 
 8.0377611515 8.0396184837 8.0414944000 
 8.0377378094 8.0396029335 8.0414859949 
 8.0377149967 8.0395873463 8.0414770492 
 8.0376932715 8.0395722177 8.0414679992 
 8.0376732218 8.0395580801 8.0414593245 
 8.0376554450 8.0395454829 8.0414515278 
 8.0376405271 8.0395349714 8.0414451148 
 8.0376290209 8.0395270655 8.0414405723 
 8.0376214260 8.0395222392 8.0414383481 
 8.0376181689 8.0395209009 8.0414388315 
 8.0376195860 8.0395233761 8.0414423361 
 8.0376259086 8.0395298927 8.0414490840 
 8.0376372516 8.0395405688 8.0414591952 
 8.0376536055 8.0395554047 8.0414726780 
 8.0376748321 8.0395742792 8.0414894258 
 8.0377006654 8.0395969488 8.0415092162 
 8.0377307154 8.0396230528 8.0415317155 
 8.0377644770 8.0396521210 8.0415564867 
 8.0378013423 8.0396835864 8.0415830016 
 8.0378406162 8.0397168005 8.0416106560 
 8.0378815357 8.0397510520 8.0416387882 
 8.0379232906 8.0397855880 8.0416667000 
 8.0379650464 8.0398196361 8.0416936780 
 8.0380059680 8.0398524281 8.0417190175 
 8.0380452435 8.0398832235 8.0417420452 
 8.0380821077 8.0399113325 8.0417621421 
 8.0381158643 8.0399361377 8.0417787646 
 8.0381459056 8.0399571139 8.0417914637 
 8.0381717302 8.0399738452 8.0417999019 
 8.0381929576 8.0399860384 8.0418038661 
 8.0382093377 8.0399935336 8.0418032778 
 8.0382207579 8.0399963092 8.0417981976 
 8.0382272438 8.0399944830 8.0417888258 
 8.0382289561 8.0399883078 8.0417754975 
 8.0382261816 8.0399781623 8.0417586727 
 8.0382193197 8.0399645357 8.0417389206 
 8.0382088639 8.0399480086 8.0417168985 
 8.0381953795 8.0399292287 8.0416933274 
 8.0381794775 8.0399088834 8.0416689623 
 8.0381617866 8.0398876699 8.0416445608 
 8.0381429248 8.0398662642 8.0416208509 
 8.0381234709 8.0398452913 8.0415984986 
 8.0381039391 8.0398252977 8.0415780791 
 8.0380847571 8.0398067280 8.0415600519 
 8.0380662498 8.0397899071 8.0415447424 
 8.0380486289 8.0397750302 8.0415323306 
 8.0380319902 8.0397621590 8.0415228480 
 8.0380163166 8.0397512268 8.0415161833 
 8.0380014895 8.0397420499 8.0415120948 
 8.0379873043 8.0397343459 8.0415102305 
 8.0379734913 8.0397277565 8.0415101529 
 8.0379597400 8.0397218736 8.0415113673 
 8.0379457239 8.0397162672 8.0415133515 
 8.0379311261 8.0397105129 8.0415155856 
 8.0379156633 8.0397042176 8.0415175793 
 8.0378991066 8.0396970432 8.0415188970 
 8.0378812998 8.0396887251 8.0415191779 
 8.0378621725 8.0396790875 8.0415181522 
 8.0378417494 8.0396680533 8.0415156517 
 8.0378201544 8.0396556493 8.0415116156 
 8.0377976104 8.0396420064 8.0415060917 
 8.0377744346 8.0396273556 8.0414992324 
 8.0377510298 8.0396120198 8.0414912869 
 8.0377278724 8.0395964018 8.0414825900 
 8.0377054964 8.0395809692 8.0414735467 
 8.0376844763 8.0395662371 8.0414646159 
 8.0376654072 8.0395527483 8.0414562905 
 8.0376488839 8.0395410532 8.0414490773 
 8.0376354799 8.0395316881 8.0414434758 
 8.0376257260 8.0395251543 8.0414399576 
 8.0376200905 8.0395218979 8.0414389459 
 8.0376189605 8.0395222913 8.0414407971 
 