8.0575592685 8.0560815472 8.0545168890 
 8.0578449974 8.0563828046 8.0548335511 
 8.0581006944 8.0566523624 8.0551168753 
 8.0583253787 8.0568891936 8.0553657819 
 8.0585182404 8.0570924517 8.0555793823 
 8.0586786217 8.0572614498 8.0557569566 
 8.0588060007 8.0573956438 8.0558979352 
 8.0588999786 8.0574946187 8.0560018845 
 8.0589602699 8.0575580778 8.0560684951 
 8.0589866951 8.0575858352 8.0560975735 
 8.0589791763 8.0575778108 8.0560890374 
 8.0589377349 8.0575340284 8.0560429129 
 8.0588624923 8.0574546159 8.0559593353 
 8.0587536730 8.0573398086 8.0558385522 
 8.0586116101 8.0571899553 8.0556809302 
 8.0584367537 8.0570055269 8.0554869640 
 8.0582296819 8.0567871287 8.0552572895 
 8.0579911153 8.0565355149 8.0549926996 
 8.0577219341 8.0562516077 8.0546941645 
 8.0574231988 8.0559365196 8.0543628555 
 8.0570961757 8.0555915800 8.0540001743 
 8.0567423652 8.0552183667 8.0536077865 
 8.0563635354 8.0548187417 8.0531876603 
 8.0559617607 8.0543948930 8.0527421116 
 8.0555394645 8.0539493808 8.0522738534 
 8.0550994673 8.0534851894 8.0517860511 
 8.0546450383 8.0530057824 8.0512823811 
 8.0541799488 8.0525151599 8.0507670906 
 8.0537085262 8.0520179149 8.0502450549 
 8.0532357010 8.0515192826 8.0497218256 
 8.0527670430 8.0510251746 8.0492036622 
 8.0523087745 8.0505421892 8.0486975335 
 8.0518677481 8.0500775816 8.0482110766 
 8.0514513747 8.0496391787 8.0477524958 
 8.0510674830 8.0492352235 8.0473303884 
 8.0507240979 8.0488741342 8.0469534843 
 8.0504291306 8.0485641752 8.0466303018 
 8.0501899867 8.0483130491 8.0463687321 
 8.0500131199 8.0481274407 8.0461755841 
 8.0499035785 8.0480125603 8.0460561391 
 8.0498646089 8.0479717490 8.0460137711 
 8.0498973798 8.0480062079 8.0460496907 
 8.0500008814 8.0481148983 8.0461628499 
 8.0501720151 8.0482946308 8.0463500268 
 8.0504058596 8.0485403261 8.0466060736 
 8.0506960610 8.0488454040 8.0469242888 
 8.0510352840 8.0492022361 8.0472968601 
 8.0514156586 8.0496026025 8.0477153176 
 8.0518291749 8.0500381022 8.0481709521 
 8.0522679976 8.0505004864 8.0486551629 
 8.0527246932 8.0509819043 8.0491597227 
 8.0531923743 8.0514750641 8.0496769571 
 8.0536647767 8.0519733226 8.0501998501 
 8.0541362844 8.0524707177 8.0507220894 
 8.0546019189 8.0529619627 8.0512380679 
 8.0550573057 8.0534424128 8.0517428549 
 8.0554986274 8.0539080181 8.0522321493 
 8.0559225717 8.0543552679 8.0527022240 
 8.0563262775 8.0547811343 8.0531498665 
 8.0567072843 8.0551830170 8.0535723208 
 8.0570634839 8.0555586920 8.0539672326 
 8.0573930774 8.0559062649 8.0543325994 
 8.0576945370 8.0562241294 8.0546667259 
 8.0579665720 8.0565109309 8.0549681845 
 8.0582080999 8.0567655351 8.0552357818 
 8.0584182210 8.0569870007 8.0554685291 
 8.0585961979 8.0571745572 8.0556656179 
 8.0587414370 8.0573275854 8.0558263996 
 8.0588534744 8.0574456021 8.0559503689 
 8.0589319647 8.0575282478 8.0560371505 
 8.0589766719 8.0575752777 8.0560864892 
 8.0589874637 8.0575865549 8.0560982432 
 8.0589643078 8.0575620474 8.0560723802 
 8.0589072716 8.0575018266 8.0560089763 
 8.0588165233 8.0574060692 8.0559082179 
 8.0586923367 8.0572750620 8.0557704064 
 8.0585350974 8.0571092086 8.0555959661 
 8.0583453130 8.0569090403 8.0553854549 
 8.0581236252 8.0566752286 8.0551395787 
 8.0578708256 8.0564086026 8.0548592091 
 8.0575878747 8.0561101692 8.0545454060 
 8.0572759245 8.0557811372 8.0541994427 
 8.0569363452 8.0554229460 8.0538228381 
 8.0565707560 8.0550372997 8.0534173919 
 8.0561810610 8.0546262049 8.0529852265 
 8.0557694898 8.0541920150 8.0525288343 
 8.0553386425 8.0537374789 8.0520511296 
 8.0548915396 8.0532657945 8.0515555057 
 8.0544316749 8.0527806655 8.0510458947 
 8.0539630696 8.0522863585 8.0505268262 
 8.0534903234 8.0517877568 8.0500034821 
 8.0530186583 8.0512904043 8.0494817378 
 8.0525539447 8.0508005298 8.0489681815 
 8.0521027008 8.0503250411 8.0484700984 
 8.0516720494 8.0498714712 8.0479954038 
 8.0512696162 8.0494478634 8.0475525099 
 8.0509033535 8.0490625770 8.0471501128 
 8.0505812780 8.0487240058 8.0467968930 
 8.0503111213 8.0484402101 8.0465011352 
 8.0500999082 8.0482184825 8.0462702896 
 8.0499535002 8.0480648834 8.0461105147 
 8.0498761595 8.0479838057 8.0460262546 
 8.0498702005 8.0479776292 8.0460199101 
 8.0499357902 8.0480465250 8.0460916528 
 8.0500709342 8.0481884418 8.0462394129 
 8.0502716526 8.0483992786 8.0464590423 
 8.0505323107 8.0486732114 8.0467446258 
 8.0508460452 8.0490031190 8.0470888936 
 8.0512052212 8.0493810459 8.0474836753 
 8.0516018592 8.0497986415 8.0479203422 
 8.0520279956 8.0502475385 8.0483901966 
 8.0524759568 8.0507196458 8.0488847818 
 8.0529385470 8.0512073543 8.0493961072 
 8.0534091591 8.0517036632 8.0499167921 
 8.0538818266 8.0522022411 8.0504401416 
 8.0543512297 8.0526974393 8.0509601698 
 8.0548126729 8.0531842718 8.0514715855 
 8.0552620443 8.0536583738 8.0519697543 
 8.0556957655 8.0541159505 8.0524506464 
 8.0561107383 8.0545537204 8.0529107789 
 8.0565042923 8.0549688590 8.0533471562 
 8.0568741345 8.0553589452 8.0537572138 
 8.0572183042 8.0557219122 8.0541387652 
 8.0575351317 8.0560560029 8.0544899542 
 8.0578232022 8.0563597311 8.0548092134 
 8.0580813243 8.0566318471 8.0550952270 
 8.0583085023 8.0568713086 8.0553468988 
 8.0585039137 8.0570772556 8.0555633260 
 8.0586668892 8.0572489891 8.0557437760 
 8.0587968965 8.0573859543 8.0558876679 
 8.0588935277 8.0574877264 8.0559945577 
 8.0589564883 8.0575539994 8.0560641264 
 8.0589855907 8.0575845790 8.0560961716 
 8.0589807491 8.0575793768 8.0560906023 
 8.0589419769 8.0575384083 8.0560474360 
 8.0588693875 8.0574617929 8.0559667991 
 8.0587631971 8.0573497575 8.0558489303 
 8.0586237298 8.0572026413 8.0556941864 
 8.0584514262 8.0570209055 8.0555030515 
 8.0582468538 8.0568051439 8.0552761498 
 8.0580107212 8.0565560984 8.0550142610 
 8.0577438952 8.0562746773 8.0547183405 
 8.0574474215 8.0559619769 8.0543895428 
 8.0571225488 8.0556193085 8.0540292503 
 8.0567707580 8.0552482291 8.0536391063 
 8.0563937949 8.0548505768 8.0532210537 
 8.0559937080 8.0544285122 8.0527773792 
 8.0555728917 8.0539845646 8.0523107626 
 8.0551341334 8.0535216828 8.0518243317 
 8.0546806649 8.0530432906 8.0513217205 
 8.0542162164 8.0525533439 8.0508071291 
 8.0537450693 8.0520563873 8.0502853817 
 8.0532721057 8.0515576038 8.0497619753 
 8.0528028443 8.0510628515 8.0492431133 
 8.0523434564 8.0505786754 8.0487357099 
 8.0519007475 8.0501122813 8.0482473525 
 8.0514820890 8.0496714565 8.0477862067 
 8.0510952843 8.0492644192 8.0473608474 
 8.0507483537 8.0488995854 8.0469800060 
 8.0504492315 8.0485852462 8.0466522328 
 8.0502053799 8.0483291657 8.0463854850 
 8.0500233454 8.0481381267 8.0461866745 
 8.0499083040 8.0480174724 8.0460612187 
 8.0498636569 8.0479707041 8.0460126546 
 8.0498907442 8.0479991987 8.0460423696 
 8.0499887276 8.0481020943 8.0461494943 
 8.0501546663 8.0482763640 8.0463309718 
 8.0503837701 8.0485170656 8.0465817945 
 8.0506697821 8.0488177211 8.0468953685 
 8.0510054272 8.0491707678 8.0472639522 
 8.0513828618 8.0495680162 8.0476791117 
 8.0517940737 8.0500010657 8.0481321423 
 8.0522312037 8.0504616447 8.0486144234 
 8.0526867792 8.0509418631 8.0491176898 
 8.0531538652 8.0514343800 8.0496342179 
 8.0536261461 8.0519324982 8.0501569365 
 8.0540979537 8.0524302010 8.0506794765 
 8.0545642597 8.0529221484 8.0511961748 
 8.0550206426 8.0534036459 8.0517020483 
 8.0554632425 8.0538705980 8.0521927475 
 8.0558887086 8.0543194529 8.0526645016 
 8.0562941458 8.0547471462 8.0531140590 
 8.0566770634 8.0551510455 8.0535386294 
 8.0570353265 8.0555288985 8.0539358283 
 8.0573671133 8.0558787859 8.0543036268 
 8.0576708754 8.0561990800 8.0546403065 
 8.0579453045 8.0564884073 8.0549444199 
 8.0581893024 8.0567456169 8.0552147561 
 8.0584019558 8.0569697532 8.0554503107 
 8.0585825149 8.0571600326 8.0556502620 
 8.0587303752 8.0573158246 8.0558139492 
 8.0588450632 8.0574366357 8.0559408560 
 8.0589262241 8.0575220969 8.0560305973 
 8.0589736137 8.0575719545 8.0560829086 
 8.0589870914 8.0575860633 8.0560976394 
 8.0589666173 8.0575643830 8.0560747486 
 8.0589122507 8.0575069767 8.0560143038 
 8.0588241518 8.0574140128 8.0559164824 
 8.0587025858 8.0572857690 8.0557815767 
 8.0585479291 8.0571226395 8.0556100007 
 8.0583606792 8.0569251449 8.0554023014 
 8.0581414669 8.0566939452 8.0551591724 
 8.0578910712 8.0564298565 8.0548814717 
 8.0576104385 8.0561338707 8.0545702431 
 8.0573007049 8.0558071796 8.0542267424 
 8.0569632223 8.0554512037 8.0538524677 
 8.0565995890 8.0550676246 8.0534491953 
 8.0562116855 8.0546584237 8.0530190207 
 8.0558017140 8.0542259255 8.0525644052 
 8.0553722439 8.0537728458 8.0520882281 
 8.0549262609 8.0533023455 8.0515938431 
 8.0544672195 8.0528180864 8.0510851376 
 8.0539990978 8.0523242890 8.0505665926 
 8.0535264483 8.0518257864 8.0500433370 
 8.0530544431 8.0513280696 8.0495211907 
 8.0525889016 8.0508373137 8.0490066864 
 8.0521362924 8.0503603745 8.0485070564 
 8.0517036938 8.0499047398 8.0480301706 
 8.0512986980 8.0494784189 8.0475844093 
 8.0509292407 8.0490897561 8.0471784564 
 8.0506033458 8.0487471553 8.0468210070 
 8.0503287828 8.0484587192 8.0465203930 
 8.0501126496 8.0482318181 8.0462841475 
 8.0499609167 8.0480726272 8.0461185476 
 8.0498779876 8.0479856854 8.0460281868 
 8.0498663405 8.0479735415 8.0460156363 
 8.0499263152 8.0480365443 8.0460812471 
 8.0500560844 8.0481728143 8.0462231229 
 8.0502518145 8.0483784023 8.0464372702 
 8.0505079864 8.0486476055 8.0467178995 
 8.0508178170 8.0489733884 8.0470578315 
 8.0511737153 8.0493478440 8.0474489501 
 8.0515677141 8.0497626377 8.0478826474 
 8.0519918367 8.0502093910 8.0483502181 
 8.0524383778 8.0506799815 8.0488431765 
 8.0529000979 8.0511667557 8.0493534882 
 8.0533703403 8.0516626610 8.0498737200 
 8.0538430862 8.0521613114 8.0503971208 
 8.0543129647 8.0526570040 8.0509176480 
 8.0547752317 8.0531447010 8.0514299560 
 8.0552257306 8.0536199900 8.0519293599 
 8.0556608421 8.0540790326 8.0524117837 
 8.0560774320 8.0545185086 8.0528737030 
 8.0564727973 8.0549355590 8.0533120855 
 8.0568446170 8.0553277325 8.0537243343 
 8.0571909055 8.0556929356 8.0541082345 
 8.0575099712 8.0560293884 8.0544619055 
 8.0578003804 8.0563355841 8.0547837583 
 8.0580609248 8.0566102557 8.0550724580 
 8.0582905942 8.0568523452 8.0553268925 
 8.0584885532 8.0570609789 8.0555461441 
 8.0586541210 8.0572354460 8.0557294677 
 8.0587867549 8.0573751805 8.0558762710 
 8.0588860374 8.0574797480 8.0559860994 
 8.0589516657 8.0575488334 8.0560586246 
 8.0589834439 8.0575822338 8.0560936352 
 8.0589812781 8.0575798525 8.0560910315 
 8.0589451741 8.0575416970 8.0560508226 
 8.0588752374 8.0574678785 8.0559731263 
 8.0587716759 8.0573586151 8.0558581722 
 8.0586348052 8.0572142373 8.0557063076 
 8.0584650561 8.0570351960 8.0555180063 
 8.0582629859 8.0568220743 8.0552938809 
 8.0580292917 8.0565756021 8.0550346985 
 8.0577648271 8.0562966736 8.0547413999 
 8.0574706230 8.0559863698 8.0544151231 
 8.0571479114 8.0556459841 8.0540572315 
 8.0567981539 8.0552770531 8.0536693469 
 8.0564230743 8.0548813916 8.0532533872 
 8.0560246960 8.0544611335 8.0528116107 
 8.0556053849 8.0540187774 8.0523466646 
 8.0551678959 8.0535572376 8.0518616397 
 8.0547154242 8.0530798989 8.0513601284 
 8.0542516591 8.0525906736 8.0508462848 
 8.0537808376 8.0520940585 8.0503248822 
 8.0533077932 8.0515951855 8.0498013642 
 8.0528379943 8.0510998593 8.0492818783 
 8.0523775618 8.0506145718 8.0487732842 
 8.0519332534 8.0501464797 8.0482831197 
 8.0515124007 8.0497033294 8.0478195104 
 8.0511227805 8.0492933133 8.0473910075 
 8.0507724064 8.0489248429 8.0470063419 
 8.0504692331 8.0486062332 8.0466740922 
 8.0502207758 8.0483453058 8.0464022786 
 8.0500336699 8.0481489380 8.0461979117 
 8.0499132151 8.0480226017 8.0460665414 
 8.0498629643 8.0479699549 8.0460118638 
 8.0498844259 8.0479925478 8.0460354411 
 8.0499769325 8.0480896939 8.0461365808 
 8.0501377011 8.0482585294 8.0463123911 
 8.0503620735 8.0484942494 8.0465580055 
 8.0506438917 8.0487904806 8.0468669391 
 8.0509759436 8.0491397280 8.0472315238 
 8.0513504142 8.0495338351 8.0476433634 
 8.0517592911 8.0499644039 8.0480937603 
 8.0521946926 8.0504231418 8.0485740761 
 8.0526491090 8.0509021209 8.0490760091 
 8.0531155587 8.0513939527 8.0495917879 
 8.0535876751 8.0518918866 8.0501142872 
 8.0540597390 8.0523898520 8.0506370814 
 8.0545266721 8.0528824560 8.0511544526 
 8.0549840067 8.0533649549 8.0516613650 
 8.0554278403 8.0538332076 8.0521534213 
 8.0558547838 8.0542836216 8.0526268071 
 8.0562619082 8.0547130960 8.0530782319 
 8.0566466925 8.0551189662 8.0535048711 
 8.0570069757 8.0554989518 8.0539043101 
 8.0573409126 8.0558511090 8.0542744937 
 8.0576469348 8.0561737884 8.0546136806 
 8.0579237160 8.0564655978 8.0549204033 
 8.0581701427 8.0567253698 8.0551934334 
 8.0583852878 8.0569521344 8.0554317514 
 8.0585683895 8.0571450955 8.0556345219 
 8.0587188324 8.0573036109 8.0558010723 
 8.0588361333 8.0574271770 8.0559308755 
 8.0589199285 8.0575154155 8.0560235366 
 8.0589699654 8.0575680641 8.0560787820 
 8.0589860956 8.0575849692 8.0560964524 
 8.0589682714 8.0575660825 8.0560764985 
 8.0589165444 8.0575114592 8.0560189793 
 8.0588310670 8.0574212592 8.0559240638 
 8.0587120959 8.0572957517 8.0557920350 
 8.0585599988 8.0571353216 8.0556232973 
 8.0583752635 8.0569404792 8.0554183869 
 8.0581585097 8.0567118735 8.0551779855 
 8.0579105047 8.0564503075 8.0549029378 
 8.0576321811 8.0561567591 8.0545942724 
 8.0573246595 8.0558324035 8.0542532277 
 8.0569892740 8.0554786426 8.0538812819 
 8.0566276030 8.0550971365 8.0534801886 
 8.0562415036 8.0546898421 8.0530520169 
 8.0558331518 8.0542590556 8.0525991983 
 8.0554050870 8.0538074610 8.0521245778 
 8.0549602606 8.0533381827 8.0516314704 
 8.0545020895 8.0528548418 8.0511237203 
 8.0540345091 8.0523616138 8.0506057605 
 8.0535620261 8.0518632829 8.0500826683 
 8.0530897635 8.0513652878 8.0495602092 
 8.0526234903 8.0508737508 8.0490448608 
 8.0521696257 8.0503954761 8.0485438029 
 8.0517352040 8.0499379058 8.0480648599 
 8.0513277826 8.0495090149 8.0476163790 
 8.0509552788 8.0491171303 8.0472070302 
 8.0506257213 8.0487706636 8.0468455201 
 8.0503469136 8.0484777556 8.0465402238 
 8.0501260217 8.0482458498 8.0462987528 
 8.0499691202 8.0480812305 8.0461274973 
 8.0498807482 8.0479885776 8.0460311947 
 8.0498635429 8.0479706038 8.0460125824 
 8.0499180134 8.0480278317 8.0460721862 
 8.0500424967 8.0481585510 8.0462082808 
 8.0502333048 8.0483589631 8.0464170261 
 8.0504850348 8.0486234871 8.0466927583 
 8.0507909851 8.0489451740 8.0470283895 
 8.0511436109 8.0493161677 8.0474158599 
 8.0515349597 8.0497281520 8.0478465844 
 8.0519570440 8.0501727393 8.0483118527 
 8.0524021291 8.0506417786 8.0488031524 
 8.0528629339 8.0511275740 8.0493124075 
 8.0533327538 8.0516230230 8.0498321345 
 8.0538055195 8.0521216865 8.0503555274 
 8.0542758100 8.0526178090 8.0508764887 
 8.0547388338 8.0531063019 8.0513896196 
 8.0551903902 8.0535827061 8.0518901856 
 8.0556268202 8.0540431407 8.0523740653 
 8.0560449538 8.0544842472 8.0528376937 
 8.0564420564 8.0549031327 8.0532780025 
 8.0568157791 8.0552973162 8.0536923629 
 8.0571641118 8.0556646783 8.0540785321 
 8.0574853416 8.0560034160 8.0544346054 
 8.0577780160 8.0563120029 8.0547589724 
 8.0580409102 8.0565891545 8.0550502799 
 8.0582729998 8.0568337976 8.0553073995 
 8.0584734366 8.0570450451 8.0555293997 
 8.0586415284 8.0572221743 8.0557155224 
 8.0587767225 8.0573646088 8.0558651643 
 8.0588785923 8.0574719042 8.0559778609 
 8.0589468263 8.0575437369 8.0560532743 
 8.0589812207 8.0575798954 8.0560911845 
 8.0589816741 8.0575802753 8.0560914834 
 8.0589481845 8.0575448759 8.0560541718 
 8.0588808499 8.0574738006 8.0559793591 
 8.0587798702 8.0573672591 8.0558672664 
 8.0586455524 8.0572255732 8.0557182317 
 8.0584783186 8.0570491842 8.0555327188 
 8.0582787157 8.0568386648 8.0553113292 
 8.0580474298 8.0565947330 8.0550548177 
 8.0577853018 8.0563182699 8.0547641109 
 8.0574933485 8.0560103414 8.0544403312 
 8.0571727855 8.0556722238 8.0540848235 
 8.0568250558 8.0553054338 8.0536991888 
 8.0564518620 8.0549117638 8.0532853209 
 8.0560552033 8.0544933217 8.0528454504 
 8.0556374178 8.0540525768 8.0523821931 
 8.0552012290 8.0535924096 8.0518986040 
 8.0547497966 8.0531161669 8.0513982351 
 8.0542867704 8.0526277190 8.0508851953 
 8.0538163436 8.0521315159 8.0503642091 
 8.0533433026 8.0516326396 8.0498406670 
 8.0528730665 8.0511368425 8.0493206624 
 8.0524117062 8.0506505641 8.0488110009 
 8.0519659323 8.0501809121 8.0483191708 
 8.0515430360 8.0497355921 8.0478532576 
 8.0511507663 8.0493227691 8.0474217873 
 8.0507971281 8.0489508478 8.0470334877 
 8.0504900926 8.0486281632 8.0466969622 
 8.0502372234 8.0483625903 8.0464202893 
 8.0500452395 8.0481610945 8.0462105726 
 8.0499195576 8.0480292705 8.0460734884 
 8.0498638763 8.0479709269 8.0460128859 
 8.0498798672 8.0479877815 8.0460304966 
 8.0499670291 8.0480793190 8.0461258003 
 8.0501227342 8.0482428354 8.0462960672 
 8.0503424556 8.0484736624 8.0465365705 
 8.0506201347 8.0487655311 8.0468409341 
 8.0509486236 8.0491110158 8.0472015640 
 8.0513201382 8.0495019951 8.0476101040 
 8.0517266685 8.0499300760 8.0480578660 
 8.0521603137 8.0503869476 8.0485361959 
 8.0526135287 8.0508646474 8.0490367589 
 8.0530792881 8.0513557410 8.0495517380 
 8.0535511766 8.0518534273 8.0500739559 
 8.0540234255 8.0523515834 8.0505969332 
 8.0544909084 8.0528447656 8.0511148984 
 8.0549491127 8.0533281820 8.0516227653 
 8.0553940943 8.0537976476 8.0521160895 
 8.0558224272 8.0542495299 8.0525910144 
 8.0562311489 8.0546806927 8.0530442118 
 8.0566177093 8.0550884402 8.0534728234 
 8.0569799216 8.0554704642 8.0538744054 
 8.0573159180 8.0558247970 8.0542468769 
 8.0576241101 8.0561497681 8.0545884742 
 8.0579031547 8.0564439671 8.0548977104 
 8.0581519228 8.0567062104 8.0551733398 
 8.0583694740 8.0569355141 8.0554143281 
 8.0585550347 8.0571310693 8.0556198269 
 8.0587079791 8.0572922232 8.0557891517 
 8.0588278143 8.0574184619 8.0559217651 
 8.0589141680 8.0575093981 8.0560172625 
 8.0589667795 8.0575647610 8.0560753614 
 8.0589854927 8.0575843890 8.0560958943 
 8.0589702523 8.0575682261 8.0560788035 
 8.0589211026 8.0575163194 8.0560241400 
 8.0588381882 8.0574288212 8.0559320643 
 8.0587217578 8.0573059920 8.0558028506 
 8.0585721705 8.0571482079 8.0556368940 
 8.0583899046 8.0569559693 8.0554347203 
 8.0581755697 8.0567299142 8.0551969998 
 8.0579299211 8.0564708335 8.0549245640 
 8.0576538784 8.0561796910 8.0546184270 
 8.0573485471 8.0558576464 8.0542798105 
 8.0570152443 8.0555060831 8.0539101733 
 8.0566555287 8.0551266407 8.0535112469 
 8.0562712352 8.0547212522 8.0530850751 
 8.0558645142 8.0542921866 8.0526340602 
 8.0554378758 8.0538420967 8.0521610142 
 8.0549942388 8.0533740719 8.0516692143 
 8.0545369826 8.0528916935 8.0511624628 
 8.0540700018 8.0523990931 8.0506451459 
 8.0535977580 8.0519010071 8.0501222905 
 8.0531253262 8.0514028234 8.0495996087 
 8.0526584259 8.0509106118 8.0490835241 
 8.0522034275 8.0504311259 8.0485811644 
 8.0517673209 8.0499717619 8.0481003084 
 8.0513576284 8.0495404596 8.0476492694 
 8.0509822472 8.0491455271 8.0472367016 
 8.0506492077 8.0487953805 8.0468713203 
 8.0503663434 8.0484981946 8.0465615396 
 8.0501408838 8.0482614812 8.0463150443 
 8.0499790010 8.0480916277 8.0461383321 
 8.0498853638 8.0479934487 8.0460362784 
 8.0498627626 8.0479698147 8.0460117802 
 8.0499118707 8.0480214174 8.0460655339 
 8.0500311860 8.0481467118 8.0461959811 
 8.0502171641 8.0483420480 8.0463994325 
 8.0504645182 8.0486019659 8.0466703490 
 8.0507666289 8.0489196041 8.0470017347 
 8.0511159996 8.0492871592 8.0473855872 
 8.0515046951 8.0496963352 8.0478133466 
 8.0519247198 8.0501387388 8.0482762999 
 8.0523683122 8.0506061926 8.0487659109 
 8.0528281524 8.0510909613 8.0492740646 
 8.0532974899 8.0515858946 8.0497932294 
 8.0537702070 8.0520845028 8.0503165471 
 8.0542408347 8.0525809793 8.0508378669 
 8.0547045353 8.0530701868 8.0513517389 
 8.0551570655 8.0535476206 8.0518533803 
 8.0555947277 8.0540093584 8.0523386259 
 8.0560143169 8.0544520046 8.0528038708 
 8.0564130680 8.0548726334 8.0532460118 
 8.0567886045 8.0552687348 8.0536623889 
 8.0571388927 8.0556381637 8.0540507324 
 8.0574621986 8.0559790950 8.0544091135 
 8.0577570514 8.0562899829 8.0547359014 
 8.0580222105 8.0565695259 8.0550297249 
 8.0582566372 8.0568166358 8.0552894397 
 8.0584594708 8.0570304126 8.0555141002 
 8.0586300082 8.0572101218 8.0557029365 
 8.0587676868 8.0573551767 8.0558553341 
 8.0588720708 8.0574651235 8.0559708185 
 8.0589428406 8.0575396298 8.0560490428 
 8.0589797846 8.0575784761 8.0560897785 
 8.0589827936 8.0575815500 8.0560929093 
 8.0589518586 8.0575488432 8.0560584279 
 8.0588870699 8.0574804513 8.0559864356 
 8.0587886197 8.0573765759 8.0558771449 
 8.0586568068 8.0572375302 8.0557308848 
 8.0584920443 8.0570637463 8.0555481094 
 8.0582948695 8.0568557865 8.0553294095 
 8.0580659574 8.0566143574 8.0550755277 
 8.0578061368 8.0563403274 8.0547873772 
 8.0575164105 8.0560347475 8.0544660646 
 8.0571979784 8.0556988773 8.0541129172 
 8.0568522654 8.0553342145 8.0537295155 
 8.0564809532 8.0549425292 8.0533177299 
 8.0560860176 8.0545259044 8.0528797641 
 8.0556697695 8.0540867804 8.0524182032 
 8.0552349017 8.0536280049 8.0519360671 
 8.0547845394 8.0531528878 8.0514368683 
 8.0543222935 8.0526652578 8.0509246719 
 8.0538523145 8.0521695196 8.0504041538 
 8.0533793426 8.0516707057 8.0498806531 
 8.0529087480 8.0511745171 8.0493602092 
 8.0524465523 8.0506873415 8.0488495745 
 8.0519994191 8.0502162379 8.0483561878 
 8.0515745989 8.0497688701 8.0478880937 
 8.0511798117 8.0493533749 8.0474537921 
 8.0508230512 8.0489781477 8.0470620053 
 8.0505123026 8.0486515410 8.0467213585 
 8.0502551738 8.0483814785 8.0464399842 
 8.0500584620 8.0481750092 8.0462250745 
 8.0499276963 8.0480378451 8.0460824270 
 8.0498667157 8.0479739405 8.0460160390 
 8.0498773503 8.0479851765 8.0460278070 
 8.0499592621 8.0480712052 8.0461173797 
 8.0501099766 8.0482294808 8.0462821872 
 8.0503250979 8.0484554706 8.0465176411 
 8.0505986674 8.0487430110 8.0468174745 
 8.0509236032 8.0490847471 8.0471741690 
 8.0512921546 8.0494725945 8.0475794103 
 8.0516963166 8.0498981679 8.0480245217 
 8.0521281710 8.0503531408 8.0485008365 
 8.0525801404 8.0508295177 8.0489999883 
 8.0530451573 8.0513198211 8.0495141172 
 8.0535167597 8.0518172012 8.0500359960 
 8.0539891306 8.0523154842 8.0505590928 
 8.0544570971 8.0528091769 8.0510775841 
 8.0549161024 8.0532934407 8.0515863345 
 8.0553621622 8.0537640473 8.0520808537 
 8.0557918138 8.0542173253 8.0525572436 
 8.0562020624 8.0546501037 8.0530121390 
 8.0565903288 8.0550596558 8.0534426486 
 8.0569544009 8.0554436465 8.0538462998 
 8.0572923887 8.0558000843 8.0542209864 
 8.0576026844 8.0561272780 8.0545649227 
 8.0578839274 8.0564237991 8.0548766024 
 8.0581349741 8.0566884482 8.0551547632 
 8.0583548708 8.0569202274 8.0553983560 
 8.0585428321 8.0571183158 8.0556065193 
 8.0586982219 8.0572820492 8.0557785572 
 8.0588205377 8.0574109041 8.0559139218 
 8.0589093988 8.0575044842 8.0560121991 
 8.0589645364 8.0575625102 8.0560730979 
 8.0589857867 8.0575848128 8.0560964422 
 8.0589730871 8.0575713280 8.0560821663 
 8.0589264745 8.0575220952 8.0560303131 
 8.0588460859 8.0574372589 8.0559410349 
 8.0587321620 8.0573170714 8.0558145972 
 8.0585850534 8.0571618996 8.0556513856 
 8.0584052293 8.0569722346 8.0554519159 
 8.0581932887 8.0567487032 8.0552168469 
 8.0579499757 8.0564920846 8.0549469975 
 8.0576761967 8.0562033288 8.0546433673 
 8.0573730426 8.0558835797 8.0543071614 
 8.0570418137 8.0555342031 8.0539398197 
 8.0566840492 8.0551568182 8.0535430519 
 8.0563015622 8.0547533343 8.0531188768 
 8.0558964777 8.0543259938 8.0526696681 
 8.0554712774 8.0538774189 8.0521982050 
 8.0550288474 8.0534106640 8.0517077279 
 8.0545725307 8.0529292716 8.0512019972 
 8.0541061811 8.0524373299 8.0506853533 
 8.0536342159 8.0519395278 8.0501627730 
 8.0531616625 8.0514412029 8.0496399156 
 8.0526941909 8.0509483730 8.0491231507 
 8.0522381231 8.0504677407 8.0486195539 
 8.0518004040 8.0500066563 8.0481368581 
 8.0513885200 8.0495730231 8.0476833416 
 8.0510103467 8.0491751291 8.0472676410 
 8.0506739141 8.0488213925 8.0468984783 
 8.0503870829 8.0485200194 8.0465843037 
 8.0501571421 8.0482785860 8.0463328715 
 8.0499903581 8.0481035794 8.0461507837 
 8.0498915256 8.0479999452 8.0460430500 
 8.0498635852 8.0479707090 8.0460127247 
 8.0499073723 8.0480167292 8.0460606722 
 8.0500215449 8.0481366254 8.0461855002 
 8.0502027029 8.0483268966 8.0463836706 
 8.0504456764 8.0485822049 8.0466497696 
 8.0507439307 8.0488957782 8.0469768953 
 8.0510900195 8.0492598679 8.0473571047 
 8.0514760271 8.0496662011 8.0477818653 
 8.0518939521 8.0501063804 8.0482424637 
 8.0523360081 8.0505722043 8.0487303416 
 8.0527948378 8.0510558991 8.0492373468 
 8.0532636461 8.0515502686 8.0497559007 
 8.0537362676 8.0520487730 8.0502790941 
 8.0542071858 8.0525455555 8.0508007236 
 8.0546715177 8.0530354305 8.0513152887 
 8.0551249775 8.0535138481 8.0518179587 
 8.0555638292 8.0539768451 8.0523045247 
 8.0559848332 8.0544209886 8.0527713427 
 8.0563851936 8.0548433202 8.0532152742 
 8.0567625068 8.0552413007 8.0536336283 
 8.0571147152 8.0556127599 8.0540241083 
 8.0574400640 8.0559558502 8.0543847616 
 8.0577370640 8.0562690066 8.0547139368 
 8.0580044586 8.0565509102 8.0550102445 
 8.0582411949 8.0568004584 8.0552725246 
 8.0584463998 8.0570167377 8.0554998178 
 8.0586193590 8.0571990020 8.0556913417 
 8.0587595001 8.0573466542 8.0558464708 
 8.0588663782 8.0574592310 8.0559647208 
 8.0589396653 8.0575363914 8.0560457356 
 8.0589791420 8.0575779076 8.0560892780 
 8.0589846916 8.0575836593 8.0560952236 
 8.0589562975 8.0575536305 8.0560635569 
 8.0588940427 8.0574879090 8.0559943710 
 8.0587981114 8.0573866883 8.0558878699 
 8.0586687945 8.0572502729 8.0557443737 
 8.0585064958 8.0570790856 8.0555643267 
 8.0583117431 8.0568736786 8.0553483088 
 8.0580852004 8.0566347470 8.0550970507 
 8.0578276844 8.0563631462 8.0548114519 
 8.0575401838 8.0560599128 8.0544926035 
 8.0572238828 8.0557262896 8.0541418152 
 8.0568801883 8.0553637550 8.0537606470 
 8.0565107614 8.0549740576 8.0533509462 
 8.0561175543 8.0545592550 8.0529148895 
 8.0557028510 8.0541217587 8.0524550314 
 8.0552693138 8.0536643841 8.0519743570 
 8.0548200334 8.0531904040 8.0514763395 
 8.0543585819 8.0527036058 8.0509649999 
 8.0538890672 8.0522083488 8.0504449663 
 8.0534161834 8.0517096162 8.0499215256 
 8.0529452517 8.0512130575 8.0494006637 
 8.0524822442 8.0507250084 8.0488890791 
 8.0520337771 8.0502524783 8.0483941606 
 8.0516070593 8.0498030888 8.0479239111 
 8.0512097804 8.0493849468 8.0474868027 
 8.0508499219 8.0490064372 8.0470915505 
 8.0505354804 8.0486759275 8.0467467997 
 8.0502741062 8.0484013878 8.0464607344 
 8.0500726724 8.0481899488 8.0462406330 
 8.0499368183 8.0480474379 8.0460924128 
 8.0498705221 8.0479779535 8.0460202178 
 8.0498757723 8.0479835398 8.0460261095 
 8.0499523949 8.0480640175 8.0461099063 
 8.0500980702 8.0482170003 8.0462691998 
 8.0503085359 8.0484380941 8.0464995428 
 8.0505779363 8.0487212432 8.0467947804 
 8.0508992586 8.0490591664 8.0471474724 
 8.0512647876 8.0494438191 8.0475493489 
 8.0516665252 8.0498668257 8.0479917473 
 8.0520965378 8.0503198451 8.0484659892 
 8.0525472162 8.0507948505 8.0489636783 
 8.0530114512 8.0512843215 8.0494769121 
 8.0534827339 8.0517813594 8.0499984134 
 8.0539551995 8.0522797398 8.0505215980 
 8.0544236277 8.0527739195 8.0510405902 
 8.0548834175 8.0532590126 8.0515502045 
 8.0553305436 8.0537307472 8.0520459046 
 8.0557615063 8.0541854125 8.0525237503 
 8.0561732778 8.0546198021 8.0529803387 
 8.0565632497 8.0550311581 8.0534127452 
 8.0569291842 8.0554171178 8.0538184679 
 8.0572691686 8.0557756658 8.0541953749 
 8.0575815752 8.0561050898 8.0545416581 
 8.0578650264 8.0564039428 8.0548557916 
 8.0581183628 8.0566710094 8.0551364958 
 8.0583406177 8.0569052774 8.0553827069 
 8.0585309936 8.0571059134 8.0555935500 
 8.0586888437 8.0572722420 8.0557683174 
 8.0588136561 8.0574037298 8.0559064506 
 8.0589050412 8.0574999711 8.0560075260 
 8.0589627219 8.0575606782 8.0560712434 
 8.0589865269 8.0575856736 8.0560974184 
 8.0589763859 8.0575748854 8.0560859769 
 8.0589323281 8.0575283453 8.0560369537 
 8.0588544830 8.0574461895 8.0559504925 
 8.0587430832 8.0573286621 8.0558268502 
 8.0585984707 8.0571761209 8.0556664030 
 8.0584211051 8.0569890472 8.0554696561 
 8.0582115753 8.0567680569 8.0552372570 
 8.0579706136 8.0565139170 8.0549700117 
 8.0576991134 8.0562275636 8.0546689052 
 8.0573981505 8.0559101251 8.0543351259 
 8.0570690084 8.0555629492 8.0539700947 
 8.0567132070 8.0551876344 8.0535754994 
 8.0563325370 8.0547860667 8.0531533336 
 8.0559290984 8.0543604614 8.0527059422 
 8.0555053438 8.0539134098 8.0522360717 
 8.0550641267 8.0534479316 8.0517469250 
 8.0546087535 8.0529675300 8.0512422210 
 8.0541430369 8.0524762495 8.0507262536 
 8.0536713497 8.0519787313 8.0502039492 
 8.0531986710 8.0514802621 8.0496809138 
 8.0527306213 8.0509868072 8.0491634623 
 8.0522734731 8.0505050175 8.0486586176 
 8.0518341257 8.0500421963 8.0481740652 
 8.0514200283 8.0496062095 8.0477180474 
 8.0510390337 8.0492053233 8.0472991818 
 8.0506991701 8.0488479564 8.0469261951 
 8.0504083237 8.0485423447 8.0466075720 
 8.0501738420 8.0482961278 8.0463511356 
 8.0500020849 8.0481158913 8.0461635911 
 8.0498979730 8.0480067125 8.0460500830 
 8.0498645983 8.0479717731 8.0460138241 
 8.0499029609 8.0480121005 8.0460558494 
 8.0500118820 8.0481264827 8.0461749362 
 8.0501881095 8.0483115713 8.0463677014 
 8.0504265950 8.0485621550 8.0466288613 
 8.0507208919 8.0488715550 8.0469516115 
 8.0510636076 8.0492320810 8.0473280723 
 8.0514468481 8.0496354851 8.0477497410 
 8.0518626072 8.0500733676 8.0482079054 
 8.0523030743 8.0505375032 8.0486939859 
 8.0527608544 8.0510200804 8.0491997931 
 8.0532291071 8.0515138557 8.0497177013 
 8.0537016185 8.0520122386 8.0502407487 
 8.0541728233 8.0525093207 8.0507626787 
 8.0546377920 8.0529998670 8.0512779383 
 8.0550921952 8.0534792813 8.0517816482 
 8.0555322573 8.0539435577 8.0522695543 
 8.0559547030 8.0543892256 8.0527379720 
 8.0563567046 8.0548132925 8.0531837266 
 8.0567358308 8.0552131894 8.0536040956 
 8.0570899991 8.0555867197 8.0539967539 
 8.0574174333 8.0559320131 8.0543597246 
 8.0577166253 8.0562474842 8.0546913349 
 8.0579863017 8.0565317968 8.0549901768 
 8.0582253952 8.0567838327 8.0552550738 
 8.0584330197 8.0570026649 8.0554850522 
 8.0586084495 8.0571875354 8.0556793168 
 8.0587511019 8.0573378360 8.0558372310 
 8.0588605227 8.0574530939 8.0559583000 
 8.0589363753 8.0575329589 8.0560421582 
 8.0589784320 8.0575771948 8.0560885598 
 8.0589865686 8.0575856733 8.0560973717 
 8.0589607608 8.0575583704 8.0560685700 
 8.0589010837 8.0574953657 8.0560022397 
 8.0588077138 8.0573968445 8.0558985758 
 8.0586809332 8.0572631025 8.0557578893 
 8.0585211371 8.0570945531 8.0555806144 
 8.0583288430 8.0568917379 8.0553673203 
 8.0581047038 8.0566553404 8.0551187252 
 8.0578495239 8.0563862029 8.0548357149 
 8.0575642778 8.0560853473 8.0545193648 
 8.0572501339 8.0557539993 8.0541709666 
 8.0569084805 8.0553936181 8.0537920598 
 8.0565409582 8.0550059300 8.0533844679 
 8.0561494951 8.0545929673 8.0529503407 
 8.0557363480 8.0541571125 8.0524922017 
 8.0553041484 8.0537011479 8.0520130006 
 8.0548559519 8.0532283090 8.0515161711 
 8.0543952918 8.0527423415 8.0510056898 
 8.0539262328 8.0522475586 8.0504861357 
 8.0534534219 8.0517488939 8.0499627436 
 8.0529821311 8.0512519442 8.0494414445 
 8.0525182820 8.0507629924 8.0489288822 
 8.0520684423 8.0502889974 8.0484323942 
 8.0516397782 8.0498375374 8.0479599404 
 8.0512399482 8.0494166878 8.0475199637 
 8.0508769196 8.0490348217 8.0471211705 
 8.0505586998 8.0487003202 8.0467722243 
 8.0502929802 8.0484211994 8.0464813601 
 8.0500867099 8.0482046708 8.0462559425 
 8.0499456392 8.0480566782 8.0461020090 
 8.0498738873 8.0479814663 8.0460238530 
 8.0498736041 8.0479812457 8.0460237038 
 8.0499447839 8.0480560100 8.0461015544 
 8.0500852674 8.0482035378 8.0462551629 
 8.0502909307 8.0484195788 8.0464802290 
 8.0505560261 8.0486981905 8.0467707149 
 8.0508736135 8.0490321697 8.0471192632 
 8.0512360164 8.0494135144 8.0475176521 
 8.0516352453 8.0498338608 8.0479572346 
 8.0520633511 8.0502848542 8.0484293223 
 8.0525126928 8.0507584357 8.0489254887 
 8.0529761184 8.0512470412 8.0494377874 
 8.0534470707 8.0517437217 8.0499588905 
 8.0539196349 8.0522422001 8.0504821593 
 8.0543885419 8.0527368816 8.0510016638 
 8.0548491445 8.0532228311 8.0515121668 
 8.0552973748 8.0536957312 8.0520090839 
 8.0557296946 8.0541518300 8.0524884311 
 8.0561430416 8.0545878843 8.0529467661 
 8.0565347772 8.0550011035 8.0533811298 
 8.0569026363 8.0553890965 8.0537889894 
 8.0572446828 8.0557498224 8.0541681863 
 8.0575592685 8.0560815472 8.0545168890 
 