8.0660607996 8.0663910439 8.0666060546 
 8.0661855561 8.0665263729 8.0667527442 
 8.0663058532 8.0666569205 8.0668942901 
 8.0664207533 8.0667816695 8.0670295916 
 8.0665294512 8.0668997413 8.0671576944 
 8.0666312651 8.0670103868 8.0672777798 
 8.0667256254 8.0671129747 8.0673891536 
 8.0668120639 8.0672069803 8.0674912338 
 8.0668902012 8.0672919734 8.0675835383 
 8.0669597355 8.0673676060 8.0676656730 
 8.0670204297 8.0674336006 8.0677373199 
 8.0670721008 8.0674897393 8.0677982256 
 8.0671146093 8.0675358527 8.0678481917 
 8.0671478492 8.0675718115 8.0678870650 
 8.0671717406 8.0675975181 8.0679147303 
 8.0671862231 8.0676129006 8.0679311044 
 8.0671912515 8.0676179087 8.0679361314 
 8.0671867932 8.0676125111 8.0679297812 
 8.0671728285 8.0675966953 8.0679120484 
 8.0671493519 8.0675704699 8.0678829548 
 8.0671163769 8.0675338680 8.0678425530 
 8.0670739416 8.0674869535 8.0677909320 
 8.0670221166 8.0674298282 8.0677282244 
 8.0669610144 8.0673626416 8.0676546160 
 8.0668908002 8.0672856004 8.0675703552 
 8.0668117028 8.0671989807 8.0674757645 
 8.0667240275 8.0671031390 8.0673712524 
 8.0666281678 8.0669985255 8.0672573256 
 8.0665246184 8.0668856956 8.0671346016 
 8.0664139866 8.0667653228 8.0670038214 
 8.0662970040 8.0666382099 8.0668658611 
 8.0661745367 8.0665052996 8.0667217432 
 8.0660475935 8.0663676837 8.0665726466 
 8.0659173325 8.0662266103 8.0664199140 
 8.0657850647 8.0660834874 8.0662650576 
 8.0656522529 8.0659398836 8.0661097597 
 8.0655205061 8.0657975228 8.0659558687 
 8.0653915677 8.0656582723 8.0658053875 
 8.0652672948 8.0655241225 8.0656604537 
 8.0651496284 8.0653971564 8.0655233077 
 8.0650405527 8.0652795066 8.0653962481 
 8.0649420430 8.0651733005 8.0652815731 
 8.0648560024 8.0650805921 8.0651815069 
 8.0647841901 8.0650032835 8.0650981148 
 8.0647281445 8.0649430417 8.0650332099 
 8.0646891079 8.0649012142 8.0649882609 
 8.0646679600 8.0648787556 8.0649643083 
 8.0646651682 8.0648761715 8.0649619024 
 8.0646807606 8.0648934883 8.0649810683 
 8.0647143259 8.0649302533 8.0650213062 
 8.0647650397 8.0649855640 8.0650816251 
 8.0648317144 8.0650581242 8.0651606049 
 8.0649128651 8.0651463168 8.0652564794 
 8.0650067839 8.0652482873 8.0653672280 
 8.0651116165 8.0653620269 8.0654906685 
 8.0652254333 8.0654854504 8.0656245413 
 8.0653462915 8.0656164629 8.0657665825 
 8.0654722874 8.0657530153 8.0659145822 
 8.0656015961 8.0658931460 8.0660664290 
 8.0657325011 8.0660350118 8.0662201407 
 8.0658634143 8.0661769070 8.0663738852 
 8.0659928879 8.0663172763 8.0665259910 
 8.0661196201 8.0664547188 8.0666749518 
 8.0662424554 8.0665879883 8.0668194255 
 8.0663603816 8.0667159891 8.0669582286 
 8.0664725231 8.0668377689 8.0670903293 
 8.0665781329 8.0669525103 8.0672148371 
 8.0666765822 8.0670595197 8.0673309922 
 8.0667673496 8.0671582166 8.0674381535 
 8.0668500095 8.0672481214 8.0675357867 
 8.0669242196 8.0673288430 8.0676234517 
 8.0669897094 8.0674000677 8.0677007910 
 8.0670462682 8.0674615465 8.0677675176 
 8.0670937343 8.0675130853 8.0678234047 
 8.0671319846 8.0675545342 8.0678682758 
 8.0671609261 8.0675857793 8.0679019961 
 8.0671804886 8.0676067355 8.0679244657 
 8.0671906191 8.0676173415 8.0679356145 
 8.0671912783 8.0676175556 8.0679353985 
 8.0671824396 8.0676073553 8.0679237991 
 8.0671640893 8.0675867373 8.0679008229 
 8.0671362303 8.0675557211 8.0678665055 
 8.0670988862 8.0675143529 8.0678209152 
 8.0670521094 8.0674627133 8.0677641604 
 8.0669959883 8.0674009248 8.0676963970 
 8.0669306585 8.0673291619 8.0676178382 
 8.0668563131 8.0672476620 8.0675287652 
 8.0667732146 8.0671567367 8.0674295387 
 8.0666817075 8.0670567841 8.0673206110 
 8.0665822305 8.0669483015 8.0672025383 
 8.0664753286 8.0668318974 8.0670759937 
 8.0663616654 8.0667083034 8.0669417789 
 8.0662420332 8.0665783857 8.0668008363 
 8.0661173630 8.0664431549 8.0666542594 
 8.0659887321 8.0663037740 8.0665033020 
 8.0658573687 8.0661615648 8.0663493846 
 8.0657246544 8.0660180096 8.0661940980 
 8.0655921204 8.0658747496 8.0660392021 
 8.0654614400 8.0657335771 8.0658866186 
 8.0653344120 8.0655964192 8.0657384158 
 8.0652129366 8.0654653137 8.0655967833 
 8.0650989807 8.0653423727 8.0654639951 
 8.0649945317 8.0652297341 8.0653423579 
 8.0649015401 8.0651295008 8.0652341458 
 8.0648218522 8.0650436670 8.0651415212 
 8.0647571350 8.0649740372 8.0650664449 
 8.0647087996 8.0649221411 8.0650105825 
 8.0646779284 8.0648891536 8.0649752146 
 8.0646652162 8.0648758276 8.0649611622 
 8.0646709295 8.0648824500 8.0649687355 
 8.0646948921 8.0649088242 8.0649977156 
 8.0647364973 8.0649542847 8.0650473698 
 8.0647947459 8.0650177392 8.0651165002 
 8.0648683042 8.0650977335 8.0652035158 
 8.0649555748 8.0651925304 8.0653065213 
 8.0650547729 8.0653001939 8.0654234102 
 8.0651640008 8.0654186708 8.0655519546 
 8.0652813157 8.0655458636 8.0656898846 
 8.0654047870 8.0656796923 8.0658349547 
 8.0655325429 8.0658181437 8.0659849954 
 8.0656628052 8.0659593074 8.0661379518 
 8.0657939145 8.0661014015 8.0662919088 
 8.0659243464 8.0662427887 8.0664451072 
 8.0660527199 8.0663819845 8.0665959517 
 8.0661778008 8.0665176594 8.0667430118 
 8.0662985002 8.0666486374 8.0668850193 
 8.0664138698 8.0667738897 8.0670208617 
 8.0665230943 8.0668925274 8.0671495735 
 8.0666254825 8.0670037916 8.0672703259 
 8.0667204565 8.0671070422 8.0673824153 
 8.0668075405 8.0672017465 8.0674852513 
 8.0668863488 8.0672874674 8.0675783446 
 8.0669565737 8.0673638508 8.0676612945 
 8.0670179735 8.0674306143 8.0677337773 
 8.0670703616 8.0674875354 8.0677955352 
 8.0671135951 8.0675344415 8.0678463655 
 8.0671475658 8.0675712003 8.0678861121 
 8.0671721921 8.0675977120 8.0679146569 
 8.0671874121 8.0676139030 8.0679319143 
 8.0671931796 8.0676197213 8.0679378266 
 8.0671894612 8.0676151340 8.0679323614 
 8.0671762358 8.0676001274 8.0679155116 
 8.0671534971 8.0675747082 8.0678872968 
 8.0671212568 8.0675389075 8.0678477668 
 8.0670795507 8.0674927864 8.0677970077 
 8.0670284467 8.0674364437 8.0677351485 
 8.0669680539 8.0673700248 8.0676623705 
 8.0668985327 8.0672937316 8.0675789168 
 8.0668201069 8.0672078344 8.0674851039 
 8.0667330754 8.0671126832 8.0673813331 
 8.0666378244 8.0670087203 8.0672681032 
 8.0665348404 8.0668964929 8.0671460228 
 8.0664247216 8.0667766647 8.0670158228 
 8.0663081897 8.0666500282 8.0668783685 
 8.0661861000 8.0665175151 8.0667346708 
 8.0660594502 8.0663802054 8.0665858961 
 8.0659293869 8.0662393349 8.0664333746 
 8.0657972090 8.0660962994 8.0662786052 
 8.0656643678 8.0659526552 8.0661232572 
 8.0655324618 8.0658101147 8.0659691666 
 8.0654032246 8.0656705348 8.0658183252 
 8.0652785055 8.0655358977 8.0656728614 
 8.0651602407 8.0654082807 8.0655350092 
 8.0650504129 8.0652898147 8.0654070649 
 8.0649510005 8.0651826301 8.0652913297 
 8.0648639152 8.0650887894 8.0651900368 
 8.0647909302 8.0650102103 8.0651052673 
 8.0647336040 8.0649485809 8.0650388578 
 8.0646932049 8.0649052768 8.0649923071 
 8.0646706429 8.0648812857 8.0649666920 
 8.0646664188 8.0648771497 8.0649626025 
 8.0646805954 8.0648929329 8.0649801050 
 8.0647127947 8.0649282190 8.0650187399 
 8.0647622229 8.0649821388 8.0650775522 
 8.0648277184 8.0650534238 8.0651551522 
 8.0649078162 8.0651404789 8.0652497970 
 8.0650008231 8.0652414648 8.0653594823 
 8.0651048931 8.0653543813 8.0654820348 
 8.0652180997 8.0654771463 8.0656151978 
 8.0653384990 8.0656076633 8.0657567051 
 8.0654641823 8.0657438775 8.0659043406 
 8.0655933171 8.0658838193 8.0660559834 
 8.0657241775 8.0660256347 8.0662096404 
 8.0658551645 8.0661676070 8.0663634669 
 8.0659848190 8.0663081685 8.0665157785 
 8.0661118276 8.0664459060 8.0666650558 
 8.0662350232 8.0665795613 8.0668099439 
 8.0663533827 8.0667080269 8.0669492470 
 8.0664660198 8.0668303397 8.0670819216 
 8.0665721778 8.0669456718 8.0672070665 
 8.0666712190 8.0670533204 8.0673239121 
 8.0667626139 8.0671526965 8.0674318083 
 8.0668459298 8.0672433129 8.0675302128 
 8.0669208183 8.0673247721 8.0676186787 
 8.0669870035 8.0673967545 8.0676968421 
 8.0670442707 8.0674590067 8.0677644112 
 8.0670924544 8.0675113304 8.0678211546 
 8.0671314289 8.0675535727 8.0678668922 
 8.0671610992 8.0675856170 8.0679014862 
 8.0671813935 8.0676073764 8.0679248343 
 8.0671922575 8.0676187875 8.0679368640 
 8.0671936510 8.0676198074 8.0679375295 
 8.0671855464 8.0676104122 8.0679268101 
 8.0671679289 8.0675905969 8.0679047106 
 8.0671408000 8.0675603791 8.0678712640 
 8.0671041817 8.0675198028 8.0678265361 
 8.0670581236 8.0674689457 8.0677706317 
 8.0670027113 8.0674079268 8.0677037029 
 8.0669380763 8.0673369162 8.0676259581 
 8.0668644069 8.0672561460 8.0675376730 
 8.0667819598 8.0671659218 8.0674392017 
 8.0666910729 8.0670666347 8.0673309889 
 8.0665921770 8.0669587738 8.0672135825 
 8.0664858089 8.0668429386 8.0670876461 
 8.0663726223 8.0667198509 8.0669539711 
 8.0662533994 8.0665903662 8.0668134888 
 8.0661290603 8.0664554836 8.0666672807 
 8.0660006708 8.0663163543 8.0665165879 
 8.0658694474 8.0661742876 8.0663628181 
 8.0657367600 8.0660307536 8.0662075489 
 8.0656041287 8.0658873817 8.0660525274 
 8.0654732161 8.0657459529 8.0658996636 
 8.0653458126 8.0656083849 8.0657510152 
 8.0652238117 8.0654767084 8.0656087642 
 8.0651091768 8.0653530315 8.0654751796 
 8.0650038960 8.0652394924 8.0653525682 
 8.0649099254 8.0651381996 8.0652432099 
 8.0648291222 8.0650511590 8.0651492789 
 8.0647631703 8.0649801930 8.0650727557 
 8.0647135037 8.0649268562 8.0650153323 
 8.0646812331 8.0648923537 8.0649783227 
 8.0646670851 8.0648774736 8.0649625857 
 8.0646713606 8.0648825399 8.0649684727 
 8.0646939177 8.0649073936 8.0649958056 
 8.0647341820 8.0649514044 8.0650438905 
 8.0647911829 8.0650135109 8.0651115629 
 8.0648636100 8.0650922840 8.0651972592 
 8.0649498834 8.0651860053 8.0652991040 
 8.0650482299 8.0652927511 8.0654150037 
 8.0651567579 8.0654104741 8.0655427364 
 8.0652735254 8.0655370774 8.0656800325 
 8.0653965989 8.0656704776 8.0658246422 
 8.0655241000 8.0658086544 8.0659743883 
 8.0656542423 8.0659496881 8.0661272055 
 8.0657853562 8.0660917860 8.0662811669 
 8.0659159060 8.0662332987 8.0664345006 
 8.0660444991 8.0663727295 8.0665855980 
 8.0661698899 8.0665087367 8.0667330158 
 8.0662909781 8.0666401323 8.0668754732 
 8.0664068044 8.0667658762 8.0670118456 
 8.0665165434 8.0668850688 8.0671411564 
 8.0666194946 8.0669969412 8.0672625662 
 8.0667150714 8.0671008445 8.0673753622 
 8.0668027905 8.0671962379 8.0674789454 
 8.0668822594 8.0672826772 8.0675728189 
 8.0669531647 8.0673598022 8.0676565756 
 8.0670152601 8.0674273253 8.0677298862 
 8.0670683547 8.0674850196 8.0677924879 
 8.0671123028 8.0675327089 8.0678441743 
 8.0671469938 8.0675702582 8.0678847856 
 8.0671723440 8.0675975653 8.0679142012 
 8.0671882904 8.0676145547 8.0679323331 
 8.0671947856 8.0676211727 8.0679391214 
 8.0671917951 8.0676173853 8.0679345320 
 8.0671792972 8.0676031772 8.0679185557 
 8.0671572840 8.0675785532 8.0678912100 
 8.0671257658 8.0675435426 8.0678525422 
 8.0670847765 8.0674982039 8.0678026354 
 8.0670343811 8.0674426329 8.0677416151 
 8.0669746851 8.0673769708 8.0676696582 
 8.0669058449 8.0673014150 8.0675870027 
 8.0668280788 8.0672162302 8.0674939591 
 8.0667416795 8.0671217597 8.0673909217 
 8.0666470263 8.0670184384 8.0672783815 
 8.0665445974 8.0669068050 8.0671569382 
 8.0664349820 8.0667875139 8.0670273128 
 8.0663188922 8.0666613473 8.0668903600 
 8.0661971725 8.0665292258 8.0667470790 
 8.0660708094 8.0663922178 8.0665986242 
 8.0659409379 8.0662515469 8.0664463128 
 8.0658088454 8.0661085967 8.0662916307 
 8.0656759715 8.0659649112 8.0661362343 
 8.0655439038 8.0658221911 8.0659819471 
 8.0654143661 8.0656822831 8.0658307496 
 8.0652891999 8.0655471607 8.0656847608 
 8.0651703362 8.0654188953 8.0655462081 
 8.0650597560 8.0652996159 8.0654173852 
 8.0649594404 8.0651914552 8.0653005956 
 8.0648713089 8.0650964841 8.0651980808 
 8.0647971484 8.0650166346 8.0651119375 
 8.0647385372 8.0649536160 8.0650440249 
 8.0646967686 8.0649088313 8.0649958712 
 8.0646727829 8.0648833006 8.0649685890 
 8.0646671141 8.0648776024 8.0649628077 
 8.0646798593 8.0648918383 8.0649786352 
 8.0647106742 8.0649256286 8.0650156518 
 8.0647587958 8.0649781376 8.0650729389 
 8.0648230886 8.0650481252 8.0651491377 
 8.0649021086 8.0651340185 8.0652425294 
 8.0649941770 8.0652339939 8.0653511262 
 8.0650974571 8.0653460607 8.0654727644 
 8.0652100257 8.0654681399 8.0656051907 
 8.0653299383 8.0655981340 8.0657461371 
 8.0654552814 8.0657339829 8.0658933814 
 8.0655842152 8.0658737088 8.0660447938 
 8.0657150043 8.0660154478 8.0661983702 
 8.0658460394 8.0661574717 8.0663522535 
 8.0659758500 8.0662982007 8.0665047465 
 8.0661031109 8.0664362095 8.0666543169 
 8.0662266439 8.0665702277 8.0667995967 
 8.0663454145 8.0666991364 8.0669393781 
 8.0664585261 8.0668219611 8.0670726059 
 8.0665652121 8.0669378640 8.0671983682 
 8.0666648257 8.0670461327 8.0673158853 
 8.0667568296 8.0671461697 8.0674244983 
 8.0668407837 8.0672374803 8.0675236570 
 8.0669163336 8.0673196604 8.0676129073 
 8.0669831981 8.0673923847 8.0676918793 
 8.0670411579 8.0674553949 8.0677602759 
 8.0670900443 8.0675084890 8.0678178614 
 8.0671297287 8.0675515106 8.0678644520 
 8.0671601139 8.0675843409 8.0678999070 
 8.0671811266 8.0676068905 8.0679241212 
 8.0671927113 8.0676190947 8.0679370204 
 8.0671948269 8.0676209090 8.0679385566 
 8.0671874446 8.0676123078 8.0679287071 
 8.0671705488 8.0675932849 8.0679074748 
 8.0671441395 8.0675638559 8.0678748904 
 8.0671082369 8.0675240627 8.0678310170 
 8.0670628884 8.0674739801 8.0677759562 
 8.0670081765 8.0674137236 8.0677098562 
 8.0669442287 8.0673434592 8.0676329208 
 8.0668712287 8.0672634138 8.0675454200 
 8.0667894276 8.0671738869 8.0674477015 
 8.0666991565 8.0670752626 8.0673402029 
 8.0666008388 8.0669680222 8.0672234635 
 8.0664950026 8.0668527563 8.0670981377 
 8.0663822925 8.0667301769 8.0669650068 
 8.0662634803 8.0666011288 8.0668249907 
 8.0661394753 8.0664665998 8.0666791592 
 8.0660113317 8.0663277293 8.0665287410 
 8.0658802548 8.0661858143 8.0663751306 
 8.0657476022 8.0660423125 8.0662198927 
 8.0656148831 8.0658988413 8.0660647617 
 8.0654837496 8.0657571706 8.0659116353 
 8.0653559829 8.0656192084 8.0657625609 
 8.0652334698 8.0654869777 8.0656197118 
 8.0651181700 8.0653625825 8.0654853524 
 8.0650120715 8.0652481608 8.0653617887 
 8.0649171354 8.0651458259 8.0652513054 
 8.0648352292 8.0650575945 8.0651560883 
 8.0647680532 8.0649853066 8.0650781361 
 8.0647170634 8.0649305404 8.0650191668 
 8.0646833980 8.0648945308 8.0649805264 
 8.0646678151 8.0648781002 8.0649631115 
 8.0646706495 8.0648816095 8.0649673137 
 8.0646917935 8.0649049371 8.0649929959 
 8.0647307051 8.0649474878 8.0650395027 
 8.0647864425 8.0650082316 8.0651057036 
 8.0648577191 8.0650857651 8.0651900628 
 8.0649429730 8.0651783890 8.0652907254 
 8.0650404431 8.0652841924 8.0654056114 
 8.0651482442 8.0654011345 8.0655325054 
 8.0652644359 8.0655271199 8.0656691389 
 8.0653870821 8.0656600620 8.0658132583 
 8.0655142986 8.0657979340 8.0659626790 
 8.0656442907 8.0659388072 8.0661153259 
 8.0657753789 8.0660808781 8.0662692606 
 8.0659060167 8.0662224860 8.0664226986 
 8.0660348003 8.0663621220 8.0665740186 
 8.0661604724 8.0664984325 8.0667217644 
 8.0662819215 8.0666302174 8.0668646428 
 8.0663981778 8.0667564256 8.0670015172 
 8.0665084058 8.0668761468 8.0671314000 
 8.0666118953 8.0669886023 8.0672534416 
 8.0667080516 8.0670931344 8.0673669196 
 8.0667963836 8.0671891943 8.0674712267 
 8.0668764922 8.0672763306 8.0675658586 
 8.0669480584 8.0673541772 8.0676504015 
 8.0670108309 8.0674224410 8.0677245206 
 8.0670646152 8.0674808911 8.0677879484 
 8.0671092621 8.0675293476 8.0678404743 
 8.0671446587 8.0675676726 8.0678819353 
 8.0671707196 8.0675957616 8.0679122080 
 8.0671873803 8.0676135371 8.0679312021 
 8.0671945923 8.0676209443 8.0679388557 
 8.0671923202 8.0676179473 8.0679351327 
 8.0671805414 8.0676045294 8.0679200220 
 8.0671592467 8.0675806940 8.0678935390 
 8.0671284449 8.0675464682 8.0678557286 
 8.0670881679 8.0675019081 8.0678066709 
 8.0670384780 8.0674471063 8.0677464878 
 8.0669794774 8.0673822004 8.0676753521 
 8.0669113180 8.0673073831 8.0675934968 
 8.0668342132 8.0672229132 8.0675012263 
 8.0667484494 8.0671291281 8.0673989283 
 8.0666543989 8.0670264549 8.0672870858 
 8.0665525320 8.0669154240 8.0671662896 
 8.0664434289 8.0667966805 8.0670372513 
 8.0663277918 8.0666709965 8.0669008147 
 8.0662064549 8.0665392816 8.0667579677 
 8.0660803935 8.0664025926 8.0666098524 
 8.0659507310 8.0662621410 8.0664577734 
 8.0658187430 8.0661192979 8.0663032034 
 8.0656858576 8.0659755953 8.0661477858 
 8.0655536513 8.0658327220 8.0659933315 
 8.0654238380 8.0656925141 8.0658418096 
 8.0652982512 8.0655569361 8.0656953293 
 8.0651788160 8.0654280534 8.0655561110 
 8.0650675113 8.0653079922 8.0654264452 
 8.0649663203 8.0651988871 8.0653086368 
 8.0648771696 8.0651028164 8.0652049351 
 8.0648018590 8.0650217255 8.0651174510 
 8.0647419855 8.0649573440 8.0650480652 
 8.0646988670 8.0649111013 8.0649983347 
 8.0646734729 8.0648840492 8.0649694065 
 8.0646663700 8.0648768017 8.0649619491 
 8.0646776893 8.0648894977 8.0649761110 
 8.0647071201 8.0649217940 8.0650115123 
 8.0647539302 8.0649728883 8.0650672712 
 8.0648170107 8.0650415693 8.0651420601 
 8.0648949386 8.0651262869 8.0652341846 
 8.0649860507 8.0652252336 8.0653416743 
 8.0650885196 8.0653364288 8.0654623758 
 8.0652004265 8.0654577977 8.0655940400 
 8.0653198263 8.0655872420 8.0657343975 
 8.0654448017 8.0657226971 8.0658812208 
 8.0655735060 8.0658621775 8.0660323719 
 8.0657041949 8.0660038097 8.0661858359 
 8.0658352487 8.0661458545 8.0663397440 
 8.0659651860 8.0662867205 8.0664923864 
 8.0660926705 8.0664249705 8.0666422181 
 8.0662165126 8.0665593221 8.0667878587 
 8.0663356669 8.0666886450 8.0669280883 
 8.0664492267 8.0668119542 8.0670618402 
 8.0665564155 8.0669284013 8.0671881919 
 8.0666565778 8.0670372650 8.0673063541 
 8.0667491683 8.0671379393 8.0674156590 
 8.0668337398 8.0672299219 8.0675155484 
 8.0669099318 8.0673128023 8.0676055613 
 8.0669774578 8.0673862497 8.0676853218 
 8.0670360944 8.0674500009 8.0677545277 
 8.0670856691 8.0675038500 8.0678129388 
 8.0671260507 8.0675476375 8.0678603678 
 8.0671571399 8.0675812418 8.0678966709 
 8.0671788618 8.0676045717 8.0679217405 
 8.0671911596 8.0676175606 8.0679355001 
 8.0671939913 8.0676201627 8.0679378998 
 8.0671873271 8.0676123509 8.0679289150 
 8.0671711505 8.0675941175 8.0679085466 
 8.0671454599 8.0675654763 8.0678768231 
 8.0671102741 8.0675264670 8.0678338049 
 8.0670656378 8.0674771616 8.0677795905 
 8.0670116307 8.0674176722 8.0677143241 
 8.0669483766 8.0673481606 8.0676382049 
 8.0668760542 8.0672688485 8.0675514975 
 8.0667949091 8.0671800297 8.0674545433 
 8.0667052660 8.0670820812 8.0673477725 
 8.0666075407 8.0669754764 8.0672317163 
 8.0665022529 8.0668607972 8.0671070197 
 8.0663900376 8.0667387459 8.0669744539 
 8.0662716569 8.0666101566 8.0668349278 
 8.0661480089 8.0664760060 8.0666894994 
 8.0660201368 8.0663374215 8.0665393847 
 8.0658892337 8.0661956877 8.0663859656 
 8.0657566460 8.0660522502 8.0662307935 
 8.0656238710 8.0659087141 8.0660755899 
 8.0654925504 8.0657668380 8.0659222402 
 8.0653644561 8.0656285199 8.0657727810 
 8.0652414678 8.0654957750 8.0656293770 
 8.0651255409 8.0653707024 8.0654942870 
 8.0650186629 8.0652554393 8.0653698156 
 8.0649227990 8.0651521031 8.0652582516 
 8.0648398262 8.0650627206 8.0651617912 
 8.0647714604 8.0649891479 8.0650824505 
 8.0647191786 8.0649329861 8.0650219720 
 8.0646841457 8.0648954991 8.0649817332 
 8.0646671506 8.0648775425 8.0649626669 
 8.0646685614 8.0648795138 8.0649652048 
 8.0646883043 8.0649013281 8.0649892501 
 8.0647258697 8.0649424258 8.0650341861 
 8.0647803447 8.0650018079 8.0650989165 
 8.0648504668 8.0650780972 8.0651819334 
 8.0649346927 8.0651696145 8.0652814036 
 8.0650312739 8.0652744618 8.0653952609 
 8.0651383324 8.0653906060 8.0655212976 
 8.0652539300 8.0655159535 8.0656572467 
 8.0653761283 8.0656484152 8.0658008515 
 8.0655030381 8.0657859584 8.0659499210 
 8.0656328568 8.0659266460 8.0661023705 
 8.0657638956 8.0660686644 8.0662562506 
 8.0658945974 8.0662103415 8.0664097649 
 8.0660235475 8.0663501569 8.0665612796 
 8.0661494774 8.0664867451 8.0667093258 
 8.0662712647 8.0666188946 8.0668525983 
 8.0663879291 8.0667455432 8.0669899489 
 8.0664986251 8.0668657703 8.0671203790 
 8.0666026334 8.0669787875 8.0672430289 
 8.0666993509 8.0670839283 8.0673571669 
 8.0667882791 8.0671806361 8.0674621776 
 8.0668690124 8.0672684526 8.0675575492 
 8.0669412259 8.0673470056 8.0676428615 
 8.0670046638 8.0674159969 8.0677177740 
 8.0670591276 8.0674751912 8.0677820146 
 8.0671044651 8.0675244051 8.0678353686 
 8.0671405609 8.0675634978 8.0678776700 
 8.0671673277 8.0675923626 8.0679087924 
 8.0671846998 8.0676109203 8.0679286432 
 8.0671926274 8.0676191141 8.0679371585 
 8.0671910745 8.0676169070 8.0679343004 
 8.0671800170 8.0676042808 8.0679200557 
 8.0671594450 8.0675812372 8.0678944377 
 8.0671293655 8.0675478014 8.0678574891 
 8.0670898085 8.0675040270 8.0678092868 
 8.0670408336 8.0674500035 8.0677499495 
 8.0669825396 8.0673858646 8.0676796456 
 8.0669150742 8.0673117985 8.0675986030 
 8.0668386457 8.0672280587 8.0675071205 
 8.0667535344 8.0671349757 8.0674055787 
 8.0666601056 8.0670329697 8.0672944530 
 8.0665588216 8.0669225626 8.0671743256 
 8.0664502538 8.0668043902 8.0670458982 
 8.0663350946 8.0666792145 8.0669100042 
 8.0662141677 8.0665479341 8.0667676199 
 8.0660884374 8.0664115943 8.0666198754 
 8.0659590154 8.0662713945 8.0664680623 
 8.0658271655 8.0661286934 8.0663136405 
 8.0656943043 8.0659850106 8.0661582402 
 8.0655619970 8.0658420232 8.0660036595 
 8.0654319473 8.0657015562 8.0658518559 
 8.0653059804 8.0655655652 8.0657049285 
 8.0651860154 8.0654361087 8.0655650902 
 8.0650740284 8.0653153098 8.0654346278 
 8.0649720041 8.0652053043 8.0653158469 
 8.0648818755 8.0651081771 8.0652110036 
 8.0648054544 8.0650258863 8.0651222222 
 8.0647443558 8.0649601808 8.0650514039 
 8.0646999212 8.0649125152 8.0650001334 
 8.0646731486 8.0648839726 8.0649695912 
 8.0646646366 8.0648752017 8.0649604841 
 8.0646745503 8.0648863781 8.0649730008 
 8.0647026121 8.0649171950 8.0650068013 
 8.0647481206 8.0649668838 8.0650610404 
 8.0648099938 8.0650342621 8.0651344220 
 8.0648868304 8.0651178031 8.0652252769 
 8.0649769830 8.0652157162 8.0653316526 
 8.0650786342 8.0653260314 8.0654514069 
 8.0651898702 8.0654466787 8.0655822953 
 8.0653087460 8.0655755597 8.0657220479 
 8.0654333408 8.0657106058 8.0658684328 
 8.0655618015 8.0658498244 8.0660193036 
 8.0656923754 8.0659913328 8.0661726357 
 8.0658234329 8.0661333812 8.0663265488 
 8.0659534819 8.0662743668 8.0664793209 
 8.0660811752 8.0664128408 8.0666293945 
 8.0662053121 8.0665475094 8.0667753770 
 8.0663248367 8.0666772309 8.0669160367 
 8.0664388319 8.0668010096 8.0670502958 
 8.0665465120 8.0669179874 8.0671772211 
 8.0666472126 8.0670274336 8.0672960137 
 8.0667403805 8.0671287340 8.0674059972 
 8.0668255616 8.0672213789 8.0675066055 
 8.0669023892 8.0673049514 8.0675973708 
 8.0669705719 8.0673791150 8.0676779112 
 8.0670298816 8.0674436020 8.0677479192 
 8.0670801426 8.0674982023 8.0678071505 
 8.0671212209 8.0675427533 8.0678554140 
 8.0671530151 8.0675771311 8.0678925629 
 8.0671754485 8.0676012422 8.0679184872 
 8.0671884634 8.0676150183 8.0679331082 
 8.0671920165 8.0676184122 8.0679363739 
 8.0671860774 8.0676113953 8.0679282581 
 8.0671706281 8.0675939585 8.0679087594 
 8.0671456661 8.0675661136 8.0678779042 
 8.0671112081 8.0675278983 8.0678357502 
 8.0670672968 8.0674793817 8.0677823928 
 8.0670140086 8.0674206726 8.0677179722 
 8.0669514636 8.0673519285 8.0676426832 
 8.0668798359 8.0672733662 8.0675567849 
 8.0667993656 8.0671852734 8.0674606123 
 8.0667103707 8.0670880204 8.0673545884 
 8.0666132596 8.0669820726 8.0672392362 
 8.0665085436 8.0668680032 8.0671151915 
 8.0663968485 8.0667465047 8.0669832154 
 8.0662789260 8.0666184010 8.0668442058 
 8.0661556637 8.0664846572 8.0666992087 
 8.0660280932 8.0663463888 8.0665494280 
 8.0658973960 8.0662048683 8.0663962323 
 8.0657649067 8.0660615289 8.0662411600 
 8.0656321110 8.0659179633 8.0660859194 
 8.0655006399 8.0657759187 8.0659323839 
 8.0653722558 8.0656372829 8.0657825787 
 8.0652488310 8.0655040630 8.0656386596 
 8.0651323161 8.0653783527 8.0655028795 
 8.0650246979 8.0652622881 8.0653775411 
 8.0649279450 8.0651579900 8.0652649365 
 8.0648439434 8.0650674944 8.0651672716 
 8.0647744236 8.0649926732 8.0650865790 
 8.0647208832 8.0649351494 8.0650246252 
 8.0646845131 8.0648962150 8.0649828179 
 8.0646661324 8.0648767586 8.0649621260 
 8.0646661422 8.0648772136 8.0649630205 
 8.0646845024 8.0648975320 8.0649854451 
 8.0647207359 8.0649371892 8.0650288214 
 8.0647739588 8.0649952182 8.0650920878 
 8.0648429332 8.0650702682 8.0651737651 
 8.0649261348 8.0651606801 8.0652720419 
 8.0650218283 8.0652645702 8.0653848667 
 8.0651281433 8.0653799131 8.0655100401 
 8.0652431441 8.0655046177 8.0656452972 
 8.0653648910 8.0656365930 8.0657883788 
 8.0654914898 8.0657738007 8.0659370876 
 8.0656211304 8.0659142956 8.0660893301 
 8.0657521150 8.0660562543 8.0662431461 
 8.0658828763 8.0661979938 8.0663967275 
 8.0660119885 8.0663379820 8.0665484279 
 8.0661381725 8.0664748420 8.0666967665 
 8.0662602949 8.0666073510 8.0668404257 
 8.0663773650 8.0667344356 8.0669782460 
 8.0664885273 8.0668551650 8.0671092178 
 8.0665930538 8.0669687414 8.0672324715 
 8.0666903327 8.0670744893 8.0673472661 
 8.0667798583 8.0671718444 8.0674529779 
 8.0668612182 8.0672603415 8.0675490878 
 8.0669340822 8.0673396022 8.0676351691 
 8.0669981895 8.0674093233 8.0677108758 
 8.0670533378 8.0674692652 8.0677759310 
 8.0670993717 8.0675192409 8.0678301161 
 8.0671361734 8.0675591067 8.0678732616 
 8.0671636539 8.0675887535 8.0679052384 
 8.0671817459 8.0676081004 8.0679259517 
 8.0671903986 8.0676170889 8.0679353354 
 8.0671895748 8.0676156807 8.0679333497 
 8.0671792498 8.0676038559 8.0679199796 
 8.0671594122 8.0675816148 8.0678952361 
 8.0671300678 8.0675489804 8.0678591595 
 8.0670912443 8.0675060040 8.0678118239 
 8.0670429988 8.0674527720 8.0677533444 
 8.0669854266 8.0673894143 8.0676838853 
 8.0669186714 8.0673161146 8.0676036695 
 8.0668429361 8.0672331207 8.0675129899 
 8.0667584954 8.0671407570 8.0674122204 
 8.0666657073 8.0670394361 8.0673018285 
 8.0665650261 8.0669296717 8.0671823879 
 8.0664570147 8.0668120905 8.0670545906 
 8.0663423555 8.0666874442 8.0669192594 
 8.0662218619 8.0665566207 8.0667773592 
 8.0660964869 8.0664206536 8.0666300079 
 8.0659673307 8.0662807301 8.0664784845 
 8.0658356455 8.0661381965 8.0663242357 
 8.0657028358 8.0659945602 8.0661688785 
 8.0655704557 8.0658514861 8.0660141983 
 8.0654401989 8.0657107884 8.0658621407 
 8.0653138817 8.0655744133 8.0657147945 
 8.0651934169 8.0654444125 8.0655743650 
 8.0650807779 8.0653229053 8.0654431347 
 8.0649779501 8.0652120285 8.0653234098 
 8.0648868726 8.0651138731 8.0652174525 
 8.0648093689 8.0650304094 8.0651273999 
 8.0647470713 8.0649634048 8.0650551731 
 8.0647013445 8.0649143390 8.0650023839 
 8.0646732147 8.0648843257 8.0649702463 
 8.0646633123 8.0648740482 8.0649595046 
 8.0646718360 8.0648837187 8.0649703878 
 8.0646985415 8.0649130669 8.0650025958 
 8.0647427587 8.0649613580 8.0650553204 
 8.0648034326 8.0650274391 8.0651272977 
 8.0648791841 8.0651098072 8.0652168839 
 8.0649683819 8.0652066890 8.0653221452 
 8.0650692194 8.0653161254 8.0654409508 
 8.0651797878 8.0654360520 8.0655710617 
 8.0652981427 8.0655643705 8.0657102079 
 8.0654223602 8.0656990086 8.0658561527 
 8.0655505809 8.0658379667 8.0660067426 
 8.0656810438 8.0659793533 8.0661599426 
 8.0658121096 8.0661214080 8.0663138614 
 8.0659422757 8.0662625168 8.0664667647 
 8.0660701837 8.0664012192 8.0666170828 
 8.0661946221 8.0665362098 8.0667634106 
 8.0663145243 8.0666663357 8.0669045047 
 8.0664289631 8.0667905906 8.0670392760 
 8.0665371431 8.0669081062 8.0671667808 
 8.0666383912 8.0670181428 8.0672862104 
 8.0667321463 8.0671200778 8.0673968797 
 8.0668179472 8.0672133941 8.0674982148 
 8.0668954211 8.0672976681 8.0675897407 
 8.0669642713 8.0673725578 8.0676710697 
 8.0670242655 8.0674377906 8.0677418889 
 8.0670752243 8.0674931526 8.0678019498 
 8.0671170109 8.0675384780 8.0678510574 
 8.0671495218 8.0675736399 8.0678890620 
 8.0671726788 8.0675985431 8.0679158510 
 8.0671864227 8.0676131175 8.0679313433 
 8.0671907093 8.0676173141 8.0679354852 
 8.0671855071 8.0676111033 8.0679282484 
 8.0671707973 8.0675944741 8.0679096296 
 8.0671465759 8.0675674367 8.0678796529 
 8.0671128579 8.0675300265 8.0678383734 
 8.0670696837 8.0674823100 8.0677858831 
 8.0670171267 8.0674243925 8.0677223187 
 8.0669553033 8.0673564273 8.0676478703 
 8.0668843830 8.0672786264 8.0675627916 
 8.0668046003 8.0671912714 8.0674674114 
 8.0667162667 8.0670947258 8.0673621453 
 8.0666197833 8.0669894473 8.0672475082 
 8.0665156528 8.0668760002 8.0671241268 
 8.0664044919 8.0667550675 8.0669927519 
 8.0662870422 8.0666274624 8.0668542706 
 8.0661641805 8.0664941389 8.0667097172 
 8.0660369269 8.0663562007 8.0665602829 
 8.0659064515 8.0662149079 8.0664073235 
 8.0657740766 8.0660716811 8.0662523642 
 8.0656412768 8.0659281010 8.0660971003 
 8.0655096720 8.0657859032 8.0659433926 
 8.0653810152 8.0656469652 8.0657932554 
 8.0652571709 8.0655132857 8.0656488352 
 8.0651400851 8.0653869532 8.0655123786 
 8.0650317432 8.0652701020 8.0653861864 
 8.0649341174 8.0651648562 8.0652725539 
 8.0648491022 8.0650732609 8.0651736960 
 8.0647784423 8.0649972032 8.0650916618 
 8.0647236559 8.0649383279 8.0650282410 
 8.0646859594 8.0648979549 8.0649848717 
 8.0646662023 8.0648770056 8.0649625588 
 8.0646648186 8.0648759493 8.0649618125 
 8.0646818021 8.0648947752 8.0649826170 
 8.0647167084 8.0649329941 8.0650244330 
 8.0647686831 8.0649896713 8.0650862338 
 8.0648365133 8.0650634827 8.0651665696 
 8.0649186940 8.0651527902 8.0652636513 
 8.0650135036 8.0652557245 8.0653754426 
 8.0651190795 8.0653702684 8.0654997526 
 8.0652334891 8.0654943335 8.0656343189 
 8.0653547911 8.0656258270 8.0657768802 
 8.0654810866 8.0657627053 8.0659252328 
 8.0656105583 8.0659030151 8.0660772743 
 8.0657414989 8.0660449231 8.0662310338 
 8.0658723310 8.0661867352 8.0663846912 
 8.0660016181 8.0663269077 8.0665365878 
 8.0661280695 8.0664640521 8.0666852303 
 8.0662505413 8.0665969338 8.0668292889 
 8.0663680319 8.0667244686 8.0669675923 
 8.0664796761 8.0668457152 8.0670991200 
 8.0665847364 8.0669598658 8.0672229920 
 8.0666825928 8.0670662363 8.0673384581 
 8.0667727317 8.0671642543 8.0674448862 
 8.0668547344 8.0672534474 8.0675417494 
 8.0669282646 8.0673334313 8.0676286148 
 8.0669930568 8.0674038973 8.0677051304 
 8.0670489046 8.0674646014 8.0677710145 
 8.0670956495 8.0675153531 8.0678260445 
 8.0671331711 8.0675560055 8.0678700474 
 8.0671613785 8.0675864474 8.0679028913 
 8.0671802029 8.0676065957 8.0679244790 
 8.0671895925 8.0676163904 8.0679347423 
 8.0671895090 8.0676157917 8.0679336393 
 8.0671799267 8.0676047783 8.0679211532 
 8.0671608332 8.0675833488 8.0678972930 
 8.0671322326 8.0675515242 8.0678620963 
 8.0670941508 8.0675093535 8.0678156345 
 8.0670466421 8.0674569199 8.0677580193 
 8.0669897988 8.0673943498 8.0676894106 
 8.0669237601 8.0673218220 8.0676100267 
 8.0668487242 8.0672395793 8.0675201543 
 8.0667649594 8.0671479395 8.0674201609 
 8.0666728171 8.0670473080 8.0673105062 
 8.0665727438 8.0669381902 8.0671917552 
 8.0664652932 8.0668212036 8.0670645903 
 8.0663511385 8.0666970899 8.0669298238 
 8.0662310823 8.0665667261 8.0667884093 
 8.0661060666 8.0664311342 8.0666414525 
 8.0659771803 8.0662914894 8.0664902196 
 8.0658456634 8.0661491257 8.0663361444 
 8.0657129090 8.0660055377 8.0661808306 
 8.0655804598 8.0658623788 8.0660260510 
 8.0654499992 8.0657214520 8.0658737390 
 8.0653233347 8.0655846940 8.0657259734 
 8.0652023731 8.0654541496 8.0655849516 
 8.0650890842 8.0653319346 8.0654529518 
 8.0649854548 8.0652201863 8.0653322805 
 8.0648934295 8.0651210016 8.0652252059 
 8.0648148433 8.0650363629 8.0651338778 
 8.0647513460 8.0649680562 8.0650602373 
 8.0647043252 8.0649175862 8.0650059229 
 8.0646748355 8.0648860969 8.0649721819 
 8.0646635391 8.0648743066 8.0649597969 
 8.0646706685 8.0648824646 8.0649690372 
 8.0646960134 8.0649103371 8.0649996432 
 8.0647389350 8.0649572238 8.0650508440 
 8.0647984060 8.0650220018 8.0651214085 
 8.0648730697 8.0651031921 8.0652097189 
 8.0649613117 8.0651990395 8.0653138606 
 8.0650613361 8.0653075962 8.0654317148 
 8.0651712395 8.0654268032 8.0655610477 
 8.0652890784 8.0655545627 8.0656995896 
 8.0654129253 8.0656887985 8.0658450992 
 8.0655409149 8.0658275043 8.0659954153 
 8.0656712777 8.0659687792 8.0661484929 
 8.0658023644 8.0661108523 8.0663024290 
 8.0659326615 8.0662520980 8.0664554771 
 8.0660607996 8.0663910439 8.0666060546 
 