8.0358435856 8.0376531608 8.0394989611 
 8.0358136906 8.0376328714 8.0394874068 
 8.0357840950 8.0376124178 8.0394752803 
 8.0357552395 8.0375921547 8.0394628576 
 8.0357276278 8.0375725077 8.0394504930 
 8.0357018118 8.0375539598 8.0394386049 
 8.0356783750 8.0375370338 8.0394276595 
 8.0356579138 8.0375222743 8.0394181518 
 8.0356410167 8.0375102269 8.0394105864 
 8.0356282448 8.0375014182 8.0394054560 
 8.0356201101 8.0374963349 8.0394032215 
 8.0356170570 8.0374954039 8.0394042916 
 8.0356194435 8.0374989742 8.0394090045 
 8.0356275256 8.0375073001 8.0394176116 
 8.0356414440 8.0375205287 8.0394302634 
 8.0356612141 8.0375386884 8.0394469994 
 8.0356867203 8.0375616837 8.0394677410 
 8.0357177133 8.0375892916 8.0394922893 
 8.0357538125 8.0376211640 8.0395203258 
 8.0357945116 8.0376568334 8.0395514186 
 8.0358391894 8.0376957225 8.0395850317 
 8.0358871229 8.0377371583 8.0396205388 
 8.0359375051 8.0377803887 8.0396572396 
 8.0359894643 8.0378246026 8.0396943798 
 8.0360420869 8.0378689514 8.0397311722 
 8.0360944401 8.0379125726 8.0397668202 
 8.0361455970 8.0379546137 8.0398005413 
 8.0361946604 8.0379942565 8.0398315908 
 8.0362407865 8.0380307403 8.0398592849 
 8.0362832073 8.0380633834 8.0398830220 
 8.0363212502 8.0380916032 8.0399023019 
 8.0363543555 8.0381149327 8.0399167421 
 8.0363820903 8.0381330340 8.0399260911 
 8.0364041581 8.0381457075 8.0399302369 
 8.0364204047 8.0381528972 8.0399292115 
 8.0364308186 8.0381546904 8.0399231906 
 8.0364355274 8.0381513129 8.0399124878 
 8.0364347882 8.0381431192 8.0398975440 
 8.0364289742 8.0381305766 8.0398789106 
 8.0364185563 8.0381142464 8.0398572291 
 8.0364040809 8.0380947595 8.0398332056 
 8.0363861447 8.0380727893 8.0398075820 
 8.0363653687 8.0380490235 8.0397811056 
 8.0363423701 8.0380241342 8.0397544978 
 8.0363177367 8.0379987499 8.0397284236 
 8.0362920025 8.0379734297 8.0397034647 
 8.0362656285 8.0379486420 8.0396800965 
 8.0362389873 8.0379247488 8.0396586713 
 8.0362123540 8.0379019959 8.0396394089 
 8.0361859040 8.0378805111 8.0396223941 
 8.0361597159 8.0378603084 8.0396075830 
 8.0361337818 8.0378412994 8.0395948147 
 8.0361080215 8.0378233101 8.0395838309 
 8.0360823015 8.0378061017 8.0395742985 
 8.0360564557 8.0377893946 8.0395658362 
 8.0360303084 8.0377728935 8.0395580418 
 8.0360036964 8.0377563120 8.0395505191 
 8.0359764895 8.0377393961 8.0395429032 
 8.0359486095 8.0377219440 8.0395348824 
 8.0359200446 8.0377038235 8.0395262168 
 8.0358908606 8.0376849839 8.0395167518 
 8.0358612080 8.0376654645 8.0395064269 
 8.0358313242 8.0376453977 8.0394952803 
 8.0358015317 8.0376250084 8.0394834480 
 8.0357722323 8.0376046078 8.0394711595 
 8.0357438972 8.0375845850 8.0394587283 
 8.0357170545 8.0375653940 8.0394465404 
 8.0356922729 8.0375475385 8.0394350382 
 8.0356701442 8.0375315538 8.0394247039 
 8.0356512639 8.0375179874 8.0394160393 
 8.0356362104 8.0375073789 8.0394095462 
 8.0356255246 8.0375002391 8.0394057053 
 8.0356196900 8.0374970294 8.0394049557 
 8.0356191131 8.0374981431 8.0394076760 
 8.0356241068 8.0375038874 8.0394141662 
 8.0356348754 8.0375144688 8.0394246327 
 8.0356515029 8.0375299806 8.0394391760 
 8.0356739450 8.0375503949 8.0394577818 
 8.0357020244 8.0375755572 8.0394803162 
 8.0357354308 8.0376051868 8.0395065246 
 8.0357737247 8.0376388792 8.0395360355 
 8.0358163454 8.0376761152 8.0395683674 
 8.0358626229 8.0377162712 8.0396029410 
 8.0359117931 8.0377586358 8.0396390936 
 8.0359630167 8.0378024269 8.0396760975 
 8.0360153998 8.0378468133 8.0397131804 
 8.0360680171 8.0378909372 8.0397495479 
 8.0361199355 8.0379339378 8.0397844071 
 8.0361702388 8.0379749755 8.0398169899 
 8.0362180517 8.0380132557 8.0398465771 
 8.0362625628 8.0380480518 8.0398725202 
 8.0363030457 8.0380787254 8.0398942623 
 8.0363388781 8.0381047454 8.0399113557 
 8.0363695573 8.0381257031 8.0399234769 
 8.0363947124 8.0381413234 8.0399304380 
 8.0364141122 8.0381514727 8.0399321930 
 8.0364276684 8.0381561614 8.0399288409 
 8.0364354347 8.0381555417 8.0399206219 
 8.0364375998 8.0381499002 8.0399079101 
 8.0364344766 8.0381396459 8.0398911996 
 8.0364264856 8.0381252921 8.0398710863 
 8.0364141357 8.0381074353 8.0398482450 
 8.0363979997 8.0380867295 8.0398234019 
 8.0363786889 8.0380638587 8.0397973055 
 8.0363568260 8.0380395067 8.0397706948 
 8.0363330176 8.0380143289 8.0397442690 
 8.0363078296 8.0379889249 8.0397186577 
 8.0362817645 8.0379638142 8.0396943960 
 8.0362552438 8.0379394176 8.0396719042 
 8.0362285960 8.0379160443 8.0396514742 
 8.0362020499 8.0378938854 8.0396332632 
 8.0361757355 8.0378730151 8.0396172955 
 8.0361496898 8.0378533985 8.0396034711 
 8.0361238693 8.0378349049 8.0395915814 
 8.0360981666 8.0378173277 8.0395813305 
 8.0360724302 8.0378004061 8.0395723595 
 8.0360464868 8.0377838498 8.0395642739 
 8.0360201634 8.0377673646 8.0395566709 
 8.0359933096 8.0377506762 8.0395491655 
 8.0359658168 8.0377335521 8.0395414149 
 8.0359376357 8.0377158207 8.0395331384 
 8.0359087891 8.0376973860 8.0395241337 
 8.0358793811 8.0376782380 8.0395142889 
 8.0358496022 8.0376584588 8.0395035886 
 8.0358197294 8.0376382235 8.0394921163 
 8.0357901227 8.0376177979 8.0394800521 
 8.0357612173 8.0375975303 8.0394676654 
 8.0357335122 8.0375778415 8.0394553047 
 8.0357075565 8.0375592106 8.0394433842 
 8.0356839318 8.0375421579 8.0394323670 
 8.0356632342 8.0375272269 8.0394227466 
 8.0356460537 8.0375149642 8.0394150275 
 8.0356329540 8.0375058986 8.0394097043 
 8.0356244522 8.0375005206 8.0394072411 
 8.0356209984 8.0374992626 8.0394080513 
 8.0356229581 8.0375024802 8.0394124796 
 8.0356305958 8.0375104360 8.0394207844 
 8.0356440616 8.0375232855 8.0394331247 
 8.0356633813 8.0375410672 8.0394495490 
 8.0356884496 8.0375636951 8.0394699883 
 8.0357190276 8.0375909564 8.0394942530 
 8.0357547449 8.0376225127 8.0395220338 
 8.0357951050 8.0376579054 8.0395529075 
 8.0358394949 8.0376965657 8.0395863460 
 8.0358871995 8.0377378274 8.0396217294 
 8.0359374175 8.0377809442 8.0396583626 
 8.0359892818 8.0378251086 8.0396954950 
 8.0360418811 8.0378694745 8.0397323411 
 8.0360942836 8.0379131796 8.0397681044 
 8.0361455612 8.0379553700 8.0398020005 
 8.0361948135 8.0379952242 8.0398332812 
 8.0362411920 8.0380319761 8.0398612572 
 8.0362839221 8.0380649374 8.0398853198 
 8.0363223234 8.0380935173 8.0399049606 
 8.0363558271 8.0381172394 8.0399197876 
 8.0363839900 8.0381357555 8.0399295387 
 8.0364065050 8.0381488553 8.0399340910 
 8.0364232068 8.0381564714 8.0399334654 
 8.0364340731 8.0381586805 8.0399278268 
 8.0364392210 8.0381556979 8.0399174784 
 8.0364388982 8.0381478687 8.0399028519 
 8.0364334697 8.0381356523 8.0398844908 
 8.0364233995 8.0381196036 8.0398630307 
 8.0364092291 8.0381003489 8.0398391736 
 8.0363915525 8.0380785597 8.0398136599 
 8.0363709897 8.0380549235 8.0397872377 
 8.0363481591 8.0380301148 8.0397606314 
 8.0363236518 8.0380047664 8.0397345116 
 8.0362980068 8.0379794436 8.0397094672 
 8.0362716912 8.0379546225 8.0396859824 
 8.0362450848 8.0379306735 8.0396644197 
 8.0362184703 8.0379078517 8.0396450090 
 8.0361920306 8.0378862936 8.0396278455 
 8.0361658513 8.0378660218 8.0396128946 
 8.0361399307 8.0378469549 8.0396000038 
 8.0361141932 8.0378289246 8.0395889213 
 8.0360885083 8.0378116962 8.0395793188 
 8.0360627114 8.0377949919 8.0395708172 
 8.0360366266 8.0377785164 8.0395630149 
 8.0360100884 8.0377619818 8.0395555140 
 8.0359829632 8.0377451301 8.0395479460 
 8.0359551678 8.0377277548 8.0395399943 
 8.0359266845 8.0377097174 8.0395314124 
 8.0358975726 8.0376909604 8.0395220385 
 8.0358679755 8.0376715156 8.0395118045 
 8.0358381238 8.0376515080 8.0395007406 
 8.0358083332 8.0376311552 8.0394889752 
 8.0357789996 8.0376107618 8.0394767307 
 8.0357505891 8.0375907113 8.0394643142 
 8.0357236256 8.0375714531 8.0394521066 
 8.0356986754 8.0375534873 8.0394405465 
 8.0356763292 8.0375373475 8.0394301134 
 8.0356571826 8.0375235811 8.0394213085 
 8.0356418163 8.0375127288 8.0394146343 
 8.0356307748 8.0375053046 8.0394105737 
 8.0356245468 8.0375017743 8.0394095700 
 8.0356235455 8.0375025374 8.0394120071 
 8.0356280918 8.0375079083 8.0394181917 
 8.0356383989 8.0375181019 8.0394283381 
 8.0356545607 8.0375332209 8.0394425555 
 8.0356765430 8.0375532468 8.0394608389 
 8.0357041793 8.0375780356 8.0394830638 
 8.0357371696 8.0376073161 8.0395089851 
 8.0357750843 8.0376406937 8.0395382402 
 8.0358173719 8.0376776574 8.0395703561 
 8.0358633706 8.0377175919 8.0396047606 
 8.0359123232 8.0377597917 8.0396407970 
 8.0359633956 8.0378034799 8.0396777422 
 8.0360156976 8.0378478284 8.0397148267 
 8.0360683056 8.0378919809 8.0397512572 
 8.0361202864 8.0379350759 8.0397862397 
 8.0361707219 8.0379762717 8.0398190039 
 8.0362187328 8.0380147694 8.0398488258 
 8.0362635022 8.0380498365 8.0398750510 
 8.0363042966 8.0380808272 8.0398971148 
 8.0363404851 8.0381072018 8.0399145607 
 8.0363715554 8.0381285416 8.0399270552 
 8.0363971263 8.0381445610 8.0399343996 
 8.0364169556 8.0381551154 8.0399365371 
 8.0364309442 8.0381602042 8.0399335555 
 8.0364391350 8.0381599689 8.0399256843 
 8.0364417068 8.0381546864 8.0399132879 
 8.0364389633 8.0381447566 8.0398968518 
 8.0364313179 8.0381306857 8.0398769649 
 8.0364192732 8.0381130648 8.0398542968 
 8.0364033982 8.0380925446 8.0398295710 
 8.0363843025 8.0380698077 8.0398035354 
 8.0363626087 8.0380455393 8.0397769311 
 8.0363389259 8.0380203981 8.0397504614 
 8.0363138239 8.0379949887 8.0397247624 
 8.0362878108 8.0379698379 8.0397003774 
 8.0362613151 8.0379453747 8.0396777362 
 8.0362346727 8.0379219170 8.0396571409 
 8.0362081200 8.0378996653 8.0396387592 
 8.0361817944 8.0378787024 8.0396226254 
 8.0361557397 8.0378590013 8.0396086484 
 8.0361299178 8.0378404381 8.0395966273 
 8.0361042254 8.0378228109 8.0395862718 
 8.0360785133 8.0378058620 8.0395772269 
 8.0360526087 8.0377893024 8.0395690995 
 8.0360263377 8.0377728368 8.0395614861 
 8.0359995469 8.0377561884 8.0395539995 
 8.0359721237 8.0377391204 8.0395462922 
 8.0359440132 8.0377214556 8.0395380780 
 8.0359152318 8.0377030914 8.0395291478 
 8.0358858770 8.0376840106 8.0395193819 
 8.0358561321 8.0376642876 8.0395087571 
 8.0358262673 8.0376440904 8.0394973493 
 8.0357966361 8.0376236775 8.0394853307 
 8.0357676679 8.0376033911 8.0394729640 
 8.0357398573 8.0375836467 8.0394605921 
 8.0357137497 8.0375649189 8.0394486242 
 8.0356899247 8.0375477257 8.0394375202 
 8.0356689780 8.0375326094 8.0394277719 
 8.0356515006 8.0375201168 8.0394198835 
 8.0356380591 8.0375107788 8.0394143512 
 8.0356291747 8.0375050897 8.0394116420 
 8.0356253035 8.0375034870 8.0394121740 
 8.0356268183 8.0375063330 8.0394162977 
 8.0356339918 8.0375138979 8.0394242790 
 8.0356469836 8.0375263462 8.0394362851 
 8.0356658294 8.0375437256 8.0394523733 
 8.0356904343 8.0375659603 8.0394724839 
 8.0357205701 8.0375928472 8.0394964369 
 8.0357558764 8.0376240578 8.0395239323 
 8.0357958663 8.0376591426 8.0395545555 
 8.0358399357 8.0376975410 8.0395877861 
 8.0358873768 8.0377385941 8.0396230112 
 8.0359373947 8.0377815610 8.0396595409 
 8.0359891267 8.0378256387 8.0396966283 
 8.0360416643 8.0378699832 8.0397334899 
 8.0360940766 8.0379137329 8.0397693294 
 8.0361454343 8.0379560325 8.0398033608 
 8.0361948345 8.0379960571 8.0398348323 
 8.0362414239 8.0380330359 8.0398630494 
 8.0362844215 8.0380662740 8.0398873967 
 8.0363231392 8.0380951724 8.0399073575 
 8.0363569991 8.0381192455 8.0399225302 
 8.0363855480 8.0381381349 8.0399326426 
 8.0364084682 8.0381516195 8.0399375608 
 8.0364255834 8.0381596210 8.0399372947 
 8.0364368605 8.0381622050 8.0399319982 
 8.0364424063 8.0381595767 8.0399219644 
 8.0364424588 8.0381520715 8.0399076154 
 8.0364373748 8.0381401410 8.0398894872 
 8.0364276114 8.0381243334 8.0398682090 
 8.0364137051 8.0381052708 8.0398444789 
 8.0363962471 8.0380836221 8.0398190354 
 8.0363758564 8.0380600750 8.0397926274 
 8.0363531526 8.0380353060 8.0397659823 
 8.0363287300 8.0380099522 8.0397397760 
 8.0363031324 8.0379845852 8.0397146048 
 8.0362768333 8.0379596886 8.0396909619 
 8.0362502195 8.0379356417 8.0396692194 
 8.0362235817 8.0379127085 8.0396496180 
 8.0361971102 8.0378910348 8.0396322632 
 8.0361708980 8.0378706515 8.0396171299 
 8.0361449495 8.0378514847 8.0396040743 
 8.0361191941 8.0378333721 8.0395928513 
 8.0360935047 8.0378160831 8.0395831374 
 8.0360677183 8.0377993421 8.0395745565 
 8.0360416588 8.0377828543 8.0395667075 
 8.0360151590 8.0377663298 8.0395591910 
 8.0359880818 8.0377495076 8.0395516352 
 8.0359603392 8.0377321761 8.0395437185 
 8.0359319077 8.0377141908 8.0395351883 
 8.0359028402 8.0376954872 8.0395258755 
 8.0358732730 8.0376760900 8.0395157043 
 8.0358434297 8.0376561166 8.0395046969 
 8.0358136195 8.0376357773 8.0394929743 
 8.0357842319 8.0376153701 8.0394807513 
 8.0357557279 8.0375952724 8.0394683289 
 8.0357286273 8.0375759289 8.0394560823 
 8.0357034935 8.0375578363 8.0394444464 
 8.0356809157 8.0375415260 8.0394338979 
 8.0356614898 8.0375275449 8.0394249368 
 8.0356457984 8.0375164350 8.0394180663 
 8.0356343893 8.0375087129 8.0394137713 
 8.0356277562 8.0375048489 8.0394124989 
 8.0356263187 8.0375052479 8.0394146381 
 8.0356304054 8.0375102319 8.0394205023 
 8.0356402384 8.0375200236 8.0394303134 
 8.0356559211 8.0375347349 8.0394441889 
 8.0356774295 8.0375543570 8.0394621331 
 8.0357046074 8.0375787556 8.0394840308 
 8.0357371652 8.0376076694 8.0395096463 
 8.0357746831 8.0376407132 8.0395386258 
 8.0358166190 8.0376773848 8.0395705048 
 8.0358623189 8.0377170765 8.0396047182 
 8.0359110326 8.0377590893 8.0396406154 
 8.0359619314 8.0378026512 8.0396774778 
 8.0360141288 8.0378469375 8.0397145388 
 8.0360667029 8.0378910932 8.0397510063 
 8.0361187207 8.0379342565 8.0397860857 
 8.0361692621 8.0379755835 8.0398190039 
 8.0362174440 8.0380142712 8.0398490329 
 8.0362624441 8.0380495813 8.0398755120 
 8.0363035219 8.0380808609 8.0398978692 
 8.0363400380 8.0381075614 8.0399156389 
 8.0363714707 8.0381292544 8.0399284780 
 8.0363974283 8.0381456439 8.0399361771 
 8.0364176579 8.0381565744 8.0399386684 
 8.0364320494 8.0381620342 8.0399360285 
 8.0364406350 8.0381621541 8.0399284766 
 8.0364435835 8.0381572011 8.0399163668 
 8.0364411895 8.0381475661 8.0399001761 
 8.0364338588 8.0381337482 8.0398804864 
 8.0364220880 8.0381163327 8.0398579620 
 8.0364064422 8.0380959670 8.0398333233 
 8.0363875286 8.0380733322 8.0398073178 
 8.0363659702 8.0380491145 8.0397806881 
 8.0363423782 8.0380239759 8.0397541417 
 8.0363173262 8.0379985264 8.0397283212 
 8.0362913282 8.0379732993 8.0397037777 
 8.0362648193 8.0379487320 8.0396809507 
 8.0362381428 8.0379251514 8.0396601525 
 8.0362115432 8.0379027672 8.0396415613 
 8.0361851654 8.0378816713 8.0396252216 
 8.0361590600 8.0378618446 8.0396110515 
 8.0361331947 8.0378431702 8.0395988581 
 8.0361074706 8.0378254513 8.0395883569 
 8.0360817411 8.0378084338 8.0395791970 
 8.0360558345 8.0377918300 8.0395709872 
 8.0360295760 8.0377753442 8.0395633238 
 8.0360028097 8.0377586972 8.0395558173 
 8.0359754191 8.0377416482 8.0395481164 
 8.0359473442 8.0377240147 8.0395399291 
 8.0359185953 8.0377056877 8.0395310398 
 8.0358892633 8.0376866431 8.0395213215 
 8.0358595245 8.0376669479 8.0395107433 
 8.0358296423 8.0376467626 8.0394993731 
 8.0357999638 8.0376263389 8.0394873758 
 8.0357709128 8.0376060126 8.0394750074 
 8.0357429792 8.0375861938 8.0394626047 
 8.0357167047 8.0375673531 8.0394505722 
 8.0356926669 8.0375500055 8.0394393663 
 8.0356714606 8.0375346920 8.0394294771 
 8.0356536780 8.0375219596 8.0394214083 
 8.0356398880 8.0375123411 8.0394156572 
 8.0356306161 8.0375063342 8.0394126938 
 8.0356263238 8.0375043814 8.0394129406 
 8.0356273908 8.0375068512 8.0394167539 
 8.0356340982 8.0375140215 8.0394244064 
 8.0356466145 8.0375260653 8.0394360732 
 8.0356649853 8.0375430395 8.0394518207 
 8.0356891258 8.0375648780 8.0394715982 
 8.0357188181 8.0375913875 8.0394952348 
 8.0357537118 8.0376222490 8.0395224398 
 8.0357933296 8.0376570221 8.0395528072 
 8.0358370759 8.0376951544 8.0395858244 
 8.0358842504 8.0377359938 8.0396208848 
 8.0359340643 8.0377788055 8.0396573042 
 8.0359856593 8.0378227902 8.0396943390 
 8.0360381298 8.0378671066 8.0397312082 
 8.0360905458 8.0379108934 8.0397671154 
 8.0361419771 8.0379532942 8.0398012731 
 8.0361915179 8.0379934809 8.0398329261 
 8.0362383102 8.0380306778 8.0398613748 
 8.0362815670 8.0380641834 8.0398859969 
 8.0363205923 8.0380933908 8.0399062675 
 8.0363547991 8.0381178052 8.0399217759 
 8.0363837245 8.0381370580 8.0399322394 
 8.0364070400 8.0381509173 8.0399375134 
 8.0364245584 8.0381592938 8.0399375965 
 8.0364362357 8.0381622423 8.0399326319 
 8.0364421682 8.0381599574 8.0399229022 
 8.0364425844 8.0381527651 8.0399088203 
 8.0364378324 8.0381411087 8.0398909139 
 8.0364283625 8.0381255299 8.0398698060 
 8.0364147062 8.0381066460 8.0398461906 
 8.0363974513 8.0380851236 8.0398208042 
 8.0363772156 8.0380616498 8.0397943960 
 8.0363546202 8.0380369034 8.0397676963 
 8.0363302619 8.0380115254 8.0397413862 
 8.0363046895 8.0379860935 8.0397160690 
 8.0362783827 8.0379610989 8.0396922467 
 8.0362517354 8.0379369293 8.0396703015 
 8.0362250462 8.0379138582 8.0396504843 
 8.0361985130 8.0378920405 8.0396329113 
 8.0361722365 8.0378715156 8.0396175670 
 8.0361462272 8.0378522175 8.0396043165 
 8.0361204200 8.0378339900 8.0395929216 
 8.0360946915 8.0378166069 8.0395830642 
 8.0360688808 8.0377997955 8.0395743713 
 8.0360428118 8.0377832616 8.0395664428 
 8.0360163161 8.0377667139 8.0395588782 
 8.0359892537 8.0377498886 8.0395513029 
 8.0359615320 8.0377325696 8.0395433906 
 8.0359331222 8.0377146066 8.0395348829 
 8.0359040709 8.0376959289 8.0395256038 
 8.0358745078 8.0376765536 8.0395154700 
 8.0358446498 8.0376565912 8.0395044962 
 8.0358147995 8.0376362448 8.0394927955 
 8.0357853404 8.0376158058 8.0394805760 
 8.0357567284 8.0375956459 8.0394681321 
 8.0357294791 8.0375762049 8.0394558340 
 8.0357041530 8.0375579761 8.0394441121 
 8.0356813380 8.0375414887 8.0394334406 
 8.0356616301 8.0375272890 8.0394243185 
 8.0356456133 8.0375159201 8.0394172490 
 8.0356338389 8.0375079009 8.0394127193 
 8.0356268051 8.0375037061 8.0394111798 
 8.0356249380 8.0375037462 8.0394130247 
 8.0356285734 8.0375083497 8.0394185736 
 8.0356379420 8.0375177476 8.0394280557 
 8.0356531566 8.0375320604 8.0394415970 
 8.0356742031 8.0375512888 8.0394592105 
 8.0357009354 8.0375753081 8.0394807902 
 8.0357330740 8.0376038667 8.0395061096 
 8.0357702088 8.0376365885 8.0395348237 
 8.0358118066 8.0376729800 8.0395664760 
 8.0358572216 8.0377124409 8.0396005087 
 8.0359057103 8.0377542787 8.0396362771 
 8.0359564491 8.0377977262 8.0396730671 
 8.0360085553 8.0378419619 8.0397101149 
 8.0360611087 8.0378861323 8.0397466297 
 8.0361131764 8.0379293754 8.0397818160 
 8.0361638362 8.0379708448 8.0398148983 
 8.0362122016 8.0380097337 8.0398451443 
 8.0362574446 8.0380452979 8.0398718874 
 8.0362988178 8.0380768773 8.0398945480 
 8.0363356734 8.0381039146 8.0399126519 
 8.0363674801 8.0381259719 8.0399258460 
 8.0363938359 8.0381427426 8.0399339104 
 8.0364144771 8.0381540601 8.0399367662 
 8.0364292825 8.0381599018 8.0399344789 
 8.0364382735 8.0381603877 8.0399272570 
 8.0364416089 8.0381557746 8.0399154447 
 8.0364395740 8.0381464447 8.0398995101 
 8.0364325668 8.0381328892 8.0398800277 
 8.0364210778 8.0381156879 8.0398576565 
 8.0364056675 8.0380954842 8.0398331137 
 8.0363869411 8.0380729578 8.0398071457 
 8.0363655214 8.0380487957 8.0397804967 
 8.0363420213 8.0380236626 8.0397538780 
 8.0363170185 8.0379981735 8.0397279382 
 8.0362910321 8.0379728687 8.0397032365 
 8.0362645041 8.0379481933 8.0396802214 
 8.0362377854 8.0379244835 8.0396592156 
 8.0362111281 8.0379019580 8.0396404078 
 8.0361846848 8.0378807177 8.0396238526 
 8.0361585133 8.0378607519 8.0396094777 
 8.0361325874 8.0378419507 8.0395970979 
 8.0361068126 8.0378241230 8.0395864355 
 8.0360810456 8.0378070183 8.0395771436 
 8.0360551160 8.0377903509 8.0395688335 
 8.0360288485 8.0377738249 8.0395611016 
 8.0360020854 8.0377571592 8.0395535565 
 8.0359747065 8.0377401096 8.0395458433 
 8.0359466471 8.0377224885 8.0395376650 
 8.0359179120 8.0377041810 8.0395287998 
 8.0358885856 8.0376851563 8.0395191136 
 8.0358588378 8.0376654743 8.0395085681 
 8.0358289254 8.0376452887 8.0394972237 
 8.0357991894 8.0376248441 8.0394852381 
 8.0357700479 8.0376044704 8.0394728605 
 8.0357419863 8.0375845724 8.0394604220 
 8.0357155429 8.0375656165 8.0394483225 
 8.0356912931 8.0375481150 8.0394370150 
 8.0356698310 8.0375326075 8.0394269875 
 8.0356517496 8.0375196411 8.0394187434 
 8.0356376204 8.0375097505 8.0394127812 
 8.0356279725 8.0375034366 8.0394095736 
 8.0356232731 8.0375011466 8.0394095473 
 8.0356239086 8.0375032554 8.0394130640 
 8.0356301680 8.0375100480 8.0394204035 
 8.0356422287 8.0375217059 8.0394317486 
 8.0356601458 8.0375382950 8.0394471741 
 8.0356838447 8.0375597586 8.0394666383 
 8.0357131173 8.0375859131 8.0394899797 
 8.0357476232 8.0376164487 8.0395169163 
 8.0357868943 8.0376509342 8.0395470504 
 8.0358303436 8.0376888249 8.0395798773 
 8.0358772781 8.0377294758 8.0396147969 
 8.0359269148 8.0377721577 8.0396511301 
 8.0359784002 8.0378160755 8.0396881371 
 8.0360308312 8.0378603898 8.0397250387 
 8.0360832788 8.0379042404 8.0397610390 
 8.0361348117 8.0379467692 8.0397953488 
 8.0361845213 8.0379871452 8.0398272094 
 8.0362315452 8.0380245876 8.0398559161 
 8.0362750899 8.0380583887 8.0398808401 
 8.0363144518 8.0380879333 8.0399014482 
 8.0363490350 8.0381127176 8.0399173202 
 8.0363783665 8.0381323629 8.0399281633 
 8.0364021071 8.0381466263 8.0399338221 
 8.0364200586 8.0381554077 8.0399342840 
 8.0364321661 8.0381587506 8.0399296812 
 8.0364385153 8.0381568393 8.0399202858 
 8.0364393248 8.0381499900 8.0399065011 
 8.0364349341 8.0381386376 8.0398888468 
 8.0364257865 8.0381233170 8.0398679394 
 8.0364124078 8.0381046406 8.0398444681 
 8.0363953825 8.0380832721 8.0398191673 
 8.0363753272 8.0380598981 8.0397927863 
 8.0363528634 8.0380351989 8.0397660580 
 8.0363285908 8.0380098197 8.0397396682 
 8.0363030627 8.0379843436 8.0397142272 
 8.0362767648 8.0379592693 8.0396902454 
 8.0362500982 8.0379349930 8.0396681147 
 8.0362233689 8.0379117972 8.0396480966 
 8.0361967829 8.0378898459 8.0396303173 
 8.0361704481 8.0378691875 8.0396147716 
 8.0361443819 8.0378497636 8.0396013331 
 8.0361185246 8.0378314245 8.0395897712 
 8.0360927567 8.0378139487 8.0395797731 
 8.0360669197 8.0377970667 8.0395709694 
 8.0360408383 8.0377804850 8.0395629611 
 8.0360143428 8.0377639117 8.0395553473 
 8.0359872906 8.0377470803 8.0395477507 
 8.0359595855 8.0377297706 8.0395398409 
 8.0359311933 8.0377118272 8.0395313538 
 8.0359021547 8.0376931728 8.0395221070 
 8.0358725934 8.0376738181 8.0395120101 
 8.0358427196 8.0376538665 8.0395010702 
 8.0358128295 8.0376335141 8.0394893934 
 8.0357833012 8.0376130462 8.0394771807 
 8.0357545853 8.0375928287 8.0394647205 
 8.0357271934 8.0375732968 8.0394523776 
 8.0357016835 8.0375549404 8.0394405785 
 8.0356786418 8.0375382866 8.0394297949 
 8.0356586644 8.0375238811 8.0394205243 
 8.0356423371 8.0375122678 8.0394132705 
 8.0356302142 8.0375039685 8.0394085226 
 8.0356227987 8.0374994615 8.0394067345 
 8.0356205227 8.0374991629 8.0394083051 
 8.0356237293 8.0375034081 8.0394135603 
 8.0356326576 8.0375124358 8.0394227366 
 8.0356474297 8.0375263752 8.0394359681 
 8.0356680411 8.0375452363 8.0394532766 
 8.0356943559 8.0375689038 8.0394745652 
 8.0357261044 8.0375971356 8.0394996162 
 8.0357628862 8.0376295648 8.0395280936 
 8.0358041770 8.0376657064 8.0395595488 
 8.0358493388 8.0377049676 8.0395934311 
 8.0358976349 8.0377466622 8.0396291018 
 8.0359482470 8.0377900278 8.0396658511 
 8.0360002958 8.0378342463 8.0397029184 
 8.0360528632 8.0378784654 8.0397395136 
 8.0361050160 8.0379218229 8.0397748409 
 8.0361558304 8.0379634701 8.0398081222 
 8.0362044160 8.0380025964 8.0398386208 
 8.0362499395 8.0380384518 8.0398656645 
 8.0362916464 8.0380703689 8.0398886660 
 8.0363288806 8.0380977820 8.0399071425 
 8.0363611013 8.0381202432 8.0399207309 
 8.0363878960 8.0381374356 8.0399292008 
 8.0364089902 8.0381491816 8.0399324623 
 8.0364242516 8.0381554473 8.0399305697 
 8.0364336907 8.0381563420 8.0399237207 
 8.0364374560 8.0381521123 8.0399122493 
 8.0364358235 8.0381431311 8.0398966146 
 8.0364291830 8.0381298819 8.0398773837 
 8.0364180187 8.0381129384 8.0398552098 
 8.0364028864 8.0380929400 8.0398308066 
 8.0363843890 8.0380705646 8.0398049192 
 8.0363631484 8.0380464995 8.0397782932 
 8.0363397795 8.0380214121 8.0397516432 
 8.0363148633 8.0379959222 8.0397256236 
 8.0362889242 8.0379705763 8.0397008012 
 8.0362624107 8.0379458276 8.0396776336 
 8.0362356808 8.0379220209 8.0396564535 
 8.0362089947 8.0378993841 8.0396374600 
 8.0361825125 8.0378780271 8.0396207179 
 8.0361562991 8.0378579475 8.0396061643 
 8.0361303344 8.0378390426 8.0395936223 
 8.0361045288 8.0378211271 8.0395828204 
 8.0360787423 8.0378039543 8.0395734164 
 8.0360528060 8.0377872406 8.0395650241 
 8.0360265445 8.0377706904 8.0395572404 
 8.0359997983 8.0377540209 8.0395496723 
 8.0359724442 8.0377369845 8.0395419616 
 8.0359444128 8.0377193892 8.0395338065 
 8.0359157037 8.0377011143 8.0395249792 
 8.0358863951 8.0376821225 8.0395153389 
 8.0358566506 8.0376624671 8.0395048399 
 8.0358267207 8.0376422945 8.0394935355 
 8.0357969403 8.0376218432 8.0394815762 
 8.0357677224 8.0376014368 8.0394692048 
 8.0357395477 8.0375814751 8.0394567466 
 8.0357129510 8.0375624205 8.0394445970 
 8.0356885059 8.0375447825 8.0394332057 
 8.0356668057 8.0375290992 8.0394230588 
 8.0356484443 8.0375159182 8.0394146592 
 8.0356339954 8.0375057758 8.0394085066 
 8.0356239923 8.0374991760 8.0394050763 
 8.0356189075 8.0374965711 8.0394047993 
 8.0356191341 8.0374983418 8.0394080429 
 8.0356249689 8.0375047807 8.0394150935 
 8.0356365983 8.0375160773 8.0394261418 
 8.0356540868 8.0375323067 8.0394412709 
 8.0356773696 8.0375534215 8.0394604484 
 8.0357062490 8.0375792477 8.0394835214 
 8.0357403942 8.0376094851 8.0395102172 
 8.0357793464 8.0376437109 8.0395401465 
 8.0358225272 8.0376813889 8.0395728120 
 8.0358692509 8.0377218810 8.0396076204 
 8.0359187406 8.0377644634 8.0396438979 
 8.0359701473 8.0378083453 8.0396809083 
 8.0360225706 8.0378526898 8.0397178746 
 8.0360750824 8.0378966371 8.0397540011 
 8.0361267507 8.0379393280 8.0397884971 
 8.0361766641 8.0379799285 8.0398206006 
 8.0362239557 8.0380176530 8.0398496020 
 8.0362678258 8.0380517871 8.0398748655 
 8.0363075631 8.0380817080 8.0398958500 
 8.0363425627 8.0381069025 8.0399121261 
 8.0363723415 8.0381269819 8.0399233907 
 8.0363965499 8.0381416925 8.0399294773 
 8.0364149785 8.0381509230 8.0399303624 
 8.0364275614 8.0381547059 8.0399261669 
 8.0364343734 8.0381532147 8.0399171526 
 8.0364356234 8.0381467559 8.0399037130 
 8.0364316420 8.0381357559 8.0398863593 
 8.0364228650 8.0381207424 8.0398657013 
 8.0364098127 8.0381023227 8.0398424235 
 8.0363930659 8.0380811573 8.0398172578 
 8.0363732393 8.0380579322 8.0397909533 
 8.0363509552 8.0380333288 8.0397642451 
 8.0363268156 8.0380079960 8.0397378235 
 8.0363013782 8.0379825225 8.0397123055 
 8.0362751343 8.0379574139 8.0396882097 
 8.0362484919 8.0379330748 8.0396659375 
 8.0362217646 8.0379097966 8.0396457607 
 8.0361951662 8.0378877524 8.0396278158 
 8.0361688118 8.0378669993 8.0396121074 
 8.0361427256 8.0378474866 8.0395985180 
 8.0361168532 8.0378290711 8.0395868242 
 8.0360910794 8.0378115364 8.0395767189 
 8.0360652481 8.0377946156 8.0395678363 
 8.0360391847 8.0377780168 8.0395597789 
 8.0360127187 8.0377614472 8.0395521452 
 8.0359857048 8.0377446379 8.0395445555 
 8.0359580431 8.0377273647 8.0395366753 
 8.0359296944 8.0377094670 8.0395282352 
 8.0359006938 8.0376908615 8.0395190463 
 8.0358711585 8.0376715521 8.0395090112 
 8.0358412926 8.0376516354 8.0394981299 
 8.0358113860 8.0376313009 8.0394865010 
 8.0357818110 8.0376108273 8.0394743188 
 8.0357530133 8.0375905750 8.0394618655 
 8.0357255007 8.0375709747 8.0394495009 
 8.0356998281 8.0375525128 8.0394376474 
 8.0356765805 8.0375357143 8.0394267740 
 8.0356563543 8.0375211244 8.0394173772 
 8.0356397365 8.0375092879 8.0394099611 
 8.0356272848 8.0375007291 8.0394050166 
 8.0356195069 8.0374959304 8.0394030011 
 8.0356168409 8.0374953134 8.0394043185 
 8.0356196374 8.0374992202 8.0394093008 
 8.0356281438 8.0375078972 8.0394181919 
 8.0356424913 8.0375214825 8.0394311341 
 8.0356626856 8.0375399954 8.0394481578 
 8.0356886006 8.0375633302 8.0394691753 
 8.0357199768 8.0375912543 8.0394939782 
 8.0357564235 8.0376234101 8.0395222391 
 8.0357974253 8.0376593212 8.0395535176 
 8.0358423523 8.0376984024 8.0395872703 
 8.0358904747 8.0377399739 8.0396228644 
 8.0359409796 8.0377832785 8.0396595950 
 8.0359929913 8.0378275012 8.0396967042 
 8.0360455939 8.0378717915 8.0397334033 
 8.0360978543 8.0379152870 8.0397688960 
 8.0361488468 8.0379571369 8.0398024019 
 8.0361976776 8.0379965267 8.0398331803 
 8.0362435081 8.0380327009 8.0398605528 
 8.0362855768 8.0380649849 8.0398839252 
 8.0363232195 8.0380928044 8.0399028056 
 8.0363558856 8.0381157021 8.0399168215 
 8.0363831526 8.0381333503 8.0399257316 
 8.0364047348 8.0381455605 8.0399294351 
 8.0364204890 8.0381522878 8.0399279751 
 8.0364304147 8.0381536304 8.0399215383 
 8.0364346499 8.0381498246 8.0399104487 
 8.0364334612 8.0381412339 8.0398951560 
 8.0364272302 8.0381283341 8.0398762198 
 8.0364164343 8.0381116924 8.0398542873 
 8.0364016249 8.0380919442 8.0398300686 
 8.0363834016 8.0380697652 8.0398043071 
 8.0363623861 8.0380458430 8.0397777494 
 8.0363391944 8.0380208472 8.0397511136 
 8.0363144109 8.0379954021 8.0397250594 
 8.0362885650 8.0379700606 8.0397001611 
 8.0362621113 8.0379452835 8.0396768851 
 8.0362354153 8.0379214242 8.0396555741 
 8.0362087447 8.0378987195 8.0396364374 
 8.0361822671 8.0378772884 8.0396195500 
 8.0361560544 8.0378571366 8.0396048582 
 8.0361300926 8.0378381687 8.0395921934 
 8.0361042970 8.0378202050 8.0395812905 
 8.0360785306 8.0378030027 8.0395718121 
 8.0360526263 8.0377862805 8.0395633742 
 8.0360264084 8.0377697427 8.0395555744 
 8.0359997158 8.0377531050 8.0395480180 
 8.0359724219 8.0377361167 8.0395403436 
 8.0359444529 8.0377185809 8.0395322446 
 8.0359158029 8.0377003712 8.0395234872 
 8.0358865440 8.0376814439 8.0395139239 
 8.0358568335 8.0376618454 8.0395035016 
 8.0358269154 8.0376417152 8.0394922662 
 8.0357971187 8.0376212851 8.0394803612 
 8.0357678507 8.0376008727 8.0394680227 
 8.0357395876 8.0375808725 8.0394555705 
 8.0357128610 8.0375617430 8.0394433951 
 8.0356882420 8.0375439908 8.0394319429 
 8.0356663235 8.0375281526 8.0394216980 
 8.0356477001 8.0375147761 8.0394131630 
 8.0356329480 8.0375043994 8.0394068386 
 8.0356226043 8.0374975298 8.0394032028 
 8.0356171469 8.0374946243 8.0394026908 
 8.0356169757 8.0374960699 8.0394056755 
 8.0356223956 8.0375021664 8.0394124500 
 8.0356336017 8.0375131117 8.0394232130 
 8.0356506684 8.0375289900 8.0394380561 
 8.0356735409 8.0375497636 8.0394569559 
 8.0357020316 8.0375752682 8.0394797690 
 8.0357358199 8.0376052130 8.0395062315 
 8.0357744564 8.0376391846 8.0395359629 
 8.0358173715 8.0376766547 8.0395684738 
 8.0358638871 8.0377169926 8.0396031776 
 8.0359132326 8.0377594805 8.0396394059 
 8.0359645637 8.0378033317 8.0396764267 
 8.0360169830 8.0378477121 8.0397134652 
 8.0360695637 8.0378917626 8.0397497261 
 8.0361213731 8.0379346233 8.0397844175 
 8.0361714972 8.0379754570 8.0398167742 
 8.0362190648 8.0380134736 8.0398460818 
 8.0362632703 8.0380479525 8.0398716980 
 8.0363033946 8.0380782630 8.0398930736 
 8.0363388241 8.0381038829 8.0399097700 
 8.0363690659 8.0381244133 8.0399214740 
 8.0363937596 8.0381395899 8.0399280082 
 8.0364126849 8.0381492901 8.0399293380 
 8.0364257646 8.0381535354 8.0399255732 
 8.0364330630 8.0381524887 8.0399169648 
 8.0364347789 8.0381464466 8.0399038966 
 8.0364312339 8.0381358265 8.0398868714 
 8.0364228565 8.0381211492 8.0398664920 
 8.0364101611 8.0381030166 8.0398434381 
 8.0363937244 8.0380820861 8.0398184388 
 8.0363741598 8.0380590423 8.0397922428 
 8.0363520895 8.0380345684 8.0397655875 
 8.0363281179 8.0380093161 8.0397391673 
 8.0363028069 8.0379838798 8.0397136058 
 8.0362766533 8.0379587720 8.0396894297 
 8.0362500720 8.0379344054 8.0396670499 
 8.0362233839 8.0379110803 8.0396467482 
 8.0361968104 8.0378889788 8.0396286715 
 8.0361704740 8.0378681665 8.0396128341 
 8.0361444054 8.0378486006 8.0395991273 
 8.0361185557 8.0378301443 8.0395873351 
 8.0360928134 8.0378125859 8.0395771559 
 8.0360670250 8.0377956616 8.0395682274 
 8.0360410164 8.0377790805 8.0395601537 
 8.0360146161 8.0377625490 8.0395525325 
 8.0359876763 8.0377457956 8.0395449818 
 8.0359600928 8.0377285921 8.0395371628 
 8.0359318216 8.0377107725 8.0395288006 
 8.0359028916 8.0376922473 8.0395196998 
 8.0358734139 8.0376730136 8.0395097558 
 8.0358435856 8.0376531608 8.0394989611 
 