8.0267107135 8.0256195428 8.0247184411 
 8.0262679752 8.0252113997 8.0243447753 
 8.0258416887 8.0248190351 8.0239859907 
 8.0254367175 8.0244468310 8.0236460249 
 8.0250577292 8.0240989759 8.0233286321 
 8.0247091265 8.0237794084 8.0230373355 
 8.0243949843 8.0234917645 8.0227753827 
 8.0241189918 8.0232393295 8.0225457054 
 8.0238844021 8.0230249964 8.0223508833 
 8.0236939884 8.0228512291 8.0221931132 
 8.0235500084 8.0227200322 8.0220741821 
 8.0234541752 8.0226329265 8.0219954468 
 8.0234076366 8.0225909312 8.0219578167 
 8.0234109604 8.0225945506 8.0219617432 
 8.0234641273 8.0226437686 8.0220072134 
 8.0235665303 8.0227380469 8.0220937491 
 8.0237169813 8.0228763309 8.0222204108 
 8.0239137245 8.0230570605 8.0223858070 
 8.0241544573 8.0232781876 8.0225881091 
 8.0244363581 8.0235371994 8.0228250715 
 8.0247561228 8.0238311485 8.0230940570 
 8.0251100078 8.0241566893 8.0233920680 
 8.0254938813 8.0245101206 8.0237157828 
 8.0259032819 8.0248874341 8.0240615972 
 8.0263334826 8.0252843686 8.0244256703 
 8.0267795604 8.0256964679 8.0248039741 
 8.0272364685 8.0261191427 8.0251923466 
 8.0276991108 8.0265477335 8.0255865461 
 8.0281624138 8.0269775741 8.0259823068 
 8.0286213969 8.0274040535 8.0263753930 
 8.0290712353 8.0278226736 8.0267616515 
 8.0295073179 8.0282291033 8.0271370610 
 8.0299252947 8.0286192253 8.0274977764 
 8.0303211160 8.0289891763 8.0278401686 
 8.0306910621 8.0293353798 8.0281608576 
 8.0310317637 8.0296545717 8.0284567403 
 8.0313402143 8.0299438179 8.0287250118 
 8.0316137758 8.0302005264 8.0289631815 
 8.0318501786 8.0304224536 8.0291690837 
 8.0320475170 8.0306077066 8.0293408845 
 8.0322042435 8.0307547417 8.0294770847 
 8.0323191604 8.0308623615 8.0295765206 
 8.0323914119 8.0309297112 8.0296383633 
 8.0324204778 8.0309562737 8.0296621163 
 8.0324061673 8.0309418663 8.0296476137 
 8.0323486167 8.0308866383 8.0295950173 
 8.0322482881 8.0307910692 8.0295048154 
 8.0321059711 8.0306559690 8.0293778206 
 8.0319227863 8.0304824790 8.0292151686 
 8.0317001910 8.0302720731 8.0290183162 
 8.0314399848 8.0300265598 8.0287890389 
 8.0311443158 8.0297480819 8.0285294264 
 8.0308156848 8.0294391155 8.0282418770 
 8.0304569474 8.0291024647 8.0279290870 
 8.0300713110 8.0287412528 8.0275940380 
 8.0296623267 8.0283589078 8.0272399784 
 8.0292338740 8.0279591419 8.0268704003 
 8.0287901366 8.0275459236 8.0264890105 
 8.0283355701 8.0271234433 8.0260996963 
 8.0278748601 8.0266960716 8.0257064864 
 8.0274128711 8.0262683111 8.0253135063 
 8.0269545883 8.0258447428 8.0249249309 
 8.0265050519 8.0254299686 8.0245449340 
 8.0260692882 8.0250285508 8.0241776363 
 8.0256522372 8.0246449506 8.0238270535 
 8.0252586805 8.0242834679 8.0234970445 
 8.0248931717 8.0239481828 8.0231912627 
 8.0245599697 8.0236429004 8.0229131093 
 8.0242629783 8.0233711005 8.0226656910 
 8.0240056912 8.0231358924 8.0224517813 
 8.0237911453 8.0229399753 8.0222737869 
 8.0236218800 8.0227856047 8.0221337186 
 8.0234999051 8.0226745648 8.0220331674 
 8.0234266752 8.0226081472 8.0219732855 
 8.0234030722 8.0225871348 8.0219547724 
 8.0234293938 8.0226117926 8.0219778660 
 8.0235053494 8.0226818636 8.0220423386 
 8.0236300633 8.0227965707 8.0221474988 
 8.0238020836 8.0229546245 8.0222921974 
 8.0240193996 8.0231542379 8.0224748394 
 8.0242794659 8.0233931451 8.0226934013 
 8.0245792337 8.0236686294 8.0229454536 
 8.0249151906 8.0239775550 8.0232281891 
 8.0252834078 8.0243164071 8.0235384562 
 8.0256795942 8.0246813368 8.0238727979 
 8.0260991579 8.0250682125 8.0242274950 
 8.0265372729 8.0254726760 8.0245986143 
 8.0269889505 8.0258902022 8.0249820596 
 8.0274491122 8.0263161618 8.0253736257 
 8.0279126637 8.0267458847 8.0257690530 
 8.0283745663 8.0271747229 8.0261640832 
 8.0288299036 8.0275981106 8.0265545125 
 8.0292739431 8.0280116206 8.0269362428 
 8.0297021886 8.0284110150 8.0273053291 
 8.0301104244 8.0287922891 8.0276580212 
 8.0304947498 8.0291517084 8.0279908013 
 8.0308516046 8.0294858378 8.0283004139 
 8.0311777856 8.0297915632 8.0285838914 
 8.0314704558 8.0300661072 8.0288385719 
 8.0317271470 8.0303070381 8.0290621136 
 8.0319457581 8.0305122736 8.0292525032 
 8.0321245493 8.0306800820 8.0294080607 
 8.0322621354 8.0308090798 8.0295274416 
 8.0323574769 8.0308982280 8.0296096367 
 8.0324098736 8.0309468276 8.0296539706 
 8.0324189575 8.0309545163 8.0296600994 
 8.0323846889 8.0309212646 8.0296280083 
 8.0323073539 8.0308473738 8.0295580099 
 8.0321875653 8.0307334757 8.0294507421 
 8.0320262646 8.0305805328 8.0293071665 
 8.0318247270 8.0303898395 8.0291285669 
 8.0315845665 8.0301630235 8.0289165473 
 8.0313077427 8.0299020475 8.0286730285 
 8.0309965658 8.0296092082 8.0284002434 
 8.0306537000 8.0292871334 8.0281007288 
 8.0302821635 8.0289387758 8.0277773142 
 8.0298853235 8.0285674010 8.0274331067 
 8.0294668847 8.0281765708 8.0270714699 
 8.0290308701 8.0277701192 8.0266959986 
 8.0285815931 8.0273521214 8.0263104870 
 8.0281236209 8.0269268562 8.0259188926 
 8.0276617280 8.0264987610 8.0255252941 
 8.0272008420 8.0260723814 8.0251338456 
 8.0267459816 8.0256523150 8.0247487276 
 8.0263021890 8.0252431526 8.0243740956 
 8.0258744594 8.0248494173 8.0240140280 
 8.0254676684 8.0244755031 8.0236724744 
 8.0250865007 8.0241256153 8.0233532045 
 8.0247353816 8.0238037136 8.0230597608 
 8.0244184134 8.0235134590 8.0227954138 
 8.0241393169 8.0232581654 8.0225631207 
 8.0239013807 8.0230407578 8.0223654899 
 8.0237074165 8.0228637343 8.0222047488 
 8.0235597233 8.0227291363 8.0220827172 
 8.0234600577 8.0226385232 8.0220007861 
 8.0234096121 8.0225929538 8.0219599003 
 8.0234090002 8.0225929733 8.0219605476 
 8.0234582488 8.0226386062 8.0220027514 
 8.0235567970 8.0227293553 8.0220860701 
 8.0237035022 8.0228642065 8.0222096003 
 8.0238966527 8.0230416390 8.0223719858 
 8.0241339883 8.0232596425 8.0225714318 
 8.0244127275 8.0235157400 8.0228057249 
 8.0247296029 8.0238070176 8.0230722580 
 8.0250809043 8.0241301599 8.0233680611 
 8.0254625291 8.0244814926 8.0236898370 
 8.0258700401 8.0248570301 8.0240340024 
 8.0262987294 8.0252525296 8.0243967340 
 8.0267436874 8.0256635487 8.0247740170 
 8.0271998752 8.0260855070 8.0251616987 
 8.0276621983 8.0265137486 8.0255555423 
 8.0281255798 8.0269436065 8.0259512822 
 8.0285850295 8.0273704633 8.0263446792 
 8.0290357090 8.0277898110 8.0267315722 
 8.0294729887 8.0281973036 8.0271079283 
 8.0298924969 8.0285888060 8.0274698877 
 8.0302901594 8.0289604340 8.0278138031 
 8.0306622299 8.0293085879 8.0281362744 
 8.0310053111 8.0296299784 8.0284341760 
 8.0313163679 8.0299216451 8.0287046795 
 8.0315927330 8.0301809691 8.0289452690 
 8.0318321080 8.0304056793 8.0291537533 
 8.0320325590 8.0305938552 8.0293282723 
 8.0321925103 8.0307439258 8.0294673006 
 8.0323107372 8.0308546669 8.0295696484 
 8.0323863572 8.0309251967 8.0296344603 
 8.0324188239 8.0309549718 8.0296612140 
 8.0324079207 8.0309437833 8.0296497175 
 8.0323537584 8.0308917545 8.0296001072 
 8.0322567734 8.0307993389 8.0295128456 
 8.0321177293 8.0306673206 8.0293887199 
 8.0319377208 8.0304968146 8.0292288404 
 8.0317181785 8.0302892689 8.0290346386 
 8.0314608748 8.0300464653 8.0288078649 
 8.0311679302 8.0297705205 8.0285505847 
 8.0308418179 8.0294638844 8.0282651718 
 8.0304853652 8.0291293352 8.0279542994 
 8.0301017523 8.0287699716 8.0276209270 
 8.0296945035 8.0283891980 8.0272682824 
 8.0292674728 8.0279907048 8.0268998392 
 8.0288248210 8.0275784410 8.0265192880 
 8.0283709833 8.0271565808 8.0261305027 
 8.0279106284 8.0267294815 8.0257375020 
 8.0274486083 8.0263016368 8.0253444046 
 8.0269899002 8.0258776228 8.0249553830 
 8.0265395420 8.0254620414 8.0245746121 
 8.0261025628 8.0250594592 8.0242062181 
 8.0256839111 8.0246743471 8.0238542260 
 8.0252883831 8.0243110191 8.0235225083 
 8.0249205516 8.0239735738 8.0232147355 
 8.0245847005 8.0236658391 8.0229343298 
 8.0242847627 8.0233913215 8.0226844218 
 8.0240242653 8.0231531604 8.0224678120 
 8.0238062821 8.0229540881 8.0222869367 
 8.0236333925 8.0227963955 8.0221438383 
 8.0235076483 8.0226819045 8.0220401414 
 8.0234305486 8.0226119457 8.0219770329 
 8.0234030203 8.0225873423 8.0219552483 
 8.0234254073 8.0226084004 8.0219750618 
 8.0234974655 8.0226749038 8.0220362826 
 8.0236183648 8.0227861163 8.0221382556 
 8.0237866986 8.0229407889 8.0222798673 
 8.0240004997 8.0231371728 8.0224595577 
 8.0242572642 8.0233730399 8.0226753365 
 8.0245539820 8.0236457080 8.0229248057 
 8.0248871765 8.0239520737 8.0232051871 
 8.0252529502 8.0242886509 8.0235133555 
 8.0256470393 8.0246516160 8.0238458768 
 8.0260648738 8.0250368583 8.0241990516 
 8.0265016447 8.0254400361 8.0245689623 
 8.0269523739 8.0258566360 8.0249515243 
 8.0274119883 8.0262820351 8.0253425395 
 8.0278753929 8.0267115652 8.0257377516 
 8.0283375425 8.0271405748 8.0261329007 
 8.0287935098 8.0275644902 8.0265237774 
 8.0292385460 8.0279788720 8.0269062742 
 8.0296681351 8.0283794662 8.0272764328 
 8.0300780383 8.0287622487 8.0276304871 
 8.0304643293 8.0291234629 8.0279648999 
 8.0308234205 8.0294596495 8.0282763948 
 8.0311520805 8.0297676689 8.0285619808 
 8.0314474432 8.0300447170 8.0288189718 
 8.0317070117 8.0302883347 8.0290450008 
 8.0319286559 8.0304964124 8.0292380283 
 8.0321106081 8.0306671909 8.0293963484 
 8.0322514553 8.0307992594 8.0295185903 
 8.0323501312 8.0308915521 8.0296037186 
 8.0324059092 8.0309433436 8.0296510316 
 8.0324183952 8.0309542451 8.0296601596 
 8.0323875240 8.0309242010 8.0296310622 
 8.0323135561 8.0308534868 8.0295640262 
 8.0321970787 8.0307427085 8.0294596639 
 8.0320390073 8.0305928024 8.0293189117 
 8.0318405907 8.0304050368 8.0291430281 
 8.0316034163 8.0301810132 8.0289335919 
 8.0313294163 8.0299226681 8.0286924992 
 8.0310208732 8.0296322716 8.0284219584 
 8.0306804234 8.0293124260 8.0281244824 
 8.0303110574 8.0289660584 8.0278028783 
 8.0299161153 8.0285964103 8.0274602316 
 8.0294992755 8.0282070207 8.0270998863 
 8.0290645369 8.0278017029 8.0267254196 
 8.0286161908 8.0273845139 8.0263406110 
 8.0281587857 8.0269597178 8.0259494059 
 8.0276970812 8.0265317406 8.0255558745 
 8.0272359943 8.0261051206 8.0251641661 
 8.0267805383 8.0256844529 8.0247784602 
 8.0263357554 8.0252743302 8.0244029156 
 8.0259066462 8.0248792823 8.0240416180 
 8.0254980976 8.0245037149 8.0236985278 
 8.0251148109 8.0241518494 8.0233774303 
 8.0247612333 8.0238276660 8.0230818868 
 8.0244414938 8.0235348502 8.0228151898 
 8.0241593445 8.0232767442 8.0225803221 
 8.0239181087 8.0230563041 8.0223799201 
 8.0237206366 8.0228760625 8.0222162416 
 8.0235692680 8.0227380971 8.0220911390 
 8.0234658024 8.0226440055 8.0220060373 
 8.0234114771 8.0225948860 8.0219619165 
 8.0234069512 8.0225913243 8.0219593005 
 8.0234522976 8.0226333860 8.0219982493 
 8.0235470017 8.0227206147 8.0220783577 
 8.0236899660 8.0228520366 8.0221987583 
 8.0238795233 8.0230261704 8.0223581301 
 8.0241134558 8.0232410438 8.0225547127 
 8.0243890222 8.0234942160 8.0227863248 
 8.0247029924 8.0237828063 8.0230503896 
 8.0250516898 8.0241035301 8.0233439648 
 8.0254310412 8.0244527400 8.0236637779 
 8.0258366341 8.0248264739 8.0240062673 
 8.0262637801 8.0252205076 8.0243676271 
 8.0267075837 8.0256304129 8.0247438564 
 8.0271630140 8.0260516185 8.0251308119 
 8.0276249792 8.0264794730 8.0255242621 
 8.0280883987 8.0269093085 8.0259199424 
 8.0285482740 8.0273365022 8.0263136100 
 8.0289997528 8.0277565360 8.0267010966 
 8.0294381880 8.0281650500 8.0270783579 
 8.0298591863 8.0285578913 8.0274415195 
 8.0302586493 8.0289311551 8.0277869168 
 8.0306328043 8.0292812188 8.0281111293 
 8.0309782263 8.0296047681 8.0284110097 
 8.0312918514 8.0298988167 8.0286837055 
 8.0315709838 8.0301607185 8.0289266765 
 8.0318132962 8.0303881755 8.0291377058 
 8.0320168263 8.0305792397 8.0293149074 
 8.0321799708 8.0307323129 8.0294567297 
 8.0323014776 8.0308461439 8.0295619567 
 8.0323804379 8.0309198243 8.0296297072 
 8.0324162791 8.0309527845 8.0296594328 
 8.0324087592 8.0309447896 8.0296509161 
 8.0323579634 8.0308959370 8.0296042676 
 8.0322643026 8.0308066545 8.0295199246 
 8.0321285149 8.0306777003 8.0293986489 
 8.0319516692 8.0305101637 8.0292415257 
 8.0317351694 8.0303054665 8.0290499615 
 8.0314807613 8.0300653645 8.0288256818 
 8.0311905381 8.0297919483 8.0285707275 
 8.0308669452 8.0294876416 8.0282874484 
 8.0305127825 8.0291551975 8.0279784948 
 8.0301312028 8.0287976898 8.0276468041 
 8.0297257038 8.0284184996 8.0272955837 
 8.0293001144 8.0280212955 8.0269282886 
 8.0288585724 8.0276100072 8.0265485933 
 8.0284054924 8.0271887924 8.0261603584 
 8.0279455265 8.0267619953 8.0257675921 
 8.0274835137 8.0263341002 8.0253744067 
 8.0270244233 8.0259096785 8.0249849716 
 8.0265732903 8.0254933313 8.0246034628 
 8.0261351464 8.0250896299 8.0242340117 
 8.0257149485 8.0247030539 8.0238806524 
 8.0253175062 8.0243379313 8.0235472704 
 8.0249474118 8.0239983787 8.0232375533 
 8.0246089731 8.0236882466 8.0229549435 
 8.0243061519 8.0234110676 8.0227025955 
 8.0240425083 8.0231700107 8.0224833363 
 8.0238211523 8.0229678408 8.0222996311 
 8.0236447027 8.0228068839 8.0221535539 
 8.0235152531 8.0226889989 8.0220467622 
 8.0234343461 8.0226155553 8.0219804774 
 8.0234029535 8.0225874160 8.0219554703 
 8.0234214649 8.0226049274 8.0219720513 
 8.0234896817 8.0226679141 8.0220300658 
 8.0236068194 8.0227756803 8.0221288947 
 8.0237715160 8.0229270165 8.0222674601 
 8.0239818474 8.0231202126 8.0224442362 
 8.0242353506 8.0233530770 8.0226572659 
 8.0245290542 8.0236229621 8.0229041821 
 8.0248595166 8.0239267964 8.0231822355 
 8.0252228717 8.0242611225 8.0234883269 
 8.0256148825 8.0246221416 8.0238190451 
 8.0260310012 8.0250057640 8.0241707102 
 8.0264664352 8.0254076643 8.0245394201 
 8.0269162176 8.0258233406 8.0249211018 
 8.0273752805 8.0262481769 8.0253115647 
 8.0278385283 8.0266775066 8.0257065551 
 8.0283009101 8.0271066750 8.0261018120 
 8.0287574873 8.0275311009 8.0264931207 
 8.0292034957 8.0279463328 8.0268763643 
 8.0296343995 8.0283481008 8.0272475717 
 8.0300459373 8.0287323619 8.0276029606 
 8.0304341578 8.0290953377 8.0279389753 
 8.0307954463 8.0294335452 8.0282523183 
 8.0311265433 8.0297438194 8.0285399759 
 8.0314245544 8.0300233298 8.0287992379 
 8.0316869540 8.0302695904 8.0290277122 
 8.0319115837 8.0304804646 8.0292233340 
 8.0320966479 8.0306541660 8.0293843714 
 8.0322407064 8.0307892570 8.0295094276 
 8.0323426664 8.0308846451 8.0295974412 
 8.0324017750 8.0309395789 8.0296476851 
 8.0324176128 8.0309536435 8.0296597638 
 8.0323900891 8.0309267577 8.0296336114 
 8.0323194393 8.0308591716 8.0295694897 
 8.0322062253 8.0307514653 8.0294679858 
 8.0320513372 8.0306045499 8.0293300110 
 8.0318559979 8.0304196677 8.0291567990 
 8.0316217683 8.0301983947 8.0289499040 
 8.0313505539 8.0299426413 8.0287111976 
 8.0310446100 8.0296546520 8.0284428642 
 8.0307065456 8.0293370034 8.0281473937 
 8.0303393240 8.0289925979 8.0278275705 
 8.0299462585 8.0286246531 8.0274864594 
 8.0295310020 8.0282366857 8.0271273849 
 8.0290975292 8.0278324886 8.0267539072 
 8.0286501101 8.0274161012 8.0263697910 
 8.0281932745 8.0269917727 8.0259789703 
 8.0277317673 8.0265639181 8.0255855067 
 8.0272704952 8.0261370688 8.0251935451 
 8.0268144662 8.0257158170 8.0248072640 
 8.0263687223 8.0253047577 8.0244308253 
 8.0259382697 8.0249084273 8.0240683218 
 8.0255280060 8.0245312428 8.0237237254 
 8.0251426491 8.0241774416 8.0234008360 
 8.0247866679 8.0238510242 8.0231032337 
 8.0244642176 8.0235557002 8.0228342330 
 8.0241790811 8.0232948398 8.0225968417 
 8.0239346162 8.0230714300 8.0223937238 
 8.0237337106 8.0228880369 8.0222271672 
 8.0235787445 8.0227467742 8.0220990563 
 8.0234715599 8.0226492770 8.0220108495 
 8.0234134378 8.0225966827 8.0219635616 
 8.0234050822 8.0225896166 8.0219577517 
 8.0234466113 8.0226281846 8.0219935159 
 8.0235375556 8.0227119705 8.0220704846 
 8.0236768623 8.0228400400 8.0221878259 
 8.0238629075 8.0230109505 8.0223442535 
 8.0240935150 8.0232227669 8.0225380400 
 8.0243659829 8.0234730834 8.0227670360 
 8.0246771174 8.0237590525 8.0230286943 
 8.0250232747 8.0240774193 8.0233200995 
 8.0254004104 8.0244245628 8.0236380035 
 8.0258041361 8.0247965434 8.0239788653 
 8.0262297825 8.0251891554 8.0243388963 
 8.0266724675 8.0255979842 8.0247141091 
 8.0271271685 8.0260184674 8.0251003695 
 8.0275887955 8.0264459579 8.0254934509 
 8.0280522648 8.0268757866 8.0258890895 
 8.0285125694 8.0273033256 8.0262830390 
 8.0289648437 8.0277240466 8.0266711236 
 8.0294044229 8.0281335759 8.0270492882 
 8.0298268928 8.0285277433 8.0274136436 
 8.0302281312 8.0289026237 8.0277605080 
 8.0306043394 8.0292545717 8.0280864413 
 8.0309520652 8.0295802487 8.0283882741 
 8.0312682168 8.0298766427 8.0286631308 
 8.0315500699 8.0301410812 8.0289084468 
 8.0317952690 8.0303712393 8.0291219800 
 8.0320018239 8.0305651422 8.0293018189 
 8.0321681043 8.0307211649 8.0294463864 
 8.0322928313 8.0308380298 8.0295544405 
 8.0323750700 8.0309148023 8.0296250746 
 8.0324142223 8.0309508870 8.0296577149 
 8.0324100212 8.0309460236 8.0296521185 
 8.0323625266 8.0309002840 8.0296083712 
 8.0322721248 8.0308140708 8.0295268851 
 8.0321395287 8.0306881170 8.0294083975 
 8.0319657815 8.0305234865 8.0292539687 
 8.0317522617 8.0303215755 8.0290649807 
 8.0315006886 8.0300841144 8.0288431350 
 8.0312131287 8.0298131682 8.0285904483 
 8.0308920003 8.0295111353 8.0283092473 
 8.0305400764 8.0291807438 8.0280021596 
 8.0301604829 8.0288250435 8.0276721013 
 8.0297566916 8.0284473926 8.0273222599 
 8.0293325070 8.0280514386 8.0269560724 
 8.0288920439 8.0276410924 8.0265771976 
 8.0284396976 8.0272204956 8.0261894834 
 8.0279801032 8.0267939798 8.0257969280 
 8.0275180878 8.0263660205 8.0254036375 
 8.0270586128 8.0259411843 8.0250137786 
 8.0266067106 8.0255240722 8.0246315288 
 8.0261674156 8.0251192598 8.0242610246 
 8.0257456930 8.0247312362 8.0239063093 
 8.0253463664 8.0243643428 8.0235712818 
 8.0249740469 8.0240227146 8.0232596464 
 8.0246330664 8.0237102241 8.0229748658 
 8.0243274152 8.0234304300 8.0227201179 
 8.0240606859 8.0231865306 8.0224982560 
 8.0238360244 8.0229813229 8.0223117742 
 8.0236560881 8.0228171675 8.0221627770 
 8.0235230121 8.0226959599 8.0220529545 
 8.0234383814 8.0226191075 8.0219835622 
 8.0234032122 8.0225875122 8.0219554054 
 8.0234179384 8.0226015602 8.0219688300 
 8.0234824065 8.0226611158 8.0220237168 
 8.0235958764 8.0227655226 8.0221194818 
 8.0237570294 8.0229136099 8.0222550819 
 8.0239639836 8.0231037050 8.0224290249 
 8.0242143159 8.0233336522 8.0226393855 
 8.0245050923 8.0236008375 8.0228838271 
 8.0248329052 8.0239022201 8.0231596283 
 8.0251939190 8.0242343705 8.0234637150 
 8.0255839227 8.0245935140 8.0237926984 
 8.0259983896 8.0249755810 8.0241429170 
 8.0264325432 8.0253762617 8.0245104840 
 8.0268814271 8.0257910654 8.0248913372 
 8.0273399782 8.0262153823 8.0252812928 
 8.0278031003 8.0266445472 8.0256760999 
 8.0282657364 8.0270739023 8.0260714960 
 8.0287229370 8.0274988583 8.0264632606 
 8.0291699224 8.0279149519 8.0268472677 
 8.0296021376 8.0283178977 8.0272195333 
 8.0300152990 8.0287036336 8.0275762591 
 8.0304054302 8.0290683601 8.0279138710 
 8.0307688905 8.0294085706 8.0282290507 
 8.0311023927 8.0297210752 8.0285187620 
 8.0314030146 8.0300030175 8.0287802711 
 8.0316682024 8.0302518852 8.0290111613 
 8.0318957700 8.0304655147 8.0292093425 
 8.0320838946 8.0306420934 8.0293730573 
 8.0322311090 8.0307801571 8.0295008836 
 8.0323362946 8.0308785874 8.0295917346 
 8.0323986729 8.0309366069 8.0296448576 
 8.0324177994 8.0309537755 8.0296598322 
 8.0323935585 8.0309299868 8.0296365676 
 8.0323261611 8.0308654657 8.0295753007 
 8.0322161442 8.0307607675 8.0294765941 
 8.0320643728 8.0306167780 8.0293413347 
 8.0318720445 8.0304347145 8.0291707317 
 8.0316406944 8.0302161276 8.0289663152 
 8.0313722017 8.0299629024 8.0287299331 
 8.0310687951 8.0296772583 8.0284637462 
 8.0307330567 8.0293617469 8.0281702218 
 8.0303679231 8.0290192463 8.0278521228 
 8.0299766815 8.0286529510 8.0275124932 
 8.0295629597 8.0282663558 8.0271546390 
 8.0291307089 8.0278632338 8.0267821038 
 8.0286841782 8.0274476071 8.0263986383 
 8.0282278793 8.0270237109 8.0260081651 
 8.0277665429 8.0265959496 8.0256147383 
 8.0273050658 8.0261688477 8.0252224981 
 8.0268484508 8.0257469956 8.0248356229 
 8.0264017403 8.0253349901 8.0244582779 
 8.0259699460 8.0249373748 8.0240945632 
 8.0255579768 8.0245585783 8.0237484621 
 8.0251705669 8.0242028539 8.0234237896 
 8.0248122069 8.0238742223 8.0231241443 
 8.0244870782 8.0235764174 8.0228528627 
 8.0241989942 8.0233128369 8.0226129773 
 8.0239513468 8.0230864983 8.0224071797 
 8.0237470611 8.0229000013 8.0222377874 
 8.0235885569 8.0227554947 8.0221067164 
 8.0234777182 8.0226546509 8.0220154580 
 8.0234158689 8.0225986455 8.0219650613 
 8.0234037573 8.0225881431 8.0219561202 
 8.0234415461 8.0226232888 8.0219887658 
 8.0235288098 8.0227037058 8.0220626636 
 8.0236645395 8.0228284986 8.0221770165 
 8.0238471535 8.0229962624 8.0223305718 
 8.0240745164 8.0232050983 8.0225216348 
 8.0243439643 8.0234526350 8.0227480868 
 8.0246523389 8.0237360566 8.0230074094 
 8.0249960284 8.0240521375 8.0232967136 
 8.0253710163 8.0243972821 8.0236127746 
 8.0257729374 8.0247675729 8.0239520717 
 8.0261971408 8.0251588215 8.0243108328 
 8.0266387574 8.0255666268 8.0246850833 
 8.0270927720 8.0259864347 8.0250706977 
 8.0275540967 8.0264136017 8.0254634540 
 8.0280176445 8.0268434579 8.0258590888 
 8.0284783994 8.0272713696 8.0262533523 
 8.0289314830 8.0276927985 8.0266420609 
 8.0293722130 8.0281033573 8.0270211485 
 8.0297961544 8.0284988584 8.0273867115 
 8.0301991616 8.0288753565 8.0277350509 
 8.0305774106 8.0292291841 8.0280627068 
 8.0309274220 8.0295569785 8.0283664884 
 8.0312460767 8.0298557021 8.0286434971 
 8.0315306224 8.0301226566 8.0288911440 
 8.0317786760 8.0303554905 8.0291071625 
 8.0319882199 8.0305522026 8.0292896157 
 8.0321575967 8.0307111416 8.0294369011 
 8.0322855016 8.0308310038 8.0295477516 
 8.0323709740 8.0309108288 8.0296212350 
 8.0324133907 8.0309499959 8.0296567527 
 8.0324124597 8.0309482194 8.0296540368 
 8.0323682166 8.0309055466 8.0296131484 
 8.0322810228 8.0308223550 8.0295344752 
 8.0321515668 8.0306993527 8.0294187300 
 8.0319808667 8.0305375786 8.0292669489 
 8.0317702753 8.0303384039 8.0290804898 
 8.0315214862 8.0301035340 8.0288610303 
 8.0312365394 8.0298350084 8.0286105637 
 8.0309178267 8.0295352009 8.0283313937 
 8.0305680945 8.0292068150 8.0280261259 
 8.0301904422 8.0288528768 8.0276976554 
 8.0297883162 8.0284767221 8.0273491504 
 8.0293654966 8.0280819777 8.0269840301 
 8.0289260764 8.0276725362 8.0266059383 
 8.0284744309 8.0272525233 8.0262187101 
 8.0280151796 8.0268262585 8.0258263346 
 8.0275531372 8.0263982085 8.0254329118 
 8.0270932577 8.0259729358 8.0250426061 
 8.0266405712 8.0255550413 8.0246595965 
 8.0262001150 8.0251491054 8.0242880251 
 8.0257768628 8.0247596264 8.0239319446 
 8.0253756519 8.0243909596 8.0235952671 
 8.0250011126 8.0240472581 8.0232817138 
 8.0246576009 8.0237324167 8.0229947677 
 8.0243491351 8.0234500200 8.0227376301 
 8.0240793404 8.0232032955 8.0225131805 
 8.0238513984 8.0229950719 8.0223239414 
 8.0236680050 8.0228277443 8.0221720481 
 8.0235313358 8.0227032445 8.0220592228 
 8.0234430186 8.0226230172 8.0219867544 
 8.0234041128 8.0225880034 8.0219554829 
 8.0234150967 8.0225986281 8.0219657888 
 8.0234758609 8.0226547950 8.0220175880 
 8.0235857091 8.0227558866 8.0221103314 
 8.0237433656 8.0229007703 8.0222430097 
 8.0239469896 8.0230878104 8.0224141639 
 8.0241941975 8.0233148862 8.0226219003 
 8.0244820919 8.0235794169 8.0228639120 
 8.0248072988 8.0238783919 8.0231375049 
 8.0251660124 8.0242084089 8.0234396297 
 8.0255540472 8.0245657169 8.0237669194 
 8.0259668972 8.0249462660 8.0241157308 
 8.0263998016 8.0253457617 8.0244821916 
 8.0268478143 8.0257597240 8.0248622503 
 8.0273058768 8.0261835493 8.0252517299 
 8.0277688922 8.0266125736 8.0256463818 
 8.0282317975 8.0270421357 8.0260419418 
 8.0286896323 8.0274676386 8.0264341840 
 8.0291376016 8.0278846071 8.0268189728 
 8.0295711315 8.0282887401 8.0271923115 
 8.0299859160 8.0286759571 8.0275503860 
 8.0303779545 8.0290424372 8.0278896037 
 8.0307435801 8.0293846505 8.0282066257 
 8.0310794785 8.0296993826 8.0284983936 
 8.0313826996 8.0299837514 8.0287621500 
 8.0316506620 8.0302352182 8.0289954536 
 8.0318811520 8.0304515932 8.0291961895 
 8.0320723197 8.0306310371 8.0293625750 
 8.0322226716 8.0307720598 8.0294931626 
 8.0323310630 8.0308735169 8.0295868402 
 8.0323966902 8.0309346055 8.0296428300 
 8.0324190837 8.0309548602 8.0296606867 
 8.0323981034 8.0309341497 8.0296402947 
 8.0323339356 8.0308726740 8.0295818663 
 8.0322270927 8.0307709635 8.0294859398 
 8.0320784148 8.0306298790 8.0293533776 
 8.0318890744 8.0304506129 8.0291853650 
 8.0316605808 8.0302346908 8.0289834079 
 8.0313947872 8.0299839725 8.0287493306 
 8.0310938956 8.0297006524 8.0284852708 
 8.0307604617 8.0293872574 8.0281936731 
 8.0303973955 8.0290466416 8.0278772790 
 8.0300079580 8.0286819761 8.0275391122 
 8.0295957522 8.0282967342 8.0271824602 
 8.0291647060 8.0278946695 8.0268108500 
 8.0287190474 8.0274797868 8.0264280185 
 8.0282632703 8.0270563072 8.0260378772 
 8.0278020910 8.0266286245 8.0256444725 
 8.0273403966 8.0262012569 8.0252519403 
 8.0268831848 8.0257787922 8.0248644586 
 8.0264354980 8.0253658298 8.0244861961 
 8.0260023536 8.0249669201 8.0241212605 
 8.0255886716 8.0245865033 8.0237736461 
 8.0251992027 8.0242288487 8.0234471833 
 8.0248384589 8.0238979971 8.0231454891 
 8.0245106478 8.0235977065 8.0228719218 
 8.0242196132 8.0233314022 8.0226295389 
 8.0239687811 8.0231021324 8.0224210593 
 8.0237611137 8.0229125297 8.0222488301 
 8.0235990706 8.0227647785 8.0221147988 
 8.0234845772 8.0226605881 8.0220204896 
 8.0234190007 8.0226011723 8.0219669855 
 8.0234031333 8.0225872346 8.0219549153 
 8.0234371819 8.0226189594 8.0219844450 
 8.0235207654 8.0226960092 8.0220552752 
 8.0236529179 8.0228175271 8.0221666431 
 8.0238321003 8.0229821458 8.0223173298 
 8.0240562175 8.0231880027 8.0225056730 
 8.0243226439 8.0234327607 8.0227295847 
 8.0246282566 8.0237136358 8.0229865753 
 8.0249694754 8.0240274312 8.0232737820 
 8.0253423118 8.0243705771 8.0235880033 
 8.0257424240 8.0247391775 8.0239257388 
 8.0261651794 8.0251290621 8.0242832329 
 8.0266057222 8.0255358428 8.0246565238 
 8.0270590449 8.0259549742 8.0250414950 
 8.0275200617 8.0263818166 8.0254339290 
 8.0279836822 8.0268116990 8.0258295630 
 8.0284448823 8.0272399824 8.0262241435 
 8.0288987703 8.0276621188 8.0266134798 
 8.0293406469 8.0280737070 8.0269934944 
 8.0297660566 8.0284705424 8.0273602696 
 8.0301708303 8.0288486599 8.0277100892 
 8.0305511186 8.0292043695 8.0280394739 
 8.0309034156 8.0295342845 8.0283452112 
 8.0312245745 8.0298353422 8.0286243797 
 8.0315118151 8.0301048181 8.0288743664 
 8.0317627266 8.0303403343 8.0290928797 
 8.0319752640 8.0305398631 8.0292779577 
 8.0321477431 8.0307017269 8.0294279724 
 8.0322788328 8.0308245957 8.0295416313 
 8.0323675466 8.0309074835 8.0296179769 
 8.0324132363 8.0309497440 8.0296563855 
 8.0324155851 8.0309510664 8.0296565644 
 8.0323746038 8.0309114728 8.0296185497 
 8.0322906293 8.0308313159 8.0295427046 
 8.0321643251 8.0307112787 8.0294297174 
 8.0319966843 8.0305523752 8.0292805999 
 8.0317890343 8.0303559514 8.0290966859 
 8.0315430424 8.0301236873 8.0288796288 
 8.0312607225 8.0298575974 8.0286313985 
 8.0309444395 8.0295600303 8.0283542756 
 8.0305969130 8.0292336648 8.0280508435 
 8.0302212158 8.0288815033 8.0277239762 
 8.0298207688 8.0285068590 8.0273768222 
 8.0293993276 8.0281133377 8.0270127830 
 8.0289609626 8.0277048133 8.0266354869 
 8.0285100296 8.0272853957 8.0262487563 
 8.0280511314 8.0268593916 8.0258565706 
 8.0275890703 8.0264312591 8.0254630236 
 8.0271287927 8.0260055559 8.0250722772 
 8.0266753258 8.0255868827 8.0246885117 
 8.0262337096 8.0251798243 8.0243158744 
 8.0258089259 8.0247888880 8.0239584273 
 8.0254058254 8.0244184428 8.0236200957 
 8.0250290576 8.0240726599 8.0233046174 
 8.0246830018 8.0237554560 8.0230154958 
 8.0243717051 8.0234704416 8.0227559552 
 8.0240988245 8.0232208732 8.0225289015 
 8.0238675775 8.0230096117 8.0223368857 
 8.0236806986 8.0228390864 8.0221820738 
 8.0235404043 8.0227112654 8.0220662202 
 8.0234483647 8.0226276313 8.0219906476 
 8.0234056832 8.0225891638 8.0219562303 
 8.0234128824 8.0225963273 8.0219633842 
 8.0234698975 8.0226490651 8.0220120603 
 8.0235760762 8.0227467990 8.0221017445 
 8.0237301862 8.0228884347 8.0222314620 
 8.0239304286 8.0230723738 8.0223997870 
 8.0241744594 8.0232965314 8.0226048579 
 8.0244594186 8.0235583598 8.0228443978 
 8.0247819663 8.0238548797 8.0231157406 
 8.0251383269 8.0241827162 8.0234158621 
 8.0255243412 8.0245381427 8.0237414175 
 8.0259355247 8.0249171293 8.0240887824 
 8.0263671327 8.0253153975 8.0244540995 
 8.0268142300 8.0257284787 8.0248333288 
 8.0272717634 8.0261517758 8.0252223000 
 8.0277346359 8.0265806265 8.0256167676 
 8.0281977787 8.0270103668 8.0260124661 
 8.0286562210 8.0274363921 8.0264051643 
 8.0291051528 8.0278542157 8.0267907175 
 8.0295399813 8.0282595212 8.0271651166 
 8.0299563785 8.0286482096 8.0275245317 
 8.0303503194 8.0290164387 8.0278653519 
 8.0307181107 8.0293606555 8.0281842177 
 8.0310564110 8.0296776207 8.0284780484 
 8.0313622421 8.0299644264 8.0287440629 
 8.0316329945 8.0302185075 8.0289797955 
 8.0318664268 8.0304376476 8.0291831059 
 8.0320606618 8.0306199806 8.0293521861 
 8.0322141791 8.0307639901 8.0294855629 
 8.0323258078 8.0308685055 8.0295820987 
 8.0323947185 8.0309326980 8.0296409904 
 8.0324204167 8.0309560768 8.0296617672 
 8.0324027371 8.0309384851 8.0296442888 
 8.0323418413 8.0308800977 8.0295887425 
 8.0322382168 8.0307814200 8.0294956417 
 8.0320926786 8.0306432876 8.0293658243 
 8.0319063736 8.0304668676 8.0292004511 
 8.0316807853 8.0302536600 8.0290010037 
 8.0314177404 8.0300054993 8.0287692823 
 8.0311194140 8.0297245543 8.0285074010 
 8.0307883349 8.0294133269 8.0282177815 
 8.0304273860 8.0290746465 8.0279031432 
 8.0300398019 8.0287116608 8.0275664891 
 8.0296291602 8.0283278208 8.0272110876 
 8.0291993648 8.0279268597 8.0268404488 
 8.0287546221 8.0275127649 8.0264582948 
 8.0282994074 8.0270897425 8.0260685258 
 8.0278384223 8.0266621753 8.0256751796 
 8.0273765429 8.0262345742 8.0252823875 
 8.0269187614 8.0258115241 8.0248943264 
 8.0264701196 8.0253976263 8.0245151680 
 8.0260356400 8.0249974374 8.0241490270 
 8.0256202529 8.0246154086 8.0237999087 
 8.0252287250 8.0242558249 8.0234716580 
 8.0248655894 8.0239227471 8.0231679104 
 8.0245350798 8.0236199569 8.0228920460 
 8.0242410699 8.0233509071 8.0226471469 
 8.0239870199 8.0231186764 8.0224359593 
 8.0237759293 8.0229259308 8.0222608602 
 8.0236102974 8.0227748901 8.0221238286 
 8.0234920918 8.0226673010 8.0220264220 
 8.0234227231 8.0226044158 8.0219697578 
 8.0234030279 8.0225869775 8.0219544997 
 8.0234332582 8.0226152104 8.0219808495 
 8.0235130775 8.0226888168 8.0220485432 
 8.0236415645 8.0228069791 8.0221568533 
 8.0238172231 8.0229683686 8.0223045951 
 8.0240379997 8.0231711596 8.0224901395 
 8.0243013081 8.0234130502 8.0227114303 
 8.0246040615 8.0236912893 8.0229660072 
 8.0249427130 8.0240027099 8.0232510346 
 8.0253133031 8.0243437689 8.0235633354 
 8.0257115145 8.0247105933 8.0238994301 
 8.0261327341 8.0250990314 8.0242555808 
 8.0265721205 8.0255047092 8.0246278394 
 8.0270246746 8.0259230910 8.0250120989 
 8.0274853138 8.0263495416 8.0254041474 
 8.0279489454 8.0267793901 8.0257997232 
 8.0284105372 8.0272079924 8.0261945700 
 8.0288651852 8.0276307913 8.0265844901 
 8.0293081730 8.0280433724 8.0269653955 
 8.0297350248 8.0284415141 8.0273333546 
 8.0301415482 8.0288212315 8.0276846340 
 8.0305238682 8.0291788123 8.0280157350 
 8.0308784519 8.0295108457 8.0283234238 
 8.0312021244 8.0298142433 8.0286047556 
 8.0314920774 8.0300862546 8.0288570934 
 8.0317458718 8.0303244746 8.0290781203 
 8.0319614348 8.0305268488 8.0292658491 
 8.0321370547 8.0306916727 8.0294186258 
 8.0322713734 8.0308175898 8.0295351322 
 8.0323633786 8.0309035879 8.0296143853 
 8.0324123961 8.0309489945 8.0296557355 
 8.0324180837 8.0309534735 8.0296588649 
 8.0323804274 8.0309170211 8.0296237843 
 8.0322997388 8.0308399648 8.0295508320 
 8.0321766562 8.0307229622 8.0294406711 
 8.0320121473 8.0305670016 8.0292942887 
 8.0318075133 8.0303734036 8.0291129937 
 8.0315643953 8.0301438222 8.0288984153 
 8.0312847801 8.0298802463 8.0286524990 
 8.0309710055 8.0295849988 8.0283775019 
 8.0306257636 8.0292607333 8.0280759844 
 8.0302521004 8.0289104277 8.0277507986 
 8.0298534101 8.0285373717 8.0274050727 
 8.0294334232 8.0281451495 8.0270421897 
 8.0289961868 8.0277376156 8.0266657615 
 8.0285460360 8.0273188629 8.0262795970 
 8.0280875563 8.0268931847 8.0258876651 
 8.0276255367 8.0264650294 8.0254940524 
 8.0271649146 8.0260389488 8.0251029174 
 8.0267107135 8.0256195428 8.0247184411 
 