8.0622320954 8.0631181143 8.0638966079 
 8.0621438241 8.0630227874 8.0637936480 
 8.0620555653 8.0629277025 8.0636911524 
 8.0619685740 8.0628341895 8.0635905336 
 8.0618841936 8.0627436687 8.0634932975 
 8.0618038287 8.0626576233 8.0634010160 
 8.0617289116 8.0625775650 8.0633152903 
 8.0616608611 8.0625049909 8.0632377070 
 8.0616010358 8.0624413347 8.0631697858 
 8.0615506824 8.0623879124 8.0631129228 
 8.0615108846 8.0623458677 8.0630683318 
 8.0614825133 8.0623161197 8.0630369875 
 8.0614661857 8.0622993172 8.0630195770 
 8.0614622336 8.0622958069 8.0630164646 
 8.0614706888 8.0623056157 8.0630276731 
 8.0614912824 8.0623284512 8.0630528839 
 8.0615234623 8.0623637200 8.0630914573 
 8.0615664238 8.0624105611 8.0631424685 
 8.0616191516 8.0624678907 8.0632047566 
 8.0616804685 8.0625344546 8.0632769803 
 8.0617490864 8.0626088823 8.0633576764 
 8.0618236561 8.0626897394 8.0634453153 
 8.0619028129 8.0627755760 8.0635383518 
 8.0619852161 8.0628649674 8.0636352679 
 8.0620695818 8.0629565475 8.0637346076 
 8.0621547078 8.0630490352 8.0638350033 
 8.0622394923 8.0631412527 8.0639351948 
 8.0623229456 8.0632321375 8.0640340415 
 8.0624041975 8.0633207496 8.0641305285 
 8.0624824986 8.0634062726 8.0642237689 
 8.0625572189 8.0634880123 8.0643130012 
 8.0626278426 8.0635653915 8.0643975842 
 8.0626939605 8.0636379425 8.0644769895 
 8.0627552604 8.0637052974 8.0645507921 
 8.0628115157 8.0637671771 8.0646186593 
 8.0628625734 8.0638233794 8.0646803388 
 8.0629083405 8.0638737663 8.0647356465 
 8.0629487709 8.0639182504 8.0647844538 
 8.0629838518 8.0639567828 8.0648266749 
 8.0630135912 8.0639893402 8.0648622548 
 8.0630380060 8.0640159137 8.0648911588 
 8.0630571114 8.0640364988 8.0649133623 
 8.0630709123 8.0640510870 8.0649288429 
 8.0630793970 8.0640596597 8.0649375748 
 8.0630825333 8.0640621841 8.0649395243 
 8.0630802664 8.0640586122 8.0649346494 
 8.0630725210 8.0640488813 8.0649228999 
 8.0630592047 8.0640329186 8.0649042216 
 8.0630402144 8.0640106464 8.0648785620 
 8.0630154453 8.0639819911 8.0648458779 
 8.0629848011 8.0639468930 8.0648061457 
 8.0629482065 8.0639053178 8.0647593720 
 8.0629056201 8.0638572698 8.0647056060 
 8.0628570486 8.0638028046 8.0646449529 
 8.0628025609 8.0637420436 8.0645775861 
 8.0627423017 8.0636751866 8.0645037615 
 8.0626765051 8.0636025252 8.0644238290 
 8.0626055070 8.0635244548 8.0643382450 
 8.0625297551 8.0634414847 8.0642475826 
 8.0624498186 8.0633542473 8.0641525401 
 8.0623663938 8.0632635043 8.0640539476 
 8.0622803081 8.0631701498 8.0639527709 
 8.0621925191 8.0630752107 8.0638501110 
 8.0621041099 8.0629798415 8.0637472000 
 8.0620162796 8.0628853148 8.0636453914 
 8.0619303267 8.0627930050 8.0635461438 
 8.0618476266 8.0627043655 8.0634509976 
 8.0617696014 8.0626208974 8.0633615431 
 8.0616976828 8.0625441115 8.0632793810 
 8.0616332680 8.0624754821 8.0632060738 
 8.0615776704 8.0624163956 8.0631430917 
 8.0615320681 8.0623680954 8.0630917541 
 8.0614974525 8.0623316280 8.0630531711 
 8.0614745822 8.0623077926 8.0630281905 
 8.0614639458 8.0622971023 8.0630173540 
 8.0614657378 8.0622997573 8.0630208696 
 8.0614798503 8.0623156361 8.0630386015 
 8.0615058809 8.0623443044 8.0630700797 
 8.0615431563 8.0623850403 8.0631145274 
 8.0615907691 8.0624368741 8.0631709044 
 8.0616476229 8.0624986366 8.0632379594 
 8.0617124830 8.0625690131 8.0633142876 
 8.0617840271 8.0626465974 8.0633983885 
 8.0618608933 8.0627299423 8.0634887193 
 8.0619417236 8.0628176046 8.0635837425 
 8.0620251998 8.0629081829 8.0636819647 
 8.0621100728 8.0630003477 8.0637819677 
 8.0621951846 8.0630928632 8.0638824316 
 8.0622794840 8.0631846038 8.0639821500 
 8.0623620359 8.0632745627 8.0640800396 
 8.0624420256 8.0633618569 8.0641751448 
 8.0625187592 8.0634457268 8.0642666366 
 8.0625916600 8.0635255329 8.0643538098 
 8.0626602624 8.0636007493 8.0644360763 
 8.0627242033 8.0636709557 8.0645129566 
 8.0627832113 8.0637358265 8.0645840695 
 8.0628370953 8.0637951197 8.0646491209 
 8.0628857317 8.0638486642 8.0647078915 
 8.0629290506 8.0638963468 8.0647602244 
 8.0629670229 8.0639380995 8.0648060121 
 8.0629996472 8.0639738868 8.0648451846 
 8.0630269367 8.0640036932 8.0648776974 
 8.0630489087 8.0640275130 8.0649035216 
 8.0630655747 8.0640453408 8.0649226345 
 8.0630769327 8.0640571642 8.0649350127 
 8.0630829619 8.0640629582 8.0649406271 
 8.0630836195 8.0640626832 8.0649394403 
 8.0630788413 8.0640562840 8.0649314061 
 8.0630685431 8.0640436928 8.0649164721 
 8.0630526269 8.0640248335 8.0648945838 
 8.0630309876 8.0639996292 8.0648656920 
 8.0630035228 8.0639680115 8.0648297614 
 8.0629701445 8.0639299307 8.0647867806 
 8.0629307912 8.0638853688 8.0647367745 
 8.0628854421 8.0638343521 8.0646798164 
 8.0628341307 8.0637769649 8.0646160413 
 8.0627769592 8.0637133629 8.0645456592 
 8.0627141120 8.0636437870 8.0644689676 
 8.0626458686 8.0635685749 8.0643863643 
 8.0625726152 8.0634881736 8.0642983582 
 8.0624948548 8.0634031481 8.0642055792 
 8.0624132144 8.0633141898 8.0641087858 
 8.0623284505 8.0632221212 8.0640088705 
 8.0622414510 8.0631278980 8.0639068614 
 8.0621532322 8.0630326068 8.0638039210 
 8.0620649323 8.0629374581 8.0637013391 
 8.0619777986 8.0628437740 8.0636005200 
 8.0618931684 8.0627529686 8.0635029634 
 8.0618124429 8.0626665216 8.0634102374 
 8.0617370538 8.0625859441 8.0633239425 
 8.0616684226 8.0625127361 8.0632456684 
 8.0616079146 8.0624483383 8.0631769422 
 8.0615567872 8.0623940781 8.0631191722 
 8.0615161388 8.0623511148 8.0630735883 
 8.0614868588 8.0623203867 8.0630411861 
 8.0614695855 8.0623025656 8.0630226770 
 8.0614646739 8.0622980224 8.0630184514 
 8.0614721793 8.0623068094 8.0630285589 
 8.0614918562 8.0623286587 8.0630527074 
 8.0615231734 8.0623629993 8.0630902809 
 8.0615653446 8.0624089896 8.0631403755 
 8.0616173691 8.0624655613 8.0632018463 
 8.0616780804 8.0625314714 8.0632733641 
 8.0617461971 8.0626053564 8.0633534728 
 8.0618203728 8.0626857849 8.0634406461 
 8.0618992424 8.0627713064 8.0635333380 
 8.0619814619 8.0628604927 8.0636300269 
 8.0620657418 8.0629519721 8.0637292506 
 8.0621508726 8.0630444558 8.0638296337 
 8.0622357437 8.0631367571 8.0639299070 
 8.0623193566 8.0632278043 8.0640289198 
 8.0624008313 8.0633166473 8.0641256473 
 8.0624794088 8.0634024600 8.0642191925 
 8.0625544498 8.0634845388 8.0643087840 
 8.0626254298 8.0635622973 8.0643937714 
 8.0626919314 8.0636352594 8.0644736176 
 8.0627536350 8.0637030498 8.0645478899 
 8.0628103079 8.0637653829 8.0646162485 
 8.0628617916 8.0638220507 8.0646784354 
 8.0629079888 8.0638729105 8.0647342614 
 8.0629488502 8.0639178715 8.0647835941 
 8.0629843609 8.0639568822 8.0648263445 
 8.0630145276 8.0639899177 8.0648624559 
 8.0630393669 8.0640169682 8.0648918921 
 8.0630588944 8.0640380293 8.0649146280 
 8.0630731162 8.0640530931 8.0649306414 
 8.0630820221 8.0640621418 8.0649399069 
 8.0630855815 8.0640651440 8.0649423915 
 8.0630837415 8.0640620528 8.0649380538 
 8.0630764283 8.0640528066 8.0649268442 
 8.0630635506 8.0640373332 8.0649087088 
 8.0630450060 8.0640155552 8.0648835946 
 8.0630206895 8.0639873982 8.0648514576 
 8.0629905037 8.0639528012 8.0648122720 
 8.0629543714 8.0639117275 8.0647660419 
 8.0629122481 8.0638641780 8.0647128127 
 8.0628641363 8.0638102038 8.0646526848 
 8.0628100994 8.0637499207 8.0645858260 
 8.0627502760 8.0636835221 8.0645124851 
 8.0626848927 8.0636112919 8.0644330044 
 8.0626142771 8.0635336170 8.0643478317 
 8.0625388679 8.0634509978 8.0642575306 
 8.0624592245 8.0633640566 8.0641627895 
 8.0623760334 8.0632735450 8.0640644281 
 8.0622901116 8.0631803468 8.0639634015 
 8.0622024067 8.0630854786 8.0638608004 
 8.0621139926 8.0629900855 8.0637578471 
 8.0620260596 8.0628954313 8.0636558861 
 8.0619398995 8.0628028835 8.0635563688 
 8.0618568827 8.0627138903 8.0634608304 
 8.0617784292 8.0626299506 8.0633708587 
 8.0617059714 8.0625525762 8.0632880555 
 8.0616409113 8.0624832462 8.0632139883 
 8.0615845708 8.0624233561 8.0631501371 
 8.0615381407 8.0623741628 8.0630978352 
 8.0615026290 8.0623367301 8.0630582116 
 8.0614788141 8.0623118785 8.0630321362 
 8.0614672069 8.0623001447 8.0630201764 
 8.0614680257 8.0623017540 8.0630225670 
 8.0614811860 8.0623166102 8.0630391990 
 8.0615063080 8.0623443028 8.0630696277 
 8.0615427384 8.0623841310 8.0631130992 
 8.0615895864 8.0624351427 8.0631685918 
 8.0616457685 8.0624961824 8.0632348685 
 8.0617100589 8.0625659447 8.0633105344 
 8.0617811400 8.0626430282 8.0633940940 
 8.0618576515 8.0627259873 8.0634840060 
 8.0619382331 8.0628133766 8.0635787307 
 8.0620215623 8.0629037902 8.0636767698 
 8.0621063835 8.0629958917 8.0637766980 
 8.0621915308 8.0630884371 8.0638771867 
 8.0622759439 8.0631802915 8.0639770201 
 8.0623586781 8.0632704386 8.0640751049 
 8.0624389092 8.0633579852 8.0641704751 
 8.0625159336 8.0634421620 8.0642622918 
 8.0625891656 8.0635223202 8.0643498401 
 8.0626581309 8.0635979251 8.0644325228 
 8.0627224587 8.0636685483 8.0645098521 
 8.0627818706 8.0637338571 8.0645814394 
 8.0628361696 8.0637936032 8.0646469841 
 8.0628852271 8.0638476103 8.0647062614 
 8.0629289695 8.0638957611 8.0647591097 
 8.0629673649 8.0639379844 8.0648054182 
 8.0630004099 8.0639742425 8.0648451142 
 8.0630281172 8.0640045188 8.0648781516 
 8.0630505040 8.0640288072 8.0649045005 
 8.0630675826 8.0640471023 8.0649241381 
 8.0630793522 8.0640593926 8.0649370412 
 8.0630857936 8.0640656543 8.0649431814 
 8.0630868660 8.0640658488 8.0649425217 
 8.0630825065 8.0640599224 8.0649350169 
 8.0630726327 8.0640478078 8.0649206147 
 8.0630571474 8.0640294298 8.0648992609 
 8.0630359457 8.0640047111 8.0648709054 
 8.0630089248 8.0639735822 8.0648355116 
 8.0629759951 8.0639359919 8.0647930661 
 8.0629370928 8.0638919192 8.0647435903 
 8.0628921934 8.0638413866 8.0646871535 
 8.0628413257 8.0637844733 8.0646238855 
 8.0627845862 8.0637213292 8.0645539899 
 8.0627221526 8.0636521881 8.0644777573 
 8.0626542964 8.0635773799 8.0643955770 
 8.0625813954 8.0634973426 8.0643079492 
 8.0625039430 8.0634126319 8.0642154940 
 8.0624225565 8.0633239291 8.0641189598 
 8.0623379825 8.0632320466 8.0640192284 
 8.0622510983 8.0631379296 8.0639173178 
 8.0621629108 8.0630426549 8.0638143801 
 8.0620745492 8.0629474239 8.0637116955 
 8.0619872528 8.0628535506 8.0636106603 
 8.0619023530 8.0627624430 8.0635127678 
 8.0618212471 8.0626755770 8.0634195820 
 8.0617453661 8.0625944626 8.0633327026 
 8.0616761341 8.0625206028 8.0632537221 
 8.0616149226 8.0624554448 8.0631841747 
 8.0615629997 8.0624003273 8.0631254802 
 8.0615214781 8.0623564247 8.0630788851 
 8.0614912656 8.0623246947 8.0630454051 
 8.0614730212 8.0623058314 8.0630257757 
 8.0614671234 8.0623002302 8.0630204133 
 8.0614736510 8.0623079688 8.0630293948 
 8.0614923817 8.0623288038 8.0630524542 
 8.0615228059 8.0623621871 8.0630890000 
 8.0615641556 8.0624072966 8.0631381488 
 8.0616154453 8.0624630798 8.0631987727 
 8.0616755194 8.0625283054 8.0632695547 
 8.0617431035 8.0626016170 8.0633490462 
 8.0618168544 8.0626815868 8.0634357243 
 8.0618954067 8.0627667638 8.0635280428 
 8.0619774134 8.0628557165 8.0636244765 
 8.0620615794 8.0629470675 8.0637235572 
 8.0621466878 8.0630395206 8.0638239017 
 8.0622316200 8.0631318805 8.0639242317 
 8.0623153678 8.0632230657 8.0640233868 
 8.0623970417 8.0633121165 8.0641203321 
 8.0624758732 8.0633981968 8.0642141602 
 8.0625512135 8.0634805934 8.0643040901 
 8.0626225291 8.0635587108 8.0643894618 
 8.0626893946 8.0636320646 8.0644697297 
 8.0627514829 8.0637002717 8.0645444530 
 8.0628085548 8.0637630397 8.0646132850 
 8.0628604463 8.0638201550 8.0646759616 
 8.0629070557 8.0638714702 8.0647322886 
 8.0629483303 8.0639168907 8.0647821295 
 8.0629842530 8.0639563622 8.0648253922 
 8.0630148291 8.0639898582 8.0648620179 
 8.0630400747 8.0640173682 8.0648919691 
 8.0630600060 8.0640388874 8.0649152201 
 8.0630746298 8.0640544084 8.0649317488 
 8.0630839376 8.0640639146 8.0649415299 
 8.0630879003 8.0640673756 8.0649445314 
 8.0630864669 8.0640647456 8.0649407125 
 8.0630795651 8.0640559644 8.0649300242 
 8.0630671049 8.0640409603 8.0649124126 
 8.0630489844 8.0640196561 8.0648878247 
 8.0630250986 8.0639919770 8.0648562154 
 8.0629953494 8.0639578604 8.0648175573 
 8.0629596573 8.0639172677 8.0647718518 
 8.0629179750 8.0638701962 8.0647191407 
 8.0628703010 8.0638166930 8.0646595197 
 8.0628166936 8.0637568682 8.0645931509 
 8.0627572850 8.0636909088 8.0645202767 
 8.0626922947 8.0636190915 8.0644412316 
 8.0626220420 8.0635417949 8.0643564549 
 8.0625469568 8.0634595100 8.0642665010 
 8.0624675891 8.0633728498 8.0641720483 
 8.0623846152 8.0632825555 8.0640739063 
 8.0622988420 8.0631895009 8.0639730197 
 8.0622112073 8.0630946923 8.0638704687 
 8.0621227753 8.0629992652 8.0637674658 
 8.0620347282 8.0629044748 8.0636653466 
 8.0619483504 8.0628116813 8.0635655550 
 8.0618650074 8.0627223278 8.0634696207 
 8.0617861167 8.0626379107 8.0633791291 
 8.0617131113 8.0625599423 8.0632956825 
 8.0616473974 8.0624899063 8.0632208532 
 8.0615903052 8.0624292068 8.0631561301 
 8.0615430376 8.0623791135 8.0631028603 
 8.0615066187 8.0623407073 8.0630621907 
 8.0614818465 8.0623148295 8.0630350135 
 8.0614692539 8.0623020399 8.0630219208 
 8.0614690825 8.0623025890 8.0630231741 
 8.0614812715 8.0623164055 8.0630386911 
 8.0615054634 8.0623431025 8.0630680525 
 8.0615410250 8.0623820009 8.0631105271 
 8.0615870824 8.0624321662 8.0631651123 
 8.0616425654 8.0624924568 8.0632305856 
 8.0617062572 8.0625615769 8.0633055621 
 8.0617768455 8.0626381307 8.0633885523 
 8.0618529715 8.0627206740 8.0634780162 
 8.0619332736 8.0628077600 8.0635724124 
 8.0620164247 8.0628979781 8.0636702379 
 8.0621011631 8.0629899855 8.0637700608 
 8.0621863151 8.0630825303 8.0638705440 
 8.0622708117 8.0631744686 8.0639704624 
 8.0623536988 8.0632647742 8.0640687129 
 8.0624341425 8.0633525445 8.0641643192 
 8.0625114300 8.0634370002 8.0642564325 
 8.0625849662 8.0635174834 8.0643443285 
 8.0626542686 8.0635934505 8.0644274008 
 8.0627189582 8.0636644652 8.0645051535 
 8.0627787500 8.0637301875 8.0645771904 
 8.0628334408 8.0637903630 8.0646432045 
 8.0628828972 8.0638448101 8.0647029654 
 8.0629270416 8.0638934073 8.0647563070 
 8.0629658394 8.0639360803 8.0648031148 
 8.0629992852 8.0639727889 8.0648433137 
 8.0630273909 8.0640035154 8.0648768557 
 8.0630501737 8.0640282531 8.0649037101 
 8.0630676464 8.0640469970 8.0649238536 
 8.0630798096 8.0640597361 8.0649372634 
 8.0630866454 8.0640664476 8.0649439114 
 8.0630881150 8.0640670943 8.0649437617 
 8.0630841570 8.0640616235 8.0649367693 
 8.0630746906 8.0640499690 8.0649228826 
 8.0630596193 8.0640320558 8.0649020473 
 8.0630388387 8.0640078068 8.0648742129 
 8.0630122455 8.0639771514 8.0648393413 
 8.0629797487 8.0639400367 8.0647974169 
 8.0629412822 8.0638964390 8.0647484583 
 8.0628968178 8.0638463770 8.0646925306 
 8.0628463801 8.0637899251 8.0646297585 
 8.0627900597 8.0637272275 8.0645603395 
 8.0627280277 8.0636585108 8.0644845571 
 8.0626605480 8.0635840975 8.0644027927 
 8.0625879899 8.0635044167 8.0643155377 
 8.0625108377 8.0634200149 8.0642234025 
 8.0624296989 8.0633315636 8.0641271256 
 8.0623453100 8.0632398649 8.0640275784 
 8.0622585385 8.0631458539 8.0639257685 
 8.0621703813 8.0630505975 8.0638228378 
 8.0620819587 8.0629552877 8.0637200571 
 8.0619945022 8.0628612307 8.0636188144 
 8.0619093368 8.0627698280 8.0635205963 
 8.0618278561 8.0626825514 8.0634269626 
 8.0617514896 8.0626009099 8.0633395117 
 8.0616816638 8.0625264085 8.0632598385 
 8.0616197561 8.0624605009 8.0631894838 
 8.0615670443 8.0624045359 8.0631298783 
 8.0615246552 8.0623597028 8.0630822839 
 8.0614935140 8.0623269778 8.0630477363 
 8.0614743003 8.0623070767 8.0630269939 
 8.0614674151 8.0623004192 8.0630204992 
 8.0614729608 8.0623071075 8.0630283553 
 8.0614907380 8.0623269229 8.0630503224 
 8.0615202584 8.0623593399 8.0630858332 
 8.0615607727 8.0624035560 8.0631340252 
 8.0616113104 8.0624585349 8.0631937875 
 8.0616707274 8.0625230569 8.0632638155 
 8.0617377564 8.0625957735 8.0633426687 
 8.0618110580 8.0626752604 8.0634288281 
 8.0618892668 8.0627600669 8.0635207474 
 8.0619710331 8.0628487586 8.0636168984 
 8.0620550565 8.0629399527 8.0637158074 
 8.0621401136 8.0630323460 8.0638160838 
 8.0622250774 8.0631247347 8.0639164404 
 8.0623089307 8.0632160283 8.0640157076 
 8.0623907749 8.0633052572 8.0641128404 
 8.0624698318 8.0633915761 8.0642069217 
 8.0625454436 8.0634742620 8.0642971607 
 8.0626170681 8.0635527108 8.0643828882 
 8.0626842716 8.0636264296 8.0644635502 
 8.0627467200 8.0636950278 8.0645386980 
 8.0628041674 8.0637582064 8.0646079780 
 8.0628564445 8.0638157461 8.0646711201 
 8.0629034453 8.0638674947 8.0647279252 
 8.0629451137 8.0639133541 8.0647782526 
 8.0629814300 8.0639532673 8.0648220074 
 8.0630123986 8.0639872059 8.0648591284 
 8.0630380348 8.0640151584 8.0648895769 
 8.0630583552 8.0640371202 8.0649133265 
 8.0630733676 8.0640530842 8.0649303550 
 8.0630830647 8.0640630345 8.0649406378 
 8.0630874192 8.0640669420 8.0649441432 
 8.0630863817 8.0640647621 8.0649408311 
 8.0630798814 8.0640564355 8.0649306532 
 8.0630678296 8.0640418913 8.0649135559 
 8.0630501252 8.0640210525 8.0648894857 
 8.0630266629 8.0639938438 8.0648583967 
 8.0629973437 8.0639602015 8.0648202598 
 8.0629620864 8.0639200844 8.0647750738 
 8.0629208407 8.0638734869 8.0647228771 
 8.0628736011 8.0638204518 8.0646637607 
 8.0628204210 8.0637610839 8.0645978813 
 8.0627614264 8.0636955638 8.0645254746 
 8.0626968297 8.0636241611 8.0644468679 
 8.0626269422 8.0635472461 8.0643624919 
 8.0625521852 8.0634653010 8.0642728920 
 8.0624730989 8.0633789291 8.0641787367 
 8.0623903500 8.0632888618 8.0640808256 
 8.0623047354 8.0631959625 8.0639800927 
 8.0622171829 8.0631012276 8.0638776081 
 8.0621287474 8.0630057829 8.0637745743 
 8.0620406023 8.0629108749 8.0636723180 
 8.0619540251 8.0628178565 8.0635722754 
 8.0618703759 8.0627281653 8.0634759708 
 8.0617910693 8.0626432948 8.0633849863 
 8.0617175388 8.0625647577 8.0633009246 
 8.0616511940 8.0624940415 8.0632253620 
 8.0615933729 8.0624325583 8.0631597957 
 8.0615452899 8.0623815899 8.0631055859 
 8.0615079846 8.0623422336 8.0630638966 
 8.0614822735 8.0623153505 8.0630356413 
 8.0614687112 8.0623015233 8.0630214361 
 8.0614675619 8.0623010265 8.0630215687 
 8.0614787883 8.0623138137 8.0630359830 
 8.0615020547 8.0623395214 8.0630642849 
 8.0615367482 8.0623774917 8.0631057657 
 8.0615820118 8.0624268082 8.0631594419 
 8.0616367886 8.0624863434 8.0632241060 
 8.0616998713 8.0625548112 8.0632983834 
 8.0617699533 8.0626308219 8.0633807906 
 8.0618456776 8.0627129331 8.0634697900 
 8.0619256815 8.0627996969 8.0635638385 
 8.0620086342 8.0628896988 8.0636614293 
 8.0620932682 8.0629815899 8.0637611239 
 8.0621784024 8.0630741109 8.0638615775 
 8.0622629593 8.0631661090 8.0639615561 
 8.0623459759 8.0632565491 8.0640599468 
 8.0624266091 8.0633445187 8.0641557638 
 8.0625041368 8.0634292295 8.0642481487 
 8.0625779552 8.0635100143 8.0643363677 
 8.0626475733 8.0635863212 8.0644198059 
 8.0627126046 8.0636577059 8.0644979591 
 8.0627727574 8.0637238216 8.0645704240 
 8.0628278227 8.0637844077 8.0646368870 
 8.0628776621 8.0638392774 8.0646971126 
 8.0629221942 8.0638883051 8.0647509301 
 8.0629613815 8.0639314134 8.0647982215 
 8.0629952170 8.0639685599 8.0648389089 
 8.0630237114 8.0639997256 8.0648729430 
 8.0630468821 8.0640249032 8.0649002918 
 8.0630647424 8.0640440878 8.0649209318 
 8.0630772940 8.0640572692 8.0649348404 
 8.0630845207 8.0640644256 8.0649419900 
 8.0630863851 8.0640655210 8.0649423453 
 8.0630828277 8.0640605036 8.0649358621 
 8.0630737688 8.0640493084 8.0649224891 
 8.0630591130 8.0640318606 8.0649021719 
 8.0630387562 8.0640080830 8.0648748595 
 8.0630125946 8.0639779043 8.0648405125 
 8.0629805358 8.0639412697 8.0647991133 
 8.0629425113 8.0638981529 8.0647506773 
 8.0628984897 8.0638485688 8.0646952657 
 8.0628484910 8.0637925873 8.0646329982 
 8.0627926002 8.0637303466 8.0645640664 
 8.0627309819 8.0636620667 8.0644887466 
 8.0626638925 8.0635880623 8.0644074126 
 8.0625916929 8.0635087541 8.0643205468 
 8.0625148582 8.0634246793 8.0642287504 
 8.0624339865 8.0633364996 8.0641327518 
 8.0623498043 8.0632450071 8.0640334123 
 8.0622631690 8.0631511267 8.0639317289 
 8.0621750679 8.0630559154 8.0638288335 
 8.0620866121 8.0629605561 8.0637259873 
 8.0619990253 8.0628663467 8.0636245700 
 8.0619136261 8.0627746821 8.0635260613 
 8.0618318037 8.0626870300 8.0634320166 
 8.0617549862 8.0626048975 8.0633440325 
 8.0616846017 8.0625297916 8.0632637057 
 8.0616220329 8.0624631714 8.0631925829 
 8.0615685671 8.0624063957 8.0631321051 
 8.0615253441 8.0623606675 8.0630835489 
 8.0614933059 8.0623269809 8.0630479689 
 8.0614731521 8.0623060728 8.0630261461 
 8.0614653057 8.0622983863 8.0630185477 
 8.0614698920 8.0623040479 8.0630253032 
 8.0614867343 8.0623228632 8.0630461983 
 8.0615153653 8.0623543288 8.0630806896 
 8.0615550546 8.0623976622 8.0631279356 
 8.0616048468 8.0624518431 8.0631868427 
 8.0616636092 8.0625156641 8.0632561189 
 8.0617300825 8.0625877845 8.0633343323 
 8.0618029309 8.0626667843 8.0634199679 
 8.0618807898 8.0627512132 8.0635114801 
 8.0619623070 8.0628396344 8.0636073380 
 8.0620461777 8.0629306604 8.0637060629 
 8.0621311718 8.0630229811 8.0638062572 
 8.0622161546 8.0631153850 8.0639066256 
 8.0623001004 8.0632067725 8.0640059891 
 8.0623821014 8.0632961651 8.0641032935 
 8.0624613706 8.0633827079 8.0641976119 
 8.0625372412 8.0634656690 8.0642881442 
 8.0626091623 8.0635444356 8.0643742125 
 8.0626766927 8.0636185066 8.0644552542 
 8.0627394909 8.0636874842 8.0645308130 
 8.0627973049 8.0637510629 8.0646005288 
 8.0628499601 8.0638090178 8.0646641256 
 8.0628973461 8.0638611921 8.0647213993 
 8.0629394036 8.0639074842 8.0647722053 
 8.0629761107 8.0639478343 8.0648164457 
 8.0630074702 8.0639822124 8.0648540572 
 8.0630334973 8.0640106062 8.0648849997 
 8.0630542085 8.0640330106 8.0649092463 
 8.0630696127 8.0640494191 8.0649267748 
 8.0630797039 8.0640598167 8.0649375606 
 8.0630844563 8.0640641754 8.0649415730 
 8.0630838224 8.0640624516 8.0649387725 
 8.0630777327 8.0640545872 8.0649291111 
 8.0630660997 8.0640405119 8.0649125355 
 8.0630488228 8.0640201489 8.0648889920 
 8.0630257969 8.0639934223 8.0648584337 
 8.0629969220 8.0639602672 8.0648208300 
 8.0629621149 8.0639206403 8.0647761769 
 8.0629213227 8.0638745327 8.0647245095 
 8.0628745358 8.0638219830 8.0646659142 
 8.0628218025 8.0637630908 8.0646005424 
 8.0627632430 8.0636980306 8.0645286231 
 8.0626990626 8.0636270646 8.0644504763 
 8.0626295646 8.0635505550 8.0643665244 
 8.0625551615 8.0634689753 8.0642773037 
 8.0624763844 8.0633829191 8.0641834732 
 8.0623938900 8.0632931080 8.0640858221 
 8.0623084652 8.0632003953 8.0639852742 
 8.0622210280 8.0631057672 8.0638828893 
 8.0621326238 8.0630103400 8.0637798599 
 8.0620444174 8.0629153513 8.0636775038 
 8.0619576788 8.0628221464 8.0635772493 
 8.0618737628 8.0627321574 8.0634806147 
 8.0617940810 8.0626468746 8.0633891790 
 8.0617200664 8.0625678105 8.0633045446 
 8.0616531322 8.0624964561 8.0632282914 
 8.0615946231 8.0624342306 8.0631619244 
 8.0615457648 8.0623824278 8.0631068158 
 8.0615076115 8.0623421604 8.0630641464 
 8.0614809980 8.0623143088 8.0630348501 
 8.0614664997 8.0622994778 8.0630195668 
 8.0614644033 8.0622979659 8.0630186094 
 8.0614746942 8.0623097508 8.0630319480 
 8.0614970590 8.0623344926 8.0630592133 
 8.0615309045 8.0623715545 8.0630997193 
 8.0615753909 8.0624200381 8.0631525016 
 8.0616294749 8.0624788302 8.0632163679 
 8.0616919588 8.0625466551 8.0632899544 
 8.0617615420 8.0626221290 8.0633717840 
 8.0618368699 8.0627038122 8.0634603215 
 8.0619165789 8.0627902559 8.0635540231 
 8.0619993351 8.0628800421 8.0636513781 
 8.0620838651 8.0629718162 8.0637509422 
 8.0621689810 8.0630643116 8.0638513630 
 8.0622535973 8.0631563672 8.0639513978 
 8.0623367422 8.0632469390 8.0640499247 
 8.0624175636 8.0633351053 8.0641459482 
 8.0624953304 8.0634200687 8.0642386007 
 8.0625694303 8.0635011531 8.0643271391 
 8.0626393641 8.0635777983 8.0644109401 
 8.0627047380 8.0636495524 8.0644894915 
 8.0627652534 8.0637160616 8.0645623830 
 8.0628206957 8.0637770593 8.0646292947 
 8.0628709217 8.0638323539 8.0646899856 
 8.0629158463 8.0638818156 8.0647442807 
 8.0629554293 8.0639253637 8.0647920586 
 8.0629896617 8.0639629539 8.0648332389 
 8.0630185535 8.0639945658 8.0648677704 
 8.0630421218 8.0640201915 8.0648956204 
 8.0630603807 8.0640398264 8.0649167649 
 8.0630733330 8.0640534608 8.0649311814 
 8.0630809639 8.0640610740 8.0649388430 
 8.0630832376 8.0640626311 8.0649397150 
 8.0630800964 8.0640580814 8.0649337536 
 8.0630714618 8.0640473607 8.0649209081 
 8.0630572393 8.0640303947 8.0649011241 
 8.0630373252 8.0640071062 8.0648743499 
 8.0630116151 8.0639774228 8.0648405449 
 8.0629800155 8.0639412882 8.0647996894 
 8.0629424554 8.0638986733 8.0647517958 
 8.0628988999 8.0638495893 8.0646969213 
 8.0628493647 8.0637941015 8.0646351806 
 8.0627939293 8.0637323423 8.0645667594 
 8.0627327517 8.0636645251 8.0644919270 
 8.0626660808 8.0635909567 8.0644110494 
 8.0625942692 8.0635120495 8.0643246002 
 8.0625177830 8.0634283315 8.0642331714 
 8.0624372105 8.0633404546 8.0641374814 
 8.0623532684 8.0632492008 8.0640383810 
 8.0622668041 8.0631554849 8.0639368571 
 8.0621787951 8.0630603539 8.0638340313 
 8.0620903434 8.0629649814 8.0637311552 
 8.0620026644 8.0628706569 8.0636295999 
 8.0619170703 8.0627787688 8.0635308383 
 8.0618349459 8.0626907799 8.0634364207 
 8.0617577173 8.0626081957 8.0633479419 
 8.0616868141 8.0625325245 8.0632670001 
 8.0616236239 8.0624652305 8.0631951473 
 8.0615694427 8.0624076819 8.0631338343 
 8.0615254231 8.0623610952 8.0630843521 
 8.0614925236 8.0623264817 8.0630477736 
 8.0614714633 8.0623045992 8.0630249019 
 8.0614626869 8.0622959137 8.0630162289 
 8.0614663423 8.0623005760 8.0630219098 
 8.0614822756 8.0623184157 8.0630417560 
 8.0615100406 8.0623489518 8.0630752482 
 8.0615489255 8.0623914218 8.0631215661 
 8.0615979906 8.0624448216 8.0631796331 
 8.0616561150 8.0625079563 8.0632481707 
 8.0617220471 8.0625794936 8.0633257555 
 8.0617944556 8.0626580178 8.0634108772 
 8.0618719766 8.0627420796 8.0635019910 
 8.0619532559 8.0628302399 8.0635975638 
 8.0620369844 8.0629211068 8.0636961121 
 8.0621219255 8.0630133637 8.0637962315 
 8.0622069372 8.0631057912 8.0638966186 
 8.0622909853 8.0631972813 8.0639960857 
 8.0623731532 8.0632868462 8.0640935689 
 8.0624526448 8.0633736218 8.0641881320 
 8.0625287846 8.0634568675 8.0642789657 
 8.0626010134 8.0635359615 8.0643653831 
 8.0626688820 8.0636103950 8.0644468135 
 8.0627320419 8.0636797628 8.0645227931 
 8.0627902350 8.0637437529 8.0645929550 
 8.0628432813 8.0638021350 8.0646570172 
 8.0628910663 8.0638547477 8.0647147710 
 8.0629335272 8.0639014857 8.0647660678 
 8.0629706399 8.0639422866 8.0648108066 
 8.0630024059 8.0639771187 8.0648489219 
 8.0630288398 8.0640059687 8.0648803725 
 8.0630499585 8.0640288314 8.0649051307 
 8.0630657718 8.0640457007 8.0649231742 
 8.0630762749 8.0640565625 8.0649344789 
 8.0630814438 8.0640613897 8.0649390147 
 8.0630812324 8.0640601401 8.0649367425 
 8.0630755729 8.0640527564 8.0649276151 
 8.0630643788 8.0640391691 8.0649115793 
 8.0630475505 8.0640193016 8.0648885811 
 8.0630249824 8.0639930776 8.0648585729 
 8.0629965738 8.0639604307 8.0648215222 
 8.0629622399 8.0639213157 8.0647774226 
 8.0629219247 8.0638757204 8.0647263056 
 8.0628756148 8.0638236792 8.0646682534 
 8.0628233536 8.0637652866 8.0646034117 
 8.0627652551 8.0637007108 8.0645320032 
 8.0627015176 8.0636302068 8.0644543403 
 8.0626324366 8.0635541288 8.0643708373 
 8.0625584158 8.0634729413 8.0642820213 
 8.0624799769 8.0633872285 8.0641885416 
 8.0623977667 8.0632977020 8.0640911774 
 8.0623125623 8.0632052047 8.0639908419 
 8.0622252715 8.0631107130 8.0638885846 
 8.0621369301 8.0630153332 8.0637855881 
 8.0620486943 8.0629202940 8.0636831607 
 8.0619618266 8.0628269332 8.0635827231 
 8.0618776761 8.0627366770 8.0634857875 
 8.0617976510 8.0626510122 8.0633939293 
 8.0617231840 8.0625714510 8.0633087504 
 8.0616556913 8.0624994875 8.0632318339 
 8.0615965244 8.0624365480 8.0631646924 
 8.0615469195 8.0623839376 8.0631087101 
 8.0615079455 8.0623427844 8.0630650840 
 8.0614804553 8.0623139880 8.0630347684 
 8.0614650449 8.0622981751 8.0630184266 
 8.0614620236 8.0622956682 8.0630163972 
 8.0614713996 8.0623064692 8.0630286762 
 8.0614928816 8.0623302618 8.0630549194 
 8.0615258967 8.0623664307 8.0630944638 
 8.0615696224 8.0624140958 8.0631463644 
 8.0616230293 8.0624721586 8.0632094445 
 8.0616849298 8.0625393538 8.0632823513 
 8.0617540292 8.0626143042 8.0633636145 
 8.0618289757 8.0626955728 8.0634517017 
 8.0619084052 8.0627817100 8.0635450684 
 8.0619909803 8.0628712946 8.0636422002 
 8.0620754224 8.0629629663 8.0637416470 
 8.0621605367 8.0630554514 8.0638420490 
 8.0622452294 8.0631475805 8.0639421548 
 8.0623285202 8.0632383005 8.0640408333 
 8.0624095478 8.0633266807 8.0641370796 
 8.0624875723 8.0634119144 8.0642300164 
 8.0625619726 8.0634933165 8.0643188916 
 8.0626322413 8.0635703186 8.0644030733 
 8.0626979772 8.0636424609 8.0644820412 
 8.0627588750 8.0637093828 8.0645553777 
 8.0628147142 8.0637708115 8.0646227568 
 8.0628653468 8.0638265504 8.0646839320 
 8.0629106838 8.0638764654 8.0647387238 
 8.0629506822 8.0639204728 8.0647870072 
 8.0629853312 8.0639585260 8.0648286993 
 8.0630146398 8.0639906032 8.0648637471 
 8.0630386252 8.0640166960 8.0648921168 
 8.0630573018 8.0640368000 8.0649137842 
 8.0630706736 8.0640509061 8.0649287270 
 8.0630787275 8.0640589945 8.0649369187 
 8.0630814292 8.0640610315 8.0649383251 
 8.0630787226 8.0640569675 8.0649329033 
 8.0630705307 8.0640467393 8.0649206028 
 8.0630567599 8.0640302732 8.0649013694 
 8.0630373069 8.0640074915 8.0648751507 
 8.0630120670 8.0639783215 8.0648419050 
 8.0629809452 8.0639427048 8.0648016105 
 8.0629438682 8.0639006098 8.0647542766 
 8.0629007981 8.0638520443 8.0646999566 
 8.0628517457 8.0637970687 8.0646387603 
 8.0627967854 8.0637358096 8.0645708672 
 8.0627360684 8.0636684739 8.0644965400 
 8.0626698364 8.0635953606 8.0644161366 
 8.0625984333 8.0635168737 8.0643301220 
 8.0625223163 8.0634335318 8.0642390787 
 8.0624420641 8.0633459772 8.0641437151 
 8.0623583832 8.0632549816 8.0640448718 
 8.0622721110 8.0631614495 8.0639435250 
 8.0621842152 8.0630664180 8.0638407861 
 8.0620957883 8.0629710512 8.0637378971 
 8.0620080377 8.0628766302 8.0636362203 
 8.0619222687 8.0627845364 8.0635372214 
 8.0618398616 8.0626962279 8.0634424460 
 8.0617622405 8.0626132082 8.0633534866 
 8.0616908360 8.0625369869 8.0632719425 
 8.0616270406 8.0624690331 8.0631993713 
 8.0615721590 8.0624107242 8.0631372333 
 8.0615273566 8.0623632901 8.0630868336 
 8.0614936081 8.0623277595 8.0630492638 
 8.0614716522 8.0623049110 8.0630253489 
 8.0614619555 8.0622952337 8.0630156058 
 8.0614646890 8.0622989030 8.0630202156 
 8.0614797215 8.0623157727 8.0630390161 
 8.0615066284 8.0623453848 8.0630715120 
 8.0615447170 8.0623869970 8.0631169048 
 8.0615930634 8.0624396219 8.0631741357 
 8.0616505588 8.0625020775 8.0632419395 
 8.0617159601 8.0625730400 8.0633189022 
 8.0617879401 8.0626510983 8.0634035180 
 8.0618651360 8.0627348043 8.0634942432 
 8.0619461918 8.0628227168 8.0635895426 
 8.0620297937 8.0629134391 8.0636879276 
 8.0621146991 8.0630056484 8.0637879873 
 8.0621997580 8.0630981171 8.0638884099 
 8.0622839281 8.0631897285 8.0639879986 
 8.0623662834 8.0632794857 8.0640856801 
 8.0624460187 8.0633665152 8.0641805085 
 8.0625224497 8.0634500669 8.0642716649 
 8.0625950084 8.0635295106 8.0643584535 
 8.0626632377 8.0636043290 8.0644402949 
 8.0627267819 8.0636741094 8.0645167178 
 8.0627853764 8.0637385334 8.0645873482 
 8.0628388358 8.0637973648 8.0646518982 
 8.0628870412 8.0638504376 8.0647101541 
 8.0629299264 8.0638976426 8.0647619630 
 8.0629674649 8.0639389148 8.0648072209 
 8.0629996566 8.0639742204 8.0648458602 
 8.0630265158 8.0640035454 8.0648778380 
 8.0630480595 8.0640268843 8.0649031260 
 8.0630642983 8.0640442314 8.0649217019 
 8.0630752290 8.0640555732 8.0649335420 
 8.0630808289 8.0640608840 8.0649386164 
 8.0630810538 8.0640601227 8.0649368872 
 8.0630758375 8.0640532331 8.0649283074 
 8.0630650947 8.0640401464 8.0649128243 
 8.0630487264 8.0640207862 8.0648903836 
 8.0630266273 8.0639950760 8.0648609368 
 8.0629986958 8.0639629482 8.0648244498 
 8.0629648454 8.0639243552 8.0647809140 
 8.0629250172 8.0638792821 8.0647303572 
 8.0628791941 8.0638277590 8.0646728573 
 8.0628274146 8.0637698753 8.0646085546 
 8.0627697866 8.0637057929 8.0645376653 
 8.0627065015 8.0636357597 8.0644604944 
 8.0626378467 8.0635601217 8.0643774479 
 8.0625642173 8.0634793346 8.0642890438 
 8.0624861254 8.0633939730 8.0641959217 
 8.0624042081 8.0633047383 8.0640988504 
 8.0623192322 8.0632124634 8.0639987329 
 8.0622320954 8.0631181143 8.0638966079 
 