8.0289633096 8.0303300126 8.0318211149 
 8.0290683332 8.0304196908 8.0318968358 
 8.0291698778 8.0305057593 8.0319688163 
 8.0292667557 8.0305871775 8.0320361489 
 8.0293578800 8.0306630107 8.0320980362 
 8.0294422802 8.0307324439 8.0321538047 
 8.0295191139 8.0307947931 8.0322029143 
 8.0295876751 8.0308495115 8.0322449634 
 8.0296473988 8.0308961925 8.0322796908 
 8.0296978612 8.0309345677 8.0323069713 
 8.0297387768 8.0309645022 8.0323268094 
 8.0297699914 8.0309859849 8.0323393270 
 8.0297914726 8.0309991163 8.0323447487 
 8.0298032974 8.0310040933 8.0323433844 
 8.0298056383 8.0310011928 8.0323356097 
 8.0297987481 8.0309907534 8.0323218452 
 8.0297829445 8.0309731578 8.0323025363 
 8.0297585956 8.0309488161 8.0322781339 
 8.0297261061 8.0309181499 8.0322490779 
 8.0296859062 8.0308815808 8.0322157828 
 8.0296384427 8.0308395202 8.0321786285 
 8.0295841730 8.0307923638 8.0321379544 
 8.0295235621 8.0307404901 8.0320940583 
 8.0294570829 8.0306842610 8.0320471994 
 8.0293852183 8.0306240278 8.0319976060 
 8.0293084667 8.0305601379 8.0319454852 
 8.0292273480 8.0304929452 8.0318910359 
 8.0291424112 8.0304228199 8.0318344630 
 8.0290542420 8.0303501607 8.0317759914 
 8.0289634696 8.0302754042 8.0317158798 
 8.0288707727 8.0301990347 8.0316544335 
 8.0287768831 8.0301215909 8.0315920138 
 8.0286825880 8.0300436708 8.0315290453 
 8.0285887283 8.0299659328 8.0314660198 
 8.0284961953 8.0298890942 8.0314034964 
 8.0284059237 8.0298139266 8.0313420983 
 8.0283188824 8.0297412475 8.0312825062 
 8.0282360621 8.0296719094 8.0312254476 
 8.0281584606 8.0296067861 8.0311716846 
 8.0280870668 8.0295467568 8.0311219979 
 8.0280228422 8.0294926881 8.0310771691 
 8.0279667021 8.0294454155 8.0310379621 
 8.0279194963 8.0294057233 8.0310051033 
 8.0278819892 8.0293743250 8.0309792610 
 8.0278548417 8.0293518446 8.0309610264 
 8.0278385936 8.0293387979 8.0309508949 
 8.0278336478 8.0293355769 8.0309492492 
 8.0278402577 8.0293424357 8.0309563448 
 8.0278585161 8.0293594795 8.0309722984 
 8.0278883487 8.0293866566 8.0309970795 
 8.0279295101 8.0294237546 8.0310305055 
 8.0279815839 8.0294703994 8.0310722405 
 8.0280439863 8.0295260588 8.0311217989 
 8.0281159742 8.0295900498 8.0311785517 
 8.0281966561 8.0296615498 8.0312417379 
 8.0282850069 8.0297396105 8.0313104782 
 8.0283798854 8.0298231763 8.0313837933 
 8.0284800553 8.0299111039 8.0314606232 
 8.0285842067 8.0300021851 8.0315398505 
 8.0286909813 8.0300951705 8.0316203233 
 8.0287989961 8.0301887942 8.0317008808 
 8.0289068697 8.0302817991 8.0317803770 
 8.0290132460 8.0303729608 8.0318577060 
 8.0291168190 8.0304611114 8.0319318238 
 8.0292163541 8.0305451605 8.0320017703 
 8.0293107079 8.0306241144 8.0320666868 
 8.0293988457 8.0306970922 8.0321258317 
 8.0294798549 8.0307633385 8.0321785923 
 8.0295529555 8.0308222318 8.0322244920 
 8.0296175061 8.0308732901 8.0322631941 
 8.0296730072 8.0309161712 8.0322945010 
 8.0297190995 8.0309506692 8.0323183487 
 8.0297555591 8.0309767076 8.0323347972 
 8.0297822895 8.0309943286 8.0323440182 
 8.0297993104 8.0310036793 8.0323462779 
 8.0298067448 8.0310049957 8.0323419191 
 8.0298048041 8.0309985853 8.0323313406 
 8.0297937729 8.0309848094 8.0323149771 
 8.0297739939 8.0309640651 8.0322932786 
 8.0297458536 8.0309367697 8.0322666928 
 8.0297097697 8.0309033460 8.0322356495 
 8.0296661809 8.0308642118 8.0322005480 
 8.0296155393 8.0308197716 8.0321617499 
 8.0295583060 8.0307704132 8.0321195750 
 8.0294949492 8.0307165067 8.0320743026 
 8.0294259458 8.0306584084 8.0320261766 
 8.0293517851 8.0305964664 8.0319754136 
 8.0292729743 8.0305310297 8.0319222154 
 8.0291900456 8.0304624582 8.0318667816 
 8.0291035639 8.0303911337 8.0318093243 
 8.0290141339 8.0303174711 8.0317500823 
 8.0289224069 8.0302419277 8.0316893342 
 8.0288290856 8.0301650122 8.0316274101 
 8.0287349273 8.0300872899 8.0315646995 
 8.0286407438 8.0300093867 8.0315016576 
 8.0285474001 8.0299319885 8.0314388075 
 8.0284558083 8.0298558383 8.0313767384 
 8.0283669202 8.0297817299 8.0313161009 
 8.0282817162 8.0297104986 8.0312575987 
 8.0282011923 8.0296430083 8.0312019771 
 8.0281263442 8.0295801375 8.0311500086 
 8.0280581505 8.0295227619 8.0311024768 
 8.0279975537 8.0294717360 8.0310601575 
 8.0279454414 8.0294278743 8.0310237997 
 8.0279026263 8.0293919307 8.0309941054 
 8.0278698274 8.0293645799 8.0309717100 
 8.0278476518 8.0293463980 8.0309571626 
 8.0278365779 8.0293378457 8.0309509086 
 8.0278369412 8.0293392530 8.0309532736 
 8.0278489221 8.0293508065 8.0309644506 
 8.0278725372 8.0293725399 8.0309844891 
 8.0279076335 8.0294043276 8.0310132890 
 8.0279538865 8.0294458826 8.0310505967 
 8.0280108019 8.0294967571 8.0310960069 
 8.0280777215 8.0295563486 8.0311489667 
 8.0281538321 8.0296239079 8.0312087847 
 8.0282381786 8.0296985526 8.0312746435 
 8.0283296801 8.0297792826 8.0313456153 
 8.0284271489 8.0298649993 8.0314206811 
 8.0285293121 8.0299545267 8.0314987516 
 8.0286348345 8.0300466345 8.0315786904 
 8.0287423432 8.0301400629 8.0316593388 
 8.0288504532 8.0302335470 8.0317395396 
 8.0289577917 8.0303258419 8.0318181625 
 8.0290630231 8.0304157467 8.0318941277 
 8.0291648717 8.0305021266 8.0319664275 
 8.0292621429 8.0305839340 8.0320341464 
 8.0293537417 8.0306602254 8.0320964784 
 8.0294386883 8.0307301767 8.0321527401 
 8.0295161304 8.0307930934 8.0322023811 
 8.0295853514 8.0308484183 8.0322449892 
 8.0296457755 8.0308957341 8.0322802926 
 8.0296969684 8.0309347621 8.0323081560 
 8.0297386341 8.0309653575 8.0323285743 
 8.0297706088 8.0309875002 8.0323416610 
 8.0297928512 8.0310012826 8.0323476336 
 8.0298054305 8.0310068950 8.0323467961 
 8.0298085124 8.0310046087 8.0323395199 
 8.0298023440 8.0309947583 8.0323262227 
 8.0297872386 8.0309777237 8.0323073487 
 8.0297635608 8.0309539133 8.0322833492 
 8.0297317127 8.0309237483 8.0322546650 
 8.0296921229 8.0308876504 8.0322217133 
 8.0296452370 8.0308460320 8.0321848765 
 8.0295915113 8.0307992900 8.0321444970 
 8.0295314102 8.0307478036 8.0321008756 
 8.0294654055 8.0306919360 8.0320542739 
 8.0293939789 8.0306320384 8.0320049220 
 8.0293176271 8.0305684581 8.0319530280 
 8.0292368675 8.0305015476 8.0318987905 
 8.0291522465 8.0304316753 8.0318424131 
 8.0290643461 8.0303592366 8.0317841182 
 8.0289737917 8.0302846649 8.0317241613 
 8.0288812575 8.0302084399 8.0316628433 
 8.0287874709 8.0301310957 8.0316005205 
 8.0286932144 8.0300532252 8.0315376123 
 8.0285993245 8.0299754820 8.0314746049 
 8.0285066887 8.0298985788 8.0314120521 
 8.0284162383 8.0298232829 8.0313505721 
 8.0283289397 8.0297504083 8.0312908413 
 8.0282457823 8.0296808054 8.0312335839 
 8.0281677638 8.0296153465 8.0311795597 
 8.0280958742 8.0295549109 8.0311295485 
 8.0280310778 8.0295003670 8.0310843324 
 8.0279742941 8.0294525531 8.0310446774 
 8.0279263786 8.0294122583 8.0310113134 
 8.0278881030 8.0293802023 8.0309849140 
 8.0278601368 8.0293570165 8.0309660771 
 8.0278430298 8.0293432260 8.0309553060 
 8.0278371962 8.0293392327 8.0309529929 
 8.0278429013 8.0293453021 8.0309594036 
 8.0278602509 8.0293615512 8.0309746660 
 8.0278891838 8.0293879409 8.0309987614 
 8.0279294680 8.0294242712 8.0310315189 
 8.0279807004 8.0294701807 8.0310726148 
 8.0280423102 8.0295251493 8.0311215748 
 8.0281135663 8.0295885056 8.0311777810 
 8.0281935885 8.0296594374 8.0312404821 
 8.0282813615 8.0297370058 8.0313088077 
 8.0283757527 8.0298201629 8.0313817856 
 8.0284755325 8.0299077716 8.0314583615 
 8.0285793963 8.0299986281 8.0315374217 
 8.0286859887 8.0300914856 8.0316178165 
 8.0287939280 8.0301850788 8.0316983849 
 8.0289018320 8.0302781492 8.0317779793 
 8.0290083423 8.0303694694 8.0318554898 
 8.0291121482 8.0304578665 8.0319298674 
 8.0292120092 8.0305422436 8.0320001449 
 8.0293067745 8.0306215993 8.0320654553 
 8.0293954009 8.0306950437 8.0321250480 
 8.0294769660 8.0307618115 8.0321783001 
 8.0295506797 8.0308212711 8.0322247245 
 8.0296158899 8.0308729297 8.0322639740 
 8.0296720865 8.0309164347 8.0322958406 
 8.0297188997 8.0309515700 8.0323202504 
 8.0297560956 8.0309782499 8.0323372546 
 8.0297835684 8.0309965079 8.0323470168 
 8.0298013295 8.0310064837 8.0323497969 
 8.0298094945 8.0310084072 8.0323459325 
 8.0298082686 8.0310025812 8.0323358190 
 8.0297979315 8.0309893634 8.0323198889 
 8.0297788218 8.0309691489 8.0322985920 
 8.0297513231 8.0309423538 8.0322723767 
 8.0297158509 8.0309094009 8.0322416745 
 8.0296728427 8.0308707086 8.0322068873 
 8.0296227493 8.0308266826 8.0321683796 
 8.0295660311 8.0307777115 8.0321264744 
 8.0295031554 8.0307241666 8.0320814537 
 8.0294345982 8.0306664048 8.0320335633 
 8.0293608470 8.0306047743 8.0319830217 
 8.0292824072 8.0305396231 8.0319300307 
 8.0291998083 8.0304713097 8.0318747893 
 8.0291136121 8.0304002134 8.0318175077 
 8.0290244195 8.0303267455 8.0317584218 
 8.0289328777 8.0302513597 8.0316978065 
 8.0288396847 8.0301745598 8.0316359870 
 8.0287455931 8.0300969065 8.0315733477 
 8.0286514104 8.0300190203 8.0315103384 
 8.0285579971 8.0299415824 8.0314474764 
 8.0284662617 8.0298653313 8.0313853458 
 8.0283771528 8.0297910569 8.0313245925 
 8.0282916491 8.0297195913 8.0312659161 
 8.0282107454 8.0296517967 8.0312100592 
 8.0281354380 8.0295885508 8.0311577925 
 8.0280667072 8.0295307299 8.0311098992 
 8.0280054990 8.0294791909 8.0310671562 
 8.0279527058 8.0294347518 8.0310303155 
 8.0279091467 8.0293981722 8.0310000833 
 8.0278755486 8.0293701332 8.0309771006 
 8.0278525278 8.0293512194 8.0309619241 
 8.0278405733 8.0293419010 8.0309550077 
 8.0278400323 8.0293425186 8.0309566870 
 8.0278510974 8.0293532702 8.0309671655 
 8.0278737984 8.0293742019 8.0309865044 
 8.0279079955 8.0294052007 8.0310146151 
 8.0279533777 8.0294459920 8.0310512563 
 8.0280094638 8.0294961406 8.0310960343 
 8.0280756080 8.0295550556 8.0311484074 
 8.0281510090 8.0296219992 8.0312076949 
 8.0282347224 8.0296960988 8.0312730885 
 8.0283256764 8.0297763629 8.0313436687 
 8.0284226912 8.0298617001 8.0314184228 
 8.0285244997 8.0299509396 8.0314962663 
 8.0286297711 8.0300428548 8.0315760661 
 8.0287371347 8.0301361874 8.0316566641 
 8.0288452057 8.0302296724 8.0317369026 
 8.0289526098 8.0303220625 8.0318156486 
 8.0290580080 8.0304121530 8.0318918176 
 8.0291601194 8.0304988034 8.0319643958 
 8.0292577427 8.0305809590 8.0320324605 
 8.0293497750 8.0306576679 8.0320951966 
 8.0294352273 8.0307280966 8.0321519113 
 8.0295132374 8.0307915407 8.0322020437 
 8.0295830783 8.0308474323 8.0322451713 
 8.0296441635 8.0308953435 8.0322810114 
 8.0296960480 8.0309349854 8.0323094189 
 8.0297384257 8.0309662034 8.0323303792 
 8.0297711231 8.0309889683 8.0323439971 
 8.0297940900 8.0310033645 8.0323504830 
 8.0298073877 8.0310095756 8.0323501352 
 8.0298111751 8.0310078674 8.0323433205 
 8.0298056938 8.0309985703 8.0323304540 
 8.0297912526 8.0309820614 8.0323119788 
 8.0297682125 8.0309587475 8.0322883461 
 8.0297369734 8.0309290494 8.0322599983 
 8.0296979619 8.0308933892 8.0322273547 
 8.0296516226 8.0308521800 8.0321908005 
 8.0295984110 8.0308058199 8.0321506813 
 8.0295387906 8.0307546894 8.0321073008 
 8.0294732325 8.0306991525 8.0320609234 
 8.0294022171 8.0306395610 8.0320117810 
 8.0293262393 8.0305762618 8.0319600826 
 8.0292458147 8.0305096063 8.0319060270 
 8.0291614866 8.0304399609 8.0318498163 
 8.0290738336 8.0303677184 8.0317916709 
 8.0289834772 8.0302933083 8.0317318428 
 8.0288910874 8.0302172063 8.0316706287 
 8.0287973868 8.0301399417 8.0316083801 
 8.0287031535 8.0300621024 8.0315455110 
 8.0286092195 8.0299843370 8.0314825019 
 8.0285164682 8.0299073534 8.0314199014 
 8.0284258276 8.0298319148 8.0313583225 
 8.0283382615 8.0297588317 8.0312984372 
 8.0282547577 8.0296889516 8.0312409664 
 8.0281763136 8.0296231459 8.0311866673 
 8.0281039203 8.0295622935 8.0311363186 
 8.0280385446 8.0295072642 8.0310907028 
 8.0279811100 8.0294588993 8.0310505878 
 8.0279324774 8.0294179922 8.0310167068 
 8.0278934259 8.0293852687 8.0309897385 
 8.0278646333 8.0293613676 8.0309702871 
 8.0278466593 8.0293468228 8.0309588641 
 8.0278399290 8.0293420462 8.0309558706 
 8.0278447196 8.0293473144 8.0309615828 
 8.0278611496 8.0293627561 8.0309761396 
 8.0278891711 8.0293883446 8.0309995338 
 8.0279285654 8.0294238926 8.0310316065 
 8.0279789425 8.0294690510 8.0310720458 
 8.0280397445 8.0295233120 8.0311203890 
 8.0281102525 8.0295860156 8.0311760290 
 8.0281895974 8.0296563600 8.0312382245 
 8.0282767740 8.0297334158 8.0313061138 
 8.0283706582 8.0298161430 8.0313787319 
 8.0284700272 8.0299034106 8.0314550304 
 8.0285735816 8.0299940195 8.0315338994 
 8.0286799691 8.0300867253 8.0316141913 
 8.0287878096 8.0301802635 8.0316947451 
 8.0288957200 8.0302733743 8.0317744116 
 8.0290023395 8.0303648273 8.0318520773 
 8.0291063530 8.0304534447 8.0319266878 
 8.0292065142 8.0305381234 8.0319972690 
 8.0293016649 8.0306178540 8.0320629461 
 8.0293907532 8.0306917377 8.0321229588 
 8.0294728473 8.0307589996 8.0321766744 
 8.0295471465 8.0308189975 8.0322235953 
 8.0296129886 8.0308712283 8.0322633637 
 8.0296698524 8.0309153285 8.0322957611 
 8.0297173577 8.0309510721 8.0323207037 
 8.0297552605 8.0309783637 8.0323382337 
 8.0297834457 8.0309972284 8.0323485067 
 8.0298019163 8.0310077983 8.0323517759 
 8.0298107805 8.0310102972 8.0323483739 
 8.0298102373 8.0310050229 8.0323386925 
 8.0298005613 8.0309923297 8.0323231621 
 8.0297820871 8.0309726106 8.0323022320 
 8.0297551954 8.0309462806 8.0322763514 
 8.0297202999 8.0309137626 8.0322459535 
 8.0296778363 8.0308754754 8.0322114431 
 8.0296282549 8.0308318261 8.0321731876 
 8.0295720153 8.0307832046 8.0321315132 
 8.0295095841 8.0307299834 8.0320867050 
 8.0294414364 8.0306725201 8.0320390112 
 8.0293680586 8.0306111632 8.0319886518 
 8.0292899541 8.0305462604 8.0319358293 
 8.0292076504 8.0304781686 8.0318807424 
 8.0291217061 8.0304072650 8.0318235996 
 8.0290327186 8.0303339579 8.0317646343 
 8.0289413311 8.0302586970 8.0317041175 
 8.0288482374 8.0301819819 8.0316423701 
 8.0287541856 8.0301043685 8.0315797715 
 8.0286599786 8.0300264725 8.0315167661 
 8.0285664729 8.0299489701 8.0314538658 
 8.0284745731 8.0298725954 8.0313916493 
 8.0283852252 8.0297981345 8.0313307580 
 8.0282994054 8.0297264165 8.0312718876 
 8.0282181078 8.0296583014 8.0312157774 
 8.0281423290 8.0295946663 8.0311631966 
 8.0280730512 8.0295363880 8.0311149277 
 8.0280112233 8.0294843255 8.0310717490 
 8.0279577425 8.0294393004 8.0310344147 
 8.0279134343 8.0294020773 8.0310036352 
 8.0278790331 8.0293733442 8.0309800574 
 8.0278551645 8.0293536935 8.0309642448 
 8.0278423276 8.0293436048 8.0309566599 
 8.0278408811 8.0293434292 8.0309576479 
 8.0278510299 8.0293533761 8.0309674229 
 8.0278728165 8.0293735035 8.0309860573 
 8.0279061144 8.0294037108 8.0310134743 
 8.0279506257 8.0294437360 8.0310494444 
 8.0280058823 8.0294931562 8.0310935855 
 8.0280712510 8.0295513922 8.0311453672 
 8.0281459419 8.0296177171 8.0312041190 
 8.0282290212 8.0296912682 8.0312690421 
 8.0283194264 8.0297710629 8.0313392249 
 8.0284159854 8.0298560164 8.0314136613 
 8.0285174370 8.0299449636 8.0314912715 
 8.0286224546 8.0300366814 8.0315709254 
 8.0287296698 8.0301299130 8.0316514661 
 8.0288376979 8.0302233931 8.0317317349 
 8.0289451633 8.0303158723 8.0318105961 
 8.0290507232 8.0304061419 8.0318869609 
 8.0291530918 8.0304930558 8.0319598093 
 8.0292510610 8.0305755519 8.0320282109 
 8.0293435197 8.0306526702 8.0320913420 
 8.0294294699 8.0307235676 8.0321484999 
 8.0295080392 8.0307875294 8.0321991135 
 8.0295784902 8.0308439772 8.0322427495 
 8.0296402257 8.0308924726 8.0322791147 
 8.0296927897 8.0309327160 8.0323080536 
 8.0297358659 8.0309645428 8.0323295419 
 8.0297692709 8.0309879148 8.0323436759 
 8.0297929455 8.0310029082 8.0323506586 
 8.0298069430 8.0310096996 8.0323507822 
 8.0298114156 8.0310085492 8.0323444090 
 8.0298065989 8.0309997831 8.0323319515 
 8.0297927974 8.0309837758 8.0323138511 
 8.0297703685 8.0309609322 8.0322905594 
 8.0297397098 8.0309316729 8.0322625201 
 8.0297012463 8.0308964201 8.0322301546 
 8.0296554214 8.0308555880 8.0321938513 
 8.0296026901 8.0308095762 8.0321539590 
 8.0295435154 8.0307587667 8.0321107845 
 8.0294783676 8.0307035244 8.0320645953 
 8.0294077265 8.0306442020 8.0320156254 
 8.0293320856 8.0305811464 8.0319640852 
 8.0292519587 8.0305147084 8.0319101739 
 8.0291678865 8.0304452528 8.0318540927 
 8.0290804448 8.0303731699 8.0317960601 
 8.0289902514 8.0302988861 8.0317363252 
 8.0288979724 8.0302228731 8.0316751808 
 8.0288043262 8.0301456558 8.0316129738 
 8.0287100864 8.0300678176 8.0315501131 
 8.0286160810 8.0299900021 8.0314870740 
 8.0285231895 8.0299129128 8.0314243998 
 8.0284323367 8.0298373087 8.0313626987 
 8.0283444839 8.0297639970 8.0313026384 
 8.0282606175 8.0296938228 8.0312449361 
 8.0281817345 8.0296276558 8.0311903470 
 8.0281088272 8.0295663751 8.0311396483 
 8.0280428646 8.0295108517 8.0310936231 
 8.0279847743 8.0294619297 8.0310530407 
 8.0279354227 8.0294204067 8.0310186379 
 8.0278955955 8.0293870144 8.0309910979 
 8.0278659791 8.0293623989 8.0309710316 
 8.0278471427 8.0293471026 8.0309589579 
 8.0278395223 8.0293415475 8.0309552870 
 8.0278434067 8.0293460207 8.0309603051 
 8.0278589271 8.0293606627 8.0309741619 
 8.0278860482 8.0293854589 8.0309968618 
 8.0279245646 8.0294202344 8.0310282575 
 8.0279740995 8.0294646524 8.0310680488 
 8.0280341075 8.0295182171 8.0311157844 
 8.0281038817 8.0295802799 8.0311708679 
 8.0281825642 8.0296500493 8.0312325678 
 8.0282691594 8.0297266052 8.0313000312 
 8.0283625519 8.0298089153 8.0313723003 
 8.0284615255 8.0298958549 8.0314483322 
 8.0285647859 8.0299862292 8.0315270210 
 8.0286709840 8.0300787963 8.0316072209 
 8.0287787408 8.0301722926 8.0316877713 
 8.0288866726 8.0302654568 8.0317675210 
 8.0289934158 8.0303570553 8.0318453529 
 8.0290976512 8.0304459056 8.0319202073 
 8.0291981262 8.0305308980 8.0319911032 
 8.0292936753 8.0306110152 8.0320571573 
 8.0293832377 8.0306853495 8.0321176002 
 8.0294658719 8.0307531159 8.0321717890 
 8.0295407671 8.0308136618 8.0322192154 
 8.0296072499 8.0308664732 8.0322595109 
 8.0296647883 8.0309111760 8.0322924462 
 8.0297129915 8.0309475337 8.0323179275 
 8.0297516052 8.0309754414 8.0323359878 
 8.0297805048 8.0309949152 8.0323467744 
 8.0297996846 8.0310060795 8.0323505337 
 8.0298092452 8.0310091518 8.0323475929 
 8.0298093794 8.0310044249 8.0323383400 
 8.0298003564 8.0309922494 8.0323232034 
 8.0297825069 8.0309730160 8.0323026315 
 8.0297562088 8.0309471388 8.0322770743 
 8.0297218735 8.0309150405 8.0322469669 
 8.0296799356 8.0308771409 8.0322127167 
 8.0296308447 8.0308338480 8.0321746944 
 8.0295750598 8.0307855535 8.0321332296 
 8.0295130474 8.0307326314 8.0320886104 
 8.0294452817 8.0306754404 8.0320410880 
 8.0293722484 8.0306143295 8.0319908843 
 8.0292944497 8.0305496464 8.0319382029 
 8.0292124109 8.0304817470 8.0318832422 
 8.0291266881 8.0304110068 8.0318262100 
 8.0290378759 8.0303378315 8.0317673372 
 8.0289466137 8.0302626673 8.0317068917 
 8.0288535914 8.0301860100 8.0316451902 
 8.0287595531 8.0301084110 8.0315826076 
 8.0286652976 8.0300304816 8.0315195831 
 8.0285716774 8.0299528933 8.0314566237 
 8.0284795939 8.0298763761 8.0313943030 
 8.0283899902 8.0298017124 8.0313332578 
 8.0283038406 8.0297297284 8.0312741800 
 8.0282221384 8.0296612823 8.0312178062 
 8.0281458807 8.0295972502 8.0311649037 
 8.0280760512 8.0295385099 8.0311162546 
 8.0280136022 8.0294859222 8.0310726381 
 8.0279594355 8.0294403122 8.0310348110 
 8.0279143825 8.0294024496 8.0310034877 
 8.0278791856 8.0293730288 8.0309793205 
 8.0278544789 8.0293526503 8.0309628801 
 8.0278407721 8.0293418026 8.0309546371 
 8.0278384346 8.0293408472 8.0309549461 
 8.0278476837 8.0293500048 8.0309640318 
 8.0278685745 8.0293693450 8.0309819775 
 8.0279009933 8.0293987795 8.0310087180 
 8.0279446554 8.0294380586 8.0310440355 
 8.0279991056 8.0294867715 8.0310875594 
 8.0280637227 8.0295443508 8.0311387703 
 8.0281377286 8.0296100802 8.0311970079 
 8.0282201997 8.0296831070 8.0312614828 
 8.0283100828 8.0297624568 8.0313312912 
 8.0284062132 8.0298470521 8.0314054334 
 8.0285073357 8.0299357329 8.0314828346 
 8.0286121276 8.0300272795 8.0315623673 
 8.0287192227 8.0301204368 8.0316428756 
 8.0288272367 8.0302139390 8.0317232003 
 8.0289347920 8.0303065346 8.0318022027 
 8.0290405425 8.0303970107 8.0318787893 
 8.0291431969 8.0304842155 8.0319519343 
 8.0292415403 8.0305670797 8.0320206993 
 8.0293344535 8.0306446347 8.0320842519 
 8.0294209290 8.0307160277 8.0321418795 
 8.0295000844 8.0307805338 8.0321930005 
 8.0295711715 8.0308375638 8.0322371707 
 8.0296335820 8.0308866684 8.0322740862 
 8.0296868491 8.0309275373 8.0323035807 
 8.0297306458 8.0309599957 8.0323256204 
 8.0297647786 8.0309839960 8.0323402925 
 8.0297891792 8.0309996060 8.0323477923 
 8.0298038927 8.0310069950 8.0323484058 
 8.0298090640 8.0310064176 8.0323424907 
 8.0298049231 8.0309981953 8.0323304561 
 8.0297917695 8.0309826996 8.0323127423 
 8.0297699575 8.0309603338 8.0322898006 
 8.0297398818 8.0309315177 8.0322620760 
 8.0297019660 8.0308966740 8.0322299921 
 8.0296566525 8.0308562181 8.0321939405 
 8.0296043957 8.0308105509 8.0321542731 
 8.0295456585 8.0307600560 8.0321113004 
 8.0294809106 8.0307050999 8.0320652927 
 8.0294106315 8.0306460362 8.0320164868 
 8.0293353136 8.0305832122 8.0319650946 
 8.0292554692 8.0305169784 8.0319113159 
 8.0291716370 8.0304476985 8.0318553518 
 8.0290843902 8.0303757607 8.0317974191 
 8.0289943435 8.0303015885 8.0317377644 
 8.0289021593 8.0302256502 8.0316766770 
 8.0288085523 8.0301484668 8.0316144996 
 8.0287142921 8.0300706171 8.0315516363 
 8.0286202029 8.0299927405 8.0314885577 
 8.0285271605 8.0299155361 8.0314258018 
 8.0284360867 8.0298397592 8.0313639723 
 8.0283479408 8.0297662137 8.0313037328 
 8.0282637076 8.0296957423 8.0312457972 
 8.0281843842 8.0296292135 8.0311909183 
 8.0281109637 8.0295675063 8.0311398724 
 8.0280444178 8.0295114931 8.0310934426 
 8.0279856779 8.0294620206 8.0310524002 
 8.0279356158 8.0294198909 8.0310174850 
 8.0278950240 8.0293858412 8.0309893852 
 8.0278645972 8.0293605249 8.0309687177 
 8.0278449140 8.0293444929 8.0309560091 
 8.0278364211 8.0293381767 8.0309516784 
 8.0278394189 8.0293418744 8.0309560217 
 8.0278540509 8.0293557377 8.0309691994 
 8.0278802946 8.0293797642 8.0309912271 
 8.0279179576 8.0294137911 8.0310219693 
 8.0279666759 8.0294574939 8.0310611372 
 8.0280259169 8.0295103886 8.0311082908 
 8.0280949854 8.0295718379 8.0311628444 
 8.0281730344 8.0296410606 8.0312240764 
 8.0282590783 8.0297171457 8.0312911422 
 8.0283520097 8.0297990686 8.0313630913 
 8.0284506195 8.0298857109 8.0314388866 
 8.0285536181 8.0299758820 8.0315174258 
 8.0286596596 8.0300683427 8.0315975653 
 8.0287673661 8.0301618297 8.0316781444 
 8.0288753532 8.0302550807 8.0317580101 
 8.0289822547 8.0303468589 8.0318360418 
 8.0290867469 8.0304359767 8.0319111743 
 8.0291875710 8.0305213178 8.0319824196 
 8.0292835540 8.0306018572 8.0320488862 
 8.0293736262 8.0306766779 8.0321097953 
 8.0294568364 8.0307449849 8.0321644935 
 8.0295323630 8.0308061149 8.0322124620 
 8.0295995218 8.0308595431 8.0322533212 
 8.0296577698 8.0309048843 8.0322868310 
 8.0297067051 8.0309418916 8.0323128874 
 8.0297460631 8.0309704500 8.0323315136 
 8.0297757092 8.0309905665 8.0323428489 
 8.0297956291 8.0310023579 8.0323471323 
 8.0298059155 8.0310060348 8.0323446854 
 8.0298067546 8.0310018847 8.0323358923 
 8.0297984103 8.0309902547 8.0323211788 
 8.0297812092 8.0309715327 8.0323009926 
 8.0297555258 8.0309461317 8.0322757842 
 8.0297217698 8.0309144743 8.0322459905 
 8.0296803743 8.0308769810 8.0322120213 
 8.0296317882 8.0308340611 8.0321742506 
 8.0295764702 8.0307861080 8.0321330115 
 8.0295148863 8.0307334970 8.0320885953 
 8.0294475107 8.0306765882 8.0320412562 
 8.0293748281 8.0306157316 8.0319912182 
 8.0292973397 8.0305512748 8.0319386863 
 8.0292155692 8.0304835733 8.0318838592 
 8.0291300705 8.0304130008 8.0318269436 
 8.0290414352 8.0303399608 8.0317681686 
 8.0289502997 8.0302648967 8.0317077993 
 8.0288573502 8.0301883003 8.0316461486 
 8.0287633269 8.0301107191 8.0315835869 
 8.0286690248 8.0300327598 8.0315205487 
 8.0285752929 8.0299550901 8.0314575361 
 8.0284830292 8.0298784356 8.0313951179 
 8.0283931741 8.0298035753 8.0313339266 
 8.0283067005 8.0297313327 8.0312746504 
 8.0282246009 8.0296625641 8.0312180230 
 8.0281478726 8.0295981452 8.0311648101 
 8.0280775013 8.0295389541 8.0311157934 
 8.0280144424 8.0294858538 8.0310717531 
 8.0279596024 8.0294396730 8.0310334484 
 8.0279138188 8.0294011861 8.0310015977 
 8.0278778413 8.0293710942 8.0309768588 
 8.0278523132 8.0293500054 8.0309598091 
 8.0278377540 8.0293384175 8.0309509277 
 8.0278345443 8.0293367021 8.0309505785 
 8.0278429134 8.0293450909 8.0309589963 
 8.0278629289 8.0293636654 8.0309762756 
 8.0278944901 8.0293923494 8.0310023626 
 8.0279373252 8.0294309053 8.0310370510 
 8.0279909917 8.0294789346 8.0310799819 
 8.0280548810 8.0295358813 8.0311306467 
 8.0281282260 8.0296010401 8.0311883956 
 8.0282101138 8.0296735680 8.0312524482 
 8.0282995002 8.0297524992 8.0313219088 
 8.0283952282 8.0298367630 8.0313957842 
 8.0284960484 8.0299252048 8.0314730042 
 8.0286006423 8.0300166085 8.0315524444 
 8.0287076458 8.0301097205 8.0316329501 
 8.0288156748 8.0302032748 8.0317133610 
 8.0289233501 8.0302960176 8.0317925360 
 8.0290293221 8.0303867320 8.0318693770 
 8.0291322941 8.0304742605 8.0319428520 
 8.0292310446 8.0305575265 8.0320120151 
 8.0293244459 8.0306355529 8.0320760248 
 8.0294114813 8.0307074772 8.0321341588 
 8.0294912581 8.0307725643 8.0321858249 
 8.0295630173 8.0308302140 8.0322305680 
 8.0296261395 8.0308799659 8.0322680730 
 8.0296801469 8.0309214991 8.0322981634 
 8.0297247015 8.0309546284 8.0323207950 
 8.0297595998 8.0309792964 8.0323360462 
 8.0297847641 8.0309955625 8.0323441043 
 8.0298002310 8.0310035886 8.0323452487 
 8.0298061381 8.0310036231 8.0323398323 
 8.0298027094 8.0309959831 8.0323282610 
 8.0297902395 8.0309810366 8.0323109730 
 8.0297690790 8.0309591852 8.0322884197 
 8.0297396199 8.0309308479 8.0322610469 
 8.0297022842 8.0308964476 8.0322292806 
 8.0296575131 8.0308564007 8.0321935150 
 8.0296057606 8.0308111095 8.0321541054 
 8.0295474890 8.0307609591 8.0321113657 
 8.0294831680 8.0307063176 8.0320655694 
 8.0294132763 8.0306475396 8.0320169556 
 8.0293383055 8.0305849729 8.0319657383 
 8.0292587665 8.0305189676 8.0319121179 
 8.0291751962 8.0304498866 8.0318562953 
 8.0290881652 8.0303781161 8.0317984858 
 8.0289982852 8.0303040768 8.0317389338 
 8.0289062151 8.0302282339 8.0316779252 
 8.0288126660 8.0301511043 8.0316157985 
 8.0287184035 8.0300732626 8.0315529535 
 8.0286242481 8.0299953441 8.0314898556 
 8.0285310723 8.0299180436 8.0314270382 
 8.0284397949 8.0298421125 8.0313651003 
 8.0283513729 8.0297683516 8.0313047014 
 8.0282667898 8.0296976015 8.0312465523 
 8.0281870427 8.0296307292 8.0311914034 
 8.0281131258 8.0295686138 8.0311400299 
 8.0280460131 8.0295121289 8.0310932153 
 8.0279866399 8.0294621241 8.0310517325 
 8.0279358834 8.0294194055 8.0310163245 
 8.0278945430 8.0293847162 8.0309876841 
 8.0278633214 8.0293587166 8.0309664346 
 8.0278428069 8.0293419661 8.0309531099 
 8.0278334565 8.0293349059 8.0309481380 
 8.0278355825 8.0293378446 8.0309518248 
 8.0278493405 8.0293509457 8.0309643414 
 8.0278747209 8.0293742184 8.0309857147 
 8.0279115442 8.0294075124 8.0310158207 
 8.0279594595 8.0294505154 8.0310543824 
 8.0280179466 8.0295027554 8.0311009710 
 8.0280863226 8.0295636062 8.0311550116 
 8.0281637513 8.0296322973 8.0312157923 
 8.0282492569 8.0297079267 8.0312824775 
 8.0283417408 8.0297894779 8.0313541239 
 8.0284400004 8.0298758385 8.0314297000 
 8.0285427514 8.0299658227 8.0315081076 
 8.0286486512 8.0300581938 8.0315882053 
 8.0287563231 8.0301516893 8.0316688325 
 8.0288643822 8.0302450458 8.0317488347 
 8.0289714596 8.0303370233 8.0318270877 
 8.0290762275 8.0304264296 8.0319025211 
 8.0291774210 8.0305121419 8.0319741401 
 8.0292738597 8.0305931274 8.0320410449 
 8.0293644650 8.0306684599 8.0321024473 
 8.0294482761 8.0307373345 8.0321576838 
 8.0295244608 8.0307990774 8.0322062248 
 8.0295923240 8.0308531526 8.0322476798 
 8.0296513115 8.0308991642 8.0322817979 
 8.0297010104 8.0309368545 8.0323084645 
 8.0297411456 8.0309660986 8.0323276935 
 8.0297715727 8.0309868943 8.0323396154 
 8.0297922683 8.0309993502 8.0323444620 
 8.0298033174 8.0310036703 8.0323425492 
 8.0298048993 8.0310001366 8.0323342567 
 8.0297972723 8.0309890921 8.0323200079 
 8.0297807587 8.0309709222 8.0323002493 
 8.0297557298 8.0309460384 8.0322754318 
 8.0297225929 8.0309148630 8.0322459936 
 8.0296817799 8.0308778170 8.0322123473 
 8.0296337385 8.0308353110 8.0321748698 
 8.0295789271 8.0307877395 8.0321338974 
 8.0295178112 8.0307354797 8.0320897247 
 8.0294508645 8.0306788926 8.0320426086 
 8.0293785711 8.0306183290 8.0319927753 
 8.0293014307 8.0305541366 8.0319404311 
 8.0292199655 8.0304866701 8.0318857748 
 8.0291347269 8.0304163017 8.0318290124 
 8.0290463039 8.0303434327 8.0317703708 
 8.0289553294 8.0302685031 8.0317101124 
 8.0288624860 8.0301920012 8.0316485461 
 8.0287685099 8.0301144702 8.0315860381 
 8.0286741923 8.0300365127 8.0315230181 
 8.0285803785 8.0299587918 8.0314599829 
 8.0284879631 8.0298820292 8.0313974970 
 8.0283978840 8.0298070003 8.0313361881 
 8.0283111121 8.0297345257 8.0312767408 
 8.0282286392 8.0296654599 8.0312198859 
 8.0281514630 8.0296006779 8.0311663874 
 8.0280805708 8.0295410583 8.0311170265 
 8.0280169212 8.0294874661 8.0310725844 
 8.0279614253 8.0294407334 8.0310338225 
 8.0279149266 8.0294016396 8.0310014633 
 8.0278781823 8.0293708922 8.0309761700 
 8.0278518446 8.0293491071 8.0309585269 
 8.0278364429 8.0293367911 8.0309490212 
 8.0278323692 8.0293343261 8.0309480262 
 8.0278398645 8.0293419549 8.0309557870 
 8.0278590093 8.0293597707 8.0309724092 
 8.0278897158 8.0293877097 8.0309978506 
 8.0279317253 8.0294255467 8.0310319167 
 8.0279846083 8.0294728952 8.0310742599 
 8.0280477684 8.0295292110 8.0311243830 
 8.0281204504 8.0295938000 8.0311816465 
 8.0282017520 8.0296658290 8.0312452795 
 8.0282906382 8.0297443410 8.0313143945 
 8.0283859599 8.0298282725 8.0313880049 
 8.0284864739 8.0299164745 8.0314650456 
 8.0285908659 8.0300077346 8.0315443955 
 8.0286977745 8.0301008011 8.0316249010 
 8.0288058160 8.0301944080 8.0317054015 
 8.0289136098 8.0302872995 8.0317847533 
 8.0290198029 8.0303782549 8.0318618541 
 8.0291230939 8.0304661113 8.0319356658 
 8.0292222542 8.0305497849 8.0320052353 
 8.0293161485 8.0306282903 8.0320697123 
 8.0294037508 8.0307007557 8.0321283648 
 8.0294841582 8.0307664356 8.0321805902 
 8.0295566012 8.0308247191 8.0322259224 
 8.0296204492 8.0308751348 8.0322640357 
 8.0296752136 8.0309173512 8.0322947428 
 8.0297205455 8.0309511726 8.0323179895 
 8.0297562312 8.0309765320 8.0323338451 
 8.0297821835 8.0309934803 8.0323424889 
 8.0297984307 8.0310021718 8.0323441939 
 8.0298051029 8.0310028487 8.0323393078 
 8.0298024179 8.0309958235 8.0323282330 
 8.0297906654 8.0309814607 8.0323114060 
 8.0297701919 8.0309601597 8.0322892775 
 8.0297413869 8.0309323388 8.0322622944 
 8.0297046702 8.0308984209 8.0322308845 
 8.0296604819 8.0308588231 8.0321954448 
 8.0296092751 8.0308139489 8.0321563337 
 8.0295515116 8.0307641849 8.0321138681 
 8.0294876605 8.0307099003 8.0320683246 
 8.0294181997 8.0306514506 8.0320199448 
 8.0293436200 8.0305891840 8.0319689440 
 8.0292644303 8.0305234501 8.0319155234 
 8.0291811655 8.0304546104 8.0318598835 
 8.0290943936 8.0303830491 8.0318022381 
 8.0290047227 8.0303091842 8.0317428288 
 8.0289128084 8.0302334771 8.0316819382 
 8.0288193576 8.0301564406 8.0316199007 
 8.0287251320 8.0300786452 8.0315571109 
 8.0286309479 8.0300007213 8.0314940295 
 8.0285376742 8.0299233595 8.0314311848 
 8.0284462267 8.0298473073 8.0313691711 
 8.0283575598 8.0297733622 8.0313086435 
 8.0282726557 8.0297023620 8.0312503095 
 8.0281925111 8.0296351726 8.0311949170 
 8.0281181210 8.0295726728 8.0311432401 
 8.0280504619 8.0295157373 8.0310960623 
 8.0279904729 8.0294652184 8.0310541582 
 8.0279390363 8.0294219264 8.0310182737 
 8.0278969583 8.0293866099 8.0309891066 
 8.0278649498 8.0293599365 8.0309672859 
 8.0278436084 8.0293424740 8.0309533535 
 8.0278334021 8.0293346733 8.0309477458 
 8.0278346545 8.0293368537 8.0309507788 
 8.0278475337 8.0293491902 8.0309626344 
 8.0278720432 8.0293717043 8.0309833507 
 8.0279080165 8.0294042579 8.0310128157 
 8.0279551159 8.0294465513 8.0310507641 
 8.0280128341 8.0294981245 8.0310967785 
 8.0280805002 8.0295583630 8.0311502951 
 8.0281572896 8.0296265068 8.0312106121 
 8.0282422366 8.0297016636 8.0312769027 
 8.0283342512 8.0297828249 8.0313482314 
 8.0284321383 8.0298688852 8.0314235727 
 8.0285346189 8.0299586631 8.0315018327 
 8.0286403539 8.0300509252 8.0315818724 
 8.0287479685 8.0301444101 8.0316625319 
 8.0288560773 8.0302378534 8.0317426552 
 8.0289633096 8.0303300126 8.0318211149 
 