8.0496624171 8.0513917233 8.0530625069 
 8.0496509216 8.0513744397 8.0530395995 
 8.0496350039 8.0513527095 8.0530122167 
 8.0496145888 8.0513265154 8.0529803976 
 8.0495897268 8.0512959647 8.0529443047 
 8.0495606030 8.0512612978 8.0529042321 
 8.0495275412 8.0512228921 8.0528606089 
 8.0494910043 8.0511812619 8.0528139996 
 8.0494515885 8.0511370532 8.0527650980 
 8.0494100136 8.0510910331 8.0527147170 
 8.0493671058 8.0510440734 8.0526637722 
 8.0493237766 8.0509971282 8.0526132592 
 8.0492809949 8.0509512065 8.0525642260 
 8.0492397545 8.0509073395 8.0525177398 
 8.0492010388 8.0508665436 8.0524748496 
 8.0491657823 8.0508297819 8.0524365468 
 8.0491348325 8.0507979249 8.0524037248 
 8.0491089144 8.0507717137 8.0523771412 
 8.0490885988 8.0507517277 8.0523573847 
 8.0490742786 8.0507383599 8.0523448493 
 8.0490661536 8.0507318010 8.0523397181 
 8.0490642246 8.0507320344 8.0523419582 
 8.0490682997 8.0507388415 8.0523513265 
 8.0490780086 8.0507518178 8.0523673863 
 8.0490928263 8.0507703977 8.0523895333 
 8.0491121036 8.0507938854 8.0524170279 
 8.0491351012 8.0508214911 8.0524490325 
 8.0491610257 8.0508523678 8.0524846491 
 8.0491890651 8.0508856481 8.0525229576 
 8.0492184225 8.0509204780 8.0525630502 
 8.0492483447 8.0509560472 8.0526040621 
 8.0492781476 8.0509916140 8.0526451965 
 8.0493072350 8.0510265247 8.0526857450 
 8.0493351126 8.0510602278 8.0527251013 
 8.0493613962 8.0510922826 8.0527627698 
 8.0493858155 8.0511223625 8.0527983699 
 8.0494082123 8.0511502542 8.0528316344 
 8.0494285354 8.0511758525 8.0528624053 
 8.0494468314 8.0511991514 8.0528906249 
 8.0494632325 8.0512202328 8.0529163249 
 8.0494779421 8.0512392520 8.0529396129 
 8.0494912177 8.0512564215 8.0529606561 
 8.0495033535 8.0512719940 8.0529796656 
 8.0495146610 8.0512862440 8.0529968776 
 8.0495254506 8.0512994492 8.0530125367 
 8.0495360124 8.0513118727 8.0530268775 
 8.0495465996 8.0513237461 8.0530401091 
 8.0495574124 8.0513352544 8.0530523998 
 8.0495685849 8.0513465229 8.0530638646 
 8.0495801750 8.0513576072 8.0530745557 
 8.0495921572 8.0513684866 8.0530844556 
 8.0496044198 8.0513790607 8.0530934741 
 8.0496167652 8.0513891500 8.0531014485 
 8.0496289147 8.0513985003 8.0531081480 
 8.0496405168 8.0514067908 8.0531132814 
 8.0496511587 8.0514136451 8.0531165077 
 8.0496603815 8.0514186458 8.0531174498 
 8.0496676971 8.0514213508 8.0531157109 
 8.0496726073 8.0514213120 8.0531108917 
 8.0496746243 8.0514180946 8.0531026097 
 8.0496732912 8.0514112972 8.0530905178 
 8.0496682027 8.0514005718 8.0530743242 
 8.0496590247 8.0513856428 8.0530538103 
 8.0496455132 8.0513663244 8.0530288475 
 8.0496275300 8.0513425368 8.0529994127 
 8.0496050566 8.0513143189 8.0529656009 
 8.0495782051 8.0512818388 8.0529276346 
 8.0495472242 8.0512453998 8.0528858700 
 8.0495125022 8.0512054428 8.0528407990 
 8.0494745644 8.0511625440 8.0527930468 
 8.0494340659 8.0511174069 8.0527433640 
 8.0493917780 8.0510708493 8.0526926131 
 8.0493485693 8.0510237842 8.0526417499 
 8.0493053815 8.0509771948 8.0525917979 
 8.0492631994 8.0509321046 8.0525438185 
 8.0492230165 8.0508895429 8.0524988753 
 8.0491857985 8.0508505062 8.0524579958 
 8.0491524444 8.0508159197 8.0524221309 
 8.0491237494 8.0507865987 8.0523921160 
 8.0491003707 8.0507632130 8.0523686344 
 8.0490827996 8.0507462588 8.0523521876 
 8.0490713411 8.0507360369 8.0523430735 
 8.0490661031 8.0507326422 8.0523413756 
 8.0490669962 8.0507359636 8.0523469624 
 8.0490737435 8.0507456941 8.0523594988 
 8.0490859001 8.0507613511 8.0523784670 
 8.0491028794 8.0507823048 8.0524031959 
 8.0491239862 8.0508078114 8.0524328957 
 8.0491484515 8.0508370498 8.0524666962 
 8.0491754691 8.0508691592 8.0525036846 
 8.0492042299 8.0509032742 8.0525429423 
 8.0492339536 8.0509385577 8.0525835777 
 8.0492639163 8.0509742280 8.0526247546 
 8.0492934723 8.0510095819 8.0526657149 
 8.0493220708 8.0510440114 8.0527057957 
 8.0493492677 8.0510770153 8.0527444410 
 8.0493747311 8.0511082054 8.0527812081 
 8.0493982429 8.0511373078 8.0528157690 
 8.0494196951 8.0511641599 8.0528479077 
 8.0494390830 8.0511887035 8.0528775137 
 8.0494564942 8.0512109748 8.0529045722 
 8.0494720959 8.0512310913 8.0529291516 
 8.0494861184 8.0512492369 8.0529513890 
 8.0494988387 8.0512656450 8.0529714741 
 8.0495105611 8.0512805804 8.0529896316 
 8.0495215991 8.0512943214 8.0530061040 
 8.0495322558 8.0513071412 8.0530211333 
 8.0495428065 8.0513192904 8.0530349442 
 8.0495534818 8.0513309808 8.0530477288 
 8.0495644527 8.0513423714 8.0530596322 
 8.0495758194 8.0513535563 8.0530707415 
 8.0495876019 8.0513645566 8.0530810773 
 8.0495997352 8.0513753151 8.0530905888 
 8.0496120676 8.0513856946 8.0530991521 
 8.0496243633 8.0513954803 8.0531065724 
 8.0496363089 8.0514043862 8.0531125899 
 8.0496475229 8.0514120642 8.0531168889 
 8.0496575693 8.0514181172 8.0531191099 
 8.0496659736 8.0514221142 8.0531188647 
 8.0496722406 8.0514236081 8.0531157531 
 8.0496758743 8.0514221544 8.0531093813 
 8.0496763987 8.0514173313 8.0530993806 
 8.0496733782 8.0514087598 8.0530854273 
 8.0496664381 8.0513961229 8.0530672612 
 8.0496552837 8.0513791844 8.0530447031 
 8.0496397179 8.0513578057 8.0530176717 
 8.0496196566 8.0513319605 8.0529861969 
 8.0495951402 8.0513017462 8.0529504315 
 8.0495663434 8.0512673927 8.0529106593 
 8.0495335793 8.0512292669 8.0528672991 
 8.0494973002 8.0511878729 8.0528209052 
 8.0494580926 8.0511438469 8.0527721618 
 8.0494166671 8.0510979473 8.0527218733 
 8.0493738427 8.0510510383 8.0526709479 
 8.0493305253 8.0510040690 8.0526203763 
 8.0492876803 8.0509580453 8.0525712035 
 8.0492463012 8.0509139978 8.0525244966 
 8.0492073733 8.0508729455 8.0524813075 
 8.0491718364 8.0508358572 8.0524426335 
 8.0491405460 8.0508036118 8.0524093768 
 8.0491142377 8.0507769615 8.0523823069 
 8.0490934951 8.0507564992 8.0523620264 
 8.0490787255 8.0507426330 8.0523489450 
 8.0490701436 8.0507355693 8.0523432624 
 8.0490677657 8.0507353074 8.0523449621 
 8.0490714140 8.0507416437 8.0523538166 
 8.0490807310 8.0507541871 8.0523694033 
 8.0490952027 8.0507723832 8.0523911296 
 8.0491141881 8.0507955449 8.0524182649 
 8.0491369532 8.0508228882 8.0524499775 
 8.0491627074 8.0508535690 8.0524853727 
 8.0491906389 8.0508867200 8.0525235306 
 8.0492199482 8.0509214849 8.0525635412 
 8.0492498778 8.0509570491 8.0526045351 
 8.0492797372 8.0509926646 8.0526457097 
 8.0493089228 8.0510276701 8.0526863488 
 8.0493369319 8.0510615059 8.0527258378 
 8.0493633717 8.0510937223 8.0527636724 
 8.0493879628 8.0511239839 8.0527994628 
 8.0494105386 8.0511520687 8.0528329332 
 8.0494310396 8.0511778634 8.0528639174 
 8.0494495054 8.0512013547 8.0528923502 
 8.0494660620 8.0512226179 8.0529182569 
 8.0494809077 8.0512418033 8.0529417395 
 8.0494942966 8.0512591195 8.0529629614 
 8.0495065206 8.0512748168 8.0529821306 
 8.0495178906 8.0512891686 8.0529994824 
 8.0495287175 8.0513024530 8.0530152609 
 8.0495392939 8.0513149348 8.0530297024 
 8.0495498763 8.0513268486 8.0530430184 
 8.0495606695 8.0513383836 8.0530553807 
 8.0495718133 8.0513496699 8.0530669091 
 8.0495833715 8.0513607691 8.0530776607 
 8.0495953256 8.0513716664 8.0530876237 
 8.0496075704 8.0513822676 8.0530967135 
 8.0496199149 8.0513923994 8.0531047731 
 8.0496320866 8.0514018132 8.0531115767 
 8.0496437392 8.0514101929 8.0531168375 
 8.0496544644 8.0514171662 8.0531202179 
 8.0496638062 8.0514223182 8.0531213433 
 8.0496712783 8.0514252083 8.0531198177 
 8.0496763827 8.0514253882 8.0531152417 
 8.0496786301 8.0514224216 8.0531072306 
 8.0496775606 8.0514159039 8.0530954343 
 8.0496727643 8.0514054823 8.0530795561 
 8.0496639012 8.0513908751 8.0530593711 
 8.0496507197 8.0513718893 8.0530347434 
 8.0496330731 8.0513484362 8.0530056415 
 8.0496109335 8.0513205456 8.0529721508 
 8.0495844025 8.0512883752 8.0529344839 
 8.0495537183 8.0512522179 8.0528929867 
 8.0495192586 8.0512125042 8.0528481408 
 8.0494815385 8.0511698001 8.0528005613 
 8.0494412035 8.0511247998 8.0527509897 
 8.0493990165 8.0510783130 8.0527002806 
 8.0493558398 8.0510312463 8.0526493834 
 8.0493126104 8.0509845784 8.0525993177 
 8.0492703110 8.0509393313 8.0525511430 
 8.0492299359 8.0508965349 8.0525059244 
 8.0491924542 8.0508571898 8.0524646934 
 8.0491587716 8.0508222284 8.0524284086 
 8.0491296926 8.0507924754 8.0523979155 
 8.0491058861 8.0507686133 8.0523739104 
 8.0490878571 8.0507511524 8.0523569096 
 8.0490759254 8.0507404091 8.0523472275 
 8.0490702143 8.0507364944 8.0523449640 
 8.0490706492 8.0507393126 8.0523500039 
 8.0490769670 8.0507485712 8.0523620272 
 8.0490887347 8.0507638002 8.0523805291 
 8.0491053756 8.0507843797 8.0524048489 
 8.0491262013 8.0508095734 8.0524342046 
 8.0491504472 8.0508385647 8.0524677307 
 8.0491773084 8.0508704943 8.0525045161 
 8.0492059747 8.0509044959 8.0525436413 
 8.0492356625 8.0509397289 8.0525842115 
 8.0492656424 8.0509754063 8.0526253850 
 8.0492952618 8.0510108181 8.0526663970 
 8.0493239621 8.0510453483 8.0527065765 
 8.0493512904 8.0510784870 8.0527453590 
 8.0493769061 8.0511098371 8.0527822926 
 8.0494005820 8.0511391158 8.0528170406 
 8.0494222019 8.0511661519 8.0528493783 
 8.0494417532 8.0511908794 8.0528791873 
 8.0494593169 8.0512133276 8.0529064457 
 8.0494750543 8.0512336081 8.0529312158 
 8.0494891915 8.0512519002 8.0529536301 
 8.0495020024 8.0512684340 8.0529738745 
 8.0495137898 8.0512834725 8.0529921718 
 8.0495248671 8.0512972936 8.0530087635 
 8.0495355390 8.0513101714 8.0530238924 
 8.0495460833 8.0513223589 8.0530377851 
 8.0495567347 8.0513340714 8.0530506365 
 8.0495676693 8.0513454724 8.0530625960 
 8.0495789931 8.0513566614 8.0530737553 
 8.0495907326 8.0513676654 8.0530841406 
 8.0496028294 8.0513784333 8.0530937066 
 8.0496151386 8.0513888340 8.0531023351 
 8.0496274308 8.0513986589 8.0531098366 
 8.0496393982 8.0514076271 8.0531159563 
 8.0496506644 8.0514153949 8.0531203822 
 8.0496607971 8.0514215686 8.0531227580 
 8.0496693241 8.0514257194 8.0531226972 
 8.0496757514 8.0514274007 8.0531197999 
 8.0496795825 8.0514261673 8.0531136712 
 8.0496803390 8.0514215951 8.0531039400 
 8.0496775817 8.0514133011 8.0530902786 
 8.0496709305 8.0514009630 8.0530724212 
 8.0496600842 8.0513843379 8.0530501820 
 8.0496448377 8.0513632792 8.0530234716 
 8.0496250975 8.0513377515 8.0529923110 
 8.0496008944 8.0513078424 8.0529568434 
 8.0495723926 8.0512737717 8.0529173423 
 8.0495398946 8.0512358956 8.0528742162 
 8.0495038420 8.0511947078 8.0528280090 
 8.0494648114 8.0511508347 8.0527793954 
 8.0494235045 8.0511050258 8.0527291711 
 8.0493807326 8.0510581381 8.0526782371 
 8.0493373960 8.0510111151 8.0526275786 
 8.0492944567 8.0509649594 8.0525782378 
 8.0492529072 8.0509207012 8.0525312814 
 8.0492137351 8.0508793618 8.0524877639 
 8.0491778849 8.0508419152 8.0524486883 
 8.0491462202 8.0508092489 8.0524149658 
 8.0491194870 8.0507821260 8.0523873773 
 8.0490982818 8.0507611530 8.0523665394 
 8.0490830262 8.0507467527 8.0523528776 
 8.0490739500 8.0507391477 8.0523466081 
 8.0490710848 8.0507383531 8.0523477310 
 8.0490742675 8.0507441805 8.0523560347 
 8.0490831535 8.0507562524 8.0523711107 
 8.0490972398 8.0507740261 8.0523923784 
 8.0491158941 8.0507968233 8.0524191166 
 8.0491383881 8.0508238661 8.0524504997 
 8.0491639341 8.0508543135 8.0524856367 
 8.0491917207 8.0508872986 8.0525236080 
 8.0492209460 8.0509219632 8.0525635016 
 8.0492508483 8.0509574881 8.0526044440 
 8.0492807311 8.0509931193 8.0526456263 
 8.0493099832 8.0510281883 8.0526863250 
 8.0493380937 8.0510621267 8.0527259171 
 8.0493646609 8.0510944762 8.0527638894 
 8.0493893966 8.0511248925 8.0527998433 
 8.0494121253 8.0511531446 8.0528334941 
 8.0494327797 8.0511791111 8.0528646672 
 8.0494513917 8.0512027711 8.0528932899 
 8.0494680811 8.0512241936 8.0529193808 
 8.0494830412 8.0512435235 8.0529430365 
 8.0494965222 8.0512609654 8.0529644162 
 8.0495088138 8.0512767670 8.0529837249 
 8.0495202258 8.0512912003 8.0530011963 
 8.0495310700 8.0513045438 8.0530170746 
 8.0495416409 8.0513170639 8.0530315971 
 8.0495521982 8.0513289981 8.0530449776 
 8.0495629514 8.0513405394 8.0530573917 
 8.0495740454 8.0513518231 8.0530689633 
 8.0495855505 8.0513629161 8.0530797548 
 8.0495974546 8.0513738098 8.0530897600 
 8.0496096592 8.0513844163 8.0530988997 
 8.0496219800 8.0513945682 8.0531070226 
 8.0496341505 8.0514040225 8.0531139081 
 8.0496458297 8.0514124681 8.0531192736 
 8.0496566137 8.0514195366 8.0531227852 
 8.0496660498 8.0514248159 8.0531240706 
 8.0496736534 8.0514278668 8.0531227350 
 8.0496789267 8.0514282411 8.0531183786 
 8.0496813792 8.0514255007 8.0531106150 
 8.0496805479 8.0514192381 8.0530990907 
 8.0496760185 8.0514090960 8.0530835045 
 8.0496674451 8.0513947864 8.0530636252 
 8.0496545686 8.0513761090 8.0530393098 
 8.0496372338 8.0513529668 8.0530105181 
 8.0496154033 8.0513253798 8.0529773263 
 8.0495891685 8.0512934960 8.0529399369 
 8.0495587570 8.0512575975 8.0528986855 
 8.0495245357 8.0512181045 8.0528540433 
 8.0494870096 8.0511755727 8.0528066155 
 8.0494468144 8.0511306869 8.0527571341 
 8.0494047048 8.0510842485 8.0527064457 
 8.0493615360 8.0510371574 8.0526554934 
 8.0493182406 8.0509903881 8.0526052923 
 8.0492757988 8.0509449602 8.0525569002 
 8.0492352055 8.0509019046 8.0525113831 
 8.0491974333 8.0508622257 8.0524697767 
 8.0491633940 8.0508268624 8.0524330466 
 8.0491339013 8.0507966492 8.0524020485 
 8.0491096360 8.0507722810 8.0523774916 
 8.0490911165 8.0507542820 8.0523599069 
 8.0490786774 8.0507429844 8.0523496251 
 8.0490724574 8.0507385151 8.0523467628 
 8.0490723972 8.0507407944 8.0523512213 
 8.0490782476 8.0507495442 8.0523626957 
 8.0490895878 8.0507643074 8.0523806946 
 8.0491058510 8.0507844746 8.0524045680 
 8.0491263564 8.0508093169 8.0524335422 
 8.0491503437 8.0508380227 8.0524667563 
 8.0491770099 8.0508697347 8.0525033017 
 8.0492055439 8.0509035857 8.0525422581 
 8.0492351590 8.0509387321 8.0525827275 
 8.0492651206 8.0509743817 8.0526238634 
 8.0492947693 8.0510098178 8.0526648940 
 8.0493235389 8.0510444165 8.0527051407 
 8.0493509677 8.0510776595 8.0527440302 
 8.0493767064 8.0511091407 8.0527811018 
 8.0494005190 8.0511385683 8.0528160098 
 8.0494222806 8.0511657627 8.0528485211 
 8.0494419711 8.0511906500 8.0528785090 
 8.0494596645 8.0512132524 8.0529059447 
 8.0494755163 8.0512336757 8.0529308845 
 8.0494897483 8.0512520944 8.0529534556 
 8.0495026310 8.0512687351 8.0529738406 
 8.0495144658 8.0512838590 8.0529922600 
 8.0495255657 8.0512977433 8.0530089543 
 8.0495362367 8.0513106632 8.0530241668 
 8.0495467595 8.0513228736 8.0530381259 
 8.0495573722 8.0513345934 8.0530510294 
 8.0495682562 8.0513459904 8.0530630305 
 8.0495795231 8.0513571694 8.0530742260 
 8.0495912057 8.0513681632 8.0530846470 
 8.0496032524 8.0513789269 8.0530942541 
 8.0496155248 8.0513893355 8.0531029344 
 8.0496277999 8.0513991861 8.0531105041 
 8.0496397757 8.0514082032 8.0531167129 
 8.0496510806 8.0514160477 8.0531212529 
 8.0496612861 8.0514223290 8.0531237708 
 8.0496699226 8.0514266205 8.0531238819 
 8.0496764971 8.0514284765 8.0531211866 
 8.0496805124 8.0514274509 8.0531152891 
 8.0496814883 8.0514231173 8.0531058159 
 8.0496789817 8.0514150888 8.0530924350 
 8.0496726074 8.0514030380 8.0530748755 
 8.0496620573 8.0513867151 8.0530529447 
 8.0496471185 8.0513659655 8.0530265454 
 8.0496276884 8.0513407450 8.0529956896 
 8.0496037880 8.0513111313 8.0529605107 
 8.0495755708 8.0512773337 8.0529212721 
 8.0495433286 8.0512396980 8.0528783718 
 8.0495074927 8.0511987073 8.0528323434 
 8.0494686292 8.0511549783 8.0527838519 
 8.0494274310 8.0511092513 8.0527336840 
 8.0493847015 8.0510623759 8.0526827335 
 8.0493413351 8.0510152896 8.0526319799 
 8.0492982902 8.0509689919 8.0525824623 
 8.0492565582 8.0509245119 8.0525352467 
 8.0492171284 8.0508828733 8.0524913900 
 8.0491809502 8.0508450549 8.0524519007 
 8.0491488948 8.0508119525 8.0524176985 
 8.0491217185 8.0507843401 8.0523895757 
 8.0491000305 8.0507628373 8.0523681629 
 8.0490842665 8.0507478820 8.0523539009 
 8.0490746718 8.0507397125 8.0523470226 
 8.0490712932 8.0507383601 8.0523475448 
 8.0490739822 8.0507436517 8.0523552719 
 8.0490824079 8.0507552240 8.0523698099 
 8.0490960783 8.0507725456 8.0523905904 
 8.0491143700 8.0507949478 8.0524169018 
 8.0491365610 8.0508216590 8.0524479254 
 8.0491618669 8.0508518418 8.0524827737 
 8.0491894767 8.0508846301 8.0525205281 
 8.0492185869 8.0509191637 8.0525602748 
 8.0492484315 8.0509546196 8.0526011364 
 8.0492783083 8.0509902378 8.0526422981 
 8.0493075989 8.0510253426 8.0526830293 
 8.0493357843 8.0510593576 8.0527226988 
 8.0493624540 8.0510918156 8.0527607846 
 8.0493873109 8.0511223634 8.0527968792 
 8.0494101712 8.0511507616 8.0528306892 
 8.0494309591 8.0511768802 8.0528620316 
 8.0494496995 8.0512006912 8.0528908264 
 8.0494665057 8.0512222568 8.0529170854 
 8.0494815658 8.0512417167 8.0529408996 
 8.0494951262 8.0512592714 8.0529624239 
 8.0495074741 8.0512751658 8.0529818605 
 8.0495189186 8.0512896707 8.0529994414 
 8.0495297717 8.0513030647 8.0530154104 
 8.0495403298 8.0513156156 8.0530300060 
 8.0495508561 8.0513275638 8.0530434445 
 8.0495615641 8.0513391060 8.0530559046 
 8.0495726043 8.0513503824 8.0530675147 
 8.0495840529 8.0513614656 8.0530783423 
 8.0495959042 8.0513723527 8.0530883863 
 8.0496080666 8.0513829621 8.0530975735 
 8.0496203621 8.0513931323 8.0531057578 
 8.0496325303 8.0514026259 8.0531127238 
 8.0496442356 8.0514111367 8.0531181933 
 8.0496550784 8.0514183002 8.0531218359 
 8.0496646092 8.0514237071 8.0531232816 
 8.0496723451 8.0514269197 8.0531221369 
 8.0496777887 8.0514274897 8.0531180016 
 8.0496804481 8.0514249776 8.0531104876 
 8.0496798575 8.0514189727 8.0530992382 
 8.0496755981 8.0514091130 8.0530839473 
 8.0496673178 8.0513951049 8.0530643779 
 8.0496547505 8.0513767403 8.0530403795 
 8.0496377324 8.0513539140 8.0530119035 
 8.0496162163 8.0513266365 8.0529790167 
 8.0495902836 8.0512950454 8.0529419117 
 8.0495601512 8.0512594126 8.0529009134 
 8.0495261753 8.0512201475 8.0528564828 
 8.0494888502 8.0511777955 8.0528092148 
 8.0494488020 8.0511330319 8.0527598321 
 8.0494067769 8.0510866497 8.0527091730 
 8.0493636231 8.0510395419 8.0526581740 
 8.0493202681 8.0509926783 8.0526078455 
 8.0492776896 8.0509470763 8.0525592433 
 8.0492368829 8.0509037670 8.0525134340 
 8.0491988233 8.0508637583 8.0524714572 
 8.0491644291 8.0508279957 8.0524342854 
 8.0491345227 8.0507973232 8.0524027840 
 8.0491097962 8.0507724473 8.0523776747 
 8.0490907816 8.0507539067 8.0523595035 
 8.0490778284 8.0507420488 8.0523486168 
 8.0490710905 8.0507370167 8.0523451483 
 8.0490705238 8.0507387465 8.0523490156 
 8.0490758933 8.0507469749 8.0523599292 
 8.0490867908 8.0507612579 8.0523774112 
 8.0491026598 8.0507809966 8.0524008230 
 8.0491228270 8.0508054705 8.0524293989 
 8.0491465371 8.0508338728 8.0524622837 
 8.0491729893 8.0508653487 8.0524985710 
 8.0492013719 8.0508990305 8.0525373403 
 8.0492308954 8.0509340718 8.0525776910 
 8.0492608203 8.0509696757 8.0526187715 
 8.0492904810 8.0510051190 8.0526598039 
 8.0493193034 8.0510397702 8.0527001017 
 8.0493468176 8.0510731025 8.0527390834 
 8.0493726655 8.0511047011 8.0527762794 
 8.0493966025 8.0511342655 8.0528113353 
 8.0494184954 8.0511616076 8.0528440093 
 8.0494383162 8.0511866457 8.0528741671 
 8.0494561322 8.0512093951 8.0529017726 
 8.0494720931 8.0512299555 8.0529268760 
 8.0494864160 8.0512484966 8.0529495996 
 8.0494993686 8.0512652419 8.0529701225 
 8.0495112503 8.0512804503 8.0529886625 
 8.0495223740 8.0512943986 8.0530054596 
 8.0495330468 8.0513073625 8.0530207572 
 8.0495435518 8.0513195992 8.0530347855 
 8.0495541311 8.0513313309 8.0530477452 
 8.0495649707 8.0513427297 8.0530597932 
 8.0495761880 8.0513539055 8.0530710310 
 8.0495878221 8.0513648969 8.0530814951 
 8.0495998279 8.0513756650 8.0530911513 
 8.0496120736 8.0513860910 8.0530998927 
 8.0496243424 8.0513959777 8.0531075404 
 8.0496363381 8.0514050549 8.0531138489 
 8.0496476940 8.0514129878 8.0531185146 
 8.0496579854 8.0514193893 8.0531211869 
 8.0496667452 8.0514238349 8.0531214828 
 8.0496734812 8.0514258797 8.0531190035 
 8.0496776961 8.0514250768 8.0531133519 
 8.0496789074 8.0514209975 8.0531041521 
 8.0496766683 8.0514132512 8.0530910682 
 8.0496705883 8.0514015049 8.0530738238 
 8.0496603529 8.0513855024 8.0530522196 
 8.0496457411 8.0513650812 8.0530261504 
 8.0496266412 8.0513401877 8.0529956192 
 8.0496030643 8.0513108902 8.0529607499 
 8.0495751534 8.0512773873 8.0529217954 
 8.0495431895 8.0512400144 8.0528791433 
 8.0495075931 8.0511992439 8.0528333168 
 8.0494689204 8.0511556823 8.0527849709 
 8.0494278546 8.0511100611 8.0527348835 
 8.0493851914 8.0510632219 8.0526839407 
 8.0493418191 8.0510160965 8.0526331163 
 8.0492986920 8.0509696804 8.0525834457 
 8.0492568002 8.0509250017 8.0525359942 
 8.0492171346 8.0508830858 8.0524918207 
 8.0491806489 8.0508449166 8.0524519388 
 8.0491482217 8.0508113972 8.0524172764 
 8.0491206193 8.0507833126 8.0523886371 
 8.0490984633 8.0507612952 8.0523666647 
 8.0490822036 8.0507457977 8.0523518156 
 8.0490721005 8.0507370743 8.0523443392 
 8.0490682163 8.0507351722 8.0523442691 
 8.0490704173 8.0507399339 8.0523514255 
 8.0490783859 8.0507510100 8.0523654292 
 8.0490916420 8.0507678813 8.0523857242 
 8.0491095710 8.0507898886 8.0524116090 
 8.0491314575 8.0508162669 8.0524422717 
 8.0491565207 8.0508461827 8.0524768290 
 8.0491839506 8.0508787711 8.0525143634 
 8.0492129421 8.0509131704 8.0525539599 
 8.0492427257 8.0509485538 8.0525947372 
 8.0492725932 8.0509841558 8.0526358750 
 8.0493019197 8.0510192938 8.0526766358 
 8.0493301778 8.0510533833 8.0527163803 
 8.0493569490 8.0510859487 8.0527545782 
 8.0493819273 8.0511166280 8.0527908131 
 8.0494049203 8.0511451731 8.0528247829 
 8.0494258444 8.0511714462 8.0528562966 
 8.0494447170 8.0511954116 8.0528852665 
 8.0494616452 8.0512171253 8.0529116979 
 8.0494768120 8.0512367213 8.0529356763 
 8.0494904599 8.0512543964 8.0529573523 
 8.0495028736 8.0512703925 8.0529769251 
 8.0495143613 8.0512849793 8.0529946249 
 8.0495252353 8.0512984351 8.0530106955 
 8.0495357939 8.0513110295 8.0530253762 
 8.0495463035 8.0513230053 8.0530388856 
 8.0495569817 8.0513345633 8.0530514058 
 8.0495679845 8.0513458482 8.0530630695 
 8.0495793939 8.0513569381 8.0530739490 
 8.0495912106 8.0513678362 8.0530840488 
 8.0496033497 8.0513784667 8.0530933010 
 8.0496156396 8.0513886742 8.0531015651 
 8.0496278259 8.0513982270 8.0531086307 
 8.0496395784 8.0514068235 8.0531142242 
 8.0496505019 8.0514141033 8.0531180185 
 8.0496601500 8.0514196599 8.0531196461 
 8.0496680417 8.0514230570 8.0531187147 
 8.0496736798 8.0514238464 8.0531148236 
 8.0496765712 8.0514215871 8.0531075833 
 8.0496762472 8.0514158654 8.0530966338 
 8.0496722847 8.0514063148 8.0530816643 
 8.0496643256 8.0513926354 8.0530624319 
 8.0496520965 8.0513746123 8.0530387785 
 8.0496354249 8.0513521313 8.0530106474 
 8.0496142544 8.0513251938 8.0529780958 
 8.0495886559 8.0512939272 8.0529413062 
 8.0495588356 8.0512585928 8.0529005934 
 8.0495251390 8.0512195892 8.0528564076 
 8.0494880499 8.0511774516 8.0528093336 
 8.0494481845 8.0511328455 8.0527600845 
 8.0494062801 8.0510865553 8.0527094902 
 8.0493631778 8.0510394671 8.0526584803 
 8.0493198000 8.0509925456 8.0526080605 
 8.0492771216 8.0509468056 8.0525592841 
 8.0492361375 8.0509032785 8.0525132183 
 8.0491978261 8.0508629753 8.0524709059 
 8.0491631113 8.0508268474 8.0524333259 
 8.0491328240 8.0507957480 8.0524013535 
 8.0491076677 8.0507703955 8.0523757225 
 8.0490881873 8.0507513422 8.0523569932 
 8.0490747471 8.0507389509 8.0523455282 
 8.0490675163 8.0507333807 8.0523414776 
 8.0490664659 8.0507345834 8.0523447756 
 8.0490713753 8.0507423108 8.0523551482 
 8.0490818488 8.0507561317 8.0523721311 
 8.0490973403 8.0507754586 8.0523950971 
 8.0491171845 8.0507995788 8.0524232891 
 8.0491406314 8.0508276912 8.0524558575 
 8.0491668825 8.0508589435 8.0524918987 
 8.0491951259 8.0508924679 8.0525304921 
 8.0492245695 8.0509274154 8.0525707347 
 8.0492544692 8.0509629847 8.0526117705 
 8.0492841532 8.0509984461 8.0526528150 
 8.0493130400 8.0510331610 8.0526931746 
 8.0493406517 8.0510665942 8.0527322594 
 8.0493666214 8.0510983223 8.0527695914 
 8.0493906959 8.0511280361 8.0528048071 
 8.0494127339 8.0511555393 8.0528376567 
 8.0494326997 8.0511807424 8.0528679979 
 8.0494506537 8.0512036537 8.0528957874 
 8.0494667400 8.0512243669 8.0529210694 
 8.0494811711 8.0512430472 8.0529439615 
 8.0494942115 8.0512599144 8.0529646389 
 8.0495061589 8.0512752256 8.0529833172 
 8.0495173259 8.0512892567 8.0530002352 
 8.0495280207 8.0513022843 8.0530156369 
 8.0495385289 8.0513145677 8.0530297539 
 8.0495490963 8.0513263321 8.0530427899 
 8.0495599137 8.0513377541 8.0530549056 
 8.0495711040 8.0513489487 8.0530662070 
 8.0495827126 8.0513599601 8.0530767358 
 8.0495947008 8.0513707555 8.0530864634 
 8.0496069436 8.0513812221 8.0530952884 
 8.0496192305 8.0513911687 8.0531030371 
 8.0496312709 8.0514003300 8.0531094691 
 8.0496427030 8.0514083760 8.0531142844 
 8.0496531060 8.0514149230 8.0531171357 
 8.0496620153 8.0514195486 8.0531176418 
 8.0496689400 8.0514218086 8.0531154044 
 8.0496733822 8.0514212556 8.0531100254 
 8.0496748574 8.0514174587 8.0531011265 
 8.0496729153 8.0514100236 8.0530883680 
 8.0496671604 8.0513986119 8.0530714681 
 8.0496572713 8.0513829609 8.0530502210 
 8.0496430192 8.0513629001 8.0530245135 
 8.0496242835 8.0513383672 8.0529943398 
 8.0496010652 8.0513094204 8.0529598140 
 8.0495734971 8.0512762481 8.0529211788 
 8.0495418492 8.0512391749 8.0528788113 
 8.0495065312 8.0511986628 8.0528332241 
 8.0494680891 8.0511553081 8.0527850625 
 8.0494271967 8.0511098329 8.0527350951 
 8.0493846418 8.0510630711 8.0526842003 
 8.0493413060 8.0510159483 8.0526333460 
 8.0492981396 8.0509694559 8.0525835639 
 8.0492561312 8.0509246209 8.0525359179 
 8.0492162727 8.0508824699 8.0524914689 
 8.0491795220 8.0508439914 8.0524512352 
 8.0491467647 8.0508100960 8.0524161527 
 8.0491187769 8.0507815790 8.0523870356 
 8.0490961922 8.0507590855 8.0523645412 
 8.0490794746 8.0507430827 8.0523491410 
 8.0490688992 8.0507338406 8.0523411007 
 8.0490645437 8.0507314222 8.0523404704 
 8.0490662892 8.0507356855 8.0523470866 
 8.0490738315 8.0507462952 8.0523605847 
 8.0490867022 8.0507627443 8.0523804213 
 8.0491042961 8.0507843832 8.0524059049 
 8.0491259043 8.0508104539 8.0524362310 
 8.0491507500 8.0508401270 8.0524705204 
 8.0491780242 8.0508725389 8.0525078571 
 8.0492069206 8.0509068264 8.0525473249 
 8.0492366660 8.0509421595 8.0525880390 
 8.0492665470 8.0509777671 8.0526291738 
 8.0492959316 8.0510129598 8.0526699848 
 8.0493242850 8.0510471454 8.0527098251 
 8.0493511799 8.0510798397 8.0527481558 
 8.0493763020 8.0511106722 8.0527845518 
 8.0493994504 8.0511393863 8.0528187026 
 8.0494205334 8.0511658360 8.0528504088 
 8.0494395612 8.0511899781 8.0528795753 
 8.0494566346 8.0512118624 8.0529062010 
 8.0494719315 8.0512316174 8.0529303656 
 8.0494856904 8.0512494358 8.0529522155 
 8.0494981936 8.0512655567 8.0529719468 
 8.0495097480 8.0512802483 8.0529897880 
 8.0495206667 8.0512937893 8.0530059826 
 8.0495312495 8.0513064502 8.0530207710 
 8.0495417659 8.0513184768 8.0530343738 
 8.0495524379 8.0513300735 8.0530469765 
 8.0495634264 8.0513413897 8.0530587161 
 8.0495748197 8.0513525091 8.0530696696 
 8.0495866248 8.0513634406 8.0530798471 
 8.0495987632 8.0513741146 8.0530891862 
 8.0496110701 8.0513843817 8.0530975520 
 8.0496232971 8.0513940158 8.0531047390 
 8.0496351195 8.0514027203 8.0531104782 
 8.0496461463 8.0514101388 8.0531144461 
 8.0496559346 8.0514158676 8.0531162778 
 8.0496640051 8.0514194721 8.0531155820 
 8.0496698614 8.0514205042 8.0531119581 
 8.0496730090 8.0514185216 8.0531050149 
 8.0496729767 8.0514131076 8.0530943894 
 8.0496693367 8.0514038914 8.0530797663 
 8.0496617256 8.0513905672 8.0530608966 
 8.0496498624 8.0513729128 8.0530376151 
 8.0496335664 8.0513508058 8.0530098567 
 8.0496127717 8.0513242381 8.0529776694 
 8.0495875390 8.0512933270 8.0529412258 
 8.0495580639 8.0512583232 8.0529008301 
 8.0495246811 8.0512196149 8.0528569220 
 8.0494878636 8.0511777266 8.0528100762 
 8.0494482180 8.0511333143 8.0527609961 
 8.0494064726 8.0510871536 8.0527105031 
 8.0493634612 8.0510401235 8.0526595198 
 8.0493201008 8.0509931834 8.0526090470 
 8.0492773633 8.0509473455 8.0525601354 
 8.0492362432 8.0509036409 8.0525138522 
 8.0491977215 8.0508630835 8.0524712436 
 8.0491627274 8.0508266307 8.0524332946 
 8.0491321003 8.0507951444 8.0524008898 
 8.0491065544 8.0507693544 8.0523747749 
 8.0490866478 8.0507498266 8.0523555244 
 8.0490727591 8.0507369391 8.0523435168 
 8.0490650726 8.0507308667 8.0523389187 
 8.0490635746 8.0507315770 8.0523416806 
 8.0490680585 8.0507388366 8.0523515441 
 8.0490781415 8.0507522277 8.0523680586 
 8.0490932879 8.0507711736 8.0523906083 
 8.0491128405 8.0507949701 8.0524184448 
 8.0491360546 8.0508228217 8.0524507245 
 8.0491621341 8.0508538786 8.0524865465 
 8.0491902672 8.0508872733 8.0525249904 
 8.0492196593 8.0509221543 8.0525651509 
 8.0492495618 8.0509577157 8.0526061674 
 8.0492792968 8.0509932219 8.0526472495 
 8.0493082754 8.0510280267 8.0526876961 
 8.0493360115 8.0510615869 8.0527269091 
 8.0493621298 8.0510934704 8.0527644018 
 8.0493863685 8.0511233595 8.0527998022 
 8.0494085780 8.0511510493 8.0528328520 
 8.0494287147 8.0511764426 8.0528634009 
 8.0494468324 8.0511995407 8.0528913987 
 8.0494630693 8.0512204314 8.0529168833 
 8.0494776335 8.0512392751 8.0529399674 
 8.0494907859 8.0512562879 8.0529608223 
 8.0495028226 8.0512717250 8.0529796614 
 8.0495140558 8.0512858614 8.0529967224 
 8.0495247947 8.0512989745 8.0530122494 
 8.0495353274 8.0513113255 8.0530264759 
 8.0495459033 8.0513231429 8.0530396080 
 8.0495567179 8.0513346074 8.0530518104 
 8.0495678998 8.0513458392 8.0530631936 
 8.0495795005 8.0513568883 8.0530738045 
 8.0495914882 8.0513677277 8.0530836201 
 8.0496037441 8.0513782510 8.0530925445 
 8.0496160644 8.0513882727 8.0531004095 
 8.0496281642 8.0513975331 8.0531069794 
 8.0496396868 8.0514057064 8.0531119586 
 8.0496502153 8.0514124128 8.0531150028 
 8.0496592880 8.0514172321 8.0531157328 
 8.0496664150 8.0514197211 8.0531137508 
 8.0496710985 8.0514194320 8.0531086581 
 8.0496728519 8.0514159318 8.0531000743 
 8.0496712217 8.0514088225 8.0530876557 
 8.0496658072 8.0513977609 8.0530711156 
 8.0496562807 8.0513824776 8.0530502415 
 8.0496424057 8.0513627945 8.0530249126 
 8.0496240527 8.0513386404 8.0529951143 
 8.0496012130 8.0513100638 8.0529609510 
 8.0495740086 8.0512772429 8.0529226554 
 8.0495426992 8.0512404916 8.0528805939 
 8.0495076837 8.0512002612 8.0528352690 
 8.0494694976 8.0511571382 8.0527873157 
 8.0494288055 8.0511118352 8.0527374937 
 8.0493863868 8.0510651782 8.0526866735 
 8.0493431167 8.0510180864 8.0526358169 
 8.0492999414 8.0509715473 8.0525859517 
 8.0492578475 8.0509265861 8.0525381405 
 8.0492178278 8.0508842308 8.0524934456 
 8.0491808442 8.0508454741 8.0524528900 
 8.0491477891 8.0508112340 8.0524174173 
 8.0491194481 8.0507823156 8.0523878522 
 8.0490964668 8.0507593767 8.0523648651 
 8.0490793228 8.0507428988 8.0523489426 
 8.0490683062 8.0507331675 8.0523403665 
 8.0490635097 8.0507302617 8.0523392035 
 8.0490648293 8.0507340548 8.0523453061 
 8.0490719743 8.0507442256 8.0523583245 
 8.0490844880 8.0507602792 8.0523777279 
 8.0491017746 8.0507815759 8.0524028350 
 8.0491231317 8.0508073648 8.0524328487 
 8.0491477867 8.0508368206 8.0524668940 
 8.0491749318 8.0508690808 8.0525040567 
 8.0492037592 8.0509032815 8.0525434192 
 8.0492334924 8.0509385888 8.0525840934 
 8.0492634126 8.0509742266 8.0526252484 
 8.0492928809 8.0510094984 8.0526661330 
 8.0493213548 8.0510438042 8.0527060921 
 8.0493483985 8.0510766515 8.0527445786 
 8.0493736890 8.0511076609 8.0527811584 
 8.0493970169 8.0511365673 8.0528155125 
 8.0494182824 8.0511632163 8.0528474334 
 8.0494374884 8.0511875576 8.0528768182 
 8.0494547293 8.0512096340 8.0529036590 
 8.0494701775 8.0512295688 8.0529280301 
 8.0494840677 8.0512475503 8.0529500732 
 8.0494966795 8.0512638148 8.0529699815 
 8.0495083187 8.0512786291 8.0529879815 
 8.0495192986 8.0512922715 8.0530043164 
 8.0495299208 8.0513050142 8.0530192273 
 8.0495404577 8.0513171053 8.0530329372 
 8.0495511356 8.0513287529 8.0530456347 
 8.0495621207 8.0513401113 8.0530574609 
 8.0495735069 8.0513512694 8.0530684979 
 8.0495853080 8.0513622422 8.0530787611 
 8.0495974521 8.0513729663 8.0530881939 
 8.0496097808 8.0513832982 8.0530966667 
 8.0496220522 8.0513930177 8.0531039795 
 8.0496339469 8.0514018332 8.0531098676 
 8.0496450788 8.0514093923 8.0531140115 
 8.0496550082 8.0514152948 8.0531160489 
 8.0496632581 8.0514191076 8.0531155900 
 8.0496693327 8.0514203830 8.0531122342 
 8.0496727366 8.0514186775 8.0531055888 
 8.0496729961 8.0514135719 8.0530952881 
 8.0496696793 8.0514046909 8.0530810124 
 8.0496624171 8.0513917233 8.0530625069 
 