0.1264003301 0.1232972586 0.1199314314 
 0.1262266032 0.1230965795 0.1197013418 
 0.1261503437 0.1230082375 0.1195998028 
 0.1261734493 0.1230342235 0.1196289044 
 0.1262955019 0.1231740976 0.1197881837 
 0.1265137729 0.1234249939 0.1200746292 
 0.1268232535 0.1237816517 0.1204827116 
 0.1272167121 0.1242364740 0.1210044415 
 0.1276847758 0.1247796138 0.1216294569 
 0.1282160385 0.1253990875 0.1223451398 
 0.1287971906 0.1260809155 0.1231367659 
 0.1294131706 0.1268092874 0.1239876827 
 0.1300473323 0.1275667492 0.1248795175 
 0.1306816251 0.1283344061 0.1257924056 
 0.1312967799 0.1290921358 0.1267052350 
 0.1318724942 0.1298188030 0.1275958968 
 0.1323876110 0.1304924686 0.1284415307 
 0.1328202833 0.1310905848 0.1292187573 
 0.1331481198 0.1315901693 0.1299038872 
 0.1333483077 0.1319679532 0.1304731005 
 0.1333977092 0.1322005002 0.1309025916 
 0.1332729343 0.1322642964 0.1311686807 
 0.1329503928 0.1321358153 0.1312478925 
 0.1324063361 0.1317915656 0.1311170127 
 0.1316169074 0.1312081389 0.1307531341 
 0.1305582273 0.1303622813 0.1301337166 
 0.1292065622 0.1292310277 0.1292366911 
 0.1275386354 0.1277919527 0.1280406564 
 0.1255321685 0.1260236115 0.1265252287 
 0.1231667537 0.1239062605 0.1246716215 
 0.1204251656 0.1214229551 0.1224635430 
 0.1172952020 0.1185611131 0.1198884908 
 0.1137720800 0.1153145840 0.1169394951 
 0.1098612967 0.1116861764 0.1136172919 
 0.1055816845 0.1076904463 0.1099327934 
 0.1009681763 0.1033563691 0.1059095725 
 0.0960736104 0.0987293338 0.1015859146 
 0.0909688367 0.0938718037 0.0970158772 
 0.0857405542 0.0888620610 0.0922688078 
 0.0804867300 0.0837907557 0.0874269633 
 0.0753100602 0.0787554761 0.0825812478 
 0.0703105096 0.0738540968 0.0778255589 
 0.0655782782 0.0691780406 0.0732506241 
 0.0611884330 0.0648066377 0.0689383795 
 0.0571979734 0.0608034598 0.0649577994 
 0.0536454600 0.0572149838 0.0613626985 
 0.0505527890 0.0540714012 0.0581915564 
 0.0479283798 0.0513890191 0.0554690128 
 0.0457709972 0.0491735508 0.0532084619 
 0.0440735644 0.0474236506 0.0514151390 
 0.0428265392 0.0461342068 0.0500891854 
 0.0420206306 0.0452990960 0.0492283315 
 0.0416487822 0.0449132537 0.0488299836 
 0.0417074316 0.0449740176 0.0488926098 
 0.0421970820 0.0454817452 0.0494163856 
 0.0431222098 0.0464397141 0.0504030902 
 0.0444905051 0.0478533043 0.0518552540 
 0.0463114153 0.0497284537 0.0537745749 
 0.0485939603 0.0520693937 0.0561596564 
 0.0513438266 0.0548757324 0.0590031976 
 0.0545598491 0.0581390664 0.0622888882 
 0.0582301556 0.0618394684 0.0659884120 
 0.0623284607 0.0659423846 0.0700591032 
 0.0668112012 0.0703966153 0.0744428686 
 0.0716162968 0.0751340587 0.0790669019 
 0.0766642051 0.0800716891 0.0838464446 
 0.0818615577 0.0851158143 0.0886894157 
 0.0871070689 0.0901681063 0.0935022659 
 0.0922987985 0.0951324155 0.0981960854 
 0.0973414621 0.0999211688 0.1026919324 
 0.1021524960 0.1044602942 0.1069245964 
 0.1066659825 0.1086920605 0.1108444370 
 0.1108341527 0.1125757641 0.1144173979 
 0.1146267517 0.1160866438 0.1176236243 
 0.1180289080 0.1192136475 0.1204552486 
 0.1210382400 0.1219566897 0.1229138809 
 0.1236618246 0.1243239139 0.1250082062 
 0.1259134543 0.1263292852 0.1267519276 
 0.1278113946 0.1279906639 0.1281621510 
 0.1293766975 0.1293283796 0.1292582095 
 0.1306320219 0.1303642468 0.1300608623 
 0.1316008623 0.1311209312 0.1305917870 
 0.1323070803 0.1316215693 0.1308732791 
 0.1327746385 0.1318895546 0.1309280857 
 0.1330274593 0.1319484243 0.1307793162 
 0.1330893513 0.1318217962 0.1304503886 
 0.1329839624 0.1315333216 0.1299649799 
 0.1327347342 0.1311066317 0.1293469630 
 0.1323648438 0.1305652644 0.1286203168 
 0.1318971222 0.1299325642 0.1278090025 
 0.1313539481 0.1292315519 0.1269368053 
 0.1307571165 0.1284847662 0.1260271428 
 0.1301276844 0.1277140798 0.1251028444 
 0.1294857999 0.1269404973 0.1241859119 
 0.1288505187 0.1261839413 0.1232972675 
 0.1282396162 0.1254630348 0.1224565024 
 0.1276694016 0.1247948891 0.1216816344 
 0.1271545394 0.1241949039 0.1209888834 
 0.1267078857 0.1236765851 0.1203924723 
 0.1263403420 0.1232513866 0.1199044564 
 0.1260607315 0.1229285772 0.1195345845 
 0.1258756985 0.1227151353 0.1192901909 
 0.1257896335 0.1226156707 0.1191761178 
 0.1258046235 0.1226323745 0.1191946655 
 0.1259204290 0.1227649945 0.1193455690 
 0.1261344866 0.1230108388 0.1196260006 
 0.1264419375 0.1233648043 0.1200305985 
 0.1268356832 0.1238194334 0.1205515217 
 0.1273064652 0.1243649980 0.1211785343 
 0.1278429717 0.1249896107 0.1218991205 
 0.1284319670 0.1256793649 0.1226986307 
 0.1290584421 0.1264184987 0.1235604599 
 0.1297057838 0.1271895832 0.1244662544 
 0.1303559555 0.1279737262 0.1253961416 
 0.1309896861 0.1287507887 0.1263289778 
 0.1315866587 0.1294996029 0.1272426021 
 0.1321256927 0.1301981863 0.1281140879 
 0.1325849138 0.1308239419 0.1289199815 
 0.1329419038 0.1313538381 0.1296365175 
 0.1331738281 0.1317645625 0.1302398054 
 0.1332575376 0.1320326463 0.1307059812 
 0.1331696444 0.1321345590 0.1310113236 
 0.1328865773 0.1320467766 0.1311323382 
 0.1323846244 0.1317458315 0.1310458155 
 0.1316399815 0.1312083599 0.1307288786 
 0.1306288321 0.1304111680 0.1301590384 
 0.1293275022 0.1293313567 0.1293142907 
 0.1277127508 0.1279465540 0.1281732969 
 0.1257622763 0.1262353260 0.1267157089 
 0.1234555399 0.1241778542 0.1249227117 
 0.1207750124 0.1217569752 0.1227778695 
 0.1177079371 0.1189596715 0.1202683553 
 0.1142486438 0.1157790605 0.1173866195 
 0.1104013404 0.1122168480 0.1141324880 
 0.1061831372 0.1082860705 0.1105155768 
 0.1016268516 0.1040137745 0.1065577602 
 0.0967829442 0.0994431017 0.1022952733 
 0.0917198595 0.0946341344 0.0977799077 
 0.0865221709 0.0896629096 0.0930787499 
 0.0812863239 0.0846182775 0.0882720773 
 0.0761143521 0.0795967505 0.0834493768 
 0.0711065332 0.0746960265 0.0787039045 
 0.0663542950 0.0700082718 0.0741266152 
 0.0619346344 0.0656143435 0.0698004872 
 0.0579068766 0.0615798726 0.0657961707 
 0.0543119887 0.0579536292 0.0621695338 
 0.0511740908 0.0547680556 0.0589612167 
 0.0485034701 0.0520414575 0.0561978975 
 0.0463003210 0.0497811712 0.0538947253 
 0.0445585509 0.0479870523 0.0520583208 
 0.0432691987 0.0466547811 0.0506898191 
 0.0424232179 0.0457786656 0.0497875758 
 0.0420135340 0.0453537768 0.0493493030 
 0.0420363742 0.0453773609 0.0493735165 
 0.0424919018 0.0458495212 0.0498602460 
 0.0433841785 0.0467731785 0.0508109940 
 0.0447204553 0.0481533086 0.0522279435 
 0.0465097635 0.0499954515 0.0541124343 
 0.0487607797 0.0523035007 0.0564627597 
 0.0514789701 0.0550768404 0.0592714146 
 0.0546631219 0.0583070080 0.0625220435 
 0.0583015284 0.0619742218 0.0661864819 
 0.0623683036 0.0660442965 0.0702224288 
 0.0668205045 0.0704666092 0.0745723502 
 0.0715968355 0.0751737868 0.0791641359 
 0.0766186050 0.0800835899 0.0839137701 
 0.0817932341 0.0851030539 0.0887298523 
 0.0870200374 0.0901344045 0.0935193505 
 0.0921973891 0.0950817900 0.0981936370 
 0.0972299933 0.0998576452 0.1026737918 
 0.1020349704 0.1043876371 0.1068943844 
 0.1065458538 0.1086135660 0.1108053671 
 0.1107141879 0.1124941328 0.1143721581 
 0.1145089884 0.1160039342 0.1175743269 
 0.1179146854 0.1191312923 0.1204034342 
 0.1209282770 0.1218755532 0.1228605589 
 0.1235563202 0.1242443696 0.1249539146 
 0.1258121884 0.1262512975 0.1266967984 
 0.1277138199 0.1279138643 0.1281059737 
 0.1292820164 0.1292521319 0.1292004873 
 0.1305392472 0.1302877017 0.1300008611 
 0.1315088655 0.1310430711 0.1305285772 
 0.1322146288 0.1315412446 0.1308057719 
 0.1326804265 0.1318055159 0.1308550661 
 0.1329301343 0.1318593516 0.1306994748 
 0.1329875379 0.1317263257 0.1303623517 
 0.1328762857 0.1314300734 0.1298673411 
 0.1326198430 0.1309942370 0.1292383151 
 0.1322414340 0.1304423936 0.1284992842 
 0.1317639605 0.1297979549 0.1276742746 
 0.1312098957 0.1290840371 0.1267871691 
 0.1306011516 0.1283233012 0.1258615142 
 0.1299589245 0.1275377675 0.1249202980 
 0.1293035212 0.1267486113 0.1239857062 
 0.1286541739 0.1259759454 0.1230788676 
 0.1280288491 0.1252385995 0.1222195970 
 0.1274440586 0.1245539037 0.1214261484 
 0.1269146776 0.1239374844 0.1207149857 
 0.1264537776 0.1234030789 0.1201005790 
 0.1260724772 0.1229623728 0.1195952301 
 0.1257798152 0.1226248640 0.1192089302 
 0.1255826470 0.1223977546 0.1189492493 
 0.1254855676 0.1222858703 0.1188212562 
 0.1254908594 0.1222916074 0.1188274667 
 0.1255984667 0.1224149071 0.1189678187 
 0.1258059969 0.1226532562 0.1192396724 
 0.1261087466 0.1230017139 0.1196378370 
 0.1264997554 0.1234529665 0.1201546233 
 0.1269698845 0.1239974094 0.1207799258 
 0.1275079218 0.1246232569 0.1215013347 
 0.1281007104 0.1253166802 0.1223042809 
 0.1287332994 0.1260619720 0.1231722125 
 0.1293891127 0.1268417334 0.1240868010 
 0.1300501320 0.1276370803 0.1250281725 
 0.1306970867 0.1284278606 0.1259751571 
 0.1313096461 0.1291928763 0.1269055462 
 0.1318666043 0.1299101011 0.1277963486 
 0.1323460545 0.1305568848 0.1286240343 
 0.1327255426 0.1311101385 0.1293647558 
 0.1329821990 0.1315464932 0.1299945402 
 0.1330928443 0.1318424286 0.1304894466 
 0.1330340687 0.1319743724 0.1308256876 
 0.1327822899 0.1319187711 0.1309797169 
 0.1323137969 0.1316521426 0.1309282900 
 0.1316047976 0.1311511222 0.1306485124 
 0.1306314942 0.1303925272 0.1301178928 
 0.1293702293 0.1293534727 0.1293144344 
 0.1277977594 0.1280115912 0.1282168037 
 0.1258917362 0.1263454213 0.1268046376 
 0.1236314930 0.1243350530 0.1250590585 
 0.1209992423 0.1219631240 0.1229634824 
 0.1179817800 0.1192162557 0.1205048008 
 0.1145727364 0.1160869838 0.1176749943 
 0.1107753152 0.1125761553 0.1144731766 
 0.1066052940 0.1086956366 0.1109079668 
 0.1020938554 0.1044709985 0.1069999476 
 0.0972896228 0.0999436678 0.1027838048 
 0.0922591773 0.0951719116 0.0983096246 
 0.0870854386 0.0902300541 0.0936427956 
 0.0818636581 0.0852055695 0.0888621119 
 0.0766953359 0.0801941452 0.0840560016 
 0.0716809724 0.0752933407 0.0793172490 
 0.0669129342 0.0705958907 0.0747369943 
 0.0624697105 0.0661838267 0.0703990205 
 0.0584124381 0.0621243682 0.0663752650 
 0.0547839663 0.0584680583 0.0627231710 
 0.0516101608 0.0552490828 0.0594850365 
 0.0489027787 0.0524872980 0.0566891031 
 0.0466631425 0.0501913004 0.0543518664 
 0.0448859387 0.0483618792 0.0524810108 
 0.0435626696 0.0469953331 0.0510784367 
 0.0426844899 0.0460863114 0.0501429862 
 0.0422443236 0.0456300024 0.0496726198 
 0.0422382515 0.0456236010 0.0496659138 
 0.0426661970 0.0460670440 0.0501228225 
 0.0435319338 0.0469630192 0.0510446881 
 0.0448424177 0.0483162484 0.0524334972 
 0.0466064167 0.0501320384 0.0542904026 
 0.0488324140 0.0524141122 0.0566135639 
 0.0515257899 0.0551617836 0.0593954352 
 0.0546853870 0.0583666536 0.0626197442 
 0.0582997194 0.0620091582 0.0662585522 
 0.0623432924 0.0660554862 0.0702699239 
 0.0667737036 0.0704555195 0.0745968019 
 0.0715302923 0.0751424652 0.0791676097 
 0.0765350126 0.0800346610 0.0838988479 
 0.0816958418 0.0850396264 0.0886995369 
 0.0869124692 0.0900599003 0.0934769052 
 0.0920833996 0.0949997248 0.0981423889 
 0.0971132093 0.0997714026 0.1026169350 
 0.1019186649 0.1043002758 0.1068348161 
 0.1064327866 0.1085276864 0.1107455748 
 0.1106065277 0.1124118123 0.1143141656 
 0.1144083072 0.1159267232 0.1175196894 
 0.1178220086 0.1190602549 0.1203532709 
 0.1208441633 0.1218113330 0.1228156057 
 0.1234809520 0.1241872635 0.1249145839 
 0.1257454577 0.1262013272 0.1266632370 
 0.1276554014 0.1278708365 0.1280781136 
 0.1292314257 0.1292156881 0.1291780872 
 0.1304958843 0.1302573556 0.1299835388 
 0.1314720461 0.1310182367 0.1305158354 
 0.1321836069 0.1315212572 0.1307970175 
 0.1326544102 0.1317896482 0.1308496265 
 0.1329082983 0.1318468267 0.1306966115 
 0.1329690338 0.1317163291 0.1303612738 
 0.1328602513 0.1314217637 0.1298672175 
 0.1326054119 0.1309867575 0.1292382882 
 0.1322277448 0.1304348840 0.1284984840 
 0.1317501671 0.1297895636 0.1276718331 
 0.1311951776 0.1290739337 0.1267822357 
 0.1305847246 0.1283106895 0.1258532713 
 0.1299400513 0.1275218988 0.1249079759 
 0.1292815215 0.1267287956 0.1239685976 
 0.1286284339 0.1259515631 0.1230563401 
 0.1279988300 0.1252091108 0.1221911047 
 0.1274093029 0.1245188565 0.1213912402 
 0.1268748152 0.1238965203 0.1206733121 
 0.1264085293 0.1233559369 0.1200518954 
 0.1260216566 0.1229088914 0.1195393988 
 0.1257233290 0.1225649810 0.1191459194 
 0.1255204943 0.1223315055 0.1188791308 
 0.1254178368 0.1222133846 0.1187442012 
 0.1254177246 0.1222131048 0.1187437405 
 0.1255201831 0.1223306914 0.1188777745 
 0.1257228947 0.1225637090 0.1191437443 
 0.1260212247 0.1229072877 0.1195365322 
 0.1264082742 0.1233541768 0.1200485141 
 0.1268749581 0.1238948261 0.1206696402 
 0.1274101099 0.1245174957 0.1213875476 
 0.1280006101 0.1252083933 0.1221877038 
 0.1286315360 0.1259518386 0.1230535830 
 0.1292863318 0.1267304503 0.1239668726 
 0.1299469903 0.1275253522 0.1249077038 
 0.1305942447 0.1283163914 0.1258549014 
 0.1312077599 0.1290823602 0.1267862421 
 0.1317663197 0.1298012153 0.1276787112 
 0.1322480003 0.1304502829 0.1285087474 
 0.1326303261 0.1310064448 0.1292524657 
 0.1328904023 0.1314462984 0.1298858508 
 0.1330050210 0.1317462866 0.1303849160 
 0.1329507420 0.1318827979 0.1307258253 
 0.1327039510 0.1318322385 0.1308849826 
 0.1322409046 0.1315710847 0.1308390932 
 0.1315377768 0.1310759299 0.1305652114 
 0.1305707347 0.1303235481 0.1300407947 
 0.1293160829 0.1292910091 0.1292437931 
 0.1277505350 0.1279558960 0.1281528176 
 0.1258516909 0.1262966912 0.1267474437 
 0.1235988185 0.1242934175 0.1250087243 
 0.1209740448 0.1219286290 0.1229199928 
 0.1179640532 0.1191888421 0.1204680412 
 0.1145623280 0.1160664599 0.1176447286 
 0.1107718896 0.1125621666 0.1144490234 
 0.1066082956 0.1086876357 0.1108893751 
 0.1021024823 0.1044682225 0.1069861783 
 0.0973028190 0.0999451305 0.1027739242 
 0.0922756533 0.0951764192 0.0983025164 
 0.0871037263 0.0902362487 0.0936371955 
 0.0818821953 0.0852120001 0.0888566664 
 0.0767125725 0.0801993575 0.0840493442 
 0.0716954765 0.0752959725 0.0793080833 
 0.0669234822 0.0705947553 0.0747241710 
 0.0624753447 0.0661779707 0.0703815937 
 0.0584124862 0.0621130965 0.0663525216 
 0.0547780261 0.0584509274 0.0626946315 
 0.0515980599 0.0552258689 0.0594504314 
 0.0488845210 0.0524579504 0.0566483341 
 0.0466388521 0.0501558913 0.0543049618 
 0.0448558099 0.0483205565 0.0524280824 
 0.0435269269 0.0469482824 0.0510196440 
 0.0426433597 0.0460337292 0.0500785112 
 0.0421980176 0.0455720809 0.0496026535 
 0.0421869615 0.0455605239 0.0495906536 
 0.0426100985 0.0459989928 0.0500424805 
 0.0434711986 0.0468901886 0.0509595082 
 0.0447772340 0.0482388689 0.0523437807 
 0.0465370163 0.0500504063 0.0541965384 
 0.0487591034 0.0523286224 0.0565160615 
 0.0514489849 0.0550729642 0.0592949549 
 0.0546056450 0.0582751941 0.0625171199 
 0.0582177642 0.0619159282 0.0661547992 
 0.0622600255 0.0659615358 0.0701662259 
 0.0666901942 0.0703620558 0.0744944746 
 0.0714477429 0.0750508047 0.0790680411 
 0.0764547013 0.0799461603 0.0838034216 
 0.0816190474 0.0849556011 0.0886095514 
 0.0868403913 0.0899815468 0.0933935019 
 0.0920170905 0.0949280578 0.0980665022 
 0.0970535269 0.0997072197 0.1025492708 
 0.1018662548 0.1042441520 0.1067758587 
 0.1063880927 0.1084799952 0.1106956180 
 0.1105698231 0.1123727641 0.1142733566 
 0.1143797370 0.1158964130 0.1174880782 
 0.1178016344 0.1190387081 0.1203308558 
 0.1208320036 0.1217985455 0.1228023709 
 0.1234770139 0.1241832324 0.1249105278 
 0.1257497588 0.1262060708 0.1266683903 
 0.1276679839 0.1278844067 0.1280925489 
 0.1292523618 0.1292381743 0.1292019215 
 0.1305252768 0.1302888842 0.1300169318 
 0.1315100248 0.1310589659 0.1305589830 
 0.1322303223 0.1315713698 0.1308501436 
 0.1327100255 0.1318493424 0.1309129723 
 0.1329729801 0.1319163052 0.1307704241 
 0.1330429424 0.1317957886 0.1304457932 
 0.1329435303 0.1315113827 0.1299626641 
 0.1326981781 0.1310866850 0.1293448493 
 0.1323300782 0.1305452278 0.1286163005 
 0.1318621011 0.1299103796 0.1278009875 
 0.1313166899 0.1292052154 0.1269227406 
 0.1307157295 0.1284523591 0.1260050591 
 0.1300803920 0.1276737991 0.1250708907 
 0.1294309648 0.1268906845 0.1241423893 
 0.1287866653 0.1261231086 0.1232406598 
 0.1281654507 0.1253898882 0.1223855026 
 0.1275838279 0.1247083470 0.1215951653 
 0.1270566725 0.1240941112 0.1208861129 
 0.1265970600 0.1235609223 0.1202728221 
 0.1262161165 0.1231204741 0.1197676059 
 0.1259228902 0.1227822751 0.1193804685 
 0.1257242474 0.1225535390 0.1191189941 
 0.1256247947 0.1224391031 0.1189882643 
 0.1256268259 0.1224413750 0.1189908065 
 0.1257302964 0.1225603058 0.1191265675 
 0.1259328240 0.1227933911 0.1193929144 
 0.1262297154 0.1231356981 0.1197846615 
 0.1266140198 0.1235799207 0.1202941239 
 0.1270766083 0.1241164616 0.1209112000 
 0.1276062786 0.1247335435 0.1216234856 
 0.1281898842 0.1254173468 0.1224164186 
 0.1288124847 0.1261521744 0.1232734564 
 0.1294575144 0.1269206386 0.1241762819 
 0.1301069643 0.1277038664 0.1251050342 
 0.1307415713 0.1284817156 0.1260385563 
 0.1313410088 0.1292329954 0.1269546509 
 0.1318840704 0.1299356822 0.1278303345 
 0.1323488419 0.1305671219 0.1286420778 
 0.1327128538 0.1311042128 0.1293660256 
 0.1329532109 0.1315235622 0.1299781855 
 0.1330466966 0.1318016132 0.1304545834 
 0.1329698508 0.1319147423 0.1307713822 
 0.1326990267 0.1318393288 0.1309049688 
 0.1322104349 0.1315518069 0.1308320134 
 0.1314801911 0.1310287122 0.1305295174 
 0.1304843951 0.1302467482 0.1299748689 
 0.1291992823 0.1291829071 0.1291459369 
 0.1276015078 0.1278146981 0.1280212486 
 0.1256686440 0.1261205508 0.1265803078 
 0.1233799911 0.1240804822 0.1248041300 
 0.1207178085 0.1216771235 0.1226760770 
 0.1176690599 0.1188971965 0.1201830761 
 0.1142277112 0.1157334897 0.1173172773 
 0.1103975128 0.1121873034 0.1140781452 
 0.1061950287 0.1082711941 0.1104748745 
 0.1016524648 0.1040116735 0.1065288728 
 0.0968196549 0.0994513315 0.1022758937 
 0.0917644725 0.0946497405 0.0977672789 
 0.0865710598 0.0896825396 0.0930697546 
 0.0813356455 0.0846383597 0.0882633854 
 0.0761603083 0.0796137186 0.0834376360 
 0.0711456335 0.0747065542 0.0786859466 
 0.0663835737 0.0700094755 0.0740996424 
 0.0619517859 0.0656039205 0.0697622090 
 0.0579102981 0.0615561576 0.0657448715 
 0.0543007372 0.0579155723 0.0621040699 
 0.0511477805 0.0547151408 0.0588809561 
 0.0484621395 0.0519735873 0.0561026224 
 0.0462442959 0.0496985419 0.0537845217 
 0.0444883226 0.0478900398 0.0519334732 
 0.0431853270 0.0465438486 0.0505507239 
 0.0423262636 0.0456542989 0.0496346804 
 0.0419040194 0.0452164483 0.0491830732 
 0.0419147704 0.0452275199 0.0491944312 
 0.0423586383 0.0456876094 0.0496688174 
 0.0432396745 0.0465996674 0.0506078098 
 0.0445651682 0.0479687556 0.0520137289 
 0.0463442542 0.0498005714 0.0538881257 
 0.0485857895 0.0520992467 0.0562295847 
 0.0512955031 0.0548644863 0.0590309663 
 0.0544725242 0.0580882187 0.0622763351 
 0.0581055478 0.0617510976 0.0659379662 
 0.0621691166 0.0658193735 0.0699739674 
 0.0666206919 0.0702428035 0.0743271241 
 0.0713992992 0.0749542782 0.0789255009 
 0.0764264277 0.0798716539 0.0836850714 
 0.0816094980 0.0849018661 0.0885142284 
 0.0868476331 0.0899468511 0.0933195598 
 0.0920388500 0.0949103180 0.0980119370 
 0.0970873839 0.0997041778 0.1025118876 
 0.1019098451 0.1042535612 0.1067534476 
 0.1064392819 0.1084997835 0.1106861097 
 0.1106268297 0.1124011551 0.1142749406 
 0.1144411974 0.1159319952 0.1174992758 
 0.1178666161 0.1190804599 0.1203505522 
 0.1208999810 0.1218458251 0.1228298157 
 0.1235478218 0.1242357459 0.1249453138 
 0.1258235377 0.1262638298 0.1267104205 
 0.1277451244 0.1279476834 0.1281419992 
 0.1293334551 0.1293074582 0.1292592030 
 0.1306110711 0.1303648425 0.1300826542 
 0.1316013890 0.1311424090 0.1306339209 
 0.1323282143 0.1316632195 0.1309352044 
 0.1328154651 0.1319506025 0.1310091656 
 0.1330870235 0.1320280340 0.1308788311 
 0.1331666581 0.1319190711 0.1305675363 
 0.1330779758 0.1316473041 0.1300988759 
 0.1328443760 0.1312363024 0.1294966405 
 0.1324889928 0.1307095427 0.1287847279 
 0.1320346150 0.1300903103 0.1279870220 
 0.1315035810 0.1294015704 0.1271272363 
 0.1309176490 0.1286658114 0.1262287239 
 0.1302978445 0.1279048629 0.1253142600 
 0.1296642896 0.1271396948 0.1244058031 
 0.1290360212 0.1263902038 0.1235242442 
 0.1284308030 0.1256749966 0.1226891555 
 0.1278649391 0.1250111770 0.1219185473 
 0.1273530956 0.1244141453 0.1212286419 
 0.1269081356 0.1238974147 0.1206336726 
 0.1265409720 0.1234724512 0.1201457107 
 0.1262604421 0.1231485392 0.1197745241 
 0.1260732066 0.1229326740 0.1195274669 
 0.1259836727 0.1228294825 0.1194094000 
 0.1259939443 0.1228411718 0.1194226399 
 0.1261037982 0.1229675047 0.1195669349 
 0.1263106862 0.1232058021 0.1198394677 
 0.1266097645 0.1235509729 0.1202348842 
 0.1269939489 0.1239955709 0.1207453503 
 0.1274539951 0.1245298791 0.1213606370 
 0.1279786061 0.1251420227 0.1220682368 
 0.1285545607 0.1258181082 0.1228535110 
 0.1291668652 0.1265423890 0.1236998684 
 0.1297989206 0.1272974514 0.1245889713 
 0.1304327033 0.1280644187 0.1255009653 
 0.1310489520 0.1288231651 0.1264147243 
 0.1316273545 0.1295525320 0.1273081021 
 0.1321467282 0.1302305390 0.1281581810 
 0.1325851870 0.1308345818 0.1289415067 
 0.1329202891 0.1313416086 0.1296343001 
 0.1331291622 0.1317282714 0.1302126405 
 0.1331886025 0.1319710471 0.1306526136 
 0.1330751495 0.1320463306 0.1309304256 
 0.1327651392 0.1319305007 0.1310224843 
 0.1322347475 0.1315999695 0.1309054569 
 0.1314600394 0.1310312304 0.1305563168 
 0.1304170537 0.1302009282 0.1299524027 
 0.1290819668 0.1290859904 0.1290715201 
 0.1274313985 0.1276638733 0.1278921344 
 0.1254429423 0.1259129945 0.1263937130 
 0.1230960251 0.1238134424 0.1245572974 
 0.1203732020 0.1213480607 0.1223663888 
 0.1172619788 0.1185039966 0.1198082308 
 0.1137571919 0.1152747566 0.1168755421 
 0.1098638601 0.1116627255 0.1135686820 
 0.1056002451 0.1076819589 0.1098981240 
 0.1010006456 0.1033608760 0.1058869559 
 0.0961172539 0.0987442957 0.1015729645 
 0.0910203395 0.0938941600 0.0970097452 
 0.0857961721 0.0888883514 0.0922662814 
 0.0805425177 0.0838173108 0.0874246223 
 0.0753621431 0.0787786517 0.0825756646 
 0.0703553527 0.0738705153 0.0778135111 
 0.0656129025 0.0691847954 0.0732292840 
 0.0612105466 0.0648014283 0.0689054495 
 0.0572060055 0.0607846419 0.0649115748 
 0.0536385099 0.0571815399 0.0613020587 
 0.0505305161 0.0540228526 0.0581158981 
 0.0478908657 0.0513253048 0.0553781476 
 0.0457186059 0.0490949000 0.0531025024 
 0.0440068191 0.0473304668 0.0512943916 
 0.0427460256 0.0460269752 0.0499540634 
 0.0419269297 0.0451783193 0.0490792943 
 0.0415424321 0.0447794161 0.0486675045 
 0.0415889150 0.0448275770 0.0487171713 
 0.0420668372 0.0453231485 0.0492285005 
 0.0429806619 0.0462694357 0.0502033451 
 0.0443381155 0.0476719025 0.0516443711 
 0.0461487475 0.0495366430 0.0535534876 
 0.0484217569 0.0518681267 0.0559295892 
 0.0511630928 0.0546662824 0.0587657419 
 0.0543719314 0.0579230985 0.0620460577 
 0.0580368025 0.0616190838 0.0657426621 
 0.0621318487 0.0657201212 0.0698133004 
 0.0666139106 0.0701753916 0.0742002005 
 0.0714212273 0.0749170561 0.0788307311 
 0.0764744348 0.0798621834 0.0836201225 
 0.0816801618 0.0849169796 0.0884760854 
 0.0869369289 0.0899828251 0.0933046888 
 0.0921424375 0.0949631306 0.0980165205 
 0.0972009353 0.0997697992 0.1025320864 
 0.1020293506 0.1043282246 0.1067856431 
 0.1065612845 0.1085801935 0.1107270927 
 0.1107485631 0.1124846146 0.1143220292 
 0.1145606288 0.1160164526 0.1175503662 
 0.1179824144 0.1191644917 0.1204041137 
 0.1210114368 0.1219285773 0.1228848494 
 0.1236547468 0.1243168555 0.1250012921 
 0.1259261617 0.1263433421 0.1267672207 
 0.1278440030 0.1280259752 0.1281998395 
 0.1294293923 0.1293851714 0.1293185854 
 0.1307050580 0.1304428298 0.1301443155 
 0.1316945552 0.1312216887 0.1306987906 
 0.1324217909 0.1317449388 0.1310043680 
 0.1329107534 0.1320360054 0.1310838316 
 0.1331853694 0.1321184327 0.1309603000 
 0.1332694279 0.1320158190 0.1306571699 
 0.1331865331 0.1317517683 0.1301980661 
 0.1329600591 0.1313498370 0.1296067782 
 0.1326130915 0.1308334613 0.1289071705 
 0.1321683472 0.1302258578 0.1281230608 
 0.1316480697 0.1295498959 0.1272780643 
 0.1310738999 0.1288279415 0.1263954050 
 0.1304667242 0.1280816769 0.1254977002 
 0.1298465066 0.1273319018 0.1246067246 
 0.1292321082 0.1265983234 0.1237431640 
 0.1286411026 0.1258993429 0.1229263680 
 0.1280895925 0.1252518467 0.1221741117 
 0.1275920345 0.1246710091 0.1215023749 
 0.1271610773 0.1241701135 0.1209251445 
 0.1268074182 0.1237603952 0.1204542463 
 0.1265396801 0.1234509103 0.1200992063 
 0.1263643134 0.1232484314 0.1198671438 
 0.1262855221 0.1231573709 0.1197626937 
 0.1263052161 0.1231797313 0.1197879580 
 0.1264229893 0.1233150836 0.1199424831 
 0.1266361243 0.1235605715 0.1202232654 
 0.1269396234 0.1239109432 0.1206247816 
 0.1273262652 0.1243586101 0.1211390479 
 0.1277866878 0.1248937338 0.1217557075 
 0.1283094952 0.1255043398 0.1224621492 
 0.1288813888 0.1261764583 0.1232436566 
 0.1294873176 0.1268942896 0.1240835876 
 0.1301106454 0.1276403906 0.1249635806 
 0.1307333305 0.1283958770 0.1258637837 
 0.1313361100 0.1291406353 0.1267630968 
 0.1318986843 0.1298535357 0.1276394203 
 0.1323998938 0.1305126398 0.1284698991 
 0.1328178823 0.1310953932 0.1292311518 
 0.1331302407 0.1315787979 0.1298994778 
 0.1333141281 0.1319395582 0.1304510334 
 0.1333463670 0.1321541978 0.1308619760 
 0.1332035148 0.1321991485 0.1311085720 
 0.1328619148 0.1320508135 0.1311672752 
 0.1322977381 0.1316856151 0.1310147821 
 0.1314870350 0.1310800430 0.1306280783 
 0.1304058245 0.1302107286 0.1299845004 
 0.1290302684 0.1290545849 0.1290618448 
 0.1273369947 0.1275890672 0.1278385723 
 0.1253036570 0.1257926301 0.1262941720 
 0.1229098320 0.1236454717 0.1244097618 
 0.1201383674 0.1211306643 0.1221690152 
 0.1169772649 0.1182357595 0.1195594951 
 0.1134221234 0.1149549046 0.1165744424 
 0.1094790401 0.1112914160 0.1132149972 
 0.1051676893 0.1072606013 0.1094927097 
 0.1005240746 0.1028924353 0.1054320438 
 0.0956022713 0.0982335150 0.1010724111 
 0.0904744152 0.0933476262 0.0964691628 
 0.0852283791 0.0883143432 0.0916929891 
 0.0799630173 0.0832254060 0.0868273787 
 0.0747814827 0.0781791269 0.0819641902 
 0.0697836926 0.0732736276 0.0771978597 
 0.0650593116 0.0686000717 0.0726191658 
 0.0606824840 0.0642370815 0.0683096180 
 0.0567090507 0.0602471979 0.0643373731 
 0.0531763419 0.0566757018 0.0607551736 
 0.0501050913 0.0535515756 0.0576003233 
 0.0475027213 0.0508900245 0.0548963179 
 0.0453672155 0.0486958446 0.0526555398 
 0.0436909441 0.0469669928 0.0508824058 
 0.0424640262 0.0456978839 0.0495764565 
 0.0416770184 0.0448821275 0.0487350394 
 0.0413228655 0.0445145720 0.0483553777 
 0.0413981290 0.0445926183 0.0484359321 
 0.0419035309 0.0451168089 0.0489770180 
 0.0428438373 0.0460907014 0.0499806740 
 0.0442270772 0.0475200258 0.0514497794 
 0.0460630631 0.0494111127 0.0533864383 
 0.0483611799 0.0517685982 0.0557896797 
 0.0511274476 0.0545924697 0.0586526026 
 0.0543609644 0.0578746330 0.0619592214 
 0.0580500105 0.0615953542 0.0656814152 
 0.0621683040 0.0657201132 0.0697765398 
 0.0666721111 0.0701975571 0.0741863226 
 0.0714990072 0.0749592424 0.0788375789 
 0.0765689639 0.0799216456 0.0836450114 
 0.0817880493 0.0849904866 0.0885159096 
 0.0870544216 0.0900668448 0.0933560942 
 0.0922656780 0.0950540612 0.0980761107 
 0.0973262298 0.0998642030 0.1025966259 
 0.1021533988 0.1044230233 0.1068522235 
 0.1066813352 0.1086727990 0.1107932422 
 0.1108624860 0.1125729878 0.1143857623 
 0.1146669104 0.1160990992 0.1176101810 
 0.1180800997 0.1192404145 0.1204589540 
 0.1211000421 0.1219972038 0.1229340462 
 0.1237341637 0.1243779593 0.1250444998 
 0.1259965684 0.1263969691 0.1268043563 
 0.1279057889 0.1280723805 0.1282310305 
 0.1294830989 0.1294247696 0.1293441273 
 0.1307513358 0.1304761569 0.1301646388 
 0.1317341324 0.1312493743 0.1307144354 
 0.1324554513 0.1317676850 0.1310159643 
 0.1329393210 0.1320545715 0.1310920836 
 0.1332096959 0.1321336220 0.1309659719 
 0.1332903834 0.1320284672 0.1306610733 
 0.1332049966 0.1317627329 0.1302010474 
 0.1329769096 0.1313599862 0.1296097050 
 0.1326291986 0.1308436624 0.1289109184 
 0.1321845617 0.1302369654 0.1281284987 
 0.1316652131 0.1295627393 0.1272860394 
 0.1310927543 0.1288433123 0.1264067281 
 0.1304880221 0.1281003168 0.1255131309 
 0.1298709213 0.1273544909 0.1246269578 
 0.1292602447 0.1266254699 0.1237688175 
 0.1286734896 0.1259315737 0.1229579721 
 0.1281266761 0.1252895999 0.1222121011 
 0.1276341729 0.1247146289 0.1215470823 
 0.1272085376 0.1242198462 0.1209767976 
 0.1268603742 0.1238163877 0.1205129661 
 0.1265982126 0.1235132104 0.1201650082 
 0.1264284113 0.1233169896 0.1199399401 
 0.1263550850 0.1232320437 0.1198422979 
 0.1263800580 0.1232602860 0.1198740895 
 0.1265028439 0.1234012035 0.1200347745 
 0.1267206505 0.1236518627 0.1203212687 
 0.1270284119 0.1240069417 0.1207279766 
 0.1274188461 0.1244587900 0.1212468503 
 0.1278825378 0.1249975154 0.1218674784 
 0.1284080462 0.1256110985 0.1225772043 
 0.1289820362 0.1262855343 0.1233612764 
 0.1295894287 0.1270049969 0.1242030277 
 0.1302135685 0.1277520268 0.1250840826 
 0.1308364027 0.1285077325 0.1259845852 
 0.1314386650 0.1292520019 0.1268834417 
 0.1320000601 0.1299637152 0.1277585679 
 0.1324994387 0.1306209509 0.1285871326 
 0.1329149606 0.1312011780 0.1293457856 
 0.1332242375 0.1316814268 0.1300108629 
 0.1334044528 0.1320384342 0.1305585626 
 0.1334324557 0.1322487595 0.1309650864 
 0.1332848325 0.1322888717 0.1312067477 
 0.1329379563 0.1321352127 0.1312600480 
 0.1323680292 0.1317642441 0.1311017323 
 0.1315511330 0.1311524958 0.1307088351 
 0.1304633203 0.1302766407 0.1300587426 
 0.1290807898 0.1291136357 0.1291293027 
 0.1273802126 0.1276409853 0.1278990316 
 0.1253392957 0.1258372015 0.1263474799 
 0.1229376859 0.1236825529 0.1244558378 
 0.1201583244 0.1211602016 0.1222078660 
 0.1169893375 0.1182578143 0.1195912351 
 0.1134264870 0.1149696850 0.1165993186 
 0.1094760750 0.1112993109 0.1132334172 
 0.1051580189 0.1072622133 0.1095052684 
 0.1005085923 0.1028886038 0.1054395425 
 0.0955821431 0.0982253209 0.1010758626 
 0.0904510505 0.0933363693 0.0964697749 
 0.0852033636 0.0883014892 0.0916921212 
 0.0799380152 0.0832125037 0.0868264743 
 0.0747581207 0.0781677083 0.0819646913 
 0.0697634470 0.0732651062 0.0772011166 
 0.0650434191 0.0685956572 0.0726263577 
 0.0606718887 0.0642377250 0.0683216979 
 0.0567043928 0.0602535735 0.0643550429 
 0.0531779812 0.0566882204 0.0607788899 
 0.0501131551 0.0535704240 0.0576303270 
 0.0475171627 0.0509152167 0.0549326778 
 0.0453878722 0.0487272756 0.0526982011 
 0.0437175899 0.0470044872 0.0509312346 
 0.0424964109 0.0457412340 0.0496312765 
 0.0417148952 0.0449311201 0.0487956566 
 0.0413660070 0.0445690027 0.0484215938 
 0.0414463317 0.0446522951 0.0485075458 
 0.0419566108 0.0451815450 0.0490538168 
 0.0429016165 0.0461602995 0.0500624150 
 0.0442893634 0.0475942542 0.0515361643 
 0.0461296221 0.0494896754 0.0534770815 
 0.0484317037 0.0518511009 0.0558840745 
 0.0512015194 0.0546783851 0.0587500905 
 0.0544380264 0.0579632714 0.0620589679 
 0.0581293383 0.0616858447 0.0657824025 
 0.0622489958 0.0658114041 0.0698775793 
 0.0667530986 0.0702884390 0.0742860920 
 0.0715790898 0.0750483970 0.0789346834 
 0.0766468681 0.0800077161 0.0837380612 
 0.0818625035 0.0850721589 0.0886036017 
 0.0871242352 0.0901429261 0.0934372840 
 0.0923298089 0.0951235411 0.0981498622 
 0.0973838298 0.0999262881 0.1026622321 
 0.1022038291 0.1044771408 0.1069091974 
 0.1067241554 0.1087185750 0.1108412861 
 0.1108974220 0.1126102079 0.1144247225 
 0.1146938125 0.1161276618 0.1176399993 
 0.1180988983 0.1192602849 0.1204796221 
 0.1211107090 0.1220083757 0.1229455694 
 0.1237366814 0.1243804253 0.1250468692 
 0.1259909093 0.1263907009 0.1267975319 
 0.1278919025 0.1280573183 0.1282149323 
 0.1294609068 0.1294008179 0.1293186328 
 0.1307207313 0.1304431862 0.1301295858 
 0.1316949845 0.1312072257 0.1306696280 
 0.1324076110 0.1317161781 0.1309611820 
 0.1328826294 0.1319935133 0.1310270914 
 0.1331439933 0.1320628176 0.1308905320 
 0.1332155186 0.1319477305 0.1305749573 
 0.1331208371 0.1316718982 0.1301040494 
 0.1328833517 0.1312589190 0.1295016543 
 0.1325261766 0.1307322711 0.1287916921 
 0.1320720574 0.1301152114 0.1279980335 
 0.1315432647 0.1294306470 0.1271443429 
 0.1309614636 0.1287009778 0.1262538879 
 0.1303475618 0.1279479149 0.1253493225 
 0.1297215400 0.1271922813 0.1244524504 
 0.1291022713 0.1264538009 0.1235839781 
 0.1285073366 0.1257508854 0.1227632673 
 0.1279528409 0.1251004253 0.1220080977 
 0.1274532388 0.1245175938 0.1213344463 
 0.1270211733 0.1240156683 0.1207562924 
 0.1266673330 0.1236058750 0.1202854499 
 0.1264003301 0.1232972586 0.1199314314 
 