0.1218802961 0.1261912458 0.1299136903 
 0.1215561507 0.1259238748 0.1296953606 
 0.1214148773 0.1258074687 0.1296004204 
 0.1214608843 0.1258458753 0.1296322166 
 0.1216928773 0.1260379716 0.1297897808 
 0.1221039059 0.1263777036 0.1300678626 
 0.1226816129 0.1268543039 0.1304571115 
 0.1234086755 0.1274526722 0.1309443941 
 0.1242634167 0.1281538988 0.1315132281 
 0.1252205552 0.1289358993 0.1321443057 
 0.1262520516 0.1297741226 0.1328160747 
 0.1273280015 0.1306422909 0.1335053423 
 0.1284175232 0.1315131277 0.1341878690 
 0.1294895893 0.1323590366 0.1348389216 
 0.1305137576 0.1331526973 0.1354337624 
 0.1314607724 0.1338675589 0.1359480590 
 0.1323030207 0.1344782208 0.1363582080 
 0.1330148411 0.1349607018 0.1366415744 
 0.1335727026 0.1352926096 0.1367766539 
 0.1339552736 0.1354532284 0.1367431745 
 0.1341434134 0.1354235470 0.1365221513 
 0.1341201142 0.1351862521 0.1360959157 
 0.1338704264 0.1347257085 0.1354481382 
 0.1333813929 0.1340279536 0.1345638653 
 0.1326420170 0.1330807245 0.1334295952 
 0.1316432875 0.1318735456 0.1320334158 
 0.1303782800 0.1303978972 0.1303652356 
 0.1288423558 0.1286474939 0.1284171386 
 0.1270334756 0.1266186952 0.1261838945 
 0.1249526410 0.1243110673 0.1236636506 
 0.1226044637 0.1217280996 0.1208588098 
 0.1199978457 0.1188780554 0.1177770724 
 0.1171467209 0.1157748968 0.1144325655 
 0.1140707769 0.1124391796 0.1108469311 
 0.1107960382 0.1088987657 0.1070501777 
 0.1073551660 0.1051891705 0.1030810680 
 0.1037873281 0.1013533606 0.0989868154 
 0.1001375241 0.0974408665 0.0948219305 
 0.0964553227 0.0935061708 0.0906461917 
 0.0927930646 0.0896064672 0.0865218904 
 0.0892036986 0.0857990240 0.0825106682 
 0.0857384966 0.0821384816 0.0786703763 
 0.0824449341 0.0786744432 0.0750523933 
 0.0793649906 0.0754496576 0.0716997413 
 0.0765340486 0.0724989778 0.0686461736 
 0.0739804554 0.0698491285 0.0659162205 
 0.0717257066 0.0675191909 0.0635260314 
 0.0697851264 0.0655216193 0.0614847662 
 0.0681688772 0.0638635758 0.0597962670 
 0.0668831215 0.0625483734 0.0584607770 
 0.0659311824 0.0615768568 0.0574765255 
 0.0653145782 0.0609485981 0.0568410611 
 0.0650338458 0.0606628264 0.0565522680 
 0.0650890971 0.0607190470 0.0566090308 
 0.0654802782 0.0611173268 0.0570115401 
 0.0662071196 0.0618582388 0.0577612324 
 0.0672687783 0.0629424675 0.0588603679 
 0.0686631920 0.0643700855 0.0603112497 
 0.0703861807 0.0661395332 0.0621151008 
 0.0724303629 0.0682463540 0.0642706415 
 0.0747839827 0.0706817806 0.0667724479 
 0.0774297823 0.0734313103 0.0696092300 
 0.0803440840 0.0764734535 0.0727622272 
 0.0834962575 0.0797788716 0.0762039707 
 0.0868487304 0.0833101109 0.0798976792 
 0.0903576424 0.0870220946 0.0837975147 
 0.0939741522 0.0908634263 0.0878498178 
 0.0976462938 0.0947784225 0.0919952749 
 0.1013211754 0.0987096491 0.0961717880 
 0.1049472501 0.1026006353 0.1003176648 
 0.1084763787 0.1063984082 0.1043746852 
 0.1118654620 0.1100555431 0.1082906422 
 0.1150775114 0.1135315407 0.1120210902 
 0.1180821368 0.1167934811 0.1155302104 
 0.1208555234 0.1198160298 0.1187908688 
 0.1233800256 0.1225809534 0.1217840543 
 0.1256435266 0.1250763316 0.1244979283 
 0.1276387014 0.1272956409 0.1269267093 
 0.1293622903 0.1292368471 0.1290695617 
 0.1308144531 0.1309015959 0.1309296048 
 0.1319982410 0.1322945457 0.1325130942 
 0.1329191968 0.1334228564 0.1338287908 
 0.1335850797 0.1342958231 0.1348875035 
 0.1340056962 0.1349246331 0.1357017752 
 0.1341928225 0.1353222228 0.1362856825 
 0.1341601938 0.1355032075 0.1366547163 
 0.1339235422 0.1354838603 0.1368257166 
 0.1335006585 0.1352821178 0.1368168353 
 0.1329114535 0.1349175885 0.1366475069 
 0.1321779910 0.1344115415 0.1363384054 
 0.1313244621 0.1337868519 0.1359113684 
 0.1303770724 0.1330678793 0.1353892704 
 0.1293638139 0.1322802604 0.1347958308 
 0.1283141031 0.1314505998 0.1341553440 
 0.1272582773 0.1306060509 0.1334923266 
 0.1262269531 0.1297737914 0.1328310831 
 0.1252502687 0.1289804046 0.1321952002 
 0.1243570453 0.1282511938 0.1316069870 
 0.1235739102 0.1276094612 0.1310868875 
 0.1229244352 0.1270757924 0.1306528963 
 0.1224283391 0.1266673876 0.1303200090 
 0.1221008002 0.1263974795 0.1300997421 
 0.1219519182 0.1262748725 0.1299997516 
 0.1219863517 0.1263036303 0.1300235730 
 0.1222031497 0.1264829307 0.1301704998 
 0.1225957861 0.1268070948 0.1304356082 
 0.1231523937 0.1272657902 0.1308099264 
 0.1238561886 0.1278443953 0.1312807373 
 0.1246860624 0.1285245045 0.1318319963 
 0.1256173114 0.1292845441 0.1324448383 
 0.1266224621 0.1301004613 0.1330981418 
 0.1276721443 0.1309464462 0.1337691187 
 0.1287359602 0.1317956448 0.1344338941 
 0.1297833006 0.1326208252 0.1350680504 
 0.1307840657 0.1333949651 0.1356471086 
 0.1317092603 0.1340917409 0.1361469351 
 0.1325314475 0.1346859071 0.1365440641 
 0.1332250615 0.1351535680 0.1368159386 
 0.1337665915 0.1354723515 0.1369410759 
 0.1341346586 0.1356215029 0.1368991736 
 0.1343100153 0.1355819189 0.1366711687 
 0.1342754968 0.1353361473 0.1362392710 
 0.1340159529 0.1348683726 0.1355869895 
 0.1335181890 0.1341644143 0.1346991719 
 0.1327709385 0.1332117575 0.1335620809 
 0.1317648910 0.1319996411 0.1321635331 
 0.1304927962 0.1305192288 0.1304931285 
 0.1289496649 0.1287638868 0.1285426048 
 0.1271330852 0.1267295967 0.1263063478 
 0.1250436687 0.1244155207 0.1237820850 
 0.1226856271 0.1218247257 0.1209717711 
 0.1200674649 0.1189650472 0.1178826431 
 0.1172027389 0.1158500347 0.1145283728 
 0.1141108043 0.1124998740 0.1109301860 
 0.1108174263 0.1089421349 0.1071177563 
 0.1073551111 0.1052121555 0.1031296363 
 0.1037630037 0.1013528736 0.0990129963 
 0.1000862320 0.0974139628 0.0948224983 
 0.0963746474 0.0934502251 0.0906182735 
 0.0926810141 0.0895193314 0.0864631446 
 0.0890588105 0.0856791444 0.0824194143 
 0.0855598967 0.0819849577 0.0785456556 
 0.0822323393 0.0784870214 0.0748939544 
 0.0791186591 0.0752286650 0.0715079574 
 0.0762546876 0.0722452087 0.0684219088 
 0.0736691027 0.0695637061 0.0656606703 
 0.0713836038 0.0672034212 0.0632405602 
 0.0694135994 0.0651768583 0.0611707603 
 0.0677692363 0.0634911202 0.0594550168 
 0.0664565895 0.0621493826 0.0580933935 
 0.0654788535 0.0611523090 0.0570838933 
 0.0648374084 0.0604992803 0.0564238264 
 0.0645326738 0.0601893554 0.0561108578 
 0.0645646935 0.0602219195 0.0561437024 
 0.0649334189 0.0605969957 0.0565224563 
 0.0656386810 0.0613152133 0.0572485629 
 0.0666798489 0.0623774323 0.0583244127 
 0.0680551938 0.0637840360 0.0597525827 
 0.0697609926 0.0655339173 0.0615347262 
 0.0717904337 0.0676232099 0.0636701540 
 0.0741324193 0.0700438555 0.0661541805 
 0.0767703967 0.0727821406 0.0689763698 
 0.0796813845 0.0758173884 0.0721188749 
 0.0828353719 0.0791210203 0.0755551214 
 0.0861952584 0.0826562073 0.0792491085 
 0.0897174450 0.0863782805 0.0831555658 
 0.0933530979 0.0902359725 0.0872211050 
 0.0970499918 0.0941734195 0.0913863375 
 0.1007547287 0.0981327088 0.0955887391 
 0.1044150599 0.1020566426 0.0997658864 
 0.1079820215 0.1058913526 0.1038586085 
 0.1114116463 0.1095884448 0.1078136356 
 0.1146661078 0.1131064665 0.1115854553 
 0.1177142659 0.1164116330 0.1151372679 
 0.1205316789 0.1194778809 0.1184411049 
 0.1231002125 0.1222864044 0.1214772957 
 0.1254073951 0.1248248662 0.1242335195 
 0.1274456663 0.1270864644 0.1267036713 
 0.1292116273 0.1290689993 0.1288867234 
 0.1307053709 0.1307740357 0.1307857006 
 0.1319299296 0.1322062094 0.1324068320 
 0.1328908559 0.1333726918 0.1337588932 
 0.1335959278 0.1342828038 0.1348527271 
 0.1340549661 0.1349477584 0.1357009136 
 0.1342797435 0.1353805044 0.1363175570 
 0.1342839638 0.1355956466 0.1367181575 
 0.1340832907 0.1356094177 0.1369195387 
 0.1336954029 0.1354396780 0.1369398071 
 0.1331400504 0.1351059201 0.1367983187 
 0.1324390857 0.1346292561 0.1365156360 
 0.1316164400 0.1340323647 0.1361134528 
 0.1306980156 0.1333393735 0.1356144714 
 0.1297114688 0.1325756601 0.1350422167 
 0.1286858630 0.1317675531 0.1344207745 
 0.1276511825 0.1309419279 0.1337744500 
 0.1266377124 0.1301256976 0.1331273458 
 0.1256753015 0.1293452118 0.1325028698 
 0.1247925431 0.1286255866 0.1319231887 
 0.1240159147 0.1279899990 0.1314086527 
 0.1233689280 0.1274589817 0.1309772210 
 0.1228713372 0.1270497624 0.1306439194 
 0.1225384531 0.1267756843 0.1304203644 
 0.1223806011 0.1266457442 0.1303143807 
 0.1224027506 0.1266642748 0.1303297380 
 0.1226043359 0.1268307902 0.1304660226 
 0.1229792763 0.1271400039 0.1307186522 
 0.1235161958 0.1275820172 0.1310790329 
 0.1241988300 0.1281426690 0.1315348483 
 0.1250066010 0.1288040236 0.1320704634 
 0.1259153287 0.1295449710 0.1326674168 
 0.1268980391 0.1303418998 0.1333049721 
 0.1279258211 0.1311694058 0.1339606953 
 0.1289686829 0.1320009937 0.1346110260 
 0.1299963575 0.1328097345 0.1352318134 
 0.1309790172 0.1335688489 0.1357987952 
 0.1318878667 0.1342521940 0.1362880015 
 0.1326955984 0.1348346445 0.1366760790 
 0.1333767093 0.1352923677 0.1369405342 
 0.1339076917 0.1356030029 0.1370599034 
 0.1342671178 0.1357457607 0.1370138624 
 0.1344356474 0.1357014636 0.1367832907 
 0.1343959859 0.1354525506 0.1363503087 
 0.1341328232 0.1349830681 0.1356983067 
 0.1336327784 0.1342786703 0.1348119868 
 0.1328843761 0.1333266523 0.1336774399 
 0.1318780761 0.1321160389 0.1322822827 
 0.1306063769 0.1306377534 0.1306158859 
 0.1290640165 0.1288848946 0.1286697243 
 0.1272482877 0.1268531466 0.1264378835 
 0.1251594830 0.1245413422 0.1239177500 
 0.1228014732 0.1219521880 0.1211108958 
 0.1201824041 0.1190931315 0.1180241370 
 0.1173154651 0.1159773176 0.1146706976 
 0.1142196501 0.1126245283 0.1110713494 
 0.1109203911 0.1090619557 0.1072553361 
 0.1074499147 0.1053246194 0.1032608456 
 0.1038471693 0.1014552339 0.0991347912 
 0.1001571955 0.0975033769 0.0949317273 
 0.0964298853 0.0935239041 0.0907118529 
 0.0927181766 0.0895746968 0.0865382398 
 0.0890758448 0.0857139683 0.0824736022 
 0.0855551431 0.0819974704 0.0785770435 
 0.0822045894 0.0784759716 0.0749012411 
 0.0790671713 0.0751933268 0.0714904319 
 0.0761791609 0.0721853423 0.0683793945 
 0.0735696176 0.0694794804 0.0655934290 
 0.0712605422 0.0670953160 0.0631491752 
 0.0692675565 0.0650455601 0.0610560156 
 0.0676009355 0.0633374239 0.0593177867 
 0.0662668089 0.0619741095 0.0579345515 
 0.0652683704 0.0609562450 0.0569042446 
 0.0646069639 0.0602831372 0.0562240663 
 0.0642829591 0.0599537555 0.0558915544 
 0.0642963561 0.0599674026 0.0559053025 
 0.0646470891 0.0603240463 0.0562653135 
 0.0653350153 0.0610243074 0.0569729847 
 0.0663595879 0.0620691005 0.0580307274 
 0.0677192314 0.0634589407 0.0594412217 
 0.0694104507 0.0651929385 0.0612063197 
 0.0714267355 0.0672675345 0.0633256330 
 0.0737573521 0.0696750589 0.0657948773 
 0.0763861550 0.0724022506 0.0686041034 
 0.0792905812 0.0754289175 0.0717360075 
 0.0824410102 0.0787269555 0.0751645694 
 0.0858006598 0.0822599476 0.0788542960 
 0.0893261358 0.0859835227 0.0827603157 
 0.0929686634 0.0898465529 0.0868294727 
 0.0966759152 0.0937931290 0.0910024049 
 0.1003942352 0.0977651058 0.0952163964 
 0.1040709848 0.1017048883 0.0994086317 
 0.1076567187 0.1055580903 0.1035193938 
 0.1111069431 0.1092757331 0.1074947745 
 0.1143833051 0.1128157691 0.1112885983 
 0.1174541763 0.1161438551 0.1148634347 
 0.1202946899 0.1192334390 0.1181907600 
 0.1228863622 0.1220653135 0.1212504462 
 0.1252164501 0.1246268300 0.1240298197 
 0.1272771919 0.1269109591 0.1265225196 
 0.1290650477 0.1289153444 0.1287273446 
 0.1305800153 0.1306414489 0.1306472107 
 0.1318250656 0.1320938465 0.1322882849 
 0.1328057113 0.1332796734 0.1336593121 
 0.1335297030 0.1342082306 0.1347711231 
 0.1340068382 0.1348907183 0.1356362950 
 0.1342488648 0.1353400729 0.1362689315 
 0.1342694558 0.1355708830 0.1366845301 
 0.1340842349 0.1355993583 0.1368999065 
 0.1337108299 0.1354433275 0.1369331520 
 0.1331689281 0.1351222426 0.1368036011 
 0.1324803089 0.1346571669 0.1365317874 
 0.1316688215 0.1340707233 0.1361393710 
 0.1307602822 0.1333869804 0.1356490174 
 0.1297822618 0.1326312569 0.1350842152 
 0.1287637450 0.1318298276 0.1344690177 
 0.1277346519 0.1310095251 0.1338277059 
 0.1267252243 0.1301972354 0.1331843709 
 0.1257652953 0.1294193022 0.1325624250 
 0.1248834742 0.1287008612 0.1319840593 
 0.1241062900 0.1280651363 0.1314696707 
 0.1234573410 0.1275327367 0.1310372880 
 0.1229565024 0.1271209946 0.1307020301 
 0.1226192368 0.1268433839 0.1304756276 
 0.1224560463 0.1267090540 0.1303660380 
 0.1224720962 0.1267225077 0.1303771786 
 0.1226670291 0.1268834406 0.1305087934 
 0.1230349778 0.1271867529 0.1307564627 
 0.1235647775 0.1276227321 0.1311117551 
 0.1242403668 0.1281773964 0.1315625120 
 0.1250413563 0.1288329780 0.1320932462 
 0.1259437352 0.1295685183 0.1326856314 
 0.1269206756 0.1303605381 0.1333190501 
 0.1279433870 0.1311837440 0.1339711695 
 0.1289819715 0.1320117289 0.1346185121 
 0.1300062302 0.1328176308 0.1352369922 
 0.1309863794 0.1335747167 0.1358023955 
 0.1318936465 0.1342568722 0.1362907852 
 0.1327007286 0.1348389856 0.1366788282 
 0.1333821141 0.1352972255 0.1369440410 
 0.1339142760 0.1356092241 0.1370649621 
 0.1342757614 0.1357541785 0.1370212639 
 0.1344472010 0.1357128943 0.1367938190 
 0.1344112698 0.1354677914 0.1363647386 
 0.1341526273 0.1350028966 0.1357174029 
 0.1336578629 0.1343038444 0.1348365031 
 0.1329154722 0.1333579098 0.1337081176 
 0.1319158852 0.1321540953 0.1323198488 
 0.1306515685 0.1306832990 0.1306610477 
 0.1291172228 0.1289385868 0.1287231607 
 0.1273100944 0.1269155985 0.1265002310 
 0.1252304149 0.1246131052 0.1239895817 
 0.1228819748 0.1220337274 0.1211926932 
 0.1202728133 0.1191847959 0.1181162533 
 0.1174159829 0.1160793020 0.1147733149 
 0.1143303070 0.1127368344 0.1111844326 
 0.1110410142 0.1091843544 0.1073785901 
 0.1075801012 0.1054566206 0.1033936828 
 0.1039862713 0.1015960724 0.0992763190 
 0.1003043228 0.0976520193 0.0950807614 
 0.0965839284 0.0936790823 0.0908669619 
 0.0928778518 0.0897349655 0.0866978185 
 0.0892397572 0.0858777833 0.0826359645 
 0.0857218610 0.0821632770 0.0787405255 
 0.0823727211 0.0786422916 0.0750642975 
 0.0792354345 0.0753588348 0.0716517153 
 0.0763464380 0.0723489207 0.0685378093 
 0.0737349916 0.0696402518 0.0657481568 
 0.0714233123 0.0672526517 0.0632996740 
 0.0694272349 0.0651990682 0.0612019988 
 0.0677572292 0.0634869233 0.0594591878 
 0.0664195914 0.0621195933 0.0580714814 
 0.0654176458 0.0610978401 0.0570369459 
 0.0647528288 0.0604210619 0.0563528684 
 0.0644255634 0.0600882787 0.0560168321 
 0.0644358653 0.0600988047 0.0560274373 
 0.0647836491 0.0604525840 0.0563846589 
 0.0654687192 0.0611501807 0.0570898349 
 0.0664904475 0.0621924236 0.0581452889 
 0.0678471522 0.0635797163 0.0595535873 
 0.0695352128 0.0653110369 0.0613164472 
 0.0715479814 0.0673826790 0.0634333285 
 0.0738745835 0.0697868191 0.0658997856 
 0.0764987402 0.0725100466 0.0687057084 
 0.0793977735 0.0755320357 0.0718336443 
 0.0825419790 0.0788245775 0.0752574507 
 0.0858945303 0.0823511912 0.0789415518 
 0.0894120356 0.0860674913 0.0828410443 
 0.0930457698 0.0899223885 0.0869027972 
 0.0967434975 0.0938600613 0.0910675286 
 0.1004516861 0.0978224915 0.0952726489 
 0.1041178378 0.1017522348 0.0994554996 
 0.1076926493 0.1055950617 0.1035565315 
 0.1111317551 0.1093021398 0.1075219972 
 0.1143969067 0.1128315428 0.1113058575 
 0.1174565486 0.1161490166 0.1148707855 
 0.1202858540 0.1192280626 0.1181883227 
 0.1228663478 0.1220494927 0.1212383702 
 0.1251852686 0.1246006485 0.1240082518 
 0.1272348154 0.1268744677 0.1264915794 
 0.1290113941 0.1288685449 0.1286871076 
 0.1305149393 0.1305842850 0.1305976981 
 0.1317483560 0.1320262001 0.1322294599 
 0.1327170918 0.1332013660 0.1335910813 
 0.1334288385 0.1341190292 0.1346933416 
 0.1338933450 0.1347903444 0.1355487757 
 0.1341223246 0.1352282161 0.1361714569 
 0.1341294346 0.1354472169 0.1365768667 
 0.1339303057 0.1354635607 0.1367818223 
 0.1335426002 0.1352951031 0.1368044361 
 0.1329860712 0.1349613494 0.1366640853 
 0.1322825987 0.1344834449 0.1363813700 
 0.1314561691 0.1338841242 0.1359780413 
 0.1305327722 0.1331875982 0.1354768803 
 0.1295401867 0.1324193557 0.1349015136 
 0.1285076337 0.1316058667 0.1342761533 
 0.1274652910 0.1307741766 0.1336252541 
 0.1264436681 0.1299513955 0.1329730897 
 0.1254728647 0.1291640915 0.1323432568 
 0.1245817429 0.1284376154 0.1317581237 
 0.1237970576 0.1277953858 0.1312382488 
 0.1231425961 0.1272581768 0.1308017978 
 0.1226383761 0.1268434464 0.1304639947 
 0.1222999497 0.1265647492 0.1302366374 
 0.1221378521 0.1264312654 0.1301277084 
 0.1221572234 0.1264474768 0.1301411058 
 0.1223576238 0.1266130067 0.1302765102 
 0.1227330496 0.1269226344 0.1305293972 
 0.1232721513 0.1273664833 0.1308911933 
 0.1239586410 0.1279303711 0.1313495672 
 0.1247718706 0.1285963022 0.1318888363 
 0.1256875492 0.1293430726 0.1324904650 
 0.1266785589 0.1301469514 0.1331336218 
 0.1277158221 0.1309823978 0.1337957647 
 0.1287691686 0.1318227721 0.1344532202 
 0.1298081531 0.1326410030 0.1350817271 
 0.1308027803 0.1334101793 0.1356569219 
 0.1317241073 0.1341040444 0.1361547495 
 0.1325447062 0.1346973831 0.1365517912 
 0.1332389867 0.1351663008 0.1368255118 
 0.1337833889 0.1354884049 0.1369544320 
 0.1341564692 0.1356429054 0.1369182387 
 0.1343389068 0.1356106553 0.1366978497 
 0.1343134604 0.1353741536 0.1362754504 
 0.1340649033 0.1349175350 0.1356345229 
 0.1335799663 0.1342265682 0.1347598857 
 0.1328473095 0.1332886868 0.1336377697 
 0.1318575479 0.1320930739 0.1322559532 
 0.1306033510 0.1306308281 0.1306039856 
 0.1290796362 0.1288952333 0.1286735326 
 0.1272838758 0.1268821604 0.1264588734 
 0.1252165310 0.1245906181 0.1239575784 
 0.1228816155 0.1220234617 0.1211713758 
 0.1202873733 0.1191882405 0.1181071881 
 0.1174470277 0.1160981296 0.1147782694 
 0.1143795201 0.1127728461 0.1112053182 
 0.1111101245 0.1092394009 0.1074173783 
 0.1076707934 0.1055325035 0.1034522975 
 0.1041000839 0.1016944313 0.0993565129 
 0.1004425441 0.0977742171 0.0951839898 
 0.0967475037 0.0938261033 0.0909942716 
 0.0930673140 0.0899073429 0.0868497703 
 0.0894551930 0.0860755678 0.0828126038 
 0.0859629187 0.0823860534 0.0789414060 
 0.0826386584 0.0788892400 0.0752885548 
 0.0795251996 0.0756288273 0.0718981770 
 0.0766587710 0.0726406376 0.0688051242 
 0.0740685323 0.0699523012 0.0660349242 
 0.0717767006 0.0675836784 0.0636045591 
 0.0697991940 0.0655478407 0.0615238223 
 0.0681466249 0.0638523939 0.0597969863 
 0.0668254640 0.0625009298 0.0584245381 
 0.0658392163 0.0614944295 0.0574047938 
 0.0651894804 0.0608324902 0.0567352693 
 0.0648768006 0.0605142885 0.0564137347 
 0.0649012545 0.0605392340 0.0564389175 
 0.0652627428 0.0609072889 0.0568108429 
 0.0659609670 0.0616189427 0.0575308075 
 0.0669950980 0.0626748461 0.0586009871 
 0.0683631502 0.0640751120 0.0600236825 
 0.0700610993 0.0658183138 0.0618002204 
 0.0720818048 0.0679002324 0.0639295456 
 0.0744138342 0.0703124429 0.0664065863 
 0.0770403202 0.0730408772 0.0692205232 
 0.0799380138 0.0760645448 0.0723531587 
 0.0830767117 0.0793546252 0.0757776333 
 0.0864192181 0.0828741472 0.0794577584 
 0.0899219498 0.0865784187 0.0833481995 
 0.0935362011 0.0904162746 0.0873956394 
 0.0972099727 0.0943320698 0.0915408913 
 0.1008901656 0.0982682001 0.0957217402 
 0.1045248672 0.1021678295 0.0998761408 
 0.1080654497 0.1059774626 0.1039453234 
 0.1114682474 0.1096490491 0.1078763970 
 0.1146956752 0.1131414198 0.1116241697 
 0.1177167595 0.1164209946 0.1151520801 
 0.1205071464 0.1194618295 0.1184323080 
 0.1230487144 0.1222451575 0.1214452442 
 0.1253289419 0.1247586105 0.1241785551 
 0.1273401689 0.1269953026 0.1266260651 
 0.1290788624 0.1289529129 0.1287866363 
 0.1305449609 0.1306328633 0.1306631605 
 0.1317413357 0.1320396393 0.1322617255 
 0.1326733819 0.1331802658 0.1335909697 
 0.1333487355 0.1340639321 0.1346616122 
 0.1337771003 0.1347017425 0.1354861315 
 0.1339701670 0.1351065693 0.1360785596 
 0.1339416033 0.1352929811 0.1364543600 
 0.1337070932 0.1352772230 0.1366303624 
 0.1332844030 0.1350772243 0.1366247268 
 0.1326934474 0.1347126109 0.1364569171 
 0.1319563287 0.1342046984 0.1361476609 
 0.1310973174 0.1335764425 0.1357188773 
 0.1301427445 0.1328523216 0.1351935538 
 0.1291207775 0.1320581328 0.1345955565 
 0.1280610607 0.1312206837 0.1339493612 
 0.1269942091 0.1303673730 0.1332796998 
 0.1259511621 0.1295256613 0.1326111232 
 0.1249624184 0.1287224468 0.1319674902 
 0.1240571845 0.1279833695 0.1313714000 
 0.1232624855 0.1273320794 0.1308435959 
 0.1226022880 0.1267895078 0.1304023697 
 0.1220966872 0.1263731854 0.1300630012 
 0.1217612064 0.1260966474 0.1298372674 
 0.1216062445 0.1259689606 0.1297330503 
 0.1216367036 0.1259944016 0.1297540687 
 0.1218518124 0.1261723037 0.1298997508 
 0.1222451540 0.1264970816 0.1301652547 
 0.1228048988 0.1269584332 0.1305416370 
 0.1235142288 0.1275417061 0.1310161578 
 0.1243519347 0.1282284075 0.1315727035 
 0.1252931538 0.1289968284 0.1321923011 
 0.1263102061 0.1298227440 0.1328536921 
 0.1273734825 0.1306801477 0.1335339327 
 0.1284523297 0.1315419783 0.1342089856 
 0.1295158831 0.1323807997 0.1348542742 
 0.1305338026 0.1331694009 0.1354451749 
 0.1314768818 0.1338812954 0.1359574319 
 0.1323175125 0.1344911094 0.1363674863 
 0.1330300041 0.1349748592 0.1366527220 
 0.1335907716 0.1353101277 0.1367916346 
 0.1339784143 0.1354761600 0.1367639380 
 0.1341737131 0.1354538968 0.1365506247 
 0.1341595791 0.1352259720 0.1361339983 
 0.1339209818 0.1347766967 0.1354976985 
 0.1334448853 0.1340920535 0.1346267394 
 0.1327202152 0.1331597239 0.1335075834 
 0.1317378817 0.1319691722 0.1321282759 
 0.1304908754 0.1305118092 0.1304786703 
 0.1289744596 0.1287812623 0.1285507734 
 0.1271864744 0.1267737747 0.1263392427 
 0.1251277657 0.1244887535 0.1238420617 
 0.1228027422 0.1219294706 0.1210614003 
 0.1202200406 0.1191038973 0.1180046371 
 0.1173932571 0.1160256164 0.1146854759 
 0.1143416631 0.1127147115 0.1111250262 
 0.1110907916 0.1091984846 0.1073526653 
 0.1076727521 0.1055118247 0.1034064527 
 0.1041261299 0.1016970434 0.0993328743 
 0.1004953533 0.0978030393 0.0951857534 
 0.0968294791 0.0938837472 0.0910242934 
 0.0931804469 0.0899959549 0.0869103889 
 0.0896009556 0.0861967122 0.0829055100 
 0.0861422044 0.0825406513 0.0790675796 
 0.0828517756 0.0790775721 0.0754482752 
 0.0797719184 0.0758505964 0.0720911025 
 0.0769384116 0.0728950781 0.0690304208 
 0.0743800808 0.0702383154 0.0662914230 
 0.0721189338 0.0678999792 0.0638909161 
 0.0701707973 0.0658930842 0.0618386645 
 0.0685462914 0.0642252882 0.0601390299 
 0.0672519670 0.0629003126 0.0587926712 
 0.0662914507 0.0619193129 0.0577981244 
 0.0656664724 0.0612820711 0.0571531379 
 0.0653776876 0.0609879280 0.0568556950 
 0.0654252371 0.0610364081 0.0569046879 
 0.0658090116 0.0614275124 0.0573002310 
 0.0665286092 0.0621616707 0.0580436097 
 0.0675829868 0.0632393545 0.0591368656 
 0.0689698251 0.0646603651 0.0605820231 
 0.0706846451 0.0664228240 0.0623799774 
 0.0727197413 0.0685219250 0.0645290845 
 0.0750630313 0.0709485406 0.0670235387 
 0.0776969535 0.0736878233 0.0698516748 
 0.0805975763 0.0767179830 0.0729943934 
 0.0837340920 0.0800094545 0.0764239556 
 0.0870688484 0.0835246586 0.0801034097 
 0.0905580148 0.0872185112 0.0839868708 
 0.0941528882 0.0910397315 0.0880207657 
 0.0978017344 0.0949328625 0.0921459936 
 0.1014519607 0.0988407813 0.0963007709 
 0.1050523509 0.1027073757 0.1004237818 
 0.1085550921 0.1064800365 0.1044572003 
 0.1119173740 0.1101116703 0.1083491862 
 0.1151024354 0.1135620472 0.1120556001 
 0.1180800392 0.1167984374 0.1155408469 
 0.1208264454 0.1197956125 0.1187779270 
 0.1233240112 0.1225353666 0.1217478789 
 0.1255605610 0.1250057398 0.1244388420 
 0.1275286640 0.1272001180 0.1268449570 
 0.1292249220 0.1291163412 0.1289652739 
 0.1306493376 0.1307559091 0.1308027758 
 0.1318047983 0.1321233282 0.1323635754 
 0.1326966893 0.1332256114 0.1336562960 
 0.1333326272 0.1340719219 0.1346916230 
 0.1337223026 0.1346733395 0.1354819988 
 0.1338774114 0.1350427258 0.1360414292 
 0.1338116560 0.1351946624 0.1363853716 
 0.1335407934 0.1351454390 0.1365306748 
 0.1330827082 0.1349130665 0.1364955494 
 0.1324574845 0.1345172936 0.1362995432 
 0.1316874461 0.1339796012 0.1359635026 
 0.1307971355 0.1333231515 0.1355094986 
 0.1298132003 0.1325726659 0.1349607005 
 0.1287641577 0.1317542130 0.1343411790 
 0.1276800193 0.1308948885 0.1336756291 
 0.1265917655 0.1300223810 0.1329890047 
 0.1255306786 0.1291644264 0.1323060683 
 0.1245275546 0.1283481655 0.1316508661 
 0.1236118328 0.1275994319 0.1310461466 
 0.1228106898 0.1269420047 0.1305127516 
 0.1221481507 0.1263968690 0.1300690105 
 0.1216442711 0.1259815265 0.1297301726 
 0.1213144349 0.1257093973 0.1295079128 
 0.1211688072 0.1255893498 0.1294099396 
 0.1212119701 0.1256253838 0.1294397310 
 0.1214427572 0.1258164869 0.1295964145 
 0.1218542960 0.1261566719 0.1298747979 
 0.1224342558 0.1266351924 0.1302655501 
 0.1231652891 0.1272369252 0.1307555208 
 0.1240256465 0.1279428976 0.1313281773 
 0.1249899327 0.1287309276 0.1319641337 
 0.1260299600 0.1295763404 0.1326417390 
 0.1271156531 0.1304527168 0.1333376883 
 0.1282159471 0.1313326318 0.1340276252 
 0.1292996313 0.1321883421 0.1346867025 
 0.1303360918 0.1329923924 0.1352900787 
 0.1312959219 0.1337181154 0.1358133341 
 0.1321513859 0.1343400189 0.1362327990 
 0.1328767337 0.1348340590 0.1365257964 
 0.1334483816 0.1351778117 0.1366708068 
 0.1338449829 0.1353505615 0.1366475705 
 0.1340474172 0.1353333291 0.1364371427 
 0.1340387313 0.1351088628 0.1360219220 
 0.1338040610 0.1346616180 0.1353856725 
 0.1333305621 0.1339777482 0.1345135595 
 0.1326073747 0.1330451303 0.1333922230 
 0.1316256433 0.1318534481 0.1320099137 
 0.1303786139 0.1303943570 0.1303567192 
 0.1288618253 0.1286617552 0.1284249131 
 0.1270734146 0.1266521855 0.1262094557 
 0.1250145465 0.1243653845 0.1237086724 
 0.1226899680 0.1218049824 0.1209251138 
 0.1201086698 0.1189793330 0.1178665744 
 0.1172846077 0.1159024154 0.1145471962 
 0.1142374037 0.1125947053 0.1109885300 
 0.1109929114 0.1090838675 0.1072203655 
 0.1075835054 0.1054050925 0.1032811079 
 0.1040479536 0.1016008986 0.0992174796 
 0.1004307590 0.0977202657 0.0950833941 
 0.0967809289 0.0938170634 0.0909379741 
 0.0931502250 0.0899478649 0.0868428584 
 0.0895910510 0.0861693707 0.0828591078 
 0.0861542193 0.0825357624 0.0790441234 
 0.0828868713 0.0790963341 0.0754490058 
 0.0798308021 0.0758936969 0.0721166876 
 0.0770213631 0.0729627343 0.0690810118 
 0.0744870099 0.0703303490 0.0663667486 
 0.0722494576 0.0680159121 0.0639903967 
 0.0703243255 0.0660322389 0.0619615286 
 0.0687221076 0.0643868817 0.0602844203 
 0.0674492984 0.0630835353 0.0589597327 
 0.0665095205 0.0621233869 0.0579860673 
 0.0659045322 0.0615062853 0.0573612767 
 0.0656350292 0.0612316513 0.0570834625 
 0.0657011829 0.0612990797 0.0571516263 
 0.0661028874 0.0617086120 0.0575659619 
 0.0668396990 0.0624606700 0.0583277832 
 0.0679104747 0.0635556531 0.0594390923 
 0.0693127271 0.0649932128 0.0609017903 
 0.0710417366 0.0667712362 0.0627165534 
 0.0730894884 0.0688845973 0.0648814188 
 0.0754435334 0.0713237726 0.0673901665 
 0.0780859092 0.0740734627 0.0702306389 
 0.0809922808 0.0771114035 0.0733831987 
 0.0841314744 0.0804075774 0.0768195698 
 0.0874655510 0.0839240245 0.0805023227 
 0.0909505114 0.0876154020 0.0843852135 
 0.0945376301 0.0914303314 0.0884144824 
 0.0981753070 0.0953134402 0.0925310477 
 0.1018112314 0.0992078695 0.0966733567 
 0.1053945898 0.1030579240 0.1007805130 
 0.1088780529 0.1068115197 0.1047952499 
 0.1122193291 0.1104221430 0.1086663648 
 0.1153821683 0.1138501445 0.1123503694 
 0.1183368024 0.1170633330 0.1158122792 
 0.1210598965 0.1200369472 0.1190256273 
 0.1235341378 0.1227531615 0.1219718863 
 0.1257476064 0.1252003091 0.1246395288 
 0.1276930598 0.1273719891 0.1270229354 
 0.1293672321 0.1292661878 0.1291213176 
 0.1307702147 0.1308845000 0.1309377598 
 0.1319049538 0.1322314902 0.1324784323 
 0.1327768733 0.1333142054 0.1337519876 
 0.1333936186 0.1341418291 0.1347691231 
 0.1337649059 0.1347254564 0.1355422861 
 0.1339024602 0.1350779647 0.1360854861 
 0.1338200201 0.1352139565 0.1364141869 
 0.1335333894 0.1351497501 0.1365452505 
 0.1330605120 0.1349033949 0.1364969076 
 0.1324215438 0.1344946876 0.1362887345 
 0.1316388921 0.1339451668 0.1359416128 
 0.1307371921 0.1332780586 0.1354776547 
 0.1297431884 0.1325181528 0.1349200731 
 0.1286854936 0.1316915851 0.1342929822 
 0.1275942061 0.1308255120 0.1336211154 
 0.1265003771 0.1299476711 0.1329294558 
 0.1254353353 0.1290858288 0.1322427812 
 0.1244298931 0.1282671333 0.1315851344 
 0.1235134705 0.1275173974 0.1309792394 
 0.1227131871 0.1268603492 0.1304458889 
 0.1220529728 0.1263168915 0.1300033378 
 0.1215527519 0.1259044133 0.1296667366 
 0.1212277453 0.1256361948 0.1294476380 
 0.1210879291 0.1255209411 0.1293536091 
 0.1211376772 0.1255624712 0.1293879711 
 0.1213756031 0.1257595805 0.1295496842 
 0.1217946102 0.1261060846 0.1298333843 
 0.1223821461 0.1265910414 0.1302295693 
 0.1231206516 0.1271991399 0.1307249233 
 0.1239881817 0.1279112324 0.1313027591 
 0.1249591657 0.1287049798 0.1319435506 
 0.1260052660 0.1295555710 0.1326255237 
 0.1270962841 0.1304364737 0.1333252700 
 0.1282010606 0.1313201733 0.1340183487 
 0.1292883176 0.1321788607 0.1346798480 
 0.1303273993 0.1329850353 0.1352848793 
 0.1312888799 0.1337120044 0.1358089920 
 0.1321450228 0.1343342654 0.1362284987 
 0.1328700914 0.1348277768 0.1365207153 
 0.1334405257 0.1351701259 0.1366641236 
 0.1338350093 0.1353406148 0.1366384707 
 0.1340344556 0.1353202852 0.1364248221 
 0.1340219463 0.1350919086 0.1360055891 
 0.1337826521 0.1346399638 0.1353645494 
 0.1333037627 0.1339506282 0.1344868831 
 0.1325744516 0.1330118030 0.1333592461 
 0.1315858973 0.1318131981 0.1319699078 
 0.1303313820 0.1303464989 0.1303089800 
 0.1288064868 0.1286056413 0.1283687698 
 0.1270094000 0.1265872180 0.1261442859 
 0.1249413524 0.1242910330 0.1236339232 
 0.1226071765 0.1217208082 0.1208403309 
 0.1200159744 0.1188850203 0.1177714385 
 0.1171818427 0.1157978067 0.1144415655 
 0.1141245767 0.1124798397 0.1108724842 
 0.1108702334 0.1089590161 0.1070942462 
 0.1074514154 0.1052707854 0.1031455473 
 0.1039071301 0.1014579353 0.0990734098 
 0.1002821148 0.0975697048 0.0949320288 
 0.0966255858 0.0936601872 0.0907807615 
 0.0929894676 0.0897861201 0.0866814071 
 0.0894262642 0.0860042909 0.0826950933 
 0.0859868157 0.0823688819 0.0788791888 
 0.0827182173 0.0789291039 0.0752846680 
 0.0796621518 0.0757274127 0.0719542628 
 0.0768538065 0.0727984846 0.0689215653 
 0.0743214401 0.0701689861 0.0662110725 
 0.0720865573 0.0678580456 0.0638390124 
 0.0701645713 0.0658782485 0.0618147092 
 0.0685657886 0.0642369440 0.0601422260 
 0.0672965451 0.0629376598 0.0588220535 
 0.0663603399 0.0619814565 0.0578526679 
 0.0657588456 0.0613680979 0.0572318410 
 0.0654927102 0.0610969601 0.0569576350 
 0.0655620951 0.0611676315 0.0570290501 
 0.0659669182 0.0615801822 0.0574463126 
 0.0667067917 0.0623350948 0.0582108007 
 0.0677806560 0.0634328572 0.0593246080 
 0.0691861300 0.0648732339 0.0607897516 
 0.0709186172 0.0666542438 0.0626070439 
 0.0729702354 0.0687709046 0.0647746722 
 0.0753286684 0.0712138399 0.0672865734 
 0.0779760764 0.0739678903 0.0701307428 
 0.0808882254 0.0770109124 0.0732876796 
 0.0840340107 0.0803129774 0.0767292155 
 0.0873755220 0.0838361730 0.0804179861 
 0.0908687439 0.0875351547 0.0843077623 
 0.0944648906 0.0913584926 0.0883447442 
 0.0981122648 0.0952507180 0.0924697589 
 0.1017584319 0.0991548427 0.0966211222 
 0.1053524431 0.1030150239 0.1007377823 
 0.1088468370 0.1067790299 0.1047623118 
 0.1121992061 0.1104002133 0.1086433596 
 0.1153732100 0.1138388175 0.1123373145 
 0.1183390214 0.1170625768 0.1158091041 
 0.1210732779 0.1200466896 0.1190322095 
 0.1235586687 0.1227733223 0.1219880863 
 0.1257833005 0.1252308269 0.1246652188 
 0.1277399765 0.1274128419 0.1270580217 
 0.1294254893 0.1293174071 0.1291657555 
 0.1308399965 0.1309461786 0.1309915615 
 0.1319865124 0.1323037842 0.1325416698 
 0.1328705267 0.1333973320 0.1338247899 
 0.1334997435 0.1342360603 0.1348516706 
 0.1338839273 0.1348311083 0.1356348002 
 0.1340348354 0.1351953839 0.1361882169 
 0.1339662190 0.1353435026 0.1365273981 
 0.1336938704 0.1352917748 0.1366692006 
 0.1332356925 0.1350582174 0.1366318297 
 0.1326117671 0.1346625671 0.1364348129 
 0.1318443905 0.1341262719 0.1360989584 
 0.1309580490 0.1334724364 0.1356462791 
 0.1299792998 0.1327256969 0.1350998631 
 0.1289365339 0.1319120067 0.1344836759 
 0.1278595993 0.1310583153 0.1338222819 
 0.1267792766 0.1301921349 0.1331404799 
 0.1257266160 0.1293409978 0.1324628550 
 0.1247321548 0.1285318184 0.1318132575 
 0.1238250558 0.1277901883 0.1312142269 
 0.1230322106 0.1271396368 0.1306863902 
 0.1223773620 0.1266009010 0.1302478629 
 0.1218802961 0.1261912458 0.1299136903 
 