0.1360892470 0.1340848069 0.1317985435 
 0.1359970273 0.1339762736 0.1316709519 
 0.1359571418 0.1339291443 0.1316153285 
 0.1359712245 0.1339450992 0.1316334138 
 0.1360389211 0.1340237726 0.1317248271 
 0.1361578932 0.1341627562 0.1318870715 
 0.1363238434 0.1343576265 0.1321155608 
 0.1365305616 0.1346019922 0.1324036714 
 0.1367699904 0.1348875626 0.1327428139 
 0.1370323076 0.1352042351 0.1331225270 
 0.1373060233 0.1355401972 0.1335305873 
 0.1375780887 0.1358820430 0.1339531349 
 0.1378340121 0.1362148970 0.1343748098 
 0.1380579793 0.1365225445 0.1347788948 
 0.1382329734 0.1367875615 0.1351474600 
 0.1383408893 0.1369914411 0.1354615047 
 0.1383626410 0.1371147114 0.1357010905 
 0.1382782551 0.1371370407 0.1358454622 
 0.1380669502 0.1370373274 0.1358731515 
 0.1377071992 0.1367937710 0.1357620618 
 0.1371767748 0.1363839263 0.1354895326 
 0.1364527828 0.1357847406 0.1350323856 
 0.1355116906 0.1349725849 0.1343669599 
 0.1343293692 0.1339232905 0.1334691479 
 0.1328811765 0.1326122212 0.1323144566 
 0.1311421298 0.1310144199 0.1308781327 
 0.1290872369 0.1291048975 0.1291354068 
 0.1266920819 0.1268591506 0.1270619427 
 0.1239337874 0.1242540256 0.1246345930 
 0.1207924863 0.1212690569 0.1218325888 
 0.1172534206 0.1178884015 0.1186392801 
 0.1133097163 0.1141034345 0.1150445078 
 0.1089657435 0.1099159498 0.1110475816 
 0.1042407499 0.1053417093 0.1066606676 
 0.0991721792 0.1004138222 0.1019121462 
 0.0938178350 0.0951851793 0.0968492520 
 0.0882559568 0.0897290316 0.0915391381 
 0.0825824792 0.0841369384 0.0860675687 
 0.0769053118 0.0785137800 0.0805348142 
 0.0713362773 0.0729702852 0.0750489842 
 0.0659820969 0.0676142795 0.0697177805 
 0.0609361664 0.0625423185 0.0646401823 
 0.0562726456 0.0578332769 0.0598996301 
 0.0520436904 0.0535448813 0.0555598343 
 0.0482798096 0.0497133567 0.0516635904 
 0.0449926540 0.0463556472 0.0482342598 
 0.0421792385 0.0434732840 0.0452791087 
 0.0398266307 0.0410569293 0.0427935685 
 0.0379163868 0.0390908301 0.0407656157 
 0.0364283179 0.0375567016 0.0391797242 
 0.0353434352 0.0364368277 0.0380201092 
 0.0346460901 0.0357163565 0.0372731841 
 0.0343254130 0.0353848668 0.0369292697 
 0.0343761721 0.0354373139 0.0369836411 
 0.0347991475 0.0358744452 0.0374369920 
 0.0356010705 0.0367027331 0.0382953597 
 0.0367941209 0.0379338172 0.0395695035 
 0.0383949174 0.0395833963 0.0412736830 
 0.0404228985 0.0416694718 0.0434237516 
 0.0428979711 0.0442098389 0.0460344862 
 0.0458373422 0.0472187680 0.0491161413 
 0.0492515529 0.0507029445 0.0526703513 
 0.0531399333 0.0546569443 0.0566857331 
 0.0574859738 0.0590588038 0.0611338052 
 0.0622534094 0.0638665200 0.0659660806 
 0.0673840154 0.0690164639 0.0711132592 
 0.0727980644 0.0744245593 0.0764872290 
 0.0783979778 0.0799905981 0.0819860347 
 0.0840749667 0.0856052934 0.0875012188 
 0.0897176149 0.0911588936 0.0929262527 
 0.0952207722 0.0965497097 0.0981644595 
 0.1004930642 0.1016909795 0.1031350287 
 0.1054618152 0.1065150511 0.1077763410 
 0.1100749724 0.1109746624 0.1120465658 
 0.1143003807 0.1150417747 0.1159220888 
 0.1181232232 0.1187048057 0.1193946086 
 0.1215425552 0.1219651484 0.1224677236 
 0.1245677096 0.1248336885 0.1251536343 
 0.1272150840 0.1273277603 0.1274703263 
 0.1295055530 0.1294687370 0.1294393784 
 0.1314625518 0.1312802710 0.1310843847 
 0.1331107569 0.1327870978 0.1324298966 
 0.1344752383 0.1340142791 0.1335007614 
 0.1355809539 0.1349867562 0.1343217383 
 0.1364524679 0.1357291070 0.1349172917 
 0.1371138079 0.1362654227 0.1353114872 
 0.1375883943 0.1366192481 0.1355279389 
 0.1378990034 0.1368135467 0.1355897736 
 0.1380677378 0.1368706675 0.1355195925 
 0.1381159885 0.1368123024 0.1353394185 
 0.1380643842 0.1366594262 0.1350706247 
 0.1379327232 0.1364322188 0.1347338430 
 0.1377398890 0.1361499696 0.1343488532 
 0.1375037514 0.1358309674 0.1339344573 
 0.1372410567 0.1354923788 0.1335083418 
 0.1369673105 0.1351501191 0.1330869340 
 0.1366966564 0.1348187216 0.1326852559 
 0.1364417570 0.1345112078 0.1323167819 
 0.1362136788 0.1342389649 0.1319933053 
 0.1360217862 0.1340116328 0.1317248154 
 0.1358736486 0.1338370057 0.1315193923 
 0.1357749617 0.1337209497 0.1313831188 
 0.1357294883 0.1336673402 0.1313200141 
 0.1357390173 0.1336780199 0.1313319891 
 0.1358033448 0.1337527785 0.1314188253 
 0.1359202762 0.1338893551 0.1315781775 
 0.1360856502 0.1340834633 0.1318055997 
 0.1362933834 0.1343288378 0.1320945949 
 0.1365355344 0.1346173016 0.1324366860 
 0.1368023857 0.1349388521 0.1328215085 
 0.1370825403 0.1352817635 0.1332369199 
 0.1373630297 0.1356327023 0.1336691259 
 0.1376294310 0.1359768529 0.1341028170 
 0.1378659874 0.1362980477 0.1345213125 
 0.1380557292 0.1365788994 0.1349067077 
 0.1381805903 0.1368009293 0.1352400173 
 0.1382215170 0.1369446870 0.1355013121 
 0.1381585636 0.1369898590 0.1356698427 
 0.1379709744 0.1369153608 0.1357241467 
 0.1376372482 0.1366994114 0.1356421370 
 0.1371351855 0.1363195891 0.1354011693 
 0.1364419234 0.1357528720 0.1349780906 
 0.1355339638 0.1349756680 0.1343492761 
 0.1343872129 0.1339638516 0.1334906640 
 0.1329770582 0.1326928292 0.1323778133 
 0.1312785284 0.1311376761 0.1309860182 
 0.1292666036 0.1292734049 0.1292905369 
 0.1269167687 0.1270754532 0.1272670109 
 0.1242059288 0.1245205024 0.1248921794 
 0.1211138199 0.1215877553 0.1221450107 
 0.1176250363 0.1182607975 0.1190083694 
 0.1137317319 0.1145301140 0.1154713074 
 0.1094369247 0.1103962228 0.1115319659 
 0.1047581190 0.1058731954 0.1072009177 
 0.0997306873 0.1009920753 0.1025045393 
 0.0944101961 0.0958034488 0.0974877564 
 0.0888727419 0.0903782658 0.0922153208 
 0.0832125328 0.0848061066 0.0867708062 
 0.0775364781 0.0791905284 0.0812528454 
 0.0719563348 0.0736418461 0.0757687548 
 0.0665797310 0.0682684781 0.0704264464 
 0.0615017915 0.0631684838 0.0653260833 
 0.0567989372 0.0584228948 0.0605530577 
 0.0525257710 0.0540919052 0.0561734788 
 0.0487151200 0.0502141821 0.0522326435 
 0.0453806018 0.0468088265 0.0487562246 
 0.0425207318 0.0438790879 0.0457534165 
 0.0401235921 0.0414168578 0.0432211059 
 0.0381713118 0.0394071468 0.0411482476 
 0.0366439120 0.0378320365 0.0395198673 
 0.0355223373 0.0366738646 0.0383203831 
 0.0347906766 0.0359176035 0.0375361454 
 0.0344376696 0.0355524992 0.0371572223 
 0.0344576184 0.0355730767 0.0371785108 
 0.0348508051 0.0359796032 0.0376002543 
 0.0356234666 0.0367780600 0.0384280122 
 0.0367873249 0.0379796219 0.0396720780 
 0.0383586137 0.0395995862 0.0413462978 
 0.0403565007 0.0416556582 0.0434662070 
 0.0428007839 0.0441654896 0.0460464076 
 0.0457087747 0.0471434102 0.0490971712 
 0.0490913789 0.0505964127 0.0526203852 
 0.0529485815 0.0545196553 0.0566051790 
 0.0572648103 0.0588920237 0.0610238345 
 0.0620049598 0.0636725717 0.0658288200 
 0.0671120635 0.0687988169 0.0709518722 
 0.0725075742 0.0741877557 0.0763058452 
 0.0780948218 0.0797400001 0.0817895186 
 0.0837654882 0.0853466840 0.0872948103 
 0.0894081056 0.0908980047 0.0927151472 
 0.0949169671 0.0962917712 0.0979534103 
 0.1001997503 0.1014403722 0.1029280435 
 0.1051826075 0.1062751103 0.1075765095 
 0.1098122647 0.1107476341 0.1118560190 
 0.1140554370 0.1148288944 0.1157420633 
 0.1178963562 0.1185064521 0.1192255742 
 0.1213333387 0.1217810272 0.1223095373 
 0.1243751852 0.1246630108 0.1250056912 
 0.1270379386 0.1271693967 0.1273316907 
 0.1293422570 0.1293213390 0.1293088891 
 0.1313114601 0.1311423602 0.1309607333 
 0.1329701771 0.1326571286 0.1323116847 
 0.1343434756 0.1338906809 0.1333865408 
 0.1354563388 0.1348679615 0.1342100394 
 0.1363333737 0.1356135705 0.1348066452 
 0.1369986619 0.1361516361 0.1352004417 
 0.1374756866 0.1365057518 0.1354150765 
 0.1377872948 0.1366989411 0.1354737248 
 0.1379556666 0.1367536243 0.1353990515 
 0.1380022794 0.1366915763 0.1352131584 
 0.1379478570 0.1365338668 0.1349375135 
 0.1378123018 0.1363007833 0.1345928589 
 0.1376146114 0.1360117349 0.1341990998 
 0.1373727791 0.1356851420 0.1337751782 
 0.1371036844 0.1353383138 0.1333389337 
 0.1368229741 0.1349873186 0.1329069579 
 0.1365449418 0.1346468509 0.1324944469 
 0.1362824060 0.1343301008 0.1321150567 
 0.1360465945 0.1340486289 0.1317807670 
 0.1358470370 0.1338122519 0.1315017564 
 0.1356914699 0.1336289419 0.1312862947 
 0.1355857569 0.1335047421 0.1311406522 
 0.1355338266 0.1334437021 0.1310690314 
 0.1355376308 0.1334478337 0.1310735201 
 0.1355971235 0.1335170890 0.1311540683 
 0.1357102611 0.1336493612 0.1313084888 
 0.1358730248 0.1338405075 0.1315324819 
 0.1360794640 0.1340843944 0.1318196829 
 0.1363217590 0.1343729640 0.1321617325 
 0.1365903022 0.1346963190 0.1325483682 
 0.1368737933 0.1350428247 0.1329675334 
 0.1371593481 0.1353992241 0.1334055034 
 0.1374326153 0.1357507642 0.1338470225 
 0.1376778973 0.1360813270 0.1342754492 
 0.1378782726 0.1363735626 0.1346729049 
 0.1380157137 0.1366090195 0.1350204193 
 0.1380711970 0.1367682667 0.1352980694 
 0.1380248014 0.1368310041 0.1354851062 
 0.1378557917 0.1367761574 0.1355600651 
 0.1375426852 0.1365819552 0.1355008569 
 0.1370633015 0.1362259875 0.1352848378 
 0.1363947982 0.1356852469 0.1348888615 
 0.1355136996 0.1349361611 0.1342893159 
 0.1343959348 0.1339546278 0.1334621593 
 0.1330169101 0.1327160765 0.1323829740 
 0.1313516599 0.1311955978 0.1310270756 
 0.1293751400 0.1293681964 0.1293697268 
 0.1270627560 0.1272092556 0.1273865367 
 0.1243912413 0.1246953205 0.1250541422 
 0.1213400195 0.1218053284 0.1223512940 
 0.1178931722 0.1185224111 0.1192604678 
 0.1140420795 0.1148363482 0.1157700901 
 0.1097886762 0.1107466451 0.1118773808 
 0.1051490584 0.1062660253 0.1075916559 
 0.1001569103 0.1014238763 0.1029377081 
 0.0948659533 0.0962689219 0.0979586296 
 0.0893504884 0.0908702315 0.0927172518 
 0.0837032403 0.0853157418 0.0872953792 
 0.0780302065 0.0797078740 0.0817902961 
 0.0724429886 0.0741565299 0.0763086316 
 0.0670498628 0.0687705289 0.0709584056 
 0.0619473002 0.0636490833 0.0658406741 
 0.0572135363 0.0588749304 0.0610423518 
 0.0529051751 0.0545102489 0.0566314485 
 0.0490569680 0.0505956946 0.0526552631 
 0.0456841873 0.0471521434 0.0491413344 
 0.0427866302 0.0441842743 0.0461004244 
 0.0403532632 0.0416850138 0.0435306125 
 0.0383667350 0.0396400293 0.0414216634 
 0.0368072830 0.0380317330 0.0397590690 
 0.0356558358 0.0368425361 0.0385274318 
 0.0348963008 0.0360572949 0.0377130713 
 0.0345171275 0.0356650105 0.0373058728 
 0.0345122646 0.0356598837 0.0373004514 
 0.0348816130 0.0360418171 0.0376967140 
 0.0356310304 0.0368164215 0.0384998654 
 0.0367718892 0.0379945238 0.0397198600 
 0.0383201306 0.0395911269 0.0413702524 
 0.0402947191 0.0416237272 0.0434663680 
 0.0427153738 0.0441098890 0.0460227169 
 0.0455994902 0.0470640134 0.0490496321 
 0.0489582553 0.0504933548 0.0525492460 
 0.0527921521 0.0543935415 0.0565111298 
 0.0570863174 0.0587441269 0.0609081902 
 0.0618065179 0.0635049811 0.0656936519 
 0.0668967293 0.0686144944 0.0708000488 
 0.0722792847 0.0739904660 0.0761409546 
 0.0778581862 0.0795341064 0.0816156700 
 0.0835254582 0.0851368355 0.0871163416 
 0.0891695817 0.0906887733 0.0925362958 
 0.0946844209 0.0960873102 0.0977780107 
 0.0999769313 0.1012441577 0.1027593046 
 0.1049723780 0.1060898005 0.1074168970 
 0.1096165657 0.1105750459 0.1117072416 
 0.1138753600 0.1146700728 0.1156051363 
 0.1177322795 0.1183617943 0.1191009307 
 0.1211850891 0.1216504276 0.1221971544 
 0.1242421947 0.1245459995 0.1249052107 
 0.1269193772 0.1270652577 0.1272425213 
 0.1292371365 0.1292292013 0.1292302856 
 0.1312187078 0.1310612639 0.1308918550 
 0.1328886854 0.1325860693 0.1322516344 
 0.1342721332 0.1338286380 0.1333343911 
 0.1353940484 0.1348139154 0.1341648497 
 0.1362790622 0.1355665131 0.1347674721 
 0.1369512855 0.1361105769 0.1351663468 
 0.1374342336 0.1364697225 0.1353851320 
 0.1377507876 0.1366669990 0.1354470194 
 0.1379231642 0.1367248564 0.1353746959 
 0.1379728795 0.1366651031 0.1351902912 
 0.1379206992 0.1365088475 0.1349153075 
 0.1377865715 0.1362764203 0.1345705281 
 0.1375895435 0.1359872795 0.1341759063 
 0.1373476626 0.1356599000 0.1337504390 
 0.1370778666 0.1353116510 0.1333120273 
 0.1367958652 0.1349586655 0.1328773304 
 0.1365160185 0.1346157077 0.1324616171 
 0.1362512151 0.1342960408 0.1320786207 
 0.1360127560 0.1340113020 0.1317404011 
 0.1358102458 0.1337713863 0.1314572196 
 0.1356514972 0.1335843451 0.1312374289 
 0.1355424506 0.1334563012 0.1310873825 
 0.1354871108 0.1333913826 0.1310113644 
 0.1354875043 0.1333916776 0.1310115412 
 0.1355436575 0.1334572121 0.1310879385 
 0.1356535962 0.1335859489 0.1312384401 
 0.1358133670 0.1337738106 0.1314588123 
 0.1360170804 0.1340147243 0.1317427504 
 0.1362569727 0.1343006864 0.1320819491 
 0.1365234865 0.1346218484 0.1324661928 
 0.1368053665 0.1349666177 0.1328834653 
 0.1370897673 0.1353217732 0.1333200748 
 0.1373623702 0.1356725912 0.1337607915 
 0.1376075048 0.1360029766 0.1341889933 
 0.1378082709 0.1362955968 0.1345868138 
 0.1379466573 0.1365320116 0.1349352893 
 0.1380036520 0.1366927965 0.1352144979 
 0.1379593413 0.1367576534 0.1354036870 
 0.1377929943 0.1367055067 0.1354813841 
 0.1374831296 0.1365145805 0.1354254892 
 0.1370075664 0.1361624581 0.1352133454 
 0.1363434603 0.1356261243 0.1348217913 
 0.1354673331 0.1348819976 0.1342271989 
 0.1343551102 0.1339059657 0.1334055093 
 0.1329821933 0.1326734473 0.1323322871 
 0.1313236090 0.1311595193 0.1309828274 
 0.1293543002 0.1293391681 0.1293323690 
 0.1270496490 0.1271877501 0.1273564890 
 0.1243863481 0.1246817680 0.1250317799 
 0.1213437536 0.1218000936 0.1223369278 
 0.1179058406 0.1185257593 0.1192543149 
 0.1140638322 0.1148484000 0.1157722353 
 0.1098194440 0.1107673218 0.1118877288 
 0.1051884879 0.1062949898 0.1076098792 
 0.1002043055 0.1014604788 0.1029631984 
 0.0949202408 0.0963121660 0.0979904648 
 0.0894102225 0.0909187740 0.0927541924 
 0.0837666602 0.0853679397 0.0873359050 
 0.0780953463 0.0797618806 0.0818326876 
 0.0725078265 0.0742104285 0.0763510876 
 0.0671124823 0.0688224830 0.0709991795 
 0.0620060331 0.0636974726 0.0658782020 
 0.0572670617 0.0589184503 0.0610753500 
 0.0529525632 0.0545479585 0.0566589661 
 0.0490976714 0.0506270148 0.0526766876 
 0.0457179928 0.0471768162 0.0491563588 
 0.0428135885 0.0442022981 0.0461089904 
 0.0403736140 0.0416965727 0.0435328442 
 0.0383808364 0.0396454251 0.0414178030 
 0.0368155536 0.0380313289 0.0397494218 
 0.0356587107 0.0368367128 0.0385123233 
 0.0348942010 0.0360464206 0.0376928177 
 0.0345104406 0.0356494222 0.0372807626 
 0.0345013350 0.0356398779 0.0372707374 
 0.0348667392 0.0360176488 0.0376626133 
 0.0356124683 0.0367883090 0.0384615668 
 0.0367498596 0.0379626596 0.0396775376 
 0.0382948323 0.0395556931 0.0413240853 
 0.0402663443 0.0415849163 0.0434165647 
 0.0426841285 0.0440679283 0.0459695440 
 0.0455656164 0.0470191917 0.0489934454 
 0.0489220545 0.0504460499 0.0524905186 
 0.0527540072 0.0543442426 0.0564504750 
 0.0570467081 0.0586934491 0.0608463703 
 0.0617660263 0.0634536645 0.0656315687 
 0.0668560312 0.0685633850 0.0707387127 
 0.0722391250 0.0739404785 0.0760814331 
 0.0778193411 0.0794861718 0.0815590230 
 0.0834886903 0.0850918447 0.0870635560 
 0.0891355965 0.0906475254 0.0924882305 
 0.0946538327 0.0960504770 0.0977353629 
 0.0999502458 0.1012122685 0.1027226006 
 0.1049499898 0.1060632468 0.1073865056 
 0.1095987701 0.1105541013 0.1116834018 
 0.1138623725 0.1146549203 0.1155879927 
 0.1177242579 0.1183525558 0.1190905679 
 0.1211821545 0.1216471897 0.1221936268 
 0.1242444483 0.1245488337 0.1249085644 
 0.1269269119 0.1270742339 0.1272528088 
 0.1292500446 0.1292443959 0.1292475738 
 0.1312370842 0.1310827631 0.1309162274 
 0.1329126282 0.1326139687 0.1322831903 
 0.1343017419 0.1338630398 0.1333732416 
 0.1354294209 0.1348549242 0.1342111117 
 0.1363202906 0.1356142305 0.1348212623 
 0.1369984519 0.1361650958 0.1352277739 
 0.1374874050 0.1365311206 0.1354542898 
 0.1378100112 0.1367353329 0.1355239789 
 0.1379884624 0.1368001553 0.1354594977 
 0.1380442451 0.1367473628 0.1352829387 
 0.1379980909 0.1365980248 0.1350157601 
 0.1378699095 0.1363724275 0.1346786945 
 0.1376787053 0.1360899800 0.1342916395 
 0.1374424797 0.1357691037 0.1338735310 
 0.1371781209 0.1354271106 0.1334422054 
 0.1369012865 0.1350800738 0.1330142538 
 0.1366262822 0.1347426949 0.1326048748 
 0.1363659401 0.1344281733 0.1322277298 
 0.1361315036 0.1341480807 0.1318948061 
 0.1359325188 0.1339122470 0.1316162928 
 0.1357767395 0.1337286582 0.1314004709 
 0.1356700473 0.1336033726 0.1312536238 
 0.1356163890 0.1335404553 0.1311799674 
 0.1356177344 0.1335419338 0.1311816033 
 0.1356740548 0.1336077757 0.1312584952 
 0.1357833232 0.1337358889 0.1314084694 
 0.1359415369 0.1339221452 0.1316272390 
 0.1361427599 0.1341604248 0.1319084521 
 0.1363791864 0.1344426827 0.1322437616 
 0.1366412210 0.1347590338 0.1326229164 
 0.1369175749 0.1350978543 0.1330338711 
 0.1371953735 0.1354458973 0.1334629110 
 0.1374602736 0.1357884181 0.1338947893 
 0.1376965840 0.1361093050 0.1343128715 
 0.1378873868 0.1363912122 0.1346992834 
 0.1380146560 0.1366156889 0.1350350557 
 0.1380593659 0.1367633010 0.1353002621 
 0.1380015899 0.1368137406 0.1354741447 
 0.1378205830 0.1367459202 0.1355352234 
 0.1374948481 0.1365380492 0.1354613857 
 0.1370021858 0.1361676910 0.1352299562 
 0.1363197295 0.1356118052 0.1348177473 
 0.1354239761 0.1348467794 0.1342010966 
 0.1342908240 0.1338484651 0.1333559028 
 0.1328956503 0.1325922434 0.1322576822 
 0.1312134659 0.1310531576 0.1308816818 
 0.1292192189 0.1292061763 0.1292031014 
 0.1268883362 0.1270266705 0.1271975051 
 0.1241976207 0.1244912167 0.1248415226 
 0.1211266388 0.1215788538 0.1221139614 
 0.1176597182 0.1182729182 0.1189974527 
 0.1137886186 0.1145635330 0.1154807172 
 0.1095158119 0.1104507183 0.1115614465 
 0.1048580954 0.1059479018 0.1072496343 
 0.0998499945 0.1010853528 0.1025709600 
 0.0945461481 0.0959128027 0.0975695741 
 0.0890217456 0.0905003540 0.0923094496 
 0.0833702372 0.0849368630 0.0868734797 
 0.0776980520 0.0793254059 0.0813598229 
 0.0721168363 0.0737761507 0.0758756170 
 0.0667345021 0.0683977366 0.0705289299 
 0.0616468028 0.0632887741 0.0654203930 
 0.0569310215 0.0585310813 0.0606360996 
 0.0526427217 0.0541857478 0.0562429812 
 0.0488156613 0.0502923240 0.0522871627 
 0.0454642655 0.0468706885 0.0487950596 
 0.0425876845 0.0439247089 0.0457764660 
 0.0401744500 0.0414467194 0.0432287055 
 0.0382069712 0.0394220098 0.0411410130 
 0.0366654094 0.0378328033 0.0394985609 
 0.0355307438 0.0366614755 0.0382858118 
 0.0347870248 0.0358929643 0.0374890893 
 0.0344229084 0.0355164368 0.0370983912 
 0.0344325896 0.0355263180 0.0371085256 
 0.0348162377 0.0359227721 0.0375196476 
 0.0355799848 0.0367116905 0.0383372465 
 0.0367354674 0.0379041839 0.0395715789 
 0.0382988637 0.0395155237 0.0412365015 
 0.0402893250 0.0415634390 0.0433476197 
 0.0427266810 0.0440656642 0.0459196753 
 0.0456283287 0.0470366768 0.0489631533 
 0.0490053165 0.0504836826 0.0524802244 
 0.0528578237 0.0544021082 0.0564603547 
 0.0571705104 0.0587711407 0.0608761843 
 0.0619085161 0.0635501337 0.0656805167 
 0.0670150981 0.0686768582 0.0708053478 
 0.0724118742 0.0740684735 0.0761636671 
 0.0780022479 0.0796256296 0.0816542345 
 0.0836778678 0.0852393620 0.0871687900 
 0.0893271285 0.0907996472 0.0926004521 
 0.0948441060 0.0962039891 0.0978517136 
 0.1001362179 0.1013644354 0.1028406092 
 0.1051293524 0.1062119599 0.1075042246 
 0.1097699992 0.1106979300 0.1117994613 
 0.1140246836 0.1147930814 0.1157015854 
 0.1178775003 0.1184848295 0.1192013860 
 0.1213266777 0.1217738098 0.1223017765 
 0.1243809684 0.1246703770 0.1250144758 
 0.1270563950 0.1271915208 0.1273571534 
 0.1293736131 0.1293584097 0.1293511956 
 0.1313559473 0.1311945882 0.1310200886 
 0.1330280329 0.1327247460 0.1323883298 
 0.1344149396 0.1339739341 0.1334807431 
 0.1355416452 0.1349671012 0.1343220797 
 0.1364327421 0.1357288388 0.1349368014 
 0.1371122863 0.1362832525 0.1353489718 
 0.1376037241 0.1366538989 0.1355822004 
 0.1379298537 0.1368637493 0.1356596069 
 0.1381127953 0.1369351574 0.1356037823 
 0.1381739547 0.1368898171 0.1354367379 
 0.1381339729 0.1367487038 0.1351798349 
 0.1380126599 0.1365319980 0.1348536935 
 0.1378289108 0.1362589903 0.1344780843 
 0.1376006079 0.1359479727 0.1340718028 
 0.1373445119 0.1356161171 0.1336525324 
 0.1370761447 0.1352793475 0.1332367013 
 0.1368096688 0.1349522086 0.1328393366 
 0.1365577676 0.1346477364 0.1324739217 
 0.1363315306 0.1343773354 0.1321522621 
 0.1361403469 0.1341506649 0.1318843627 
 0.1359918115 0.1339755403 0.1316783211 
 0.1358916469 0.1338578499 0.1315402391 
 0.1358436423 0.1338014922 0.1314741559 
 0.1358496128 0.1338083326 0.1314820027 
 0.1359093801 0.1338781834 0.1315635810 
 0.1360207737 0.1340088056 0.1317165652 
 0.1361796553 0.1341959337 0.1319365285 
 0.1363799630 0.1344333222 0.1322169919 
 0.1366137751 0.1347128129 0.1325494962 
 0.1368713920 0.1350244205 0.1329236933 
 0.1371414325 0.1353564349 0.1333274568 
 0.1374109423 0.1356955369 0.1337470063 
 0.1376655097 0.1360269223 0.1341670447 
 0.1378893866 0.1363344325 0.1345709011 
 0.1380656086 0.1366006855 0.1349406763 
 0.1381761112 0.1368072029 0.1352573859 
 0.1382018374 0.1369345297 0.1355010952 
 0.1381228338 0.1369623409 0.1356510414 
 0.1379183306 0.1368695329 0.1356857393 
 0.1375668063 0.1366342967 0.1355830683 
 0.1370460348 0.1362341737 0.1353203383 
 0.1363331200 0.1356460947 0.1348743381 
 0.1354045255 0.1348464115 0.1342213708 
 0.1342361165 0.1338109347 0.1333372912 
 0.1328032415 0.1325150039 0.1321975659 
 0.1310809008 0.1309336313 0.1307773947 
 0.1290440694 0.1290417836 0.1290519510 
 0.1266682708 0.1268148889 0.1269968197 
 0.1239305198 0.1242296841 0.1245887402 
 0.1208107697 0.1212655310 0.1218067757 
 0.1172939808 0.1179063240 0.1186340313 
 0.1133728645 0.1141430574 0.1150599996 
 0.1090512184 0.1099770026 0.1110835183 
 0.1043475540 0.1054232493 0.1067161479 
 0.0992984393 0.1005141039 0.1019855440 
 0.0939607280 0.0953015782 0.0969381410 
 0.0884117418 0.0898580623 0.0916402970 
 0.0827466635 0.0842743924 0.0861770922 
 0.0770729453 0.0786549861 0.0806483359 
 0.0715023357 0.0731104576 0.0751619856 
 0.0661418829 0.0677488937 0.0698259362 
 0.0610856526 0.0626674422 0.0647396742 
 0.0564087001 0.0579457988 0.0599873762 
 0.0521641636 0.0536426097 0.0556336004 
 0.0483834926 0.0497949960 0.0517219861 
 0.0450791464 0.0464206824 0.0482766427 
 0.0422487690 0.0435218146 0.0453054349 
 0.0398798696 0.0410894904 0.0428042252 
 0.0379542750 0.0391082275 0.0407612628 
 0.0364519279 0.0375598744 0.0391611606 
 0.0353538669 0.0364267458 0.0379881711 
 0.0346443989 0.0356939490 0.0372286750 
 0.0343125659 0.0353509794 0.0368729182 
 0.0343530252 0.0353926883 0.0369160828 
 0.0347664412 0.0358197172 0.0373587713 
 0.0355594380 0.0366384462 0.0382069482 
 0.0367441078 0.0378604486 0.0394713341 
 0.0383370120 0.0395013957 0.0411661974 
 0.0403575709 0.0415793111 0.0433074600 
 0.0428257213 0.0441120710 0.0459100372 
 0.0457587541 0.0471140923 0.0489843958 
 0.0491673508 0.0505922716 0.0525324523 
 0.0530510338 0.0545414511 0.0565431582 
 0.0573935231 0.0589399661 0.0609883883 
 0.0621587956 0.0637461104 0.0658199876 
 0.0672888474 0.0688965047 0.0709689120 
 0.0727041128 0.0743072324 0.0763471812 
 0.0783070849 0.0798781203 0.0818528171 
 0.0839889404 0.0854997819 0.0873771832 
 0.0896381268 0.0910622458 0.0928134432 
 0.0951492794 0.0964635207 0.0980645349 
 0.1004307687 0.1016165079 0.1030492433 
 0.1054096600 0.1064532324 0.1077055773 
 0.1100336688 0.1109261560 0.1119914024 
 0.1142704543 0.1150070293 0.1158828833 
 0.1181050653 0.1186841270 0.1193715788 
 0.1215364703 0.1219587596 0.1224610163 
 0.1245739540 0.1248417761 0.1251633764 
 0.1272338930 0.1273505060 0.1274966586 
 0.1295371578 0.1295063352 0.1294824729 
 0.1315071867 0.1313329360 0.1311444505 
 0.1331686602 0.1328550632 0.1325071763 
 0.1345466487 0.1340977906 0.1335955218 
 0.1356661027 0.1350860616 0.1344342571 
 0.1365515702 0.1358444438 0.1350478417 
 0.1372270518 0.1363970042 0.1354603193 
 0.1377159298 0.1367672491 0.1356952645 
 0.1380409315 0.1369780889 0.1357757470 
 0.1382240985 0.1370518052 0.1357242934 
 0.1382867500 0.1370100086 0.1355628352 
 0.1382494325 0.1368735792 0.1353126384 
 0.1381318517 0.1366625901 0.1349942133 
 0.1379527893 0.1363962128 0.1346272050 
 0.1377300049 0.1360926082 0.1342302696 
 0.1374801271 0.1357688063 0.1338209384 
 0.1372185371 0.1354405792 0.1334154762 
 0.1369592491 0.1351223115 0.1330287368 
 0.1367147917 0.1348268718 0.1326740236 
 0.1364960939 0.1345654923 0.1323629566 
 0.1363123809 0.1343476567 0.1321053526 
 0.1361710815 0.1341810035 0.1319091208 
 0.1360777515 0.1340712453 0.1317801768 
 0.1360360148 0.1340221071 0.1317223774 
 0.1360475245 0.1340352861 0.1317374778 
 0.1361119448 0.1341104329 0.1318251123 
 0.1362269550 0.1342451553 0.1319827981 
 0.1363882742 0.1344350448 0.1322059629 
 0.1365897079 0.1346737245 0.1324879963 
 0.1368232129 0.1349529174 0.1328203219 
 0.1370789797 0.1352625330 0.1331924900 
 0.1373455300 0.1355907704 0.1335922886 
 0.1376098247 0.1359242333 0.1340058678 
 0.1378573801 0.1362480546 0.1344178764 
 0.1380723881 0.1365460255 0.1348116033 
 0.1382378353 0.1368007255 0.1351691227 
 0.1383356176 0.1369936479 0.1354714339 
 0.1383466467 0.1371053169 0.1356985940 
 0.1382509435 0.1371153927 0.1358298379 
 0.1380277166 0.1370027595 0.1358436805 
 0.1376554246 0.1367455971 0.1357180011 
 0.1371118217 0.1363214338 0.1354301063 
 0.1363739907 0.1357071840 0.1349567762 
 0.1354183728 0.1348791790 0.1342742991 
 0.1342208115 0.1338132063 0.1333585086 
 0.1327566392 0.1324845836 0.1321848476 
 0.1310008561 0.1308683121 0.1307284977 
 0.1289284712 0.1289393739 0.1289646329 
 0.1265151019 0.1266732649 0.1268688820 
 0.1237379569 0.1240468789 0.1244181055 
 0.1205773336 0.1210398739 0.1215916126 
 0.1170187459 0.1176366395 0.1183729378 
 0.1130557284 0.1138289275 0.1147522521 
 0.1086932165 0.1096190822 0.1107293780 
 0.1039511804 0.1050236014 0.1063172010 
 0.0988679119 0.1000764971 0.1015450225 
 0.0935021158 0.0948316664 0.0964611509 
 0.0879328743 0.0893633625 0.0911338676 
 0.0822567731 0.0837639988 0.0856499759 
 0.0765820572 0.0781390165 0.0801105339 
 0.0710204925 0.0725993001 0.0746240477 
 0.0656783461 0.0672523876 0.0692981470 
 0.0606482352 0.0621941488 0.0642312803 
 0.0560033431 0.0575024909 0.0595059921 
 0.0517947972 0.0532340428 0.0551848806 
 0.0480521527 0.0494239503 0.0513095735 
 0.0447862700 0.0460882101 0.0479023461 
 0.0419935792 0.0432276037 0.0449695530 
 0.0396607722 0.0408322638 0.0425059335 
 0.0377692166 0.0388861172 0.0404989959 
 0.0362986884 0.0373707381 0.0389329495 
 0.0352302803 0.0362684127 0.0377919145 
 0.0345485087 0.0355643983 0.0370623428 
 0.0342427251 0.0352484595 0.0367346933 
 0.0343079527 0.0353157884 0.0368044512 
 0.0347452436 0.0357674006 0.0372725690 
 0.0355616029 0.0366100507 0.0381453727 
 0.0367694689 0.0378556585 0.0394339228 
 0.0383856866 0.0395201824 0.0411527738 
 0.0404298643 0.0416218410 0.0433180452 
 0.0429219946 0.0441785767 0.0459447251 
 0.0458792533 0.0472047060 0.0490431911 
 0.0493120022 0.0507068266 0.0526150803 
 0.0532192206 0.0546792686 0.0566488626 
 0.0575838743 0.0590996559 0.0611157470 
 0.0623690278 0.0639254274 0.0659667860 
 0.0675157085 0.0690923052 0.0711321137 
 0.0729434640 0.0745155624 0.0765230230 
 0.0785541324 0.0800944421 0.0820370283 
 0.0842385869 0.0857193067 0.0875652953 
 0.0898853791 0.0912803101 0.0930011325 
 0.0953896311 0.0966759328 0.0982479287 
 0.1006604868 0.1018198016 0.1032251395 
 0.1056259380 0.1066447972 0.1078715523 
 0.1102346461 0.1111042470 0.1121458136 
 0.1144551309 0.1151706860 0.1160247941 
 0.1182731547 0.1188330392 0.1195006386 
 0.1216882310 0.1220931156 0.1225773280 
 0.1247100302 0.1249621208 0.1252673721 
 0.1273551802 0.1274576215 0.1275889956 
 0.1296446999 0.1296011495 0.1295639541 
 0.1316021033 0.1314164578 0.1312159668 
 0.1332520981 0.1329283383 0.1325696676 
 0.1346197524 0.1341618748 0.1336499521 
 0.1357299974 0.1351420043 0.1344815980 
 0.1366073529 0.1358932780 0.1350890626 
 0.1372757864 0.1364397414 0.1354963802 
 0.1377586449 0.1368048750 0.1357271106 
 0.1380786186 0.1370115601 0.1358043032 
 0.1382577101 0.1370820458 0.1357504595 
 0.1383171977 0.1370379062 0.1355874799 
 0.1382775836 0.1368999809 0.1353365934 
 0.1381585263 0.1366882970 0.1350182664 
 0.1379787561 0.1364219753 0.1346520939 
 0.1377559772 0.1361191205 0.1342566751 
 0.1375067584 0.1357967014 0.1338494784 
 0.1372464172 0.1354704239 0.1334466994 
 0.1369889001 0.1351546020 0.1330631182 
 0.1367466646 0.1348620302 0.1327119602 
 0.1365305661 0.1346038636 0.1324047645 
 0.1363497541 0.1343895071 0.1321512651 
 0.1362115804 0.1342265192 0.1319592875 
 0.1361215235 0.1341205326 0.1318346641 
 0.1360831307 0.1340751935 0.1317811701 
 0.1360979796 0.1340921224 0.1318004818 
 0.1361656617 0.1341708960 0.1318921580 
 0.1362837862 0.1343090520 0.1320536447 
 0.1364480065 0.1345021163 0.1322803040 
 0.1366520664 0.1347436514 0.1325654653 
 0.1368878664 0.1350253256 0.1329004984 
 0.1371455461 0.1353369997 0.1332749068 
 0.1374135819 0.1356668303 0.1336764382 
 0.1376788955 0.1360013851 0.1340912099 
 0.1379269701 0.1363257674 0.1345038445 
 0.1381419698 0.1366237450 0.1348976119 
 0.1383068592 0.1368778799 0.1352545732 
 0.1384035176 0.1370696534 0.1355557209 
 0.1384128440 0.1371795827 0.1357811105 
 0.1383148509 0.1371873245 0.1359099797 
 0.1380887419 0.1370717639 0.1359208502 
 0.1377129728 0.1368110837 0.1357916106 
 0.1371652969 0.1363828173 0.1354995796 
 0.1364227974 0.1357638855 0.1350215504 
 0.1354619165 0.1349306271 0.1343338255 
 0.1342584996 0.1338588375 0.1334122536 
 0.1327878828 0.1325238440 0.1322322940 
 0.1310250733 0.1309006604 0.1307691471 
 0.1289450936 0.1289642872 0.1289980107 
 0.1265235873 0.1266902492 0.1268945467 
 0.1237378095 0.1240554871 0.1244356636 
 0.1205681350 0.1210397330 0.1216007423 
 0.1170001991 0.1176274895 0.1183734227 
 0.1130277145 0.1138106720 0.1147440250 
 0.1086558614 0.1095918485 0.1107125742 
 0.1039049238 0.1049878039 0.1062922144 
 0.0988135645 0.1000328910 0.1015125557 
 0.0934408882 0.0947813781 0.0964222452 
 0.0878663599 0.0893078786 0.0910898980 
 0.0821868743 0.0837051044 0.0856026011 
 0.0765108587 0.0780786824 0.0800615995 
 0.0709500984 0.0725395346 0.0745754535 
 0.0656107123 0.0671950786 0.0692517019 
 0.0605850279 0.0621409268 0.0641885710 
 0.0559458478 0.0574546360 0.0594682905 
 0.0517438868 0.0531924476 0.0551530997 
 0.0480083076 0.0493891328 0.0512842729 
 0.0447496359 0.0460603643 0.0478837740 
 0.0419640429 0.0432066703 0.0449577104 
 0.0396380403 0.0408180053 0.0425006446 
 0.0377528863 0.0388781868 0.0404999745 
 0.0362883051 0.0373687360 0.0389398539 
 0.0352253800 0.0362719286 0.0378043897 
 0.0345486477 0.0355730407 0.0370800492 
 0.0342474977 0.0352618727 0.0367573238 
 0.0343170002 0.0353336609 0.0368317382 
 0.0347582562 0.0357894656 0.0373042837 
 0.0355783156 0.0366360805 0.0381813170 
 0.0367896539 0.0378854532 0.0394739153 
 0.0384091402 0.0395535542 0.0411966301 
 0.0404563909 0.0416585933 0.0433655528 
 0.0429513866 0.0442184798 0.0459956145 
 0.0459112692 0.0472474699 0.0490971053 
 0.0493463425 0.0507520744 0.0526715459 
 0.0532555072 0.0547265136 0.0567072680 
 0.0576216344 0.0591482884 0.0611753336 
 0.0624076896 0.0639747156 0.0660266588 
 0.0675546093 0.0691414150 0.0711912726 
 0.0729818753 0.0745635947 0.0765804144 
 0.0785912965 0.0801404840 0.0820916088 
 0.0842737607 0.0857624869 0.0876160963 
 0.0899178756 0.0913198483 0.0930473123 
 0.0954188510 0.0967111730 0.0982888045 
 0.1006859354 0.1018502256 0.1032601947 
 0.1056472264 0.1066700192 0.1079004226 
 0.1102514800 0.1111239941 0.1121682592 
 0.1144672916 0.1151847712 0.1160406653 
 0.1182804784 0.1188413338 0.1195098431 
 0.1216905897 0.1220955250 0.1225798023 
 0.1247073157 0.1249585653 0.1252630610 
 0.1273472932 0.1274480238 0.1275778386 
 0.1296315433 0.1295854275 0.1295458781 
 0.1315835793 0.1313945217 0.1311908840 
 0.1332281078 0.1329000911 0.1325374772 
 0.1345901974 0.1341272149 0.1336105438 
 0.1356947828 0.1351008299 0.1344348577 
 0.1365663909 0.1358454922 0.1350348789 
 0.1372290008 0.1363852577 0.1354346512 
 0.1377059756 0.1367436232 0.1356577513 
 0.1380200261 0.1369434924 0.1357272527 
 0.1381931802 0.1370071425 0.1356656879 
 0.1382467459 0.1369561814 0.1354949954 
 0.1382012598 0.1368114879 0.1352364487 
 0.1380764182 0.1365931333 0.1349105646 
 0.1378909937 0.1363202872 0.1345369937 
 0.1376627357 0.1360111070 0.1341343956 
 0.1374082616 0.1356826179 0.1337203026 
 0.1371429401 0.1353505847 0.1333109774 
 0.1368807709 0.1350293828 0.1329212695 
 0.1366342669 0.1347318697 0.1325644748 
 0.1364143398 0.1344692643 0.1322522036 
 0.1362301966 0.1342510358 0.1319942612 
 0.1360892470 0.1340848069 0.1317985435 
 