0.1221477763 0.1186888771 0.1149765706 
 0.1219375107 0.1184493548 0.1147057098 
 0.1218453606 0.1183446252 0.1145875310 
 0.1218731349 0.1183765922 0.1146240302 
 0.1220201679 0.1185445621 0.1148144854 
 0.1222833270 0.1188452507 0.1151554630 
 0.1226570474 0.1192728167 0.1156408474 
 0.1231333931 0.1198189216 0.1162618944 
 0.1237021466 0.1204728189 0.1170073150 
 0.1243509263 0.1212214745 0.1178633924 
 0.1250653325 0.1220497196 0.1188141371 
 0.1258291185 0.1229404358 0.1198414825 
 0.1266243856 0.1238747702 0.1209255183 
 0.1274317947 0.1248323742 0.1220447587 
 0.1282307893 0.1257916590 0.1231764353 
 0.1289998203 0.1267300586 0.1242968034 
 0.1297165655 0.1276242884 0.1253814489 
 0.1303581343 0.1284505891 0.1264055809 
 0.1309012507 0.1291849475 0.1273442973 
 0.1313224090 0.1298032849 0.1281728145 
 0.1315979990 0.1302816103 0.1288666542 
 0.1317044017 0.1305961377 0.1294017855 
 0.1316180582 0.1307233699 0.1297547263 
 0.1313155217 0.1306401584 0.1299026109 
 0.1307735097 0.1303237531 0.1298232390 
 0.1299689795 0.1297518654 0.1294951253 
 0.1288792678 0.1289027755 0.1288975788 
 0.1274823462 0.1277555310 0.1280108502 
 0.1257572646 0.1262902967 0.1268163976 
 0.1236848703 0.1244889291 0.1252973337 
 0.1212488945 0.1223358588 0.1234391232 
 0.1184374896 0.1198193554 0.1212305986 
 0.1152452509 0.1169332201 0.1186653418 
 0.1116756681 0.1136788816 0.1157434291 
 0.1077438127 0.1100677651 0.1124734569 
 0.1034788875 0.1061236555 0.1088746513 
 0.0989261026 0.1018846309 0.1049787375 
 0.0941472506 0.0974040343 0.1008311403 
 0.0892194363 0.0927499707 0.0964910627 
 0.0842317095 0.0880029993 0.0920300889 
 0.0792798171 0.0832520474 0.0875292024 
 0.0744598053 0.0785890083 0.0830744616 
 0.0698615476 0.0741028565 0.0787519150 
 0.0655633228 0.0698742684 0.0746425590 
 0.0616282732 0.0659716033 0.0708181370 
 0.0581030833 0.0624487469 0.0673383642 
 0.0550187132 0.0593448716 0.0642498128 
 0.0523926631 0.0566857946 0.0615863413 
 0.0502321078 0.0544864012 0.0593706937 
 0.0485372800 0.0527535559 0.0576167827 
 0.0473046327 0.0514890085 0.0563321796 
 0.0465294834 0.0506919405 0.0555204232 
 0.0462079906 0.0503609329 0.0551828756 
 0.0463384058 0.0504952412 0.0553199560 
 0.0469215936 0.0510953315 0.0559316658 
 0.0479608194 0.0521626608 0.0570173722 
 0.0494608045 0.0536987069 0.0585748608 
 0.0514260474 0.0557032779 0.0605987204 
 0.0538584406 0.0581721806 0.0630781878 
 0.0567542880 0.0610944176 0.0659946793 
 0.0601009496 0.0644492087 0.0693193501 
 0.0638735160 0.0682032768 0.0730111299 
 0.0680320780 0.0723089550 0.0770157337 
 0.0725202605 0.0767036905 0.0812660903 
 0.0772656346 0.0813113800 0.0856844329 
 0.0821823485 0.0860456575 0.0901859719 
 0.0871758630 0.0908148165 0.0946836991 
 0.0921491434 0.0955276360 0.0990935891 
 0.0970092674 0.1000991336 0.1033393584 
 0.1016732983 0.1044553099 0.1073560814 
 0.1060725153 0.1085362430 0.1110922665 
 0.1101545592 0.1122973261 0.1145103642 
 0.1138835680 0.1157088496 0.1175859751 
 0.1172387558 0.1187543900 0.1203061932 
 0.1202120557 0.1214285531 0.1226675378 
 0.1228054205 0.1237345523 0.1246738508 
 0.1250282290 0.1256819657 0.1263344107 
 0.1268950641 0.1272848613 0.1276623903 
 0.1284239713 0.1285603536 0.1286736907 
 0.1296351919 0.1295275704 0.1293861184 
 0.1305503037 0.1302069620 0.1298188459 
 0.1311916781 0.1306198709 0.1299920824 
 0.1315821596 0.1307882838 0.1299268889 
 0.1317448906 0.1307346969 0.1296450821 
 0.1317032192 0.1304820454 0.1291691826 
 0.1314806459 0.1300536568 0.1285223754 
 0.1311007788 0.1294732027 0.1277284585 
 0.1305872764 0.1287646310 0.1268117626 
 0.1299637674 0.1279520670 0.1257970313 
 0.1292537400 0.1270596783 0.1247092560 
 0.1284803997 0.1261115011 0.1235734648 
 0.1276664962 0.1251312318 0.1224144698 
 0.1268341252 0.1241419889 0.1212565800 
 0.1260045110 0.1231660551 0.1201232941 
 0.1251977784 0.1222246090 0.1190369841 
 0.1244327231 0.1213374593 0.1180185878 
 0.1237265884 0.1205227909 0.1170873201 
 0.1230948579 0.1197969326 0.1162604170 
 0.1225510688 0.1191741536 0.1155529168 
 0.1221066505 0.1186664924 0.1149774841 
 0.1217707920 0.1182836188 0.1145442732 
 0.1215503379 0.1180327304 0.1142608302 
 0.1214497134 0.1179184785 0.1141320265 
 0.1214708769 0.1179429235 0.1141600201 
 0.1216133001 0.1181055156 0.1143442400 
 0.1218739738 0.1184031013 0.1146813913 
 0.1222474408 0.1188299540 0.1151654827 
 0.1227258558 0.1193778323 0.1157878773 
 0.1232990730 0.1200360668 0.1165373725 
 0.1239547623 0.1207916780 0.1174003142 
 0.1246785543 0.1216295280 0.1183607490 
 0.1254542115 0.1225325048 0.1194006174 
 0.1262638242 0.1234817368 0.1204999868 
 0.1270880238 0.1244568346 0.1216373209 
 0.1279062087 0.1254361486 0.1227897752 
 0.1286967733 0.1263970371 0.1239335091 
 0.1294373319 0.1273161295 0.1250439980 
 0.1301049286 0.1281695773 0.1260963340 
 0.1306762259 0.1289332807 0.1270654990 
 0.1311276653 0.1295830837 0.1279266026 
 0.1314355978 0.1300949329 0.1286550752 
 0.1315763831 0.1304449999 0.1292268167 
 0.1315264619 0.1306097683 0.1296183020 
 0.1312624099 0.1305660965 0.1298066518 
 0.1307609879 0.1302912669 0.1297696815 
 0.1299992147 0.1297630461 0.1294859494 
 0.1289544971 0.1289597848 0.1289348293 
 0.1276048699 0.1278606040 0.1280966477 
 0.1259294148 0.1264457229 0.1269529318 
 0.1239089427 0.1246970032 0.1254868303 
 0.1215270318 0.1225987880 0.1236837741 
 0.1187715045 0.1201391129 0.1215324453 
 0.1156363818 0.1173113358 0.1190261025 
 0.1121242732 0.1141161708 0.1161642663 
 0.1082490229 0.1105640083 0.1129546932 
 0.1040382649 0.1066772624 0.1094154555 
 0.0995353683 0.1024923424 0.1055768224 
 0.0948001611 0.0980607312 0.1014825283 
 0.0899078773 0.0934486577 0.0971899841 
 0.0849460409 0.0887350137 0.0927690648 
 0.0800094497 0.0840074968 0.0882993393 
 0.0751939255 0.0793573886 0.0838659360 
 0.0705898708 0.0748737556 0.0795545843 
 0.0662767460 0.0706380385 0.0754466034 
 0.0623193330 0.0667198987 0.0716146311 
 0.0587661760 0.0631748603 0.0681197002 
 0.0556500898 0.0600438544 0.0650099351 
 0.0529902490 0.0573543872 0.0623207931 
 0.0507952143 0.0551228249 0.0600765088 
 0.0490662692 0.0533572258 0.0582922694 
 0.0478005848 0.0520602187 0.0569766473 
 0.0469938967 0.0512315591 0.0561338928 
 0.0466425286 0.0508701300 0.0557658039 
 0.0467446960 0.0509752614 0.0558729932 
 0.0473010753 0.0515473145 0.0564554558 
 0.0483146376 0.0525875090 0.0575124002 
 0.0497897456 0.0540970009 0.0590413530 
 0.0517305166 0.0560752386 0.0610365957 
 0.0541384814 0.0585176811 0.0634870652 
 0.0570096462 0.0614130443 0.0663739410 
 0.0603311817 0.0647403721 0.0696682565 
 0.0640781373 0.0684663638 0.0733289756 
 0.0682107369 0.0725435067 0.0773020257 
 0.0726729162 0.0769095811 0.0815207204 
 0.0773927078 0.0814889648 0.0859078143 
 0.0822848142 0.0861958609 0.0903791108 
 0.0872552625 0.0909391403 0.0948481880 
 0.0922075111 0.0956280847 0.0992315221 
 0.0970489861 0.1001780741 0.1034531871 
 0.1016969156 0.1045152940 0.1074484396 
 0.1060825550 0.1085798262 0.1111657956 
 0.1101533605 0.1123269117 0.1145675619 
 0.1138731698 0.1157265727 0.1176290832 
 0.1172208311 0.1187620475 0.1203371262 
 0.1201878901 0.1214275736 0.1226878495 
 0.1227759234 0.1237259976 0.1246847299 
 0.1249939644 0.1256665515 0.1263366950 
 0.1268562914 0.1272629894 0.1276565934 
 0.1283806879 0.1285321485 0.1286600328 
 0.1295871739 0.1294929151 0.1293645598 
 0.1304971429 0.1301655329 0.1297891196 
 0.1311328151 0.1305711701 0.1299537254 
 0.1315169132 0.1307316693 0.1298792734 
 0.1316724852 0.1306694118 0.1295874457 
 0.1316228107 0.1304072462 0.1291006594 
 0.1313913474 0.1299684419 0.1284420273 
 0.1310016855 0.1293766415 0.1276353080 
 0.1304774914 0.1286557932 0.1267048263 
 0.1298424273 0.1278300524 0.1256753541 
 0.1291200401 0.1269236463 0.1245719450 
 0.1283336184 0.1259606989 0.1234197221 
 0.1275060184 0.1249650214 0.1222436225 
 0.1266594630 0.1239598707 0.1210681076 
 0.1258153223 0.1229676883 0.1199168505 
 0.1249938818 0.1220098283 0.1188124149 
 0.1242141091 0.1211062865 0.1177759419 
 0.1234934276 0.1202754420 0.1168268560 
 0.1228475050 0.1195338215 0.1159826040 
 0.1222900629 0.1188958911 0.1152584329 
 0.1218327136 0.1183738825 0.1146672095 
 0.1214848238 0.1179776527 0.1142192831 
 0.1212534090 0.1177145784 0.1139223850 
 0.1211430569 0.1175894804 0.1137815619 
 0.1211558779 0.1176045779 0.1137991365 
 0.1212914843 0.1177594683 0.1139746910 
 0.1215469942 0.1180511317 0.1143050716 
 0.1219170636 0.1184739607 0.1147844137 
 0.1223939439 0.1190198165 0.1154041914 
 0.1229675686 0.1196781137 0.1161532941 
 0.1236256685 0.1204359367 0.1170181387 
 0.1243539151 0.1212781897 0.1179828184 
 0.1251360922 0.1221877797 0.1190292945 
 0.1259542916 0.1231458316 0.1201376285 
 0.1267891279 0.1241319301 0.1212862514 
 0.1276199666 0.1251243803 0.1224522619 
 0.1284251559 0.1261004782 0.1236117408 
 0.1291822538 0.1270367786 0.1247400690 
 0.1298682427 0.1279093505 0.1258122326 
 0.1304597214 0.1286940086 0.1268031034 
 0.1309330707 0.1293665140 0.1276876820 
 0.1312645873 0.1299027373 0.1284412973 
 0.1314305864 0.1302787850 0.1290397597 
 0.1314074767 0.1304710901 0.1294594707 
 0.1311718153 0.1304564758 0.1296774956 
 0.1307003583 0.1302122059 0.1296716139 
 0.1299701300 0.1297160422 0.1294203653 
 0.1289585473 0.1289463401 0.1289031187 
 0.1276436485 0.1278822250 0.1281002016 
 0.1260044949 0.1265039061 0.1269931363 
 0.1240218275 0.1247931989 0.1255650419 
 0.1216790722 0.1227343352 0.1238012712 
 0.1189637736 0.1203151368 0.1216903475 
 0.1158695054 0.1175286046 0.1192252528 
 0.1123982179 0.1143749105 0.1164050754 
 0.1085628589 0.1108636874 0.1132369510 
 0.1043899347 0.1070163693 0.1097381266 
 0.0999215074 0.1028681922 0.1059378525 
 0.0952160250 0.0984693494 0.1018787020 
 0.0903474219 0.0938847869 0.0976168744 
 0.0854021790 0.0891922751 0.0932211104 
 0.0804744670 0.0844787079 0.0887700629 
 0.0756599983 0.0798350011 0.0843482889 
 0.0710495979 0.0753503477 0.0800413718 
 0.0667236057 0.0711067784 0.0759309232 
 0.0627479980 0.0671749094 0.0720902580 
 0.0591726575 0.0636114415 0.0685813640 
 0.0560317213 0.0604585517 0.0654534670 
 0.0533455473 0.0577449295 0.0627431428 
 0.0511236654 0.0554879687 0.0604756575 
 0.0493680856 0.0536965476 0.0586670733 
 0.0480764684 0.0523738937 0.0573266468 
 0.0472448296 0.0515201522 0.0564591173 
 0.0468696023 0.0511344156 0.0560665926 
 0.0469489819 0.0512160802 0.0561498443 
 0.0474835358 0.0517654689 0.0567089118 
 0.0484760740 0.0527836976 0.0577429711 
 0.0499307809 0.0542717898 0.0592494771 
 0.0518516109 0.0562290678 0.0612226383 
 0.0542399783 0.0586509039 0.0636513506 
 0.0570918476 0.0615259964 0.0665168145 
 0.0603944462 0.0648334625 0.0697901674 
 0.0641229914 0.0685401772 0.0734305690 
 0.0682379842 0.0725989018 0.0773842263 
 0.0726837253 0.0769477639 0.0815847919 
 0.0773886566 0.0815115214 0.0859553772 
 0.0822678771 0.0862047360 0.0904121125 
 0.0872277347 0.0909365619 0.0948688264 
 0.0921718825 0.0956164465 0.0992421344 
 0.0970077872 0.1001597971 0.1034561255 
 0.1016525633 0.1044926920 0.1074459534 
 0.1060372262 0.1085549971 0.1111599359 
 0.1101089076 0.1123016642 0.1145601193 
 0.1138310823 0.1157023931 0.1176215570 
 0.1171822373 0.1187400985 0.1203307219 
 0.1201535862 0.1214087168 0.1226834953 
 0.1227464178 0.1237108280 0.1246831037 
 0.1249695265 0.1256554372 0.1263382560 
 0.1268369974 0.1272561087 0.1276616121 
 0.1283664600 0.1285295222 0.1286686185 
 0.1295778121 0.1294944339 0.1293766834 
 0.1304923492 0.1301709782 0.1298046316 
 0.1311322113 0.1305802307 0.1299723716 
 0.1315200551 0.1307439544 0.1299007069 
 0.1316788732 0.1306844620 0.1296112378 
 0.1316318993 0.1304245433 0.1291263097 
 0.1314025533 0.1299874181 0.1284689740 
 0.1310143959 0.1293966890 0.1276629384 
 0.1304910729 0.1286762741 0.1267324884 
 0.1298562345 0.1278503098 0.1257023688 
 0.1291334256 0.1269430152 0.1245976201 
 0.1283459428 0.1259785189 0.1234433663 
 0.1275166605 0.1249806484 0.1222645600 
 0.1266678303 0.1239726893 0.1210856925 
 0.1258208602 0.1229771236 0.1199304803 
 0.1249960831 0.1220153557 0.1188215429 
 0.1242125216 0.1211074413 0.1177800871 
 0.1234876604 0.1202718264 0.1168256112 
 0.1228372337 0.1195251098 0.1159756412 
 0.1222750326 0.1188818328 0.1152455062 
 0.1218127402 0.1183543037 0.1146481560 
 0.1214597944 0.1179524556 0.1141940211 
 0.1212232807 0.1176837391 0.1138909114 
 0.1211078540 0.1175530461 0.1137439481 
 0.1211156889 0.1175626629 0.1137555237 
 0.1212464575 0.1177122489 0.1139252849 
 0.1214973336 0.1179988416 0.1142501368 
 0.1218630233 0.1184168855 0.1147242681 
 0.1223358231 0.1189582877 0.1153392001 
 0.1229057055 0.1196125030 0.1160838639 
 0.1235604344 0.1203666495 0.1169447107 
 0.1242857078 0.1212056580 0.1179058619 
 0.1250653296 0.1221124554 0.1189492988 
 0.1258814045 0.1230681791 0.1200550955 
 0.1267145535 0.1240524182 0.1212016868 
 0.1275441411 0.1250434751 0.1223661667 
 0.1283485080 0.1260186349 0.1235246026 
 0.1291051985 0.1269544346 0.1246523537 
 0.1297911748 0.1278269183 0.1257243768 
 0.1303830106 0.1286118701 0.1267155071 
 0.1308570562 0.1292850144 0.1276007023 
 0.1311895736 0.1298221805 0.1283552432 
 0.1313568396 0.1301994296 0.1289548875 
 0.1313352210 0.1303931452 0.1293759802 
 0.1311012295 0.1303800981 0.1295955266 
 0.1306315730 0.1301374962 0.1295912432 
 0.1299032241 0.1296430419 0.1293416033 
 0.1288935442 0.1288750280 0.1288259065 
 0.1275805118 0.1278125128 0.1280244069 
 0.1259431234 0.1264356341 0.1269185493 
 0.1239620495 0.1247261308 0.1254913714 
 0.1216206393 0.1226681535 0.1237281403 
 0.1189063557 0.1202494393 0.1216172914 
 0.1158126868 0.1174629027 0.1191517185 
 0.1123414985 0.1143086331 0.1163304267 
 0.1085056612 0.1107961907 0.1131604798 
 0.1043316203 0.1069469564 0.1096590731 
 0.0998614038 0.1027961421 0.1058554355 
 0.0951534625 0.0983939558 0.1017921585 
 0.0902817768 0.0938054033 0.0975255054 
 0.0853329174 0.0891083591 0.0931243270 
 0.0804011802 0.0843898576 0.0886674260 
 0.0755824237 0.0797409767 0.0842395342 
 0.0709676202 0.0752510723 0.0799264147 
 0.0666372389 0.0710023189 0.0758098430 
 0.0626573527 0.0670654415 0.0719632643 
 0.0590779005 0.0634972057 0.0684487521 
 0.0559330352 0.0603398085 0.0653155703 
 0.0532430967 0.0576219218 0.0626002909 
 0.0510175721 0.0553608939 0.0603281445 
 0.0492584155 0.0535655433 0.0585151402 
 0.0479632290 0.0522390355 0.0571704780 
 0.0471279770 0.0513814636 0.0562988507 
 0.0467490573 0.0509918878 0.0559023418 
 0.0468246536 0.0510697013 0.0559817314 
 0.0473553523 0.0516152603 0.0565371078 
 0.0483440199 0.0526297577 0.0575677426 
 0.0497949411 0.0541143420 0.0590712364 
 0.0517122183 0.0560685108 0.0610419919 
 0.0540974633 0.0584878595 0.0634691410 
 0.0569468821 0.0613613478 0.0663341478 
 0.0602479771 0.0646683757 0.0696084185 
 0.0639762516 0.0683760952 0.0732513571 
 0.0680924745 0.0724375063 0.0772093576 
 0.0725411599 0.0767909016 0.0814161708 
 0.0772508744 0.0813611004 0.0857948957 
 0.0821367269 0.0860626052 0.0902615336 
 0.0871049528 0.0908043928 0.0947296799 
 0.0920589829 0.0954956378 0.0991156426 
 0.0969059828 0.1000514161 0.1033431681 
 0.1015627311 0.1043974605 0.1073470741 
 0.1059599151 0.1084733169 0.1110753832 
 0.1100443812 0.1122336721 0.1144899090 
 0.1137793828 0.1156480303 0.1175655435 
 0.1171432557 0.1186991823 0.1202886672 
 0.1201271281 0.1213810039 0.1226551275 
 0.1227322574 0.1236960650 0.1246681617 
 0.1249674461 0.1256533957 0.1263365205 
 0.1268468130 0.1272666078 0.1276729234 
 0.1283880349 0.1285524390 0.1286928839 
 0.1296110607 0.1295297051 0.1294138767 
 0.1305372347 0.1302185954 0.1298547869 
 0.1311887383 0.1306402319 0.1300355730 
 0.1315882596 0.1308164122 0.1299770752 
 0.1317588103 0.1307694699 0.1297009156 
 0.1317236301 0.1305222009 0.1292294449 
 0.1315061314 0.1300978159 0.1285857025 
 0.1311298537 0.1295198925 0.1277933665 
 0.1306184077 0.1288123090 0.1268766753 
 0.1299953961 0.1279991468 0.1258603104 
 0.1292843044 0.1271045569 0.1247692336 
 0.1285083590 0.1261525880 0.1236284776 
 0.1276903556 0.1251669781 0.1224628937 
 0.1268524599 0.1241709167 0.1212968647 
 0.1260159897 0.1231867843 0.1201539951 
 0.1252011846 0.1222358830 0.1190567921 
 0.1244269735 0.1213381660 0.1180263526 
 0.1237107486 0.1205119797 0.1170820697 
 0.1230681536 0.1197738271 0.1162413701 
 0.1225128933 0.1191381589 0.1155194903 
 0.1220565687 0.1186171981 0.1149292940 
 0.1217085402 0.1182207979 0.1144811322 
 0.1214758208 0.1179563344 0.1141827400 
 0.1213629982 0.1178286302 0.1140391687 
 0.1213721855 0.1178399070 0.1140527445 
 0.1215029991 0.1179897656 0.1142230520 
 0.1217525635 0.1182751905 0.1145469387 
 0.1221155430 0.1186905800 0.1150185418 
 0.1225842003 0.1192278039 0.1156293386 
 0.1231484840 0.1198762890 0.1163682259 
 0.1237961435 0.1206231370 0.1172216334 
 0.1245128730 0.1214532742 0.1181736740 
 0.1252824831 0.1223496356 0.1192063365 
 0.1260870951 0.1232933792 0.1202997174 
 0.1269073549 0.1242641260 0.1214322889 
 0.1277226588 0.1252402187 0.1225811945 
 0.1285113828 0.1261989893 0.1237225603 
 0.1292511075 0.1271170239 0.1248318091 
 0.1299188291 0.1279704141 0.1258839614 
 0.1304911489 0.1287349855 0.1268539107 
 0.1309444357 0.1293864942 0.1277166634 
 0.1312549573 0.1299007878 0.1284475340 
 0.1313989813 0.1302539284 0.1290222957 
 0.1313528480 0.1304222818 0.1294172876 
 0.1310930249 0.1303825802 0.1296094864 
 0.1305961573 0.1301119721 0.1295765562 
 0.1298391403 0.1295880821 0.1292968961 
 0.1287992480 0.1287891102 0.1287497129 
 0.1274543717 0.1276940166 0.1279151569 
 0.1257834373 0.1262828484 0.1267745688 
 0.1237670852 0.1245372830 0.1253109007 
 0.1213887085 0.1224414670 0.1235093768 
 0.1186359297 0.1199832300 0.1213584662 
 0.1155025609 0.1171557202 0.1188512135 
 0.1119910030 0.1139594495 0.1159869367 
 0.1081149080 0.1104046292 0.1127732166 
 0.1039017562 0.1065135408 0.1092279991 
 0.0993948273 0.1023225313 0.1053814991 
 0.0946539490 0.0978831146 0.1012774927 
 0.0897544602 0.0932616592 0.0969735430 
 0.0847840963 0.0885373041 0.0925397890 
 0.0798379540 0.0837980828 0.0880561583 
 0.0750122056 0.0791356640 0.0836081974 
 0.0703976084 0.0746395045 0.0792820657 
 0.0660739358 0.0703913897 0.0751594732 
 0.0621062045 0.0664612412 0.0713133672 
 0.0585430977 0.0629047388 0.0678049830 
 0.0554174727 0.0597628634 0.0646825343 
 0.0527484651 0.0570630801 0.0619814678 
 0.0505445374 0.0548216488 0.0597259326 
 0.0488068429 0.0530464865 0.0579309888 
 0.0475324155 0.0517400763 0.0566050744 
 0.0467168702 0.0509020509 0.0557523302 
 0.0463564477 0.0505312182 0.0553744983 
 0.0464493361 0.0506269023 0.0554722135 
 0.0469962581 0.0511895460 0.0560455908 
 0.0480003209 0.0522205551 0.0570940719 
 0.0494661280 0.0537213877 0.0586155364 
 0.0513981532 0.0556919160 0.0606047371 
 0.0537984026 0.0581281381 0.0630511843 
 0.0566634661 0.0610194034 0.0659366977 
 0.0599811781 0.0643454404 0.0692329650 
 0.0637272807 0.0680736214 0.0728995464 
 0.0678626461 0.0721570147 0.0768828269 
 0.0723317288 0.0765338034 0.0811163632 
 0.0770628650 0.0811285176 0.0855228848 
 0.0819707845 0.0858552209 0.0900178865 
 0.0869612446 0.0906223582 0.0945143850 
 0.0919371683 0.0953385533 0.0989281130 
 0.0968052571 0.0999183862 0.1031823163 
 0.1014819285 0.1042872077 0.1072114387 
 0.1058976466 0.1083843266 0.1109632810 
 0.1099991795 0.1121643431 0.1143995866 
 0.1137498305 0.1155968067 0.1174953088 
 0.1171280830 0.1186646554 0.1202369895 
 0.1201252759 0.1213619792 0.1226207039 
 0.1227429086 0.1236915984 0.1246499535 
 0.1249900327 0.1256628045 0.1263337647 
 0.1268810057 0.1272894637 0.1276851276 
 0.1284337225 0.1285885504 0.1287198096 
 0.1296683245 0.1295790926 0.1294555156 
 0.1306063206 0.1302814644 0.1299113335 
 0.1312700283 0.1307169433 0.1301073949 
 0.1316822435 0.1309074527 0.1300646824 
 0.1318660583 0.1308754225 0.1298049281 
 0.1318447652 0.1306437139 0.1293505597 
 0.1316418018 0.1302355727 0.1287246595 
 0.1312807058 0.1296745800 0.1279509130 
 0.1307850585 0.1289845864 0.1270535308 
 0.1301784067 0.1281896146 0.1260571311 
 0.1294841535 0.1273137272 0.1249865780 
 0.1287254190 0.1263808562 0.1238667749 
 0.1279248698 0.1254145977 0.1227224152 
 0.1271045233 0.1244379770 0.1215777002 
 0.1262855325 0.1234731937 0.1204560346 
 0.1254879597 0.1225413555 0.1193797131 
 0.1247305481 0.1216622132 0.1183696132 
 0.1240304991 0.1208539073 0.1174449073 
 0.1234032646 0.1201327351 0.1166228043 
 0.1228623592 0.1195129455 0.1159183290 
 0.1224191982 0.1190065656 0.1153441423 
 0.1220829630 0.1186232611 0.1149104014 
 0.1218604959 0.1183702299 0.1146246587 
 0.1217562236 0.1182521266 0.1144917924 
 0.1217721093 0.1182710165 0.1145139667 
 0.1219076319 0.1184263559 0.1146906150 
 0.1221597925 0.1187149988 0.1150184463 
 0.1225231474 0.1191312286 0.1154914730 
 0.1229898686 0.1196668177 0.1161010655 
 0.1235498324 0.1203111155 0.1168360334 
 0.1241907365 0.1210511683 0.1176827430 
 0.1248982442 0.1218718709 0.1186252706 
 0.1256561564 0.1227561517 0.1196455967 
 0.1264466049 0.1236851858 0.1207238390 
 0.1272502647 0.1246386345 0.1218385189 
 0.1280465765 0.1255949007 0.1229668548 
 0.1288139728 0.1265313917 0.1240850681 
 0.1295300976 0.1274247787 0.1251686911 
 0.1301720125 0.1282512427 0.1261928608 
 0.1307163805 0.1289866960 0.1271325867 
 0.1311396239 0.1296069724 0.1279629822 
 0.1314180504 0.1300879827 0.1286594535 
 0.1315279498 0.1304058323 0.1291978441 
 0.1314456640 0.1305369073 0.1295545367 
 0.1311476398 0.1304579341 0.1297065229 
 0.1306104806 0.1301460306 0.1296314524 
 0.1298110218 0.1295787674 0.1293076821 
 0.1287264689 0.1287342753 0.1287143549 
 0.1273346514 0.1275914425 0.1278315462 
 0.1256144641 0.1261302623 0.1266405286 
 0.1235465838 0.1243324072 0.1251242184 
 0.1211145552 0.1221821107 0.1232678732 
 0.1183063283 0.1196674348 0.1210601114 
 0.1151162845 0.1167819678 0.1184942992 
 0.1115476984 0.1135269318 0.1155703076 
 0.1076154404 0.1099135676 0.1122965542 
 0.1033485497 0.1059655210 0.1086921349 
 0.0987921364 0.1017208005 0.1047887169 
 0.0940079824 0.0972327733 0.1006317631 
 0.0890732887 0.0925696774 0.0962806253 
 0.0840773090 0.0878123133 0.0918071479 
 0.0791160850 0.0830499390 0.0872926694 
 0.0742860109 0.0783748304 0.0828236614 
 0.0696773153 0.0738763484 0.0784865966 
 0.0653685915 0.0696355107 0.0743628559 
 0.0614232206 0.0657209356 0.0705244862 
 0.0578880313 0.0621866643 0.0670313999 
 0.0547940327 0.0590719207 0.0639302552 
 0.0521586928 0.0564024844 0.0612548986 
 0.0499890955 0.0541931389 0.0590279893 
 0.0482853496 0.0524506128 0.0572633155 
 0.0470437766 0.0511765151 0.0559683173 
 0.0462595777 0.0503699092 0.0551464275 
 0.0459288309 0.0500293040 0.0547989557 
 0.0460497620 0.0501539515 0.0549263463 
 0.0466232817 0.0507444009 0.0555287232 
 0.0476527906 0.0518022953 0.0566056886 
 0.0491432492 0.0533294150 0.0581553839 
 0.0510995109 0.0553259919 0.0601728722 
 0.0535239420 0.0577883732 0.0626479675 
 0.0564134296 0.0607061969 0.0655627324 
 0.0597559982 0.0640593714 0.0688889839 
 0.0635274329 0.0678152978 0.0725862565 
 0.0676884763 0.0719268963 0.0766007316 
 0.0721832760 0.0763320237 0.0808655896 
 0.0769397107 0.0809547348 0.0853030453 
 0.0818719602 0.0857085286 0.0898280047 
 0.0868852184 0.0905012757 0.0943528998 
 0.0918819178 0.0952410983 0.0987929614 
 0.0967684130 0.0998422143 0.1030710757 
 0.1014609583 0.1042297888 0.1071215013 
 0.1058900428 0.1083431260 0.1108920290 
 0.1100026201 0.1121369776 0.1143445429 
 0.1137622944 0.1155811599 0.1174542504 
 0.1171479148 0.1186589479 0.1202080180 
 0.1201512066 0.1213647982 0.1226022794 
 0.1227740439 0.1237018957 0.1246408990 
 0.1250258213 0.1256798753 0.1263332510 
 0.1269211979 0.1273129140 0.1276926472 
 0.1284783274 0.1286182606 0.1287351447 
 0.1297175691 0.1296151807 0.1294787049 
 0.1306606123 0.1303242516 0.1299426398 
 0.1313299225 0.1307669215 0.1301472731 
 0.1317484141 0.1309652546 0.1301137488 
 0.1319392705 0.1309417925 0.1298639305 
 0.1319258500 0.1307194804 0.1294203463 
 0.1317316310 0.1303216194 0.1288061483 
 0.1313801669 0.1297718183 0.1280450596 
 0.1308950303 0.1290939258 0.1271612953 
 0.1302997338 0.1283119341 0.1261794449 
 0.1296176220 0.1274498464 0.1251243105 
 0.1288717323 0.1265315074 0.1240207017 
 0.1280846260 0.1255804000 0.1228931883 
 0.1272781951 0.1246194132 0.1217658218 
 0.1264734488 0.1236705897 0.1206618350 
 0.1256902912 0.1227548647 0.1196033339 
 0.1249472958 0.1218918045 0.1186109954 
 0.1242614869 0.1210993578 0.1177037852 
 0.1236481346 0.1203936269 0.1168987033 
 0.1231205714 0.1197886658 0.1162105685 
 0.1226900323 0.1192963105 0.1156518405 
 0.1223655229 0.1189260416 0.1152324835 
 0.1221537167 0.1186848794 0.1149598656 
 0.1220588799 0.1185773109 0.1148386911 
 0.1220828257 0.1186052443 0.1148709611 
 0.1222248946 0.1187679911 0.1150559575 
 0.1224819621 0.1190622734 0.1153902504 
 0.1228484738 0.1194822582 0.1158677285 
 0.1233165071 0.1200196179 0.1164796541 
 0.1238758610 0.1206636205 0.1172147484 
 0.1245141741 0.1214012508 0.1180593101 
 0.1252170704 0.1222173643 0.1189973722 
 0.1259683304 0.1230948715 0.1200108972 
 0.1267500848 0.1240149524 0.1210800106 
 0.1275430247 0.1249572941 0.1221832675 
 0.1283266228 0.1259003439 0.1232979427 
 0.1290793559 0.1268215694 0.1244003345 
 0.1297789212 0.1276977138 0.1254660669 
 0.1304024389 0.1285050367 0.1264703787 
 0.1309266318 0.1292195313 0.1273883845 
 0.1313279786 0.1298171095 0.1281953009 
 0.1315828369 0.1302737526 0.1288666295 
 0.1316675366 0.1305656259 0.1293782967 
 0.1315584472 0.1306691608 0.1297067527 
 0.1312320301 0.1305611139 0.1298290382 
 0.1306648901 0.1302186173 0.1297228335 
 0.1298338549 0.1296192430 0.1293665094 
 0.1287161195 0.1287411153 0.1287392106 
 0.1272895120 0.1275631181 0.1278210100 
 0.1255329541 0.1260652590 0.1265931873 
 0.1234272040 0.1242292655 0.1250386941 
 0.1209559784 0.1220394983 0.1231428784 
 0.1181075328 0.1194842572 0.1208945374 
 0.1148767340 0.1165575219 0.1182873432 
 0.1112675620 0.1132611004 0.1153216382 
 0.1072958347 0.1096070418 0.1120065089 
 0.1029917680 0.1056200252 0.1083619299 
 0.0984018154 0.1013392787 0.1044206392 
 0.0935891516 0.0968194883 0.1002293017 
 0.0886322566 0.0921301759 0.0958485007 
 0.0836213702 0.0873532297 0.0913512049 
 0.0786530714 0.0825786423 0.0868196239 
 0.0738237551 0.0778989592 0.0823407249 
 0.0692231175 0.0734033070 0.0780010302 
 0.0649287791 0.0691720101 0.0738815251 
 0.0610028625 0.0652726488 0.0700534855 
 0.0574908276 0.0617580343 0.0665757962 
 0.0544223624 0.0586661225 0.0634939699 
 0.0518137772 0.0560215152 0.0608407174 
 0.0496712265 0.0538379943 0.0586376738 
 0.0479941388 0.0521215056 0.0568977761 
 0.0467783918 0.0508731018 0.0556278137 
 0.0460189478 0.0500914977 0.0548307681 
 0.0457118100 0.0497750299 0.0545076759 
 0.0458552513 0.0499229150 0.0546588554 
 0.0464503118 0.0505357650 0.0552844145 
 0.0475005668 0.0516153455 0.0563840106 
 0.0490111636 0.0531635820 0.0579558743 
 0.0509871219 0.0551808403 0.0599951545 
 0.0534309239 0.0576635574 0.0624917141 
 0.0563394935 0.0606013886 0.0654275986 
 0.0597007907 0.0639741644 0.0687745208 
 0.0634904219 0.0677491031 0.0724918165 
 0.0676688398 0.0718788424 0.0765253821 
 0.0721798151 0.0763008823 0.0808080531 
 0.0769508071 0.0809388903 0.0852616818 
 0.0818955935 0.0857060027 0.0898008447 
 0.0869190478 0.0905098079 0.0943377247 
 0.0919234150 0.0952582686 0.0987874180 
 0.0968150221 0.0998655866 0.1030728050 
 0.1015102533 0.1042570475 0.1071282584 
 0.1059398549 0.1083721863 0.1109017783 
 0.1100511208 0.1121660562 0.1143555204 
 0.1138080304 0.1156088068 0.1174649912 
 0.1171898026 0.1186840433 0.1202173571 
 0.1201884992 0.1213865273 0.1226093321 
 0.1228062831 0.1237197109 0.1246450316 
 0.1250527865 0.1256934552 0.1263340479 
 0.1269428587 0.1273221241 0.1276898789 
 0.1284948033 0.1286231200 0.1287287399 
 0.1297290973 0.1296158350 0.1294687276 
 0.1306675238 0.1303209512 0.1299292701 
 0.1313326238 0.1307600056 0.1301307922 
 0.1317473732 0.1309551375 0.1300945267 
 0.1319350068 0.1309289529 0.1298424146 
 0.1319189248 0.1307044520 0.1293970519 
 0.1317226396 0.1303049815 0.1287816478 
 0.1313697303 0.1297541861 0.1280199724 
 0.1308837868 0.1290759409 0.1271362760 
 0.1302883302 0.1282942539 0.1261551713 
 0.1296067041 0.1274331327 0.1251014701 
 0.1288619352 0.1265164148 0.1239999780 
 0.1280765644 0.1255675642 0.1228752465 
 0.1272724530 0.1246094391 0.1217512953 
 0.1264705707 0.1236640404 0.1206513121 
 0.1256907730 0.1227522514 0.1195973464 
 0.1249515777 0.1218935783 0.1186100090 
 0.1242699470 0.1211059027 0.1177081916 
 0.1236610849 0.1204052546 0.1169088156 
 0.1231382541 0.1198056130 0.1162266180 
 0.1227126188 0.1193187378 0.1156739762 
 0.1223931137 0.1189540337 0.1152607736 
 0.1221863425 0.1187184475 0.1149943000 
 0.1220965046 0.1186163953 0.1148791856 
 0.1221253489 0.1186497186 0.1149173617 
 0.1222721562 0.1188176666 0.1151080458 
 0.1225337469 0.1191169045 0.1154477493 
 0.1229045162 0.1195415474 0.1159303074 
 0.1233764969 0.1200832221 0.1165469354 
 0.1239394492 0.1207311567 0.1172863136 
 0.1245809792 0.1214723033 0.1181347065 
 0.1252866846 0.1222914907 0.1190761201 
 0.1260403266 0.1231716107 0.1200924976 
 0.1268240233 0.1240938317 0.1211639535 
 0.1276184602 0.1250378368 0.1222690399 
 0.1284031111 0.1259820773 0.1233850376 
 0.1291564606 0.1269040318 0.1244882591 
 0.1298562199 0.1277804618 0.1255543511 
 0.1304795290 0.1285876519 0.1265585819 
 0.1310031357 0.1293016259 0.1274761030 
 0.1314035485 0.1298983318 0.1282821735 
 0.1316571586 0.1303537916 0.1289523429 
 0.1317403333 0.1306442150 0.1294625892 
 0.1316294830 0.1307460816 0.1297894182 
 0.1313011125 0.1306361993 0.1299099295 
 0.1307318736 0.1302917545 0.1298018652 
 0.1298986438 0.1296903770 0.1294436610 
 0.1287786721 0.1288102527 0.1288145300 
 0.1273498450 0.1276303312 0.1278946175 
 0.1255911483 0.1261306907 0.1266652798 
 0.1234834108 0.1242931350 0.1251095498 
 0.1210104269 0.1221021067 0.1232128615 
 0.1181605370 0.1195459922 0.1209641011 
 0.1149286979 0.1166188603 0.1183570306 
 0.1113189809 0.1133226060 0.1153920783 
 0.1073472899 0.1096693567 0.1120784059 
 0.1030439117 0.1056838510 0.1084360433 
 0.0984553446 0.1014053483 0.1044977534 
 0.0936447707 0.0968885267 0.1003101869 
 0.0886906331 0.0922028550 0.0959338664 
 0.0836830887 0.0874301230 0.0914416540 
 0.0787185958 0.0826601880 0.0869156135 
 0.0738934055 0.0779854382 0.0824425422 
 0.0692970666 0.0734948409 0.0781087883 
 0.0650070684 0.0692685798 0.0739951795 
 0.0610854332 0.0653741282 0.0701728675 
 0.0575775595 0.0618642327 0.0667006568 
 0.0545131130 0.0587768270 0.0636240250 
 0.0519084152 0.0561365274 0.0609756883 
 0.0497696560 0.0539571564 0.0587773163 
 0.0480963136 0.0522447148 0.0570418970 
 0.0468843186 0.0510003119 0.0557762731 
 0.0461286802 0.0502227104 0.0549834690 
 0.0458254343 0.0499102756 0.0546645420 
 0.0459728640 0.0500622251 0.0548197992 
 0.0465719905 0.0506791363 0.0554492970 
 0.0476263334 0.0517626975 0.0565525951 
 0.0491409415 0.0533147091 0.0581277760 
 0.0511206879 0.0553353612 0.0601697913 
 0.0535678591 0.0578208668 0.0626682638 
 0.0564791376 0.0607606174 0.0656049694 
 0.0598422080 0.0641341573 0.0689513449 
 0.0636323885 0.0679084222 0.0726664732 
 0.0678098608 0.0720358050 0.0766960546 
 0.0723181780 0.0764536340 0.0809728180 
 0.0770846707 0.0810855096 0.0854186218 
 0.0820231026 0.0858446227 0.0899481668 
 0.0870384566 0.0906387360 0.0944738676 
 0.0920331978 0.0953760839 0.0989111286 
 0.0969139522 0.0999711992 0.1031831747 
 0.1015974385 0.1043497140 0.1072247170 
 0.1060147302 0.1084514839 0.1109840541 
 0.1101134053 0.1122318284 0.1144235767 
 0.1138576644 0.1156610933 0.1175189552 
 0.1172268773 0.1187230095 0.1202574504 
 0.1202131923 0.1214124007 0.1226358128 
 0.1228188054 0.1237327316 0.1246581491 
 0.1250533430 0.1256938402 0.1263340128 
 0.1269316236 0.1273100465 0.1276768450 
 0.1284719070 0.1285986981 0.1287027974 
 0.1296946223 0.1295791311 0.1294299036 
 0.1306215075 0.1302719760 0.1298775349 
 0.1312750656 0.1306987270 0.1300660698 
 0.1316782446 0.1308814924 0.1300167076 
 0.1318542631 0.1308428602 0.1297513709 
 0.1318265178 0.1306058273 0.1292926534 
 0.1316185310 0.1301937520 0.1286637787 
 0.1312539049 0.1296303055 0.1278885483 
 0.1307562653 0.1289394045 0.1269912610 
 0.1301491815 0.1281451121 0.1259965932 
 0.1294560568 0.1272715040 0.1249294352 
 0.1286999871 0.1263424969 0.1238146826 
 0.1279035911 0.1253816426 0.1226769871 
 0.1270888139 0.1244118939 0.1215404740 
 0.1262767136 0.1234553504 0.1204284406 
 0.1254872367 0.1225329957 0.1193630457 
 0.1247389920 0.1216644353 0.1183650072 
 0.1240490320 0.1208676479 0.1174533195 
 0.1234326480 0.1201587567 0.1166450008 
 0.1229031871 0.1195518292 0.1159548785 
 0.1224718932 0.1190587085 0.1153954146 
 0.1221477763 0.1186888771 0.1149765706 
 