0.0560976125 0.0615284698 0.0675273976 
 0.0552254687 0.0606508505 0.0666582229 
 0.0548272809 0.0602494708 0.0662600091 
 0.0549033153 0.0603260729 0.0663359855 
 0.0554535156 0.0608803170 0.0668855260 
 0.0564773815 0.0619096684 0.0679040539 
 0.0579731111 0.0634086099 0.0693823786 
 0.0599360586 0.0653672560 0.0713055619 
 0.0623566264 0.0677695270 0.0736514919 
 0.0652177982 0.0705911311 0.0763894289 
 0.0684926391 0.0737977004 0.0794788533 
 0.0721421951 0.0773434911 0.0828689683 
 0.0761142968 0.0811710665 0.0864991632 
 0.0803437290 0.0852122815 0.0903006089 
 0.0847540576 0.0893906776 0.0941989498 
 0.0892610893 0.0936251083 0.0981178155 
 0.0937775714 0.0978341261 0.1019826831 
 0.0982184220 0.1019404712 0.1057245331 
 0.1025056476 0.1058749807 0.1092827977 
 0.1065722013 0.1095793992 0.1126072743 
 0.1103643284 0.1130078410 0.1156589113 
 0.1138423116 0.1161269509 0.1184095838 
 0.1169798499 0.1189150308 0.1208411219 
 0.1197624929 0.1213605064 0.1229439035 
 0.1221855937 0.1234601078 0.1247152992 
 0.1242521765 0.1252170627 0.1261581872 
 0.1259709930 0.1266394968 0.1272796730 
 0.1273549113 0.1277391379 0.1280900720 
 0.1284196855 0.1285303414 0.1286021596 
 0.1291830772 0.1290294084 0.1288306580 
 0.1296642726 0.1292541416 0.1287919139 
 0.1298835218 0.1292235800 0.1285037164 
 0.1298619325 0.1289578535 0.1279852099 
 0.1296213603 0.1284781117 0.1272568592 
 0.1291843489 0.1278064851 0.1263404361 
 0.1285740874 0.1269660518 0.1252589958 
 0.1278143580 0.1259807830 0.1240368234 
 0.1269294585 0.1248754525 0.1226993286 
 0.1259440858 0.1236754969 0.1212728786 
 0.1248831764 0.1224068217 0.1197845599 
 0.1237717018 0.1210955504 0.1182618722 
 0.1226344223 0.1197677257 0.1167323609 
 0.1214956075 0.1184489702 0.1152232048 
 0.1203787345 0.1171641255 0.1137607819 
 0.1193061779 0.1159368852 0.1123702366 
 0.1182989049 0.1147894431 0.1110750728 
 0.1173761901 0.1137421702 0.1098967947 
 0.1165553586 0.1128133352 0.1088546082 
 0.1158515677 0.1120188753 0.1079651906 
 0.1152776271 0.1113722184 0.1072425256 
 0.1148438601 0.1108841537 0.1066977980 
 0.1145580015 0.1105627436 0.1063393329 
 0.1144251278 0.1104132691 0.1061725668 
 0.1144476145 0.1104381986 0.1062000366 
 0.1146251178 0.1106371758 0.1064213765 
 0.1149545767 0.1110070202 0.1068333184 
 0.1154302378 0.1115417450 0.1074296953 
 0.1160437044 0.1122325925 0.1082014558 
 0.1167840141 0.1130680967 0.1091366996 
 0.1176377506 0.1140341822 0.1102207489 
 0.1185891933 0.1151143053 0.1114362686 
 0.1196205081 0.1162896462 0.1127634485 
 0.1207119771 0.1175393530 0.1141802530 
 0.1218422650 0.1188408346 0.1156627376 
 0.1229887118 0.1201700939 0.1171854242 
 0.1241276417 0.1215020868 0.1187217183 
 0.1252346738 0.1228110914 0.1202443466 
 0.1262850204 0.1240710658 0.1217257893 
 0.1272537602 0.1252559800 0.1231386842 
 0.1281160757 0.1263401042 0.1244561802 
 0.1288474466 0.1272982459 0.1256522282 
 0.1294237995 0.1281059307 0.1267018003 
 0.1298216139 0.1287395294 0.1275810413 
 0.1300179924 0.1291763377 0.1282673589 
 0.1299907090 0.1293946240 0.1287394683 
 0.1297182532 0.1293736619 0.1289774099 
 0.1291798975 0.1290937720 0.1289625648 
 0.1283558240 0.1285364067 0.1286776979 
 0.1272273582 0.1276843162 0.1281070611 
 0.1257773701 0.1265218457 0.1272366003 
 0.1239909111 0.1250354217 0.1260543110 
 0.1218561552 0.1232142857 0.1245507926 
 0.1193656979 0.1210515233 0.1227200428 
 0.1165182251 0.1185454106 0.1205605161 
 0.1133204857 0.1157010433 0.1180764325 
 0.1097894009 0.1125321340 0.1152792616 
 0.1059540096 0.1090627653 0.1121892353 
 0.1018568434 0.1053287834 0.1088366560 
 0.0975542727 0.1013784618 0.1052627121 
 0.0931154403 0.0972720813 0.1015194990 
 0.0886196113 0.0930802028 0.0976690142 
 0.0841521040 0.0888806477 0.0937810489 
 0.0797993161 0.0847544882 0.0899301200 
 0.0756436181 0.0807816021 0.0861917988 
 0.0717589276 0.0770364660 0.0826389501 
 0.0682076095 0.0735848057 0.0793384144 
 0.0650390104 0.0704815093 0.0763485611 
 0.0622895837 0.0677699186 0.0737179335 
 0.0599842720 0.0654823450 0.0714849791 
 0.0581386771 0.0636414678 0.0696786636 
 0.0567615297 0.0622622037 0.0683196574 
 0.0558570497 0.0613536493 0.0674217462 
 0.0554269015 0.0609207770 0.0669931567 
 0.0554715555 0.0609656560 0.0670375522 
 0.0559909534 0.0614880609 0.0675545402 
 0.0569844369 0.0624854053 0.0685396168 
 0.0584499425 0.0639520086 0.0699835562 
 0.0603825159 0.0658777697 0.0718713361 
 0.0627722605 0.0682464026 0.0741807735 
 0.0656019298 0.0710334800 0.0768811303 
 0.0688444809 0.0742046225 0.0799320101 
 0.0724610175 0.0777142378 0.0832828908 
 0.0763996163 0.0815052191 0.0868735933 
 0.0805954896 0.0855099139 0.0906358519 
 0.0849727724 0.0896524726 0.0944959546 
 0.0894479136 0.0938524029 0.0983781842 
 0.0939342888 0.0980288746 0.1022086061 
 0.0983473471 0.1021051327 0.1059186608 
 0.1026094631 0.1060123528 0.1094480704 
 0.1066537632 0.1096924279 0.1127467391 
 0.1104264713 0.1130994358 0.1157755493 
 0.1138876827 0.1161998294 0.1185061674 
 0.1170107859 0.1189716034 0.1209201097 
 0.1197809448 0.1214028037 0.1230073741 
 0.1221930929 0.1234897464 0.1247649179 
 0.1242498337 0.1252352394 0.1261951996 
 0.1259595176 0.1266470036 0.1273049153 
 0.1273346441 0.1277363880 0.1281039931 
 0.1283906354 0.1285174016 0.1286048488 
 0.1291449606 0.1290060340 0.1288218765 
 0.1296165511 0.1292198117 0.1287711270 
 0.1298254390 0.1291775330 0.1284701278 
 0.1297925498 0.1288991231 0.1279377969 
 0.1295395920 0.1284055633 0.1271944110 
 0.1290889988 0.1277188550 0.1262615946 
 0.1284638856 0.1268619875 0.1251623003 
 0.1276880000 0.1258588868 0.1239207589 
 0.1267856449 0.1247343268 0.1225623773 
 0.1257815632 0.1235137913 0.1211135732 
 0.1247007784 0.1222232792 0.1196015371 
 0.1235683886 0.1208890530 0.1180539240 
 0.1224093172 0.1195373357 0.1164984805 
 0.1212480299 0.1181939664 0.1149626268 
 0.1201082274 0.1168840325 0.1134730121 
 0.1190125289 0.1156314950 0.1120550726 
 0.1179821613 0.1144588283 0.1107326147 
 0.1170366672 0.1133866899 0.1095274464 
 0.1161936426 0.1124336344 0.1084590718 
 0.1154685133 0.1116158793 0.1075444554 
 0.1148743522 0.1109471237 0.1067978551 
 0.1144217375 0.1104384172 0.1062307163 
 0.1141186492 0.1100980723 0.1058516123 
 0.1139703984 0.1099316090 0.1056662182 
 0.1139795841 0.1099417251 0.1056773018 
 0.1141460734 0.1101282830 0.1058847225 
 0.1144670022 0.1104883107 0.1062854310 
 0.1149367983 0.1110160164 0.1068734717 
 0.1155472264 0.1117028203 0.1076399921 
 0.1162874628 0.1125374133 0.1085732727 
 0.1171442027 0.1135058488 0.1096587905 
 0.1181018064 0.1145916793 0.1108793308 
 0.1191424868 0.1157761432 0.1122151622 
 0.1202465379 0.1170384051 0.1136442790 
 0.1213926009 0.1183558480 0.1151427154 
 0.1225579594 0.1197044072 0.1166849203 
 0.1237188528 0.1210589349 0.1182441782 
 0.1248507929 0.1223935748 0.1197930550 
 0.1259288702 0.1236821303 0.1213038401 
 0.1269280350 0.1248984055 0.1227489636 
 0.1278233434 0.1260165046 0.1241013627 
 0.1285901595 0.1270110792 0.1253347847 
 0.1292043111 0.1278575173 0.1264240182 
 0.1296422015 0.1285320771 0.1273450525 
 0.1298808841 0.1290119724 0.1280751736 
 0.1298981111 0.1292754212 0.1285930121 
 0.1296723771 0.1293016780 0.1288785600 
 0.1291829802 0.1290710714 0.1289131832 
 0.1284101391 0.1285650798 0.1286796562 
 0.1273352093 0.1277664834 0.1281622538 
 0.1259410583 0.1266596395 0.1273469393 
 0.1242126660 0.1252309388 0.1262216956 
 0.1221380180 0.1234694985 0.1247770454 
 0.1197093485 0.1213681426 0.1230068050 
 0.1169247471 0.1189246942 0.1209090955 
 0.1137900777 0.1161435513 0.1184876036 
 0.1103210540 0.1130374460 0.1157530256 
 0.1065451932 0.1096291858 0.1127245583 
 0.1025032557 0.1059530820 0.1094312185 
 0.0982497233 0.1020557025 0.1059127132 
 0.0938519222 0.0979955961 0.1022195623 
 0.0893875943 0.0938417491 0.0984122369 
 0.0849410323 0.0896707564 0.0945592148 
 0.0805982489 0.0855629702 0.0907340649 
 0.0764419126 0.0815981412 0.0870118880 
 0.0725468583 0.0778512108 0.0834655994 
 0.0689768346 0.0743888717 0.0801625798 
 0.0657828392 0.0712673313 0.0771621321 
 0.0630030411 0.0685314262 0.0745139900 
 0.0606639930 0.0662149699 0.0722578993 
 0.0587826822 0.0643420177 0.0704240984 
 0.0573689364 0.0629286465 0.0690344010 
 0.0564277672 0.0619848536 0.0681035431 
 0.0559613421 0.0615162465 0.0676404806 
 0.0559703849 0.0615252859 0.0676493884 
 0.0564548919 0.0620119343 0.0681301954 
 0.0574141166 0.0629736412 0.0690785713 
 0.0588458223 0.0644046674 0.0704853699 
 0.0607448541 0.0662948179 0.0723356109 
 0.0631011455 0.0686277362 0.0746071727 
 0.0658973627 0.0713790011 0.0772694474 
 0.0691065026 0.0745143574 0.0802822733 
 0.0726898646 0.0779884788 0.0835954848 
 0.0765958809 0.0817446652 0.0871493717 
 0.0807602568 0.0857157823 0.0908762173 
 0.0851077038 0.0898265565 0.0947028834 
 0.0895552568 0.0939970585 0.0985541885 
 0.0940168065 0.0981469368 0.1023566338 
 0.0984081756 0.1021997718 0.1060419498 
 0.1026519271 0.1060868987 0.1095499810 
 0.1066811798 0.1097501892 0.1128305880 
 0.1104419741 0.1131435412 0.1158444671 
 0.1138940871 0.1162331061 0.1185629905 
 0.1170105037 0.1189964991 0.1209673104 
 0.1197759455 0.1214213493 0.1230470256 
 0.1221849028 0.1235035506 0.1247986872 
 0.1242395601 0.1252455058 0.1262243592 
 0.1259478863 0.1266545599 0.1273303663 
 0.1273220424 0.1277417214 0.1281262935 
 0.1283771550 0.1285206941 0.1286242436 
 0.1291304362 0.1290071963 0.1288383262 
 0.1296005951 0.1292185144 0.1287843355 
 0.1298074725 0.1291732351 0.1284795686 
 0.1297718301 0.1288910989 0.1279427386 
 0.1295152392 0.1283929291 0.1271939439 
 0.1290600210 0.1277005955 0.1262546583 
 0.1284292052 0.1268369845 0.1251477145 
 0.1276464807 0.1258259492 0.1238972560 
 0.1267361203 0.1246922228 0.1225286395 
 0.1257228664 0.1234612823 0.1210682709 
 0.1246317726 0.1221591555 0.1195433702 
 0.1234879974 0.1208121690 0.1179816620 
 0.1223165548 0.1194466436 0.1164110023 
 0.1211420279 0.1180885480 0.1148589553 
 0.1199882595 0.1167631262 0.1133523448 
 0.1188780314 0.1154945178 0.1119168046 
 0.1178327485 0.1143053919 0.1105763542 
 0.1168721420 0.1132166106 0.1093530233 
 0.1160140027 0.1122469372 0.1082665386 
 0.1152739525 0.1114127974 0.1073340836 
 0.1146652583 0.1107280938 0.1065701273 
 0.1141986873 0.1102040727 0.1059863159 
 0.1138824018 0.1098492343 0.1055914131 
 0.1137218866 0.1096692770 0.1053912739 
 0.1137199048 0.1096670675 0.1053888370 
 0.1138764774 0.1098426273 0.1055841240 
 0.1141888836 0.1101931338 0.1059742404 
 0.1146516813 0.1107129330 0.1065533767 
 0.1152567518 0.1113935707 0.1073128168 
 0.1159933716 0.1122238481 0.1082409647 
 0.1168483185 0.1131899107 0.1093234036 
 0.1178060144 0.1142753818 0.1105430040 
 0.1188487119 0.1154615460 0.1118800929 
 0.1199567209 0.1167275878 0.1133126934 
 0.1211086752 0.1180508816 0.1148168351 
 0.1222818280 0.1194073268 0.1163669288 
 0.1234523674 0.1207717137 0.1179361891 
 0.1245957366 0.1221181020 0.1194970827 
 0.1256869440 0.1234201937 0.1210217777 
 0.1267008493 0.1246516797 0.1224825661 
 0.1276124140 0.1257865455 0.1238522388 
 0.1283969083 0.1267993237 0.1251043957 
 0.1290300714 0.1276652891 0.1262136836 
 0.1294882260 0.1283605960 0.1271559605 
 0.1297483555 0.1288623665 0.1279083962 
 0.1297881539 0.1291487412 0.1284495213 
 0.1295860682 0.1291989104 0.1287592450 
 0.1291213580 0.1289931506 0.1288188654 
 0.1283742065 0.1285128958 0.1286111008 
 0.1273259297 0.1277408822 0.1281201754 
 0.1259593388 0.1266614141 0.1273319993 
 0.1242593239 0.1252608059 0.1262344877 
 0.1222137265 0.1235280574 0.1248180662 
 0.1198145565 0.1214558131 0.1230764070 
 0.1170595737 0.1190416310 0.1210074205 
 0.1139541846 0.1162895382 0.1186144969 
 0.1105135067 0.1132117752 0.1159079359 
 0.1067643300 0.1098305381 0.1129064319 
 0.1027465920 0.1061794269 0.1096384043 
 0.0985139194 0.1023042432 0.1061428958 
 0.0941328408 0.0982627818 0.1024697447 
 0.0896804566 0.0941233716 0.0986787881 
 0.0852406652 0.0899621288 0.0948379888 
 0.0808993889 0.0858591706 0.0910205833 
 0.0767395218 0.0818942883 0.0873015646 
 0.0728364015 0.0781427285 0.0837539754 
 0.0692544797 0.0746717063 0.0804455372 
 0.0660455627 0.0715380945 0.0774360572 
 0.0632486386 0.0687874565 0.0747758724 
 0.0608910145 0.0664543190 0.0725053636 
 0.0589903174 0.0645633800 0.0706553792 
 0.0575568761 0.0631312539 0.0692482764 
 0.0565960636 0.0621683577 0.0682992462 
 0.0561102836 0.0616806042 0.0678176046 
 0.0561003949 0.0616706620 0.0678078002 
 0.0565664560 0.0621386270 0.0682699652 
 0.0575077395 0.0630820355 0.0691999255 
 0.0589220138 0.0644952143 0.0705886664 
 0.0608041421 0.0663680402 0.0724213375 
 0.0631441104 0.0686842545 0.0746759630 
 0.0659246898 0.0714195742 0.0773221083 
 0.0691190411 0.0745399274 0.0803198149 
 0.0726886845 0.0780002116 0.0836191427 
 0.0765823133 0.0817439725 0.0871606127 
 0.0807359063 0.0857043190 0.0908767216 
 0.0850744251 0.0898061852 0.0946945019 
 0.0895150943 0.0939697864 0.0985388782 
 0.0939719041 0.0981148305 0.1023363799 
 0.0983606714 0.1021648652 0.1060186869 
 0.1026038514 0.1060511083 0.1095255229 
 0.1066343706 0.1097152471 0.1128065762 
 0.1103980225 0.1131109543 0.1158223401 
 0.1138543124 0.1162041401 0.1185439738 
 0.1169759577 0.1189721845 0.1209524235 
 0.1197474351 0.1214025025 0.1230371002 
 0.1221630245 0.1234908023 0.1247943910 
 0.1242247370 0.1252393321 0.1262262205 
 0.1259404037 0.1266553109 0.1273387974 
 0.1273220779 0.1277496454 0.1281416099 
 0.1283848016 0.1285359564 0.1286466790 
 0.1291457195 0.1290298930 0.1288680430 
 0.1296234849 0.1292486813 0.1288214315 
 0.1298378895 0.1292108529 0.1285240809 
 0.1298096502 0.1289360961 0.1279946447 
 0.1295602945 0.1284451823 0.1272531614 
 0.1291121002 0.1277599294 0.1263210433 
 0.1284880534 0.1269031706 0.1252210599 
 0.1277117985 0.1258987051 0.1239772905 
 0.1268075638 0.1247712119 0.1226150270 
 0.1258000482 0.1235461154 0.1211606121 
 0.1247142635 0.1222493928 0.1196412059 
 0.1235753296 0.1209073245 0.1180844789 
 0.1224082260 0.1195461913 0.1165182409 
 0.1212375074 0.1181919291 0.1149700201 
 0.1200869945 0.1168697577 0.1134666152 
 0.1189794537 0.1156038018 0.1120336470 
 0.1179362818 0.1144167243 0.1106951331 
 0.1169772083 0.1133293892 0.1094731115 
 0.1161200278 0.1123605688 0.1083873254 
 0.1153803702 0.1115267021 0.1074549798 
 0.1147715133 0.1108417085 0.1066905683 
 0.1143042366 0.1103168514 0.1061057612 
 0.1139867142 0.1099606469 0.1057093438 
 0.1138244418 0.1097788069 0.1055071882 
 0.1138201912 0.1097742081 0.1055022445 
 0.1139739899 0.1099468779 0.1056945396 
 0.1142831209 0.1102939959 0.1060811788 
 0.1147421447 0.1108099074 0.1066563474 
 0.1153429439 0.1114861557 0.1074113215 
 0.1160747964 0.1123115388 0.1083344959 
 0.1169244819 0.1132722004 0.1094114460 
 0.1178764266 0.1143517641 0.1106250371 
 0.1189128891 0.1155315185 0.1119555960 
 0.1200141881 0.1167906552 0.1133811507 
 0.1211589679 0.1181065601 0.1148777415 
 0.1223244939 0.1194551464 0.1164197947 
 0.1234869664 0.1208112199 0.1179805440 
 0.1246218391 0.1221488557 0.1195324764 
 0.1257041279 0.1234417683 0.1210477790 
 0.1267086949 0.1246636567 0.1224987589 
 0.1276104972 0.1257885075 0.1238582153 
 0.1283847921 0.1267908457 0.1250997473 
 0.1290072960 0.1276459277 0.1261979898 
 0.1294542981 0.1283298783 0.1271287767 
 0.1297027368 0.1288197774 0.1278692403 
 0.1297302492 0.1290937106 0.1283978600 
 0.1295152143 0.1291308013 0.1286944810 
 0.1290368139 0.1289112480 0.1287403253 
 0.1282751465 0.1284163978 0.1285180250 
 0.1272114413 0.1276288956 0.1280117118 
 0.1258284286 0.1265329563 0.1272072021 
 0.1241109347 0.1251148166 0.1260923241 
 0.1220467707 0.1233634235 0.1246574349 
 0.1196279696 0.1212714115 0.1228961709 
 0.1168523913 0.1188363925 0.1208064581 
 0.1137256428 0.1160625338 0.1183917741 
 0.1102631629 0.1129623240 0.1156625980 
 0.1064921920 0.1095583277 0.1126379119 
 0.1024532371 0.1058846346 0.1093465375 
 0.0982005808 0.1019876374 0.1058280262 
 0.0938014365 0.0979257825 0.1021328053 
 0.0893335438 0.0937680490 0.0983213348 
 0.0848813144 0.0895911316 0.0944621754 
 0.0805309932 0.0854755846 0.0906290732 
 0.0763655672 0.0815014451 0.0868973868 
 0.0724602376 0.0777439929 0.0833403457 
 0.0688791241 0.0742702749 0.0800256707 
 0.0656735636 0.0711368332 0.0770129993 
 0.0628820067 0.0683887958 0.0743523700 
 0.0605312195 0.0660602097 0.0720837884 
 0.0586383369 0.0641753062 0.0702377037 
 0.0572132799 0.0627502892 0.0688360976 
 0.0562611183 0.0617952507 0.0678938445 
 0.0557840628 0.0613158803 0.0674200260 
 0.0557828873 0.0613147282 0.0674189485 
 0.0562576646 0.0617918722 0.0678906938 
 0.0572077671 0.0627449185 0.0688311185 
 0.0586311327 0.0641683340 0.0702313019 
 0.0605228424 0.0660521819 0.0720765257 
 0.0628731243 0.0683804077 0.0743449538 
 0.0656649853 0.0711289169 0.0770062648 
 0.0688717832 0.0742637765 0.0800205544 
 0.0724551622 0.0777399395 0.0833378496 
 0.0763638381 0.0815009009 0.0868985348 
 0.0805336929 0.0854796017 0.0906348657 
 0.0848894727 0.0896007001 0.0944735457 
 0.0893480880 0.0937840546 0.0983391147 
 0.0938231544 0.0979489776 0.1021577049 
 0.0982301026 0.1020186305 0.1058606289 
 0.1024910380 0.1059238974 0.1093873107 
 0.1065386132 0.1096062173 0.1126872296 
 0.1103184445 0.1130191147 0.1157207698 
 0.1137899626 0.1161284517 0.1184590761 
 0.1169259016 0.1189116485 0.1208831614 
 0.1197108285 0.1213562285 0.1229825649 
 0.1221391648 0.1234580563 0.1247538447 
 0.1242130939 0.1252195644 0.1261991210 
 0.1259406323 0.1266481681 0.1273248081 
 0.1273340190 0.1277549703 0.1281405996 
 0.1284084727 0.1285537798 0.1286587133 
 0.1291813002 0.1290604189 0.1288933709 
 0.1296712988 0.1292922689 0.1288604675 
 0.1298983832 0.1292679960 0.1285773841 
 0.1298833709 0.1290073993 0.1280628949 
 0.1296478660 0.1285313363 0.1273371324 
 0.1292141981 0.1278616831 0.1264215735 
 0.1286053778 0.1270213020 0.1253390197 
 0.1278450470 0.1260339903 0.1241135477 
 0.1269574030 0.1249243933 0.1227704102 
 0.1259670851 0.1237178687 0.1213358742 
 0.1248990179 0.1224402961 0.1198369885 
 0.1237782081 0.1211178289 0.1183012799 
 0.1226294987 0.1197765955 0.1167563866 
 0.1214772883 0.1184423583 0.1152296436 
 0.1203452259 0.1171401484 0.1137476424 
 0.1192558958 0.1158938922 0.1123357890 
 0.1182305065 0.1147260507 0.1110178867 
 0.1172885973 0.1136572870 0.1098157644 
 0.1164477741 0.1127061773 0.1087489653 
 0.1157234827 0.1118889720 0.1078345062 
 0.1151288223 0.1112194096 0.1070867031 
 0.1146744005 0.1107085810 0.1065170587 
 0.1143682263 0.1103648368 0.1061341977 
 0.1142156368 0.1101937293 0.1059438354 
 0.1142192521 0.1101979798 0.1059487668 
 0.1143789549 0.1103774655 0.1061488641 
 0.1146918920 0.1107292203 0.1065410776 
 0.1151524974 0.1112474511 0.1071194406 
 0.1157525400 0.1119235735 0.1078750827 
 0.1164812003 0.1127462723 0.1087962644 
 0.1173251802 0.1137015979 0.1098684453 
 0.1182688503 0.1147731051 0.1110744010 
 0.1192944394 0.1159420426 0.1123944006 
 0.1203822627 0.1171875941 0.1138064522 
 0.1215109874 0.1184871698 0.1152866167 
 0.1226579259 0.1198167388 0.1168093806 
 0.1237993458 0.1211511897 0.1183480739 
 0.1249107832 0.1224647015 0.1198753098 
 0.1259673448 0.1237311062 0.1213634220 
 0.1269439846 0.1249242247 0.1227848739 
 0.1278157456 0.1260181615 0.1241126195 
 0.1285579580 0.1269875462 0.1253204008 
 0.1291463922 0.1278077200 0.1263829743 
 0.1295573681 0.1284548663 0.1272762671 
 0.1297678276 0.1289060939 0.1279774713 
 0.1297553838 0.1291394860 0.1284650910 
 0.1294983649 0.1291341325 0.1287189604 
 0.1289758799 0.1288701716 0.1287202590 
 0.1281679421 0.1283288708 0.1284515514 
 0.1270556986 0.1274927896 0.1278968874 
 0.1256218239 0.1263460708 0.1270420047 
 0.1238511499 0.1248749210 0.1258746786 
 0.1217315984 0.1230683374 0.1243852711 
 0.1192554732 0.1209191315 0.1225675210 
 0.1164211249 0.1184252730 0.1204196002 
 0.1132349272 0.1155915210 0.1179454253 
 0.1097133982 0.1124312330 0.1151561497 
 0.1058851719 0.1089681366 0.1120716926 
 0.1017924100 0.1052377548 0.1087220721 
 0.0974911941 0.1012881065 0.1051482511 
 0.0930505060 0.0971793257 0.1014021912 
 0.0885496129 0.0929819661 0.0975458761 
 0.0840740119 0.0887739976 0.0936492201 
 0.0797104435 0.0846367898 0.0897869989 
 0.0755417437 0.0806506372 0.0860351583 
 0.0716423616 0.0768905062 0.0824670168 
 0.0680751968 0.0734226317 0.0791499028 
 0.0648900818 0.0703023808 0.0761426634 
 0.0621238706 0.0675735087 0.0734942739 
 0.0598018076 0.0652686565 0.0712435478 
 0.0579397009 0.0634107496 0.0694197462 
 0.0565464105 0.0620148813 0.0680437731 
 0.0556262351 0.0610902785 0.0671296062 
 0.0551808975 0.0606420266 0.0666856470 
 0.0552109360 0.0606723191 0.0667157426 
 0.0557163984 0.0611810926 0.0672197164 
 0.0566967938 0.0621659818 0.0681933297 
 0.0581503055 0.0636215994 0.0696276791 
 0.0600723135 0.0655382122 0.0715081174 
 0.0624533408 0.0678999658 0.0738128718 
 0.0652766263 0.0706829013 0.0765116176 
 0.0685156429 0.0738531018 0.0795643305 
 0.0721319880 0.0773653776 0.0829207692 
 0.0760741445 0.0811629046 0.0865208949 
 0.0802775804 0.0851781418 0.0902964078 
 0.0846664829 0.0893351465 0.0941733734 
 0.0891571257 0.0935531266 0.0980756802 
 0.0936624953 0.0977507751 0.1019288687 
 0.0980974845 0.1018507415 0.1056637843 
 0.1023838183 0.1057835602 0.1092195507 
 0.1064539612 0.1094905085 0.1125455285 
 0.1102535357 0.1129251337 0.1156021557 
 0.1137421460 0.1160534779 0.1183607751 
 0.1168928253 0.1188532584 0.1208027046 
 0.1196905184 0.1213123712 0.1229178568 
 0.1221300609 0.1234270900 0.1247031980 
 0.1242140542 0.1252002637 0.1261612651 
 0.1259509147 0.1266397113 0.1272988800 
 0.1273532501 0.1277569138 0.1281261225 
 0.1284366112 0.1285660264 0.1286555693 
 0.1292185986 0.1290831831 0.1289017701 
 0.1297182651 0.1293260422 0.1288809159 
 0.1299557448 0.1293135110 0.1286106495 
 0.1299520385 0.1290655945 0.1281099719 
 0.1297288987 0.1286033192 0.1273992047 
 0.1293087668 0.1279486919 0.1264999730 
 0.1287147289 0.1271246652 0.1254351827 
 0.1279704637 0.1261550837 0.1242289668 
 0.1271001653 0.1250645947 0.1229065836 
 0.1261284297 0.1238785121 0.1214942527 
 0.1250800970 0.1226226247 0.1200189224 
 0.1239800506 0.1213229504 0.1185079682 
 0.1228529731 0.1200054406 0.1169888304 
 0.1217230699 0.1186956444 0.1154886066 
 0.1206137693 0.1174183498 0.1140336198 
 0.1195474129 0.1161972184 0.1126489868 
 0.1185449517 0.1150544323 0.1113582100 
 0.1176256582 0.1140103691 0.1101828151 
 0.1168068687 0.1130833199 0.1091420475 
 0.1161037608 0.1122892549 0.1082526359 
 0.1155291708 0.1116416410 0.1075286212 
 0.1150934515 0.1111513079 0.1069812442 
 0.1148043665 0.1108263559 0.1066188800 
 0.1146670183 0.1106720975 0.1064470043 
 0.1146838041 0.1106910249 0.1064681806 
 0.1148543960 0.1108827964 0.1066820561 
 0.1151757445 0.1112442384 0.1070853625 
 0.1156421038 0.1117693642 0.1076719235 
 0.1162450827 0.1124494128 0.1084326714 
 0.1169737244 0.1132729144 0.1093556887 
 0.1178146208 0.1142257924 0.1104262829 
 0.1187520631 0.1152915076 0.1116271118 
 0.1197682339 0.1164512521 0.1129383686 
 0.1208434374 0.1176841942 0.1143380331 
 0.1219563641 0.1189677705 0.1158021887 
 0.1230843820 0.1202780172 0.1173053952 
 0.1242038423 0.1215899255 0.1188211023 
 0.1252903863 0.1228778064 0.1203220823 
 0.1263192399 0.1241156441 0.1217808562 
 0.1272654825 0.1252774217 0.1231700912 
 0.1281042797 0.1263374055 0.1244629489 
 0.1288110744 0.1272703771 0.1256333695 
 0.1293617318 0.1280518110 0.1266562882 
 0.1297326443 0.1286579985 0.1275077826 
 0.1299007998 0.1290661266 0.1281651616 
 0.1298438297 0.1292543249 0.1286070093 
 0.1295400550 0.1292016988 0.1288132041 
 0.1289685568 0.1288883758 0.1287649372 
 0.1281093115 0.1282955958 0.1284447608 
 0.1269434372 0.1274058878 0.1278367005 
 0.1254536155 0.1262033850 0.1269264769 
 0.1236247582 0.1246743357 0.1257018816 
 0.1214449893 0.1228078722 0.1241533608 
 0.1189069954 0.1205970845 0.1222748478 
 0.1160097519 0.1180404202 0.1200648682 
 0.1127605540 0.1151433685 0.1175278991 
 0.1091771686 0.1119203069 0.1146759024 
 0.1052897936 0.1083962811 0.1115298730 
 0.1011423978 0.1046083902 0.1081211568 
 0.0967929736 0.1006063914 0.1044922369 
 0.0923123181 0.0964521664 0.1006966780 
 0.0877811947 0.0922178364 0.0967979997 
 0.0832860723 0.0879825641 0.0928674172 
 0.0789140029 0.0838283828 0.0889806174 
 0.0747474415 0.0798356411 0.0852139603 
 0.0708598412 0.0760787623 0.0816406448 
 0.0673126528 0.0726229411 0.0783273874 
 0.0641540138 0.0695221670 0.0753320356 
 0.0614190416 0.0668186613 0.0727023225 
 0.0591313694 0.0645435434 0.0704757279 
 0.0573054347 0.0627183619 0.0686802230 
 0.0559490244 0.0613570615 0.0673355661 
 0.0550656750 0.0604679896 0.0664547945 
 0.0546566358 0.0600556216 0.0660455982 
 0.0547222191 0.0601217859 0.0661113348 
 0.0552624422 0.0606662563 0.0666515308 
 0.0562769222 0.0616866543 0.0676617975 
 0.0577640313 0.0631776709 0.0691331743 
 0.0597193611 0.0651296829 0.0710509917 
 0.0621336122 0.0675269187 0.0733934324 
 0.0649901145 0.0703454222 0.0761300545 
 0.0682623012 0.0735511574 0.0792206076 
 0.0719115715 0.0770986702 0.0826144990 
 0.0758860475 0.0809307289 0.0862512221 
 0.0801206981 0.0849792706 0.0900619268 
 0.0845391284 0.0891677732 0.0939721016 
 0.0890570222 0.0934148784 0.0979050967 
 0.0935868511 0.0976388007 0.1017860160 
 0.0980431386 0.1017618569 0.1055454167 
 0.1023474299 0.1057144282 0.1091223042 
 0.1064322087 0.1094378217 0.1124660894 
 0.1102432937 0.1128857746 0.1155374040 
 0.1137406196 0.1160246400 0.1183078929 
 0.1168976337 0.1188325230 0.1207592448 
 0.1196997305 0.1212977426 0.1228817769 
 0.1221421935 0.1234169983 0.1246728651 
 0.1242280449 0.1251935461 0.1261354429 
 0.1259660820 0.1266355802 0.1272767035 
 0.1273692485 0.1277549206 0.1281070685 
 0.1284533876 0.1285660245 0.1286394254 
 0.1292363522 0.1290852932 0.1288886050 
 0.1297374124 0.1293306207 0.1288710507 
 0.1299768883 0.1293211208 0.1286046312 
 0.1299759387 0.1290769777 0.1281085469 
 0.1297564479 0.1286193704 0.1274032920 
 0.1293409636 0.1279704313 0.1265106365 
 0.1287526520 0.1271532102 0.1254536003 
 0.1280152452 0.1261916192 0.1242563973 
 0.1271529627 0.1251103410 0.1229443308 
 0.1261903964 0.1239346915 0.1215436271 
 0.1251523529 0.1226904269 0.1200812012 
 0.1240636519 0.1214034982 0.1185843556 
 0.1229488837 0.1200997564 0.1170804198 
 0.1218321346 0.1188046204 0.1155963462 
 0.1207366904 0.1175427211 0.1141582838 
 0.1196847304 0.1163375422 0.1127911524 
 0.1186970280 0.1152110717 0.1115182427 
 0.1177926679 0.1141834840 0.1103608603 
 0.1169887927 0.1132728622 0.1093380287 
 0.1163003846 0.1124949691 0.1084662583 
 0.1157400866 0.1118630685 0.1077593789 
 0.1153180630 0.1113877935 0.1072284298 
 0.1150418955 0.1110770563 0.1068815944 
 0.1149165135 0.1109359907 0.1067241673 
 0.1149441501 0.1109669199 0.1067585399 
 0.1151243244 0.1111693429 0.1069841960 
 0.1154538450 0.1115399379 0.1073977130 
 0.1159268376 0.1120725817 0.1079927690 
 0.1165347969 0.1127583902 0.1087601631 
 0.1172666688 0.1135857872 0.1096878579 
 0.1181089662 0.1145406082 0.1107610599 
 0.1190459224 0.1156062480 0.1119623483 
 0.1200596841 0.1167638577 0.1132718646 
 0.1211305426 0.1179925909 0.1146675669 
 0.1222371987 0.1192698968 0.1161255494 
 0.1233570524 0.1205718506 0.1176204147 
 0.1244665064 0.1218735069 0.1191256864 
 0.1255412699 0.1231492607 0.1206142365 
 0.1265566486 0.1243731959 0.1220587069 
 0.1274878092 0.1255194052 0.1234318995 
 0.1283100076 0.1265622691 0.1247071171 
 0.1289987747 0.1274766822 0.1258584412 
 0.1295300592 0.1282382258 0.1268609414 
 0.1298803275 0.1288232881 0.1276908187 
 0.1300266313 0.1292091409 0.1283254905 
 0.1299466548 0.1293739844 0.1287436331 
 0.1296187608 0.1292969822 0.1289252009 
 0.1290220655 0.1289583089 0.1288514471 
 0.1281365782 0.1283392457 0.1285049755 
 0.1269434583 0.1274223649 0.1278698605 
 0.1254254496 0.1261918563 0.1269318772 
 0.1235675662 0.1246340536 0.1256788909 
 0.1213580979 0.1227382227 0.1241014570 
 0.1187899874 0.1204976592 0.1221936729 
 0.1158625836 0.1179111119 0.1199543041 
 0.1125836933 0.1149844882 0.1173881633 
 0.1089717413 0.1117327125 0.1145076574 
 0.1050577144 0.1081815013 0.1113343370 
 0.1008864570 0.1043687204 0.1079002001 
 0.0965168477 0.1003449357 0.1042484409 
 0.0920204824 0.0961728010 0.1004333363 
 0.0874787304 0.0919250830 0.0965190469 
 0.0829783853 0.0876813784 0.0925772818 
 0.0786064947 0.0835238825 0.0886840111 
 0.0744451837 0.0795328128 0.0849156319 
 0.0705673040 0.0757821928 0.0813451331 
 0.0670335241 0.0723366099 0.0780388082 
 0.0638911205 0.0692493221 0.0750539286 
 0.0611743667 0.0665617821 0.0724375704 
 0.0589061413 0.0643043784 0.0702265452 
 0.0571002596 0.0624980189 0.0684482010 
 0.0557640364 0.0611561278 0.0671217556 
 0.0549006804 0.0602866586 0.0662598064 
 0.0545112385 0.0598938111 0.0658697056 
 0.0545959198 0.0599792354 0.0659545623 
 0.0551547062 0.0605425989 0.0665137242 
 0.0561872172 0.0615814597 0.0675426691 
 0.0576918355 0.0630904599 0.0690323229 
 0.0596641448 0.0650599166 0.0709678994 
 0.0620947968 0.0674739666 0.0733274427 
 0.0649670150 0.0703085159 0.0760803395 
 0.0682540614 0.0735293401 0.0791861333 
 0.0719171036 0.0770907530 0.0825939993 
 0.0759039894 0.0809352655 0.0862431914 
 0.0801494008 0.0849945617 0.0900646377 
 0.0845766824 0.0891919032 0.0939836508 
 0.0891013229 0.0934457841 0.0979234732 
 0.0936356954 0.0976743613 0.1018091834 
 0.0980943359 0.1017999911 0.1055713967 
 0.1023989100 0.1057531839 0.1091492498 
 0.1064821081 0.1094754441 0.1124923377 
 0.1102900114 0.1129207478 0.1155615073 
 0.1137828400 0.1160557014 0.1183286271 
 0.1169343201 0.1188586551 0.1207756008 
 0.1197300992 0.1213181494 0.1228929399 
 0.1221656766 0.1234310745 0.1246781895 
 0.1242442506 0.1252008438 0.1261344252 
 0.1259747576 0.1266357793 0.1272689582 
 0.1273702492 0.1277478031 0.1280923081 
 0.1284466526 0.1285514555 0.1286174449 
 0.1292218871 0.1290632068 0.1288592706 
 0.1297152778 0.1293010106 0.1288342933 
 0.1299471924 0.1292840351 0.1285604421 
 0.1299388337 0.1290325159 0.1280569767 
 0.1297121283 0.1285676826 0.1273444505 
 0.1292896657 0.1279117187 0.1264446936 
 0.1286946544 0.1270877253 0.1253807874 
 0.1279508688 0.1261196662 0.1241770082 
 0.1270825705 0.1250322761 0.1228587212 
 0.1261143926 0.1238509206 0.1214522128 
 0.1250711808 0.1226014035 0.1199844544 
 0.1239777904 0.1213097185 0.1184827988 
 0.1228588431 0.1200017536 0.1169746177 
 0.1217384510 0.1187029570 0.1154868965 
 0.1206399191 0.1174379811 0.1140458057 
 0.1195854400 0.1162303221 0.1126762762 
 0.1185957930 0.1151019725 0.1114015986 
 0.1176900635 0.1140731034 0.1102430695 
 0.1168853889 0.1131617886 0.1092196961 
 0.1161967431 0.1123837773 0.1083479674 
 0.1156367579 0.1117523170 0.1076416902 
 0.1152155853 0.1112780242 0.1071118806 
 0.1149407952 0.1109687958 0.1067667019 
 0.1148173059 0.1108297525 0.1066114326 
 0.1148473419 0.1108632076 0.1066484532 
 0.1150304151 0.1110686540 0.1068772423 
 0.1153633295 0.1114427669 0.1072943769 
 0.1158402071 0.1119794226 0.1078935390 
 0.1164525400 0.1126697380 0.1086655333 
 0.1171892712 0.1135021377 0.1095983291 
 0.1180369100 0.1144624572 0.1106771382 
 0.1189796843 0.1155340890 0.1118845419 
 0.1199997335 0.1166981787 0.1132006796 
 0.1210773398 0.1179338713 0.1146035025 
 0.1221911933 0.1192186043 0.1160690930 
 0.1233186826 0.1205284392 0.1175720381 
 0.1244361998 0.1218384167 0.1190858431 
 0.1255194452 0.1231229186 0.1205833620 
 0.1265437198 0.1243560188 0.1220372206 
 0.1274841910 0.1255118058 0.1234202099 
 0.1283161224 0.1265646627 0.1247056288 
 0.1290150616 0.1274894960 0.1258675644 
 0.1295569835 0.1282619097 0.1268811034 
 0.1299183916 0.1288583260 0.1277224759 
 0.1300763863 0.1292560627 0.1283691416 
 0.1300087115 0.1294333791 0.1287998325 
 0.1296938007 0.1293695090 0.1289945712 
 0.1291108499 0.1290447080 0.1289346907 
 0.1282399537 0.1284403457 0.1286028837 
 0.1270623569 0.1275390862 0.1279833185 
 0.1255608799 0.1263252060 0.1270618634 
 0.1237205922 0.1247851110 0.1258264671 
 0.1215297996 0.1229081089 0.1242677459 
 0.1189814010 0.1206874883 0.1223798199 
 0.1160746163 0.1181219192 0.1201614189 
 0.1128170155 0.1152171363 0.1176172408 
 0.1092266605 0.1119877768 0.1147594779 
 0.1053340458 0.1084591455 0.1116093527 
 0.1011834101 0.1046685772 0.1081984185 
 0.0968329545 0.1006660141 0.1045693219 
 0.0923535909 0.0965134428 0.1007757237 
 0.0878260767 0.0922829870 0.0968811518 
 0.0833367458 0.0880536985 0.0929567301 
 0.0789723971 0.0839073918 0.0890779558 
 0.0748151451 0.0799241115 0.0853209165 
 0.0709380571 0.0761779265 0.0817584838 
 0.0674021985 0.0727336653 0.0784570235 
 0.0642553590 0.0696449747 0.0754740424 
 0.0615323706 0.0669537826 0.0728569672 
 0.0592566540 0.0646909759 0.0706430197 
 0.0574425019 0.0628779307 0.0688599647 
 0.0560976125 0.0615284698 0.0675273976 
 