0.0752268540 0.0704924093 0.0659156653 
 0.0747302288 0.0699775640 0.0653867448 
 0.0745484763 0.0697893846 0.0651936227 
 0.0746823659 0.0699282967 0.0653363394 
 0.0751311991 0.0703938644 0.0658147541 
 0.0758927154 0.0711846764 0.0666284150 
 0.0769627815 0.0722979716 0.0677761261 
 0.0783348934 0.0737290291 0.0692552348 
 0.0799995412 0.0754703746 0.0710606845 
 0.0819435112 0.0775108775 0.0731839054 
 0.0841492183 0.0798348427 0.0756116513 
 0.0865941789 0.0824212252 0.0783249240 
 0.0892507342 0.0852431063 0.0812981543 
 0.0920861209 0.0882675640 0.0844988120 
 0.0950629493 0.0914560359 0.0878875886 
 0.0981400934 0.0947652080 0.0914192316 
 0.1012739353 0.0981483843 0.0950440063 
 0.1044198457 0.1015572067 0.0987096557 
 0.1075337412 0.1049435323 0.1023636284 
 0.1105735515 0.1082612492 0.1059553008 
 0.1135004502 0.1114678331 0.1094379254 
 0.1162797539 0.1145255016 0.1127701068 
 0.1188814525 0.1174019077 0.1159167060 
 0.1212803933 0.1200703867 0.1188491792 
 0.1234561817 0.1225098340 0.1215454411 
 0.1253928843 0.1247043223 0.1239893875 
 0.1270786225 0.1266425722 0.1261702253 
 0.1285051339 0.1283173774 0.1280817379 
 0.1296673608 0.1297250574 0.1297215833 
 0.1305631028 0.1308649879 0.1310906842 
 0.1311927588 0.1317392331 0.1321927410 
 0.1315591639 0.1323522859 0.1330338709 
 0.1316675246 0.1327109134 0.1336223670 
 0.1315254452 0.1328240973 0.1339685597 
 0.1311430373 0.1327030528 0.1340847617 
 0.1305330945 0.1323613122 0.1339852754 
 0.1297113135 0.1318148483 0.1336864419 
 0.1286965269 0.1310822147 0.1332067061 
 0.1275109107 0.1301846693 0.1325666742 
 0.1261801159 0.1291462449 0.1317891318 
 0.1247332728 0.1279937279 0.1308989951 
 0.1232028174 0.1267565053 0.1299231631 
 0.1216241012 0.1254662491 0.1288902484 
 0.1200347645 0.1241564181 0.1278301673 
 0.1184738794 0.1228615761 0.1267735867 
 0.1169808978 0.1216165451 0.1257512384 
 0.1155944655 0.1204554330 0.1247931243 
 0.1143511774 0.1194105895 0.1239276536 
 0.1132843572 0.1185115540 0.1231807590 
 0.1124229343 0.1177840580 0.1225750428 
 0.1117904783 0.1172491395 0.1221290046 
 0.1114044266 0.1169224127 0.1218563925 
 0.1112755267 0.1168135267 0.1217657149 
 0.1114074995 0.1169258313 0.1218599347 
 0.1117969232 0.1172562616 0.1221363643 
 0.1124333376 0.1177954435 0.1225867621 
 0.1132995710 0.1185280185 0.1231976307 
 0.1143722878 0.1194331773 0.1239506976 
 0.1156227530 0.1204853832 0.1248235593 
 0.1170177930 0.1216552533 0.1257904493 
 0.1185209158 0.1229105542 0.1268230900 
 0.1200935318 0.1242172546 0.1278915769 
 0.1216962013 0.1255405705 0.1289652420 
 0.1232898259 0.1268459422 0.1300134510 
 0.1248367063 0.1280998846 0.1310062920 
 0.1263014050 0.1292706732 0.1319151310 
 0.1276513789 0.1303288459 0.1327130236 
 0.1288573726 0.1312475205 0.1333749856 
 0.1298935940 0.1320025483 0.1338781402 
 0.1307377095 0.1325725348 0.1342017659 
 0.1313707099 0.1329387658 0.1343272743 
 0.1317766990 0.1330850797 0.1342381494 
 0.1319426558 0.1329977228 0.1339198759 
 0.1318582070 0.1326652176 0.1333598831 
 0.1315154454 0.1320782737 0.1325475288 
 0.1309088136 0.1312297580 0.1314741437 
 0.1300350697 0.1301147469 0.1301331585 
 0.1288933461 0.1287306707 0.1285203323 
 0.1274853066 0.1270775658 0.1266341015 
 0.1258154032 0.1251584372 0.1244760591 
 0.1238912255 0.1229797299 0.1220515627 
 0.1217239230 0.1205518859 0.1193704471 
 0.1193286649 0.1178899440 0.1164477858 
 0.1167250798 0.1150141088 0.1133046102 
 0.1139375987 0.1119501913 0.1099684569 
 0.1109956113 0.1087298023 0.1064735945 
 0.1079333445 0.1053901838 0.1028607831 
 0.1047893902 0.1019735897 0.0991764610 
 0.1016058521 0.0985261855 0.0954713351 
 0.0984271353 0.0950965154 0.0917984559 
 0.0952984704 0.0917336689 0.0882109678 
 0.0922643140 0.0884853453 0.0847598012 
 0.0893668001 0.0853960439 0.0814915970 
 0.0866444110 0.0825055871 0.0784471100 
 0.0841309988 0.0798481236 0.0756602461 
 0.0818552299 0.0774516748 0.0731577755 
 0.0798404558 0.0753382002 0.0709596542 
 0.0781049558 0.0735240878 0.0690798136 
 0.0766624572 0.0720209386 0.0675272415 
 0.0755228171 0.0708364969 0.0663071787 
 0.0746927532 0.0699755960 0.0654222805 
 0.0741765241 0.0694410063 0.0648736271 
 0.0739764792 0.0692341051 0.0646615050 
 0.0740934239 0.0693553146 0.0647859088 
 0.0745267667 0.0698042759 0.0652467400 
 0.0752744355 0.0705797491 0.0660436921 
 0.0763325706 0.0716792452 0.0671758283 
 0.0776950232 0.0730984163 0.0686408726 
 0.0793527074 0.0748302516 0.0704342575 
 0.0812928792 0.0768641544 0.0725479974 
 0.0834984368 0.0791850004 0.0749694946 
 0.0859473530 0.0817723082 0.0776804177 
 0.0886123528 0.0845996627 0.0806558248 
 0.0914609404 0.0876345308 0.0838637072 
 0.0944558403 0.0908385736 0.0872651090 
 0.0975558645 0.0941685000 0.0908149085 
 0.1007171537 0.0975774219 0.0944632533 
 0.1038946749 0.1010165852 0.0981575207 
 0.1070438137 0.1044372835 0.1018445805 
 0.1101218904 0.1077927285 0.1054730756 
 0.1130894430 0.1110396695 0.1089954451 
 0.1159111755 0.1141396101 0.1123694752 
 0.1185565284 0.1170595521 0.1155592686 
 0.1209998887 0.1197722780 0.1185356292 
 0.1232205029 0.1222562465 0.1212759507 
 0.1252021803 0.1244952118 0.1237637440 
 0.1269328775 0.1264776850 0.1259879577 
 0.1284042452 0.1281963415 0.1279422244 
 0.1296111983 0.1296474538 0.1296241347 
 0.1305515513 0.1308304007 0.1310346037 
 0.1312257412 0.1317472791 0.1321773604 
 0.1316366479 0.1324026269 0.1330585680 
 0.1317895133 0.1328032522 0.1336865659 
 0.1316919519 0.1329581581 0.1340717169 
 0.1313540448 0.1328785496 0.1342263398 
 0.1307884999 0.1325779040 0.1341647071 
 0.1300108590 0.1320720834 0.1339030836 
 0.1290397202 0.1313794660 0.1334597858 
 0.1278969378 0.1305210632 0.1328552331 
 0.1266077533 0.1295205888 0.1321119651 
 0.1252008065 0.1284044412 0.1312545942 
 0.1237079776 0.1272015608 0.1303096658 
 0.1221640214 0.1259431311 0.1293054005 
 0.1206059716 0.1246621036 0.1282713011 
 0.1190723196 0.1233925429 0.1272376209 
 0.1176019985 0.1221688093 0.1262347000 
 0.1162332283 0.1210246141 0.1252921948 
 0.1150022962 0.1199919994 0.1244382361 
 0.1139423503 0.1191003036 0.1236985634 
 0.1130822814 0.1183751748 0.1230956837 
 0.1124457525 0.1178376877 0.1226481062 
 0.1120504160 0.1175036112 0.1223696954 
 0.1119073417 0.1173828585 0.1222691788 
 0.1120206644 0.1174791419 0.1223498340 
 0.1123874530 0.1177898442 0.1226093713 
 0.1129978022 0.1183061099 0.1230400176 
 0.1138351457 0.1190131537 0.1236287970 
 0.1148767909 0.1198907775 0.1243579946 
 0.1160946687 0.1209140744 0.1252057801 
 0.1174562757 0.1220542910 0.1261469568 
 0.1189257750 0.1232798008 0.1271537935 
 0.1204651944 0.1245571373 0.1281968897 
 0.1220356521 0.1258520204 0.1292460248 
 0.1235985291 0.1271303177 0.1302709418 
 0.1251165126 0.1283588854 0.1312420292 
 0.1265544501 0.1295062483 0.1321308733 
 0.1278799802 0.1305431029 0.1329106708 
 0.1290639310 0.1314426391 0.1335565040 
 0.1300805044 0.1321807030 0.1340454952 
 0.1309072839 0.1327358273 0.1343568629 
 0.1315251140 0.1330891687 0.1344719082 
 0.1319179025 0.1332243912 0.1343739621 
 0.1320723937 0.1331275295 0.1340483209 
 0.1319779512 0.1327868657 0.1334821954 
 0.1316263838 0.1321928450 0.1326646983 
 0.1310118337 0.1313380502 0.1315868917 
 0.1301307471 0.1302172562 0.1302419149 
 0.1289819349 0.1288275764 0.1286252140 
 0.1275667326 0.1271687168 0.1267348920 
 0.1258892606 0.1252433418 0.1245721905 
 0.1239567781 0.1230575504 0.1221421029 
 0.1217801132 0.1206214421 0.1194540967 
 0.1193741331 0.1179497289 0.1165228893 
 0.1167581978 0.1150623216 0.1133691874 
 0.1139565199 0.1119847907 0.1100202598 
 0.1109983392 0.1087485828 0.1065101918 
 0.1079178180 0.1053908727 0.1028796707 
 0.1047535817 0.1019539599 0.0991751917 
 0.1015478705 0.0984841742 0.0954476550 
 0.0983453242 0.0950303355 0.0917504314 
 0.0951914905 0.0916419003 0.0881370870 
 0.0921312005 0.0883669947 0.0846590358 
 0.0892069888 0.0852505662 0.0813634182 
 0.0864577318 0.0823328681 0.0782914588 
 0.0839176409 0.0796484297 0.0754774670 
 0.0816156844 0.0772255797 0.0729485250 
 0.0795754471 0.0750864996 0.0707247996 
 0.0778153711 0.0732477155 0.0688203353 
 0.0763492820 0.0717208917 0.0672441486 
 0.0751870848 0.0705137791 0.0660014455 
 0.0743355123 0.0696311811 0.0650948070 
 0.0737988249 0.0690758245 0.0645252248 
 0.0735793811 0.0688490523 0.0642929063 
 0.0736780207 0.0689512822 0.0643978002 
 0.0740942286 0.0693821989 0.0648398145 
 0.0748260628 0.0701406695 0.0656187199 
 0.0758698562 0.0712243861 0.0667337400 
 0.0772197157 0.0726292604 0.0681828522 
 0.0788668690 0.0743486175 0.0699618351 
 0.0807989303 0.0763722605 0.0720631349 
 0.0829991779 0.0786855077 0.0744746506 
 0.0854459562 0.0812683302 0.0771785805 
 0.0881123191 0.0840947353 0.0801505008 
 0.0909660193 0.0871325367 0.0833588571 
 0.0939699173 0.0903436242 0.0867650291 
 0.0970828254 0.0936847825 0.0903240657 
 0.1002607402 0.0971090286 0.0939860886 
 0.1034583474 0.1005673440 0.0976982465 
 0.1066306377 0.1040106108 0.1014069955 
 0.1097344573 0.1073915213 0.1050604221 
 0.1127298321 0.1106662454 0.1086103218 
 0.1155809553 0.1137956974 0.1120138111 
 0.1182567920 0.1167463231 0.1152343509 
 0.1207313126 0.1194904137 0.1182421734 
 0.1229834192 0.1220060200 0.1210141940 
 0.1249966523 0.1242765769 0.1235335493 
 0.1267587698 0.1262903605 0.1257889127 
 0.1282612851 0.1280398842 0.1277737283 
 0.1294990242 0.1295213171 0.1294854681 
 0.1304697479 0.1307339777 0.1309249803 
 0.1311738616 0.1316799311 0.1320959619 
 0.1316142244 0.1323636983 0.1330045640 
 0.1317960565 0.1327920743 0.1336591217 
 0.1317269401 0.1329740429 0.1340699908 
 0.1314169040 0.1329207758 0.1342494729 
 0.1308785761 0.1326456948 0.1342118063 
 0.1301273838 0.1321645798 0.1339732005 
 0.1291817710 0.1314956953 0.1335518910 
 0.1280633969 0.1306599063 0.1329681905 
 0.1267972682 0.1296807479 0.1322445053 
 0.1254117571 0.1285844118 0.1314052922 
 0.1239384545 0.1273996114 0.1304769231 
 0.1224118189 0.1261572942 0.1294874356 
 0.1208686000 0.1248901802 0.1284661508 
 0.1193470372 0.1236321224 0.1274431528 
 0.1178858624 0.1224173053 0.1264486381 
 0.1165231609 0.1212793132 0.1255121558 
 0.1152951624 0.1202501219 0.1246617767 
 0.1142350387 0.1193590703 0.1239232337 
 0.1133717851 0.1186318760 0.1233190854 
 0.1127292429 0.1180897507 0.1228679510 
 0.1123253072 0.1177486619 0.1225838604 
 0.1121713429 0.1176187752 0.1224757567 
 0.1122718212 0.1177040992 0.1225471755 
 0.1126241767 0.1180023466 0.1227961188 
 0.1132188884 0.1185050146 0.1232151286 
 0.1140397835 0.1191976823 0.1237915565 
 0.1150645622 0.1200605167 0.1245080176 
 0.1162655376 0.1210689667 0.1253430028 
 0.1176105680 0.1221946137 0.1262716184 
 0.1190641475 0.1234061371 0.1272664091 
 0.1205885951 0.1246703374 0.1282982164 
 0.1221452728 0.1259531578 0.1293370220 
 0.1236957525 0.1272206413 0.1303527296 
 0.1252028571 0.1284397702 0.1313158460 
 0.1266315166 0.1295791490 0.1321980349 
 0.1279494019 0.1306095099 0.1329725333 
 0.1291273302 0.1315040414 0.1336144315 
 0.1301394566 0.1322385568 0.1341008323 
 0.1309632904 0.1327915312 0.1344109124 
 0.1315795813 0.1331440453 0.1345259140 
 0.1319721286 0.1332796733 0.1344290962 
 0.1321275592 0.1331843506 0.1341056725 
 0.1320351141 0.1328462530 0.1335427629 
 0.1316864754 0.1322557134 0.1327293816 
 0.1310756561 0.1314051968 0.1316564839 
 0.1301989692 0.1302893534 0.1303170926 
 0.1290550878 0.1289051635 0.1287065253 
 0.1276452022 0.1272521884 0.1268227404 
 0.1259732781 0.1253329337 0.1246668159 
 0.1240464084 0.1231533228 0.1222435583 
 0.1218752422 0.1207232606 0.1195622234 
 0.1194744547 0.1180572466 0.1166372923 
 0.1168632041 0.1151749641 0.1134892151 
 0.1140654966 0.1121017492 0.1101449940 
 0.1111103705 0.1088688182 0.1066384521 
 0.1080318030 0.1055131359 0.1030100393 
 0.1048682651 0.1020768292 0.0993060604 
 0.1016618860 0.0986061101 0.0955772928 
 0.0984572505 0.0951497490 0.0918770682 
 0.0952999126 0.0917572275 0.0882590031 
 0.0922347717 0.0884767706 0.0847746479 
 0.0893044868 0.0853534877 0.0814713502 
 0.0865481022 0.0824278413 0.0783905902 
 0.0840000247 0.0797345959 0.0755669556 
 0.0816894296 0.0773023210 0.0730278048 
 0.0796401029 0.0751534259 0.0707935578 
 0.0778706705 0.0733046376 0.0688784745 
 0.0763951149 0.0717677856 0.0672917417 
 0.0752234671 0.0705507469 0.0660386886 
 0.0743625538 0.0696584131 0.0651219753 
 0.0738166999 0.0690935650 0.0645426343 
 0.0735883033 0.0688575719 0.0643008836 
 0.0736782240 0.0689508567 0.0643966611 
 0.0740859544 0.0693730969 0.0648298511 
 0.0748095541 0.0701231470 0.0656001963 
 0.0758453577 0.0711986882 0.0667068964 
 0.0771874795 0.0725956298 0.0681479153 
 0.0788271644 0.0743073078 0.0699190352 
 0.0807520564 0.0763235528 0.0720127267 
 0.0829454770 0.0786297288 0.0744169363 
 0.0853858254 0.0812058689 0.0771139320 
 0.0880462178 0.0840260549 0.0800793772 
 0.0908944712 0.0870581805 0.0832818148 
 0.0938935042 0.0902642116 0.0866827214 
 0.0970021742 0.0936009959 0.0902372298 
 0.1001765021 0.0970215903 0.0938955211 
 0.1033711725 0.1004769868 0.0976047689 
 0.1065411477 0.1039180452 0.1013114155 
 0.1096432189 0.1072974027 0.1049634938 
 0.1126373335 0.1105711461 0.1085127111 
 0.1154875893 0.1137000849 0.1119160691 
 0.1181628437 0.1166505463 0.1151368974 
 0.1206369541 0.1193946972 0.1181452899 
 0.1228887087 0.1219104637 0.1209180253 
 0.1249015367 0.1241811615 0.1234381107 
 0.1266630902 0.1261949550 0.1256941006 
 0.1281647823 0.1279442548 0.1276793328 
 0.1294013454 0.1294251367 0.1293911850 
 0.1303704530 0.1306368345 0.1308304229 
 0.1310724298 0.1315813368 0.1320006712 
 0.1315100602 0.1322630963 0.1329080185 
 0.1316884971 0.1326888476 0.1335607464 
 0.1316152639 0.1328675235 0.1339691665 
 0.1313003419 0.1328102547 0.1341455468 
 0.1307563254 0.1325304351 0.1341041033 
 0.1299986261 0.1320438322 0.1338610374 
 0.1290456947 0.1313687173 0.1334345929 
 0.1279192239 0.1305259850 0.1328451098 
 0.1266442854 0.1295392260 0.1321150440 
 0.1252493497 0.1284347164 0.1312689257 
 0.1237661412 0.1272412842 0.1303332257 
 0.1222292856 0.1259900210 0.1293361058 
 0.1206757294 0.1247138181 0.1283070352 
 0.1191439320 0.1234467227 0.1272762662 
 0.1176728600 0.1222231290 0.1262741788 
 0.1163008382 0.1210768396 0.1253305147 
 0.1150643306 0.1200400473 0.1244735384 
 0.1139967297 0.1191422988 0.1237291706 
 0.1131272291 0.1184095024 0.1231201433 
 0.1124798416 0.1178630360 0.1226652283 
 0.1120726019 0.1175190033 0.1223785812 
 0.1119169812 0.1173876724 0.1222692392 
 0.1120175203 0.1174731175 0.1223407970 
 0.1123716869 0.1177730782 0.1225912791 
 0.1129699541 0.1182790387 0.1230132124 
 0.1137961038 0.1189765262 0.1235938974 
 0.1148277517 0.1198456188 0.1243158645 
 0.1160370880 0.1208616420 0.1251574911 
 0.1173918144 0.1219960261 0.1260937467 
 0.1188562398 0.1232172777 0.1270970234 
 0.1203924788 0.1244920124 0.1281380021 
 0.1219616801 0.1257859862 0.1291865050 
 0.1235252057 0.1270650616 0.1302122853 
 0.1250456825 0.1282960572 0.1311857148 
 0.1264878689 0.1294474372 0.1320783445 
 0.1278192964 0.1304898230 0.1328633240 
 0.1290106790 0.1313963245 0.1335156844 
 0.1300361074 0.1321427095 0.1340124976 
 0.1308730634 0.1327074400 0.1343329375 
 0.1315023048 0.1330716136 0.1344582693 
 0.1319076693 0.1332188481 0.1343717987 
 0.1320758483 0.1331351459 0.1340588075 
 0.1319961686 0.1328087693 0.1335065019 
 0.1316604147 0.1322301534 0.1327039984 
 0.1310627141 0.1313918782 0.1316423671 
 0.1301995018 0.1302887164 0.1303147548 
 0.1290695754 0.1289177749 0.1287166076 
 0.1276742472 0.1272787395 0.1268460117 
 0.1260175955 0.1253742313 0.1247041635 
 0.1241068090 0.1232102710 0.1222959698 
 0.1219526062 0.1207968329 0.1196307553 
 0.1195696957 0.1181484452 0.1167230262 
 0.1169772228 0.1152847683 0.1135931994 
 0.1141991261 0.1122310527 0.1102681742 
 0.1112643151 0.1090183612 0.1067815952 
 0.1082065775 0.1056834369 0.1031736585 
 0.1050641393 0.1022681256 0.0994903522 
 0.1018788438 0.0988183161 0.0957820953 
 0.0986949678 0.0953824384 0.0921018497 
 0.0955577605 0.0920096458 0.0885028848 
 0.0925118444 0.0887478762 0.0850364597 
 0.0895996517 0.0856420176 0.0817497116 
 0.0868600657 0.0827323917 0.0786840059 
 0.0843274057 0.0800537085 0.0758739128 
 0.0820308300 0.0776345634 0.0733468606 
 0.0799941703 0.0754974583 0.0711234083 
 0.0782361435 0.0736592598 0.0692180007 
 0.0767708510 0.0721319622 0.0676400314 
 0.0756084504 0.0709236114 0.0663950349 
 0.0747558841 0.0700392513 0.0654858553 
 0.0742175655 0.0694817818 0.0649136710 
 0.0739959395 0.0692526440 0.0646787948 
 0.0740918619 0.0693522752 0.0647811969 
 0.0745047618 0.0697803015 0.0652207249 
 0.0752325741 0.0705354560 0.0659970085 
 0.0762714470 0.0716152278 0.0671090572 
 0.0776152532 0.0730152676 0.0685545679 
 0.0792549520 0.0747285951 0.0703289864 
 0.0811778749 0.0767446840 0.0724243910 
 0.0833670264 0.0790485232 0.0748283023 
 0.0858005123 0.0816197829 0.0775225597 
 0.0884512078 0.0844322280 0.0804824327 
 0.0912867698 0.0874535161 0.0836761461 
 0.0942700597 0.0906454886 0.0870649737 
 0.0973599928 0.0939650003 0.0906039905 
 0.1005127632 0.0973652533 0.0942434798 
 0.1036833295 0.1007975122 0.0979308718 
 0.1068270038 0.1042130100 0.1016129950 
 0.1099009688 0.1075648208 0.1052383569 
 0.1128655713 0.1108094897 0.1087591793 
 0.1156852825 0.1139082655 0.1121329691 
 0.1183292831 0.1168278633 0.1153235111 
 0.1207716875 0.1195407655 0.1183012768 
 0.1229914681 0.1220251319 0.1210433308 
 0.1249721670 0.1242644299 0.1235328735 
 0.1267014854 0.1262469024 0.1257585688 
 0.1281708334 0.1279649780 0.1277137938 
 0.1293749001 0.1294147042 0.1293959129 
 0.1303112894 0.1305952557 0.1308056423 
 0.1309802425 0.1315085450 0.1319465370 
 0.1313844589 0.1321589447 0.1328246090 
 0.1315290174 0.1325531166 0.1334480682 
 0.1314213905 0.1326999400 0.1338271708 
 0.1310715439 0.1326105210 0.1339741537 
 0.1304921050 0.1322982694 0.1339032360 
 0.1296985789 0.1317790184 0.1336306635 
 0.1287095824 0.1310711641 0.1331747736 
 0.1275470543 0.1301957919 0.1325560542 
 0.1262363969 0.1291767534 0.1317971668 
 0.1248064931 0.1280406554 0.1309229052 
 0.1232895520 0.1268167201 0.1299600582 
 0.1217207384 0.1255364851 0.1289371513 
 0.1201375675 0.1242333218 0.1278840505 
 0.1185790674 0.1229417690 0.1268314209 
 0.1170847419 0.1216966991 0.1258100514 
 0.1156933916 0.1205323536 0.1248500678 
 0.1144418705 0.1194813019 0.1239800731 
 0.1133638576 0.1185733859 0.1232262622 
 0.1124887212 0.1178347136 0.1226115631 
 0.1118405351 0.1172867606 0.1221548541 
 0.1114372864 0.1169456235 0.1218703032 
 0.1112902981 0.1168214613 0.1217668640 
 0.1114038721 0.1169181428 0.1218479556 
 0.1117751556 0.1172331137 0.1221113402 
 0.1123942287 0.1177574860 0.1225492062 
 0.1132444157 0.1184763472 0.1231484512 
 0.1143028197 0.1193692816 0.1238911531 
 0.1155410745 0.1204110829 0.1247552035 
 0.1169262970 0.1215726289 0.1257150716 
 0.1184222011 0.1228218735 0.1267426536 
 0.1199903183 0.1241248997 0.1278081583 
 0.1215912490 0.1254469715 0.1288809757 
 0.1231858633 0.1267535180 0.1299304821 
 0.1247363721 0.1280109966 0.1309267382 
 0.1262072063 0.1291875918 0.1318410559 
 0.1275656656 0.1302537309 0.1326464203 
 0.1287823280 0.1311824136 0.1333177707 
 0.1298312394 0.1319493765 0.1338321554 
 0.1306899181 0.1325331213 0.1341687867 
 0.1313392283 0.1329148469 0.1343090227 
 0.1317631718 0.1330783238 0.1342363090 
 0.1319486500 0.1330097497 0.1339361073 
 0.1318852349 0.1326976170 0.1333958384 
 0.1315649831 0.1321326186 0.1326048630 
 0.1309823136 0.1313076148 0.1315545205 
 0.1301339664 0.1302176764 0.1302382493 
 0.1290190523 0.1288602213 0.1286518052 
 0.1276391993 0.1272352540 0.1267935971 
 0.1259987966 0.1253457146 0.1246651499 
 0.1241053310 0.1231979335 0.1222716940 
 0.1219697938 0.1208021720 0.1196228583 
 0.1196071278 0.1181732060 0.1167334135 
 0.1170366565 0.1153308842 0.1136239788 
 0.1142824236 0.1123005650 0.1103215677 
 0.1113733541 0.1091133187 0.1068598274 
 0.1083431496 0.1058057815 0.1032788287 
 0.1052298439 0.1024195730 0.0996243002 
 0.1020749877 0.0990002445 0.0959462784 
 0.0989224820 0.0955957985 0.0922972461 
 0.0958171442 0.0922549057 0.0887299392 
 0.0928031439 0.0890250075 0.0852950774 
 0.0899224759 0.0859505248 0.0820393031 
 0.0872136350 0.0830713793 0.0790035724 
 0.0847106257 0.0804219744 0.0762221593 
 0.0824423801 0.0780307051 0.0737223190 
 0.0804325928 0.0759199775 0.0715245559 
 0.0786999251 0.0741066538 0.0696433601 
 0.0772584859 0.0726027930 0.0680882440 
 0.0761184807 0.0714165479 0.0668649045 
 0.0752869155 0.0705530831 0.0659763603 
 0.0747682567 0.0700154056 0.0654239479 
 0.0745649691 0.0698050240 0.0652080948 
 0.0746778747 0.0699223818 0.0653288197 
 0.0751062993 0.0703670317 0.0657859321 
 0.0758479938 0.0711375409 0.0665789220 
 0.0768988377 0.0722311320 0.0677065460 
 0.0782523541 0.0736430889 0.0691661310 
 0.0798990836 0.0753659738 0.0709526409 
 0.0818258919 0.0773887321 0.0730575763 
 0.0840153034 0.0796957859 0.0754678148 
 0.0864449686 0.0822662441 0.0781645320 
 0.0890873778 0.0850733673 0.0811223710 
 0.0919099170 0.0880844215 0.0843090325 
 0.0948753282 0.0912610186 0.0876854321 
 0.0979425813 0.0945599827 0.0912065052 
 0.1010681040 0.0979346989 0.0948226426 
 0.1042072508 0.1013368182 0.0984816289 
 0.1073158574 0.1047181286 0.1021308613 
 0.1103517109 0.1080323738 0.1057195723 
 0.1132757896 0.1112368203 0.1092007912 
 0.1160531754 0.1142934286 0.1125328403 
 0.1186535979 0.1171695648 0.1156802621 
 0.1210516326 0.1198382647 0.1186141814 
 0.1232266119 0.1222781266 0.1213121866 
 0.1251623367 0.1244729385 0.1237578653 
 0.1268466744 0.1264111549 0.1259401425 
 0.1282711229 0.1280853239 0.1278525482 
 0.1294303990 0.1294915412 0.1294925157 
 0.1303220919 0.1306289787 0.1308607698 
 0.1309464040 0.1314995159 0.1319608370 
 0.1313059893 0.1321074798 0.1327986831 
 0.1314058903 0.1324594911 0.1333824713 
 0.1312535689 0.1325644064 0.1337224249 
 0.1308590210 0.1324333420 0.1338307742 
 0.1302349604 0.1320797629 0.1337217687 
 0.1293970488 0.1315196141 0.1334117308 
 0.1283641408 0.1307714696 0.1329191286 
 0.1271585018 0.1298566647 0.1322646392 
 0.1258059500 0.1287993755 0.1314711746 
 0.1243358670 0.1276266030 0.1305638376 
 0.1227810263 0.1263680240 0.1295697773 
 0.1211771992 0.1250556730 0.1285179187 
 0.1195625161 0.1237234375 0.1274385492 
 0.1179765934 0.1224063635 0.1263627559 
 0.1164594593 0.1211397924 0.1253217268 
 0.1150503432 0.1199583677 0.1243459401 
 0.1137864073 0.1188949703 0.1234642824 
 0.1127015044 0.1179796447 0.1227031459 
 0.1118250382 0.1172385826 0.1220855563 
 0.1111809847 0.1166932214 0.1216303831 
 0.1107871120 0.1163595014 0.1213516778 
 0.1106544172 0.1162473150 0.1212581734 
 0.1107867861 0.1163601661 0.1213529726 
 0.1111808734 0.1166950505 0.1216334364 
 0.1118262044 0.1172425591 0.1220912819 
 0.1127054981 0.1179872041 0.1227128811 
 0.1137952144 0.1189079557 0.1234797499 
 0.1150663211 0.1199789743 0.1243692016 
 0.1164852628 0.1211705043 0.1253551304 
 0.1180150959 0.1224498878 0.1264088806 
 0.1196167304 0.1237826381 0.1275001511 
 0.1212502042 0.1251335101 0.1285978800 
 0.1228759030 0.1264675007 0.1296710614 
 0.1244556466 0.1277507220 0.1306894520 
 0.1259535772 0.1289511061 0.1316241413 
 0.1273368094 0.1300389198 0.1324479719 
 0.1285758368 0.1309870899 0.1331358162 
 0.1296447104 0.1317713586 0.1336647244 
 0.1305210323 0.1323703014 0.1340139701 
 0.1311858139 0.1327652477 0.1341650237 
 0.1316232550 0.1329401449 0.1341014858 
 0.1318204931 0.1328814038 0.1338090088 
 0.1317673650 0.1325777589 0.1332752339 
 0.1314562122 0.1320201689 0.1324897676 
 0.1308817542 0.1312017783 0.1314442192 
 0.1300410425 0.1301179593 0.1301323177 
 0.1289335078 0.1287664448 0.1285501304 
 0.1275611035 0.1271475670 0.1266963968 
 0.1259285465 0.1252646021 0.1245729885 
 0.1240436484 0.1231242208 0.1221854938 
 0.1219177158 0.1207370197 0.1195439006 
 0.1195659862 0.1181180933 0.1166633264 
 0.1170080441 0.1152875752 0.1135647046 
 0.1142681444 0.1122710557 0.1102753064 
 0.1113753562 0.1090997625 0.1068289536 
 0.1083634417 0.1058103939 0.1032657837 
 0.1052704006 0.1024445229 0.0996314664 
 0.1021376496 0.0990475389 0.0959758474 
 0.0990088605 0.0956671753 0.0923510962 
 0.0959285422 0.0923517453 0.0888095378 
 0.0929405002 0.0891482750 0.0854014215 
 0.0900863388 0.0861007493 0.0821729036 
 0.0874041683 0.0832486694 0.0791644825 
 0.0849276415 0.0806260665 0.0764100381 
 0.0826853926 0.0782610333 0.0739365198 
 0.0807008840 0.0761757553 0.0717642230 
 0.0789926122 0.0743869546 0.0699075236 
 0.0775745829 0.0729066218 0.0683759007 
 0.0764569463 0.0717428958 0.0671750787 
 0.0756466841 0.0709009616 0.0663081416 
 0.0751482507 0.0703838590 0.0657765036 
 0.0749640913 0.0701931195 0.0655806594 
 0.0750949829 0.0703291795 0.0657206612 
 0.0755401658 0.0707915369 0.0661962991 
 0.0762972527 0.0715786416 0.0670069742 
 0.0773619265 0.0726875280 0.0681512718 
 0.0787274534 0.0741132158 0.0696262582 
 0.0803840641 0.0758479323 0.0714265475 
 0.0823182759 0.0778802293 0.0735432112 
 0.0845122487 0.0801940997 0.0759626399 
 0.0869432823 0.0827682203 0.0786654975 
 0.0895835640 0.0855754559 0.0816259347 
 0.0924002592 0.0885827565 0.0848112306 
 0.0953560013 0.0917515380 0.0881820013 
 0.0984097846 0.0950385789 0.0916930478 
 0.1015181985 0.0983973838 0.0952948178 
 0.1046368887 0.1017798839 0.0989353476 
 0.1077220865 0.1051382839 0.1025624591 
 0.1107320447 0.1084268421 0.1061259406 
 0.1136282392 0.1116033903 0.1095794532 
 0.1163762424 0.1146304580 0.1128819686 
 0.1189462378 0.1174759437 0.1159986464 
 0.1213131955 0.1201133503 0.1189011572 
 0.1234567725 0.1225216618 0.1215675421 
 0.1253610218 0.1246849661 0.1239817422 
 0.1270139957 0.1265919375 0.1261329401 
 0.1284073193 0.1282352746 0.1280148418 
 0.1295357912 0.1296111684 0.1296249900 
 0.1303970498 0.1307188462 0.1309641711 
 0.1309913265 0.1315602170 0.1320359407 
 0.1313212965 0.1321396241 0.1328462761 
 0.1313920257 0.1324637030 0.1334033465 
 0.1312110123 0.1325413325 0.1337173847 
 0.1307883108 0.1323836678 0.1338006427 
 0.1301367239 0.1320042364 0.1336674101 
 0.1292720399 0.1314190751 0.1333340726 
 0.1282132820 0.1306468829 0.1328191884 
 0.1269829279 0.1297091556 0.1321435528 
 0.1256070490 0.1286302631 0.1313302234 
 0.1241153138 0.1274374296 0.1304044722 
 0.1225408038 0.1261605746 0.1293936358 
 0.1209196015 0.1248319835 0.1283268351 
 0.1192901326 0.1234857874 0.1272345509 
 0.1176922709 0.1221572520 0.1261480487 
 0.1161662450 0.1208818984 0.1250986662 
 0.1147514120 0.1196944959 0.1241169910 
 0.1134849796 0.1186279859 0.1232319686 
 0.1124007606 0.1177124031 0.1224699926 
 0.1115280366 0.1169738575 0.1218540292 
 0.1108905869 0.1164336354 0.1214028281 
 0.1105059203 0.1161074644 0.1211302638 
 0.1103847240 0.1160049708 0.1210448418 
 0.1105305360 0.1161293497 0.1211493943 
 0.1109396362 0.1164772557 0.1214409793 
 0.1116011587 0.1170389175 0.1219109880 
 0.1124974239 0.1177984745 0.1225454547 
 0.1136044951 0.1187345245 0.1233255567 
 0.1148929548 0.1198208663 0.1242282785 
 0.1163288832 0.1210274044 0.1252272051 
 0.1178750032 0.1223211716 0.1262934004 
 0.1194919325 0.1236674115 0.1273963183 
 0.1211394648 0.1250306551 0.1285046933 
 0.1227777958 0.1263757246 0.1295873592 
 0.1243686121 0.1276686082 0.1306139569 
 0.1258759772 0.1288771625 0.1315555015 
 0.1272669788 0.1299716233 0.1323848000 
 0.1285121270 0.1309249246 0.1330767224 
 0.1295855264 0.1317128478 0.1336083440 
 0.1304648598 0.1323140324 0.1339589861 
 0.1311312400 0.1327098901 0.1341101839 
 0.1315689813 0.1328844638 0.1340456160 
 0.1317653441 0.1328242694 0.1337510225 
 0.1317102929 0.1325181529 0.1332141405 
 0.1313963001 0.1319571894 0.1324246801 
 0.1308182181 0.1311346455 0.1313743610 
 0.1299732344 0.1300460211 0.1300570329 
 0.1288609199 0.1286891855 0.1284688948 
 0.1274833745 0.1270646170 0.1266088328 
 0.1258454703 0.1251757517 0.1244788838 
 0.1239551844 0.1230294355 0.1220848228 
 0.1218240002 0.1206364574 0.1194368474 
 0.1194673431 0.1180121200 0.1165503071 
 0.1169049939 0.1151767783 0.1134463848 
 0.1141614059 0.1121562485 0.1101526090 
 0.1112658405 0.1089819777 0.1067030516 
 0.1082522349 0.1056908631 0.1031380745 
 0.1051587330 0.1023246381 0.0995035246 
 0.1020268525 0.0989287997 0.0958493587 
 0.0989003138 0.0955511232 0.0922277774 
 0.0958236149 0.0922398924 0.0886910510 
 0.0928404920 0.0890420346 0.0852892933 
 0.0899924279 0.0860013766 0.0820684591 
 0.0873173706 0.0831572178 0.0790687998 
 0.0848487849 0.0805433636 0.0763239283 
 0.0826151076 0.0781876764 0.0738605296 
 0.0806396083 0.0761121239 0.0716986572 
 0.0789406082 0.0743332364 0.0698524810 
 0.0775319624 0.0728628463 0.0683313172 
 0.0764237000 0.0717089712 0.0671407720 
 0.0756227120 0.0708767111 0.0662838532 
 0.0751333890 0.0703690523 0.0657619349 
 0.0749581364 0.0701874994 0.0655754997 
 0.0750977086 0.0703324805 0.0657246079 
 0.0755513347 0.0708034970 0.0662090692 
 0.0763166215 0.0715990064 0.0670283070 
 0.0773892450 0.0727160479 0.0681809243 
 0.0787624586 0.0741496377 0.0696639940 
 0.0804264708 0.0758919860 0.0714721197 
 0.0823677646 0.0779316116 0.0735963419 
 0.0845684539 0.0802524580 0.0760229983 
 0.0870057826 0.0828331373 0.0787326798 
 0.0896518765 0.0856464404 0.0816994494 
 0.0924738404 0.0886592404 0.0848904911 
 0.0954342548 0.0918328827 0.0882663300 
 0.0984920760 0.0951240909 0.0917816918 
 0.1016038773 0.0984863388 0.0953869754 
 0.1047253130 0.1018715564 0.0990302029 
 0.1078126501 0.1052319795 0.1026592205 
 0.1108242020 0.1085219283 0.1062238786 
 0.1137215264 0.1116993225 0.1096779321 
 0.1164702937 0.1147267987 0.1129804709 
 0.1190407952 0.1175723744 0.1160967862 
 0.1214081133 0.1202096763 0.1189986858 
 0.1235520178 0.1226178107 0.1216643453 
 0.1254566714 0.1247809831 0.1240778324 
 0.1271102311 0.1266879775 0.1262284460 
 0.1285044211 0.1283315936 0.1281099962 
 0.1296341333 0.1297081150 0.1297201186 
 0.1304970933 0.1308168533 0.1310596812 
 0.1310936141 0.1316597941 0.1321323117 
 0.1314264460 0.1322413496 0.1329440501 
 0.1315007231 0.1325682160 0.1335031195 
 0.1313240029 0.1326493243 0.1338197973 
 0.1309063877 0.1324958707 0.1339063698 
 0.1302607133 0.1321214104 0.1337771483 
 0.1294027817 0.1315419914 0.1334485262 
 0.1283516061 0.1307763037 0.1329390515 
 0.1271296256 0.1298458096 0.1322694891 
 0.1257628406 0.1287748185 0.1314628431 
 0.1242808130 0.1275904634 0.1305443067 
 0.1227164817 0.1263225417 0.1295411108 
 0.1211057529 0.1250031861 0.1284822448 
 0.1194868465 0.1236663475 0.1273980333 
 0.1178994088 0.1223470895 0.1263195655 
 0.1163834282 0.1210807162 0.1252779878 
 0.1149780193 0.1199017732 0.1243036886 
 0.1137201547 0.1188429813 0.1234254143 
 0.1126434287 0.1179341652 0.1226693668 
 0.1117769275 0.1172012444 0.1220583365 
 0.1111442635 0.1166653402 0.1216109195 
 0.1107628096 0.1163420458 0.1213408649 
 0.1106431508 0.1162408874 0.1212565853 
 0.1107887573 0.1163649968 0.1213608559 
 0.1111958778 0.1167110041 0.1216507152 
 0.1118536522 0.1172691533 0.1221175725 
 0.1127444461 0.1180236379 0.1227475171 
 0.1138444075 0.1189531477 0.1235218156 
 0.1151242419 0.1200316080 0.1244175709 
 0.1165501880 0.1212290787 0.1254085102 
 0.1180851568 0.1225127700 0.1264658555 
 0.1196899740 0.1238481153 0.1275592268 
 0.1213246514 0.1251998381 0.1286575230 
 0.1229495997 0.1265329460 0.1297297335 
 0.1245267059 0.1278135950 0.1307456370 
 0.1260202090 0.1290097848 0.1316763642 
 0.1273973391 0.1300918642 0.1324948106 
 0.1286287111 0.1310328465 0.1331759056 
 0.1296884942 0.1318085584 0.1336967547 
 0.1305543982 0.1323976511 0.1340366807 
 0.1312075267 0.1327815180 0.1341771939 
 0.1316321539 0.1329441564 0.1341019239 
 0.1318154740 0.1328720133 0.1337965409 
 0.1317473642 0.1325538466 0.1332486938 
 0.1314201934 0.1319806277 0.1324479891 
 0.1308286994 0.1311455084 0.1313860312 
 0.1299699483 0.1300438660 0.1300565460 
 0.1288433880 0.1286734450 0.1284556056 
 0.1274509993 0.1270346021 0.1265819714 
 0.1257975457 0.1251306622 0.1244375663 
 0.1238909138 0.1229683797 0.1220280715 
 0.1217425241 0.1205584813 0.1193636237 
 0.1193677757 0.1179162494 0.1164595570 
 0.1167864697 0.1150620706 0.1133370977 
 0.1140231345 0.1120218550 0.1100238872 
 0.1111071661 0.1088272106 0.1065541852 
 0.1080726950 0.1055152608 0.1029686128 
 0.1049581106 0.1021280217 0.0993133359 
 0.1018052147 0.0987113108 0.0956386674 
 0.0986580293 0.0953132371 0.0919971704 
 0.0955613489 0.0919824033 0.0884414514 
 0.0925591765 0.0887660121 0.0850219029 
 0.0896932114 0.0857080999 0.0817846760 
 0.0870015528 0.0828480962 0.0787701252 
 0.0845177462 0.0802198527 0.0760118714 
 0.0822702402 0.0778512008 0.0735365235 
 0.0802822585 0.0757640143 0.0713639942 
 0.0785720328 0.0739746858 0.0695082695 
 0.0771533044 0.0724948877 0.0679784636 
 0.0760359835 0.0713324766 0.0667799846 
 0.0752268540 0.0704924093 0.0659156653 
 