0.1320739632 0.1348650802 0.1371346788 
 0.1319031652 0.1347268905 0.1370228841 
 0.1318402283 0.1346759310 0.1369815204 
 0.1318875742 0.1347143361 0.1370124912 
 0.1320436960 0.1348408066 0.1371146680 
 0.1323032099 0.1350506514 0.1372839238 
 0.1326570346 0.1353359320 0.1375132483 
 0.1330926859 0.1356857000 0.1377929377 
 0.1335946700 0.1360863132 0.1381108473 
 0.1341449474 0.1365218100 0.1384526926 
 0.1347234431 0.1369743204 0.1388023792 
 0.1353085705 0.1374244896 0.1391423463 
 0.1358777426 0.1378518942 0.1394539050 
 0.1364078462 0.1382354296 0.1397175581 
 0.1368756597 0.1385536578 0.1399132896 
 0.1372582041 0.1387851038 0.1400208170 
 0.1375330228 0.1389084982 0.1400198020 
 0.1376783908 0.1389029665 0.1398900213 
 0.1376734635 0.1387481714 0.1396114996 
 0.1374983744 0.1384244157 0.1391646125 
 0.1371342977 0.1379127181 0.1385301680 
 0.1365634930 0.1371948755 0.1376894781 
 0.1357693479 0.1362535284 0.1366244382 
 0.1347364426 0.1350722505 0.1353176323 
 0.1334506575 0.1336356869 0.1337524943 
 0.1318993534 0.1319297734 0.1319135589 
 0.1300716571 0.1299420761 0.1297868500 
 0.1279588892 0.1276622960 0.1273604583 
 0.1255551716 0.1250829835 0.1246253634 
 0.1228582402 0.1222004989 0.1215765449 
 0.1198704714 0.1190162260 0.1182143919 
 0.1166000841 0.1155379979 0.1145463645 
 0.1130624262 0.1117816210 0.1105887705 
 0.1092811814 0.1077722967 0.1063684142 
 0.1052892650 0.1035456555 0.1019237743 
 0.1011291396 0.0991480770 0.0973053166 
 0.0968522997 0.0946359927 0.0925745891 
 0.0925177686 0.0900740042 0.0878019159 
 0.0881896221 0.0855318640 0.0830627871 
 0.0839337632 0.0810806321 0.0784333590 
 0.0798143589 0.0767885389 0.0739857309 
 0.0758904482 0.0727171798 0.0697837466 
 0.0722132034 0.0689185985 0.0658799476 
 0.0688241818 0.0654336078 0.0623140249 
 0.0657546936 0.0622914293 0.0591127883 
 0.0630262053 0.0595104902 0.0562913943 
 0.0606515464 0.0571000568 0.0538554225 
 0.0586366187 0.0550623369 0.0518033630 
 0.0569823120 0.0533947125 0.0501291438 
 0.0556863850 0.0520918492 0.0488244389 
 0.0547451393 0.0511475180 0.0478806063 
 0.0541547866 0.0505560466 0.0472901972 
 0.0539124592 0.0503133711 0.0470480289 
 0.0540168464 0.0504176904 0.0471518428 
 0.0544684568 0.0508697323 0.0476025713 
 0.0552695057 0.0516726399 0.0484042232 
 0.0564234291 0.0528314733 0.0495633857 
 0.0579340229 0.0543523196 0.0510883202 
 0.0598042169 0.0562410012 0.0529876315 
 0.0620345178 0.0585013991 0.0552684998 
 0.0646212001 0.0611334484 0.0579345127 
 0.0675543843 0.0641309347 0.0609832055 
 0.0708162189 0.0674793092 0.0644035249 
 0.0743794411 0.0711538296 0.0681735425 
 0.0782066229 0.0751183892 0.0722588383 
 0.0822503699 0.0793253854 0.0766119858 
 0.0864546227 0.0837168624 0.0811734748 
 0.0907570210 0.0882269533 0.0858741740 
 0.0950920759 0.0927853765 0.0906391210 
 0.0993947143 0.0973215033 0.0953921110 
 0.1036036864 0.1017683803 0.1000603646 
 0.1076643718 0.1060661218 0.1045785542 
 0.1115306814 0.1101642640 0.1088916581 
 0.1151659581 0.1140229270 0.1129564198 
 0.1185429707 0.1176128750 0.1167414914 
 0.1216432232 0.1209147343 0.1202265614 
 0.1244558484 0.1239176956 0.1234008549 
 0.1269763362 0.1266180082 0.1262613789 
 0.1292052873 0.1290175013 0.1288111973 
 0.1311473142 0.1311222802 0.1310579134 
 0.1328101429 0.1329416655 0.1330124392 
 0.1342039271 0.1344873837 0.1346880623 
 0.1353407517 0.1357729825 0.1360997750 
 0.1362342930 0.1368134293 0.1372638156 
 0.1368995972 0.1376248452 0.1381973649 
 0.1373529427 0.1382243351 0.1389183507 
 0.1376117561 0.1386298762 0.1394453195 
 0.1376945554 0.1388602404 0.1397973443 
 0.1376209009 0.1389349258 0.1399939468 
 0.1374113321 0.1388740800 0.1400550150 
 0.1370872754 0.1386984025 0.1400007041 
 0.1366709076 0.1384290105 0.1398513105 
 0.1361849619 0.1380872626 0.1396271107 
 0.1356524691 0.1376945313 0.1393481625 
 0.1350964287 0.1372719237 0.1390340660 
 0.1345394153 0.1368399520 0.1387036874 
 0.1340031257 0.1364181622 0.1383748517 
 0.1335078873 0.1360247324 0.1380640141 
 0.1330721457 0.1356760579 0.1377859239 
 0.1327119608 0.1353863451 0.1375532962 
 0.1324405390 0.1351672333 0.1373765085 
 0.1322678287 0.1350274700 0.1372633404 
 0.1322002051 0.1349726566 0.1372187695 
 0.1322402641 0.1350050821 0.1372448391 
 0.1323867378 0.1351236556 0.1373406034 
 0.1326345382 0.1353239404 0.1375021553 
 0.1329749250 0.1355982900 0.1377227340 
 0.1333957879 0.1359360744 0.1379929064 
 0.1338820241 0.1363239839 0.1383008100 
 0.1344159887 0.1367463921 0.1386324438 
 0.1349779896 0.1371857542 0.1389719889 
 0.1355467986 0.1376230205 0.1393021432 
 0.1361001517 0.1380380429 0.1396044525 
 0.1366152146 0.1384099561 0.1398596244 
 0.1370689944 0.1387175196 0.1400478135 
 0.1374386882 0.1389394121 0.1401488713 
 0.1377019613 0.1390544724 0.1401425558 
 0.1378371582 0.1390418898 0.1400087022 
 0.1378234536 0.1388813476 0.1397273568 
 0.1376409535 0.1385531281 0.1392788808 
 0.1372707618 0.1380381908 0.1386440332 
 0.1366950269 0.1373182361 0.1378040429 
 0.1358969884 0.1363757725 0.1367406884 
 0.1348610419 0.1351942055 0.1354364019 
 0.1335728476 0.1337579756 0.1338744278 
 0.1320195101 0.1320527750 0.1320390710 
 0.1301898625 0.1300658845 0.1299160791 
 0.1280748929 0.1277866744 0.1274932151 
 0.1256683519 0.1252073173 0.1247610749 
 0.1229675682 0.1223237491 0.1217141954 
 0.1199744824 0.1191368888 0.1183524693 
 0.1166968648 0.1156540796 0.1146828200 
 0.1131496264 0.1118906395 0.1107210065 
 0.1093560604 0.1078713220 0.1064933157 
 0.1053487806 0.1036314006 0.1020377978 
 0.1011700837 0.0992170426 0.0974046445 
 0.0968714731 0.0946846617 0.0926553429 
 0.0925121801 0.0900990659 0.0878604095 
 0.0881566860 0.0855304392 0.0830957835 
 0.0838714663 0.0810504629 0.0784382892 
 0.0797213698 0.0767281133 0.0739608378 
 0.0757661528 0.0726257703 0.0697281318 
 0.0720576638 0.0687962141 0.0657935195 
 0.0686380313 0.0652808747 0.0621973673 
 0.0655389887 0.0621094262 0.0589669783 
 0.0627822606 0.0593005653 0.0561178033 
 0.0603807746 0.0568636545 0.0536555279 
 0.0583403925 0.0548008492 0.0515785889 
 0.0566618588 0.0531093666 0.0498807402 
 0.0553427160 0.0517836321 0.0485534007 
 0.0543790144 0.0508171375 0.0475876294 
 0.0537667111 0.0502039246 0.0469756671 
 0.0535027092 0.0499396653 0.0467120370 
 0.0535855203 0.0500223410 0.0467942282 
 0.0540155511 0.0504525335 0.0472229849 
 0.0547950136 0.0512333342 0.0480022168 
 0.0559274608 0.0523698703 0.0491385250 
 0.0574169454 0.0538684368 0.0506403245 
 0.0592668078 0.0557352253 0.0525165369 
 0.0614781242 0.0579746595 0.0547748426 
 0.0640478876 0.0605873891 0.0574195198 
 0.0669670564 0.0635680649 0.0604489728 
 0.0702186819 0.0669031057 0.0638531548 
 0.0737763915 0.0705687614 0.0676112088 
 0.0776035382 0.0745298401 0.0716897446 
 0.0816532992 0.0787394608 0.0760421978 
 0.0858698906 0.0831400897 0.0806096265 
 0.0901908791 0.0876659069 0.0853230767 
 0.0945503489 0.0922462804 0.0901073279 
 0.0988824938 0.0968098712 0.0948855076 
 0.1031251126 0.1012887453 0.0995838470 
 0.1072225262 0.1056218893 0.1041358388 
 0.1111275899 0.1097576908 0.1084852339 
 0.1148026843 0.1136552084 0.1125876254 
 0.1182197686 0.1172843051 0.1164106799 
 0.1213597167 0.1206249013 0.1199333092 
 0.1242112093 0.1236656794 0.1231441771 
 0.1267694422 0.1264025571 0.1260399235 
 0.1290348498 0.1288371754 0.1286234036 
 0.1310119727 0.1309755583 0.1309021301 
 0.1327085288 0.1328270173 0.1328870051 
 0.1341347013 0.1344033129 0.1345913546 
 0.1353026216 0.1357180479 0.1360302340 
 0.1362260142 0.1367862491 0.1372199513 
 0.1369199641 0.1376240903 0.1381777524 
 0.1374007715 0.1382487141 0.1389216178 
 0.1376858619 0.1386781166 0.1394701295 
 0.1377937270 0.1389310661 0.1398423774 
 0.1377438727 0.1390270340 0.1400578802 
 0.1375567565 0.1389861187 0.1401365037 
 0.1372536971 0.1388289488 0.1400983641 
 0.1368567406 0.1385765528 0.1399637036 
 0.1363884725 0.1382501868 0.1397527340 
 0.1358717653 0.1378711127 0.1394854427 
 0.1353294594 0.1374603264 0.1391813589 
 0.1347839787 0.1370382358 0.1388592838 
 0.1342568895 0.1366242985 0.1385369903 
 0.1337684183 0.1362366279 0.1382309004 
 0.1333369503 0.1358915866 0.1379557561 
 0.1329785326 0.1356033862 0.1377242950 
 0.1327064125 0.1353837146 0.1375469519 
 0.1325306357 0.1352414133 0.1374315992 
 0.1324577309 0.1351822231 0.1373833442 
 0.1324905004 0.1352086158 0.1374043939 
 0.1326279300 0.1353197214 0.1374939973 
 0.1328652239 0.1355113566 0.1376484670 
 0.1331939628 0.1357761511 0.1378612811 
 0.1336023742 0.1361037653 0.1381232563 
 0.1340756991 0.1364811848 0.1384227833 
 0.1345966295 0.1368930728 0.1387461099 
 0.1351457935 0.1373221601 0.1390776546 
 0.1357022564 0.1377496511 0.1394003347 
 0.1362440143 0.1381556239 0.1396958927 
 0.1367484536 0.1385194070 0.1399452067 
 0.1371927604 0.1388199197 0.1401285729 
 0.1375542680 0.1390359638 0.1402259550 
 0.1378107356 0.1391464666 0.1402171937 
 0.1379405620 0.1391306720 0.1400821780 
 0.1379229395 0.1389682861 0.1398009810 
 0.1377379583 0.1386395849 0.1393539655 
 0.1373666764 0.1381254945 0.1387218672 
 0.1367911694 0.1374076568 0.1378858698 
 0.1359945788 0.1364684978 0.1368276830 
 0.1349611779 0.1352913165 0.1355296471 
 0.1336764803 0.1338604212 0.1339748887 
 0.1321274175 0.1321613439 0.1321475649 
 0.1303026203 0.1301811722 0.1300332396 
 0.1281928410 0.1279090442 0.1276194478 
 0.1257915555 0.1253368546 0.1248965039 
 0.1230957754 0.1224602089 0.1218586014 
 0.1201070795 0.1192796401 0.1185052209 
 0.1168328353 0.1158020517 0.1148428063 
 0.1132875212 0.1120422805 0.1108865816 
 0.1094939888 0.1080245814 0.1066622707 
 0.1054844340 0.1037837501 0.1022073778 
 0.1013008003 0.0993655469 0.0975716244 
 0.0969943480 0.0948261038 0.0928161699 
 0.0926242149 0.0902301211 0.0880114035 
 0.0882549646 0.0856478795 0.0832333735 
 0.0839533326 0.0811513633 0.0785592513 
 0.0797845825 0.0768100278 0.0740624959 
 0.0758089937 0.0726868519 0.0698084895 
 0.0720789873 0.0688352633 0.0658513086 
 0.0686372522 0.0652973170 0.0622320140 
 0.0655160189 0.0621032318 0.0589785053 
 0.0627374105 0.0592721319 0.0561066929 
 0.0603146376 0.0568136740 0.0536225710 
 0.0582537298 0.0547301786 0.0515247411 
 0.0565554965 0.0530189139 0.0498069982 
 0.0552174615 0.0516742667 0.0484607052 
 0.0542355964 0.0506896254 0.0474767964 
 0.0536057422 0.0500588884 0.0468473457 
 0.0533246711 0.0497775681 0.0465666909 
 0.0533907698 0.0498434904 0.0466321381 
 0.0538043443 0.0502571051 0.0470442700 
 0.0545675490 0.0510214132 0.0478068748 
 0.0556839383 0.0521415110 0.0489264899 
 0.0571576408 0.0536237388 0.0504115426 
 0.0589921604 0.0554744254 0.0522710615 
 0.0611888316 0.0576982354 0.0545129435 
 0.0637450007 0.0602961676 0.0571418026 
 0.0666520633 0.0632633241 0.0601564969 
 0.0698935661 0.0665866548 0.0635475344 
 0.0734436497 0.0702429810 0.0672946764 
 0.0772661445 0.0741976658 0.0713651567 
 0.0813146098 0.0784042993 0.0757129669 
 0.0855334928 0.0828056677 0.0802795743 
 0.0898604013 0.0873360670 0.0849962208 
 0.0942292562 0.0919247521 0.0897876313 
 0.0985738999 0.0965000504 0.0945766276 
 0.1028316340 0.1009935177 0.0992889263 
 0.1069461957 0.1053435173 0.1038573656 
 0.1108698327 0.1094977748 0.1082249847 
 0.1145643494 0.1134147122 0.1123466838 
 0.1180011992 0.1170636300 0.1161895130 
 0.1211608416 0.1204239874 0.1197318768 
 0.1240316398 0.1234841138 0.1229620518 
 0.1266085611 0.1262396751 0.1258764033 
 0.1288918868 0.1286921464 0.1284776078 
 0.1308860626 0.1308474521 0.1307730740 
 0.1325987541 0.1327148520 0.1327736529 
 0.1340401198 0.1343060873 0.1344926559 
 0.1352222841 0.1356347607 0.1359451448 
 0.1361589728 0.1367159092 0.1371474459 
 0.1368652757 0.1375657210 0.1381168279 
 0.1373574972 0.1382013531 0.1388712949 
 0.1376530645 0.1386408141 0.1394294507 
 0.1377704677 0.1389028821 0.1398104043 
 0.1377292078 0.1390070351 0.1400336910 
 0.1375497349 0.1389733763 0.1401191913 
 0.1372533589 0.1388225378 0.1400870346 
 0.1368621183 0.1385755524 0.1399574772 
 0.1363985937 0.1382536829 0.1397507470 
 0.1358856587 0.1378782027 0.1394868508 
 0.1353461634 0.1374701254 0.1391853425 
 0.1348025522 0.1370498861 0.1388650552 
 0.1342764251 0.1366369792 0.1385438016 
 0.1337880570 0.1362495666 0.1382380527 
 0.1333558970 0.1359040720 0.1379626089 
 0.1329960718 0.1356147798 0.1377302757 
 0.1327219222 0.1353934623 0.1375515646 
 0.1325435999 0.1352490547 0.1374344324 
 0.1324677493 0.1351873995 0.1373840768 
 0.1324972945 0.1352110753 0.1374027989 
 0.1326313459 0.1353193210 0.1374899436 
 0.1328652310 0.1355080611 0.1376419188 
 0.1331906493 0.1357700294 0.1378522946 
 0.1335959393 0.1360949846 0.1381119748 
 0.1340664419 0.1364700018 0.1384094307 
 0.1345849375 0.1368798236 0.1387309822 
 0.1351321285 0.1373072500 0.1390611116 
 0.1356871411 0.1377335429 0.1393827907 
 0.1362280190 0.1381388273 0.1396778082 
 0.1367321841 0.1385024690 0.1399270794 
 0.1371768475 0.1388034154 0.1401109314 
 0.1375393588 0.1390204898 0.1402093523 
 0.1377974873 0.1391326351 0.1402022024 
 0.1379296374 0.1391191071 0.1400693875 
 0.1379150044 0.1389596214 0.1397909953 
 0.1377336806 0.1386344630 0.1393474021 
 0.1373667269 0.1381245671 0.1387193582 
 0.1367962230 0.1374115862 0.1378880623 
 0.1360053165 0.1364779581 0.1368352410 
 0.1349782889 0.1353069959 0.1355432531 
 0.1337006629 0.1338830222 0.1339952442 
 0.1321593787 0.1321915826 0.1321753886 
 0.1303430718 0.1302197737 0.1300692631 
 0.1282424913 0.1279567333 0.1276644048 
 0.1258510950 0.1253943393 0.1249511122 
 0.1231658537 0.1225281545 0.1219235345 
 0.1201882731 0.1193586331 0.1185810682 
 0.1169256050 0.1158925523 0.1149300207 
 0.1133921608 0.1121445652 0.1109854173 
 0.1096105698 0.1081386818 0.1067727165 
 0.1056127518 0.1039093950 0.1023290961 
 0.1014403324 0.0995021190 0.0977039072 
 0.0971442336 0.0949726229 0.0929579261 
 0.0927832660 0.0903852631 0.0881611874 
 0.0884217116 0.0858100355 0.0833894569 
 0.0841261038 0.0813187343 0.0787197333 
 0.0799616068 0.0769807428 0.0742254339 
 0.0759885136 0.0728590919 0.0699720329 
 0.0722593654 0.0690073736 0.0660138127 
 0.0688170580 0.0654678931 0.0623921227 
 0.0656940872 0.0622711711 0.0591351945 
 0.0629128690 0.0594366521 0.0562592780 
 0.0604869068 0.0569743024 0.0537706856 
 0.0584225009 0.0548867198 0.0516682960 
 0.0567206942 0.0531714060 0.0499461308 
 0.0553791998 0.0518229313 0.0485957266 
 0.0543941307 0.0508348179 0.0476081406 
 0.0537614224 0.0502010511 0.0469755233 
 0.0534778970 0.0499171866 0.0466922487 
 0.0535419494 0.0499810548 0.0467556228 
 0.0539538548 0.0503930736 0.0471661961 
 0.0547156993 0.0511561781 0.0479276937 
 0.0558309345 0.0522753659 0.0490465606 
 0.0573035523 0.0537568466 0.0505311023 
 0.0591368891 0.0556067879 0.0523901961 
 0.0613320868 0.0578296659 0.0546315604 
 0.0638862809 0.0604262701 0.0572596073 
 0.0667906506 0.0633914822 0.0602729784 
 0.0700285371 0.0667120362 0.0636619642 
 0.0735739047 0.0703645615 0.0674061256 
 0.0773904582 0.0743142743 0.0714725357 
 0.0814316994 0.0785146841 0.0758150866 
 0.0856420969 0.0829085762 0.0803752249 
 0.0899593593 0.0874303307 0.0850842585 
 0.0943175782 0.0920093628 0.0898670589 
 0.0986508149 0.0965742176 0.0946466580 
 0.1028966117 0.1010566973 0.0993490180 
 0.1069989409 0.1053954112 0.1039072267 
 0.1109102564 0.1095383044 0.1082645499 
 0.1145925241 0.1134439743 0.1123760710 
 0.1180173082 0.1170818440 0.1162089699 
 0.1211651284 0.1204314425 0.1197417278 
 0.1240243642 0.1234811232 0.1229626498 
 0.1265899647 0.1262265392 0.1258680927 
 0.1288621688 0.1286691272 0.1284606982 
 0.1308453651 0.1308147579 0.1307478239 
 0.1325471557 0.1326726309 0.1327402631 
 0.1339776366 0.1342544269 0.1344512688 
 0.1351488748 0.1355736935 0.1358958499 
 0.1360745491 0.1366454219 0.1370902878 
 0.1367697153 0.1374857666 0.1380518176 
 0.1372506600 0.1381118655 0.1387984224 
 0.1375348115 0.1385417240 0.1393486994 
 0.1376406816 0.1387941352 0.1397217664 
 0.1375878154 0.1388886110 0.1399371828 
 0.1373967315 0.1388453080 0.1400148700 
 0.1370888327 0.1386849320 0.1399750140 
 0.1366862740 0.1384286082 0.1398379430 
 0.1362117750 0.1380977096 0.1396239706 
 0.1356883666 0.1377136344 0.1393532004 
 0.1351390704 0.1372975321 0.1390452918 
 0.1345865094 0.1368699790 0.1387191871 
 0.1340524622 0.1364506105 0.1383928075 
 0.1335573740 0.1360577228 0.1380827271 
 0.1331198465 0.1357078599 0.1378038375 
 0.1327561342 0.1354154060 0.1375690195 
 0.1324796728 0.1351922066 0.1373888381 
 0.1323006705 0.1350472391 0.1372712790 
 0.1322257858 0.1349863539 0.1372215407 
 0.1322579129 0.1350121009 0.1372418969 
 0.1323960889 0.1351236554 0.1373316363 
 0.1326355275 0.1353168448 0.1374870840 
 0.1329677784 0.1355842770 0.1377017044 
 0.1333810017 0.1359155611 0.1379662767 
 0.1338603391 0.1362976059 0.1382691345 
 0.1343883597 0.1367149785 0.1385964525 
 0.1349455523 0.1371503013 0.1389325666 
 0.1355108358 0.1375846644 0.1392603071 
 0.1360620608 0.1379980328 0.1395613304 
 0.1365764779 0.1383696303 0.1398164349 
 0.1370311534 0.1386782843 0.1400058485 
 0.1374033229 0.1389027235 0.1401094811 
 0.1376706740 0.1390218236 0.1401071379 
 0.1378115631 0.1390148015 0.1399786931 
 0.1378051707 0.1388613624 0.1397042271 
 0.1376316066 0.1385418088 0.1392641340 
 0.1372719795 0.1380371212 0.1386392057 
 0.1367084467 0.1373290240 0.1378107075 
 0.1359242611 0.1364000535 0.1367604574 
 0.1349038360 0.1352336474 0.1354709310 
 0.1336328523 0.1338142793 0.1339254170 
 0.1320984328 0.1321276721 0.1321082606 
 0.1302894199 0.1301611259 0.1300052376 
 0.1281967908 0.1279040072 0.1276041133 
 0.1258142487 0.1253484440 0.1248954407 
 0.1231390198 0.1224902648 0.1218736451 
 0.1201728629 0.1193301924 0.1185384093 
 0.1169232638 0.1158752587 0.1148963203 
 0.1134047261 0.1121403328 0.1109626502 
 0.1096400016 0.1081495716 0.1067630389 
 0.1056610356 0.1039375142 0.1023347433 
 0.1015093573 0.0995494918 0.0977270594 
 0.0972356570 0.0950410446 0.0930005519 
 0.0928983818 0.0904761567 0.0882248872 
 0.0885613419 0.0859243332 0.0834753320 
 0.0842905339 0.0814568071 0.0788283046 
 0.0801505764 0.0771423909 0.0743566279 
 0.0762012659 0.0730435990 0.0701252353 
 0.0724947465 0.0692136142 0.0661879802 
 0.0690736484 0.0656944734 0.0625859292 
 0.0659703454 0.0625165802 0.0593471880 
 0.0632072671 0.0596994029 0.0564880262 
 0.0607980440 0.0572530478 0.0540148943 
 0.0587491870 0.0551803364 0.0519268953 
 0.0570620002 0.0534790449 0.0502183266 
 0.0557344780 0.0521440380 0.0488810226 
 0.0547630079 0.0511691266 0.0479063352 
 0.0541437708 0.0505485578 0.0472866869 
 0.0538737857 0.0502781045 0.0470166841 
 0.0539515800 0.0503557546 0.0470938121 
 0.0543774811 0.0507820085 0.0475187326 
 0.0551535329 0.0515597941 0.0482951991 
 0.0562830352 0.0526939960 0.0494295850 
 0.0577697075 0.0541905896 0.0509300060 
 0.0596164844 0.0560553741 0.0528050149 
 0.0618239761 0.0582923165 0.0550618577 
 0.0643886691 0.0609015613 0.0577043243 
 0.0673010050 0.0638772308 0.0607302978 
 0.0705435472 0.0672052301 0.0641292114 
 0.0740895107 0.0708613562 0.0678797337 
 0.0779019603 0.0748100772 0.0719480987 
 0.0819339499 0.0790043328 0.0762875175 
 0.0861297619 0.0833866035 0.0808390144 
 0.0904272190 0.0878912855 0.0855338083 
 0.0947608237 0.0924481434 0.0902970444 
 0.0990652994 0.0969863659 0.0950523619 
 0.1032790215 0.1014386117 0.0997265838 
 0.1073468695 0.1057444533 0.1042537995 
 0.1112221845 0.1098527975 0.1085782970 
 0.1148677250 0.1137231139 0.1126560998 
 0.1182557052 0.1173255495 0.1164551771 
 0.1213671342 0.1206401831 0.1199546146 
 0.1241907240 0.1236557463 0.1231431375 
 0.1267216206 0.1263681200 0.1260173586 
 0.1289601519 0.1287788486 0.1285800446 
 0.1309107180 0.1308938241 0.1308385830 
 0.1325808831 0.1327222107 0.1328037349 
 0.1339806780 0.1342756229 0.1344886856 
 0.1351220967 0.1355675311 0.1359083625 
 0.1360187509 0.1366128524 0.1370789664 
 0.1366856451 0.1374276806 0.1380176632 
 0.1371390386 0.1380291138 0.1387423846 
 0.1373963617 0.1384351430 0.1392716989 
 0.1374761616 0.1386645754 0.1396247191 
 0.1373980552 0.1387369675 0.1398210258 
 0.1371826696 0.1386725511 0.1398805867 
 0.1368515530 0.1384921365 0.1398236583 
 0.1364270393 0.1382169809 0.1396706609 
 0.1359320554 0.1378686118 0.1394420177 
 0.1353898608 0.1374685983 0.1391579551 
 0.1348237163 0.1370382694 0.1388382609 
 0.1342564836 0.1365983800 0.1385020052 
 0.1337101656 0.1361687331 0.1381672271 
 0.1332054039 0.1357677701 0.1378506009 
 0.1327609559 0.1354121470 0.1375670919 
 0.1323931788 0.1351163184 0.1373296209 
 0.1321155489 0.1348921498 0.1371487529 
 0.1319382469 0.1347485836 0.1370324296 
 0.1318678331 0.1346913771 0.1369857594 
 0.1319070335 0.1347229308 0.1370108802 
 0.1320546522 0.1348422166 0.1371069022 
 0.1323056126 0.1350448122 0.1372699348 
 0.1326511282 0.1353230380 0.1374931963 
 0.1330789898 0.1356661882 0.1377671985 
 0.1335739508 0.1360608417 0.1380799950 
 0.1341181884 0.1364912329 0.1384174794 
 0.1346918095 0.1369396601 0.1387637129 
 0.1352733750 0.1373869088 0.1391012678 
 0.1358404122 0.1378126687 0.1394115662 
 0.1363698914 0.1381959235 0.1396752011 
 0.1368386488 0.1385153018 0.1398722293 
 0.1372237417 0.1387493776 0.1399824255 
 0.1375027338 0.1388769163 0.1399854976 
 0.1376539097 0.1388770695 0.1398612599 
 0.1376564280 0.1387295200 0.1395897701 
 0.1374904237 0.1384145889 0.1391514353 
 0.1371370741 0.1379133143 0.1385270951 
 0.1365786449 0.1372075150 0.1376980965 
 0.1357985351 0.1362798579 0.1366463731 
 0.1347813402 0.1351139464 0.1353545504 
 0.1335129583 0.1336944567 0.1338061045 
 0.1319807658 0.1320073522 0.1319856082 
 0.1301738951 0.1300402148 0.1298791098 
 0.1280836513 0.1277827372 0.1274746975 
 0.1257041039 0.1252274195 0.1247633027 
 0.1230328800 0.1223705080 0.1217397853 
 0.1200721674 0.1192131825 0.1184043161 
 0.1168298934 0.1157629561 0.1147640087 
 0.1133209918 0.1120351782 0.1108346741 
 0.1095685997 0.1080544466 0.1066424605 
 0.1056049608 0.1038556532 0.1022250472 
 0.1014717709 0.0994843407 0.0976320025 
 0.0972197163 0.0949960716 0.0929239553 
 0.0929070449 0.0904546325 0.0881703888 
 0.0885971733 0.0859291100 0.0834461342 
 0.0843555392 0.0814901300 0.0788269580 
 0.0802460922 0.0772057738 0.0743848869 
 0.0763279224 0.0731377832 0.0701840093 
 0.0726525046 0.0693386126 0.0662773813 
 0.0692619009 0.0658496854 0.0627053992 
 0.0661880614 0.0627009535 0.0594956768 
 0.0634531541 0.0599116124 0.0566641873 
 0.0610707063 0.0574916678 0.0542172714 
 0.0590472623 0.0554439879 0.0521540802 
 0.0573842653 0.0537665079 0.0504690803 
 0.0560799190 0.0524543267 0.0491543557 
 0.0551308558 0.0515015286 0.0482015521 
 0.0545335052 0.0509026409 0.0476033972 
 0.0542851093 0.0506536954 0.0473547860 
 0.0543843670 0.0507528911 0.0474534510 
 0.0548317016 0.0512008687 0.0479002357 
 0.0556291543 0.0520006014 0.0486989868 
 0.0567799026 0.0531569006 0.0498560567 
 0.0582874046 0.0546755281 0.0513794017 
 0.0601541817 0.0565619097 0.0532772519 
 0.0623802745 0.0588194675 0.0555563492 
 0.0649614545 0.0614476323 0.0582197918 
 0.0678873340 0.0644396671 0.0612645969 
 0.0711395866 0.0677805197 0.0646791985 
 0.0746905551 0.0714450108 0.0684412074 
 0.0785025444 0.0753967141 0.0725158462 
 0.0825280592 0.0795878704 0.0768554857 
 0.0867111270 0.0839605602 0.0814006043 
 0.0909896597 0.0884491509 0.0860822639 
 0.0952985950 0.0929837694 0.0908258815 
 0.0995733902 0.0974943183 0.0955557705 
 0.1037533651 0.1019144319 0.1001997411 
 0.1077844444 0.1061847991 0.1046930532 
 0.1116210083 0.1102554597 0.1089812076 
 0.1152267597 0.1140869271 0.1130213619 
 0.1185747059 0.1176502330 0.1167824544 
 0.1216464718 0.1209261475 0.1202443333 
 0.1244312102 0.1239038991 0.1233962734 
 0.1269243528 0.1265796917 0.1262352464 
 0.1291263886 0.1289552524 0.1287642220 
 0.1310417864 0.1310365512 0.1309906747 
 0.1326781166 0.1328327599 0.1329253740 
 0.1340453804 0.1343554585 0.1345814666 
 0.1351555257 0.1356180629 0.1359738172 
 0.1360221174 0.1366354322 0.1371185583 
 0.1366601231 0.1374236096 0.1380327925 
 0.1370857834 0.1379996578 0.1387344014 
 0.1373165330 0.1383815528 0.1392419205 
 0.1373709503 0.1385881090 0.1395744497 
 0.1372687120 0.1386389144 0.1397515770 
 0.1370305341 0.1385542561 0.1397932967 
 0.1366780800 0.1383550215 0.1397199106 
 0.1362338231 0.1380625642 0.1395518989 
 0.1357208475 0.1376985217 0.1393097562 
 0.1351625803 0.1372845821 0.1390137863 
 0.1345824512 0.1368421936 0.1386838549 
 0.1340034811 0.1363922233 0.1383391034 
 0.1334478117 0.1359545695 0.1379976294 
 0.1329361915 0.1355477441 0.1376761452 
 0.1324874427 0.1351884403 0.1373896276 
 0.1321179374 0.1348911097 0.1371509772 
 0.1318411113 0.1346675702 0.1369707032 
 0.1316670458 0.1345266691 0.1368566535 
 0.1316021435 0.1344740212 0.1368138052 
 0.1316489185 0.1345118399 0.1368441286 
 0.1318059138 0.1346388701 0.1369465350 
 0.1320677528 0.1348504297 0.1371169082 
 0.1324253195 0.1351385554 0.1373482219 
 0.1328660576 0.1354922433 0.1376307316 
 0.1333743688 0.1358977699 0.1379522317 
 0.1339320850 0.1363390730 0.1382983609 
 0.1345189864 0.1367981691 0.1386529384 
 0.1351133345 0.1372555848 0.1389983126 
 0.1356923924 0.1376907798 0.1393157055 
 0.1362329068 0.1380825414 0.1395855379 
 0.1367115337 0.1384093379 0.1397877236 
 0.1371051946 0.1386496194 0.1399019254 
 0.1373913603 0.1387820646 0.1399077694 
 0.1375482638 0.1387857724 0.1397850178 
 0.1375550496 0.1386404058 0.1395137042 
 0.1373918724 0.1383262960 0.1390742375 
 0.1370399598 0.1378245183 0.1384474839 
 0.1364816551 0.1371169548 0.1376148404 
 0.1357004604 0.1361863595 0.1365583136 
 0.1346810984 0.1350164473 0.1352606260 
 0.1334096187 0.1335920312 0.1337053764 
 0.1318735749 0.1318992398 0.1318772904 
 0.1300623055 0.1299258525 0.1297626052 
 0.1279673545 0.1276617974 0.1273496411 
 0.1255830672 0.1250998548 0.1246296134 
 0.1229073870 0.1222366009 0.1215977265 
 0.1199428596 0.1190735983 0.1182545602 
 0.1166978078 0.1156187919 0.1146077007 
 0.1131875862 0.1118880003 0.1106734807 
 0.1094357579 0.1079063022 0.1064785927 
 0.1054749651 0.1037090456 0.1020612379 
 0.1013472356 0.0993421560 0.0974714269 
 0.0971034783 0.0948614534 0.0927700884 
 0.0928020173 0.0903308115 0.0880268086 
 0.0885061760 0.0858192069 0.0833162932 
 0.0842811292 0.0813969586 0.0787139559 
 0.0801904173 0.0771316745 0.0742912814 
 0.0762926203 0.0730845123 0.0701116942 
 0.0726386586 0.0693072992 0.0662275450 
 0.0692700544 0.0658408569 0.0626785618 
 0.0662182805 0.0627146147 0.0594917870 
 0.0635051238 0.0599473609 0.0566827563 
 0.0611438418 0.0575488217 0.0542575193 
 0.0591408199 0.0555217111 0.0522150747 
 0.0574974411 0.0538639190 0.0505498554 
 0.0562119285 0.0525705850 0.0492540044 
 0.0552809907 0.0516358953 0.0483192919 
 0.0547011676 0.0510545158 0.0477386089 
 0.0544698241 0.0508226305 0.0475070296 
 0.0545857733 0.0509385844 0.0476224604 
 0.0550495262 0.0514031376 0.0480858951 
 0.0558631668 0.0522193389 0.0489012878 
 0.0570298545 0.0533920139 0.0500750380 
 0.0585529537 0.0549268601 0.0516150701 
 0.0604348052 0.0568291466 0.0535294865 
 0.0626751759 0.0591020360 0.0558247914 
 0.0652694732 0.0617445945 0.0585037280 
 0.0682068684 0.0647496247 0.0615628452 
 0.0714685453 0.0681015434 0.0649900168 
 0.0750263507 0.0717746118 0.0687622411 
 0.0788421404 0.0757318733 0.0728441365 
 0.0828680746 0.0799251339 0.0771875518 
 0.0870479919 0.0842961984 0.0817325999 
 0.0913198048 0.0887793642 0.0864101954 
 0.0956186492 0.0933049121 0.0911458562 
 0.0998803573 0.0978031082 0.0958642369 
 0.1040447554 0.1022081125 0.1004936838 
 0.1080583487 0.1064612377 0.1049701165 
 0.1118761107 0.1105131740 0.1092397390 
 0.1154623004 0.1143250517 0.1132603833 
 0.1187904075 0.1178684412 0.1170015813 
 0.1218424493 0.1211245510 0.1204436643 
 0.1246078772 0.1240829420 0.1235762733 
 0.1270823365 0.1267400537 0.1263966371 
 0.1292664586 0.1290977676 0.1289078916 
 0.1311648001 0.1311621453 0.1311176072 
 0.1327849801 0.1329424059 0.1330365991 
 0.1341370228 0.1344501470 0.1346780266 
 0.1352328839 0.1356987848 0.1360567476 
 0.1360861281 0.1367031689 0.1371888770 
 0.1367117211 0.1374793307 0.1380914963 
 0.1371259019 0.1380443207 0.1387824659 
 0.1373461072 0.1384161054 0.1392803018 
 0.1373909208 0.1386134930 0.1396040874 
 0.1372800286 0.1386560679 0.1397733969 
 0.1370341581 0.1385641161 0.1398082131 
 0.1366749859 0.1383585248 0.1397288266 
 0.1362249971 0.1380606466 0.1395557064 
 0.1357072840 0.1376921151 0.1393093334 
 0.1351452760 0.1372746094 0.1390099935 
 0.1345623950 0.1368295615 0.1386775289 
 0.1339816427 0.1363778124 0.1383310500 
 0.1334251268 0.1359392233 0.1379886141 
 0.1329135457 0.1355322563 0.1376668838 
 0.1324656553 0.1351735417 0.1373807757 
 0.1320977442 0.1348774550 0.1371431199 
 0.1318231497 0.1346557261 0.1369643458 
 0.1316518416 0.1345171035 0.1368522132 
 0.1315901010 0.1344670958 0.1368116047 
 0.1316403139 0.1345078043 0.1368443924 
 0.1318008929 0.1346378602 0.1369493872 
 0.1320663324 0.1348524688 0.1371223740 
 0.1324273926 0.1351435581 0.1373562307 
 0.1328714025 0.1355000226 0.1376411225 
 0.1333826600 0.1359080465 0.1379647610 
 0.1339429070 0.1363514857 0.1383127106 
 0.1345318477 0.1368122866 0.1386687255 
 0.1351276825 0.1372709177 0.1390150989 
 0.1357076273 0.1377067918 0.1393330068 
 0.1362483945 0.1380986598 0.1396028327 
 0.1367266167 0.1384249627 0.1398044605 
 0.1371192009 0.1386641310 0.1399175296 
 0.1374036103 0.1387948292 0.1399216473 
 0.1375580746 0.1387961461 0.1397965606 
 0.1375617375 0.1386477368 0.1395222899 
 0.1373947539 0.1383299255 0.1390792313 
 0.1370383508 0.1378237801 0.1384482384 
 0.1364748696 0.1371111739 0.1376106942 
 0.1356878084 0.1361748509 0.1365485898 
 0.1346618842 0.1349985140 0.1352446311 
 0.1333831401 0.1335669643 0.1336823999 
 0.1318391241 0.1318663196 0.1318466072 
 0.1300191736 0.1298843539 0.1297234807 
 0.1279148402 0.1276110002 0.1273013433 
 0.1255204924 0.1250390611 0.1245714320 
 0.1228341207 0.1221651622 0.1215290030 
 0.1198583507 0.1189909527 0.1181747291 
 0.1166016280 0.1155245126 0.1145163427 
 0.1130794809 0.1117818520 0.1105703855 
 0.1093157000 0.1077883018 0.1063638240 
 0.1053432067 0.1035795170 0.1019351925 
 0.1012043460 0.0992017697 0.0973348734 
 0.0969503602 0.0947112386 0.0926241752 
 0.0926398918 0.0901721322 0.0878730296 
 0.0883365338 0.0856536991 0.0831564112 
 0.0841056497 0.0812264340 0.0785498904 
 0.0800108664 0.0769580023 0.0741249775 
 0.0761107394 0.0729094977 0.0699449918 
 0.0724560622 0.0691325750 0.0660620680 
 0.0690881468 0.0656678019 0.0625156407 
 0.0660382013 0.0625443054 0.0593324191 
 0.0633277231 0.0597805562 0.0565276011 
 0.0609696823 0.0573859758 0.0541069223 
 0.0589701999 0.0553630063 0.0520691091 
 0.0573304318 0.0537093101 0.0504083728 
 0.0560484185 0.0524198491 0.0491166883 
 0.0551207338 0.0514886816 0.0481857081 
 0.0545438289 0.0509103922 0.0476082514 
 0.0543150250 0.0506811273 0.0473793620 
 0.0544331332 0.0507992332 0.0474969517 
 0.0548987014 0.0512655081 0.0479620527 
 0.0557138875 0.0520830729 0.0487786881 
 0.0568819595 0.0532568579 0.0499533566 
 0.0584064231 0.0547926970 0.0514941108 
 0.0602897887 0.0566960248 0.0534092098 
 0.0625320163 0.0589701945 0.0557053405 
 0.0651287204 0.0616144807 0.0583854489 
 0.0680692800 0.0646219005 0.0614462977 
 0.0713350721 0.0679770762 0.0648759703 
 0.0748981011 0.0716544450 0.0686516520 
 0.0787203274 0.0756171769 0.0727381038 
 0.0827539463 0.0798171360 0.0770872519 
 0.0869427546 0.0841961058 0.0816392074 
 0.0912245478 0.0886882813 0.0863247994 
 0.0955342827 0.0932237712 0.0910693844 
 0.0998075717 0.0977326204 0.0957974011 
 0.1039840077 0.1021487475 0.1004369522 
 0.1080098740 0.1064132302 0.1049237170 
 0.1118399547 0.1104765553 0.1092036873 
 0.1154383646 0.1142996949 0.1132345285 
 0.1187784999 0.1178541136 0.1169856586 
 0.1218423315 0.1211209645 0.1204373469 
 0.1246193059 0.1240897961 0.1235792172 
 0.1271050948 0.1267570692 0.1264085153 
 0.1293003774 0.1291247090 0.1289284176 
 0.1312097708 0.1311988342 0.1311465490 
 0.1328409591 0.1329887260 0.1330737840 
 0.1342040295 0.1345060428 0.1347233405 
 0.1353109945 0.1357642549 0.1361101289 
 0.1361754644 0.1367782568 0.1372503076 
 0.1368124368 0.1375641112 0.1381609900 
 0.1372381657 0.1381388854 0.1388600548 
 0.1374700833 0.1385205456 0.1393660216 
 0.1375267469 0.1387278809 0.1396979619 
 0.1374277927 0.1387804372 0.1398754209 
 0.1371938729 0.1386984409 0.1399183358 
 0.1368465637 0.1385026995 0.1398469352 
 0.1364082247 0.1382144655 0.1396816098 
 0.1359018004 0.1378552546 0.1394427482 
 0.1353505527 0.1374466128 0.1391505326 
 0.1347777229 0.1370098282 0.1388246930 
 0.1342061249 0.1365655927 0.1384842237 
 0.1336576800 0.1361336196 0.1381470676 
 0.1331529105 0.1357322308 0.1378297791 
 0.1327104147 0.1353779321 0.1375471794 
 0.1323463515 0.1350849967 0.1373120211 
 0.1320739632 0.1348650802 0.1371346788 
 