0.1333252312 0.1309427940 0.1282847458 
 0.1332217998 0.1308211138 0.1281422986 
 0.1331834936 0.1307756280 0.1280885741 
 0.1332117678 0.1308078415 0.1281251382 
 0.1333060073 0.1309171093 0.1282513114 
 0.1334635339 0.1311006434 0.1284641768 
 0.1336796358 0.1313535443 0.1287586128 
 0.1339476186 0.1316688554 0.1291273508 
 0.1342588781 0.1320376396 0.1295610575 
 0.1346029905 0.1324490777 0.1300484403 
 0.1349678200 0.1328905835 0.1305763729 
 0.1353396389 0.1333479349 0.1311300398 
 0.1357032567 0.1338054165 0.1316930939 
 0.1360421551 0.1342459687 0.1322478244 
 0.1363386221 0.1346513379 0.1327753272 
 0.1365738834 0.1350022246 0.1332556738 
 0.1367282230 0.1352784215 0.1336680715 
 0.1367810928 0.1354589387 0.1339910093 
 0.1367112040 0.1355221114 0.1342023858 
 0.1364966004 0.1354456872 0.1342796141 
 0.1361147134 0.1352068925 0.1341997034 
 0.1355424002 0.1347824798 0.1339393186 
 0.1347559742 0.1341487630 0.1334748230 
 0.1337312431 0.1332816541 0.1327823167 
 0.1324435795 0.1321567243 0.1318376904 
 0.1308680698 0.1307493281 0.1306167282 
 0.1289798031 0.1290348483 0.1290953105 
 0.1267543918 0.1269891428 0.1272497889 
 0.1241688375 0.1245892981 0.1250576263 
 0.1212028712 0.1218148116 0.1224984152 
 0.1178408866 0.1186493209 0.1195553867 
 0.1140745299 0.1150829542 0.1162174938 
 0.1099058851 0.1111152780 0.1124820716 
 0.1053509985 0.1067586426 0.1083579346 
 0.1004432205 0.1020414925 0.1038685651 
 0.0952355961 0.0970109597 0.0990548135 
 0.0898014030 0.0917338992 0.0939763570 
 0.0842320740 0.0862955857 0.0887111508 
 0.0786322171 0.0807956562 0.0833523652 
 0.0731121841 0.0753415340 0.0780028342 
 0.0677793925 0.0700402988 0.0727677160 
 0.0627300444 0.0649904860 0.0677466250 
 0.0580427914 0.0602753535 0.0630266915 
 0.0537753150 0.0559587235 0.0586777431 
 0.0499639866 0.0520837813 0.0547501985 
 0.0466260718 0.0486745015 0.0512755825 
 0.0437635626 0.0457389163 0.0482690555 
 0.0413676805 0.0432733066 0.0457331240 
 0.0394232922 0.0412665241 0.0436617356 
 0.0379127615 0.0397039015 0.0420441598 
 0.0368190271 0.0385704689 0.0408682958 
 0.0361278791 0.0378533906 0.0401232517 
 0.0358295069 0.0375436548 0.0398011750 
 0.0359194210 0.0376370961 0.0398983782 
 0.0363988348 0.0381348210 0.0404158140 
 0.0372745464 0.0390430768 0.0413589286 
 0.0385583095 0.0403725510 0.0427368857 
 0.0402656316 0.0421370472 0.0445611190 
 0.0424139021 0.0443514605 0.0468431617 
 0.0450197578 0.0470289869 0.0495917307 
 0.0480956497 0.0501775824 0.0528091422 
 0.0516457135 0.0537958376 0.0564873008 
 0.0556612686 0.0578686658 0.0606037260 
 0.0601165488 0.0623634624 0.0651183164 
 0.0649655296 0.0672276035 0.0699716799 
 0.0701408157 0.0723881690 0.0750857884 
 0.0755553660 0.0777544978 0.0803673497 
 0.0811072969 0.0832235920 0.0857136807 
 0.0866872254 0.0886876459 0.0910201941 
 0.0921868827 0.0940423515 0.0961881427 
 0.0975073492 0.0991944202 0.1011312138 
 0.1025654288 0.1040670421 0.1057799508 
 0.1072972873 0.1086026509 0.1100836186 
 0.1116592633 0.1127630801 0.1140097545 
 0.1156263910 0.1165277275 0.1175420625 
 0.1191894909 0.1198905605 0.1206774281 
 0.1223516884 0.1228567444 0.1234227381 
 0.1251250173 0.1254394606 0.1257919724 
 0.1275275023 0.1276572328 0.1278038132 
 0.1295808797 0.1295318737 0.1294798389 
 0.1313089513 0.1310870220 0.1308432556 
 0.1327364773 0.1323471723 0.1319180668 
 0.1338884824 0.1333370746 0.1327285654 
 0.1347898507 0.1340813881 0.1332990459 
 0.1354651076 0.1346044978 0.1336536513 
 0.1359383101 0.1349304211 0.1338162939 
 0.1362329917 0.1350827580 0.1338106088 
 0.1363721281 0.1350846548 0.1336599111 
 0.1363781013 0.1349587606 0.1333871435 
 0.1362726521 0.1347271690 0.1330148031 
 0.1360768147 0.1344113396 0.1325648459 
 0.1358108326 0.1340319985 0.1320585678 
 0.1354940576 0.1336090203 0.1315164658 
 0.1351448328 0.1331612947 0.1309580826 
 0.1347803658 0.1327065817 0.1304018402 
 0.1344165954 0.1322613622 0.1298648688 
 0.1340680559 0.1318406861 0.1293628368 
 0.1337477447 0.1314580271 0.1289097872 
 0.1334669973 0.1311251447 0.1285179866 
 0.1332353734 0.1308519614 0.1281977898 
 0.1330605573 0.1306464550 0.1279575246 
 0.1329482766 0.1305145723 0.1278033981 
 0.1329022400 0.1304601623 0.1277394269 
 0.1329240967 0.1304849342 0.1277673917 
 0.1330134186 0.1305884375 0.1278868173 
 0.1331677047 0.1307680678 0.1280949780 
 0.1333824086 0.1310190952 0.1283869276 
 0.1336509885 0.1313347174 0.1287555559 
 0.1339649776 0.1317061352 0.1291916690 
 0.1343140743 0.1321226486 0.1296840927 
 0.1346862485 0.1325717725 0.1302197984 
 0.1350678621 0.1330393673 0.1307840463 
 0.1354437984 0.1335097821 0.1313605452 
 0.1357975981 0.1339660054 0.1319316203 
 0.1361115960 0.1343898173 0.1324783875 
 0.1363670535 0.1347619407 0.1329809246 
 0.1365442833 0.1350621822 0.1334184360 
 0.1366227610 0.1352695616 0.1337694028 
 0.1365812205 0.1353624231 0.1340117153 
 0.1363977307 0.1353185271 0.1341227825 
 0.1360497529 0.1351151197 0.1340796186 
 0.1355141818 0.1347289832 0.1338589058 
 0.1347673767 0.1341364734 0.1334370399 
 0.1337851971 0.1333135548 0.1327901683 
 0.1325430682 0.1322358575 0.1318942411 
 0.1310161161 0.1308787905 0.1307251047 
 0.1291794352 0.1292177668 0.1292586884 
 0.1270085725 0.1272286177 0.1274713498 
 0.1244803421 0.1248882987 0.1253404722 
 0.1215740952 0.1221760051 0.1228454216 
 0.1182735692 0.1190748183 0.1199689772 
 0.1145693862 0.1155739644 0.1166993237 
 0.1104621623 0.1116716759 0.1130326215 
 0.1059659980 0.1073784859 0.1089760380 
 0.1011118664 0.1027205555 0.1045509255 
 0.0959501607 0.0977423872 0.0997956026 
 0.0905515092 0.0925081008 0.0947670084 
 0.0850050651 0.0871004745 0.0895404601 
 0.0794139069 0.0816172731 0.0842069628 
 0.0738878988 0.0761650041 0.0788680129 
 0.0685351239 0.0708509675 0.0736284990 
 0.0634534942 0.0657750239 0.0685888865 
 0.0587241219 0.0610226304 0.0638381260 
 0.0544075076 0.0566603207 0.0594485263 
 0.0505428163 0.0527341131 0.0554732731 
 0.0471497830 0.0492706050 0.0519465923 
 0.0442323682 0.0462800193 0.0488860159 
 0.0417832012 0.0437602913 0.0462959409 
 0.0397880217 0.0417013839 0.0441716757 
 0.0382296089 0.0400892539 0.0425033477 
 0.0370909555 0.0389091556 0.0412792810 
 0.0363576401 0.0381481716 0.0404886633 
 0.0360194585 0.0377969907 0.0401234645 
 0.0360714150 0.0378510045 0.0401796421 
 0.0365141603 0.0383107967 0.0406576845 
 0.0373539216 0.0391820649 0.0415625250 
 0.0386019187 0.0404749706 0.0429028211 
 0.0402732096 0.0422028659 0.0446895626 
 0.0423848713 0.0443803230 0.0469339578 
 0.0449534243 0.0470204034 0.0496445782 
 0.0479914609 0.0501311756 0.0528238315 
 0.0515035676 0.0537116386 0.0564639943 
 0.0554818500 0.0577474307 0.0605432551 
 0.0599016445 0.0622069639 0.0650224483 
 0.0647182593 0.0670388365 0.0698432969 
 0.0698657078 0.0721714072 0.0749289256 
 0.0752582286 0.0775151593 0.0801870578 
 0.0807948735 0.0829679142 0.0855157208 
 0.0863666863 0.0884222181 0.0908106145 
 0.0918652450 0.0937735963 0.0959728195 
 0.0971909429 0.0989281229 0.1009154425 
 0.1022594998 0.1038080087 0.1055681537 
 0.1070057882 0.1083545303 0.1098791937 
 0.1113848255 0.1125283441 0.1138150591 
 0.1153704373 0.1163077688 0.1173584955 
 0.1189524304 0.1196858608 0.1205055699 
 0.1221331402 0.1226670656 0.1232625107 
 0.1249240234 0.1252640273 0.1256427926 
 0.1273427095 0.1274948881 0.1276647248 
 0.1294106807 0.1293812021 0.1293496179 
 0.1311515879 0.1309464404 0.1307204906 
 0.1325901124 0.1322149950 0.1318012176 
 0.1337512476 0.1332115585 0.1326160068 
 0.1346598787 0.1339607655 0.1331890999 
 0.1353405538 0.1344869996 0.1335446136 
 0.1358173690 0.1348142967 0.1337064566 
 0.1361139106 0.1349662927 0.1336982817 
 0.1362532198 0.1349661865 0.1335434431 
 0.1362577573 0.1348366969 0.1332649435 
 0.1361493560 0.1346000051 0.1328853624 
 0.1359491563 0.1342776758 0.1324267599 
 0.1356775225 0.1338905586 0.1319105584 
 0.1353539414 0.1334586689 0.1313574021 
 0.1349969053 0.1330010543 0.1307870008 
 0.1346237843 0.1325356480 0.1302179616 
 0.1342506913 0.1320791176 0.1296676150 
 0.1338923453 0.1316467114 0.1291518425 
 0.1335619370 0.1312521101 0.1286849097 
 0.1332710011 0.1309072872 0.1282793120 
 0.1330293007 0.1306223820 0.1279456364 
 0.1328447256 0.1304055908 0.1276924427 
 0.1327232077 0.1302630765 0.1275261673 
 0.1326686574 0.1301989005 0.1274510505 
 0.1326829203 0.1302149769 0.1274690885 
 0.1327657569 0.1303110515 0.1275800108 
 0.1329148453 0.1304847043 0.1277812832 
 0.1331258067 0.1307313768 0.1280681363 
 0.1333922536 0.1310444227 0.1284336193 
 0.1337058590 0.1314151820 0.1288686786 
 0.1340564451 0.1318330761 0.1293622607 
 0.1344320893 0.1322857228 0.1299014364 
 0.1348192443 0.1327590667 0.1304715442 
 0.1352028683 0.1332375229 0.1310563502 
 0.1355665614 0.1337041284 0.1316382178 
 0.1358927040 0.1341406972 0.1321982829 
 0.1361625911 0.1345279719 0.1327166289 
 0.1363565595 0.1348457694 0.1331724536 
 0.1364541022 0.1350731119 0.1335442237 
 0.1364339663 0.1351883428 0.1338098108 
 0.1362742330 0.1351692208 0.1339466055 
 0.1359523777 0.1349929934 0.1339316070 
 0.1354453131 0.1346364502 0.1337414898 
 0.1347294214 0.1340759610 0.1333526510 
 0.1337805891 0.1332875120 0.1327412498 
 0.1325742685 0.1322467589 0.1318832558 
 0.1310856040 0.1309291332 0.1307545372 
 0.1292896827 0.1293100527 0.1293310346 
 0.1271619928 0.1273653120 0.1275890865 
 0.1246791986 0.1250717528 0.1255059942 
 0.1218203577 0.1224083303 0.1230609341 
 0.1185687049 0.1193576963 0.1202363296 
 0.1149140794 0.1159083871 0.1170197753 
 0.1108559731 0.1120576193 0.1134065389 
 0.1064069888 0.1078145406 0.1094025407 
 0.1015962580 0.1032035651 0.1050275202 
 0.0964721010 0.0982671713 0.1003178733 
 0.0911030497 0.0930673560 0.0953284486 
 0.0855764194 0.0876849343 0.0901325326 
 0.0799940103 0.0822161664 0.0848194406 
 0.0744652072 0.0767667766 0.0794895949 
 0.0690985171 0.0714441557 0.0742476184 
 0.0639931127 0.0663491211 0.0691945719 
 0.0592319855 0.0615687862 0.0644207578 
 0.0548778322 0.0571717667 0.0600003654 
 0.0509720249 0.0532062847 0.0559887031 
 0.0475362740 0.0497009997 0.0524220876 
 0.0445761346 0.0466678736 0.0493199013 
 0.0420853940 0.0441061697 0.0466880277 
 0.0400505283 0.0420067560 0.0445228554 
 0.0384546889 0.0403561126 0.0428152032 
 0.0372809517 0.0391397024 0.0415537511 
 0.0365147654 0.0383445759 0.0407277749 
 0.0361456502 0.0379612183 0.0403291345 
 0.0361682450 0.0379847068 0.0403535423 
 0.0365827907 0.0384152493 0.0408011611 
 0.0373950983 0.0392581505 0.0416765663 
 0.0386160011 0.0405231994 0.0429880681 
 0.0402602348 0.0422234356 0.0447463622 
 0.0423446579 0.0443732191 0.0469624583 
 0.0448857185 0.0469855419 0.0496448676 
 0.0478961247 0.0500685866 0.0527961146 
 0.0513808029 0.0536216815 0.0564087973 
 0.0553324393 0.0576310205 0.0604616356 
 0.0597271732 0.0620657743 0.0649161755 
 0.0645212752 0.0668754357 0.0697149624 
 0.0696497668 0.0719892826 0.0747819467 
 0.0750277930 0.0773186031 0.0800255531 
 0.0805550575 0.0827617734 0.0853442678 
 0.0861228840 0.0882115465 0.0906339289 
 0.0916227127 0.0935632753 0.0957954188 
 0.0969544154 0.0987225250 0.1007413554 
 0.1020329101 0.1036107582 0.1054007206 
 0.1067921226 0.1081683872 0.1097209758 
 0.1111861116 0.1123552023 0.1136678442 
 0.1151878315 0.1161487398 0.1172233741 
 0.1187863647 0.1195414044 0.1203830502 
 0.1219834872 0.1225371356 0.1231526432 
 0.1247902530 0.1251482073 0.1255452862 
 0.1272240195 0.1273925058 0.1275790443 
 0.1293060981 0.1292914164 0.1292750593 
 0.1310600416 0.1308683056 0.1306562362 
 0.1325104813 0.1321475036 0.1317463741 
 0.1336823919 0.1331536695 0.1325696311 
 0.1346006583 0.1339114223 0.1331502171 
 0.1352898399 0.1344451417 0.1335122285 
 0.1357740504 0.1347788677 0.1336795636 
 0.1360768987 0.1349362467 0.1336758727 
 0.1362214526 0.1349404939 0.1335245151 
 0.1362302032 0.1348143505 0.1332485073 
 0.1361250185 0.1345800263 0.1328704504 
 0.1359270793 0.1342591219 0.1324124357 
 0.1356567956 0.1338725299 0.1318959258 
 0.1353337060 0.1334403166 0.1313416150 
 0.1349763607 0.1329815879 0.1307692720 
 0.1346021936 0.1325143427 0.1301975719 
 0.1342273870 0.1320553206 0.1296439211 
 0.1338667346 0.1316198484 0.1291242834 
 0.1335335056 0.1312216895 0.1286530123 
 0.1332393170 0.1308729039 0.1282426951 
 0.1329940165 0.1305837200 0.1279040128 
 0.1328055793 0.1303624239 0.1276456203 
 0.1326800233 0.1302152681 0.1274740482 
 0.1326213435 0.1301464021 0.1273936292 
 0.1326314683 0.1301578257 0.1274064482 
 0.1327102379 0.1302493663 0.1275123194 
 0.1328554061 0.1304186811 0.1277087877 
 0.1330626650 0.1306612833 0.1279911569 
 0.1333256925 0.1309705921 0.1283525420 
 0.1336362212 0.1313380062 0.1287839484 
 0.1339841260 0.1317529987 0.1292743732 
 0.1343575305 0.1322032313 0.1298109295 
 0.1347429266 0.1326746851 0.1303789900 
 0.1351253044 0.1331518038 0.1309623463 
 0.1354882893 0.1336176458 0.1315433792 
 0.1358142803 0.1340540390 0.1321032342 
 0.1360845849 0.1344417334 0.1326219963 
 0.1362795468 0.1347605470 0.1330788589 
 0.1363786606 0.1349894980 0.1334522780 
 0.1363606714 0.1351069209 0.1337201097 
 0.1362036543 0.1350905619 0.1338597245 
 0.1358850763 0.1349176531 0.1338480988 
 0.1353818394 0.1345649660 0.1336618814 
 0.1346703139 0.1340088515 0.1332774424 
 0.1337263730 0.1332252748 0.1326709121 
 0.1325254540 0.1321898696 0.1318182302 
 0.1310426843 0.1308780429 0.1306952330 
 0.1292531290 0.1292651843 0.1292778258 
 0.1271322468 0.1273270537 0.1275423063 
 0.1246566588 0.1250404463 0.1254659255 
 0.1218053589 0.1223842537 0.1230277951 
 0.1185614883 0.1193410387 0.1202102531 
 0.1149147537 0.1158992157 0.1170007807 
 0.1108644661 0.1120558378 0.1133944985 
 0.1064229967 0.1078198457 0.1093971422 
 0.1016191988 0.1032154052 0.1050282319 
 0.0965010852 0.0982847198 0.1003239207 
 0.0911368821 0.0930895098 0.0953388111 
 0.0856136417 0.0877103479 0.0901459703 
 0.0800329858 0.0822433239 0.0848345542 
 0.0745042401 0.0767940954 0.0795049147 
 0.0691359840 0.0714701050 0.0742617087 
 0.0640275833 0.0663723335 0.0692061328 
 0.0592623093 0.0615881425 0.0644287060 
 0.0549031816 0.0571864415 0.0600038819 
 0.0509918934 0.0532157505 0.0559872429 
 0.0475504406 0.0497049988 0.0524153585 
 0.0445846080 0.0466663682 0.0493078213 
 0.0420883502 0.0440992847 0.0466706727 
 0.0400482516 0.0419947232 0.0445004074 
 0.0384475229 0.0403392236 0.0427879051 
 0.0372692623 0.0391182722 0.0415218718 
 0.0364989147 0.0383189180 0.0406915856 
 0.0361259810 0.0379316304 0.0402888948 
 0.0361450742 0.0379514643 0.0403094956 
 0.0365564088 0.0383786075 0.0407535381 
 0.0373657746 0.0392183509 0.0416255943 
 0.0385839929 0.0404804826 0.0429339863 
 0.0402258005 0.0421780573 0.0446894412 
 0.0423080724 0.0443254689 0.0469030223 
 0.0448472900 0.0469357643 0.0495833177 
 0.0478562115 0.0500172002 0.0527329494 
 0.0513398276 0.0535691947 0.0563446276 
 0.0552908972 0.0575780385 0.0603971876 
 0.0596856318 0.0620129946 0.0648522789 
 0.0644803622 0.0668236285 0.0696525220 
 0.0696101474 0.0719392573 0.0747218975 
 0.0749901360 0.0772711643 0.0799688066 
 0.0805199992 0.0827176737 0.0852916577 
 0.0860909950 0.0881714463 0.0905861680 
 0.0915944745 0.0935277164 0.0957530732 
 0.0969302116 0.0986919228 0.1007048415 
 0.1020130320 0.1035854114 0.1053703212 
 0.1067767858 0.1081485005 0.1096968694 
 0.1111754782 0.1123409156 0.1136501402 
 0.1151820338 0.1161401574 0.1172121468 
 0.1187855250 0.1195386207 0.1203783677 
 0.1219877337 0.1225402536 0.1231545882 
 0.1247997290 0.1251573509 0.1255539696 
 0.1272388886 0.1274078260 0.1275946116 
 0.1293265452 0.1293130926 0.1292976921 
 0.1310862707 0.1308965434 0.1306861488 
 0.1325427115 0.1321825299 0.1317838087 
 0.1337208521 0.1331957263 0.1326148502 
 0.1346455809 0.1339607593 0.1332034947 
 0.1353414537 0.1345020084 0.1335738413 
 0.1358325738 0.1348435043 0.1337497806 
 0.1361425322 0.1350088759 0.1337549453 
 0.1362943710 0.1350213115 0.1336126667 
 0.1363105485 0.1349035171 0.1333459229 
 0.1362128926 0.1346776584 0.1329772670 
 0.1360225364 0.1343652834 0.1325287322 
 0.1357598361 0.1339872245 0.1320217144 
 0.1354442699 0.1335634808 0.1314768331 
 0.1350943219 0.1331130843 0.1309137754 
 0.1347273552 0.1326539549 0.1303511286 
 0.1343594771 0.1322027487 0.1298062070 
 0.1340054026 0.1317747053 0.1292948788 
 0.1336783199 0.1313834989 0.1288313996 
 0.1333897632 0.1310410985 0.1284282580 
 0.1331494962 0.1307576410 0.1280960362 
 0.1329654105 0.1305413217 0.1278432908 
 0.1328434406 0.1303983033 0.1276764565 
 0.1327874999 0.1303326477 0.1275997720 
 0.1327994375 0.1303462701 0.1276152325 
 0.1328790172 0.1304389173 0.1277225663 
 0.1330239206 0.1306081705 0.1279192383 
 0.1332297725 0.1308494725 0.1282004779 
 0.1334901888 0.1311561789 0.1285593341 
 0.1337968461 0.1315196317 0.1289867536 
 0.1341395703 0.1319292550 0.1294716840 
 0.1345064423 0.1323726696 0.1300011986 
 0.1348839181 0.1328358232 0.1305606391 
 0.1352569584 0.1333031342 0.1311337754 
 0.1356091649 0.1337576417 0.1317029743 
 0.1359229171 0.1341811600 0.1322493740 
 0.1361795069 0.1345544294 0.1327530572 
 0.1363592635 0.1348572597 0.1331932167 
 0.1364416677 0.1350686610 0.1335483085 
 0.1364054482 0.1351669571 0.1337961855 
 0.1362286604 0.1351298784 0.1339142096 
 0.1358887461 0.1349346347 0.1338793402 
 0.1353625755 0.1345579666 0.1336681991 
 0.1346264799 0.1339761841 0.1332571173 
 0.1336562878 0.1331652031 0.1326221745 
 0.1324273897 0.1321006014 0.1317392494 
 0.1309148709 0.1307577300 0.1305841124 
 0.1290937732 0.1291119342 0.1291326083 
 0.1269395711 0.1271389605 0.1273609957 
 0.1244289716 0.1248156502 0.1252465352 
 0.1215411671 0.1221210409 0.1227684333 
 0.1182596610 0.1190379926 0.1199092571 
 0.1145747432 0.1155554261 0.1166569094 
 0.1104865790 0.1116711671 0.1130071838 
 0.1060086920 0.1073952325 0.1089667884 
 0.1011713666 0.1027531682 0.1045565316 
 0.0960242403 0.0977887987 0.0998141321 
 0.0906371960 0.0925655683 0.0947959261 
 0.0850987540 0.0871656700 0.0895766996 
 0.0795115764 0.0816864671 0.0842470796 
 0.0739854064 0.0762343248 0.0789084070 
 0.0686285293 0.0709166923 0.0736656736 
 0.0635393496 0.0658338498 0.0686196953 
 0.0587996769 0.0610718750 0.0638599663 
 0.0544708049 0.0566980251 0.0594594475 
 0.0505926801 0.0527590458 0.0554719953 
 0.0471857266 0.0492821864 0.0519324483 
 0.0442544549 0.0462781981 0.0488588439 
 0.0417918916 0.0437454032 0.0462559559 
 0.0397840317 0.0416740168 0.0441193432 
 0.0382137918 0.0400501342 0.0424392752 
 0.0370642129 0.0388590617 0.0412041344 
 0.0363208609 0.0380878749 0.0404031100 
 0.0359734830 0.0377272214 0.0400281418 
 0.0360170191 0.0377724382 0.0400751467 
 0.0364520550 0.0382240581 0.0405445810 
 0.0372847660 0.0390877461 0.0414413695 
 0.0385263427 0.0403736601 0.0427741979 
 0.0401918445 0.0420951881 0.0445541311 
 0.0422983873 0.0442669838 0.0467925065 
 0.0448625705 0.0469022393 0.0494980798 
 0.0478971049 0.0500092005 0.0526734929 
 0.0514067286 0.0535870795 0.0563112899 
 0.0553837181 0.0576217444 0.0603899347 
 0.0598035782 0.0620818244 0.0648705070 
 0.0646217571 0.0669160876 0.0696949049 
 0.0697723511 0.0720529814 0.0747863212 
 0.0751696036 0.0774029721 0.0800524176 
 0.0807124850 0.0828637534 0.0853910316 
 0.0862918800 0.0883276488 0.0906975704 
 0.0917991553 0.0936899001 0.0958727644 
 0.0971344737 0.0988562821 0.1008293641 
 0.1022133397 0.1037487308 0.1054967234 
 0.1069704505 0.1083083037 0.1098228384 
 0.1113607019 0.1124955072 0.1137740448 
 0.1153578523 0.1162885798 0.1173330086 
 0.1189516886 0.1196805567 0.1204957847 
 0.1221445613 0.1226759064 0.1232686387 
 0.1249479650 0.1252873238 0.1256651133 
 0.1273795772 0.1275330160 0.1277036006 
 0.1294609300 0.1294346038 0.1294054964 
 0.1312157188 0.1310156198 0.1307938972 
 0.1326686594 0.1323005057 0.1318927425 
 0.1338447667 0.1333139883 0.1327262866 
 0.1347689322 0.1340807185 0.1333187976 
 0.1354656941 0.1346250770 0.1336943954 
 0.1359591211 0.1349710760 0.1338769688 
 0.1362727549 0.1351423071 0.1338901259 
 0.1364295738 0.1351619033 0.1337571515 
 0.1364519579 0.1350524965 0.1335009547 
 0.1363616421 0.1348361603 0.1331439970 
 0.1361796517 0.1345343320 0.1327081979 
 0.1359262201 0.1341677152 0.1322148179 
 0.1356206881 0.1337561624 0.1316843202 
 0.1352813887 0.1333185429 0.1311362170 
 0.1349255210 0.1328725993 0.1305889039 
 0.1345690168 0.1324347973 0.1300594891 
 0.1342264058 0.1320201758 0.1295636236 
 0.1339106834 0.1316422000 0.1291153373 
 0.1336331849 0.1313126242 0.1287268875 
 0.1334034717 0.1310413680 0.1284086230 
 0.1332292313 0.1308364085 0.1281688676 
 0.1331161956 0.1307036925 0.1280138261 
 0.1330680782 0.1306470705 0.1279475134 
 0.1330865335 0.1306682532 0.1279717089 
 0.1331711387 0.1307667922 0.1280859362 
 0.1333193979 0.1309400849 0.1282874680 
 0.1335267701 0.1311834038 0.1285713576 
 0.1337867186 0.1314899493 0.1289304943 
 0.1340907820 0.1318509254 0.1293556849 
 0.1344286637 0.1322556360 0.1298357574 
 0.1347883388 0.1326916001 0.1303576865 
 0.1351561735 0.1331446828 0.1309067371 
 0.1355170545 0.1335992372 0.1314666228 
 0.1358545242 0.1340382542 0.1320196734 
 0.1361509158 0.1344435141 0.1325470070 
 0.1363874853 0.1347957350 0.1330286996 
 0.1365445342 0.1350747131 0.1334439473 
 0.1366015197 0.1352594492 0.1337712144 
 0.1365371488 0.1353282590 0.1339883626 
 0.1363294531 0.1352588613 0.1340727590 
 0.1359558457 0.1350284473 0.1340013594 
 0.1353931605 0.1346137293 0.1337507697 
 0.1346176849 0.1339909774 0.1332972904 
 0.1336051970 0.1331360564 0.1326169553 
 0.1323310364 0.1320244868 0.1316855857 
 0.1307702495 0.1306315665 0.1304788908 
 0.1288978728 0.1289326110 0.1289726674 
 0.1266894444 0.1269033920 0.1271431676 
 0.1241218545 0.1245208788 0.1249677290 
 0.1211746674 0.1217644046 0.1224257796 
 0.1178320307 0.1186173750 0.1195003298 
 0.1140852408 0.1150695979 0.1161800378 
 0.1099359094 0.1111202134 0.1124618550 
 0.1053994808 0.1067810330 0.1083541169 
 0.1005085924 0.1020798629 0.1038797405 
 0.0953155145 0.0970631378 0.0990789577 
 0.0898927705 0.0917970264 0.0940108308 
 0.0843311662 0.0863662199 0.0887527825 
 0.0787349143 0.0808699700 0.0833976161 
 0.0732142789 0.0754155859 0.0780480332 
 0.0678769194 0.0701103323 0.0728093258 
 0.0628195677 0.0650531998 0.0677814918 
 0.0581216032 0.0603280968 0.0630522338 
 0.0538415190 0.0559995892 0.0586920524 
 0.0500164757 0.0521115993 0.0547520478 
 0.0466644267 0.0486887545 0.0512643605 
 0.0437879068 0.0457396101 0.0482446528 
 0.0413785257 0.0432608257 0.0456958011 
 0.0394213957 0.0412414963 0.0436119954 
 0.0378990093 0.0396670850 0.0419826397 
 0.0367943469 0.0385226674 0.0407956850 
 0.0360931808 0.0377953955 0.0400402362 
 0.0357856483 0.0374762132 0.0397084069 
 0.0358671932 0.0375608978 0.0397964671 
 0.0363389626 0.0380505039 0.0403053357 
 0.0372077016 0.0389512448 0.0412404495 
 0.0384851338 0.0402738039 0.0426109998 
 0.0401867673 0.0420320198 0.0444284951 
 0.0423300286 0.0442408678 0.0467045961 
 0.0449316309 0.0469136726 0.0494482026 
 0.0480041402 0.0500585640 0.0526618624 
 0.0515518386 0.0536743415 0.0563377436 
 0.0555662094 0.0577461418 0.0604536354 
 0.0600216469 0.0622415697 0.0649696748 
 0.0648722573 0.0671081626 0.0698266371 
 0.0700507193 0.0722730804 0.0749465541 
 0.0754699901 0.0776456381 0.0802360656 
 0.0810281005 0.0831227066 0.0855922954 
 0.0866155095 0.0885962575 0.0909103642 
 0.0921237417 0.0939617045 0.0960911789 
 0.0974536560 0.0991254678 0.1010480784 
 0.1025218516 0.1040104732 0.1057113000 
 0.1072643302 0.1085589458 0.1100298736 
 0.1116373185 0.1127325790 0.1139711847 
 0.1156157911 0.1165106974 0.1175188643 
 0.1191905535 0.1198872521 0.1206697903 
 0.1223647489 0.1228674340 0.1234308888 
 0.1251504489 0.1254644754 0.1258162079 
 0.1275657256 0.1276969638 0.1278445116 
 0.1296323631 0.1295867768 0.1295374612 
 0.1313742051 0.1311576118 0.1309183380 
 0.1328160437 0.1324340101 0.1320112069 
 0.1339829219 0.1334407527 0.1328404044 
 0.1348997277 0.1342025124 0.1334302476 
 0.1355909737 0.1347436683 0.1338048802 
 0.1360806875 0.1350882115 0.1339881913 
 0.1363923556 0.1352596953 0.1340037686 
 0.1365488891 0.1352811979 0.1338748559 
 0.1365725881 0.1351752797 0.1336242996 
 0.1364850939 0.1349639255 0.1332744774 
 0.1363073248 0.1346684660 0.1328472032 
 0.1360593930 0.1343094807 0.1323636102 
 0.1357605037 0.1339066807 0.1318440138 
 0.1354288409 0.1334787773 0.1313077586 
 0.1350814412 0.1330433400 0.1307730553 
 0.1347340626 0.1326166480 0.1302568121 
 0.1344010508 0.1322135425 0.1297744671 
 0.1340952085 0.1318472820 0.1293398287 
 0.1338276725 0.1315294080 0.1289649258 
 0.1336078014 0.1312696235 0.1286598760 
 0.1334430782 0.1310756882 0.1284327717 
 0.1333390310 0.1309533337 0.1282895893 
 0.1332991724 0.1309061990 0.1282341209 
 0.1333249615 0.1309357906 0.1282679317 
 0.1334157873 0.1310414650 0.1283903415 
 0.1335689755 0.1312204360 0.1285984328 
 0.1337798182 0.1314678058 0.1288870834 
 0.1340416250 0.1317766198 0.1292490248 
 0.1343457953 0.1321379436 0.1296749245 
 0.1346819091 0.1325409605 0.1301534914 
 0.1350378342 0.1329730875 0.1306716018 
 0.1353998458 0.1334201055 0.1312144432 
 0.1357527557 0.1338663020 0.1317656720 
 0.1360800462 0.1342946184 0.1323075801 
 0.1363640042 0.1346868009 0.1328212645 
 0.1365858506 0.1350235460 0.1332867944 
 0.1367258613 0.1352846381 0.1336833705 
 0.1367634744 0.1354490733 0.1339894688 
 0.1366773815 0.1354951654 0.1341829666 
 0.1364455996 0.1354006320 0.1342412459 
 0.1360455253 0.1351426596 0.1341412732 
 0.1354539726 0.1346979503 0.1338596581 
 0.1346472041 0.1340427570 0.1333726958 
 0.1336009705 0.1331529211 0.1326564050 
 0.1322905854 0.1320039369 0.1316865852 
 0.1306910815 0.1305710824 0.1304389245 
 0.1287775122 0.1288296754 0.1288892126 
 0.1265254911 0.1267555380 0.1270137315 
 0.1239120856 0.1243257774 0.1247899213 
 0.1209171937 0.1215200043 0.1221974324 
 0.1175255213 0.1183221073 0.1192196805 
 0.1137292185 0.1147226541 0.1158459810 
 0.1095311037 0.1107218861 0.1120742627 
 0.1049482028 0.1063330921 0.1079142045 
 0.1000150655 0.1015859106 0.1033904325 
 0.0947860717 0.0965288581 0.0985451783 
 0.0893358250 0.0912302364 0.0934396317 
 0.0837568871 0.0857766442 0.0881532215 
 0.0781546050 0.0802687142 0.0827803457 
 0.0726395361 0.0748143601 0.0774246204 
 0.0673187207 0.0695205526 0.0721914036 
 0.0622874625 0.0644851351 0.0671798930 
 0.0576231474 0.0597902139 0.0624762649 
 0.0533820246 0.0554981905 0.0581490211 
 0.0495990592 0.0516507659 0.0542470870 
 0.0462902858 0.0482705415 0.0508005194 
 0.0434567259 0.0453644039 0.0478231821 
 0.0410889201 0.0429277715 0.0453165423 
 0.0391713285 0.0409489217 0.0432737964 
 0.0376861440 0.0394128736 0.0416837402 
 0.0366163218 0.0383045604 0.0405340426 
 0.0359478083 0.0376112188 0.0398137801 
 0.0356710482 0.0373240348 0.0395152232 
 0.0357818721 0.0374391280 0.0396349211 
 0.0362818500 0.0379579457 0.0401741416 
 0.0371781477 0.0388871035 0.0411386927 
 0.0384828737 0.0402376574 0.0425381169 
 0.0402118478 0.0420237507 0.0443842117 
 0.0423826960 0.0442605540 0.0466888223 
 0.0450121751 0.0469614345 0.0494608840 
 0.0481126956 0.0501343709 0.0527027935 
 0.0516881506 0.0537777872 0.0564063547 
 0.0557293878 0.0578762125 0.0605487778 
 0.0602099433 0.0623964418 0.0650894413 
 0.0650829150 0.0672850754 0.0699682600 
 0.0702799460 0.0724683292 0.0751064184 
 0.0757130857 0.0778547123 0.0804098556 
 0.0812797414 0.0833405667 0.0857752606 
 0.0868701439 0.0888177048 0.0910976592 
 0.0923760227 0.0941817730 0.0962782113 
 0.0976988271 0.0993397629 0.1012308004 
 0.1027560176 0.1042154028 0.1058864007 
 0.1074845857 0.1087518223 0.1101948581 
 0.1118417424 0.1129116051 0.1141243541 
 0.1158033422 0.1166748683 0.1176592271 
 0.1193609131 0.1200362142 0.1207969385 
 0.1225181480 0.1230013327 0.1235448666 
 0.1252875090 0.1255838159 0.1259173926 
 0.1276873269 0.1278024961 0.1279335145 
 0.1297395442 0.1296794081 0.1296150527 
 0.1314680924 0.1312383443 0.1309853930 
 0.1328978041 0.1325038991 0.1320686675 
 0.1340537339 0.1335008794 0.1328892548 
 0.1349607632 0.1342539671 0.1334714979 
 0.1356433886 0.1347875395 0.1338395541 
 0.1361256150 0.1351255784 0.1340173179 
 0.1364309023 0.1352916221 0.1340283743 
 0.1365821314 0.1353087283 0.1338959569 
 0.1366015683 0.1351994311 0.1336428947 
 0.1365108162 0.1349856830 0.1332915393 
 0.1363307505 0.1346887757 0.1328636698 
 0.1360814349 0.1343292427 0.1323803758 
 0.1357820207 0.1339267417 0.1318619200 
 0.1354506320 0.1334999237 0.1313275855 
 0.1351042400 0.1330662904 0.1307955131 
 0.1347585321 0.1326420477 0.1302825337 
 0.1344277782 0.1322419574 0.1298040020 
 0.1341247015 0.1318791943 0.1293736377 
 0.1338603561 0.1315652129 0.1290033777 
 0.1336440156 0.1313096272 0.1287032453 
 0.1334830773 0.1311201070 0.1284812383 
 0.1333829832 0.1310022941 0.1283432390 
 0.1333471614 0.1309597400 0.1282929479 
 0.1333769882 0.1309938659 0.1283318419 
 0.1334717731 0.1311039469 0.1284591570 
 0.1336287663 0.1312871203 0.1286718972 
 0.1338431892 0.1315384170 0.1289648682 
 0.1341082862 0.1318508178 0.1293307365 
 0.1344153976 0.1322153300 0.1297601117 
 0.1347540508 0.1326210860 0.1302416530 
 0.1351120677 0.1330554592 0.1307621952 
 0.1354756847 0.1335041950 0.1313068927 
 0.1358296817 0.1339515522 0.1318593771 
 0.1361575158 0.1343804516 0.1324019235 
 0.1364414552 0.1347726254 0.1329156198 
 0.1366627080 0.1351087626 0.1333805336 
 0.1368015429 0.1353686462 0.1337758698 
 0.1368373957 0.1355312759 0.1340801149 
 0.1367489591 0.1355749734 0.1342711610 
 0.1365142551 0.1354774679 0.1343264088 
 0.1361106875 0.1352159600 0.1342228467 
 0.1355150794 0.1347671681 0.1339371083 
 0.1347037039 0.1341073627 0.1334455141 
 0.1336523231 0.1332124042 0.1327241100 
 0.1323362642 0.1320578074 0.1317487236 
 0.1307305761 0.1306188736 0.1304950735 
 0.1288103339 0.1288709481 0.1289389840 
 0.1265511829 0.1267898895 0.1270567786 
 0.1239302377 0.1243528544 0.1248259499 
 0.1209274680 0.1215395236 0.1222262184 
 0.1175276855 0.1183338850 0.1192410936 
 0.1137231904 0.1147266436 0.1158600172 
 0.1095170033 0.1107182235 0.1120810820 
 0.1049264070 0.1063221435 0.1079141714 
 0.0999862536 0.1015683133 0.1033841518 
 0.0947512496 0.0965055438 0.0985335169 
 0.0892963128 0.0912024239 0.0934237139 
 0.0837142626 0.0857457930 0.0881343926 
 0.0781106028 0.0802364379 0.0827600990 
 0.0725959168 0.0747823110 0.0774044968 
 0.0672771330 0.0694902955 0.0721728791 
 0.0622493245 0.0644580355 0.0671642749 
 0.0575895672 0.0597673593 0.0624646152 
 0.0533537686 0.0554803547 0.0581421171 
 0.0495765654 0.0516384149 0.0542454205 
 0.0462737079 0.0482638709 0.0508043267 
 0.0434459948 0.0453633942 0.0478324929 
 0.0410838089 0.0429322492 0.0453312352 
 0.0391715116 0.0409586150 0.0432936520 
 0.0376912447 0.0394274592 0.0417084858 
 0.0366259484 0.0383236981 0.0405633858 
 0.0359615778 0.0376345748 0.0398474315 
 0.0356886002 0.0373512949 0.0395529081 
 0.0358028745 0.0374700021 0.0396763833 
 0.0363059984 0.0379921658 0.0402191392 
 0.0372051603 0.0389244159 0.0411869880 
 0.0385124811 0.0402778103 0.0425894609 
 0.0402437808 0.0420664782 0.0444383249 
 0.0424166706 0.0443055573 0.0467453722 
 0.0450478763 0.0470083620 0.0495194633 
 0.0481497618 0.0501828002 0.0527628995 
 0.0517261614 0.0538272106 0.0564673769 
 0.0557678568 0.0579260319 0.0606099957 
 0.0602483202 0.0624459744 0.0651500379 
 0.0651205979 0.0673335744 0.0700273511 
 0.0703163049 0.0725150171 0.0751630974 
 0.0757474937 0.0778988236 0.0804632459 
 0.0813116075 0.0833813911 0.0858245667 
 0.0868989426 0.0888546241 0.0911422061 
 0.0924013123 0.0942142828 0.0963174658 
 0.0977202551 0.0993674768 0.1012643713 
 0.1027733129 0.1042380408 0.1059140208 
 0.1074975421 0.1087691876 0.1102163542 
 0.1118501971 0.1129235561 0.1141396137 
 0.1158071549 0.1166812918 0.1176681657 
 0.1193599484 0.1200370023 0.1207994736 
 0.1225122624 0.1229963661 0.1235408990 
 0.1252765433 0.1255729543 0.1259067944 
 0.1276711024 0.1277855730 0.1279161247 
 0.1297178632 0.1296562307 0.1295906763 
 0.1314407405 0.1312086964 0.1309538048 
 0.1328645547 0.1324675460 0.1320296178 
 0.1340143534 0.1334575744 0.1328424769 
 0.1349150174 0.1342034589 0.1334167164 
 0.1355910492 0.1347295799 0.1337764945 
 0.1360664666 0.1350599310 0.1339457159 
 0.1363647496 0.1352180704 0.1339479862 
 0.1365088063 0.1352270847 0.1338065693 
 0.1365209371 0.1351095452 0.1335443345 
 0.1364227868 0.1348874499 0.1331836833 
 0.1362352790 0.1345821443 0.1327464543 
 0.1359785320 0.1342142228 0.1322538046 
 0.1356717578 0.1338034110 0.1317260723 
 0.1353331465 0.1333684336 0.1311826226 
 0.1349797401 0.1329268715 0.1306416839 
 0.1346273006 0.1324950139 0.1301201789 
 0.1342901761 0.1320877088 0.1296335576 
 0.1339811701 0.1317182202 0.1291956367 
 0.1337114189 0.1313980925 0.1288184512 
 0.1334902791 0.1311370305 0.1285121226 
 0.1333252312 0.1309427940 0.1282847458 
 