0.0761319252 0.0829775248 0.0899072698 
 0.0753180800 0.0822080514 0.0891957874 
 0.0749553534 0.0818644619 0.0888775443 
 0.0750483482 0.0819522964 0.0889586563 
 0.0755957274 0.0824699765 0.0894373988 
 0.0765901365 0.0834087619 0.0903041982 
 0.0780177623 0.0847525144 0.0915415841 
 0.0798576320 0.0864773565 0.0931241748 
 0.0820808332 0.0885513815 0.0950188063 
 0.0846498930 0.0909346013 0.0971849372 
 0.0875185776 0.0935793236 0.0995754419 
 0.0906323478 0.0964310972 0.1021378554 
 0.0939296160 0.0994302797 0.1048160538 
 0.0973438105 0.1025141562 0.1075522641 
 0.1008060860 0.1056194212 0.1102892242 
 0.1042483698 0.1086847476 0.1129722680 
 0.1076063538 0.1116531385 0.1155511221 
 0.1108220483 0.1144738027 0.1179812484 
 0.1138456168 0.1171033906 0.1202246529 
 0.1166363610 0.1195065453 0.1222501654 
 0.1191628885 0.1216558400 0.1240332705 
 0.1214026158 0.1235312458 0.1255556132 
 0.1233408271 0.1251193046 0.1268043164 
 0.1249695138 0.1264121801 0.1277712339 
 0.1262861842 0.1274067203 0.1284522357 
 0.1272927795 0.1281036256 0.1288465912 
 0.1279947700 0.1285067724 0.1289564816 
 0.1284004598 0.1286227080 0.1287866526 
 0.1285204939 0.1284603079 0.1283442017 
 0.1283675391 0.1280305754 0.1276384811 
 0.1279561050 0.1273465531 0.1266810979 
 0.1273024666 0.1264233187 0.1254859844 
 0.1264246516 0.1252780318 0.1240695132 
 0.1253424607 0.1239300027 0.1224506234 
 0.1240774889 0.1224007504 0.1206509262 
 0.1226531202 0.1207140190 0.1186947482 
 0.1210944687 0.1188957209 0.1166090778 
 0.1194282450 0.1169737803 0.1144233777 
 0.1176825321 0.1149778581 0.1121692430 
 0.1158864642 0.1129389521 0.1098798969 
 0.1140698125 0.1108888790 0.1075895410 
 0.1122624951 0.1088596664 0.1053325968 
 0.1104940363 0.1068828900 0.1031428934 
 0.1087930118 0.1049890059 0.1010528681 
 0.1071865148 0.1032067276 0.0990928451 
 0.1056996780 0.1015624895 0.0972904458 
 0.1043552776 0.1000800293 0.0956701655 
 0.1031734341 0.0987801026 0.0942531272 
 0.1021714115 0.0976803263 0.0930569988 
 0.1013635056 0.0967951320 0.0920960432 
 0.1007610040 0.0961358000 0.0913812568 
 0.1003721912 0.0957105391 0.0909205475 
 0.1002023779 0.0955245782 0.0907189084 
 0.1002539296 0.0955802391 0.0907785475 
 0.1005262818 0.0958769719 0.0910989481 
 0.1010159329 0.0964113420 0.0916768493 
 0.1017164181 0.0971769728 0.0925061481 
 0.1026182743 0.0981644572 0.0935777428 
 0.1037090159 0.0993612642 0.0948793490 
 0.1049731437 0.1007516720 0.0963953288 
 0.1063922126 0.1023167633 0.0981065838 
 0.1079449801 0.1040345163 0.0999905568 
 0.1096076505 0.1058800174 0.1020213840 
 0.1113542206 0.1078258073 0.1041702203 
 0.1131569174 0.1098423572 0.1064057423 
 0.1149867091 0.1118986528 0.1086948068 
 0.1168138579 0.1139628491 0.1110032202 
 0.1186084781 0.1160029477 0.1132965586 
 0.1203410638 0.1179874466 0.1155409705 
 0.1219829525 0.1198859178 0.1177038992 
 0.1235067027 0.1216694788 0.1197546760 
 0.1248863745 0.1233111401 0.1216649556 
 0.1260977130 0.1247860267 0.1234089892 
 0.1271182462 0.1260714872 0.1249637483 
 0.1279273150 0.1271471124 0.1263089281 
 0.1285060599 0.1279946933 0.1274268686 
 0.1288373910 0.1285981487 0.1283024297 
 0.1289059702 0.1289434550 0.1289228589 
 0.1286982356 0.1290186084 0.1292776845 
 0.1282025030 0.1288136489 0.1293586610 
 0.1274091792 0.1283207765 0.1291597949 
 0.1263111230 0.1275345870 0.1286774718 
 0.1249041889 0.1264524557 0.1279107040 
 0.1231879715 0.1250750834 0.1268615126 
 0.1211667519 0.1234072086 0.1255354449 
 0.1188506031 0.1214584606 0.1239422111 
 0.1162565646 0.1192442909 0.1220963991 
 0.1134097374 0.1167868812 0.1200181947 
 0.1103441002 0.1141158820 0.1177340036 
 0.1071028230 0.1112688120 0.1152768491 
 0.1037378766 0.1082909497 0.1126864131 
 0.1003088171 0.1052345957 0.1100086091 
 0.0968807587 0.1021576670 0.1072946301 
 0.0935217071 0.0991216986 0.1045994878 
 0.0902995625 0.0961894444 0.1019801490 
 0.0872791794 0.0934223471 0.0994934432 
 0.0845198477 0.0908781720 0.0971939615 
 0.0820734646 0.0886090535 0.0951321516 
 0.0799835050 0.0866601079 0.0933527690 
 0.0782847472 0.0850686467 0.0918937632 
 0.0770035785 0.0838639108 0.0907855902 
 0.0761586407 0.0830671743 0.0900508777 
 0.0757615622 0.0826920294 0.0897043246 
 0.0758175591 0.0827446784 0.0897527153 
 0.0763257502 0.0832241008 0.0901949499 
 0.0772791128 0.0841220309 0.0910220418 
 0.0786640893 0.0854227551 0.0922170900 
 0.0804599420 0.0871028137 0.0937552890 
 0.0826380276 0.0891307497 0.0956040821 
 0.0851612209 0.0914670891 0.0977235807 
 0.0879837430 0.0940647311 0.1000673587 
 0.0910516211 0.0968698876 0.1025836812 
 0.0943039235 0.0998236224 0.1052171538 
 0.0976747785 0.1028639249 0.1079106914 
 0.1010960227 0.1059281378 0.1106076331 
 0.1045001823 0.1089554729 0.1132537882 
 0.1078234076 0.1118893222 0.1157992056 
 0.1110079904 0.1146791108 0.1181995057 
 0.1140041857 0.1172815295 0.1204166935 
 0.1167712077 0.1196611017 0.1224194564 
 0.1192774246 0.1217901485 0.1241830215 
 0.1214998997 0.1236482892 0.1256886905 
 0.1234234880 0.1252216482 0.1269231845 
 0.1250397105 0.1265019345 0.1278779212 
 0.1263455918 0.1274855266 0.1285483188 
 0.1273425944 0.1281726571 0.1289331918 
 0.1280357281 0.1285667464 0.1290342722 
 0.1284328609 0.1286739035 0.1288558676 
 0.1285442293 0.1285025872 0.1284046514 
 0.1283821216 0.1280634072 0.1276895687 
 0.1279606993 0.1273690386 0.1267218397 
 0.1272959220 0.1264342204 0.1255150347 
 0.1264055372 0.1252758070 0.1240851952 
 0.1253091055 0.1239128438 0.1224509694 
 0.1240280274 0.1223666327 0.1206337277 
 0.1225855443 0.1206607577 0.1186576190 
 0.1210066867 0.1188210370 0.1165495279 
 0.1193181464 0.1168753744 0.1143388980 
 0.1175480561 0.1148534898 0.1120573962 
 0.1157256698 0.1127865193 0.1097384097 
 0.1138809458 0.1107064954 0.1074163907 
 0.1120440497 0.1086457279 0.1051260855 
 0.1102448040 0.1066361285 0.1029017039 
 0.1085121196 0.1047085264 0.1007760980 
 0.1068734481 0.1028920255 0.0987800175 
 0.1053542890 0.1012134516 0.0969414986 
 0.1039777815 0.0996969200 0.0952854245 
 0.1027643959 0.0983635396 0.0938332680 
 0.1017317272 0.0972312516 0.0926030054 
 0.1008943823 0.0963147835 0.0916091697 
 0.1002639408 0.0956256878 0.0908629976 
 0.0998489661 0.0951724302 0.0903726200 
 0.0996550392 0.0949604901 0.0901432496 
 0.0996847946 0.0949924440 0.0901773246 
 0.0999379391 0.0952680081 0.0904745811 
 0.1004112475 0.0957840306 0.0910320408 
 0.1010985347 0.0965344338 0.0918439165 
 0.1019906164 0.0975101215 0.0929014506 
 0.1030752755 0.0986988753 0.0941927204 
 0.1043372588 0.1000852725 0.0957024505 
 0.1057583312 0.1016506638 0.0974118823 
 0.1073174094 0.1033732439 0.0992987505 
 0.1089907937 0.1052282456 0.1013374082 
 0.1107525033 0.1071882707 0.1034991303 
 0.1125747110 0.1092237576 0.1057526005 
 0.1144282550 0.1113035633 0.1080645634 
 0.1162832002 0.1133956262 0.1104005991 
 0.1181094103 0.1154676578 0.1127259588 
 0.1198770922 0.1174878137 0.1150063925 
 0.1215572789 0.1194252953 0.1172089004 
 0.1231222268 0.1212508455 0.1193023574 
 0.1245457124 0.1229371180 0.1212579775 
 0.1258032299 0.1244589166 0.1230496095 
 0.1268720973 0.1257933164 0.1246538771 
 0.1277314919 0.1269196888 0.1260501917 
 0.1283624373 0.1278196602 0.1272206746 
 0.1287477695 0.1284770365 0.1281500291 
 0.1288721118 0.1288777252 0.1288253994 
 0.1287218873 0.1290096855 0.1292362518 
 0.1282854038 0.1288629379 0.1293743054 
 0.1275530445 0.1284296601 0.1292335401 
 0.1265176008 0.1277043991 0.1288103017 
 0.1251747796 0.1266844254 0.1281035258 
 0.1235239079 0.1253702451 0.1271150913 
 0.1215688355 0.1237662761 0.1258503078 
 0.1193190006 0.1218816657 0.1243185225 
 0.1167905768 0.1197311946 0.1225338095 
 0.1140075636 0.1173361724 0.1205156742 
 0.1110026296 0.1147251856 0.1182896754 
 0.1078174929 0.1119345374 0.1158878439 
 0.1045026356 0.1090082100 0.1133487692 
 0.1011162215 0.1059972255 0.1107172415 
 0.0977222090 0.1029583520 0.1080433845 
 0.0943878064 0.0999522149 0.1053812848 
 0.0911805549 0.0970409837 0.1027872083 
 0.0881654080 0.0942858883 0.1003175655 
 0.0854021734 0.0917448521 0.0980268334 
 0.0829435945 0.0894704931 0.0959656400 
 0.0808342034 0.0875086590 0.0941791726 
 0.0791099227 0.0858975452 0.0927060008 
 0.0777982626 0.0846673365 0.0915773189 
 0.0769188848 0.0838402329 0.0908165451 
 0.0764842880 0.0834306802 0.0904391691 
 0.0765003924 0.0834456346 0.0904527332 
 0.0769668673 0.0838847275 0.0908568496 
 0.0778771200 0.0847402606 0.0916432010 
 0.0792179480 0.0859970343 0.0927955289 
 0.0809689446 0.0876320860 0.0942896629 
 0.0831018209 0.0896144728 0.0960936929 
 0.0855798676 0.0919052755 0.0981683977 
 0.0883578019 0.0944579975 0.1004680369 
 0.0913822253 0.0972194933 0.1029415631 
 0.0945928324 0.1001314794 0.1055342424 
 0.0979243847 0.1031325665 0.1081895868 
 0.1013093029 0.1061606400 0.1108514329 
 0.1046805928 0.1091553343 0.1134659586 
 0.1079747356 0.1120603142 0.1159834348 
 0.1111341820 0.1148251156 0.1183595544 
 0.1141091719 0.1174063836 0.1205562562 
 0.1168587492 0.1197684604 0.1225420434 
 0.1193509884 0.1218833799 0.1242918679 
 0.1215625727 0.1237304000 0.1257866921 
 0.1234779272 0.1252952404 0.1270128593 
 0.1250881234 0.1265691863 0.1279613907 
 0.1263897388 0.1275481919 0.1286273043 
 0.1273838059 0.1282320768 0.1290090195 
 0.1280749289 0.1286238660 0.1291078844 
 0.1284705979 0.1287292931 0.1289278355 
 0.1285806992 0.1285564622 0.1284751887 
 0.1284171967 0.1281156483 0.1277585452 
 0.1279939526 0.1274192115 0.1267887948 
 0.1273266508 0.1264815953 0.1255791926 
 0.1264327882 0.1253193808 0.1241454828 
 0.1253317008 0.1239513645 0.1225060395 
 0.1240445948 0.1223986303 0.1206819895 
 0.1225945518 0.1206845805 0.1186972770 
 0.1210064825 0.1188348964 0.1165786311 
 0.1193070046 0.1168773965 0.1143553997 
 0.1175242273 0.1148417734 0.1120592208 
 0.1156874343 0.1127591986 0.1097235258 
 0.1138266679 0.1106618021 0.1073828842 
 0.1119722295 0.1085820513 0.1050722270 
 0.1101541238 0.1065520672 0.1028260071 
 0.1084014823 0.1046029292 0.1006773625 
 0.1067420046 0.1027640190 0.0986573549 
 0.1052014555 0.1010624542 0.0967943411 
 0.1038032456 0.0995226418 0.0951135171 
 0.1025681134 0.0981659728 0.0936366490 
 0.1015139123 0.0970106530 0.0923819798 
 0.1006554931 0.0960716530 0.0913642791 
 0.1000046644 0.0953607478 0.0905949921 
 0.0995702032 0.0948866069 0.0900824365 
 0.0993578929 0.0946549008 0.0898319972 
 0.0993705611 0.0946683899 0.0898462794 
 0.0996081028 0.0949269726 0.0901251892 
 0.1000674777 0.0954276819 0.0906659285 
 0.1007426836 0.0961646302 0.0914629036 
 0.1016247149 0.0971289147 0.0925075650 
 0.1027015252 0.0983085102 0.0937882077 
 0.1039580184 0.0996881800 0.0952897757 
 0.1053760948 0.1012494427 0.0969937191 
 0.1069347765 0.1029706322 0.0988779556 
 0.1086104310 0.1048270800 0.1009169803 
 0.1103771006 0.1067914360 0.1030821538 
 0.1122069329 0.1088341291 0.1053421784 
 0.1140706929 0.1109239478 0.1076637438 
 0.1159383276 0.1130287039 0.1100123030 
 0.1177795451 0.1151159332 0.1123529148 
 0.1195643684 0.1171535771 0.1146510846 
 0.1212636300 0.1191105983 0.1168735330 
 0.1228493799 0.1209574906 0.1189888385 
 0.1242951928 0.1226666623 0.1209679196 
 0.1255763740 0.1242126862 0.1227843452 
 0.1266700717 0.1255724288 0.1244144857 
 0.1275553162 0.1267250804 0.1258375322 
 0.1282130069 0.1276521150 0.1270354211 
 0.1286258780 0.1283372132 0.1279927043 
 0.1287784691 0.1287661810 0.1286964052 
 0.1286571321 0.1289268945 0.1291358930 
 0.1282501085 0.1288093009 0.1293028060 
 0.1275477090 0.1284055061 0.1291910506 
 0.1265426340 0.1277099754 0.1287968965 
 0.1252304651 0.1267198740 0.1281191894 
 0.1236103524 0.1254355657 0.1271596919 
 0.1216858995 0.1238612739 0.1259235590 
 0.1194662145 0.1220058856 0.1244199334 
 0.1169670481 0.1198838463 0.1226626260 
 0.1142118852 0.1175160534 0.1206708162 
 0.1112328048 0.1149306126 0.1184696774 
 0.1080708932 0.1121632981 0.1160908086 
 0.1047760071 0.1092575497 0.1135723434 
 0.1014057499 0.1062638766 0.1109586239 
 0.0980236450 0.1032386130 0.1082993708 
 0.0946966401 0.1002420736 0.1056483498 
 0.0914922189 0.0973362733 0.1030616199 
 0.0884754836 0.0945824580 0.1005955185 
 0.0857065720 0.0920387312 0.0983045884 
 0.0832386951 0.0897580303 0.0962396516 
 0.0811169358 0.0877866234 0.0944461957 
 0.0793777951 0.0861631848 0.0929631656 
 0.0780493435 0.0849183961 0.0918221749 
 0.0771517529 0.0840749389 0.0910470757 
 0.0766979638 0.0836477050 0.0906537845 
 0.0766942674 0.0836440505 0.0906502497 
 0.0771406411 0.0840639611 0.0910364626 
 0.0780307518 0.0849000544 0.0918044593 
 0.0793516272 0.0861374201 0.0929383124 
 0.0810830795 0.0877533691 0.0944141660 
 0.0831970416 0.0897172259 0.0962004105 
 0.0856570365 0.0919903358 0.0982581119 
 0.0884180251 0.0945264617 0.1005417988 
 0.0914268540 0.0972727036 0.1030006667 
 0.0946234499 0.1001709967 0.1055801874 
 0.0979427730 0.1031601280 0.1082240318 
 0.1013173910 0.1061781049 0.1108761402 
 0.1046803897 0.1091646204 0.1134827356 
 0.1079682587 0.1120633339 0.1159940778 
 0.1111233870 0.1148237172 0.1183657989 
 0.1140958950 0.1174023041 0.1205597383 
 0.1168446654 0.1197632925 0.1225442735 
 0.1193375875 0.1218785540 0.1242942165 
 0.1215511526 0.1237271795 0.1257903859 
 0.1234695999 0.1252947268 0.1270189856 
 0.1250838294 0.1265723310 0.1279709060 
 0.1263902662 0.1275558114 0.1286410461 
 0.1273898106 0.1282448681 0.1290277182 
 0.1280869529 0.1286424209 0.1291321737 
 0.1284890849 0.1287541102 0.1289582615 
 0.1286060063 0.1285879558 0.1285122155 
 0.1284496032 0.1281541540 0.1278025583 
 0.1280336650 0.1274649890 0.1268401012 
 0.1273738050 0.1265348288 0.1256380185 
 0.1264874493 0.1253801765 0.1242119693 
 0.1253938619 0.1240197473 0.1225802364 
 0.1241141737 0.1224745390 0.1207638482 
 0.1226713888 0.1207678640 0.1187866445 
 0.1210903381 0.1189253100 0.1166752461 
 0.1193975593 0.1169746018 0.1144588909 
 0.1176210834 0.1149453409 0.1121691116 
 0.1157901213 0.1128686143 0.1098392430 
 0.1139346505 0.1107764790 0.1075037732 
 0.1120849193 0.1087013447 0.1051975723 
 0.1102708932 0.1066752927 0.1029550557 
 0.1085216799 0.1047293830 0.1008093498 
 0.1068649712 0.1028929983 0.0987915295 
 0.1053265389 0.1011932747 0.0969299868 
 0.1039298131 0.0996546534 0.0952499702 
 0.1026955609 0.0982985694 0.0937733093 
 0.1016416697 0.0971432778 0.0925183147 
 0.1007830255 0.0962037984 0.0914998219 
 0.1001314689 0.0954919503 0.0907293338 
 0.0996958037 0.0950164384 0.0902152134 
 0.0994818304 0.0947829564 0.0899628750 
 0.0994923845 0.0947942741 0.0899749355 
 0.0997273578 0.0950502858 0.0902512950 
 0.1001836972 0.0955480066 0.0907891322 
 0.1008553792 0.0962815200 0.0915828159 
 0.1017333712 0.0972418861 0.0926237479 
 0.1028055968 0.0984170381 0.0939001678 
 0.1040569308 0.0997916974 0.0953969631 
 0.1054692479 0.1013473449 0.0970955312 
 0.1070215517 0.1030622850 0.0989737461 
 0.1086902001 0.1049118308 0.1010060727 
 0.1104492364 0.1068686273 0.1031638582 
 0.1122708189 0.1089031122 0.1054158091 
 0.1141257322 0.1109840953 0.1077286367 
 0.1159839495 0.1130794199 0.1100678298 
 0.1178152077 0.1151566592 0.1123984934 
 0.1195895581 0.1171837934 0.1146861831 
 0.1212778571 0.1191298209 0.1168976687 
 0.1228521698 0.1209652636 0.1190015711 
 0.1242860759 0.1226625463 0.1209688395 
 0.1255548722 0.1241962449 0.1227730589 
 0.1266356843 0.1255432133 0.1243905992 
 0.1275075051 0.1266826137 0.1258006339 
 0.1281511828 0.1275958765 0.1269850651 
 0.1285493873 0.1282666253 0.1279283959 
 0.1286865829 0.1286805971 0.1286175882 
 0.1285490392 0.1288255905 0.1290419400 
 0.1281249120 0.1286914710 0.1291930136 
 0.1274044313 0.1282702642 0.1290646387 
 0.1263802296 0.1275563641 0.1286530144 
 0.1250478473 0.1265468843 0.1279569301 
 0.1234064344 0.1252421686 0.1269781167 
 0.1214596540 0.1236464670 0.1257217339 
 0.1192167510 0.1217687557 0.1241969789 
 0.1166937070 0.1196236473 0.1224177802 
 0.1139143419 0.1172322950 0.1204035088 
 0.1109111731 0.1146231540 0.1181796110 
 0.1077258147 0.1118324353 0.1157780388 
 0.1044087090 0.1089040842 0.1132373493 
 0.1010180586 0.1058891532 0.1106023582 
 0.0976179451 0.1028445151 0.1079232799 
 0.0942757811 0.0998309752 0.1052543593 
 0.0910593789 0.0969109479 0.1026520831 
 0.0880340083 0.0941459583 0.1001731347 
 0.0852598135 0.0915942543 0.0978723000 
 0.0827898701 0.0893087872 0.0958005342 
 0.0806690205 0.0873357284 0.0940033540 
 0.0789334640 0.0857135753 0.0925196464 
 0.0776109524 0.0844727870 0.0913809030 
 0.0767213585 0.0836358102 0.0906108143 
 0.0762773699 0.0832173139 0.0902251178 
 0.0762850853 0.0832244606 0.0902315797 
 0.0767443515 0.0836570761 0.0906300136 
 0.0776487581 0.0845076473 0.0914122812 
 0.0789852903 0.0857611492 0.0925622760 
 0.0807337289 0.0873947750 0.0940559471 
 0.0828659597 0.0893777081 0.0958614609 
 0.0853454165 0.0916711110 0.0979396206 
 0.0881269088 0.0942285091 0.1002446496 
 0.0911570588 0.0969967088 0.1027253996 
 0.0943754979 0.0999173028 0.1053269739 
 0.0977168369 0.1029287077 0.1079926698 
 0.1011132671 0.1059685586 0.1106660743 
 0.1044975062 0.1089762057 0.1132931016 
 0.1078057188 0.1118950225 0.1158237674 
 0.1109800413 0.1146742721 0.1182135386 
 0.1139704314 0.1172703683 0.1204241724 
 0.1167357049 0.1196474783 0.1224240451 
 0.1192437753 0.1217775239 0.1241880392 
 0.1214712350 0.1236397143 0.1256971031 
 0.1234024845 0.1252197781 0.1269376159 
 0.1250286268 0.1265090577 0.1279006757 
 0.1263463158 0.1275036026 0.1285814103 
 0.1273566928 0.1282033549 0.1289783728 
 0.1280644910 0.1286114794 0.1290930600 
 0.1284773404 0.1287338589 0.1289295660 
 0.1286052684 0.1285787473 0.1284943648 
 0.1284603748 0.1281565638 0.1277962104 
 0.1280566453 0.1274797999 0.1268461327 
 0.1274098687 0.1265630112 0.1256575060 
 0.1265376225 0.1254228643 0.1242461656 
 0.1254592928 0.1240782079 0.1226305388 
 0.1241961000 0.1225501372 0.1208317597 
 0.1227710992 0.1208620197 0.1188737264 
 0.1212091300 0.1190394501 0.1167830632 
 0.1195366929 0.1171101084 0.1145889522 
 0.1177817352 0.1151034972 0.1123228085 
 0.1159733376 0.1130505528 0.1100177910 
 0.1141413054 0.1109831347 0.1077081599 
 0.1123156789 0.1089334168 0.1054285179 
 0.1105261887 0.1069332188 0.1032129885 
 0.1088016910 0.1050133254 0.1010943982 
 0.1071696197 0.1032028438 0.0991035301 
 0.1056554921 0.1015286460 0.0972685057 
 0.1042824942 0.1000149282 0.0956143334 
 0.1030711644 0.0986829043 0.0941626369 
 0.1020391779 0.0975506321 0.0929315532 
 0.1012012242 0.0966329550 0.0919357700 
 0.1005689585 0.0959415288 0.0911866594 
 0.1001510050 0.0954849008 0.0906924577 
 0.0999529852 0.0952686038 0.0904584448 
 0.0999775497 0.0952952349 0.0904870842 
 0.1002243969 0.0955644978 0.0907780947 
 0.1006902697 0.0960731971 0.0913284412 
 0.1013689322 0.0968151853 0.0921322450 
 0.1022511359 0.0977812776 0.0931806322 
 0.1033245932 0.0989591572 0.0944615487 
 0.1045739828 0.1003333034 0.0959595856 
 0.1059810112 0.1018849793 0.0976558612 
 0.1075245534 0.1035923123 0.0995280094 
 0.1091808895 0.1054304948 0.1015503157 
 0.1109240431 0.1073721202 0.1036940269 
 0.1127262145 0.1093876504 0.1059278412 
 0.1145582902 0.1114459959 0.1082185575 
 0.1163903973 0.1135151707 0.1105318438 
 0.1181924679 0.1155629754 0.1128330616 
 0.1199347743 0.1175576570 0.1150880801 
 0.1215884033 0.1194684992 0.1172640145 
 0.1231256446 0.1212663082 0.1193298372 
 0.1245202817 0.1229237729 0.1212568311 
 0.1257477837 0.1244156992 0.1230188782 
 0.1267854096 0.1257191270 0.1245925955 
 0.1276122427 0.1268133548 0.1259573464 
 0.1282091783 0.1276799001 0.1270951651 
 0.1285588939 0.1283024265 0.1279906323 
 0.1286458281 0.1286666718 0.1286307402 
 0.1284562027 0.1287604056 0.1290047809 
 0.1279781186 0.1285734495 0.1291042876 
 0.1272017644 0.1280977872 0.1289230539 
 0.1261197721 0.1273277961 0.1284572565 
 0.1247277564 0.1262606266 0.1277056982 
 0.1230250566 0.1248967457 0.1266701872 
 0.1210156839 0.1232406493 0.1253560548 
 0.1187094312 0.1213017193 0.1237727943 
 0.1161230597 0.1190951639 0.1219347828 
 0.1132814111 0.1166429393 0.1198620125 
 0.1102182475 0.1139745073 0.1175807272 
 0.1069765915 0.1111272561 0.1151238384 
 0.1036083619 0.1081464150 0.1125309841 
 0.1001731771 0.1050843335 0.1098481189 
 0.0967363366 0.1019990860 0.1071265713 
 0.0933661460 0.0989524715 0.1044215860 
 0.0901309005 0.0960076011 0.1017904515 
 0.0870959104 0.0932263434 0.0992903920 
 0.0843209470 0.0906669289 0.0969764422 
 0.0818583791 0.0883819662 0.0948995172 
 0.0797521186 0.0864170296 0.0931048401 
 0.0780373313 0.0848098549 0.0916308087 
 0.0767407408 0.0835900671 0.0905082973 
 0.0758812817 0.0827792845 0.0897603160 
 0.0754708455 0.0823914116 0.0894019113 
 0.0755148977 0.0824329395 0.0894401824 
 0.0760128068 0.0829031221 0.0898743139 
 0.0769578088 0.0837939568 0.0906955729 
 0.0783366146 0.0850899794 0.0918872760 
 0.0801287561 0.0867679547 0.0934247893 
 0.0823058416 0.0887966089 0.0952756677 
 0.0848309543 0.0911365878 0.0974000598 
 0.0876584498 0.0937408253 0.0997514895 
 0.0907343883 0.0965554669 0.1022780795 
 0.0939977500 0.0995214014 0.1049242038 
 0.0973824493 0.1025763420 0.1076324711 
 0.1008199958 0.1056572742 0.1103458636 
 0.1042425054 0.1087030042 0.1130098137 
 0.1075856765 0.1116565081 0.1155740065 
 0.1107913535 0.1144668227 0.1179937399 
 0.1138093900 0.1170903098 0.1202307612 
 0.1165986768 0.1194912444 0.1222535783 
 0.1191273548 0.1216417897 0.1240373208 
 0.1213723597 0.1235214974 0.1255632721 
 0.1233185130 0.1251165062 0.1268182057 
 0.1249573822 0.1264186073 0.1277936501 
 0.1262861011 0.1274243154 0.1284851804 
 0.1273062865 0.1281340372 0.1288918007 
 0.1280231310 0.1285513916 0.1290154545 
 0.1284446995 0.1286826976 0.1288606716 
 0.1285814272 0.1285366248 0.1284343481 
 0.1284457923 0.1281239848 0.1277456433 
 0.1280521282 0.1274576359 0.1268059724 
 0.1274165394 0.1265524718 0.1256290709 
 0.1265568836 0.1254254641 0.1242311041 
 0.1254927879 0.1240957268 0.1226307907 
 0.1242456684 0.1225845731 0.1208495059 
 0.1228387243 0.1209155323 0.1189113277 
 0.1212968814 0.1191142964 0.1168429870 
 0.1196466623 0.1172085689 0.1146736892 
 0.1179159681 0.1152277982 0.1124347829 
 0.1161337640 0.1132027869 0.1101592687 
 0.1143296729 0.1111651843 0.1078811624 
 0.1125334917 0.1091468871 0.1056347477 
 0.1107746569 0.1071793831 0.1034537723 
 0.1090816924 0.1052930876 0.1013706516 
 0.1074816762 0.1035167194 0.0994157451 
 0.1059997592 0.1018767593 0.0976167594 
 0.1046587644 0.1003970254 0.0959983136 
 0.1034788788 0.0990983757 0.0945816780 
 0.1024774440 0.0979985402 0.0933846766 
 0.1016688357 0.0971120622 0.0924217219 
 0.1010644131 0.0964503208 0.0917039399 
 0.1006725186 0.0960216021 0.0912393383 
 0.1004984998 0.0958311839 0.0910329724 
 0.1005447360 0.0958814054 0.0910870711 
 0.1008106524 0.0961717016 0.0914010973 
 0.1012927152 0.0966985934 0.0919717310 
 0.1019844090 0.0974556345 0.0927927780 
 0.1028762081 0.0984333308 0.0938550216 
 0.1039555594 0.0996190560 0.0951460489 
 0.1052068990 0.1009969944 0.0966500934 
 0.1066117273 0.1025481463 0.0983479394 
 0.1081487645 0.1042504279 0.1002169358 
 0.1097941987 0.1060788908 0.1022311580 
 0.1115220341 0.1080060717 0.1043617392 
 0.1133045275 0.1100024689 0.1065773756 
 0.1151126958 0.1120371233 0.1088449818 
 0.1169168624 0.1140782655 0.1111304530 
 0.1186872075 0.1160939840 0.1133994743 
 0.1203942870 0.1180528644 0.1156183101 
 0.1220094867 0.1199245557 0.1177545133 
 0.1235053931 0.1216802324 0.1197775056 
 0.1248560666 0.1232929332 0.1216590032 
 0.1260372212 0.1247377781 0.1233732826 
 0.1270263196 0.1259920735 0.1248973005 
 0.1278026023 0.1270353308 0.1262106972 
 0.1283470763 0.1278492256 0.1272957187 
 0.1286424880 0.1284175292 0.1281370964 
 0.1286733107 0.1287260435 0.1287219209 
 0.1284257781 0.1287625718 0.1290395421 
 0.1278879985 0.1285169529 0.1290815258 
 0.1270501857 0.1279811931 0.1288416917 
 0.1259050457 0.1271497222 0.1283162574 
 0.1244483517 0.1260198031 0.1275041075 
 0.1226797299 0.1245921110 0.1264072023 
 0.1206036497 0.1228714834 0.1250311256 
 0.1182305748 0.1208678123 0.1233857556 
 0.1155781758 0.1185970127 0.1214860117 
 0.1126724451 0.1160819555 0.1193526012 
 0.1095485045 0.1133532118 0.1170126543 
 0.1062508718 0.1104494290 0.1145001154 
 0.1028329843 0.1074171686 0.1118557520 
 0.0993558626 0.1043100814 0.1091266708 
 0.0958859474 0.1011873944 0.1063652858 
 0.0924923032 0.0981117993 0.1036277669 
 0.0892435255 0.0951469546 0.1009720861 
 0.0862047545 0.0923548897 0.0984558540 
 0.0834351699 0.0897936158 0.0961341748 
 0.0809862262 0.0875151955 0.0940577332 
 0.0789007229 0.0855644158 0.0922712705 
 0.0772126429 0.0839780830 0.0908125194 
 0.0759475657 0.0827848467 0.0897115801 
 0.0751233998 0.0820053821 0.0889906475 
 0.0747511736 0.0816527351 0.0886639635 
 0.0748356640 0.0817326487 0.0887378655 
 0.0753757101 0.0822437379 0.0892108298 
 0.0763641409 0.0831774494 0.0900734626 
 0.0777873351 0.0845178231 0.0913084493 
 0.0796245134 0.0862411435 0.0928905315 
 0.0818469451 0.0883156364 0.0947866266 
 0.0844173085 0.0907014018 0.0969562214 
 0.0872894681 0.0933507742 0.0993521562 
 0.0904089104 0.0962092569 0.1019218653 
 0.0937139864 0.0992170835 0.1046090600 
 0.0971379726 0.1023113427 0.1073557487 
 0.1006117905 0.1054284742 0.1101044144 
 0.1040670752 0.1085068612 0.1128001220 
 0.1074391963 0.1114892102 0.1153923381 
 0.1106698455 0.1143244536 0.1178362952 
 0.1137089010 0.1169690075 0.1200938161 
 0.1165154353 0.1193873392 0.1221336035 
 0.1190578953 0.1215519107 0.1239310736 
 0.1213136083 0.1234426460 0.1254678599 
 0.1232678358 0.1250460981 0.1267311234 
 0.1249126030 0.1263544905 0.1277127975 
 0.1262454963 0.1273647679 0.1284088644 
 0.1272685667 0.1280777547 0.1288187284 
 0.1279874137 0.1284974678 0.1289447201 
 0.1284104802 0.1286306024 0.1287917425 
 0.1285485505 0.1284861826 0.1283670497 
 0.1284144243 0.1280753525 0.1276801437 
 0.1280227308 0.1274112824 0.1267427675 
 0.1273898451 0.1265091570 0.1255689677 
 0.1265338699 0.1253862156 0.1241752011 
 0.1254746497 0.1240618136 0.1225804529 
 0.1242337875 0.1225574747 0.1208063337 
 0.1228346343 0.1208969007 0.1188771161 
 0.1213022272 0.1191059114 0.1168196764 
 0.1196631547 0.1172122868 0.1146633059 
 0.1179453341 0.1152454942 0.1124393726 
 0.1161776945 0.1132362941 0.1101808255 
 0.1143897696 0.1112162330 0.1079215584 
 0.1126112173 0.1092170470 0.1056956671 
 0.1108712902 0.1072700137 0.1035366565 
 0.1091982918 0.1054052992 0.1014766578 
 0.1076190525 0.1036513460 0.0995457221 
 0.1061584600 0.1020343465 0.0977712394 
 0.1048390674 0.1005778287 0.0961775192 
 0.1036807946 0.0993023706 0.0947855408 
 0.1027007253 0.0982254380 0.0936128621 
 0.1019129901 0.0973613294 0.0926736573 
 0.1013287178 0.0967211986 0.0919788395 
 0.1009560334 0.0963131233 0.0915362239 
 0.1008000791 0.0961421847 0.0913506859 
 0.1008630371 0.0962105322 0.0914242791 
 0.1011441413 0.0965174132 0.0917562882 
 0.1016396705 0.0970591592 0.0923432059 
 0.1023429264 0.0978291317 0.0931786393 
 0.1032442068 0.0988176437 0.0942531619 
 0.1043307920 0.1000118793 0.0955541454 
 0.1055869686 0.1013958447 0.0970656107 
 0.1069941116 0.1029503829 0.0987681449 
 0.1085308471 0.1046532852 0.1006389297 
 0.1101733089 0.1064795200 0.1026519176 
 0.1118954905 0.1084015926 0.1047781770 
 0.1136696851 0.1103900261 0.1069864061 
 0.1154669918 0.1124139434 0.1092435925 
 0.1172578576 0.1144417106 0.1115157729 
 0.1190126207 0.1164415970 0.1137688336 
 0.1207020190 0.1183824028 0.1159692867 
 0.1222976344 0.1202340118 0.1180849619 
 0.1237722521 0.1219678395 0.1200855697 
 0.1251001252 0.1235571600 0.1219431106 
 0.1262571460 0.1249773122 0.1236321276 
 0.1272209359 0.1262057986 0.1251298164 
 0.1279708725 0.1272223000 0.1264160237 
 0.1284880770 0.1280086333 0.1274731677 
 0.1287553896 0.1285486854 0.1282861201 
 0.1287573608 0.1288283523 0.1288420836 
 0.1284802917 0.1288355152 0.1291304991 
 0.1279123563 0.1285600842 0.1291430095 
 0.1270438447 0.1279941388 0.1288735081 
 0.1258675637 0.1271321971 0.1283182922 
 0.1243794292 0.1259716396 0.1274763455 
 0.1225792704 0.1245133036 0.1263497590 
 0.1204718387 0.1227622492 0.1249442925 
 0.1180679736 0.1207286652 0.1232700573 
 0.1153858221 0.1184288457 0.1213422713 
 0.1124519477 0.1158861224 0.1191820082 
 0.1093021154 0.1131315967 0.1168168265 
 0.1059815180 0.1102044888 0.1142811433 
 0.1025442419 0.1071519343 0.1116162158 
 0.0990518664 0.1040281101 0.1088696207 
 0.0955712377 0.1008926682 0.1060941807 
 0.0921716253 0.0978085793 0.1033463732 
 0.0889216075 0.0948396049 0.1006843462 
 0.0858860924 0.0920476935 0.0981657382 
 0.0831238482 0.0894906066 0.0958455336 
 0.0806857914 0.0872200213 0.0937741666 
 0.0786141184 0.0852802480 0.0919960258 
 0.0769422010 0.0837075728 0.0905484247 
 0.0756950443 0.0825301229 0.0894610116 
 0.0748900488 0.0817680804 0.0887555270 
 0.0745378142 0.0814340464 0.0884457761 
 0.0746427663 0.0815333731 0.0885376889 
 0.0752034587 0.0820643349 0.0890293668 
 0.0762124827 0.0830180780 0.0899110702 
 0.0776560050 0.0843783672 0.0911651610 
 0.0795130416 0.0861212243 0.0927660730 
 0.0817546486 0.0882146150 0.0946804273 
 0.0843432743 0.0906183776 0.0968674253 
 0.0872325390 0.0932845870 0.0992796382 
 0.0903676794 0.0961584986 0.1018642568 
 0.0936868098 0.0991801255 0.1045647857 
 0.0971230043 0.1022863785 0.1073230756 
 0.1006070373 0.1054135775 0.1100815095 
 0.1040704669 0.1085000518 0.1127851131 
 0.1074486621 0.1114885215 0.1153833729 
 0.1106833866 0.1143279935 0.1178315924 
 0.1137246506 0.1169750069 0.1200917049 
 0.1165317007 0.1193941848 0.1221325495 
 0.1190731807 0.1215581625 0.1239296926 
 0.1213266199 0.1234470400 0.1254649198 
 0.1232774739 0.1250475402 0.1267255393 
 0.1249179450 0.1263520419 0.1277036206 
 0.1262457763 0.1273576295 0.1283952696 
 0.1272631534 0.1280652497 0.1288000013 
 0.1279757916 0.1284790268 0.1289202457 
 0.1283922331 0.1286057512 0.1287609960 
 0.1285233492 0.1284545323 0.1283295899 
 0.1283820178 0.1280365941 0.1276356103 
 0.1279829412 0.1273651835 0.1266908797 
 0.1273425650 0.1264555614 0.1255095267 
 0.1264790620 0.1253250450 0.1241080940 
 0.1254123487 0.1239930710 0.1225056583 
 0.1241641018 0.1224812478 0.1207239273 
 0.1227577482 0.1208133659 0.1187872765 
 0.1212184022 0.1190153355 0.1167226876 
 0.1195727293 0.1171150268 0.1145595573 
 0.1178487212 0.1151419941 0.1123293542 
 0.1160753755 0.1131270770 0.1100651179 
 0.1142822862 0.1111018900 0.1078008172 
 0.1124991601 0.1090982218 0.1055706034 
 0.1107552850 0.1071473854 0.1034080136 
 0.1090789849 0.1052795626 0.1013451873 
 0.1074970962 0.1035231934 0.0994121601 
 0.1060344985 0.1019044505 0.0976362871 
 0.1047137258 0.1004468292 0.0960418270 
 0.1035546709 0.0991708657 0.0946496988 
 0.1025743861 0.0980939799 0.0934773973 
 0.1017869696 0.0972304253 0.0925390362 
 0.1012035217 0.0965913162 0.0918454766 
 0.1008321445 0.0961846995 0.0914044939 
 0.1006779657 0.0960156372 0.0912209394 
 0.1007431624 0.0960862726 0.0912968591 
 0.1010269733 0.0963958600 0.0916315470 
 0.1015256909 0.0969407496 0.0922215209 
 0.1022326374 0.0977143317 0.0930604256 
 0.1031381360 0.0987069547 0.0941388820 
 0.1042294945 0.0999058415 0.0954443137 
 0.1054910250 0.1012950357 0.0969607937 
 0.1069041238 0.1028554131 0.0986689559 
 0.1084474315 0.1045647890 0.1005460190 
 0.1100970873 0.1063981449 0.1025659586 
 0.1118270809 0.1083279863 0.1046998503 
 0.1136096925 0.1103248241 0.1069163828 
 0.1154160010 0.1123577579 0.1091825188 
 0.1172164284 0.1143951227 0.1114642580 
 0.1189812863 0.1164051524 0.1137274422 
 0.1206812883 0.1183566122 0.1159385363 
 0.1222879977 0.1202193554 0.1180653264 
 0.1237741899 0.1219647759 0.1200774875 
 0.1251141195 0.1235661381 0.1219469971 
 0.1262836936 0.1249987850 0.1236483897 
 0.1272605627 0.1262402388 0.1251588695 
 0.1280241475 0.1272702149 0.1264583080 
 0.1285556262 0.1280705799 0.1275291646 
 0.1288379082 0.1286252833 0.1283563655 
 0.1288556233 0.1289202947 0.1289271802 
 0.1285951580 0.1289435765 0.1292311243 
 0.1280447726 0.1286851223 0.1292599200 
 0.1271948364 0.1281370918 0.1290075378 
 0.1260382174 0.1272940709 0.1284703443 
 0.1245708614 0.1261534838 0.1276473744 
 0.1227925789 0.1247161743 0.1265407412 
 0.1207080349 0.1229871551 0.1251561846 
 0.1183278960 0.1209764973 0.1235037397 
 0.1156700344 0.1187002920 0.1215984782 
 0.1127606297 0.1161815728 0.1194612473 
 0.1096349591 0.1134510462 0.1171192935 
 0.1063376442 0.1105474519 0.1146066404 
 0.1029221559 0.1075173837 0.1119640846 
 0.0994494649 0.1044144533 0.1092387004 
 0.0959858733 0.1012977698 0.1064828004 
 0.0926002245 0.0982298305 0.1037523831 
 0.0893608269 0.0952740341 0.1011051861 
 0.0863324920 0.0924921025 0.0985985347 
 0.0835740555 0.0899417136 0.0962872145 
 0.0811366372 0.0876745927 0.0942215766 
 0.0790627292 0.0857352033 0.0924460307 
 0.0773860434 0.0841600537 0.0909979930 
 0.0761319252 0.0829775248 0.0899072698 
 