0.0548368005 0.0512141064 0.0479213394 
 0.0543378676 0.0507144976 0.0474230804 
 0.0541862338 0.0505628970 0.0472721870 
 0.0543811962 0.0507582748 0.0474673243 
 0.0549238241 0.0513020867 0.0480103086 
 0.0558167494 0.0521980596 0.0489058925 
 0.0570635822 0.0534515920 0.0501611623 
 0.0586679550 0.0550687589 0.0517845223 
 0.0606322087 0.0570549186 0.0537842497 
 0.0629557662 0.0594129468 0.0561666190 
 0.0656332872 0.0621411733 0.0589336503 
 0.0686527668 0.0652311729 0.0620806180 
 0.0719938074 0.0686656548 0.0655935650 
 0.0756263541 0.0724167735 0.0694471768 
 0.0795101928 0.0764452274 0.0736034449 
 0.0835954506 0.0807004712 0.0780115336 
 0.0878242001 0.0851222239 0.0826091296 
 0.0921330688 0.0896432248 0.0873252943 
 0.0964565423 0.0941929224 0.0920845135 
 0.1007304983 0.0987015645 0.0968113531 
 0.1048954657 0.1031040730 0.1014349849 
 0.1088991843 0.1073431580 0.1058929050 
 0.1126982201 0.1113713338 0.1101333958 
 0.1162585953 0.1151517538 0.1141165983 
 0.1195555700 0.1186580115 0.1178143425 
 0.1225728165 0.1218731906 0.1212090724 
 0.1253012520 0.1247884915 0.1242922534 
 0.1277377659 0.1274017226 0.1270626133 
 0.1298840118 0.1297158677 0.1295244709 
 0.1317453657 0.1317378510 0.1316863004 
 0.1333300912 0.1334775515 0.1335595890 
 0.1346487111 0.1349470623 0.1351579841 
 0.1357135607 0.1361601636 0.1364966889 
 0.1365384860 0.1371319649 0.1375920539 
 0.1371386517 0.1378786726 0.1384613095 
 0.1375304243 0.1384174417 0.1391223959 
 0.1377313033 0.1387662808 0.1395938497 
 0.1377598745 0.1389439837 0.1398947228 
 0.1376357666 0.1389700668 0.1400445093 
 0.1373795913 0.1388646957 0.1400630657 
 0.1370128515 0.1386485867 0.1399705118 
 0.1365578014 0.1383428712 0.1397871023 
 0.1360372472 0.1379689143 0.1395330628 
 0.1354742808 0.1375480820 0.1392283857 
 0.1348919417 0.1371014543 0.1388925856 
 0.1343128121 0.1366494882 0.1385444170 
 0.1337585540 0.1362116370 0.1382015608 
 0.1332494063 0.1358059418 0.1378802898 
 0.1328036651 0.1354486102 0.1375951281 
 0.1324371738 0.1351536049 0.1373585194 
 0.1321628522 0.1349322647 0.1371805226 
 0.1319902937 0.1347929800 0.1370685522 
 0.1319254547 0.1347409422 0.1370271780 
 0.1319704559 0.1347779844 0.1370579978 
 0.1321235098 0.1349025223 0.1371595902 
 0.1323789762 0.1351096001 0.1373275516 
 0.1327275456 0.1353910369 0.1375546137 
 0.1331565354 0.1357356671 0.1378308353 
 0.1336502827 0.1361296557 0.1381438556 
 0.1341906078 0.1365568730 0.1384791945 
 0.1347573209 0.1369993025 0.1388205820 
 0.1353287430 0.1374374633 0.1391502996 
 0.1358822124 0.1378508217 0.1394495169 
 0.1363945551 0.1382181773 0.1396986087 
 0.1368424984 0.1385180066 0.1398774432 
 0.1372030191 0.1387287577 0.1399656313 
 0.1374536204 0.1388290905 0.1399427368 
 0.1375725407 0.1387980658 0.1397884460 
 0.1375389012 0.1386152869 0.1394827004 
 0.1373328061 0.1382610036 0.1390058005 
 0.1369354071 0.1377161904 0.1383384886 
 0.1363289516 0.1369626124 0.1374620249 
 0.1354968331 0.1359828968 0.1363582717 
 0.1344236627 0.1347606315 0.1350098087 
 0.1330953901 0.1332805161 0.1334001077 
 0.1314995000 0.1315286008 0.1315138057 
 0.1296253205 0.1294926514 0.1293371214 
 0.1274644798 0.1271626874 0.1268584726 
 0.1250115473 0.1245317385 0.1240693468 
 0.1222648859 0.1215968500 0.1209654658 
 0.1192277129 0.1183603409 0.1175482483 
 0.1159093287 0.1148312603 0.1138265083 
 0.1123264059 0.1110269157 0.1098182364 
 0.1085041641 0.1069742547 0.1055522017 
 0.1044771885 0.1027108050 0.1010690146 
 0.1002896198 0.0982848388 0.0964212540 
 0.0959944735 0.0937544770 0.0916723248 
 0.0916519560 0.0891855920 0.0868939015 
 0.0873268276 0.0846486046 0.0821621102 
 0.0830850726 0.0802145307 0.0775529179 
 0.0789903139 0.0759508398 0.0731374262 
 0.0751004912 0.0719177540 0.0689778175 
 0.0714652663 0.0681655174 0.0651245415 
 0.0681244622 0.0647329458 0.0616150356 
 0.0651076230 0.0616472867 0.0584739420 
 0.0624345822 0.0589251944 0.0557145245 
 0.0601167868 0.0565744819 0.0533408586 
 0.0581590716 0.0545962786 0.0513503621 
 0.0565615943 0.0529872677 0.0497363110 
 0.0553216983 0.0517417631 0.0484900993 
 0.0544355472 0.0508534792 0.0476031132 
 0.0538994392 0.0503169197 0.0470681688 
 0.0537107601 0.0501283663 0.0468805168 
 0.0538685613 0.0502864706 0.0470384371 
 0.0543737637 0.0507924610 0.0475434441 
 0.0552289871 0.0516499699 0.0484001143 
 0.0564380050 0.0528644749 0.0496155260 
 0.0580048231 0.0544423453 0.0511982909 
 0.0599323931 0.0563894853 0.0531571518 
 0.0622209991 0.0587095923 0.0554991438 
 0.0648664026 0.0614020970 0.0582273591 
 0.0678578985 0.0644599251 0.0613384415 
 0.0711765066 0.0678673137 0.0648200389 
 0.0747935877 0.0715980024 0.0686485627 
 0.0786701930 0.0756141723 0.0727876834 
 0.0827574087 0.0798664767 0.0771879960 
 0.0869978244 0.0842953805 0.0817881687 
 0.0913280590 0.0888337978 0.0865176394 
 0.0956820520 0.0934107415 0.0913005944 
 0.0999946651 0.0979554677 0.0960606599 
 0.1042050696 0.1024014836 0.1007255614 
 0.1082594695 0.1066898443 0.1052310413 
 0.1121128786 0.1107713580 0.1095235361 
 0.1157298847 0.1146075815 0.1135614371 
 0.1190845204 0.1181707317 0.1173150548 
 0.1221594785 0.1214427902 0.1207656121 
 0.1249449468 0.1244141366 0.1239036645 
 0.1274373095 0.1270820127 0.1267273135 
 0.1296378977 0.1294490438 0.1292404849 
 0.1315519023 0.1315219532 0.1314514365 
 0.1331874964 0.1333105273 0.1333715620 
 0.1345551701 0.1348268343 0.1350144921 
 0.1356672544 0.1360846650 0.1363954552 
 0.1365375979 0.1370991514 0.1375308431 
 0.1371813583 0.1378865173 0.1384379269 
 0.1376148746 0.1384639189 0.1391346745 
 0.1378555898 0.1388493430 0.1396396316 
 0.1379220000 0.1390615341 0.1399718366 
 0.1378336086 0.1391199309 0.1401507468 
 0.1376108670 0.1390445932 0.1401961597 
 0.1372750854 0.1388561066 0.1401281167 
 0.1368482996 0.1385754523 0.1399667792 
 0.1363530809 0.1382238328 0.1397322711 
 0.1358122811 0.1378224490 0.1394444823 
 0.1352487097 0.1373922243 0.1391228330 
 0.1346847440 0.1369534801 0.1387860011 
 0.1341418838 0.1365255685 0.1384516191 
 0.1336402635 0.1361264755 0.1381359486 
 0.1331981466 0.1357724112 0.1378535489 
 0.1328314260 0.1354774068 0.1376169514 
 0.1325531600 0.1352529411 0.1374363600 
 0.1323731705 0.1351076172 0.1373193920 
 0.1322977297 0.1350469102 0.1372708768 
 0.1323293533 0.1350730014 0.1372927233 
 0.1324667154 0.1351847098 0.1373838652 
 0.1327046894 0.1353775245 0.1375402878 
 0.1330345124 0.1356437381 0.1377551337 
 0.1334440633 0.1359726699 0.1380188823 
 0.1339182354 0.1363509663 0.1383195897 
 0.1344393822 0.1367629596 0.1386431774 
 0.1349878077 0.1371910635 0.1389737507 
 0.1355422737 0.1376161837 0.1392939309 
 0.1360804973 0.1380181220 0.1395851851 
 0.1365796141 0.1383759562 0.1398281391 
 0.1370165900 0.1386683823 0.1400028624 
 0.1373685695 0.1388740078 0.1400891182 
 0.1376131559 0.1389715955 0.1400665739 
 0.1377286243 0.1389402545 0.1399149729 
 0.1376940762 0.1387595862 0.1396142704 
 0.1374895436 0.1384097927 0.1391447394 
 0.1370960602 0.1378717578 0.1384870560 
 0.1364957126 0.1371271155 0.1376223763 
 0.1356716929 0.1361583222 0.1365324198 
 0.1346083706 0.1349487530 0.1351995817 
 0.1332914102 0.1334828493 0.1336071016 
 0.1317079633 0.1317463490 0.1317393261 
 0.1298469681 0.1297266417 0.1295821122 
 0.1276995963 0.1274132926 0.1271234268 
 0.1252598837 0.1247987841 0.1243541974 
 0.1225255725 0.1218795083 0.1212694585 
 0.1194991701 0.1186570178 0.1178698031 
 0.1161891841 0.1151394885 0.1141630844 
 0.1126114363 0.1113432741 0.1101662258 
 0.1087902822 0.1072943406 0.1059068824 
 0.1047594965 0.1030292852 0.1014245983 
 0.1005625469 0.0985956038 0.0967710560 
 0.0962520033 0.0940509036 0.0920090651 
 0.0918879310 0.0894608990 0.0872101178 
 0.0875352987 0.0848962614 0.0824506325 
 0.0832606469 0.0804286606 0.0778073329 
 0.0791284501 0.0761265552 0.0733524572 
 0.0751976980 0.0720513724 0.0691495595 
 0.0715191824 0.0682546356 0.0652505283 
 0.0681338161 0.0647763746 0.0616941481 
 0.0650720955 0.0616448769 0.0585061956 
 0.0623546032 0.0588775950 0.0557007868 
 0.0599933038 0.0564828732 0.0532825469 
 0.0579933227 0.0544621162 0.0512491590 
 0.0563549067 0.0528120611 0.0495939232 
 0.0550753279 0.0515269018 0.0483080710 
 0.0541505648 0.0506001099 0.0473826950 
 0.0535766634 0.0500258740 0.0468102402 
 0.0533507362 0.0498001350 0.0465855562 
 0.0534715829 0.0499212217 0.0467065350 
 0.0539399351 0.0503900988 0.0471743572 
 0.0547583255 0.0512102340 0.0479933602 
 0.0559305802 0.0523870806 0.0491705197 
 0.0574609335 0.0539271630 0.0507145244 
 0.0593527702 0.0558367572 0.0526344169 
 0.0616070308 0.0581201765 0.0549377915 
 0.0642203559 0.0607777225 0.0576285823 
 0.0671831137 0.0638034305 0.0607045524 
 0.0704775302 0.0671828317 0.0641547049 
 0.0740762082 0.0708910488 0.0679569509 
 0.0779413498 0.0748915993 0.0720764652 
 0.0820249609 0.0791362664 0.0764651756 
 0.0862701929 0.0835662830 0.0810627281 
 0.0906137787 0.0881148485 0.0857990311 
 0.0949892986 0.0927107258 0.0905981512 
 0.0993308223 0.0972824137 0.0953830142 
 0.1035763988 0.1017622582 0.1000801659 
 0.1076709172 0.1060899020 0.1046238547 
 0.1115680273 0.1102146567 0.1089588998 
 0.1152310275 0.1140966468 0.1130421239 
 0.1186328224 0.1177068276 0.1168424465 
 0.1217551838 0.1210261480 0.1203399488 
 0.1245875946 0.1240441987 0.1235243148 
 0.1271259324 0.1267576584 0.1263930273 
 0.1293711880 0.1291687787 0.1289496065 
 0.1313283400 0.1312840559 0.1312020692 
 0.1330054401 0.1331131539 0.1331616854 
 0.1344129165 0.1346680866 0.1348420395 
 0.1355630719 0.1359626304 0.1362583589 
 0.1364697411 0.1370119215 0.1374270568 
 0.1371480689 0.1378321916 0.1383654320 
 0.1376143726 0.1384405995 0.1390914767 
 0.1378860587 0.1388551224 0.1396237516 
 0.1379815683 0.1390944805 0.1399812973 
 0.1379203304 0.1391780723 0.1401835605 
 0.1377227028 0.1391259022 0.1402503154 
 0.1374098857 0.1389584876 0.1402015703 
 0.1370037934 0.1386967324 0.1400574466 
 0.1365268697 0.1383617584 0.1398380257 
 0.1360018424 0.1379746881 0.1395631578 
 0.1354514081 0.1375563771 0.1392522320 
 0.1348978543 0.1371270963 0.1389239100 
 0.1343626223 0.1367061734 0.1385958285 
 0.1338658299 0.1363116028 0.1382842802 
 0.1334257726 0.1359596420 0.1380038861 
 0.1330584295 0.1356644126 0.1377672740 
 0.1327770012 0.1354375291 0.1375847795 
 0.1325915077 0.1352877749 0.1374641880 
 0.1325084711 0.1352208476 0.1374105299 
 0.1325307018 0.1352391876 0.1374259445 
 0.1326572051 0.1353419025 0.1375096200 
 0.1328832108 0.1355247917 0.1376578127 
 0.1332003262 0.1357804688 0.1378639458 
 0.1335968016 0.1360985761 0.1381187799 
 0.1340578919 0.1364660749 0.1384106467 
 0.1345662915 0.1368675959 0.1387257293 
 0.1351026155 0.1372858269 0.1390483750 
 0.1356459005 0.1377019178 0.1393614228 
 0.1361740968 0.1380958812 0.1396465299 
 0.1366645304 0.1384469696 0.1398844829 
 0.1370943135 0.1387340174 0.1400554818 
 0.1374406955 0.1389357361 0.1401393911 
 0.1376813456 0.1390309588 0.1401159518 
 0.1377945704 0.1389988356 0.1399649550 
 0.1377594719 0.1388189823 0.1396663808 
 0.1375560572 0.1384715918 0.1392005061 
 0.1371653123 0.1379375184 0.1385479926 
 0.1365692573 0.1371983480 0.1376899645 
 0.1357509999 0.1362364718 0.1366080927 
 0.1346948086 0.1350351822 0.1352847063 
 0.1333862289 0.1335788184 0.1337029586 
 0.1318122721 0.1318529926 0.1318470840 
 0.1299617102 0.1298449385 0.1297027945 
 0.1278255152 0.1275440270 0.1272578671 
 0.1253974811 0.1249424958 0.1245029820 
 0.1226750565 0.1220364305 0.1214328543 
 0.1196603951 0.1188270048 0.1180476714 
 0.1163615873 0.1153219380 0.1143547886 
 0.1127939771 0.1115370533 0.1103705428 
 0.1089813977 0.1074977305 0.1061219350 
 0.1049570857 0.1032399615 0.1016478310 
 0.1007639991 0.0988106693 0.0969992738 
 0.0964542785 0.0942669857 0.0922385490 
 0.0920876959 0.0896743121 0.0874368162 
 0.0877291061 0.0851032198 0.0826704107 
 0.0834451383 0.0806255150 0.0780162454 
 0.0793005531 0.0763100173 0.0735470000 
 0.0753547905 0.0722186941 0.0693268643 
 0.0716592016 0.0684037200 0.0654084723 
 0.0682553036 0.0649058101 0.0618313752 
 0.0651741807 0.0617539019 0.0586220596 
 0.0624369384 0.0589660100 0.0557952397 
 0.0600559679 0.0565509226 0.0533559990 
 0.0580367105 0.0545103601 0.0513023330 
 0.0563796201 0.0528412528 0.0496277194 
 0.0550820783 0.0515378813 0.0483234533 
 0.0541400918 0.0505937185 0.0473806020 
 0.0535496746 0.0500028914 0.0467915210 
 0.0533078657 0.0497612379 0.0465509291 
 0.0534133691 0.0498669617 0.0466565664 
 0.0538668160 0.0503208991 0.0471094587 
 0.0546706504 0.0511264019 0.0479138022 
 0.0558286367 0.0522888359 0.0490764606 
 0.0573449882 0.0538146819 0.0506060560 
 0.0592231229 0.0557102297 0.0525116250 
 0.0614640779 0.0579798767 0.0548008307 
 0.0640646593 0.0606240864 0.0574777620 
 0.0670154679 0.0636371354 0.0605404275 
 0.0702990186 0.0670048670 0.0639781608 
 0.0738882369 0.0707027651 0.0677692683 
 0.0777456498 0.0746947236 0.0718793502 
 0.0818235514 0.0789328740 0.0762607416 
 0.0860653049 0.0833587211 0.0808534227 
 0.0904077471 0.0879056197 0.0855875126 
 0.0947844356 0.0925023456 0.0903871307 
 0.0991292928 0.0970772639 0.0951750874 
 0.1033801143 0.1015624596 0.0998776633 
 0.1074814619 0.1058972224 0.1044287300 
 0.1113866221 0.1100304635 0.1087726694 
 0.1150585293 0.1139219019 0.1128658574 
 0.1184697511 0.1175421166 0.1166767965 
 0.1216017670 0.1208717309 0.1201852084 
 0.1244438198 0.1239000701 0.1233804859 
 0.1269915984 0.1266236075 0.1262598896 
 0.1292459511 0.1290444431 0.1288267785 
 0.1312117523 0.1311689656 0.1310890584 
 0.1328969791 0.1330067652 0.1330579267 
 0.1343120076 0.1345698076 0.1347469228 
 0.1354691043 0.1358718381 0.1361712486 
 0.1363820795 0.1369279748 0.1373473046 
 0.1370660625 0.1377544400 0.1382923857 
 0.1375373617 0.1383683893 0.1390244865 
 0.1378133813 0.1387878028 0.1395621745 
 0.1379125664 0.1390314085 0.1399245016 
 0.1378543563 0.1391186180 0.1401309296 
 0.1376591270 0.1390694550 0.1402012526 
 0.1373481050 0.1389044622 0.1401555031 
 0.1369432399 0.1386445761 0.1400138322 
 0.1364670205 0.1383109582 0.1397963565 
 0.1359422289 0.1379247782 0.1395229663 
 0.1353916256 0.1375069453 0.1392130962 
 0.1348375691 0.1370777904 0.1388854576 
 0.1343015784 0.1366567053 0.1385577398 
 0.1338038522 0.1362617512 0.1382462901 
 0.1333627677 0.1359092524 0.1379657836 
 0.1329943825 0.1356133949 0.1377288998 
 0.1327119699 0.1353858524 0.1375460224 
 0.1325256131 0.1352354598 0.1374249780 
 0.1324418849 0.1351679564 0.1373708307 
 0.1324636326 0.1351858129 0.1373857444 
 0.1325898824 0.1352881543 0.1374689216 
 0.1328158693 0.1354707849 0.1376166234 
 0.1331331904 0.1357263111 0.1378222676 
 0.1335300721 0.1360443570 0.1380766015 
 0.1339917343 0.1364118567 0.1383679362 
 0.1345008277 0.1368134072 0.1386824291 
 0.1350379190 0.1372316589 0.1390043989 
 0.1355819951 0.1376477233 0.1393166554 
 0.1361109587 0.1380415764 0.1396008284 
 0.1366020932 0.1383924387 0.1398376801 
 0.1370324767 0.1386791191 0.1400073923 
 0.1373793343 0.1388803121 0.1400898179 
 0.1376203229 0.1389748441 0.1400646947 
 0.1377337501 0.1389418693 0.1399118204 
 0.1376987326 0.1387610197 0.1396111916 
 0.1374953067 0.1384125174 0.1391431134 
 0.1371045024 0.1378772592 0.1384882876 
 0.1365083991 0.1371368880 0.1376278917 
 0.1356901796 0.1361738669 0.1365436649 
 0.1346342041 0.1349715768 0.1352180206 
 0.1333261269 0.1335144634 0.1336342144 
 0.1317530868 0.1317882651 0.1317766043 
 0.1299040019 0.1297803626 0.1296310487 
 0.1277700094 0.1274802959 0.1271854966 
 0.1253450860 0.1248804934 0.1244308261 
 0.1226268767 0.1219772500 0.1213619746 
 0.1196177379 0.1187719601 0.1179793698 
 0.1163259568 0.1152725632 0.1142906138 
 0.1127670521 0.1114950834 0.1103122763 
 0.1089649869 0.1074650580 0.1060715512 
 0.1049530599 0.1032185653 0.1016074246 
 0.1007742004 0.0988025175 0.0969709568 
 0.0964804151 0.0942739188 0.0922243226 
 0.0921312325 0.0896979217 0.0874384358 
 0.0877911691 0.0851447416 0.0826892641 
 0.0835264496 0.0806857543 0.0780532666 
 0.0794014066 0.0763893217 0.0736026352 
 0.0754750740 0.0723169783 0.0694010955 
 0.0717984610 0.0685205361 0.0655008916 
 0.0684128374 0.0650404506 0.0619412945 
 0.0653491488 0.0619055172 0.0587486357 
 0.0626284703 0.0591337235 0.0559375964 
 0.0602632576 0.0567339313 0.0535133326 
 0.0582590907 0.0547080117 0.0514739939 
 0.0566166126 0.0530530982 0.0498132675 
 0.0553334200 0.0517637029 0.0485226888 
 0.0544057390 0.0508335360 0.0475935748 
 0.0538297872 0.0502569492 0.0470185216 
 0.0536027739 0.0500299757 0.0467924640 
 0.0537235235 0.0501509690 0.0469133179 
 0.0541927214 0.0506208537 0.0473822301 
 0.0550127829 0.0514429916 0.0482034450 
 0.0561873441 0.0526226618 0.0493837828 
 0.0577203753 0.0541661427 0.0509317090 
 0.0596149235 0.0560793891 0.0528559696 
 0.0618715223 0.0583663193 0.0551637856 
 0.0644863477 0.0610267729 0.0578586435 
 0.0674492676 0.0640542733 0.0609377981 
 0.0707420038 0.0674338197 0.0643897079 
 0.0743366933 0.0711400246 0.0681917439 
 0.0781951589 0.0751359681 0.0723085970 
 0.0822691594 0.0793731218 0.0766918258 
 0.0865017665 0.0837925768 0.0812808742 
 0.0908298153 0.0883275852 0.0860056493 
 0.0951871593 0.0929071537 0.0907904232 
 0.0995082775 0.0974601843 0.0955585073 
 0.1037317121 0.1019195317 0.1002369593 
 0.1078028697 0.1062253885 0.1047605978 
 0.1116758892 0.1103275963 0.1090748025 
 0.1153144885 0.1141867423 0.1131368937 
 0.1186919001 0.1177741489 0.1169161909 
 0.1217901257 0.1210710278 0.1203930660 
 0.1245987871 0.1240671334 0.1235573890 
 0.1271138248 0.1267592254 0.1264067395 
 0.1293362354 0.1291495734 0.1289446664 
 0.1312709649 0.1312446486 0.1311791681 
 0.1329260109 0.1330540650 0.1331214687 
 0.1343117401 0.1345897772 0.1347850942 
 0.1354403978 0.1358655033 0.1361852131 
 0.1363257743 0.1368963320 0.1373381880 
 0.1369829897 0.1376984645 0.1382612807 
 0.1374283620 0.1382890503 0.1389724649 
 0.1376793287 0.1386860825 0.1394903035 
 0.1377543958 0.1389083253 0.1398338619 
 0.1376730931 0.1389752499 0.1400226350 
 0.1374559169 0.1389069636 0.1400764688 
 0.1371242430 0.1387241151 0.1400154651 
 0.1367001954 0.1384477662 0.1398598586 
 0.1362064570 0.1380992182 0.1396298598 
 0.1356660148 0.1376997885 0.1393454587 
 0.1351018358 0.1372705339 0.1390261877 
 0.1345364742 0.1368319237 0.1386908476 
 0.1339916205 0.1364034684 0.1383572007 
 0.1334876089 0.1360033184 0.1380416428 
 0.1330429028 0.1356478478 0.1377588661 
 0.1326735876 0.1353512454 0.1375215292 
 0.1323928984 0.1351251342 0.1373399523 
 0.1322108098 0.1349782422 0.1372218534 
 0.1321337163 0.1349161447 0.1371721426 
 0.1321642204 0.1349410945 0.1371927869 
 0.1323010443 0.1350519508 0.1372827536 
 0.1325390704 0.1352442120 0.1374380365 
 0.1328695073 0.1355101497 0.1376517637 
 0.1332801721 0.1358390358 0.1379143788 
 0.1337558689 0.1362174476 0.1382138855 
 0.1342788422 0.1366296329 0.1385361409 
 0.1348292754 0.1370579119 0.1388651786 
 0.1353858073 0.1374830952 0.1391835476 
 0.1359260376 0.1378848945 0.1394726468 
 0.1364269982 0.1382423092 0.1397130433 
 0.1368655716 0.1385339733 0.1398847615 
 0.1372188443 0.1387384540 0.1399675374 
 0.1374643912 0.1388344983 0.1399410318 
 0.1375804915 0.1388012273 0.1397850051 
 0.1375462846 0.1386182841 0.1394794550 
 0.1373418762 0.1382659439 0.1390047248 
 0.1369484096 0.1377251966 0.1383415911 
 0.1363481187 0.1369778173 0.1374713426 
 0.1355243810 0.1360064406 0.1363758675 
 0.1344617919 0.1347946603 0.1350377693 
 0.1331462838 0.1333271797 0.1334405410 
 0.1315653204 0.1315900466 0.1315688327 
 0.1297081980 0.1295710112 0.1294088617 
 0.1275664915 0.1272600526 0.1269490162 
 0.1251346812 0.1246501181 0.1241807074 
 0.1224109857 0.1217381083 0.1210995111 
 0.1193984010 0.1185261091 0.1177066025 
 0.1161059069 0.1150228249 0.1140104280 
 0.1125497383 0.1112450864 0.1100284661 
 0.1087545526 0.1072192264 0.1057888227 
 0.1047542573 0.1029820324 0.1013313123 
 0.1005922317 0.0985809509 0.0967076325 
 0.0963207004 0.0940732566 0.0919802972 
 0.0919991229 0.0895240404 0.0872201779 
 0.0876916365 0.0850030968 0.0825027841 
 0.0834637984 0.0805810478 0.0779037327 
 0.0793790503 0.0763252479 0.0734940837 
 0.0754954105 0.0722960883 0.0693362808 
 0.0718628598 0.0685442335 0.0654812894 
 0.0685217315 0.0651091067 0.0619672402 
 0.0655022051 0.0620186730 0.0588195591 
 0.0628248061 0.0592903390 0.0560523040 
 0.0605016679 0.0569326413 0.0536702929 
 0.0585382597 0.0549473599 0.0516715943 
 0.0569352897 0.0533317292 0.0500500224 
 0.0556905502 0.0520805042 0.0487973934 
 0.0548005461 0.0511877284 0.0479054030 
 0.0542618086 0.0506481281 0.0473670740 
 0.0540718509 0.0504581067 0.0471777705 
 0.0542297491 0.0506163421 0.0473357986 
 0.0547363474 0.0511239956 0.0478426156 
 0.0555940867 0.0519845374 0.0487026553 
 0.0568064579 0.0532031851 0.0499227632 
 0.0583770783 0.0547859442 0.0515112194 
 0.0603084066 0.0567382483 0.0534763297 
 0.0626001379 0.0590632196 0.0558245827 
 0.0652473668 0.0617596213 0.0585584211 
 0.0682386759 0.0648196461 0.0616737555 
 0.0715543754 0.0682267767 0.0651574568 
 0.0751651802 0.0719540393 0.0689851749 
 0.0790316272 0.0759630148 0.0731199099 
 0.0831044831 0.0802039439 0.0775117596 
 0.0873262590 0.0846171264 0.0820991404 
 0.0916337515 0.0891355869 0.0868115264 
 0.0959613150 0.0936887161 0.0915734311 
 0.1002444089 0.0982063646 0.0963090550 
 0.1044229100 0.1026227721 0.1009468658 
 0.1084437525 0.1068797735 0.1054234180 
 0.1122626314 0.1109289186 0.1096859371 
 0.1158447129 0.1147324050 0.1136935058 
 0.1191644762 0.1182629523 0.1174169852 
 0.1222049231 0.1215028972 0.1208379932 
 0.1249564239 0.1244428367 0.1239473338 
 0.1274154410 0.1270801158 0.1267432338 
 0.1295833060 0.1294173770 0.1292296511 
 0.1314651591 0.1314613031 0.1314148124 
 0.1330690945 0.1332216077 0.1333100434 
 0.1344055152 0.1347102742 0.1349288916 
 0.1354866727 0.1359410128 0.1362865030 
 0.1363263556 0.1369288907 0.1373991999 
 0.1369396910 0.1376900922 0.1382842045 
 0.1373430251 0.1382417656 0.1389594627 
 0.1375538520 0.1386019264 0.1394435285 
 0.1375907679 0.1387893886 0.1397554816 
 0.1374734296 0.1388237024 0.1399148545 
 0.1372224960 0.1387250825 0.1399415538 
 0.1368595386 0.1385143111 0.1398557618 
 0.1364069036 0.1382126033 0.1396778090 
 0.1358875138 0.1378414269 0.1394280111 
 0.1353246017 0.1374222691 0.1391264639 
 0.1347413705 0.1369763482 0.1387927986 
 0.1341605851 0.1365242741 0.1384458963 
 0.1336041047 0.1360856636 0.1381035723 
 0.1330923731 0.1356787266 0.1377822369 
 0.1326438911 0.1353198387 0.1374965506 
 0.1322746979 0.1350231231 0.1372590866 
 0.1319978921 0.1348000648 0.1370800218 
 0.1318232202 0.1346591794 0.1369668717 
 0.1317567597 0.1346057577 0.1369242865 
 0.1318007155 0.1346417022 0.1369539203 
 0.1319533439 0.1347654659 0.1370543828 
 0.1322090091 0.1349720977 0.1372212758 
 0.1325583668 0.1352533912 0.1374473126 
 0.1329886668 0.1355981282 0.1377225120 
 0.1334841506 0.1359923997 0.1380344569 
 0.1340265237 0.1364199864 0.1383685985 
 0.1345954707 0.1368627742 0.1387085921 
 0.1351691851 0.1373011835 0.1390366439 
 0.1357248849 0.1377145882 0.1393338532 
 0.1362392904 0.1380817077 0.1395805350 
 0.1366890450 0.1383809563 0.1397565120 
 0.1370510681 0.1385907421 0.1398413685 
 0.1373028363 0.1386897112 0.1398146635 
 0.1374225946 0.1386569388 0.1396561024 
 0.1373895061 0.1384720733 0.1393456724 
 0.1371837528 0.1381154418 0.1388637484 
 0.1367866014 0.1375681298 0.1381911778 
 0.1361804521 0.1368120490 0.1373093590 
 0.1353488901 0.1358300113 0.1362003291 
 0.1342767588 0.1346058297 0.1348468834 
 0.1329502829 0.1331244736 0.1332327548 
 0.1313572661 0.1313723105 0.1313428925 
 0.1294874014 0.1293374749 0.1291638844 
 0.1273327264 0.1270104075 0.1266845786 
 0.1248882600 0.1243846093 0.1238969544 
 0.1221528438 0.1214576382 0.1207972810 
 0.1191301832 0.1182323469 0.1173875614 
 0.1158300446 0.1147183077 0.1136771990 
 0.1122695022 0.1109332933 0.1096847276 
 0.1084740595 0.1069045987 0.1054393466 
 0.1044784105 0.1026699144 0.1009819065 
 0.1003265790 0.0982774304 0.0963649635 
 0.0960712060 0.0937849007 0.0916515867 
 0.0917718658 0.0892575428 0.0869127921 
 0.0874924682 0.0847648770 0.0822237683 
 0.0832980051 0.0803768598 0.0776593602 
 0.0792510692 0.0761598590 0.0732894927 
 0.0754086420 0.0721730749 0.0691752532 
 0.0718195952 0.0684659171 0.0653661949 
 0.0685231972 0.0650766229 0.0618991340 
 0.0655487008 0.0620321470 0.0587983952 
 0.0629159047 0.0593491238 0.0560772141 
 0.0606364425 0.0570355797 0.0537398836 
 0.0587155053 0.0550930345 0.0517842249 
 0.0571537182 0.0535186775 0.0502040398 
 0.0559489453 0.0523073868 0.0489913126 
 0.0550978721 0.0514534463 0.0481380323 
 0.0545972715 0.0509518897 0.0476375881 
 0.0544449149 0.0507994483 0.0474857345 
 0.0546401093 0.0509951042 0.0476811499 
 0.0551838616 0.0515402578 0.0482256030 
 0.0560786678 0.0524385129 0.0491237377 
 0.0573279280 0.0536950736 0.0503824655 
 0.0589349894 0.0553157465 0.0520099453 
 0.0609018339 0.0573055452 0.0540141323 
 0.0632274582 0.0596669275 0.0564009019 
 0.0659060440 0.0623977412 0.0591718025 
 0.0689250804 0.0654890373 0.0623215812 
 0.0722636713 0.0689229912 0.0658357275 
 0.0758913154 0.0726712594 0.0696883911 
 0.0797674516 0.0766941308 0.0738411008 
 0.0838420030 0.0809407891 0.0782426881 
 0.0880570111 0.0853508616 0.0828306866 
 0.0923492525 0.0898571919 0.0875342108 
 0.0966535252 0.0943895180 0.0922780031 
 0.1009061423 0.0988785247 0.0969870553 
 0.1050481362 0.1032596599 0.1015910759 
 0.1090277607 0.1074761854 0.1060281385 
 0.1128020555 0.1114811338 0.1102470794 
 0.1163374407 0.1152381013 0.1142085195 
 0.1196094803 0.1187210251 0.1178846669 
 0.1226020535 0.1219132282 0.1212582336 
 0.1253061969 0.1248060548 0.1243208504 
 0.1277188478 0.1273973784 0.1270713257 
 0.1298416548 0.1296901895 0.1295139953 
 0.1316799550 0.1316913802 0.1316573075 
 0.1332419548 0.1334107766 0.1335126999 
 0.1345381156 0.1348604114 0.1350937606 
 0.1355807175 0.1360540090 0.1364156354 
 0.1363835664 0.1370066351 0.1374946270 
 0.1369618088 0.1377344711 0.1383479341 
 0.1373318205 0.1382546699 0.1389934841 
 0.1375111426 0.1385852653 0.1394498236 
 0.1375184381 0.1387451053 0.1397360381 
 0.1373734519 0.1387537917 0.1398716799 
 0.1370969510 0.1386316066 0.1398766886 
 0.1367106326 0.1383994129 0.1397712897 
 0.1362369802 0.1380785154 0.1395758640 
 0.1356990587 0.1376904752 0.1393107791 
 0.1351202389 0.1372568683 0.1389961795 
 0.1345238472 0.1367989906 0.1386517345 
 0.1339327468 0.1363375086 0.1382963472 
 0.1333688588 0.1358920674 0.1379478312 
 0.1328526429 0.1354808685 0.1376225664 
 0.1324025628 0.1351202364 0.1373351487 
 0.1320345616 0.1348241967 0.1370980495 
 0.1317615817 0.1346040879 0.1369213055 
 0.1315931546 0.1344682317 0.1368122535 
 0.1315350882 0.1344216808 0.1367753300 
 0.1315892717 0.1344660613 0.1368119448 
 0.1317536092 0.1345995198 0.1369204387 
 0.1320220874 0.1348167776 0.1370961280 
 0.1323849731 0.1351092909 0.1373314320 
 0.1328291272 0.1354655038 0.1376160756 
 0.1333384158 0.1358711801 0.1379373558 
 0.1338941927 0.1363097923 0.1382804540 
 0.1344758239 0.1367629457 0.1386287773 
 0.1350612243 0.1372108121 0.1389643103 
 0.1356273777 0.1376325539 0.1392679608 
 0.1361508166 0.1380067169 0.1395198839 
 0.1366080425 0.1383115803 0.1396997741 
 0.1369758767 0.1385254539 0.1397871183 
 0.1372317380 0.1386269195 0.1397614071 
 0.1373538492 0.1385950189 0.1396023041 
 0.1373213824 0.1384093945 0.1392897787 
 0.1371145546 0.1380503910 0.1388042089 
 0.1367146901 0.1374991326 0.1381264646 
 0.1361042663 0.1367375880 0.1372379842 
 0.1352669626 0.1357486441 0.1361208624 
 0.1341877340 0.1345162065 0.1347579700 
 0.1328529349 0.1330253578 0.1331331373 
 0.1312505206 0.1312626028 0.1312314375 
 0.1293703621 0.1292162444 0.1290396177 
 0.1272047091 0.1268769323 0.1265467313 
 0.1247488353 0.1242384266 0.1237450223 
 0.1220018878 0.1212986067 0.1206310971 
 0.1189679360 0.1180607176 0.1172073810 
 0.1156571705 0.1145347976 0.1134837884 
 0.1120871438 0.1107391527 0.1094794455 
 0.1082838741 0.1067016568 0.1052241992 
 0.1042825753 0.1024605867 0.1007595579 
 0.1001277525 0.0980646725 0.0961386810 
 0.0958724374 0.0935720994 0.0914251109 
 0.0915764548 0.0890483475 0.0866901373 
 0.0873037853 0.0845629869 0.0820089732 
 0.0831192955 0.0801857955 0.0774562254 
 0.0790852676 0.0759827523 0.0731013453 
 0.0752582229 0.0720125070 0.0690047736 
 0.0716864795 0.0683238254 0.0652153273 
 0.0684087186 0.0649542811 0.0617690814 
 0.0654536310 0.0619302087 0.0586896853 
 0.0628405217 0.0592677140 0.0559898143 
 0.0605806267 0.0569744120 0.0536733393 
 0.0586788460 0.0550515345 0.0517377999 
 0.0571356176 0.0534961000 0.0501768444 
 0.0559487109 0.0523029153 0.0489824106 
 0.0551147912 0.0514662726 0.0481465236 
 0.0546306672 0.0509812714 0.0476626666 
 0.0544941819 0.0508447451 0.0475267254 
 0.0547047321 0.0510557952 0.0477375250 
 0.0552634148 0.0516159411 0.0482969804 
 0.0561728007 0.0525288887 0.0492098635 
 0.0574363342 0.0537999117 0.0504831801 
 0.0590573628 0.0554348389 0.0521251340 
 0.0610378126 0.0574386458 0.0541436612 
 0.0633765614 0.0598136804 0.0565445398 
 0.0660676050 0.0625576040 0.0593291352 
 0.0690981849 0.0656612060 0.0624919238 
 0.0724471108 0.0691063386 0.0660180473 
 0.0760835652 0.0728642983 0.0698812555 
 0.0799666822 0.0768950136 0.0740426632 
 0.0840461301 0.0811473530 0.0784507250 
 0.0882637818 0.0855607167 0.0830426860 
 0.0925563577 0.0900678456 0.0877475066 
 0.0968587229 0.0945985165 0.0924899346 
 0.1011073739 0.0990835911 0.0971951277 
 0.1052436192 0.1034588078 0.1017930957 
 0.1092160485 0.1076677941 0.1062223069 
 0.1129820604 0.1116639808 0.1104320353 
 0.1165084255 0.1154113561 0.1143833355 
 0.1197710254 0.1188842128 0.1180488106 
 0.1227540112 0.1220661765 0.1214115073 
 0.1254486403 0.1249488352 0.1244633235 
 0.1278520223 0.1275302491 0.1272032691 
 0.1299659356 0.1298135455 0.1296358248 
 0.1317958122 0.1318057141 0.1317695381 
 0.1333499273 0.1335166471 0.1336159112 
 0.1346387909 0.1349584218 0.1351885722 
 0.1356747170 0.1361447907 0.1365026900 
 0.1364715354 0.1370908370 0.1375745785 
 0.1370444077 0.1378127508 0.1384214397 
 0.1374097185 0.1383276881 0.1390611986 
 0.1375850108 0.1386536794 0.1395123944 
 0.1375889431 0.1388095643 0.1397941009 
 0.1374412480 0.1388149301 0.1399258544 
 0.1371626727 0.1386900382 0.1399275731 
 0.1367748846 0.1384557232 0.1398194561 
 0.1363003280 0.1381332543 0.1396218518 
 0.1357620183 0.1377441488 0.1393550896 
 0.1351832659 0.1373099314 0.1390392700 
 0.1345873279 0.1368518388 0.1386940128 
 0.1339969899 0.1363904730 0.1383381674 
 0.1334340893 0.1359454096 0.1379894906 
 0.1329189998 0.1355347789 0.1376643042 
 0.1324700984 0.1351748347 0.1373771465 
 0.1321032466 0.1348795352 0.1371404348 
 0.1318313119 0.1346601580 0.1369641562 
 0.1316637623 0.1345249727 0.1368556058 
 0.1316063562 0.1344789912 0.1368191869 
 0.1316609486 0.1345238115 0.1368562863 
 0.1318254266 0.1346575656 0.1369652330 
 0.1320937770 0.1348749744 0.1371413420 
 0.1324562825 0.1351675059 0.1373770414 
 0.1328998339 0.1355236276 0.1376620738 
 0.1334083389 0.1359291355 0.1379837609 
 0.1339632004 0.1363675407 0.1383273136 
 0.1345438381 0.1368204901 0.1386761710 
 0.1351282208 0.1372681976 0.1390123499 
 0.1356933833 0.1376898644 0.1393167876 
 0.1362159022 0.1380640701 0.1395696645 
 0.1366723139 0.1383691197 0.1397506938 
 0.1370394634 0.1385833393 0.1398393733 
 0.1372947798 0.1386853160 0.1398151952 
 0.1374164825 0.1386540848 0.1396578143 
 0.1373837249 0.1384692684 0.1393471802 
 0.1371766906 0.1381111782 0.1388636389 
 0.1367766548 0.1375608909 0.1381880152 
 0.1361660298 0.1368003130 0.1373016889 
 0.1353284136 0.1358122527 0.1361866800 
 0.1342486633 0.1345805206 0.1348257682 
 0.1329130173 0.1330900852 0.1332026733 
 0.1313092965 0.1313273177 0.1313023366 
 0.1294272191 0.1292803659 0.1291113495 
 0.1272588631 0.1269397029 0.1266185847 
 0.1247993148 0.1242988919 0.1238160800 
 0.1220475224 0.1213555986 0.1207002137 
 0.1190073535 0.1181128472 0.1172731684 
 0.1156888075 0.1145804609 0.1135446157 
 0.1121092743 0.1107765568 0.1095334605 
 0.1082946597 0.1067288709 0.1052693780 
 0.1042801400 0.1024756205 0.1007937862 
 0.1001102767 0.0980655796 0.0961598649 
 0.0958382656 0.0935570955 0.0914313075 
 0.0915242005 0.0890159286 0.0866796873 
 0.0872324198 0.0845120283 0.0819806136 
 0.0830282034 0.0801156146 0.0774091619 
 0.0789742591 0.0758931216 0.0730352703 
 0.0751275013 0.0719036178 0.0689198282 
 0.0715365687 0.0681962076 0.0651120158 
 0.0682403651 0.0648086955 0.0616481557 
 0.0652676947 0.0617675291 0.0585520194 
 0.0626378702 0.0590888150 0.0558362851 
 0.0603620452 0.0567800734 0.0535047265 
 0.0584449690 0.0548423706 0.0515547112 
 0.0568868841 0.0532725126 0.0499796664 
 0.0556853444 0.0520650722 0.0487712840 
 0.0548368005 0.0512141064 0.0479213394 
 