0.1391053722 0.1376634693 0.1359235326 
 0.1390649189 0.1376170381 0.1358695878 
 0.1390651531 0.1376173321 0.1358699953 
 0.1391060116 0.1376642925 0.1359247002 
 0.1391855064 0.1377559131 0.1360316590 
 0.1392997466 0.1378882623 0.1361868615 
 0.1394429816 0.1380555246 0.1363843738 
 0.1396076621 0.1382500625 0.1366164011 
 0.1397845191 0.1384624942 0.1368733677 
 0.1399626555 0.1386817857 0.1371440121 
 0.1401296487 0.1388953542 0.1374154940 
 0.1402716598 0.1390891782 0.1376735099 
 0.1403735455 0.1392479121 0.1379024127 
 0.1404189686 0.1393549988 0.1380853321 
 0.1403905036 0.1393927793 0.1382042904 
 0.1402697331 0.1393425925 0.1382403110 
 0.1400373336 0.1391848650 0.1381735148 
 0.1396731456 0.1388991848 0.1379832017 
 0.1391562305 0.1384643607 0.1376479159 
 0.1384649119 0.1378584660 0.1371454942 
 0.1375768092 0.1370588705 0.1364531014 
 0.1364688707 0.1360422714 0.1355472595 
 0.1351174264 0.1347847373 0.1344038865 
 0.1334982918 0.1332617981 0.1329983734 
 0.1315869718 0.1314486259 0.1313057416 
 0.1293590400 0.1293203788 0.1293009475 
 0.1267907913 0.1268528048 0.1269594285 
 0.1238602929 0.1240232271 0.1242580053 
 0.1205489647 0.1208120457 0.1211762772 
 0.1168437958 0.1172048708 0.1176986279 
 0.1127402261 0.1131953325 0.1138169072 
 0.1082455642 0.1087884697 0.1095337192 
 0.1033825833 0.1040043718 0.1048660398 
 0.0981926531 0.0988814726 0.0998486169 
 0.0927375407 0.0934786415 0.0945363405 
 0.0870989612 0.0878751354 0.0890046525 
 0.0813752353 0.0821676971 0.0833472200 
 0.0756750352 0.0764646659 0.0776706136 
 0.0701090165 0.0708777849 0.0720865145 
 0.0647808342 0.0655131335 0.0667027486 
 0.0597792884 0.0604629443 0.0616148704 
 0.0551730161 0.0557998164 0.0568998787 
 0.0510083912 0.0515741166 0.0526130034 
 0.0473104545 0.0478145048 0.0487876574 
 0.0440860872 0.0445308574 0.0454379390 
 0.0413284060 0.0417185726 0.0425627060 
 0.0390214495 0.0393632903 0.0401502392 
 0.0371444962 0.0374453200 0.0381827356 
 0.0356756615 0.0359433766 0.0366401760 
 0.0345946662 0.0348374861 0.0355033811 
 0.0338848248 0.0341110898 0.0347562570 
 0.0335343735 0.0337524610 0.0343873226 
 0.0335372688 0.0337555599 0.0343906413 
 0.0338935571 0.0341204320 0.0347662567 
 0.0346093719 0.0348532046 0.0355201892 
 0.0356965572 0.0359656811 0.0366639911 
 0.0371718614 0.0374744770 0.0382138054 
 0.0390555994 0.0393995932 0.0401888264 
 0.0413696526 0.0417622990 0.0426090423 
 0.0441346874 0.0445822130 0.0454921643 
 0.0473665460 0.0478735550 0.0488497483 
 0.0510719187 0.0516407104 0.0526826954 
 0.0552436573 0.0558735119 0.0569765937 
 0.0598563917 0.0605429499 0.0616976639 
 0.0648633849 0.0655982814 0.0667902941 
 0.0701956456 0.0709665514 0.0721771374 
 0.0757640797 0.0765552445 0.0777623784 
 0.0814648446 0.0822581173 0.0834380596 
 0.0871872331 0.0879634061 0.0890925168 
 0.0928226603 0.0935628921 0.0946193346 
 0.0982730078 0.0989600639 0.0999251044 
 0.1034568360 0.1040759609 0.1049346964 
 0.1083126792 0.1088520262 0.1095935374 
 0.1127994539 0.1132501148 0.1138671637 
 0.1168946321 0.1172503771 0.1177388285 
 0.1205910956 0.1208479558 0.1212060952 
 0.1238935407 0.1240493452 0.1242772242 
 0.1268150666 0.1268690119 0.1269678949 
 0.1293743054 0.1293265970 0.1292985373 
 0.1315932159 0.1314447938 0.1312923374 
 0.1334955133 0.1332478572 0.1329738533 
 0.1351056258 0.1347606251 0.1343681192 
 0.1364480472 0.1360079209 0.1355001063 
 0.1375469622 0.1370142135 0.1363944212 
 0.1384260438 0.1378034381 0.1370751506 
 0.1391083515 0.1383989085 0.1375657866 
 0.1396162790 0.1388232729 0.1378891881 
 0.1399715210 0.1390984838 0.1380675514 
 0.1401950399 0.1392457658 0.1381223752 
 0.1403070238 0.1392855711 0.1380744119 
 0.1403268298 0.1392375205 0.1379436015 
 0.1402729125 0.1391203278 0.1377489891 
 0.1401627385 0.1389517104 0.1375086275 
 0.1400126890 0.1387482878 0.1372394683 
 0.1398379540 0.1385254720 0.1369572439 
 0.1396524213 0.1382973532 0.1366763464 
 0.1394685637 0.1380765849 0.1364097067 
 0.1392973302 0.1378742730 0.1361686777 
 0.1391480427 0.1376998712 0.1359629261 
 0.1390283037 0.1375610887 0.1358003359 
 0.1389439177 0.1374638112 0.1356869278 
 0.1388988292 0.1374120389 0.1356267948 
 0.1388950794 0.1374078439 0.1356220591 
 0.1389327839 0.1374513473 0.1356728486 
 0.1390101310 0.1375407181 0.1357772953 
 0.1391234019 0.1376721929 0.1359315560 
 0.1392670116 0.1378401166 0.1361298535 
 0.1394335683 0.1380370014 0.1363645370 
 0.1396139502 0.1382536038 0.1366261619 
 0.1397973963 0.1384790159 0.1369035836 
 0.1399716079 0.1387007674 0.1371840644 
 0.1401228571 0.1389049365 0.1374533892 
 0.1402360986 0.1390762639 0.1376959859 
 0.1402950810 0.1391982672 0.1378950467 
 0.1402824527 0.1392533509 0.1380326464 
 0.1401798604 0.1392229090 0.1380898522 
 0.1399680354 0.1390874152 0.1380468230 
 0.1396268664 0.1388265004 0.1378828934 
 0.1391354572 0.1384190134 0.1375766420 
 0.1384721702 0.1378430662 0.1371059419 
 0.1376146596 0.1370760680 0.1364479974 
 0.1365399037 0.1360947542 0.1355793735 
 0.1352242536 0.1348752282 0.1344760325 
 0.1336435281 0.1333930426 0.1331134042 
 0.1317732028 0.1316233664 0.1314665293 
 0.1295887630 0.1295413037 0.1295103422 
 0.1270663195 0.1271224602 0.1272201800 
 0.1241836067 0.1243438761 0.1245726336 
 0.1209214969 0.1211854588 0.1215468734 
 0.1172661426 0.1176320371 0.1181265738 
 0.1132117879 0.1136760922 0.1143025084 
 0.1087641444 0.1093210901 0.1100757694 
 0.1039440003 0.1045851207 0.1054613643 
 0.0987904561 0.0995042752 0.1004916761 
 0.0933629326 0.0941349326 0.0952190070 
 0.0877410263 0.0885540142 0.0897162767 
 0.0820215143 0.0828564453 0.0840750652 
 0.0763124030 0.0771496052 0.0784006589 
 0.0707247250 0.0715453483 0.0728045207 
 0.0653635225 0.0661509491 0.0673953951 
 0.0603197659 0.0610607247 0.0622707443 
 0.0556646938 0.0563499011 0.0575101404 
 0.0514473342 0.0520716188 0.0531716512 
 0.0476951196 0.0482571102 0.0492914164 
 0.0444168580 0.0449183859 0.0458858734 
 0.0416070462 0.0420524267 0.0429556827 
 0.0392505682 0.0396458974 0.0404903560 
 0.0373270859 0.0376796354 0.0384727947 
 0.0358147320 0.0361324826 0.0368832460 
 0.0346929767 0.0349842915 0.0357024607 
 0.0339447022 0.0342181214 0.0349140344 
 0.0335575999 0.0338217293 0.0345060158 
 0.0335250232 0.0337884855 0.0344719042 
 0.0338463998 0.0341178179 0.0348111371 
 0.0345272658 0.0348152488 0.0355291301 
 0.0355789257 0.0358920277 0.0366368744 
 0.0370176888 0.0373643107 0.0381500396 
 0.0388635819 0.0392517844 0.0400874874 
 0.0411384099 0.0415756101 0.0424690733 
 0.0438630432 0.0443555722 0.0453126437 
 0.0470538738 0.0476063946 0.0486302184 
 0.0507185341 0.0513333503 0.0524235334 
 0.0548512132 0.0555275435 0.0566793804 
 0.0594282063 0.0601615535 0.0613654819 
 0.0644046162 0.0651863913 0.0664278760 
 0.0697132322 0.0705307925 0.0717907925 
 0.0752664038 0.0761036021 0.0773596671 
 0.0809611414 0.0817993663 0.0830272470 
 0.0866868423 0.0875063967 0.0886819008 
 0.0923342651 0.0931158313 0.0942165813 
 0.0978040081 0.0985299314 0.0995367171 
 0.1030129567 0.1036681505 0.1045656973 
 0.1078978416 0.1084702349 0.1092473771 
 0.1124158745 0.1128964419 0.1135458194 
 0.1165430715 0.1169255605 0.1174430239 
 0.1202711765 0.1205516692 0.1209355726 
 0.1236040683 0.1237804949 0.1240310138 
 0.1265543087 0.1266259955 0.1267445482 
 0.1291402130 0.1291075069 0.1290963112 
 0.1313835843 0.1312475657 0.1311093286 
 0.1333080898 0.1330703697 0.1328080892 
 0.1349381770 0.1346007631 0.1342176171 
 0.1362983973 0.1358636125 0.1353629085 
 0.1374130124 0.1368834498 0.1362686158 
 0.1383057813 0.1376842837 0.1369588840 
 0.1389998518 0.1382895067 0.1374572709 
 0.1395177067 0.1387218485 0.1377867070 
 0.1398811299 0.1390033461 0.1379694662 
 0.1401111739 0.1391553121 0.1380271312 
 0.1402281190 0.1391982912 0.1379805456 
 0.1402514178 0.1391520025 0.1378497486 
 0.1401996254 0.1390352648 0.1376538939 
 0.1400903149 0.1388659078 0.1374111520 
 0.1399399807 0.1386606715 0.1371386013 
 0.1397639333 0.1384350966 0.1368521107 
 0.1395761887 0.1382034100 0.1365662175 
 0.1393893556 0.1379784093 0.1362940052 
 0.1392145260 0.1377713515 0.1360469865 
 0.1390611716 0.1375918473 0.1358349927 
 0.1389370503 0.1374477674 0.1356660768 
 0.1388481264 0.1373451622 0.1355464298 
 0.1387985075 0.1372881982 0.1354803161 
 0.1387903990 0.1372791135 0.1354700271 
 0.1388240804 0.1373181935 0.1355158566 
 0.1388979019 0.1374037673 0.1356160973 
 0.1390083023 0.1375322264 0.1357670597 
 0.1391498484 0.1376980631 0.1359631111 
 0.1393152927 0.1378939283 0.1361967359 
 0.1394956486 0.1381107073 0.1364586127 
 0.1396802802 0.1383376096 0.1367377084 
 0.1398570029 0.1385622713 0.1370213841 
 0.1400121914 0.1387708647 0.1372955110 
 0.1401308916 0.1389482130 0.1375445908 
 0.1401969317 0.1390779049 0.1377518781 
 0.1401930295 0.1391424059 0.1378994993 
 0.1401008914 0.1391231616 0.1379685645 
 0.1399013001 0.1390006903 0.1379392681 
 0.1395741890 0.1387546611 0.1377909751 
 0.1390987013 0.1383639569 0.1375022910 
 0.1384532347 0.1378067217 0.1370511144 
 0.1376154758 0.1370603948 0.1364146752 
 0.1365624319 0.1361017406 0.1355695645 
 0.1352704778 0.1349068885 0.1344917707 
 0.1337154455 0.1334514103 0.1331567445 
 0.1318728038 0.1317104774 0.1315395362 
 0.1297179949 0.1296591647 0.1296150627 
 0.1272270250 0.1272729930 0.1273585942 
 0.1243774273 0.1245288266 0.1247465724 
 0.1211497302 0.1214062611 0.1217578912 
 0.1175295469 0.1178896219 0.1183757662 
 0.1135103346 0.1139706410 0.1145902733 
 0.1090967347 0.1096517461 0.1104015191 
 0.1043081818 0.1049496907 0.1058232189 
 0.0991821987 0.0998989789 0.1008861904 
 0.0937765384 0.0945542750 0.0956410040 
 0.0881692435 0.0889908560 0.0901588676 
 0.0824558941 0.0833023205 0.0845299117 
 0.0767438802 0.0775952771 0.0788584856 
 0.0711443349 0.0719815277 0.0732558128 
 0.0657631200 0.0665690420 0.0678311603 
 0.0606926086 0.0614534655 0.0626831899 
 0.0560057914 0.0567117603 0.0578931450 
 0.0517535344 0.0523989428 0.0535209709 
 0.0479649662 0.0485480175 0.0496046357 
 0.0446502950 0.0451724906 0.0461621642 
 0.0418050507 0.0422704747 0.0431954543 
 0.0394147823 0.0398293882 0.0406948758 
 0.0374594908 0.0378304813 0.0386438337 
 0.0359173868 0.0362527293 0.0370227822 
 0.0347678234 0.0350759071 0.0358124497 
 0.0339934313 0.0342828481 0.0349962448 
 0.0335815658 0.0338609881 0.0345619207 
 0.0335251973 0.0338033220 0.0345026170 
 0.0338233545 0.0341088812 0.0348173843 
 0.0344811841 0.0347827980 0.0355112539 
 0.0355096352 0.0358359650 0.0365948642 
 0.0369247222 0.0372842424 0.0380835943 
 0.0387462700 0.0391471155 0.0399961115 
 0.0409960129 0.0414456776 0.0423522133 
 0.0436949241 0.0441998215 0.0451698670 
 0.0468597141 0.0474245967 0.0484614313 
 0.0504985801 0.0511258479 0.0522292243 
 0.0546065261 0.0552954979 0.0564608578 
 0.0591608757 0.0599071491 0.0611250641 
 0.0641178809 0.0649129437 0.0661689786 
 0.0694114595 0.0702427116 0.0715178704 
 0.0749548954 0.0758061844 0.0770779900 
 0.0806457789 0.0814984322 0.0827425313 
 0.0863736264 0.0872078332 0.0883998622 
 0.0920288392 0.0928251292 0.0939424955 
 0.0975112577 0.0982518060 0.0992750713 
 0.1027367505 0.1034063058 0.1043199841 
 0.1076409360 0.1082272870 0.1090200406 
 0.1121799609 0.1126739779 0.1133383259 
 0.1163289220 0.1167242879 0.1172560126 
 0.1200788368 0.1203716055 0.1207690385 
 0.1234330540 0.1236211580 0.1238844881 
 0.1264037798 0.1264865694 0.1266172534 
 0.1290091129 0.1289869729 0.1289872818 
 0.1312707408 0.1311447969 0.1310174981 
 0.1332122832 0.1329841947 0.1327323478 
 0.1348581829 0.1345300051 0.1341568468 
 0.1362330106 0.1358071110 0.1353160029 
 0.1373610590 0.1368400712 0.1362344897 
 0.1382661224 0.1376529254 0.1369364765 
 0.1389713848 0.1382690971 0.1374455459 
 0.1394993635 0.1387113462 0.1377846524 
 0.1398718752 0.1390017382 0.1379760926 
 0.1401100040 0.1391616129 0.1380414712 
 0.1402340609 0.1392115419 0.1380016538 
 0.1402635291 0.1391712714 0.1378767027 
 0.1402169953 0.1390596485 0.1376857958 
 0.1401120654 0.1388945329 0.1374471304 
 0.1399652689 0.1386926971 0.1371778143 
 0.1397919539 0.1384697166 0.1368937489 
 0.1396061764 0.1382398563 0.1366095072 
 0.1394205881 0.1380159549 0.1363382121 
 0.1392463269 0.1378093128 0.1360914181 
 0.1390929123 0.1376295872 0.1358790016 
 0.1389681527 0.1374846972 0.1357090629 
 0.1388780642 0.1373807435 0.1355878423 
 0.1388268072 0.1373219440 0.1355196545 
 0.1388166409 0.1373105888 0.1355068421 
 0.1388478979 0.1373470151 0.1355497503 
 0.1389189810 0.1374296037 0.1356467225 
 0.1390263806 0.1375547963 0.1357941190 
 0.1391647127 0.1377171335 0.1359863551 
 0.1393267770 0.1379093130 0.1362159613 
 0.1395036314 0.1381222636 0.1364736598 
 0.1396846816 0.1383452361 0.1367484581 
 0.1398577810 0.1385659038 0.1370277547 
 0.1400093390 0.1387704735 0.1372974547 
 0.1401244328 0.1389437989 0.1375420897 
 0.1401869184 0.1390694956 0.1377449404 
 0.1401795380 0.1391300522 0.1378881551 
 0.1400840191 0.1391069339 0.1379528617 
 0.1398811627 0.1389806745 0.1379192678 
 0.1395509177 0.1387309557 0.1377667477 
 0.1390724406 0.1383366697 0.1374739120 
 0.1384241408 0.1377759669 0.1370186606 
 0.1375837153 0.1370262908 0.1363782211 
 0.1365281815 0.1360644081 0.1355291791 
 0.1352339245 0.1348664496 0.1344475147 
 0.1336767884 0.1334079882 0.1331086691 
 0.1318322562 0.1316641976 0.1314876821 
 0.1296757884 0.1296101576 0.1295594614 
 0.1271834143 0.1272213983 0.1272992718 
 0.1243326963 0.1244748002 0.1246835559 
 0.1211041989 0.1213499838 0.1216912192 
 0.1174835776 0.1178313116 0.1183055048 
 0.1134643369 0.1139105653 0.1145165356 
 0.1090511663 0.1095902358 0.1103244905 
 0.1042635433 0.1048871506 0.1057431823 
 0.0991390196 0.0998358924 0.1008035497 
 0.0937353539 0.0944911988 0.0955562983 
 0.0881305622 0.0889284016 0.0900727698 
 0.0824201618 0.0832411227 0.0844432065 
 0.0767114448 0.0775359525 0.0787720262 
 0.0711154208 0.0719246289 0.0731704612 
 0.0657378169 0.0665150184 0.0677477213 
 0.0606708774 0.0614026358 0.0626023514 
 0.0559874853 0.0566643039 0.0578154361 
 0.0517384301 0.0523549073 0.0534467422 
 0.0479527977 0.0485073404 0.0495340634 
 0.0446407865 0.0451350282 0.0460952713 
 0.0417979432 0.0422360333 0.0431321432 
 0.0394098536 0.0397977526 0.0406349637 
 0.0374565685 0.0378014389 0.0385870875 
 0.0359163557 0.0362260886 0.0369689479 
 0.0347686295 0.0350515111 0.0357612771 
 0.0339960821 0.0342605839 0.0349475062 
 0.0335861296 0.0338407931 0.0345154253 
 0.0335318015 0.0337851876 0.0344582221 
 0.0338321824 0.0340928553 0.0347750032 
 0.0344924704 0.0347689858 0.0354708632 
 0.0355236593 0.0358245277 0.0365565090 
 0.0369417983 0.0372753938 0.0380473915 
 0.0387667319 0.0391411142 0.0399622508 
 0.0410201923 0.0414428148 0.0423209541 
 0.0437231218 0.0442004017 0.0451415294 
 0.0468921629 0.0474289112 0.0484363796 
 0.0505354024 0.0511341414 0.0522078417 
 0.0546476911 0.0553079310 0.0564435129 
 0.0592061626 0.0599237621 0.0611120725 
 0.0641668612 0.0649336300 0.0661605662 
 0.0694635044 0.0702672091 0.0715141452 
 0.0750092175 0.0758340912 0.0770789312 
 0.0807015030 0.0815292484 0.0827480011 
 0.0864298797 0.0872410210 0.0884096378 
 0.0920848433 0.0928601809 0.0939563154 
 0.0975664033 0.0982883054 0.0992926855 
 0.1027906433 0.1034439707 0.1043411973 
 0.1076934094 0.1082659901 0.1090447422 
 0.1122310605 0.1127137453 0.1133665040 
 0.1163788712 0.1167652817 0.1172877541 
 0.1201279933 0.1204140978 0.1208045198 
 0.1234818676 0.1236655020 0.1239239597 
 0.1264527549 0.1265331732 0.1266610234 
 0.1290587787 0.1290362764 0.1290356995 
 0.1313216298 0.1311972544 0.1310709396 
 0.1332649163 0.1330402613 0.1327912034 
 0.1349130598 0.1345901263 0.1342215105 
 0.1362906033 0.1358717156 0.1353868632 
 0.1374218078 0.1369095649 0.1363119210 
 0.1383304331 0.1377276854 0.1370208316 
 0.1390396259 0.1383494672 0.1375371482 
 0.1395718641 0.1387976316 0.1378837886 
 0.1399489221 0.1390942007 0.1380830049 
 0.1401918389 0.1392604657 0.1381563501 
 0.1403208770 0.1393169444 0.1381246309 
 0.1403554681 0.1392833238 0.1380078431 
 0.1403141434 0.1391783866 0.1378250919 
 0.1402144495 0.1390199234 0.1375944954 
 0.1400728530 0.1388246324 0.1373330767 
 0.1399046347 0.1386080107 0.1370566473 
 0.1397237801 0.1383842406 0.1367796864 
 0.1395428662 0.1381660750 0.1365152195 
 0.1393729527 0.1379647252 0.1362747014 
 0.1392234780 0.1377897572 0.1360679074 
 0.1391021661 0.1376489972 0.1359028359 
 0.1390149470 0.1375484523 0.1357856258 
 0.1389658930 0.1374922465 0.1357204921 
 0.1389571743 0.1374825771 0.1357096799 
 0.1389890349 0.1375196906 0.1357534404 
 0.1390597899 0.1376018794 0.1358500277 
 0.1391658441 0.1377255012 0.1359957181 
 0.1393017310 0.1378850171 0.1361848494 
 0.1394601723 0.1380730509 0.1364098816 
 0.1396321527 0.1382804640 0.1366614743 
 0.1398070104 0.1384964464 0.1369285800 
 0.1399725379 0.1387086180 0.1371985505 
 0.1401150906 0.1389031386 0.1374572514 
 0.1402196978 0.1390648222 0.1376891824 
 0.1402701744 0.1391772504 0.1378775979 
 0.1402492273 0.1392228830 0.1380046247 
 0.1401385539 0.1391831603 0.1380513721 
 0.1399189291 0.1390385942 0.1379980311 
 0.1395702793 0.1387688453 0.1378239584 
 0.1390717408 0.1383527850 0.1375077449 
 0.1384017045 0.1377685415 0.1370272669 
 0.1375378509 0.1369935346 0.1363597238 
 0.1364571840 0.1360045068 0.1354816681 
 0.1351360820 0.1347775661 0.1343690442 
 0.1335503948 0.1332882704 0.1329972600 
 0.1316756354 0.1315117968 0.1313413339 
 0.1294873367 0.1294232646 0.1293761815 
 0.1269616690 0.1269983062 0.1270771302 
 0.1240764418 0.1242140053 0.1244207788 
 0.1208126185 0.1210503357 0.1213863322 
 0.1171564578 0.1174922203 0.1179575375 
 0.1131023205 0.1135322660 0.1141252903 
 0.1086560343 0.1091740951 0.1098908635 
 0.1038384878 0.1044359767 0.1052695061 
 0.0986888436 0.0993541886 0.1002938949 
 0.0932665240 0.0939852781 0.0950166546 
 0.0876510455 0.0884062850 0.0895110177 
 0.0819390151 0.0827121723 0.0838688165 
 0.0762381855 0.0770102535 0.0781954800 
 0.0706592771 0.0714122093 0.0726024666 
 0.0653069987 0.0660250488 0.0671983593 
 0.0602720092 0.0609427655 0.0620803208 
 0.0556252921 0.0562402474 0.0573275301 
 0.0514157005 0.0519703230 0.0529976245 
 0.0476705769 0.0481639698 0.0491263299 
 0.0443987189 0.0448330161 0.0457297268 
 0.0415946764 0.0419743362 0.0428081990 
 0.0392434333 0.0395745563 0.0403510689 
 0.0373247804 0.0376145320 0.0383411302 
 0.0358169963 0.0360731656 0.0367585926 
 0.0346997037 0.0349304011 0.0355842261 
 0.0339559377 0.0341694095 0.0348016885 
 0.0335735398 0.0337780738 0.0343991242 
 0.0335460075 0.0337498979 0.0343701521 
 0.0338729041 0.0340844480 0.0347143488 
 0.0345598896 0.0347873846 0.0354372837 
 0.0356183746 0.0358700918 0.0365501128 
 0.0370647478 0.0373488488 0.0380686771 
 0.0389190761 0.0392434450 0.0400120088 
 0.0412031493 0.0415751108 0.0424001239 
 0.0439377481 0.0443636496 0.0452510030 
 0.0471390824 0.0476237364 0.0485767566 
 0.0508144964 0.0513605105 0.0523791463 
 0.0549577853 0.0555648502 0.0566449060 
 0.0595447645 0.0602090216 0.0613416080 
 0.0645300171 0.0652436620 0.0664150527 
 0.0698458410 0.0705971201 0.0717891722 
 0.0754042047 0.0761779024 0.0773690879 
 0.0811019209 0.0818803280 0.0830472709 
 0.0868284161 0.0875926373 0.0887119017 
 0.0924747044 0.0932060668 0.0942558640 
 0.0979418205 0.0986231254 0.0995846404 
 0.1031471929 0.1037636159 0.1046217772 
 0.1080281203 0.1085676775 0.1093113544 
 0.1125423370 0.1129959507 0.1136176878 
 0.1166662928 0.1170275603 0.1175230248 
 0.1203920573 0.1206568524 0.1210241669 
 0.1237237282 0.1238897492 0.1241288414 
 0.1266739951 0.1267403375 0.1268523856 
 0.1292612290 0.1292280264 0.1292150308 
 0.1315072366 0.1313753824 0.1312398631 
 0.1334356530 0.1332066012 0.1329514016 
 0.1350708709 0.1347465009 0.1343746751 
 0.1364373724 0.1360199037 0.1355346627 
 0.1375593404 0.1370512832 0.1364559802 
 0.1384604486 0.1378645772 0.1371627172 
 0.1391637540 0.1384830955 0.1376783587 
 0.1396916430 0.1389294738 0.1380257444 
 0.1400657968 0.1392256432 0.1382270398 
 0.1403071590 0.1393927981 0.1383037018 
 0.1404358933 0.1394513532 0.1382764305 
 0.1404713276 0.1394208846 0.1381651055 
 0.1404318840 0.1393200560 0.1379887042 
 0.1403349931 0.1391665306 0.1377652064 
 0.1401969979 0.1389768699 0.1375114864 
 0.1400330482 0.1387664261 0.1372431970 
 0.1398569897 0.1385492274 0.1369746496 
 0.1396812520 0.1383378652 0.1367186941 
 0.1395167394 0.1381433822 0.1364866030 
 0.1393727278 0.1379751699 0.1362879646 
 0.1392567725 0.1378408753 0.1361305870 
 0.1391746298 0.1377463234 0.1360204175 
 0.1391301947 0.1376954548 0.1359614802 
 0.1391254582 0.1376902841 0.1359558321 
 0.1391604855 0.1377308771 0.1360035409 
 0.1392334147 0.1378153509 0.1361026841 
 0.1393404776 0.1379398933 0.1362493699 
 0.1394760416 0.1380988050 0.1364377790 
 0.1396326699 0.1382845584 0.1366602258 
 0.1398011987 0.1384878758 0.1369072377 
 0.1399708291 0.1386978198 0.1371676490 
 0.1401292286 0.1389018966 0.1374287078 
 0.1402626405 0.1390861654 0.1376761901 
 0.1403559949 0.1392353524 0.1378945193 
 0.1403930202 0.1393329638 0.1380668860 
 0.1403563482 0.1393613949 0.1381753641 
 0.1402276121 0.1393020306 0.1382010181 
 0.1399875316 0.1391353349 0.1381240005 
 0.1396159850 0.1388409258 0.1379236328 
 0.1390920665 0.1383976348 0.1375784719 
 0.1383941294 0.1377835521 0.1370663582 
 0.1374998207 0.1369760596 0.1363644526 
 0.1363861165 0.1359518630 0.1354492658 
 0.1350293766 0.1346870382 0.1342967001 
 0.1334054508 0.1331571233 0.1328821274 
 0.1314898860 0.1313373027 0.1311805503 
 0.1292583079 0.1292027548 0.1291669114 
 0.1266870770 0.1267292600 0.1268166444 
 0.1237543414 0.1238941921 0.1241065854 
 0.1204416180 0.1206780249 0.1210163769 
 0.1167360076 0.1170664706 0.1175304854 
 0.1126330693 0.1130532920 0.1136408935 
 0.1081402280 0.1086436883 0.1093503953 
 0.1032803510 0.1038579291 0.1046762153 
 0.0980948589 0.0987346286 0.0996533963 
 0.0926455018 0.0933328112 0.0943371447 
 0.0870138914 0.0877318314 0.0888031983 
 0.0812981524 0.0820284424 0.0831454508 
 0.0756066789 0.0763308878 0.0774705817 
 0.0700497956 0.0707507098 0.0718902323 
 0.0647308144 0.0653937012 0.0665120348 
 0.0597382237 0.0603517607 0.0614312214 
 0.0551404145 0.0556971495 0.0567243869 
 0.0509836005 0.0514799325 0.0524463325 
 0.0472927512 0.0477285307 0.0486300692 
 0.0440747563 0.0444526582 0.0452893571 
 0.0413228034 0.0416476268 0.0424227994 
 0.0390210456 0.0392990566 0.0400185093 
 0.0371489031 0.0373872913 0.0380585962 
 0.0356846469 0.0358911195 0.0365230204 
 0.0346081575 0.0347906690 0.0353926358 
 0.0339029078 0.0340695011 0.0346514218 
 0.0335572881 0.0337160204 0.0342880007 
 0.0335654013 0.0337243251 0.0342965617 
 0.0339274304 0.0340946010 0.0346772914 
 0.0346496319 0.0348331142 0.0354363655 
 0.0357439522 0.0359518002 0.0365855003 
 0.0372272127 0.0374673928 0.0381410062 
 0.0391197579 0.0393999867 0.0401222410 
 0.0414434386 0.0417709065 0.0425493405 
 0.0442188104 0.0445997706 0.0454401333 
 0.0474615064 0.0479007246 0.0488062419 
 0.0511778976 0.0516779905 0.0526485643 
 0.0553604087 0.0559211418 0.0569525988 
 0.0599831591 0.0606008241 0.0616843835 
 0.0649988686 0.0656658946 0.0667880412 
 0.0703380446 0.0710429968 0.0721859096 
 0.0759112172 0.0766392770 0.0777818550 
 0.0816143677 0.0823482807 0.0834676557 
 0.0873368525 0.0880582024 0.0891314850 
 0.0929703825 0.0936609592 0.0946668931 
 0.0984173154 0.0990603263 0.0999805629 
 0.1035967881 0.1041777266 0.1049975571 
 0.1084479264 0.1089550228 0.1096635555 
 0.1129301840 0.1133544708 0.1139443671 
 0.1170214723 0.1173565655 0.1178235040 
 0.1207149982 0.1209567199 0.1212987536 
 0.1240156729 0.1241616214 0.1243785552 
 0.1269367175 0.1269858610 0.1270787209 
 0.1294968132 0.1294491468 0.1294197712 
 0.1317179160 0.1315741964 0.1314249465 
 0.1336237038 0.1333852563 0.1331188288 
 0.1352385452 0.1349071334 0.1345264517 
 0.1365868609 0.1361646023 0.1356727642 
 0.1376927536 0.1371820696 0.1365823317 
 0.1385798089 0.1379833967 0.1372791822 
 0.1392709936 0.1385918123 0.1377867317 
 0.1397886039 0.1390298687 0.1381277459 
 0.1401542313 0.1393194113 0.1383243109 
 0.1403887290 0.1394815458 0.1383977983 
 0.1405121688 0.1395365938 0.1383688164 
 0.1405437837 0.1395040334 0.1382571447 
 0.1405018958 0.1394024239 0.1380816527 
 0.1404038306 0.1392493165 0.1378602030 
 0.1402658189 0.1390611534 0.1376095434 
 0.1401028914 0.1388531591 0.1373451916 
 0.1399287666 0.1386392267 0.1370813149 
 0.1397557397 0.1384318041 0.1368306119 
 0.1395945727 0.1382417846 0.1366041970 
 0.1394543929 0.1380784035 0.1364114948 
 0.1393426007 0.1379491477 0.1362601463 
 0.1392647930 0.1378596780 0.1361559293 
 0.1392247019 0.1378137696 0.1361026981 
 0.1392241544 0.1378132714 0.1361023411 
 0.1392630510 0.1378580856 0.1361547613 
 0.1393393679 0.1379461690 0.1362578762 
 0.1394491786 0.1380735550 0.1364076412 
 0.1395866980 0.1382343963 0.1365980924 
 0.1397443440 0.1384210269 0.1368214100 
 0.1399128171 0.1386240396 0.1370679978 
 0.1400811923 0.1388323791 0.1373265788 
 0.1402370222 0.1390334449 0.1375843019 
 0.1403664464 0.1392132013 0.1378268564 
 0.1404543033 0.1393562913 0.1380385912 
 0.1404842406 0.1394461489 0.1382026337 
 0.1404388202 0.1394651076 0.1383010045 
 0.1402996146 0.1393944993 0.1383147241 
 0.1400472916 0.1392147427 0.1382239078 
 0.1396616843 0.1389054162 0.1380078452 
 0.1391218473 0.1384453162 0.1376450643 
 0.1384060984 0.1378125002 0.1371133785 
 0.1374920529 0.1369843197 0.1363899215 
 0.1363566593 0.1359374515 0.1354511772 
 0.1349762567 0.1346479473 0.1342730227 
 0.1333266867 0.1330913298 0.1328308108 
 0.1313835111 0.1312427881 0.1310995403 
 0.1291224118 0.1290775411 0.1290541813 
 0.1265198727 0.1265714726 0.1266702509 
 0.1235542703 0.1237021587 0.1239247603 
 0.1202075015 0.1204504224 0.1207976652 
 0.1164672507 0.1168025262 0.1172739394 
 0.1123299142 0.1127530374 0.1133463224 
 0.1078040358 0.1083082513 0.1090186584 
 0.1029138737 0.1034898222 0.1043095240 
 0.0977024370 0.0983379765 0.0992555673 
 0.0922331149 0.0929134388 0.0939137281 
 0.0865889956 0.0872971414 0.0883614060 
 0.0808692773 0.0815870449 0.0826938347 
 0.0751828177 0.0758920052 0.0770184736 
 0.0696396854 0.0703234462 0.0714470216 
 0.0643422446 0.0649863152 0.0660864176 
 0.0593775031 0.0599710805 0.0610305656 
 0.0548120813 0.0553482267 0.0563543226 
 0.0506903890 0.0511659620 0.0521106104 
 0.0470357711 0.0474509994 0.0483306629 
 0.0438538066 0.0442116465 0.0450267374 
 0.0411367403 0.0414421786 0.0421962965 
 0.0388681413 0.0391275504 0.0398266902 
 0.0370271556 0.0372477658 0.0378996057 
 0.0355920245 0.0357815366 0.0363948609 
 0.0345427789 0.0347091077 0.0352933799 
 0.0338631636 0.0340142923 0.0345793612 
 0.0335419161 0.0336858312 0.0342417430 
 0.0335735255 0.0337182046 0.0342750844 
 0.0339585716 0.0341119947 0.0346799620 
 0.0347036929 0.0348738520 0.0354629325 
 0.0358211791 0.0360160585 0.0366360558 
 0.0373281284 0.0375556273 0.0382159186 
 0.0392450629 0.0395128317 0.0402220516 
 0.0415938724 0.0419090345 0.0426746206 
 0.0443949706 0.0447637084 0.0455912978 
 0.0476636269 0.0480906300 0.0489833255 
 0.0514056003 0.0518934036 0.0528509757 
 0.0556124571 0.0561607420 0.0571788859 
 0.0602572590 0.0608622379 0.0619320550 
 0.0652915699 0.0659456089 0.0670534993 
 0.0706447923 0.0713364239 0.0724645341 
 0.0762265766 0.0769409922 0.0780682552 
 0.0819324033 0.0826524069 0.0837560589 
 0.0876515977 0.0883588772 0.0894161926 
 0.0932763084 0.0939527910 0.0949427146 
 0.0987097096 0.0993387537 0.1002431467 
 0.1038719846 0.1044392282 0.1052435731 
 0.1087033729 0.1091971683 0.1098907267 
 0.1131643734 0.1135758423 0.1141513816 
 0.1172337849 0.1175565975 0.1180098539 
 0.1209055052 0.1211355055 0.1214645483 
 0.1241849422 0.1243197241 0.1245243422 
 0.1270856444 0.1271241527 0.1272053342 
 0.1296264886 0.1295686828 0.1295282152 
 0.1318295315 0.1316761260 0.1315163137 
 0.1337184877 0.1334707638 0.1331942457 
 0.1353177244 0.1349774018 0.1345870466 
 0.1366516392 0.1362207945 0.1357196493 
 0.1377443017 0.1372253187 0.1366165951 
 0.1386192607 0.1380148031 0.1373018852 
 0.1392994462 0.1386124441 0.1377989092 
 0.1398071193 0.1390407628 0.1381304071 
 0.1401638380 0.1393215751 0.1383184409 
 0.1403904235 0.1394759586 0.1383843589 
 0.1405069163 0.1395242071 0.1383487460 
 0.1405325179 0.1394857704 0.1382313577 
 0.1404855184 0.1393791787 0.1380510376 
 0.1403832093 0.1392219522 0.1378256207 
 0.1402417859 0.1390305000 0.1375718246 
 0.1400762402 0.1388200107 0.1373051333 
 0.1399002500 0.1386043386 0.1370396779 
 0.1397260667 0.1383958903 0.1367881173 
 0.1395644062 0.1382055149 0.1365615235 
 0.1394243470 0.1380424012 0.1363692761 
 0.1393132391 0.1379139872 0.1362189686 
 0.1392366271 0.1378258838 0.1361163301 
 0.1391981904 0.1377818148 0.1360651646 
 0.1391997024 0.1377835775 0.1360673102 
 0.1392410108 0.1378310227 0.1361226189 
 0.1393200396 0.1379220563 0.1362289585 
 0.1394328117 0.1380526624 0.1363822356 
 0.1395734932 0.1382169461 0.1365764392 
 0.1397344561 0.1384071958 0.1368037045 
 0.1399063573 0.1386139619 0.1370543931 
 0.1400782314 0.1388261491 0.1373171886 
 0.1402375942 0.1390311205 0.1375792036 
 0.1403705517 0.1392148075 0.1378260949 
 0.1404619120 0.1393618233 0.1380421824 
 0.1404952958 0.1394555764 0.1382105686 
 0.1404532416 0.1394783776 0.1383132532 
 0.1403173014 0.1394115403 0.1383312398 
 0.1400681247 0.1392354675 0.1382446306 
 0.1396855291 0.1389297255 0.1380327065 
 0.1391485554 0.1384731008 0.1376739900 
 0.1384355089 0.1378436440 0.1371462930 
 0.1375239931 0.1370187010 0.1364267506 
 0.1363909441 0.1359749448 0.1354918508 
 0.1350126881 0.1346884230 0.1343174765 
 0.1333650512 0.1331346543 0.1328789878 
 0.1314235769 0.1312888211 0.1311513900 
 0.1291639237 0.1291261327 0.1291096575 
 0.1265625468 0.1266224576 0.1267293072 
 0.1235977875 0.1237553490 0.1239873415 
 0.1202515007 0.1205055969 0.1208636958 
 0.1165113231 0.1168594194 0.1173433065 
 0.1123736008 0.1128113272 0.1134188551 
 0.1078468301 0.1083675476 0.1090941045 
 0.1029552318 0.1035496608 0.1043875265 
 0.0977417978 0.0983978204 0.0993356469 
 0.0922699299 0.0929726910 0.0939952772 
 0.0866227662 0.0873551710 0.0884436991 
 0.0808995939 0.0816432249 0.0827760609 
 0.0752093927 0.0759457569 0.0770997867 
 0.0696623733 0.0703742820 0.0715266022 
 0.0643610446 0.0650338718 0.0661635356 
 0.0593925430 0.0600151355 0.0611046306 
 0.0548235879 0.0553886971 0.0564249140 
 0.0506986508 0.0512028865 0.0521774843 
 0.0470411005 0.0474845108 0.0483937378 
 0.0438565070 0.0442419387 0.0450860661 
 0.0411370808 0.0414694756 0.0422520311 
 0.0388663390 0.0391520787 0.0398790454 
 0.0370233653 0.0372697336 0.0379488270 
 0.0355863343 0.0358011174 0.0364411975 
 0.0345352084 0.0347264302 0.0353370631 
 0.0338536652 0.0340294332 0.0346205892 
 0.0335303774 0.0336988112 0.0342806686 
 0.0335597728 0.0337289860 0.0343118067 
 0.0339423745 0.0341204814 0.0347145199 
 0.0346847704 0.0348798903 0.0354953002 
 0.0357992089 0.0360194405 0.0366661401 
 0.0373027599 0.0375560980 0.0382435578 
 0.0392159367 0.0395101000 0.0402470191 
 0.0415606464 0.0419027904 0.0426966321 
 0.0443573551 0.0447536481 0.0456100258 
 0.0476214267 0.0480764879 0.0489984220 
 0.0513587619 0.0518749907 0.0528621026 
 0.0555611135 0.0561379863 0.0571857518 
 0.0602017637 0.0608352195 0.0619344536 
 0.0652325075 0.0659145808 0.0670513419 
 0.0705829580 0.0713018095 0.0724578677 
 0.0761629188 0.0769033539 0.0780572590 
 0.0818679363 0.0826123897 0.0837410176 
 0.0875872992 0.0883171344 0.0893974504 
 0.0932130217 0.0939099081 0.0949206194 
 0.0986480689 0.0992951863 0.1002179976 
 0.1038123760 0.1043952631 0.1052155792 
 0.1086459308 0.1091529110 0.1098599844 
 0.1131090059 0.1135312276 0.1141178686 
 0.1171802167 0.1175114150 0.1179734378 
 0.1208533267 0.1210894323 0.1214250028 
 0.1241336560 0.1242723581 0.1244813670 
 0.1270347046 0.1270750417 0.1271585754 
 0.1295753310 0.1295173488 0.1294772830 
 0.1317775945 0.1316220825 0.1314607976 
 0.1336652270 0.1334135295 0.1331337269 
 0.1352626218 0.1349165099 0.1345211083 
 0.1365942079 0.1361557996 0.1356478853 
 0.1376840894 0.1371558022 0.1365386176 
 0.1385558521 0.1379403780 0.1372173317 
 0.1392324651 0.1385327591 0.1377074495 
 0.1397362299 0.1389555069 0.1380317504 
 0.1400887475 0.1392304822 0.1382123426 
 0.1403108845 0.1393788118 0.1382706274 
 0.1404227293 0.1394208437 0.1382272494 
 0.1404435347 0.1393760870 0.1381020307 
 0.1403916454 0.1392631356 0.1379138879 
 0.1402844111 0.1390995783 0.1376807345 
 0.1401380889 0.1389018974 0.1374193719 
 0.1399677367 0.1386853587 0.1371453732 
 0.1397871018 0.1384638980 0.1368729621 
 0.1396085089 0.1382500067 0.1366148933 
 0.1394427511 0.1380546215 0.1363823372 
 0.1392989872 0.1378870212 0.1361847733 
 0.1391846507 0.1377547360 0.1360298953 
 0.1391053722 0.1376634693 0.1359235326 
 