0.0912478997 0.0863923376 0.0815049446 
 0.0908958559 0.0860155431 0.0811055575 
 0.0908040455 0.0859176279 0.0810020771 
 0.0909733363 0.0860993740 0.0811951614 
 0.0914018649 0.0865590819 0.0816833494 
 0.0920849865 0.0872924948 0.0824629558 
 0.0930151544 0.0882926144 0.0835278157 
 0.0941817532 0.0895494382 0.0848689098 
 0.0955709216 0.0910496605 0.0864739224 
 0.0971654100 0.0927763952 0.0883267988 
 0.0989445207 0.0947089832 0.0904073813 
 0.1008841756 0.0968229450 0.0926912056 
 0.1029571431 0.0990901313 0.0951495312 
 0.1051334421 0.1014791002 0.0977496565 
 0.1073809128 0.1039557231 0.1004555354 
 0.1096659238 0.1064839858 0.1032286674 
 0.1119541639 0.1090269264 0.1060291927 
 0.1142114542 0.1115476234 0.1088170889 
 0.1164045135 0.1140101492 0.1115533520 
 0.1185016225 0.1163804062 0.1142010509 
 0.1204731445 0.1186267870 0.1167261691 
 0.1222918866 0.1207206317 0.1190981892 
 0.1239333052 0.1226364800 0.1212904110 
 0.1253755752 0.1243521447 0.1232800348 
 0.1265995577 0.1258486480 0.1250480618 
 0.1275887028 0.1271100682 0.1265790731 
 0.1283289252 0.1281233461 0.1278609502 
 0.1288084889 0.1288780908 0.1288845884 
 0.1290179313 0.1293664221 0.1296436448 
 0.1289500546 0.1295828740 0.1301343489 
 0.1286000085 0.1295243822 0.1303553955 
 0.1279654857 0.1291903697 0.1303079303 
 0.1270470472 0.1285829432 0.1299956351 
 0.1258485829 0.1277072016 0.1294249105 
 0.1243779017 0.1265716534 0.1286051516 
 0.1226474189 0.1251887180 0.1275490952 
 0.1206748824 0.1235752710 0.1262732107 
 0.1184840467 0.1217531671 0.1247980852 
 0.1161051752 0.1197496562 0.1231487407 
 0.1135752396 0.1175975925 0.1213548113 
 0.1109376920 0.1153353385 0.1194505022 
 0.1082417289 0.1130062879 0.1174742680 
 0.1055410297 0.1106579730 0.1154681688 
 0.1028920404 0.1083407784 0.1134769047 
 0.1003519518 0.1061063473 0.1115465685 
 0.0979765772 0.1040058127 0.1097232029 
 0.0958183469 0.1020880145 0.1080512702 
 0.0939246016 0.1003978532 0.1065721538 
 0.0923362979 0.0989748973 0.1053227957 
 0.0910871515 0.0978523052 0.1043345445 
 0.0902031698 0.0970560658 0.1036322490 
 0.0897024673 0.0966045152 0.1032336022 
 0.0895952417 0.0965080642 0.1031487118 
 0.0898838000 0.0967690702 0.1033798708 
 0.0905625643 0.0973818074 0.1039215055 
 0.0916180401 0.0983325267 0.1047602955 
 0.0930287900 0.0995996311 0.1058754805 
 0.0947655035 0.1011540248 0.1072393795 
 0.0967912845 0.1029597048 0.1088181515 
 0.0990622763 0.1049746552 0.1105728098 
 0.1015287078 0.1071520680 0.1124604739 
 0.1041363830 0.1094418616 0.1144358053 
 0.1068285446 0.1117924103 0.1164525380 
 0.1095479670 0.1141523471 0.1184649892 
 0.1122390708 0.1164722823 0.1204294337 
 0.1148498428 0.1187062806 0.1223052374 
 0.1173333712 0.1208129851 0.1240556862 
 0.1196488820 0.1227563262 0.1256484848 
 0.1217622434 0.1245058224 0.1270559459 
 0.1236459878 0.1260365266 0.1282549230 
 0.1252789568 0.1273287082 0.1292265570 
 0.1266457002 0.1283673725 0.1299559158 
 0.1277357596 0.1291417129 0.1304315945 
 0.1285429436 0.1296445728 0.1306453335 
 0.1290646737 0.1298719730 0.1305916953 
 0.1293014453 0.1298227372 0.1302678238 
 0.1292564255 0.1294982299 0.1296733002 
 0.1289351861 0.1289022089 0.1288100998 
 0.1283455619 0.1280407855 0.1276826478 
 0.1274976153 0.1269224791 0.1262979664 
 0.1264036846 0.1255583507 0.1246659012 
 0.1250784913 0.1239621917 0.1227994051 
 0.1235392783 0.1221507392 0.1207148468 
 0.1218059457 0.1201438808 0.1184322998 
 0.1199011478 0.1179648032 0.1159757530 
 0.1178503115 0.1156400338 0.1133731788 
 0.1156815374 0.1131993279 0.1106563953 
 0.1134253527 0.1106753585 0.1078606716 
 0.1111142974 0.1081031921 0.1050240554 
 0.1087823469 0.1055195555 0.1021864413 
 0.1064641944 0.1029619345 0.0993884383 
 0.1041944422 0.1004675725 0.0966701361 
 0.1020067632 0.0980724566 0.0940698904 
 0.0999331045 0.0958103853 0.0916232467 
 0.0980029956 0.0937121971 0.0893621021 
 0.0962430114 0.0918052173 0.0873141646 
 0.0946764157 0.0901129462 0.0855027258 
 0.0933229857 0.0886549771 0.0839467165 
 0.0921989951 0.0874471058 0.0826609844 
 0.0913173177 0.0865015742 0.0816567140 
 0.0906876019 0.0858273816 0.0809419025 
 0.0903164670 0.0854306001 0.0805218143 
 0.0902076772 0.0853146390 0.0803993478 
 0.0903622571 0.0854804157 0.0805752685 
 0.0907785291 0.0859264096 0.0810482803 
 0.0914520655 0.0866485900 0.0818149275 
 0.0923755647 0.0876402300 0.0828693385 
 0.0935386752 0.0888916343 0.0842028432 
 0.0949278041 0.0903898243 0.0858035143 
 0.0965259553 0.0921182392 0.0876556999 
 0.0983126487 0.0940565152 0.0897396282 
 0.1002639652 0.0961804110 0.0920311680 
 0.1023527545 0.0984619298 0.0945018230 
 0.1045490252 0.1008696761 0.0971190163 
 0.1068205092 0.1033694477 0.0998466847 
 0.1091333725 0.1059250374 0.1026461623 
 0.1114530194 0.1084991810 0.1054772831 
 0.1137449246 0.1110545690 0.1082996014 
 0.1159754249 0.1135548295 0.1110736082 
 0.1181124094 0.1159653985 0.1137618265 
 0.1201258665 0.1182542131 0.1163296958 
 0.1219882661 0.1203921962 0.1187461910 
 0.1236747797 0.1223535289 0.1209841695 
 0.1251633586 0.1241157359 0.1230204699 
 0.1264347036 0.1256596256 0.1248358183 
 0.1274721651 0.1269691337 0.1264146053 
 0.1282616110 0.1280311214 0.1277445963 
 0.1287913019 0.1288351697 0.1288166319 
 0.1290518016 0.1293734077 0.1296243607 
 0.1290359532 0.1296404010 0.1301640327 
 0.1287389435 0.1296331212 0.1304343752 
 0.1281584772 0.1293510133 0.1304365607 
 0.1272950773 0.1287961702 0.1301742730 
 0.1261525183 0.1279736191 0.1296538716 
 0.1247383868 0.1268917144 0.1288846463 
 0.1230647421 0.1255626159 0.1278791464 
 0.1211488209 0.1240028149 0.1266535538 
 0.1190137018 0.1222336447 0.1252280564 
 0.1166888149 0.1202816973 0.1236271620 
 0.1142101705 0.1181790476 0.1218798822 
 0.1116201834 0.1159631903 0.1200197121 
 0.1089670085 0.1136766131 0.1180843413 
 0.1063033610 0.1113659648 0.1161150549 
 0.1036848820 0.1090808353 0.1141558183 
 0.1011681821 0.1068722217 0.1122520811 
 0.0988087596 0.1047908052 0.1104493772 
 0.0966590025 0.1028851917 0.1087918256 
 0.0947664581 0.1012002650 0.1073206460 
 0.0931724896 0.0997757732 0.1060727937 
 0.0919113587 0.0986452131 0.1050797904 
 0.0910096939 0.0978350267 0.1043667933 
 0.0904862511 0.0973640765 0.1039519092 
 0.0903518505 0.0972433376 0.1038457388 
 0.0906093824 0.0974757472 0.1040511257 
 0.0912538102 0.0980561652 0.1045630900 
 0.0922721510 0.0989714344 0.1053689405 
 0.0936434705 0.1002005628 0.1064485761 
 0.0953389774 0.1017150822 0.1077750019 
 0.0973223302 0.1034796441 0.1093150822 
 0.0995502718 0.1054529116 0.1110305427 
 0.1019736718 0.1075887667 0.1128792034 
 0.1045389964 0.1098378061 0.1148163906 
 0.1071901401 0.1121490409 0.1167964416 
 0.1098704799 0.1144716678 0.1187741900 
 0.1125249516 0.1167567587 0.1207063204 
 0.1151019379 0.1189587180 0.1225524898 
 0.1175547852 0.1210363964 0.1242761535 
 0.1198428350 0.1229538024 0.1258450696 
 0.1219319375 0.1246804144 0.1272315011 
 0.1237944917 0.1261911453 0.1284121646 
 0.1254091151 0.1274660462 0.1293679966 
 0.1267600679 0.1284898472 0.1300838099 
 0.1278365599 0.1292514288 0.1305479093 
 0.1286320449 0.1297432991 0.1307517232 
 0.1291435812 0.1299611336 0.1306894883 
 0.1293713024 0.1299034079 0.1303580159 
 0.1293180220 0.1295711415 0.1297565522 
 0.1289889698 0.1289677534 0.1288867377 
 0.1283916531 0.1280990243 0.1277526646 
 0.1275358229 0.1269731542 0.1263610276 
 0.1264335246 0.1256008986 0.1247213533 
 0.1250992086 0.1239957615 0.1228462896 
 0.1235498733 0.1221742176 0.1207519232 
 0.1218052073 0.1201559250 0.1184580779 
 0.1198876935 0.1179638836 0.1159885390 
 0.1178226357 0.1156244877 0.1133711349 
 0.1156380679 0.1131674226 0.1106376113 
 0.1133645124 0.1106253632 0.1078232473 
 0.1110345701 0.1080334525 0.1049661875 
 0.1086823409 0.1054285673 0.1021065064 
 0.1063427014 0.1028484087 0.0992850664 
 0.1040504851 0.1003304871 0.0965422655 
 0.1018396305 0.0979110904 0.0939167998 
 0.0997423681 0.0956243310 0.0914445619 
 0.0977885129 0.0935013555 0.0891577798 
 0.0960049134 0.0915697752 0.0870844579 
 0.0944150848 0.0898533426 0.0852481368 
 0.0930390270 0.0883718641 0.0836679455 
 0.0918932075 0.0871413103 0.0823588815 
 0.0909906671 0.0861740649 0.0813322393 
 0.0903412015 0.0854792458 0.0805960994 
 0.0899515657 0.0850630322 0.0801557972 
 0.0898256577 0.0849289409 0.0800143062 
 0.0899646421 0.0850780095 0.0801724853 
 0.0903669949 0.0855088593 0.0806291624 
 0.0910284590 0.0862176293 0.0813810449 
 0.0919419211 0.0871977920 0.0824224676 
 0.0930972313 0.0884398779 0.0837450078 
 0.0944810039 0.0899311524 0.0853370186 
 0.0960764435 0.0916553020 0.0871831467 
 0.0978632489 0.0935921969 0.0892639159 
 0.0998176425 0.0957177944 0.0915554624 
 0.1019125628 0.0980042411 0.0940295024 
 0.1041180415 0.1004202107 0.0966535902 
 0.1064017617 0.1029314843 0.0993916945 
 0.1087297674 0.1055017468 0.1022050700 
 0.1110672738 0.1080935397 0.1050533624 
 0.1133795123 0.1106692859 0.1078958410 
 0.1156325381 0.1131922924 0.1106926376 
 0.1177939405 0.1156276438 0.1134058706 
 0.1198334077 0.1179429201 0.1160005596 
 0.1217231257 0.1201087023 0.1184452726 
 0.1234380105 0.1220988615 0.1207124946 
 0.1249557941 0.1238906548 0.1227787413 
 0.1262569973 0.1254646704 0.1246244727 
 0.1273248289 0.1268046707 0.1262338696 
 0.1281450503 0.1278973858 0.1275945397 
 0.1287058434 0.1287323015 0.1286972101 
 0.1289977139 0.1293014781 0.1295354491 
 0.1290134576 0.1295994292 0.1301054500 
 0.1287482136 0.1296230806 0.1304058948 
 0.1281996269 0.1293718264 0.1304379119 
 0.1273681343 0.1288476915 0.1302051314 
 0.1262573840 0.1280556061 0.1297138383 
 0.1248747814 0.1270037863 0.1289732177 
 0.1232321374 0.1257042019 0.1279956742 
 0.1213463652 0.1241730943 0.1267971984 
 0.1192401427 0.1224314845 0.1253977369 
 0.1169424316 0.1205055930 0.1238215071 
 0.1144887254 0.1184270762 0.1220971882 
 0.1119209053 0.1162329850 0.1202579146 
 0.1092866157 0.1139653659 0.1183410079 
 0.1066381287 0.1116704630 0.1163874019 
 0.1040307504 0.1093975320 0.1144407540 
 0.1015208957 0.1071973353 0.1125462748 
 0.0991640220 0.1051204384 0.1107493479 
 0.0970126293 0.1032154585 0.1090940427 
 0.0951145117 0.1015274124 0.1076216327 
 0.0935113846 0.1000962866 0.1063692249 
 0.0922379320 0.0989558992 0.1053685777 
 0.0913212404 0.0981330714 0.1046451528 
 0.0907805314 0.0976470781 0.1042174118 
 0.0906270793 0.0975093221 0.1040963436 
 0.0908642067 0.0977231702 0.1042852000 
 0.0914872853 0.0982839065 0.1047794187 
 0.0924837212 0.0991787897 0.1055667274 
 0.0938329559 0.1003872351 0.1066274397 
 0.0955065664 0.1018811708 0.1079349643 
 0.0974685741 0.1036256319 0.1094565512 
 0.0996760757 0.1055796448 0.1111542849 
 0.1020802770 0.1076974249 0.1129863077 
 0.1046279484 0.1099298610 0.1149082219 
 0.1072632418 0.1122262023 0.1168745853 
 0.1099297299 0.1145358216 0.1188403916 
 0.1125724729 0.1168098984 0.1207624227 
 0.1151399027 0.1190028772 0.1226003727 
 0.1175853440 0.1210735871 0.1243176802 
 0.1198680550 0.1229859623 0.1258820422 
 0.1219537544 0.1247093669 0.1272656258 
 0.1238146778 0.1262185723 0.1284450288 
 0.1254292610 0.1274934723 0.1294010541 
 0.1267815765 0.1285186339 0.1301183748 
 0.1278606495 0.1292827750 0.1305851551 
 0.1286597575 0.1297782469 0.1307926843 
 0.1291757935 0.1300005750 0.1307350645 
 0.1294087374 0.1299480925 0.1304089758 
 0.1293612589 0.1296216825 0.1298135357 
 0.1290384519 0.1290246314 0.1289502563 
 0.1284476934 0.1281625896 0.1278230996 
 0.1275986063 0.1270436253 0.1264386247 
 0.1265031085 0.1256783591 0.1248062156 
 0.1251755213 0.1240801550 0.1229383682 
 0.1236327113 0.1222653416 0.1208510068 
 0.1218942330 0.1202534254 0.1185637840 
 0.1199824343 0.1180672516 0.1161003079 
 0.1179224863 0.1157330612 0.1134882298 
 0.1157422966 0.1132803933 0.1107591271 
 0.1134722738 0.1107417915 0.1079481292 
 0.1111449235 0.1081522912 0.1050932603 
 0.1087942756 0.1055486927 0.1022345144 
 0.1064551658 0.1029686578 0.0994127197 
 0.1041624197 0.1004496979 0.0966682896 
 0.1019500008 0.0980281422 0.0940399835 
 0.0998501951 0.0957381801 0.0915637988 
 0.0978928991 0.0936110642 0.0892720997 
 0.0961050613 0.0916745313 0.0871930461 
 0.0945103081 0.0899524690 0.0853503408 
 0.0931287542 0.0884648191 0.0837632698 
 0.0919769779 0.0872276791 0.0824469738 
 0.0910681218 0.0862535456 0.0814128701 
 0.0904120705 0.0855516311 0.0806691379 
 0.0900156530 0.0851281902 0.0802211871 
 0.0898828259 0.0849867959 0.0800720421 
 0.0900147990 0.0851285249 0.0802225933 
 0.0904100811 0.0855520240 0.0806716841 
 0.0910644398 0.0862534477 0.0814160268 
 0.0919707806 0.0872262786 0.0824499553 
 0.0931189709 0.0884610557 0.0837650457 
 0.0944956423 0.0899450549 0.0853496535 
 0.0960840200 0.0916619782 0.0871884348 
 0.0978638274 0.0935917178 0.0892619325 
 0.0998113153 0.0957102598 0.0915463117 
 0.1018994537 0.0979897852 0.0940133259 
 0.1040983069 0.1003990049 0.0966305730 
 0.1063755876 0.1029037367 0.0993620658 
 0.1086973644 0.1054676973 0.1021691001 
 0.1110288681 0.1080534510 0.1050113529 
 0.1133353337 0.1106234307 0.1078481113 
 0.1155828068 0.1131409382 0.1106395075 
 0.1177388522 0.1155710366 0.1133476417 
 0.1197731193 0.1178812677 0.1159374964 
 0.1216577412 0.1200421591 0.1183775856 
 0.1233675689 0.1220275154 0.1206403254 
 0.1248802587 0.1238145159 0.1227021514 
 0.1261762468 0.1253836622 0.1245434345 
 0.1272386497 0.1267186235 0.1261482607 
 0.1280531309 0.1278060320 0.1275041395 
 0.1286077698 0.1286352723 0.1286016980 
 0.1288929668 0.1291983019 0.1294344043 
 0.1289014109 0.1294895313 0.1299983529 
 0.1286281365 0.1295057858 0.1302921304 
 0.1280706885 0.1292463636 0.1303167752 
 0.1272294142 0.1287132028 0.1300758357 
 0.1261078890 0.1279111613 0.1295755279 
 0.1247134711 0.1268484037 0.1288249858 
 0.1230579590 0.1255368772 0.1278365872 
 0.1211582987 0.1239928380 0.1266263269 
 0.1190372550 0.1222373675 0.1252141939 
 0.1167239374 0.1202967992 0.1236244925 
 0.1142540492 0.1182029583 0.1218860375 
 0.1116697396 0.1159931191 0.1200321488 
 0.1090189662 0.1137095999 0.1181003795 
 0.1063543427 0.1113989528 0.1161319346 
 0.1037315211 0.1091107608 0.1141707696 
 0.1012072442 0.1068961138 0.1122624062 
 0.0988372579 0.1048058868 0.1104525356 
 0.0966742976 0.1028889719 0.1087855167 
 0.0947663337 0.1011906177 0.1073028831 
 0.0931552017 0.0997509943 0.1060419636 
 0.0918756592 0.0986040580 0.1050346970 
 0.0909548337 0.0977767289 0.1043066842 
 0.0904119705 0.0972883502 0.1038764873 
 0.0902583628 0.0971503704 0.1037551600 
 0.0904973553 0.0973661838 0.1039459853 
 0.0911243473 0.0979310857 0.1044443992 
 0.0921267725 0.0988323259 0.1052380930 
 0.0934840903 0.1000492841 0.1063073055 
 0.0951678699 0.1015538163 0.1076253281 
 0.0971420837 0.1033108402 0.1091592491 
 0.0993637240 0.1052792135 0.1108709464 
 0.1017838276 0.1074129306 0.1127183160 
 0.1043489310 0.1096626124 0.1146566837 
 0.1070028964 0.1119772067 0.1166403141 
 0.1096889686 0.1143057682 0.1186239078 
 0.1123518657 0.1165991639 0.1205639702 
 0.1149396896 0.1188115514 0.1224199526 
 0.1174054711 0.1209015154 0.1241550950 
 0.1197082292 0.1228328018 0.1257369483 
 0.1218135098 0.1245746475 0.1271375890 
 0.1236934448 0.1261017581 0.1283335774 
 0.1253264322 0.1273940187 0.1293057282 
 0.1266965652 0.1284360367 0.1300387675 
 0.1277929365 0.1292166104 0.1305209469 
 0.1286089273 0.1297282014 0.1307436696 
 0.1291415590 0.1299664674 0.1307011705 
 0.1293909552 0.1299298866 0.1303902753 
 0.1293599358 0.1296194938 0.1298102536 
 0.1290537452 0.1290387275 0.1289627706 
 0.1284799043 0.1281933839 0.1278519366 
 0.1276481681 0.1270916660 0.1264844480 
 0.1265705687 0.1257443105 0.1248698071 
 0.1252615182 0.1241647729 0.1230206017 
 0.1237379444 0.1223694408 0.1209528122 
 0.1220194275 0.1203778399 0.1186861026 
 0.1201283000 0.1182127881 0.1162440393 
 0.1180896730 0.1159004480 0.1136541739 
 0.1159313478 0.1134702278 0.1109479247 
 0.1136835821 0.1109544903 0.1081602059 
 0.1113786915 0.1083880476 0.1053287820 
 0.1090504857 0.1058074465 0.1024933576 
 0.1067335634 0.1032500814 0.0996944626 
 0.1044625090 0.1007531998 0.0969722252 
 0.1022710565 0.0983528879 0.0943651531 
 0.1001912857 0.0960831281 0.0919090413 
 0.0982529196 0.0939750108 0.0896361108 
 0.0964827712 0.0920561597 0.0875744391 
 0.0949043684 0.0903503960 0.0857477024 
 0.0935377604 0.0888776339 0.0841752046 
 0.0923994846 0.0876539708 0.0828721334 
 0.0915026564 0.0866919164 0.0818499649 
 0.0908571355 0.0860006956 0.0811169314 
 0.0904697178 0.0855865598 0.0806784743 
 0.0903443079 0.0854530525 0.0805376147 
 0.0904820382 0.0856011859 0.0806951934 
 0.0908813116 0.0860295012 0.0811499532 
 0.0915377604 0.0867340069 0.0818984517 
 0.0924441306 0.0877080021 0.0829348181 
 0.0935901132 0.0889418142 0.0842503815 
 0.0949621593 0.0904224924 0.0858332230 
 0.0965433241 0.0921335153 0.0876677167 
 0.0983131876 0.0940545737 0.0897341383 
 0.1002479000 0.0961614965 0.0920084275 
 0.1023203870 0.0984263699 0.0944621789 
 0.1045007337 0.1008178872 0.0970629188 
 0.1067567429 0.1033019330 0.0997746898 
 0.1090546369 0.1058423742 0.1025589212 
 0.1113598548 0.1084019983 0.1053755194 
 0.1136378778 0.1109435167 0.1081840778 
 0.1158550164 0.1134305420 0.1109450848 
 0.1179790984 0.1158284552 0.1136210163 
 0.1199800165 0.1181050993 0.1161772199 
 0.1218301116 0.1202312669 0.1185825382 
 0.1235043972 0.1221809769 0.1208096614 
 0.1249806411 0.1239315658 0.1228352335 
 0.1262393390 0.1254636326 0.1246397660 
 0.1272636184 0.1267608879 0.1262074204 
 0.1280391103 0.1278099558 0.1275257248 
 0.1285538274 0.1286001728 0.1285852784 
 0.1287980786 0.1291234193 0.1293794877 
 0.1287644492 0.1293740119 0.1299043641 
 0.1284478725 0.1293486789 0.1301584040 
 0.1278458127 0.1290466341 0.1301425620 
 0.1269585780 0.1284697616 0.1298603255 
 0.1257897703 0.1276229159 0.1293178885 
 0.1243468672 0.1265143303 0.1285244199 
 0.1226419056 0.1251561157 0.1274924074 
 0.1206922116 0.1235648065 0.1262380490 
 0.1185210861 0.1217618924 0.1247816426 
 0.1161583305 0.1197742498 0.1231479158 
 0.1136404772 0.1176343742 0.1213662184 
 0.1110106017 0.1153803138 0.1194705048 
 0.1083176270 0.1130552246 0.1174990364 
 0.1056150987 0.1107065079 0.1154937628 
 0.1029594935 0.1083845487 0.1134993767 
 0.1004082066 0.1061411345 0.1115620825 
 0.0980174200 0.1040276874 0.1097281566 
 0.0958400722 0.1020934669 0.1080424130 
 0.0939241155 0.1003839019 0.1065466909 
 0.0923111827 0.0989391680 0.1052784709 
 0.0910356945 0.0977930803 0.1042696996 
 0.0901243638 0.0969723065 0.1035458596 
 0.0895959936 0.0964958639 0.1031252912 
 0.0894614451 0.0963748311 0.1030187448 
 0.0897236626 0.0966122102 0.1032291361 
 0.0903776803 0.0972028894 0.1037514798 
 0.0914105902 0.0981336944 0.1045729969 
 0.0928015104 0.0993835531 0.1056734077 
 0.0945216417 0.1009238293 0.1070254365 
 0.0965345341 0.1027188971 0.1085955582 
 0.0987966858 0.1047270163 0.1103450004 
 0.1012585639 0.1069015371 0.1122309875 
 0.1038660720 0.1091924096 0.1142081756 
 0.1065624047 0.1115479140 0.1162301905 
 0.1092901445 0.1139164767 0.1182511541 
 0.1119933975 0.1162484104 0.1202270806 
 0.1146197453 0.1184974226 0.1221170368 
 0.1171218209 0.1206217723 0.1238839971 
 0.1194583864 0.1225850111 0.1254953667 
 0.1215948727 0.1243563102 0.1269231897 
 0.1235034288 0.1259104244 0.1281440943 
 0.1251625822 0.1272273855 0.1291390467 
 0.1265566441 0.1282920229 0.1298929907 
 0.1276749892 0.1290934129 0.1303944445 
 0.1285113229 0.1296243325 0.1306351129 
 0.1290630144 0.1298807767 0.1306095551 
 0.1293305445 0.1298615728 0.1303149346 
 0.1293170893 0.1295681063 0.1297508647 
 0.1290282405 0.1290041616 0.1289193549 
 0.1284718512 0.1281758706 0.1278248537 
 0.1276579884 0.1270917552 0.1264743839 
 0.1265989701 0.1257628484 0.1248777548 
 0.1253094623 0.1242028710 0.1230478317 
 0.1238066071 0.1224284356 0.1210008315 
 0.1221101504 0.1204592418 0.1187566002 
 0.1202425346 0.1183182193 0.1163388178 
 0.1182289152 0.1160315697 0.1137750675 
 0.1160970667 0.1136286594 0.1110967075 
 0.1138771462 0.1111417254 0.1083384972 
 0.1116012961 0.1086053723 0.1055379540 
 0.1093030872 0.1060558679 0.1027344576 
 0.1070168264 0.1035302715 0.0999681553 
 0.1047767701 0.1010654619 0.0972787630 
 0.1026163072 0.0986971466 0.0947043757 
 0.1005671754 0.0964589434 0.0922804042 
 0.0986587756 0.0943816124 0.0900387360 
 0.0969176317 0.0924924951 0.0880071801 
 0.0953670230 0.0908151850 0.0862092146 
 0.0940267917 0.0893694216 0.0846640104 
 0.0929133045 0.0881711728 0.0833866755 
 0.0920395341 0.0872328506 0.0823886415 
 0.0914152130 0.0865635970 0.0816781113 
 0.0910470113 0.0861695787 0.0812604900 
 0.0909386977 0.0860542360 0.0811387349 
 0.0910912474 0.0862184451 0.0813135800 
 0.0915028780 0.0866605695 0.0817836043 
 0.0921690061 0.0873763934 0.0825451386 
 0.0930821345 0.0883589474 0.0835920217 
 0.0942316926 0.0895982547 0.0849152376 
 0.0956038658 0.0910810404 0.0865024828 
 0.0971814574 0.0927904607 0.0883377318 
 0.0989438314 0.0947059129 0.0904008773 
 0.1008669795 0.0968029888 0.0926675275 
 0.1029237453 0.0990536218 0.0951090328 
 0.1050842229 0.1014264575 0.0976927935 
 0.1073163203 0.1038874508 0.1003828661 
 0.1095864595 0.1064006582 0.1031408413 
 0.1118603602 0.1089291648 0.1059269268 
 0.1141038459 0.1114360660 0.1087011338 
 0.1162836058 0.1138854141 0.1114244509 
 0.1183678558 0.1162430525 0.1140598953 
 0.1203268608 0.1184772771 0.1165733555 
 0.1221332973 0.1205592952 0.1189341791 
 0.1237624620 0.1224634831 0.1211154972 
 0.1251923452 0.1241674642 0.1230943151 
 0.1264036024 0.1256520508 0.1248514186 
 0.1273794599 0.1269010957 0.1263711602 
 0.1281055948 0.1279013022 0.1276411836 
 0.1285700228 0.1286420344 0.1286521426 
 0.1287630254 0.1291151625 0.1293974518 
 0.1286771469 0.1293149713 0.1298731017 
 0.1283072831 0.1292381525 0.1300775556 
 0.1276508873 0.1288838983 0.1300117413 
 0.1267083079 0.1282541077 0.1296791444 
 0.1254832672 0.1273537098 0.1290860020 
 0.1239834722 0.1261910972 0.1282415913 
 0.1222213270 0.1247786483 0.1271585936 
 0.1202146835 0.1231332932 0.1258535024 
 0.1179875373 0.1212770574 0.1243470261 
 0.1155705436 0.1192374928 0.1226644203 
 0.1130012179 0.1170478934 0.1208356737 
 0.1103236929 0.1147471940 0.1188954678 
 0.1075879484 0.1123794738 0.1168828456 
 0.1048485020 0.1099930298 0.1148405459 
 0.1021626343 0.1076390478 0.1128140064 
 0.0995883095 0.1053699595 0.1108500794 
 0.0971820048 0.1032376289 0.1089955487 
 0.0949966748 0.1012915339 0.1072955646 
 0.0930800358 0.0995770986 0.1057921176 
 0.0914732842 0.0981342966 0.1045226603 
 0.0902102689 0.0969965825 0.1035189497 
 0.0893170614 0.0961901519 0.1028061453 
 0.0888118100 0.0957334818 0.1024021608 
 0.0887047474 0.0956370786 0.1023172448 
 0.0889982360 0.0959033619 0.1025537573 
 0.0896867759 0.0965266373 0.1031061180 
 0.0907569593 0.0974931453 0.1039609205 
 0.0921874155 0.0987812176 0.1050972285 
 0.0939488414 0.1003616001 0.1064870842 
 0.0960042465 0.1021980208 0.1080962594 
 0.0983095405 0.1042480666 0.1098852705 
 0.1008145575 0.1064644008 0.1118106398 
 0.1034645422 0.1087962947 0.1138263553 
 0.1062020367 0.1111913886 0.1158854346 
 0.1089690167 0.1135975402 0.1179414778 
 0.1117090677 0.1159645947 0.1199500838 
 0.1143693690 0.1182459148 0.1218700242 
 0.1169022905 0.1203995477 0.1236641012 
 0.1192664748 0.1223889646 0.1252996657 
 0.1214273692 0.1241833763 0.1267488124 
 0.1233572560 0.1257576788 0.1279883081 
 0.1250348880 0.1270921241 0.1289993267 
 0.1264448679 0.1281718197 0.1297670701 
 0.1275769046 0.1289861576 0.1302803499 
 0.1284250601 0.1295282521 0.1305311861 
 0.1289870681 0.1297944456 0.1305144652 
 0.1292637714 0.1297839139 0.1302276843 
 0.1292586993 0.1294983873 0.1296707920 
 0.1289777837 0.1289419878 0.1288461311 
 0.1284292025 0.1281211748 0.1277584803 
 0.1276233303 0.1270447860 0.1264151863 
 0.1265727736 0.1257241554 0.1248263723 
 0.1252924641 0.1241732851 0.1230052020 
 0.1237997823 0.1224090439 0.1209681677 
 0.1221146803 0.1204513546 0.1187353573 
 0.1202597660 0.1183233272 0.1163306477 
 0.1182603132 0.1160512915 0.1137817604 
 0.1161441602 0.1136646800 0.1111201217 
 0.1139414670 0.1111957268 0.1083804794 
 0.1116843162 0.1086789610 0.1056002561 
 0.1094061567 0.1061505040 0.1028186558 
 0.1071411168 0.1036472059 0.1000755798 
 0.1049232280 0.1012056859 0.0974104447 
 0.1027856207 0.0988613594 0.0948610150 
 0.1007597559 0.0966475378 0.0924623633 
 0.0988747550 0.0945946797 0.0902460534 
 0.0971568725 0.0927298452 0.0882396030 
 0.0956291388 0.0910763776 0.0864662425 
 0.0943111729 0.0896538023 0.0849449434 
 0.0932191460 0.0884779092 0.0836906593 
 0.0923658598 0.0875609627 0.0827147053 
 0.0917608942 0.0869119795 0.0820251923 
 0.0914107781 0.0865370116 0.0816274447 
 0.0913191408 0.0864393839 0.0815243353 
 0.0914868132 0.0866198458 0.0817164954 
 0.0919118566 0.0870766141 0.0822023728 
 0.0925895168 0.0878053010 0.0829781304 
 0.0935121114 0.0887987390 0.0840373997 
 0.0946688745 0.0900467306 0.0853709205 
 0.0960457944 0.0915357672 0.0869661172 
 0.0976254872 0.0932487711 0.0888066797 
 0.0993871536 0.0951649239 0.0908722239 
 0.1013066610 0.0972596390 0.0931381136 
 0.1033567819 0.0995047281 0.0955755122 
 0.1055076022 0.1018687876 0.0981517143 
 0.1077270914 0.1043178068 0.1008307680 
 0.1099818009 0.1068159623 0.1035743611 
 0.1122376418 0.1093265397 0.1063429007 
 0.1144606781 0.1118129011 0.1090966861 
 0.1166178718 0.1142394131 0.1117970602 
 0.1186777271 0.1165722579 0.1144074327 
 0.1206107940 0.1187800723 0.1168940947 
 0.1223900168 0.1208343875 0.1192267807 
 0.1239909316 0.1227098711 0.1213789731 
 0.1253917332 0.1243843967 0.1233279797 
 0.1265732435 0.1258389811 0.1250548347 
 0.1275188190 0.1270576376 0.1265440849 
 0.1282142346 0.1280271899 0.1277835199 
 0.1286475774 0.1287370895 0.1287638981 
 0.1288091830 0.1291792704 0.1294787082 
 0.1286916409 0.1293480664 0.1299239943 
 0.1282898959 0.1292402149 0.1300982637 
 0.1276014656 0.1288549620 0.1300024903 
 0.1266267932 0.1281942811 0.1296402179 
 0.1253697414 0.1272632083 0.1290177655 
 0.1238382177 0.1260702893 0.1281445266 
 0.1220448992 0.1246281119 0.1270333419 
 0.1200079915 0.1229538797 0.1257009149 
 0.1177519230 0.1210699577 0.1241682172 
 0.1153078505 0.1190042978 0.1224608186 
 0.1127138347 0.1167906392 0.1206090641 
 0.1100145623 0.1144683832 0.1186480175 
 0.1072605315 0.1120820644 0.1166171066 
 0.1045066959 0.1096803879 0.1145594313 
 0.1018106480 0.1073148648 0.1125207377 
 0.0992305112 0.1050381408 0.1105481082 
 0.0968227578 0.1029021649 0.1086884592 
 0.0946401803 0.1009563663 0.1069869656 
 0.0927302005 0.0992459974 0.1054855355 
 0.0911336214 0.0978107564 0.1042214399 
 0.0898838389 0.0966837456 0.1032261719 
 0.0890064473 0.0958907585 0.1025245628 
 0.0885191213 0.0954498452 0.1021341542 
 0.0884316415 0.0953710780 0.1020647950 
 0.0887459472 0.0956564477 0.1023184308 
 0.0894561437 0.0962998410 0.1028890620 
 0.0905484501 0.0972870909 0.1037628644 
 0.0920011352 0.0985961311 0.1049184900 
 0.0937845412 0.1001973195 0.1063275805 
 0.0958613258 0.1020540078 0.1079555253 
 0.0981870523 0.1041234252 0.1097624846 
 0.1007112237 0.1063579050 0.1117046607 
 0.1033787836 0.1087064299 0.1137357682 
 0.1061320189 0.1111164047 0.1158086073 
 0.1089127128 0.1135355151 0.1178766222 
 0.1116643300 0.1159135032 0.1198953203 
 0.1143340061 0.1182036980 0.1218234424 
 0.1168741395 0.1203641757 0.1236238152 
 0.1192434641 0.1223584898 0.1252638589 
 0.1214075665 0.1241559732 0.1267157718 
 0.1233389000 0.1257316712 0.1279564474 
 0.1250164059 0.1270659997 0.1289671992 
 0.1264248800 0.1281442350 0.1297333750 
 0.1275542197 0.1289559355 0.1302439318 
 0.1283986659 0.1294943760 0.1304910316 
 0.1289561193 0.1297560509 0.1304696988 
 0.1292275771 0.1297402799 0.1301775635 
 0.1292167121 0.1294489302 0.1296147040 
 0.1289295911 0.1288862559 0.1287835922 
 0.1283745211 0.1280588464 0.1276891368 
 0.1275620027 0.1269756694 0.1263388188 
 0.1265047672 0.1256481914 0.1247429020 
 0.1252178719 0.1240905513 0.1229146993 
 0.1237188250 0.1223197597 0.1208708603 
 0.1220277074 0.1203558853 0.1186316387 
 0.1201672559 0.1182221861 0.1162210806 
 0.1181628704 0.1159451375 0.1136670759 
 0.1160425080 0.1135543101 0.1110012099 
 0.1138364352 0.1110820603 0.1082583704 
 0.1115768224 0.1085630173 0.1054760914 
 0.1092971830 0.1060333722 0.1026936504 
 0.1070316814 0.1035300100 0.0999509783 
 0.1048143547 0.1010895465 0.0972874748 
 0.1026783079 0.0987473565 0.0947408424 
 0.1006549483 0.0965366774 0.0923460536 
 0.0987733196 0.0944878671 0.0901345428 
 0.0970595815 0.0926278669 0.0881336808 
 0.0955366592 0.0909798923 0.0863665449 
 0.0942240636 0.0895633414 0.0848519580 
 0.0931378609 0.0883938839 0.0836047387 
 0.0922907564 0.0874836776 0.0826360856 
 0.0916922455 0.0868416488 0.0819540159 
 0.0913487862 0.0864737776 0.0815637824 
 0.0912639509 0.0863833343 0.0814682083 
 0.0914385262 0.0865710295 0.0816678937 
 0.0918705396 0.0870350534 0.0821612690 
 0.0925552112 0.0877710007 0.0829444900 
 0.0934848375 0.0887716913 0.0840111855 
 0.0946486333 0.0900269161 0.0853520929 
 0.0960325669 0.0915231527 0.0869546306 
 0.0976192319 0.0932433053 0.0888024752 
 0.0993878032 0.0951665316 0.0908752212 
 0.1013141190 0.0972682151 0.0931482017 
 0.1033709210 0.0995201334 0.0955925428 
 0.1055282645 0.1018908472 0.0981754970 
 0.1077540915 0.1043463119 0.1008610709 
 0.1100149323 0.1068506761 0.1036109157 
 0.1122766865 0.1093672070 0.1063854122 
 0.1145054179 0.1118592611 0.1091448472 
 0.1166681022 0.1142912147 0.1118505679 
 0.1187332710 0.1166292753 0.1144660069 
 0.1206715158 0.1188421207 0.1169574956 
 0.1224558359 0.1209013376 0.1192948250 
 0.1240618337 0.1227816619 0.1214515477 
 0.1254677808 0.1244610458 0.1234050527 
 0.1266545845 0.1259205933 0.1251364634 
 0.1276056942 0.1271444112 0.1266304215 
 0.1283069834 0.1281194217 0.1278748149 
 0.1287466423 0.1288351780 0.1288605022 
 0.1289151126 0.1292837174 0.1295810727 
 0.1288050910 0.1294594775 0.1300326695 
 0.1284116270 0.1293592967 0.1302138963 
 0.1277323374 0.1289825166 0.1301258169 
 0.1267677528 0.1283311962 0.1297720563 
 0.1255218036 0.1274104411 0.1291590009 
 0.1240024373 0.1262288434 0.1282960917 
 0.1222223323 0.1247990054 0.1271961909 
 0.1201996466 0.1231381046 0.1258759893 
 0.1179587034 0.1212684311 0.1243564048 
 0.1155304907 0.1192178063 0.1226629065 
 0.1129528379 0.1170197817 0.1208256876 
 0.1102701440 0.1147135158 0.1188796094 
 0.1075325785 0.1123432545 0.1168638513 
 0.1047947457 0.1099573828 0.1148212280 
 0.1021138934 0.1076070784 0.1127971773 
 0.0995478282 0.1053446614 0.1108384657 
 0.0971527535 0.1032217809 0.1089917035 
 0.0949812528 0.1012876072 0.1073017830 
 0.0930806010 0.0995871822 0.1058103646 
 0.0914915105 0.0981600431 0.1045545125 
 0.0902473298 0.0970391759 0.1035655552 
 0.0893736322 0.0962502941 0.1028682003 
 0.0888880821 0.0958113932 0.1024799012 
 0.0888004471 0.0957325084 0.1024104509 
 0.0891126431 0.0960156051 0.1026617689 
 0.0898187406 0.0966545560 0.1032278583 
 0.0909049192 0.0976351961 0.1040949300 
 0.0923494156 0.0989354860 0.1052417076 
 0.0941225646 0.1005258460 0.1066399464 
 0.0961870586 0.1023697368 0.1082551954 
 0.0984985542 0.1044245499 0.1100478201 
 0.1010067159 0.1066428371 0.1119742706 
 0.1036567177 0.1089738491 0.1139885414 
 0.1063911373 0.1113652954 0.1160437308 
 0.1091520893 0.1137651845 0.1180935817 
 0.1118833866 0.1161235771 0.1200938829 
 0.1145325007 0.1183940945 0.1220036228 
 0.1170521292 0.1205350609 0.1237858292 
 0.1194012487 0.1225102208 0.1254080691 
 0.1215456207 0.1242890347 0.1268426309 
 0.1234578022 0.1258466126 0.1280664434 
 0.1251167709 0.1271633768 0.1290608057 
 0.1265073000 0.1282245607 0.1298110090 
 0.1276192171 0.1290196397 0.1303059198 
 0.1284466578 0.1295417756 0.1305375836 
 0.1289873928 0.1297873293 0.1305008899 
 0.1292422755 0.1297554742 0.1301933223 
 0.1292148288 0.1294479263 0.1296148070 
 0.1289109710 0.1288687894 0.1287676640 
 0.1283388678 0.1280245092 0.1276566564 
 0.1275088915 0.1269239229 0.1262891320 
 0.1264336636 0.1255783852 0.1246752412 
 0.1251281561 0.1240019497 0.1228282111 
 0.1236098217 0.1222115739 0.1207646426 
 0.1218987215 0.1202273140 0.1185047851 
 0.1200176133 0.1180724615 0.1160727333 
 0.1179919615 0.1157735752 0.1134964829 
 0.1158498329 0.1133603602 0.1108077823 
 0.1136216463 0.1108653554 0.1080417358 
 0.1113397617 0.1083234118 0.1052361357 
 0.1090379094 0.1057709706 0.1024305441 
 0.1067504865 0.1032451779 0.0996651829 
 0.1045117646 0.1007829060 0.0969797280 
 0.1023550714 0.0984197642 0.0944121240 
 0.1003120137 0.0961891893 0.0919975368 
 0.0984118024 0.0941216947 0.0897675366 
 0.0966807288 0.0922443303 0.0877495717 
 0.0951418142 0.0905803763 0.0859667444 
 0.0938146349 0.0891492589 0.0844378612 
 0.0927153003 0.0879666514 0.0831776981 
 0.0918565468 0.0870447039 0.0821974017 
 0.0912478997 0.0863923376 0.0815049446 
 