0.0404718455 0.0433357340 0.0468281100 
 0.0399003133 0.0427420037 0.0462133353 
 0.0397494624 0.0425851512 0.0460508056 
 0.0400177317 0.0428639348 0.0463396939 
 0.0407082233 0.0435809110 0.0470818434 
 0.0418283065 0.0447419987 0.0482812998 
 0.0433885759 0.0463553465 0.0499431102 
 0.0454011119 0.0484294750 0.0520713912 
 0.0478769961 0.0509706894 0.0546667153 
 0.0508230880 0.0539798320 0.0577229532 
 0.0542381998 0.0574485844 0.0612238563 
 0.0581089958 0.0613557223 0.0651398394 
 0.0624061896 0.0656639322 0.0694255799 
 0.0670818134 0.0703179427 0.0740191113 
 0.0720684050 0.0752446890 0.0788429602 
 0.0772807640 0.0803559540 0.0838075378 
 0.0826204476 0.0855534113 0.0888164864 
 0.0879825036 0.0907353829 0.0937731742 
 0.0932633061 0.0958041426 0.0985872130 
 0.0983680465 0.1006724504 0.1031798870 
 0.1032165675 0.1052682661 0.1074877186 
 0.1077467587 0.1095371296 0.1114639084 
 0.1119154039 0.1134422913 0.1150778756 
 0.1156969359 0.1169631103 0.1183134361 
 0.1190808467 0.1200924311 0.1211662543 
 0.1220685228 0.1228336047 0.1236411247 
 0.1246701109 0.1251976505 0.1257494717 
 0.1269017901 0.1272008483 0.1275072767 
 0.1287836127 0.1288628673 0.1289334972 
 0.1303379270 0.1302054196 0.1300489445 
 0.1315883028 0.1312513556 0.1308755410 
 0.1325588502 0.1320240987 0.1314358626 
 0.1332738183 0.1325473155 0.1317528754 
 0.1337573752 0.1328447386 0.1318497961 
 0.1340334963 0.1329400749 0.1317500177 
 0.1341259070 0.1328569546 0.1314770630 
 0.1340580440 0.1326188902 0.1310545389 
 0.1338530140 0.1322492249 0.1305060731 
 0.1335335362 0.1317710617 0.1298552260 
 0.1331218635 0.1312071650 0.1291253702 
 0.1326396789 0.1305798364 0.1283395389 
 0.1321079698 0.1299107635 0.1275202456 
 0.1315468828 0.1292208484 0.1266892794 
 0.1309755628 0.1285300201 0.1258674845 
 0.1304119837 0.1278570381 0.1250745311 
 0.1298727758 0.1272192948 0.1243286885 
 0.1293730559 0.1266326233 0.1236466062 
 0.1289262665 0.1261111170 0.1230431139 
 0.1285440279 0.1256669677 0.1225310420 
 0.1282360093 0.1253103240 0.1221210707 
 0.1280098194 0.1250491747 0.1218216061 
 0.1278709211 0.1248892578 0.1216386859 
 0.1278225691 0.1248339961 0.1215759140 
 0.1278657745 0.1248844591 0.1216344217 
 0.1279992928 0.1250393516 0.1218128572 
 0.1282196388 0.1252950289 0.1221073997 
 0.1285211261 0.1256455375 0.1225118019 
 0.1288959314 0.1260826832 0.1230174589 
 0.1293341827 0.1265961240 0.1236135051 
 0.1298240702 0.1271734898 0.1242869399 
 0.1303519769 0.1278005237 0.1250227811 
 0.1309026264 0.1284612461 0.1258042440 
 0.1314592442 0.1291381341 0.1266129425 
 0.1320037263 0.1298123130 0.1274291064 
 0.1325168102 0.1304637530 0.1282318074 
 0.1329782435 0.1310714632 0.1289991862 
 0.1333669410 0.1316136773 0.1297086706 
 0.1336611288 0.1320680231 0.1303371780 
 0.1338384674 0.1324116706 0.1308612935 
 0.1338761529 0.1326214558 0.1312574199 
 0.1337509955 0.1326739768 0.1315018970 
 0.1334394771 0.1325456662 0.1315710906 
 0.1329177952 0.1322128447 0.1314414576 
 0.1321619084 0.1316517677 0.1310895970 
 0.1311476061 0.1308386882 0.1304923062 
 0.1298506423 0.1297499656 0.1296266706 
 0.1282469883 0.1283622725 0.1284702271 
 0.1263132841 0.1266529657 0.1270012624 
 0.1240275877 0.1246007090 0.1251993182 
 0.1213705344 0.1221864506 0.1230459946 
 0.1183270127 0.1193948537 0.1205261428 
 0.1148884171 0.1162162507 0.1176295180 
 0.1110554419 0.1126491142 0.1143529096 
 0.1068412162 0.1087029058 0.1107026593 
 0.1022743633 0.1044009817 0.1066973315 
 0.0974013502 0.0997830291 0.1023701201 
 0.0922873580 0.0949063587 0.0977704253 
 0.0870149743 0.0898453805 0.0929639846 
 0.0816803525 0.0846888165 0.0880310753 
 0.0763870716 0.0795346769 0.0830626477 
 0.0712385846 0.0744836083 0.0781547405 
 0.0663305979 0.0696317185 0.0734020118 
 0.0617447780 0.0650641627 0.0688914934 
 0.0575447956 0.0608505703 0.0646976317 
 0.0537750776 0.0570428805 0.0608793266 
 0.0504619949 0.0536755591 0.0574791674 
 0.0476167940 0.0507677012 0.0545245964 
 0.0452394424 0.0483262957 0.0520304289 
 0.0433226541 0.0463499323 0.0500020696 
 0.0418555761 0.0448323844 0.0484388448 
 0.0408268490 0.0437657051 0.0473370244 
 0.0402269311 0.0431426560 0.0466922811 
 0.0400496909 0.0429584096 0.0465014622 
 0.0402933132 0.0432115352 0.0467636335 
 0.0409605634 0.0439042886 0.0474803884 
 0.0420584261 0.0450422150 0.0486554233 
 0.0435970939 0.0466330515 0.0502933765 
 0.0455882591 0.0486849045 0.0523979374 
 0.0480426618 0.0512036993 0.0549692765 
 0.0509669049 0.0541899752 0.0580009350 
 0.0543596670 0.0576352296 0.0614764557 
 0.0582076379 0.0615182124 0.0653662078 
 0.0624817376 0.0658017690 0.0696250149 
 0.0671343846 0.0704309723 0.0741912499 
 0.0720986479 0.0753332569 0.0789879408 
 0.0772899354 0.0804209954 0.0839260968 
 0.0826103964 0.0855964532 0.0889099688 
 0.0879555586 0.0907584541 0.0938434532 
 0.0932220888 0.0958096097 0.0986365375 
 0.0983152474 0.1006628156 0.1032106904 
 0.1031547321 0.1052459671 0.1075024258 
 0.1076781185 0.1095043747 0.1114647726 
 0.1118417711 0.1134009477 0.1150668613 
 0.1156196620 0.1169146487 0.1182921526 
 0.1190008324 0.1200379167 0.1211359328 
 0.1219862620 0.1227737208 0.1236026276 
 0.1245857507 0.1251327413 0.1257033217 
 0.1268151940 0.1271309679 0.1274536960 
 0.1286944205 0.1287878297 0.1288724491 
 0.1302456054 0.1301248431 0.1299801739 
 0.1314921880 0.1311647029 0.1307986126 
 0.1324581829 0.1319307110 0.1313501946 
 0.1331677721 0.1324464430 0.1316577721 
 0.1336450818 0.1327355678 0.1317444771 
 0.1339140676 0.1328217541 0.1316336470 
 0.1339984558 0.1327286188 0.1313487774 
 0.1339217044 0.1324796846 0.1309134758 
 0.1337069610 0.1320983295 0.1303513991 
 0.1333770055 0.1316077142 0.1296861641 
 0.1329541700 0.1310306842 0.1289412269 
 0.1324602356 0.1303896437 0.1281397300 
 0.1319163049 0.1297064031 0.1273043192 
 0.1313426548 0.1290020056 0.1264569367 
 0.1307585747 0.1282965367 0.1256185970 
 0.1301821940 0.1276089250 0.1248091544 
 0.1296303071 0.1269567412 0.1240470713 
 0.1291182013 0.1263560025 0.1233491966 
 0.1286594924 0.1258209897 0.1227305604 
 0.1282659756 0.1253640814 0.1222041931 
 0.1279474926 0.1249956106 0.1217809700 
 0.1277118209 0.1247237449 0.1214694860 
 0.1275645861 0.1245543942 0.1212759595 
 0.1275091981 0.1244911438 0.1212041643 
 0.1275468128 0.1245352149 0.1212553906 
 0.1276763199 0.1246854515 0.1214284316 
 0.1278943554 0.1249383340 0.1217195971 
 0.1281953398 0.1252880186 0.1221227540 
 0.1285715415 0.1257264036 0.1226293929 
 0.1290131641 0.1262432217 0.1232287240 
 0.1295084563 0.1268261582 0.1239078016 
 0.1300438430 0.1274609927 0.1246516762 
 0.1306040736 0.1281317631 0.1254435742 
 0.1311723839 0.1288209461 0.1262650993 
 0.1317306668 0.1295096514 0.1270964522 
 0.1322596460 0.1301778196 0.1279166597 
 0.1327390466 0.1308044212 0.1287038049 
 0.1331477566 0.1313676449 0.1294352507 
 0.1334639732 0.1318450717 0.1300878464 
 0.1336653308 0.1322138276 0.1306381117 
 0.1337290050 0.1324507108 0.1310623909 
 0.1336317944 0.1325322923 0.1313369770 
 0.1333501801 0.1324349905 0.1314382040 
 0.1328603719 0.1321351272 0.1313425148 
 0.1321383526 0.1316089746 0.1310265129 
 0.1311599447 0.1308328148 0.1304670172 
 0.1299009362 0.1297830437 0.1296411465 
 0.1283373198 0.1284363653 0.1285264736 
 0.1264457217 0.1267701432 0.1271013067 
 0.1242041172 0.1247629943 0.1253451694 
 0.1215929455 0.1223957247 0.1232395682 
 0.1185967282 0.1196527090 0.1207691381 
 0.1152062608 0.1165237834 0.1179232399 
 0.1114213480 0.1130066580 0.1146980317 
 0.1072539047 0.1091097215 0.1110989379 
 0.1027310258 0.1048549389 0.1071432969 
 0.0978974145 0.1002803370 0.1028627915 
 0.0928164089 0.0954414206 0.0983051134 
 0.0875688994 0.0904108405 0.0935342505 
 0.0822497399 0.0852758438 0.0886288987 
 0.0769618283 0.0801334793 0.0836788189 
 0.0718086785 0.0750841088 0.0787794392 
 0.0668867915 0.0702242793 0.0740254816 
 0.0622792226 0.0656402298 0.0695046997 
 0.0580514001 0.0614031361 0.0652927931 
 0.0542496251 0.0575667141 0.0614502492 
 0.0509020404 0.0541672103 0.0580213627 
 0.0480214085 0.0512253269 0.0550352081 
 0.0456088781 0.0487493757 0.0525080218 
 0.0436579940 0.0467389399 0.0504463427 
 0.0421584119 0.0451884615 0.0488503214 
 0.0410990096 0.0440903744 0.0477167588 
 0.0404702708 0.0434375841 0.0470416042 
 0.0402659336 0.0432252252 0.0468217760 
 0.0404839467 0.0434516986 0.0470562560 
 0.0411267766 0.0441190069 0.0477464466 
 0.0422010827 0.0452323993 0.0488957910 
 0.0437167407 0.0467993108 0.0505086537 
 0.0456851672 0.0488275774 0.0525884712 
 0.0481169035 0.0513229226 0.0551352216 
 0.0510184650 0.0542857888 0.0581423529 
 0.0543885865 0.0577077138 0.0615934460 
 0.0582141810 0.0615676466 0.0654590597 
 0.0624665613 0.0658287915 0.0696943579 
 0.0670986837 0.0704367150 0.0742381775 
 0.0720442423 0.0753194232 0.0790140792 
 0.0772192698 0.0803898579 0.0839335987 
 0.0825264419 0.0855507614 0.0889014256 
 0.0878616246 0.0907012659 0.0938217411 
 0.0931215818 0.0957440767 0.0986046256 
 0.0982114234 0.1005919661 0.1031714486 
 0.1030504886 0.1051725242 0.1074584640 
 0.1075758551 0.1094306335 0.1114183304 
 0.1117433285 0.1133287181 0.1150197534 
 0.1155263286 0.1168452556 0.1182457623 
 0.1189133987 0.1199722397 0.1210912400 
 0.1219050986 0.1227122561 0.1235602560 
 0.1245108935 0.1250756699 0.1256635929 
 0.1267464231 0.1270782202 0.1274166823 
 0.1286313258 0.1287391408 0.1288380201 
 0.1301876387 0.1300797977 0.1299480354 
 0.1314387019 0.1311227699 0.1307683376 
 0.1324084593 0.1318912703 0.1313212492 
 0.1331210431 0.1324088064 0.1316295354 
 0.1336005456 0.1326989954 0.1317162596 
 0.1338709012 0.1327854692 0.1316047065 
 0.1339558266 0.1326918211 0.1313183342 
 0.1338787806 0.1324415633 0.1308807282 
 0.1336629225 0.1320580762 0.1303155389 
 0.1333310545 0.1315645363 0.1296463926 
 0.1329055423 0.1309838186 0.1288967708 
 0.1324082116 0.1303383698 0.1280898576 
 0.1318602205 0.1296500565 0.1272483560 
 0.1312819120 0.1289399903 0.1263942799 
 0.1306926511 0.1282283363 0.1255487288 
 0.1301106518 0.1275341131 0.1247316531 
 0.1295528005 0.1268749894 0.1239616209 
 0.1290344821 0.1262670870 0.1232555932 
 0.1285694143 0.1257247956 0.1226287171 
 0.1281694967 0.1252606050 0.1220941415 
 0.1278446764 0.1248849601 0.1216628608 
 0.1276028356 0.1246061389 0.1213435865 
 0.1274497023 0.1244301591 0.1211426503 
 0.1273887853 0.1243607094 0.1210639343 
 0.1274213347 0.1243991089 0.1211088306 
 0.1275463286 0.1245442932 0.1212762276 
 0.1277604843 0.1247928263 0.1215625220 
 0.1280582963 0.1251389400 0.1219616583 
 0.1284320982 0.1255745987 0.1224651950 
 0.1288721498 0.1260895913 0.1230623995 
 0.1293667466 0.1266716486 0.1237403718 
 0.1299023507 0.1273065852 0.1244841960 
 0.1304637384 0.1279784628 0.1252771197 
 0.1310341633 0.1286697713 0.1261007560 
 0.1315955271 0.1293616232 0.1269353028 
 0.1321285541 0.1300339527 0.1277597732 
 0.1326129627 0.1306657155 0.1285522273 
 0.1330276283 0.1312350790 0.1292899968 
 0.1333507315 0.1317195976 0.1299498939 
 0.1335598865 0.1320963673 0.1305083970 
 0.1336322475 0.1323421543 0.1309418070 
 0.1335445910 0.1324334976 0.1312263730 
 0.1332733774 0.1323467844 0.1313383866 
 0.1327947968 0.1320583072 0.1312542502 
 0.1320848139 0.1315443108 0.1309505300 
 0.1311192334 0.1307810515 0.1304040093 
 0.1298738231 0.1297448983 0.1295917721 
 0.1283245481 0.1284125233 0.1284913541 
 0.1264479921 0.1267612468 0.1270810176 
 0.1242220612 0.1247696209 0.1253402240 
 0.1216270832 0.1224183525 0.1232503900 
 0.1186474077 0.1196916651 0.1207960186 
 0.1152735770 0.1165791748 0.1179662803 
 0.1115050448 0.1130782853 0.1147570693 
 0.1073532683 0.1091969822 0.1111734612 
 0.1028447867 0.1049567340 0.1072323594 
 0.0980236818 0.1003950009 0.1029649409 
 0.0929526632 0.0955666965 0.0984183547 
 0.0877120649 0.0905439239 0.0936560650 
 0.0823963437 0.0854135037 0.0887563295 
 0.0771082291 0.0802722506 0.0838086241 
 0.0719513299 0.0752205275 0.0789082936 
 0.0670224920 0.0703551214 0.0741501960 
 0.0624053076 0.0657627107 0.0696224186 
 0.0581658488 0.0615150406 0.0654011408 
 0.0543510777 0.0576664436 0.0615474046 
 0.0509897409 0.0542537559 0.0581060638 
 0.0480950983 0.0512981878 0.0551066984 
 0.0456686678 0.0488084475 0.0525659603 
 0.0437042361 0.0467843953 0.0504906983 
 0.0421915887 0.0452206408 0.0488812689 
 0.0411196433 0.0441096939 0.0477345893 
 0.0404788581 0.0434444673 0.0470466544 
 0.0402629036 0.0432200572 0.0468143806 
 0.0404696395 0.0434348028 0.0470367221 
 0.0411014411 0.0440906417 0.0477150494 
 0.0421648913 0.0451927735 0.0488527897 
 0.0436698210 0.0467486175 0.0504543257 
 0.0456276499 0.0487660435 0.0525231625 
 0.0480489852 0.0512508737 0.0550594100 
 0.0509404837 0.0542037230 0.0580567173 
 0.0543011039 0.0576163787 0.0614989332 
 0.0581180598 0.0614681054 0.0653569357 
 0.0623630248 0.0657224657 0.0695862298 
 0.0669893400 0.0703253873 0.0741259746 
 0.0719310588 0.0752051909 0.0788999862 
 0.0771044926 0.0802750347 0.0838199466 
 0.0824124656 0.0854377407 0.0887905542 
 0.0877508339 0.0905923669 0.0937158574 
 0.0930161928 0.0956414019 0.0985056829 
 0.0981133546 0.1004972945 0.1030810643 
 0.1029612803 0.1050872541 0.1073778848 
 0.1074966446 0.1093557761 0.1113484424 
 0.1116748727 0.1132649313 0.1149611240 
 0.1154690586 0.1167929034 0.1181987005 
 0.1188674898 0.1199314607 0.1210558616 
 0.1218705412 0.1226830299 0.1235365434 
 0.1244875551 0.1250578728 0.1256514439 
 0.1267340966 0.1270716681 0.1274159473 
 0.1286297648 0.1287436187 0.1288485259 
 0.1301965793 0.1300950784 0.1299696003 
 0.1314578755 0.1311486232 0.1308007778 
 0.1324375973 0.1319274660 0.1313643797 
 0.1331598777 0.1324551130 0.1316831673 
 0.1336488065 0.1327551763 0.1317801952 
 0.1339283115 0.1328512771 0.1316787325 
 0.1340220974 0.1327669919 0.1314022154 
 0.1339536057 0.1325258102 0.1309742000 
 0.1337459729 0.1321510835 0.1304183011 
 0.1334219741 0.1316659548 0.1297581035 
 0.1330039441 0.1310932606 0.1290170429 
 0.1325136745 0.1304554066 0.1282182539 
 0.1319722870 0.1297742158 0.1273843883 
 0.1314000877 0.1290707556 0.1265374082 
 0.1308164040 0.1283651470 0.1256983623 
 0.1302394132 0.1276763657 0.1248871523 
 0.1296859664 0.1270220397 0.1241223008 
 0.1291714149 0.1264182531 0.1234207270 
 0.1287094459 0.1258793607 0.1227975404 
 0.1283119305 0.1254178212 0.1222658569 
 0.1279887908 0.1250440516 0.1218366414 
 0.1277478866 0.1247663057 0.1215185802 
 0.1275949263 0.1245905800 0.1213179829 
 0.1275334023 0.1245205453 0.1212387127 
 0.1275645514 0.1245575061 0.1212821462 
 0.1276873411 0.1247003864 0.1214471588 
 0.1278984816 0.1249457423 0.1217301381 
 0.1281924633 0.1252878010 0.1221250227 
 0.1285616196 0.1257185265 0.1226233701 
 0.1289962134 0.1262277115 0.1232144509 
 0.1294845468 0.1268030947 0.1238853736 
 0.1300130915 0.1274305027 0.1246212359 
 0.1305666366 0.1280940127 0.1254053037 
 0.1311284501 0.1287761334 0.1262192123 
 0.1316804492 0.1294579970 0.1270431848 
 0.1322033736 0.1301195586 0.1278562606 
 0.1326769555 0.1307397927 0.1286365253 
 0.1330800809 0.1312968824 0.1293613328 
 0.1333909362 0.1317683930 0.1300075124 
 0.1335871354 0.1321314237 0.1305515514 
 0.1336458244 0.1323627355 0.1309697503 
 0.1335437626 0.1324388513 0.1312383456 
 0.1332573832 0.1323361308 0.1313336029 
 0.1327628384 0.1320308260 0.1312318845 
 0.1320360448 0.1314991288 0.1309097010 
 0.1310527504 0.1307172311 0.1303437669 
 0.1297886609 0.1296614288 0.1295110851 
 0.1282196812 0.1283083179 0.1283891032 
 0.1263223464 0.1266351495 0.1269559971 
 0.1240745431 0.1246204278 0.1251911561 
 0.1214566306 0.1222448548 0.1230759584 
 0.1184530705 0.1194927201 0.1205949285 
 0.1150546317 0.1163538108 0.1177373507 
 0.1112611421 0.1128258422 0.1144993615 
 0.1070846060 0.1089172837 0.1108864421 
 0.1025522872 0.1046502738 0.1069160879 
 0.0977091403 0.1000631160 0.1026202540 
 0.0926188279 0.0952116881 0.0980470212 
 0.0873626085 0.0901690845 0.0932608625 
 0.0820357042 0.0850230194 0.0883410118 
 0.0767413280 0.0798709716 0.0833777581 
 0.0715832069 0.0748136329 0.0784669768 
 0.0666579215 0.0699477328 0.0737036944 
 0.0620484650 0.0653595228 0.0691757864 
 0.0578200791 0.0611200293 0.0649588854 
 0.0540187887 0.0572826896 0.0611132460 
 0.0506724125 0.0538833893 0.0576828099 
 0.0477933808 0.0509424373 0.0546962328 
 0.0453825328 0.0484677617 0.0521693187 
 0.0434331466 0.0464586027 0.0501082032 
 0.0419346651 0.0449091195 0.0485126923 
 0.0408758109 0.0438115333 0.0473793196 
 0.0402469702 0.0431586105 0.0467038545 
 0.0400418403 0.0429454219 0.0464831282 
 0.0402583860 0.0431703806 0.0467161311 
 0.0408991491 0.0438355806 0.0474043736 
 0.0419709279 0.0449464449 0.0485515093 
 0.0434838062 0.0465106704 0.0501622176 
 0.0454494838 0.0485364454 0.0522403528 
 0.0478788615 0.0510299338 0.0547864039 
 0.0507788860 0.0539920937 0.0577943996 
 0.0541487778 0.0574150271 0.0612485325 
 0.0579759575 0.0612782500 0.0651199466 
 0.0622322184 0.0655454763 0.0693642939 
 0.0668709102 0.0701626543 0.0739207285 
 0.0718259706 0.0750579794 0.0787128982 
 0.0770134785 0.0801443467 0.0836521655 
 0.0823359387 0.0853242115 0.0886428012 
 0.0876888496 0.0904962145 0.0935883777 
 0.0929684656 0.0955624395 0.0983982651 
 0.0980793235 0.1004349964 0.1029931164 
 0.1029402057 0.1050408585 0.1073085479 
 0.1074877136 0.1093243999 0.1112967150 
 0.1116772937 0.1132476773 0.1149259780 
 0.1154821339 0.1167889445 0.1181791742 
 0.1188906611 0.1199400984 0.1210511244 
 0.1219034108 0.1227037257 0.1235459331 
 0.1245298884 0.1250902591 0.1256744824 
 0.1267858116 0.1271155438 0.1274523388 
 0.1286909147 0.1287989354 0.1288981453 
 0.1302673317 0.1301619209 0.1300324742 
 0.1315384903 0.1312271880 0.1308770623 
 0.1325284058 0.1320180386 0.1314543366 
 0.1332612614 0.1325580455 0.1317871396 
 0.1337611777 0.1328708647 0.1318985819 
 0.1340520942 0.1329801395 0.1318119639 
 0.1341577085 0.1329094463 0.1315507277 
 0.1341014368 0.1326822533 0.1311384111 
 0.1339063728 0.1323218698 0.1305985853 
 0.1335952316 0.1318513759 0.1299547685 
 0.1331902716 0.1312935262 0.1292303072 
 0.1327131926 0.1306706262 0.1284482259 
 0.1321850115 0.1300043835 0.1276310486 
 0.1316259167 0.1293157356 0.1268005942 
 0.1310551088 0.1286246634 0.1259777563 
 0.1304906300 0.1279499937 0.1251822733 
 0.1299491911 0.1273092007 0.1244324996 
 0.1294460004 0.1267182116 0.1237451847 
 0.1289946007 0.1261912251 0.1231352697 
 0.1286067205 0.1257405457 0.1226157057 
 0.1282921418 0.1253764403 0.1221972986 
 0.1280585894 0.1251070191 0.1218885830 
 0.1279116430 0.1249381421 0.1216957250 
 0.1278546738 0.1248733523 0.1216224541 
 0.1278888063 0.1249138365 0.1216700233 
 0.1280129058 0.1250584119 0.1218371962 
 0.1282235917 0.1253035405 0.1221202613 
 0.1285152759 0.1256433687 0.1225130728 
 0.1288802263 0.1260697946 0.1230071194 
 0.1293086547 0.1265725606 0.1235916206 
 0.1297888258 0.1271393716 0.1242536518 
 0.1303071884 0.1277560365 0.1249782969 
 0.1308485218 0.1284066308 0.1257488265 
 0.1313960964 0.1290736756 0.1265468982 
 0.1319318420 0.1297383281 0.1273527726 
 0.1324365182 0.1303805776 0.1281455388 
 0.1328898823 0.1309794389 0.1289033396 
 0.1332708463 0.1315131373 0.1296035901 
 0.1335576205 0.1319592776 0.1302231782 
 0.1337278368 0.1322949922 0.1307386433 
 0.1337586496 0.1324970645 0.1311263258 
 0.1336268148 0.1325420249 0.1313624859 
 0.1333087466 0.1324062236 0.1314233929 
 0.1327805628 0.1320658833 0.1312853900 
 0.1320181296 0.1314971475 0.1309249459 
 0.1309971331 0.1306761425 0.1303187113 
 0.1296932132 0.1295790883 0.1294436093 
 0.1280822197 0.1281825076 0.1282770014 
 0.1261406673 0.1264636004 0.1267969897 
 0.1238464918 0.1244008752 0.1249829290 
 0.1211802202 0.1219751369 0.1228162422 
 0.1181266605 0.1191709341 0.1202816295 
 0.1146771743 0.1159785357 0.1173687449 
 0.1108324931 0.1123964285 0.1140743557 
 0.1066058751 0.1084341949 0.1104048932 
 0.1020261825 0.1041154424 0.1063791535 
 0.0971402344 0.0994802512 0.1020307242 
 0.0920136609 0.0945864575 0.0974095597 
 0.0867295545 0.0895090887 0.0925820819 
 0.0813845674 0.0843375103 0.0876293182 
 0.0760826985 0.0791703153 0.0826429455 
 0.0709276762 0.0741085885 0.0777196072 
 0.0660152971 0.0692486665 0.0729543593 
 0.0614271245 0.0646756975 0.0684343742 
 0.0572265596 0.0604590830 0.0642339771 
 0.0534576418 0.0566503613 0.0604117209 
 0.0501462943 0.0532834910 0.0570096881 
 0.0473033095 0.0503770210 0.0540547311 
 0.0449282349 0.0479374128 0.0515610632 
 0.0430134252 0.0459627883 0.0495335329 
 0.0415477425 0.0444465378 0.0479709947 
 0.0405196209 0.0433804285 0.0468693562 
 0.0399193909 0.0427570378 0.0462240494 
 0.0397408704 0.0425714571 0.0460318093 
 0.0399822715 0.0428222795 0.0462917224 
 0.0406464682 0.0435118934 0.0470055402 
 0.0417406411 0.0446460913 0.0481772599 
 0.0432752752 0.0462329797 0.0498119663 
 0.0452624594 0.0482811609 0.0519139396 
 0.0477134375 0.0507971796 0.0544840714 
 0.0506354161 0.0537823000 0.0575167228 
 0.0540277532 0.0572288120 0.0609962997 
 0.0578778484 0.0611162625 0.0648939973 
 0.0621572930 0.0654082118 0.0691653278 
 0.0668190536 0.0700502681 0.0737491114 
 0.0717965374 0.0749701297 0.0785684982 
 0.0770052131 0.0800801017 0.0835342531 
 0.0823469881 0.0852820438 0.0885500357 
 0.0877168737 0.0904740891 0.0935188854 
 0.0930108239 0.0955579767 0.0983497898 
 0.0981332998 0.1004456750 0.1029632116 
 0.1030032246 0.1050642173 0.1072947704 
 0.1075575125 0.1093582051 0.1112967904 
 0.1117520307 0.1132900360 0.1149379197 
 0.1155604309 0.1168383624 0.1182013511 
 0.1189715946 0.1199954893 0.1210822847 
 0.1219864683 0.1227643877 0.1235851956 
 0.1246149073 0.1251558318 0.1257213072 
 0.1268729153 0.1271859585 0.1275064876 
 0.1287804521 0.1288743650 0.1289596397 
 0.1303598255 0.1302427343 0.1301015542 
 0.1316345940 0.1313139102 0.1309541486 
 0.1326288688 0.1321113159 0.1315399959 
 0.1333668997 0.1326586150 0.1318820528 
 0.1338728494 0.1329795273 0.1320035143 
 0.1341706770 0.1330977342 0.1319277366 
 0.1342840796 0.1330368262 0.1316781896 
 0.1342364526 0.1328202615 0.1312784108 
 0.1340508498 0.1324713157 0.1307519438 
 0.1337499267 0.1320130124 0.1301222517 
 0.1333558637 0.1314680269 0.1294125991 
 0.1328902644 0.1308585640 0.1286459039 
 0.1323740326 0.1302062104 0.1278445596 
 0.1318272281 0.1295317649 0.1270302349 
 0.1312689095 0.1288550542 0.1262236553 
 0.1307169657 0.1281947386 0.1254443781 
 0.1301879457 0.1275681162 0.1247105664 
 0.1296968894 0.1269909322 0.1240387730 
 0.1292571682 0.1264772001 0.1234437401 
 0.1288803380 0.1260390393 0.1229382207 
 0.1285760099 0.1256865343 0.1225328272 
 0.1283517416 0.1254276178 0.1222359067 
 0.1282129516 0.1252679796 0.1220534462 
 0.1281628577 0.1252110016 0.1219890063 
 0.1282024404 0.1252577203 0.1220436828 
 0.1283304324 0.1254068152 0.1222160955 
 0.1285433330 0.1256546243 0.1225024038 
 0.1288354482 0.1259951857 0.1228963498 
 0.1291989551 0.1264203061 0.1233893279 
 0.1296239905 0.1269196543 0.1239704830 
 0.1300987609 0.1274808803 0.1246268369 
 0.1306096730 0.1280897569 0.1253434415 
 0.1311414803 0.1287303419 0.1261035567 
 0.1316774422 0.1293851560 0.1268888497 
 0.1321994902 0.1300353715 0.1276796092 
 0.1326883968 0.1306610052 0.1284549677 
 0.1331239395 0.1312411087 0.1291931232 
 0.1334850559 0.1317539500 0.1298715530 
 0.1337499825 0.1321771781 0.1304672099 
 0.1338963754 0.1324879668 0.1309566957 
 0.1339014078 0.1326631344 0.1313164057 
 0.1337418453 0.1326792362 0.1315226435 
 0.1333941012 0.1325126339 0.1315517069 
 0.1328342801 0.1321395475 0.1313799505 
 0.1320382239 0.1315361026 0.1309838363 
 0.1309815863 0.1306783956 0.1303399920 
 0.1296399754 0.1295426114 0.1294253069 
 0.1279892242 0.1281052442 0.1282171084 
 0.1260058689 0.1263434934 0.1266934812 
 0.1236679395 0.1242359244 0.1248338064 
 0.1209561758 0.1217634990 0.1226196134 
 0.1178557750 0.1189110764 0.1200358381 
 0.1143587261 0.1156694495 0.1170725558 
 0.1104666817 0.1120379017 0.1137271990 
 0.1061941459 0.1080271251 0.1100071556 
 0.1015715338 0.1036621525 0.1059324884 
 0.0966474382 0.0989847474 0.1015383301 
 0.0914893177 0.0940545547 0.0968763626 
 0.0861819183 0.0889483353 0.0920147511 
 0.0808231182 0.0837568720 0.0870360668 
 0.0755175041 0.0785796339 0.0820331064 
 0.0703686437 0.0735178898 0.0771030307 
 0.0654714512 0.0686674371 0.0723407280 
 0.0609060389 0.0641122581 0.0678325526 
 0.0567340223 0.0599201549 0.0636515018 
 0.0529975707 0.0561408706 0.0598544971 
 0.0497208663 0.0528065944 0.0564819039 
 0.0469132325 0.0499343027 0.0535589581 
 0.0445730894 0.0475291813 0.0510984868 
 0.0426920132 0.0455884101 0.0491042494 
 0.0412584041 0.0441047596 0.0475743239 
 0.0402604963 0.0430696589 0.0465041314 
 0.0396886240 0.0424755755 0.0458888656 
 0.0395367557 0.0423176648 0.0457252214 
 0.0398033526 0.0425947062 0.0460123921 
 0.0404915945 0.0433093521 0.0467523363 
 0.0416089891 0.0444676969 0.0479493143 
 0.0431663361 0.0460781497 0.0496086895 
 0.0451759937 0.0481495800 0.0517349959 
 0.0476493959 0.0506887281 0.0543293148 
 0.0505938247 0.0536969457 0.0573860953 
 0.0540085672 0.0571664711 0.0608896979 
 0.0578807840 0.0610766394 0.0648111197 
 0.0621816573 0.0653906391 0.0691055239 
 0.0668636014 0.0700535735 0.0737112593 
 0.0718593883 0.0749925616 0.0785509383 
 0.0770838578 0.0801193375 0.0835347992 
 0.0824383959 0.0853352883 0.0885660676 
 0.0878176878 0.0905382506 0.0935475081 
 0.0931176096 0.0956298864 0.0983880295 
 0.0982427952 0.1005223065 0.1030082095 
 0.1031125488 0.1051428686 0.1073439434 
 0.1076643011 0.1094366186 0.1113479389 
 0.1118544915 0.1133664505 0.1149892778 
 0.1156573318 0.1169115083 0.1182515894 
 0.1190622038 0.1200645440 0.1211304782 
 0.1220704716 0.1228289098 0.1236307734 
 0.1246923205 0.1252156907 0.1257639958 
 0.1269440036 0.1272412681 0.1275462572 
 0.1288456634 0.1289254274 0.1289966563 
 0.1304197387 0.1302899952 0.1301361411 
 0.1316898804 0.1313579239 0.1309867548 
 0.1326802636 0.1321527194 0.1315711713 
 0.1334151825 0.1326981076 0.1319124279 
 0.1339188283 0.1330178543 0.1320337828 
 0.1342151769 0.1331356730 0.1319586399 
 0.1343279308 0.1330751736 0.1317105019 
 0.1342804814 0.1328598209 0.1313129244 
 0.1340958679 0.1325128853 0.1307894542 
 0.1337967212 0.1320573718 0.1301635421 
 0.1334051866 0.1315159245 0.1294584253 
 0.1329428222 0.1309107046 0.1286969787 
 0.1324304754 0.1302632418 0.1279015385 
 0.1318881404 0.1295942671 0.1270937014 
 0.1313348002 0.1289235277 0.1262941091 
 0.1307882606 0.1282695954 0.1255222239 
 0.1302649797 0.1276496716 0.1247961053 
 0.1297799018 0.1270793992 0.1241321959 
 0.1293462980 0.1265726847 0.1235451235 
 0.1289756219 0.1261415386 0.1230475251 
 0.1286773814 0.1257959358 0.1226498965 
 0.1284590317 0.1255437011 0.1223604705 
 0.1283258909 0.1253904187 0.1221851235 
 0.1282810800 0.1253393695 0.1221273101 
 0.1283254873 0.1253914941 0.1221880263 
 0.1284577592 0.1255453828 0.1223657993 
 0.1286743152 0.1257972917 0.1226567041 
 0.1289693893 0.1261411857 0.1230544070 
 0.1293350947 0.1265688071 0.1235502369 
 0.1297615133 0.1270697703 0.1241332837 
 0.1302368060 0.1276316810 0.1247905256 
 0.1307473434 0.1282402784 0.1255069822 
 0.1312778522 0.1288795972 0.1262658935 
 0.1318115740 0.1295321454 0.1270489183 
 0.1323304315 0.1301790922 0.1278363481 
 0.1328151957 0.1308004600 0.1286073284 
 0.1332456496 0.1313753143 0.1293400794 
 0.1336007416 0.1318819425 0.1300121075 
 0.1338587234 0.1322980180 0.1306004006 
 0.1339972687 0.1326007424 0.1310815986 
 0.1339935697 0.1327669627 0.1314321372 
 0.1338244112 0.1327732634 0.1316283602 
 0.1334662247 0.1325960342 0.1316466045 
 0.1328951316 0.1322115211 0.1314632612 
 0.1320869895 0.1315958742 0.1310548266 
 0.1310174680 0.1307252133 0.1303979606 
 0.1296621946 0.1295757486 0.1294695850 
 0.1279970301 0.1281240057 0.1282470637 
 0.1259985563 0.1263472293 0.1267085278 
 0.1236448789 0.1242240544 0.1248334239 
 0.1209168597 0.1217355513 0.1226033787 
 0.1177998842 0.1188667440 0.1200034719 
 0.1142862158 0.1156086652 0.1170239860 
 0.1103778846 0.1119609294 0.1136626398 
 0.1060898804 0.1079346594 0.1099271963 
 0.1014531991 0.1035554113 0.1058381803 
 0.0965170707 0.0988655358 0.1014312539 
 0.0913495824 0.0939252762 0.0967586545 
 0.0860360153 0.0888119296 0.0918890690 
 0.0806746035 0.0836166730 0.0869054851 
 0.0753700443 0.0784391600 0.0819009442 
 0.0702257473 0.0733805981 0.0769726369 
 0.0653362242 0.0685364853 0.0722152579 
 0.0607810088 0.0639903159 0.0677147752 
 0.0566210512 0.0598092924 0.0635436687 
 0.0528978588 0.0560425301 0.0597582845 
 0.0496350247 0.0527216355 0.0563984266 
 0.0468413995 0.0498630959 0.0534888370 
 0.0445150623 0.0474717261 0.0510419479 
 0.0426473753 0.0455444557 0.0490612340 
 0.0412266330 0.0440739131 0.0475445920 
 0.0402410492 0.0430514731 0.0464873500 
 0.0396809983 0.0424696130 0.0458846749 
 0.0395405272 0.0423235394 0.0457332791 
 0.0398181930 0.0426121029 0.0460323952 
 0.0405172711 0.0433380272 0.0467840221 
 0.0416453480 0.0445074602 0.0479924418 
 0.0432132690 0.0461288289 0.0496630029 
 0.0452333886 0.0482109691 0.0518001720 
 0.0477170728 0.0507605215 0.0544048981 
 0.0506714592 0.0537786623 0.0574714261 
 0.0540956075 0.0572573765 0.0609838444 
 0.0579763725 0.0611756784 0.0649128249 
 0.0622845715 0.0654963929 0.0692131833 
 0.0669722308 0.0701642579 0.0738229410 
 0.0719717623 0.0751060759 0.0786644511 
 0.0771977293 0.0802333645 0.0836478052 
 0.0825513743 0.0854474350 0.0886762225 
 0.0879273996 0.0906462042 0.0936526055 
 0.0932218577 0.0957315571 0.0984861232 
 0.0983396871 0.1006159345 0.1030976955 
 0.1032005738 0.1052270792 0.1074235931 
 0.1077423530 0.1095104260 0.1114168874 
 0.1119218434 0.1134292223 0.1150469800 
 0.1157135790 0.1169629043 0.1182977581 
 0.1191071937 0.1201044465 0.1211650180 
 0.1221042325 0.1228573580 0.1236537208 
 0.1247150004 0.1252328245 0.1257754701 
 0.1269558225 0.1272472860 0.1275464242 
 0.1288468793 0.1289205576 0.1289857043 
 0.1304106260 0.1302744776 0.1301142667 
 0.1316707178 0.1313320012 0.1309541568 
 0.1326513299 0.1321166343 0.1315280495 
 0.1333767558 0.1326521040 0.1318589861 
 0.1338711891 0.1329621816 0.1319702339 
 0.1341586124 0.1330705911 0.1318852119 
 0.1342627400 0.1330009586 0.1316274446 
 0.1342069800 0.1327767714 0.1312205160 
 0.1340143934 0.1324213274 0.1306880076 
 0.1337076372 0.1319576642 0.1300534100 
 0.1333088862 0.1314084625 0.1293400045 
 0.1328397307 0.1307959227 0.1285707133 
 0.1323210527 0.1301416160 0.1277679215 
 0.1317728812 0.1294663152 0.1269532750 
 0.1312142346 0.1287898095 0.1261474639 
 0.1306629530 0.1281307109 0.1253699965 
 0.1301355280 0.1275062593 0.1246389756 
 0.1296469345 0.1269321332 0.1239708834 
 0.1292104729 0.1264222718 0.1233803832 
 0.1288376228 0.1259887149 0.1228801434 
 0.1285379155 0.1256414636 0.1224806878 
 0.1283188269 0.1253883653 0.1221902730 
 0.1281856932 0.1252350238 0.1220147960 
 0.1281416500 0.1251847364 0.1219577290 
 0.1281875981 0.1252384571 0.1220200823 
 0.1283221928 0.1253947863 0.1222003943 
 0.1285418599 0.1256499868 0.1224947479 
 0.1288408361 0.1259980266 0.1228968133 
 0.1292112342 0.1264306473 0.1233979193 
 0.1296431324 0.1269374586 0.1239871509 
 0.1301246847 0.1275060577 0.1246514768 
 0.1306422517 0.1281221715 0.1253759024 
 0.1311805481 0.1287698192 0.1261436490 
 0.1317228017 0.1294314908 0.1269363536 
 0.1322509205 0.1300883364 0.1277342835 
 0.1327456617 0.1307203599 0.1285165597 
 0.1331867963 0.1313066093 0.1292613791 
 0.1335532639 0.1318253587 0.1299462285 
 0.1338233123 0.1322542735 0.1305480819 
 0.1339746177 0.1325705544 0.1310435735 
 0.1339843824 0.1327510565 0.1314091430 
 0.1338294102 0.1327723829 0.1316211501 
 0.1334861613 0.1326109531 0.1316559607 
 0.1329307959 0.1322430555 0.1314900092 
 0.1321392200 0.1316448941 0.1310998491 
 0.1310871592 0.1307926539 0.1304622113 
 0.1297503005 0.1296626168 0.1295540985 
 0.1281045608 0.1282313815 0.1283529611 
 0.1261265627 0.1264762559 0.1268370123 
 0.1237944197 0.1243759128 0.1249857631 
 0.1210889455 0.1219114124 0.1227808653 
 0.1179953910 0.1190676910 0.1202073577 
 0.1145057653 0.1158355823 0.1172553825 
 0.1106216923 0.1122143550 0.1139223818 
 0.1063575830 0.1082146116 0.1102156739 
 0.1017436844 0.1038612039 0.1061551512 
 0.0968283437 0.0991956163 0.1017756629 
 0.0916787097 0.0942771251 0.0971284966 
 0.0863791830 0.0891820622 0.0922813361 
 0.0810273050 0.0840007683 0.0873162307 
 0.0757273836 0.0788323182 0.0823254780 
 0.0705828094 0.0737776912 0.0774058317 
 0.0656884476 0.0689325429 0.0726519212 
 0.0611244929 0.0643808767 0.0681500232 
 0.0569527543 0.0601906664 0.0639732384 
 0.0532156719 0.0564119418 0.0601787448 
 0.0499377360 0.0530772480 0.0568072699 
 0.0471285797 0.0502039393 0.0538844643 
 0.0447869073 0.0477975635 0.0514235733 
 0.0429045370 0.0458556191 0.0494287395 
 0.0414700593 0.0443711356 0.0478983629 
 0.0404718455 0.0433357340 0.0468281100 
 