9.2750152192 7.8823481323 6.5626152389 
 9.4241518680 8.0156535879 6.6779849854 
 9.4802297691 8.0658173654 6.7214224311 
 9.4420119577 8.0315306215 6.6916522137 
 9.3103042089 7.9136582444 6.5895249422 
 9.0879738572 7.7152345627 6.4179971753 
 8.7799983211 7.4414364707 6.1820545848 
 8.3935084567 7.0995115197 5.8885671324 
 7.9377751940 6.6986297741 5.5460624632 
 7.4240833023 6.2496293381 5.1644078773 
 6.8654466062 5.7646376155 4.7544022386 
 6.2761444272 5.2565718250 4.3272948590 
 5.6710950733 4.7385482182 3.8942647279 
 5.0651202535 4.2232529037 3.4659056893 
 4.4721837164 3.7223411854 3.0517673647 
 3.9046990900 3.2459323607 2.6599961413 
 3.3729919734 2.8022527436 2.2971066548 
 2.8849729230 2.3974554411 1.9678956214 
 2.4460399617 2.0356180305 1.6754913637 
 2.0591925972 1.7188957878 1.4215179918 
 1.7253129405 1.4477931711 1.2063450332 
 1.4435573810 1.2215109979 1.0293910891 
 1.2118031204 1.0383290465 0.8894517467 
 1.0271027565 0.8959897950 0.7850248668 
 0.8861111533 0.7920549948 0.7146086203 
 0.7854577782 0.7242109715 0.6769490776 
 0.7220434624 0.6905015755 0.6712161217 
 0.6932450331 0.6894717476 0.6970908314 
 0.6970173208 0.7202116406 0.7547552587 
 0.7318911196 0.7823012730 0.8447860570 
 0.7968767050 0.8756669604 0.9679646159 
 0.8912927916 1.0003706123 1.1250257542 
 1.0145477926 1.1563593340 1.3163729873 
 1.1659028650 1.3432050811 1.5417908342 
 1.3442450053 1.5598632107 1.8001846502 
 1.5478948185 1.8044759942 2.0893771543 
 1.7744687712 2.0742432848 2.4059881752 
 2.0208102772 2.3653773861 2.7454189610 
 2.2829976712 2.6731519340 3.1019532347 
 2.5564296559 2.9920448098 3.4689735698 
 2.8359803039 3.3159633306 3.8392751344 
 3.1162071179 3.6385281336 4.2054427494 
 3.3915885963 3.9533829602 4.5602457128 
 3.6567639227 4.2544934551 4.8970013532 
 3.9067479019 4.5364004539 5.2098640544 
 4.1370991963 4.7944016214 5.4940101424 
 4.3440282219 5.0246477611 5.7457070549 
 4.5244409688 5.2241537861 5.9622733592 
 4.6759245153 5.3907364536 6.1419508153 
 4.7966874965 5.5228995790 6.2837187164 
 4.8854733254 5.6196917568 6.3870838684 
 4.9414653677 5.6805618734 6.4518777846 
 4.9642019178 5.7052347931 6.4780875942 
 4.9535153832 5.6936246183 6.4657403845 
 4.9095052829 5.6457968081 6.4148533454 
 4.8325491123 5.5619838363 6.3254547369 
 4.7233492979 5.4426523167 6.1976734389 
 4.5830087719 5.2886128558 6.0318875608 
 4.4131225649 5.1011575675 5.8289152557 
 4.2158688017 4.8822047204 5.5902238508 
 3.9940802600 4.6344261992 5.3181275663 
 3.7512779262 4.3613323911 5.0159408850 
 3.4916512637 4.0672917595 4.6880556860 
 3.2199762620 3.7574692794 4.3399168953 
 2.9414711297 3.4376787252 3.9778838917 
 2.6615993704 3.1141570360 3.6089818723 
 2.3858390596 2.7932821362 3.2405657923 
 2.1194435092 2.4812657892 2.8799352065 
 1.8672207891 2.1838578886 2.5339474434 
 1.6333573988 1.9060970056 2.2086767152 
 1.4213054805 1.6521346449 1.9091582171 
 1.2337448493 1.4251496451 1.6392416396 
 1.0726224777 1.2273571737 1.4015618321 
 0.9392641465 1.0601060978 1.1976194002 
 0.8345461930 0.9240502659 1.0279530821 
 0.7591094673 0.8193733003 0.8923790975 
 0.7135924578 0.7460421179 0.7902691146 
 0.6988563309 0.7040611114 0.7208366481 
 0.7161724313 0.6936972052 0.6834011151 
 0.7673440592 0.7156470942 0.6776002377 
 0.8547400186 0.7711230201 0.7035262144 
 0.9812269665 0.8618423862 0.7617695107 
 1.1499988045 0.9899177095 0.8533650777 
 1.3643113675 1.1576542156 0.9796469481 
 1.6271377098 1.3672705041 1.1420260848 
 1.9407639959 1.6205625838 1.3417118465 
 2.3063509118 1.9185345862 1.5793999618 
 2.7234929716 2.2610228670 1.8549511655 
 3.1898180871 2.6463452343 2.1670862841 
 3.7006790816 3.0710127438 2.5131259595 
 4.2489921395 3.5295448240 2.8888050745 
 4.8252692918 4.0144256646 3.2881909174 
 5.4178705621 4.5162281616 3.7037279692 
 6.0134686274 5.0239113767 4.1264200708 
 6.5976820426 5.5252719134 4.5461439466 
 7.1558023692 6.0075050048 4.9520699915 
 7.6735253017 6.4578142489 5.3331512862 
 8.1376008932 6.8640047086 5.6786339397 
 8.5363415196 7.2150035797 5.9785430198 
 8.8599608872 7.5012726608 6.2241077869 
 9.1007531597 7.7151013137 6.4081045230 
 9.2531491230 7.8507906909 6.5251105577 
 9.3137006979 7.9047543827 6.5716750189 
 9.2810447039 7.8755647199 6.5464177367 
 9.1558836718 7.7639681105 6.4500670773 
 8.9409998404 7.5728796968 6.2854417191 
 8.6412933229 7.3073514554 6.0573733731 
 8.2638121288 6.9744933669 5.7725606855 
 7.8177255003 6.5833188874 5.4393421746 
 7.3141874566 6.1444869443 5.0673800265 
 6.7660474347 5.6699242281 4.6672570055 
 6.1873893344 5.1723319698 4.2500035667 
 5.5929148175 4.6646060716 3.8265877054 
 4.9972231406 4.1592217555 3.4074116072 
 4.4140679011 3.6676471693 3.0018630671 
 3.8556821832 3.1998503525 2.6179643443 
 3.3322540175 2.7639503556 2.2621478206 
 2.8516068055 2.3660400908 1.9391700486 
 2.4191028601 2.0101822348 1.6521580163 
 2.0377529530 1.6985568923 1.4027675975 
 1.7084892505 1.4317252508 1.1914261803 
 1.4305471379 1.2089682040 1.0176291539 
 1.2019019942 1.0286608979 0.8802613046 
 1.0197152993 0.8886496747 0.7779167261 
 0.8807548812 0.7866034375 0.7091928230 
 0.7817625673 0.7203153403 0.6729352127 
 0.7197479833 0.6879335405 0.6684121499 
 0.6921915868 0.6881036717 0.6954013277 
 0.6971460027 0.7200125651 0.7541795491 
 0.7332337518 0.7833327037 0.8454161975 
 0.7995504923 0.8780781579 0.9699826392 
 0.8954932407 1.0043926811 1.1286991988 
 1.0205401820 1.1622971762 1.3220475094 
 1.1740114993 1.3514262708 1.5498787272 
 1.3548396427 1.5707830609 1.8111483812 
 1.5613739993 1.8185385267 2.1037075947 
 1.7912402571 2.0918984485 2.4241780398 
 2.0412693953 2.3870556375 2.7679329919 
 2.3075049397 2.6992380704 3.1291976781 
 2.5852895409 3.0228535389 3.5012682341 
 2.8694231737 3.3517192837 3.8768315112 
 3.1543763219 3.6793527473 4.2483511744 
 3.4345340769 3.9992898555 4.6084733694 
 3.7044429415 4.3053927749 4.9504013131 
 3.9590324909 4.5921113241 5.2681938800 
 4.1937890267 4.8546707609 5.5569572210 
 4.4048669014 5.0891715089 5.8129170573 
 4.5891334439 5.2926005450 6.0333781022 
 4.7441532919 5.4627667521 6.2165922561 
 4.8681257384 5.5981815103 6.3615666305 
 4.9597934521 5.6979103059 6.4678457230 
 5.0183424328 5.7614214470 6.5353002471 
 5.0433117167 5.7884550211 6.5639499112 
 5.0345278559 5.7789301511 6.5538405051 
 4.9920743146 5.7329023921 6.5049881882 
 4.9163002730 5.6505764191 6.4173964567 
 4.8078673948 5.5323723295 6.2911439852 
 4.6678272837 5.3790371154 6.1265342339 
 4.4977170450 5.1917863925 5.9242902931 
 4.2996561165 4.9724557681 5.6857712063 
 4.0764250354 4.7236371120 5.4131798206 
 3.8315067850 4.4487735316 5.1097285024 
 3.5690744163 4.1521891147 4.7797295459 
 3.2939148827 3.8390361555 4.4285832526 
 3.0112879170 3.5151533733 4.0626489118 
 2.7267289637 3.1868421552 3.6890010645 
 2.4458147602 2.8605816104 3.3150924896 
 2.1739170918 2.5427141971 2.9483620727 
 1.9159730376 2.2391392884 2.5958359400 
 1.6762981561 1.9550509977 2.2637713141 
 1.4584632107 1.6947494098 1.9573844324 
 1.2652467343 1.4615431475 1.6806891078 
 1.0986667834 1.2577487709 1.4364552405 
 0.9600869893 1.0847813110 1.2262808578 
 0.8503850350 0.9433215937 1.0507596311 
 0.7701657972 0.8335398826 0.9097187671 
 0.7199962527 0.7553509722 0.8024985285 
 0.7006350082 0.7086726173 0.7282428940 
 0.7132269561 0.6936574069 0.6861703455 
 0.7594345466 0.7108690812 0.6757951375 
 0.8414825099 0.7613790409 0.6970739137 
 0.9621021843 0.8467675064 0.7504607244 
 1.1243728488 0.9690249353 0.8368643745 
 1.3314677358 1.1303602930 0.9575132862 
 1.5863197595 1.3329312142 1.1137422635 
 1.8912267758 1.5785161979 1.3067213219 
 2.2474207607 1.8681519657 1.5371494181 
 2.6546321162 2.2017621664 1.8049370745 
 3.1106897029 2.5778081775 2.1089032470 
 3.6112063674 2.9929981516 2.4465138882 
 4.1494036440 3.4420939243 2.8136914620 
 4.7161228114 3.9178532877 3.2047239271 
 5.3000498864 4.4111346817 3.6122962168 
 5.8881511748 4.9111723543 4.0276560080 
 6.4662802411 5.4060055380 4.4409096319 
 7.0198862714 5.8830209235 4.8414264074 
 7.5347370833 6.3295503050 5.2183146863 
 7.9975727100 6.7334597171 5.5609243985 
 8.3966265795 7.0836741574 5.8593309964 
 8.7219841326 7.3706004253 6.1047639987 
 8.9657837058 7.5864340331 6.2899569654 
 9.1222926105 7.7253579408 6.4094105520 
 9.1879067634 7.7836556558 6.4595722263 
 9.1611231993 7.7597662069 6.4389425925 
 9.0425230534 7.6543037192 6.3481183248 
 8.8347820758 7.4700522597 6.1897767246 
 8.5427014069 7.2119312756 5.9685995707 
 8.1732285317 6.8869129554 5.6911275782 
 7.7354222642 6.5038645809 5.3655344918 
 7.2403108341 6.0732896820 5.0013135900 
 6.7006015491 5.6069527456 4.6088793005 
 6.1302239618 5.1173918028 4.1991008356 
 5.5437218518 4.6173469875 3.7827995890 
 4.9555446548 4.1191547331 3.3702531743 
 4.3793163560 3.6341702198 2.9707528118 
 3.8271708755 3.1722808041 2.5922557363 
 3.3092339596 2.7415601476 2.2411615016 
 2.8333053396 2.3480903508 1.9222238676 
 2.4047595359 1.9959539129 1.6385926822 
 2.0266492993 1.6873752563 1.3919665948 
 1.6999706005 1.4229772522 1.1828295060 
 1.4240361647 1.2021128152 1.0107412014 
 1.1969047696 1.0232333137 0.8746537617 
 1.0158213708 0.8842607178 0.7732276704 
 0.8776331311 0.7829356883 0.7051233445 
 0.7791546029 0.7171175069 0.6692449232 
 0.7174606351 0.6850144635 0.6649148536 
 0.6900898211 0.6853271238 0.6919618990 
 0.6951471838 0.7172936352 0.7507126644 
 0.7313037234 0.7806360646 0.8418870407 
 0.7977014207 0.8754179729 0.9664091344 
 0.8937826882 1.0018334319 1.1251548488 
 1.0190705407 1.1599543741 1.3186636125 
 1.1729287729 1.3494658968 1.5468446371 
 1.3543306176 1.5694186577 1.8087085603 
 1.5616610558 1.8180251056 2.1021544855 
 1.7925734046 2.0925227706 2.4238402559 
 2.0439155340 2.3891229530 2.7691590066 
 2.3117348267 2.7030560134 3.1323360008 
 2.5913633976 3.0287144788 3.5066458640 
 2.8775762361 3.3598829029 3.8847330487 
 3.1648058123 3.6900308002 4.2590011514 
 3.4473889994 4.0126348949 4.6220240332 
 3.7198177632 4.3214921061 4.9669273072 
 3.9769652339 4.6109866717 5.2876941827 
 4.2142636630 4.8762832885 5.5793635905 
 4.4278193561 5.1134310877 5.8381073385 
 4.6144600722 5.3193776720 6.0611922276 
 4.7717204720 5.4919053296 6.2468486670 
 4.8977792252 5.6295107889 6.3940770818 
 4.9913663226 5.7312546021 6.5024268993 
 5.0516607673 5.7966066732 6.5717811708 
 5.0781975377 5.8253115308 6.6021746709 
 5.0707992352 5.8172918481 6.5936663180 
 5.0295429222 5.7726024589 6.5462792215 
 4.9547669677 5.6914403710 6.4600141919 
 4.8471167208 5.5742094052 6.3349352306 
 4.7076219358 5.4216312679 6.1713181901 
 4.5377934634 5.2348883129 5.9698463369 
 4.3397223545 5.0157774308 5.7318292231 
 4.1161618645 4.7668502134 5.4594149135 
 3.8705726613 4.4915128578 5.1557616439 
 3.6071144309 4.1940613131 4.8251351644 
 3.3305732258 3.8796336327 4.4729038585 
 3.0462227826 3.5540722134 4.1054157854 
 2.7596283427 3.2237022106 3.7297589461 
 2.4764113148 2.8950464348 3.3534253851 
 2.2020003511 2.5745084042 2.9839169599 
 1.9413974857 2.2680612614 2.6283414259 
 1.6989863336 1.9809795664 2.2930491164 
 1.4784035787 1.7176439789 1.9833527061 
 1.2824866372 1.4814376015 1.7033578334 
 1.1133012954 1.2747401310 1.4559148461 
 0.9722447193 1.0990145137 1.2426858305 
 0.8602121280 0.9549719201 1.0643090727 
 0.7778094639 0.8427945862 0.9206357861 
 0.7255892069 0.7623916117 0.8110101901 
 0.7042821824 0.7136595281 0.7345622569 
 0.7149957390 0.6967175946 0.6904819103 
 0.7593494997 0.7120885422 0.6782447429 
 0.8395250772 0.7608000853 0.6977637003 
 0.9582154058 0.8443911398 0.7494492686 
 1.1184706350 0.9648178650 0.8341715796 
 1.3234479714 1.1242657733 0.9531292219 
 1.5760803824 1.3248827777 1.1076389358 
 1.8786839248 1.5684532959 1.2988663190 
 2.2325279597 1.8560365365 1.5275204331 
 2.6373991758 2.1875950754 1.7935363528 
 3.0911996084 2.5616442793 2.0957709831 
 3.5896280567 2.9749584993 2.4317395103 
 4.1259984927 3.4223735365 2.7974216730 
 4.6912430424 3.8967230372 3.1871664281 
 5.2741280661 4.3889363901 3.5937183127 
 5.8616813228 4.8883070306 4.0083778010 
 6.4397925414 5.3829157248 4.4212921876 
 6.9939185187 5.8601690624 4.8218559775 
 7.5098064915 6.3073956276 5.1991846212 
 7.9741514055 6.7124362616 5.5426166360 
 8.3751231117 7.0641720723 5.8421989119 
 8.7027319820 7.3529519118 6.0891179914 
 8.9490364237 7.5709043277 6.2760535627 
 9.1082242152 7.7121409015 6.3974452092 
 9.1766155066 7.7728729683 6.4496755225 
 9.1526368207 7.7514690435 6.4311792634 
 9.0368040618 7.6484758327 6.3424885437 
 8.8317322651 7.4666138777 6.1862191879 
 8.5421655632 7.2107436333 5.9669961714 
 8.1749979467 6.8877837227 5.6913096588 
 7.7392390968 6.5065546893 5.3672907644 
 7.2458744596 6.0775220514 5.0043997507 
 6.7075777589 5.6124231464 4.6130291546 
 6.1382572721 5.1237816325 4.2040384404 
 5.5524503903 4.6243372135 3.7882516231 
 4.9646163352 4.1264398207 3.3759605406 
 4.3884045508 3.6414706651 2.9764804660 
 3.8359877083 3.1793529932 2.5977999078 
 3.3175396957 2.7482026356 2.2463538047 
 2.8409130261 2.3541461875 1.9269321894 
 2.4115348260 2.0013091845 1.6427190942 
 2.0325060698 1.6919544302 1.3954427858 
 1.7048633919 1.4267361413 1.1856103546 
 1.4279506037 1.2050300215 1.0127971246 
 1.1998470398 1.0253009304 0.8759624328 
 1.0178075975 0.8854749594 0.7737656651 
 0.8786793563 0.7832880372 0.7048582726 
 0.7792679131 0.7165869406 0.6681286299 
 0.7166319617 0.6835613284 0.6628782946 
 0.6882888994 0.6828891897 0.6889122536 
 0.6923200685 0.7137847503 0.7465331228 
 0.7273730774 0.7759476312 0.8364394831 
 0.7925695522 0.8694232057 0.9595396578 
 0.8873370540 0.9943941034 1.1167018427 
 1.0111912193 1.1509295400 1.3084678775 
 1.1634972715 1.3387219496 1.5347608771 
 1.3432392986 1.5568399511 1.7946174236 
 1.5488224285 1.8035243009 2.0859741563 
 1.7779285091 2.0760499730 2.4055364264 
 2.0274406454 2.3706726626 2.7487519761 
 2.2934457695 2.6826709790 3.1099037383 
 2.5713169151 3.0064857695 3.4823222251 
 2.8558681356 3.3359459137 3.8587009237 
 3.1415659747 3.6645574379 4.2314810647 
 3.4227737504 3.9858227404 4.5932594296 
 3.6940004647 4.2935517969 4.9371682772 
 3.9501261883 4.5821289889 5.2571815761 
 4.1865804831 4.8467074141 5.5483153043 
 4.3994588325 5.0833152499 5.8067081232 
 4.5855723104 5.2888729867 6.0295877591 
 4.7424357309 5.4611331821 6.2151440298 
 4.8682075435 5.5985636745 6.3623393159 
 4.9615997151 5.7002000076 6.4706909332 
 5.0217775486 5.7654933708 6.5400583011 
 5.0482681786 5.7941775424 6.5704627109 
 5.0408930811 5.7861733075 6.5619605784 
 4.9997350736 5.7415426055 6.5145835471 
 4.9251446288 5.6604979323 6.4283513218 
 4.8177843577 5.5434656578 6.3033557731 
 4.6787046508 5.3911951031 6.1399075031 
 4.5094380993 5.2048987095 5.9387286199 
 4.3120960074 4.9864028699 5.7011682008 
 4.0894477128 4.7382847879 5.4294106640 
 3.8449633077 4.4639691436 5.1266434344 
 3.5828032772 4.1677604576 4.7971505938 
 3.3077447039 3.8547935275 4.4463051321 
 3.0250424984 3.5308949734 4.0804444531 
 2.7402342834 3.2023623896 3.7066308059 
 2.4589071980 2.8756814003 3.3323173734 
 2.1864519526 2.5572120510 2.9649576417 
 1.9278324297 2.2528818077 2.6116062101 
 1.6873974297 1.9679216456 2.2785606371 
 1.4687554420 1.7066747366 1.9710861211 
 1.2747250813 1.4724961367 1.6932502366 
 1.1073648761 1.2677494343 1.4478776871 
 0.9680777934 1.0938950417 1.2366191852 
 0.8577788251 0.9516560376 1.0601167507 
 0.7771079756 0.8412412115 0.9182404697 
 0.7266657426 0.7626004467 0.8103679684 
 0.7072438143 0.7156842077 0.7356759789 
 0.7200212116 0.7006769843 0.6934127401 
 0.7666969817 0.7181753142 0.6831212189 
 0.8495358586 0.7692856843 0.7047875555 
 0.9713126975 0.8556263556 0.7588973248 
 1.1351528565 0.9792284388 0.8463931858 
 1.3442761036 1.1423426969 0.9685389309 
 1.6016590750 1.3471671286 1.1267043282 
 1.9096361500 1.5955155688 1.3220910454 
 2.2694633100 1.8884505970 1.5554226796 
 2.6808765919 2.2259072245 1.8266231349 
 3.1416864546 2.6063385926 2.1345090431 
 3.6474588434 3.0264205463 2.4765241797 
 4.1913377897 3.4808555794 2.8485457602 
 4.7640577266 3.9623145213 3.2447918209 
 5.3541735863 4.4615436117 3.6578532800 
 5.9485049787 4.9676450959 4.0788627413 
 6.5327541149 5.4685143132 4.4977957238 
 7.0922255768 5.9513913874 4.9038819594 
 7.6125591050 6.4034678664 5.2860890535 
 8.0803895930 6.8124831425 5.6336321723 
 8.4838703611 7.1672536803 5.9364636974 
 8.8130295993 7.4580972016 6.1857054815 
 9.0599657516 7.6771381439 6.3740004955 
 9.2189163309 7.8185031177 6.4957759643 
 9.2862503041 7.8784302122 6.5474223592 
 9.2604350548 7.8553209997 6.5273990791 
 9.1420168230 7.7497590483 6.4362775656 
 8.9336324521 7.5645062192 6.2767272675 
 8.6400452899 7.3044720730 6.0534420548 
 8.2681745536 6.9766370619 5.7729978521 
 7.8270706712 6.5899013511 5.4436295910 
 7.3277837183 6.1548314794 5.0749191566 
 6.7830811466 5.6832879637 4.6773960446 
 6.2069946041 5.1879368859 4.2620670450 
 5.6142097270 4.6816730088 3.8399067203 
 5.0193492866 4.1770044946 3.4213522371 
 4.4362288163 3.6854631610 3.0158504655 
 3.8771759808 3.2171049178 2.6315004485 
 3.3524964786 2.7801521061 2.2748214251 
 2.8701428000 2.3808066391 1.9506589635 
 2.4356059359 2.0232366114 1.6622239249 
 2.0520146010 1.7097161271 1.4112448468 
 1.7204003922 1.4408831420 1.1982060427 
 1.4400747017 1.2160743961 1.0226411274 
 1.2090632080 1.0336981943 0.8834529151 
 1.0245518240 0.8916112197 0.7792331989 
 0.8833084347 0.7874712030 0.7085579776 
 0.7820533990 0.7190412835 0.6702349992 
 0.7177574500 0.6844247956 0.6634822832 
 0.6878499932 0.6822130542 0.6880203743 
 0.6903266483 0.7115353890 0.7440685000 
 0.7237536910 0.7720104187 0.8322450290 
 0.7871779168 0.8636086859 0.9533837233 
 0.8799607792 0.9864467111 1.1082868096 
 1.0015629005 1.1405391710 1.2974421773 
 1.1513080483 1.3255385924 1.5207348046 
 1.3281548247 1.5404913819 1.7771828204 
 1.5305009417 1.7836364866 2.0647275373 
 1.7560403448 2.0522693312 2.3801044311 
 2.0016881337 2.3426887613 2.7188172508 
 2.2635820804 2.6502377519 3.0752286987 
 2.5371621838 2.9694390411 3.4427678406 
 2.8173212133 3.2942151217 3.8142378994 
 3.0986104847 3.6181699734 4.1821916198 
 3.3754777534 3.9349002440 4.5393291675 
 3.6425098618 4.2382988694 4.8788691231 
 3.8946528355 4.5228158621 5.1948480851 
 4.1273866932 4.7836489397 5.4823175234 
 4.3368403593 5.0168489560 5.7374244699 
 4.5198419847 5.2193388890 5.9573810862 
 4.6739096834 5.3888575964 6.1403433365 
 4.7971954706 5.5238485955 6.2852286510 
 4.8884000490 5.6233188666 6.3915061267 
 4.9466777628 5.6866932546 6.4589913775 
 4.9715498844 5.7136873425 6.4876732400 
 4.9628410709 5.7042167714 6.4775927778 
 4.9206490626 5.6583548633 6.4287876152 
 4.8453521363 5.5763437563 6.3413071867 
 4.7376529567 5.4586574492 6.2152971472 
 4.5986517175 5.3061084213 6.0511438487 
 4.4299362573 5.1199831035 5.8496624117 
 4.2336727235 4.9021859214 5.6123048308 
 4.0126780075 4.6553677198 5.3413586105 
 3.7704552899 4.3830131255 5.0401030280 
 3.5111771515 4.0894638451 4.7128909149 
 3.2396069028 3.7798615775 4.3651301715 
 2.9609574775 3.4600048642 4.0031514261 
 2.6806971021 3.1361273620 3.6339650530 
 2.4043201241 2.8146182598 3.2649291993 
 2.1371079405 2.5017159894 2.9033664458 
 1.8839074886 2.2032115431 2.5561762725 
 1.6489528208 1.9241964658 2.2294911717 
 1.4357495515 1.6688834991 1.9284161262 
 1.2470339260 1.4405169658 1.6568767722 
 1.0848096100 1.2413779807 1.4175848789 
 0.9504572869 1.0728787830 1.2121146455 
 0.8449052597 0.9357320615 1.0410721129 
 0.7688433015 0.8301750356 0.9043330744 
 0.7229566907 0.7562235030 0.8013211142 
 0.7081529736 0.7139276093 0.7312953974 
 0.7257515968 0.7035991763 0.6936170795 
 0.7776076767 0.7259813518 0.6879644873 
 0.8661468151 0.7823363025 0.7144718406 
 0.9942975045 0.8744356767 0.7737747116 
 1.1653190640 1.0044499560 0.8669565490 
 1.3825332255 1.1747438478 0.9954019908 
 1.6489746495 1.3875931722 1.1605718634 
 1.9669804564 1.6448436721 1.3637204089 
 2.3377439566 1.9475352900 1.6055779011 
 2.7608655675 2.2955190477 1.8860231574 
 3.2339443582 2.6870989906 2.2037722511 
 3.7522634031 3.1187377006 2.5561123478 
 4.3086256039 3.5848674245 2.9387116640 
 4.8933884804 4.0778459842 3.3455355724 
 5.4947241592 4.5880845703 3.7688925354 
 6.0990968356 5.1043534100 4.1996209637 
 6.6919119102 5.6142447875 4.6274106641 
 7.2582593740 6.1047474386 5.0412337898 
 7.7836585409 6.5628690210 5.4298447741 
 8.2547168048 6.9762392506 5.7823007170 
 8.6596398320 7.3336364472 6.0884551284 
 8.9885667001 7.6254012775 6.3393879965 
 9.2337405329 7.8437270136 6.5277504933 
 9.3895538437 7.9828385613 6.6480186488 
 9.4525224661 8.0390873404 6.6966627086 
 9.4212413503 8.0109931907 6.6722449165 
 9.2963618560 7.8992582190 6.5754575790 
 9.0806077416 7.7067637238 6.4091069791 
 8.7788209759 7.4385442843 6.1780400233 
 8.3980041717 7.1017176748 5.8890030279 
 7.9473091678 6.7053400356 5.5504191187 
 7.4379158295 6.2601561826 5.1720744415 
 6.8827546546 5.7782264121 4.7647139718 
 6.2960513853 5.2724321046 4.3395631376 
 5.6927073828 4.7558881799 3.9078078060 
 5.0875676571 4.2413141504 3.4800776907 
 4.4946585256 3.7404301375 3.0659829092 
 3.9264896343 3.2634450383 2.6737484555 
 3.3935062950 2.8186905703 2.3099778637 
 2.9037505196 2.4124310963 1.9795589330 
 2.4627514003 2.0488517822 1.6857057833 
 2.0736285605 1.7302038194 1.4301168538 
 1.7373653414 1.4570699980 1.2132199444 
 1.4531955083 1.2287081688 1.0344729049 
 1.2190475199 1.0434321100 0.8926900836 
 1.0319990235 0.8989952017 0.7863675438 
 0.8887053082 0.7929483856 0.7139823994 
 0.7857745904 0.7229482247 0.6742431272 
 0.7200689639 0.6869939698 0.6662696584 
 0.6889143709 0.6835765067 0.6896862830 
 0.6902088668 0.7117288376 0.7446179555 
 0.7224273129 0.7709775667 0.8315909170 
 0.7845315017 0.8612060058 0.9513496423 
 0.8758049795 0.9824493632 1.1046115481 
 0.9956389263 1.1346489600 1.2917869888 
 1.1432982488 1.3173948827 1.5126946288 
 1.3176959902 1.5296856921 1.7663023304 
 1.5172006119 1.7697310668 2.0505223541 
 1.7394959392 2.0348194150 2.3620870405 
 1.9815081630 2.3212674455 2.6965261741 
 2.2394081241 2.6244616980 3.0482584783 
 2.5086898573 2.9389926064 3.4107966664 
 2.7843181209 3.2588702882 3.7770494813 
 3.0609292700 3.5777996903 4.1396883673 
 3.3330628437 3.8894835456 4.4915348448 
 3.5953972901 4.1879172528 4.8259207002 
 3.8429634640 4.4676416642 5.1369781332 
 4.0713140625 4.7239275804 5.4198298523 
 4.2766350638 4.9528776794 5.6706665019 
 4.4557948273 5.1514449255 5.8867166145 
 4.6063358454 5.3173784989 6.0661289069 
 4.7264216104 5.4491169795 6.2077960230 
 4.8147557036 5.5456530497 6.3111523278 
 4.8704917826 5.6063945028 6.3759769457 
 4.8931519698 5.6310436806 6.4022284478 
 4.8825678677 5.6195126507 6.3899309812 
 4.8388537399 5.5718854259 6.3391243367 
 4.7624159341 5.4884319594 6.2498830762 
 4.6539968668 5.3696719286 6.1224025346 
 4.5147462761 5.2164796883 5.9571422022 
 4.3463074284 5.0302155401 5.7550097168 
 4.1509020782 4.8128631515 5.5175618068 
 3.9313959099 4.5671493637 5.2471929395 
 3.6913265789 4.2966217653 4.9472795170 
 3.4348798072 4.0056622067 4.6222487920 
 3.1668052753 3.6994213554 4.2775484618 
 2.8922726420 3.3836700349 3.9195052890 
 2.6166775774 3.0645759536 3.5550776969 
 2.3454163841 2.7484270808 3.1915250753 
 2.0836537923 2.4413325969 2.8360315234 
 1.8361105626 2.1489367769 2.4953302347 
 1.6068952982 1.8761794129 2.1753745466 
 1.3993991012 1.6271291269 1.8810931655 
 1.2162638447 1.4049052368 1.6162528251 
 1.0594264824 1.2116922738 1.3834355231 
 0.9302340948 1.0488409470 1.1841230923 
 0.8296176586 0.9170413038 1.0188713078 
 0.7583066271 0.8165478883 0.8875491810 
 0.7170610897 0.7474321579 0.7896154162 
 0.7068939207 0.7098339274 0.7244019080 
 0.7292530984 0.7041817679 0.6913733627 
 0.7861358075 0.7313534421 0.6903335206 
 0.8801119143 0.7927527192 0.7215533213 
 1.0142442520 0.8902881637 0.7858050237 
 1.1919044871 1.0262509160 0.8842975056 
 1.4164932324 1.2030993083 1.0185192321 
 1.6910799226 1.4231661364 1.1900042639 
 2.0179827608 1.6883091584 1.4000420323 
 2.3983145442 1.9995285927 1.6493541049 
 2.8315286889 2.3565793705 1.9377626539 
 3.3150108241 2.7576117292 2.2638774595 
 3.8437711445 3.1988800487 2.6248311981 
 4.4102954533 3.6745631557 3.0160948826 
 5.0046031094 4.1767356082 3.4314039878 
 5.6145358007 4.6955161004 3.8628186970 
 6.2262652536 5.2193965980 4.3009281563 
 6.8249689333 5.7357282526 4.7351903107 
 7.3955915379 6.2313144268 5.1543796727 
 7.9235963299 6.6930445505 5.5471000751 
 8.3956184820 7.1084999255 5.9023121978 
 8.7999598922 7.4664745947 6.2098282633 
 9.1269028371 7.7573770787 6.4607375874 
 9.3688575347 7.9735053104 6.6477429801 
 9.5203869130 8.1092102279 6.7654044742 
 9.5781653739 8.1609777868 6.8102991532 
 9.5409262724 8.1274622652 6.7811113488 
 9.4094377942 8.0094963360 6.6786658014 
 9.1865233635 7.8100885386 6.5059092696 
 8.8771158550 7.5344009152 6.2678366904 
 8.4883100897 7.1896836427 5.9713500996 
 8.0293606748 6.7851341448 5.6250354885 
 7.5115669979 6.3316488748 5.2388467546 
 6.9479973009 5.8414480705 4.8236970201 
 6.3530293483 5.3275756125 4.3909737041 
 5.7417219727 4.8033028305 3.9520107237 
 5.1290710807 4.2814895784 3.5175641440 
 4.5292345625 3.7739708811 3.0973423665 
 3.9548234393 3.2910381344 2.6996367068 
 3.4163472380 2.8410697634 2.3310841922 
 2.9218729499 2.4303415644 1.9965753709 
 2.4769180217 2.0630187782 1.6993008027 
 2.0845599670 1.7413075598 1.4409149290 
 1.7457176693 1.4657278588 1.2217874674 
 1.4595465852 1.2354641027 1.0413101190 
 1.2238906837 1.0487523671 0.8982281410 
 1.0357430700 0.9032689695 0.7909694663 
 0.8916787541 0.7964917896 0.7179465860 
 0.7882324636 0.7260101472 0.6778080346 
 0.7222005250 0.6897622831 0.6696183829 
 0.6908504554 0.6861835632 0.6929500040 
 0.6920279127 0.7142554303 0.7478776020 
 0.7241596084 0.7734550633 0.8348769358 
 0.7861616994 0.8636168868 0.9546403008 
 0.8772733930 0.9847268612 1.1078306646 
 0.9968424485 1.1366767979 1.2948022743 
 1.1440918664 1.3190082191 1.5153179157 
 1.3178958089 1.5306742955 1.7682928661 
 1.5165890982 1.7698454943 2.0515940554 
 1.7378297586 2.0337805883 2.3619201395 
 1.9785285902 2.3187795113 2.6947830387 
 2.2348535583 2.6202274887 3.0446026349 
 2.5023095477 2.9327304583 3.4049133143 
 2.7758858791 3.2503305540 3.7686652620 
 3.0502557900 3.5667791243 4.1285880018 
 3.3200053359 3.8758359111 4.4775725735 
 3.5798654520 4.1715589977 4.8090252089 
 3.8249213160 4.4485522328 5.1171506562 
 4.0507777602 4.7021447174 5.3971361775 
 4.2536673455 4.9284887664 5.6452244357 
 4.4304971577 5.1245758551 5.8586809484 
 4.5788395248 5.2881817664 6.0356760315 
 4.6968791154 5.4177605860 6.1751101128 
 4.7833333486 5.5123115209 6.2764145855 
 4.8373644928 5.5712429229 6.3393588674 
 4.8585005995 5.5942551940 6.3638895446 
 4.8465791213 5.5812594508 6.3500209160 
 4.8017224054 5.5323428562 6.2977890256 
 4.7243488279 5.4477850050 6.2072739448 
 4.6152176389 5.3281230869 6.0786878004 
 4.4755000538 5.1742569751 5.9125187699 
 4.3068641979 4.9875792489 5.7097140450 
 4.1115577608 4.7701099686 5.4718779878 
 3.8924702877 4.5246126047 5.2014562984 
 3.6531575855 4.2546668660 4.9018743594 
 3.3978141893 3.9646771788 4.5775995474 
 3.1311861942 3.6598026422 4.2341043534 
 2.8584253264 3.3458049723 3.8777196898 
 2.5848945432 3.0288236844 3.5153843055 
 2.3159439170 2.7151001478 3.1543137201 
 2.0566812914 2.4106814330 2.8016266019 
 1.8117639875 2.1211389242 2.4639744225 
 1.5852354381 1.8513346140 2.1472195771 
 1.3804247999 1.6052606252 1.8561983811 
 1.1999197963 1.3859668672 1.5945911236 
 1.0456148130 1.1955803597 1.3649054870 
 0.9188286859 1.0354096863 1.1685656095 
 0.8204800106 0.9061201851 1.0060888400 
 0.7513019542 0.8079596497 0.8773258963 
 0.7120732743 0.7410098154 0.7817365392 
 0.7038379672 0.7054354605 0.7186707995 
 0.7280838669 0.7017012022 0.6876250326 
 0.7868521222 0.7307273701 0.6884435768 
 0.8827556001 0.7939617503 0.7214417951 
 1.0188941565 0.8933533193 0.7874350407 
 1.1986659704 1.0312254572 0.8876692752 
 1.4254838556 1.2100568041 1.0236601971 
 1.7024121692 1.4321857121 1.1969564312 
 2.0317446985 1.6994588871 1.4088475208 
 2.4145495373 2.0128480271 1.6600399007 
 2.8502156570 2.3720623590 1.9503255533 
 3.3360470334 2.7751909198 2.2782702546 
 3.8669598976 3.2184147511 2.6409512907 
 4.4353410399 3.6958323204 3.0337765863 
 5.0311148066 4.1994374318 3.4504156818 
 5.6420415284 4.7192750958 3.8828656349 
 6.2542339116 5.2437779478 4.3216611094 
 6.8528388676 5.7602581102 4.7562194462 
 7.4228014622 6.2555038452 5.1752923016 
 7.9496147125 6.7164141813 5.5674803595 
 8.4199679735 7.1306026953 5.9217607265 
 8.8222346248 7.4869141906 6.2279796200 
 9.1467779762 7.7758210610 6.4772745801 
 9.3860918846 7.9896927338 6.6624068942 
 9.5348203657 8.1229545221 6.7780013775 
 9.5897133963 8.1721661616 6.8207027626 
 9.5495734920 8.1360530010 6.7892631852 
 9.4152321942 8.0155150726 6.6845733248 
 9.1895718232 7.8136241902 6.5096424620 
 8.8775809463 7.5356012876 6.2695232613 
 8.4864073305 7.1887503554 5.9711692322 
 8.0253549935 6.7823161894 5.6232099297 
 7.5057670672 6.3272341549 5.2356331207 
 6.9407467193 5.8357525736 4.8193744388 
 6.3446943177 5.3209303885 4.3858312703 
 5.7326760051 4.7960395524 3.9463346009 
 5.1196781159 4.2739259582 3.5116253832 
 4.5198324489 3.7663974525 3.0913865453 
 3.9457098371 3.2837078120 2.6938763064 
 3.4077696208 2.8341911804 2.3256942675 
 2.9140236427 2.4240766038 1.9916926370 
 2.4699343520 2.0574841160 1.6950258654 
 2.0785288661 1.7365795750 1.4373171122 
 1.7406836052 1.4618500210 1.2189115576 
 1.4555215706 1.2324559057 1.0391843417 
 1.2208652167 1.0466189722 0.8968727321 
 1.0336970909 0.9020108557 0.7904052561 
 0.8905919182 0.7961138053 0.7182030221 
 0.7880931644 0.7265293938 0.6789300535 
 0.7230131563 0.6912142700 0.6716715273 
 0.6926404395 0.6886261124 0.6960232335 
 0.6948441232 0.7177699351 0.7520833875 
 0.7280739978 0.7781449126 0.8403484562 
 0.7912661957 0.8696031337 0.9615258285 
 0.8836743810 0.9921414689 1.1162854839 
 1.0046533616 1.1456540046 1.3049786757 
 1.1534245441 1.3296746944 1.5273539630 
 1.3288513403 1.5431388544 1.7823007711 
 1.5292488944 1.7841892038 2.0676491418 
 1.7522475979 2.0500481603 2.3800515139 
 1.9947243590 2.3369728917 2.7149671376 
 2.2528093339 2.6403024687 3.0667606990 
 2.5219685042 2.9545969026 3.4289134883 
 2.7971542353 3.2738564527 3.7943294524 
 3.0730076710 3.5917981836 4.1557029371 
 3.3440900458 3.9021578937 4.5059038601 
 3.6051163339 4.1989816253 4.8383327135 
 3.8511651730 4.4768732618 5.1472033949 
 4.0778437684 4.7311728269 5.4277250565 
 4.2813945130 4.9580521458 5.6761716116 
 4.4587396306 5.1545277566 5.8898451365 
 4.6074693584 5.3184027244 6.0669536457 
 4.7257864507 5.4481573986 6.2064325800 
 4.8124242158 5.5428134007 6.3077424844 
 4.8665566754 5.6017954272 6.3706736987 
 4.8877181330 5.6248126488 6.3951839789 
 4.8757460761 5.6117766230 6.3812883404 
 4.8307566282 5.5627666205 6.3290131576 
 4.7531563054 5.4780467310 6.2384192438 
 4.6436881065 5.3581324325 6.1096913813 
 4.5035043933 5.2038977218 5.9432845083 
 4.3342540474 5.0167077159 5.7401095193 
 4.1381675837 4.7985563917 5.5017347994 
 3.9181219118 4.5521856246 5.2305741034 
 3.6776669411 4.2811609573 4.9300286151 
 3.4209996789 3.9898824749 4.6045525412 
 3.1528778561 3.6835162444 4.2596185926 
 2.8784737766 3.3678425321 3.9015722926 
 2.6031786324 3.0490299156 3.5373807488 
 2.3323761505 2.7333569867 3.1742992783 
 2.0712103109 2.4269128472 2.8194940728 
 1.8243737554 2.1353117975 2.4796672516 
 1.5959411220 1.8634556267 2.1607301307 
 1.3892656543 1.6153694862 1.8675617375 
 1.2069495318 1.3941265528 1.6038752059 
 1.0508900256 1.2018651461 1.3721985836 
 0.9223959229 1.0398917495 1.1739623270 
 0.8223620269 0.9088554567 1.0096753838 
 0.7514837358 0.8089735410 0.8791653930 
 0.7104884897 0.7402834167 0.7818549937 
 0.7003566538 0.7028928980 0.7170442633 
 0.7225023102 0.6971989572 0.6841686261 
 0.7788859657 0.7240464569 0.6830031004 
 0.8720371753 0.7848036498 0.7137886895 
 1.0049748522 0.8813404338 0.7772653865 
 1.1810242428 1.0159066390 0.8746073429 
 1.4035393220 1.1909182903 1.0072668375 
 1.6755461451 1.4086676448 1.1767423925 
 1.9993274043 1.6709774866 1.3842916358 
 2.3759737976 1.9788232787 1.6306119463 
 2.8049360620 2.3319506105 1.9155133354 
 3.2836222403 2.7285209834 2.2376100168 
 3.8070942715 3.1648250496 2.5940598662 
 4.3679206309 3.6351055946 2.9803829527 
 4.9562322663 4.1315288974 3.3903889633 
 5.5600053767 4.6443300661 3.8162363980 
 6.1655596533 5.1621359970 4.2486332166 
 6.7582224481 5.6724427397 4.6771707876 
 7.3230787099 6.1621989351 5.0907642539 
 7.8457128821 6.6184306797 5.4781574726 
 8.3128566161 7.0288404424 5.8284434999 
 8.7128825432 7.3823241477 6.1315539655 
 9.0361212255 7.6693724680 6.3786815149 
 9.2750152192 7.8823481323 6.5626152389 
 