13.8725408097 14.3302172690 14.7647630076 
 13.9105130671 14.3651127029 14.7979857801 
 13.9263343729 14.3794548129 14.8114803270 
 13.9222643388 14.3756242200 14.8077321376 
 13.8977329025 14.3530203956 14.7861139467 
 13.8493619690 14.3080821016 14.7429054260 
 13.7710992146 14.2344136977 14.6714145876 
 13.6544892312 14.1230452189 14.5622311652 
 13.4891240212 13.9628734639 14.4036637160 
 13.2633230118 13.7413422011 14.1824252892 
 12.9650857539 13.4454149780 13.8846297484 
 12.5833307403 13.0628652232 13.4971325103 
 12.1093755395 12.5838477875 13.0091864744 
 11.5385279861 12.0026232536 12.4142842092 
 10.8715605496 11.3191956012 11.7119349802 
 10.1157628675 10.5405300702 10.9090171713 
 9.2852557678 9.6809925612 10.0203101341 
 8.4003421462 8.7617417464 9.0678994704 
 7.4858690910 7.8090200720 8.0793813367 
 6.5688304419 6.8515769141 7.0851086359 
 5.6756547350 5.9177089784 6.1150052563 
 4.8297074324 5.0325094983 5.1955979745 
 4.0494518817 4.2158311664 4.3478227544 
 3.3475026402 3.4812326202 3.5859018950 
 2.7305613078 2.8359020883 2.9172820291 
 2.2000394435 2.2813402417 2.3433897679 
 1.7530908622 1.8144907598 1.8608611317 
 1.3837894508 1.4290235618 1.4629223755 
 1.0842595607 1.1165569184 1.1406919222 
 0.8456501932 0.8677005477 0.8842797549 
 0.6589113532 0.6728778945 0.6836442009 
 0.5153702417 0.5229298274 0.5292135551 
 0.4071215267 0.4095195745 0.4122979411 
 0.3272519208 0.3253635918 0.3253204101 
 0.2699242485 0.2643164424 0.2618981561 
 0.2303521534 0.2213427207 0.2168086636 
 0.2047004160 0.1924124867 0.1858785371 
 0.1899445785 0.1743552217 0.1658310195 
 0.1837174283 0.1647008879 0.1541214546 
 0.1841614729 0.1615278141 0.1487807313 
 0.1897985164 0.1633286524 0.1482779286 
 0.1994213428 0.1688991902 0.1514066863 
 0.2120085819 0.1772506638 0.1571955622 
 0.2266616536 0.1875439812 0.1648403807 
 0.2425616421 0.1990432692 0.1736556321 
 0.2589435174 0.2110858545 0.1830417756 
 0.2750849439 0.2230657840 0.1924654206 
 0.2903068256 0.2344280877 0.2014495950 
 0.3039826612 0.2446710936 0.2095715407 
 0.3155537387 0.2533542113 0.2164657008 
 0.3245472312 0.2601087371 0.2218297706 
 0.3305943981 0.2646494285 0.2254319237 
 0.3334464070 0.2667848847 0.2271176069 
 0.3329857505 0.2664251623 0.2268146394 
 0.3292318566 0.2635855442 0.2245357590 
 0.3223402177 0.2583859472 0.2203782083 
 0.3125951493 0.2510460550 0.2145204315 
 0.3003970686 0.2418768599 0.2072164253 
 0.2862458869 0.2312698504 0.1987887299 
 0.2707226937 0.2196855414 0.1896214366 
 0.2544723344 0.2076434190 0.1801549170 
 0.2381897499 0.1957156294 0.1708842512 
 0.2226130602 0.1845269273 0.1623635634 
 0.2085263866 0.1747635271 0.1552186901 
 0.1967753586 0.1671936136 0.1501708367 
 0.1882981780 0.1627023805 0.1480741231 
 0.1841750091 0.1623445506 0.1499701348 
 0.1856982337 0.1674172629 0.1571626519 
 0.1944655220 0.1795557372 0.1713153406 
 0.2124963145 0.2008527979 0.1945738972 
 0.2423696111 0.2340005372 0.2297112913 
 0.2873763106 0.2824475058 0.2802897121 
 0.3516724732 0.3505575516 0.3508252925 
 0.4404114103 0.4437475046 0.4469324161 
 0.5598244012 0.5685724003 0.5754155522 
 0.7172149929 0.7327218480 0.7442711739 
 0.9208323163 0.9448914177 0.9625622468 
 1.1795937609 1.2144972511 1.2401314596 
 1.5026330935 1.5512065897 1.5871226417 
 1.8986546624 1.9642598661 2.0132812002 
 2.3750824118 2.4615674195 2.5270108564 
 2.9370155369 3.0485890339 3.1341902221 
 3.5860519670 3.7270599084 3.8368127841 
 4.3191171719 4.4937130943 4.6316089201 
 5.1275215384 5.3392461308 5.5089175727 
 5.9965280831 6.2478469217 6.4521524145 
 6.9056976938 7.1975781785 7.4381936987 
 7.8301589983 8.1617835106 8.4388892356 
 8.7427333844 9.1114321561 9.4235765585 
 9.6165970430 10.0180387124 10.3622273292 
 10.4279810953 10.8565949204 11.2285950692 
 11.1583816909 11.6079274697 12.0027251699 
 11.7958910088 12.2600634355 12.6723765527 
 12.3355055081 12.8084670986 13.2332191468 
 12.7785172976 13.2552893514 13.6879755786 
 13.1312626873 13.6079488663 14.0448647201 
 13.4035563488 13.8774116465 14.3157481111 
 13.6070990153 14.0764794701 14.5143114502 
 13.7540558568 14.2182910401 14.6544928451 
 13.8559046520 14.3151303872 14.7492500455 
 13.9225746814 14.3775533641 14.8096698528 
 13.9618485574 14.4137933497 14.8443718390 
 13.9789779643 14.4293876076 14.8591398600 
 13.9764634275 14.4269674510 14.8567185891 
 13.9539602262 14.4061700056 14.8367291338 
 13.9082914541 14.3636506443 14.7956811306 
 13.8335708775 14.2931990065 14.7270844665 
 13.7214595090 14.1859850058 14.6216891871 
 13.5615974394 14.0309812967 14.4679043006 
 13.3422619222 13.8156207678 14.2524604594 
 13.0512975814 13.5267449074 13.9613806262 
 12.6773372392 13.1518725909 13.5812971003 
 12.2112759048 12.6807609422 13.1010931938 
 11.6478761244 12.1071387663 12.5137502489 
 10.9872837080 11.4303813518 11.8181577754 
 10.2361502265 10.6567965385 11.0205316523 
 9.4080378280 9.8001569366 10.1350391758 
 8.5228638035 8.8811917090 9.1833075833 
 7.6053351138 7.9259584919 8.1927151710 
 6.6825802446 6.9633042342 7.1936814871 
 5.7814134085 6.0218874216 6.2164680872 
 4.9257669217 5.1273587496 5.2881437908 
 4.1347570986 4.3002264935 4.4302926358 
 3.4216430469 3.5547038957 3.6577896044 
 2.7936891361 2.8985548054 2.9786580747 
 2.2527454592 2.3337307146 2.3947777753 
 1.7962674593 1.8574870003 1.9030989456 
 1.4185028745 1.4636750380 1.4970318435 
 1.1116431409 1.1439858880 1.1677704443 
 0.8668223036 0.8890189015 0.9054176042 
 0.6749169439 0.6891281936 0.6998661597 
 0.5271429453 0.5350472111 0.5414413400 
 0.4154631639 0.4183110877 0.4213297979 
 0.3328263927 0.3315017703 0.3318246506 
 0.2732626776 0.2683439909 0.2664174882 
 0.2318658859 0.2236849215 0.2197720167 
 0.2046985432 0.1933940163 0.1876171299 
 0.1886531310 0.1742185366 0.1665958789 
 0.1812982017 0.1636241327 0.1541003780 
 0.1807292635 0.1596410375 0.1481135047 
 0.1854361956 0.1607277892 0.1470692877 
 0.1941926112 0.1656576953 0.1497369447 
 0.2059684477 0.1734289126 0.1551290645 
 0.2198647506 0.1831966288 0.1624320261 
 0.2350685046 0.1942247689 0.1709557202 
 0.2508249099 0.2058543056 0.1800993994 
 0.2664243355 0.2174852612 0.1893305979 
 0.2812011143 0.2285695911 0.1981743055 
 0.2945412875 0.2386122692 0.2062098283 
 0.3058963864 0.2471780172 0.2130729992 
 0.3148003705 0.2539012591 0.2184616236 
 0.3208869857 0.2584970826 0.2221422804 
 0.3239050955 0.2607712642 0.2239568795 
 0.3237299810 0.2606277939 0.2238277095 
 0.3203691935 0.2580728057 0.2217601015 
 0.3139622460 0.2532143649 0.2178422746 
 0.3047741855 0.2462581462 0.2122423914 
 0.2931838463 0.2374996208 0.2052033158 
 0.2796682739 0.2273139058 0.1970359987 
 0.2647853877 0.2161448977 0.1881128072 
 0.2491573808 0.2044956772 0.1788624424 
 0.2334576311 0.1929224468 0.1697683670 
 0.2184040317 0.1820344549 0.1613729012 
 0.2047616822 0.1725025047 0.1542893722 
 0.1933578572 0.1650787729 0.1492249392 
 0.1851121225 0.1606307943 0.1470169737 
 0.1810843920 0.1601925764 0.1486861084 
 0.1825435344 0.1650357771 0.1555091609 
 0.1910586078 0.1767634701 0.1691148125 
 0.2086135434 0.1974277935 0.1916037408 
 0.2377435376 0.2296701345 0.2256922311 
 0.2816869251 0.2768777983 0.2748734546 
 0.3445395864 0.3433440155 0.3435832754 
 0.4313905031 0.4344092665 0.4373482346 
 0.5484087892 0.5565532025 0.5628843199 
 0.7028472467 0.7174009146 0.7281092738 
 0.9029274695 0.9256070505 0.9420306196 
 1.1575760999 1.1905853375 1.2144750220 
 1.4759875392 1.5220555595 1.5556279458 
 1.8669928307 1.9293828515 1.9753538401 
 2.3382217182 2.4206906165 2.4822724086 
 2.8950662986 3.0017514252 3.0825903578 
 3.5395020391 3.6747131624 3.7787449899 
 4.2688972613 4.4368026826 4.5680090951 
 5.0750295661 5.2792484939 5.4413169157 
 5.9435914244 6.1867371731 6.3826544797 
 6.8544608122 7.1377121524 7.3693549654 
 7.7829009943 8.1056974014 8.3735040785 
 8.7016408451 9.0615875467 9.3643957885 
 9.5835341529 9.9765607943 10.3116634051 
 10.4043033213 10.8250575267 11.1884751410 
 11.1448286085 11.5872265254 11.9741404971 
 11.7925723085 12.2503955758 12.6556489566 
 12.3419709304 12.8094032397 13.2279743265 
 12.7938847206 13.2659139635 13.6932911288 
 13.1543727750 13.6270291671 14.0594529314 
 13.4331258392 13.9035653109 14.3381383712 
 13.6418536772 14.1083197589 14.5430085763 
 13.7928339933 14.2545394242 14.6881001872 
 13.8977299049 14.3546955510 14.7865560400 
 13.9667017251 14.4195807983 14.8497026488 
 14.0077872724 14.4576919023 14.8864290394 
 14.0265016245 14.4748392609 14.9028003541 
 14.0256051437 14.4739251717 14.9018419504 
 14.0050000150 14.4548464807 14.8834458895 
 13.9617342696 14.4144985164 14.8443748674 
 13.8901140530 14.3468811423 14.7783644890 
 13.7819465568 14.2433316079 14.6763505284 
 13.6269543857 14.0929296196 14.5268705947 
 13.4134127737 13.8831332947 14.3167049948 
 13.1290577084 13.6007037232 14.0318224891 
 12.7622879196 13.2329519689 13.6586733934 
 12.3036300651 12.7692870972 13.1858152863 
 11.7473535046 12.2029545615 12.6057612821 
 11.0930208873 11.5327421545 11.9168179574 
 10.3466734820 10.7643274692 11.1245631383 
 9.5213208802 9.9108970676 10.2425586990 
 8.6364766168 8.9927350613 9.2919595760 
 7.7166671146 8.0356775363 8.2998930825 
 6.7890993970 7.0686171608 7.2967987086 
 5.8809109330 6.1205161903 6.3132236904 
 5.0165417159 5.2175278260 5.3767301153 
 4.2157123834 4.3807710413 4.5095108928 
 3.4922922322 3.6250824038 3.7270670921 
 2.8540886254 2.9587838634 3.0379847164 
 2.3033829032 2.3842718135 2.4445927441 
 1.8379341748 1.8991158641 1.9441589820 
 1.4521722253 1.4973567653 1.5302853971 
 1.1383673605 1.1707692345 1.1942513966 
 0.8876522100 0.9099543973 0.9261633248 
 0.6908439957 0.7052093792 0.7158590132 
 0.5390610145 0.5471720411 0.5535704528 
 0.4241470722 0.4272602514 0.4303696406 
 0.3389243667 0.3379309193 0.3384273266 
 0.2772997570 0.2727868571 0.2711157046 
 0.2342550657 0.2265641123 0.2229895638 
 0.2057564263 0.1950362741 0.1896837025 
 0.1886173091 0.1748716740 0.1677634911 
 0.1803443332 0.1634736031 0.1545593555 
 0.1789866191 0.1588249107 0.1480068461 
 0.1830010947 0.1593495691 0.1465048562 
 0.1911396017 0.1637968657 0.1487973986 
 0.2023593119 0.1711493370 0.1538796867 
 0.2157555117 0.1805530308 0.1609267099 
 0.2305146233 0.1912675335 0.1692413871 
 0.2458848471 0.2026328251 0.1782191013 
 0.2611616424 0.2140500192 0.1873255220 
 0.2756852064 0.2249731596 0.1960848710 
 0.2888470707 0.2349093877 0.2040760406 
 0.3001029243 0.2434249200 0.2109342201 
 0.3089888063 0.2501544302 0.2163559049 
 0.3151379576 0.2548116202 0.2201054104 
 0.3182958937 0.2571990436 0.2220212819 
 0.3183316941 0.2572156084 0.2220213257 
 0.3152440739 0.2548606486 0.2201053715 
 0.3091614847 0.2502339872 0.2163553048 
 0.3003362388 0.2435319847 0.2109323682 
 0.2891333916 0.2350401432 0.2040721869 
 0.2760158049 0.2251233708 0.1960784063 
 0.2615273930 0.2142154758 0.1873162189 
 0.2462769844 0.2028098298 0.1782073887 
 0.2309255217 0.1914534213 0.1692286618 
 0.2161794677 0.1807467203 0.1609156954 
 0.2027933292 0.1713519250 0.1538748666 
 0.1915842039 0.1640123026 0.1488055649 
 0.1834612161 0.1595854696 0.1465358347 
 0.1794726523 0.1590935801 0.1480744775 
 0.1808734354 0.1637933771 0.1546828309 
 0.1892150826 0.1752686852 0.1679691519 
 0.2064590901 0.1955467542 0.1900074096 
 0.2351121991 0.2272373071 0.2234797120 
 0.2783776274 0.2736885587 0.2718368848 
 0.3403097257 0.3391474927 0.3394645134 
 0.4259511303 0.4289028594 0.4318326094 
 0.5414231123 0.5493805759 0.5555979364 
 0.6939343210 0.7081554435 0.7186219415 
 0.8916727948 0.9138425568 0.9298663679 
 1.1435505185 1.1758356785 1.1991319352 
 1.4587754907 1.5038643798 1.5366088853 
 1.8462306744 1.9073445508 1.9522094623 
 2.3136460650 2.3945028221 2.4546571657 
 2.8665704791 2.9712772592 3.0503300455 
 3.5071955942 3.6400478995 3.7419103374 
 4.2331590538 4.3983344155 4.5269842625 
 5.0365411780 5.2376977383 5.3968462864 
 5.9033361698 6.1431585466 6.3358487221 
 6.8136771828 7.0934450136 7.3216410917 
 7.7429884887 8.0622626740 8.3265155302 
 8.6640289884 9.0205427302 9.3198151442 
 9.5495374789 9.9393389676 10.2710460645 
 10.3749908388 10.7928227251 11.1530900503 
 11.1209328447 11.5607737792 11.9448596032 
 11.7744517869 12.2301108541 12.6329024879 
 12.3296257877 12.7952823515 13.2117708377 
 12.7870135860 13.2576265145 13.6832867971 
 13.1524533203 13.6240075920 14.0550479450 
 13.4355016855 13.9050997386 14.3385792471 
 13.6478145693 14.1136445108 14.5474809765 
 13.8016817203 14.2629032863 14.6958038623 
 13.9088273985 14.3654134395 14.7967595406 
 13.9795061845 14.4320681062 14.8617793993 
 14.0218699443 14.4714846418 14.8998782900 
 14.0415573547 14.4896035422 14.9172569294 
 14.0414544693 14.4894591065 14.9170781839 
 14.0215857760 14.4710767001 14.8993681459 
 13.9791137672 14.4314724389 14.8610159150 
 13.9084468326 14.3647550923 14.7958718687 
 13.8014770920 14.2623539898 14.6949700907 
 13.6479884017 14.1134177159 14.5469236539 
 13.4362858531 13.9054420610 14.3385572672 
 13.1540953837 13.6251854238 14.0558433780 
 12.7897578934 13.2599069052 13.6851855626 
 12.3336895818 12.7989081534 13.2150370071 
 11.7799979796 12.2352716384 12.6377475990 
 11.1280428798 11.5675759943 11.9514105128 
 10.3836426355 10.8012644450 11.1613609947 
 9.5595940515 9.9492954906 10.2809217710 
 8.6752422345 9.0317683384 9.3310510056 
 7.7550196343 8.0744107176 8.3387575621 
 6.8261312040 7.1061038600 7.3344633489 
 5.9158037152 6.1558965343 6.3488009314 
 5.0486396770 5.2501079815 5.4095017787 
 4.2445655547 4.4100710476 4.5389789823 
 3.5176668766 3.6508486020 3.7529672204 
 2.8759497060 2.9809710841 3.0602676133 
 2.3218582484 2.4030057227 2.4633849310 
 1.8532707397 1.9146467785 1.9597146440 
 1.4646927847 1.5100139909 1.5429390217 
 1.1484327439 1.1809214421 1.2043769315 
 0.8956312270 0.9179782872 0.9341421231 
 0.6970912307 0.7114667290 0.7220565512 
 0.5439017593 0.5519942460 0.5583207826 
 0.4278684250 0.4309392439 0.4339663464 
 0.3417714986 0.3407153786 0.3411198222 
 0.2794762696 0.2748825917 0.2731097244 
 0.2359262462 0.2281374042 0.2244506255 
 0.2070541926 0.1962189615 0.1907423143 
 0.1896457858 0.1757668969 0.1685210243 
 0.1811852777 0.1641614169 0.1550937835 
 0.1797042219 0.1593672818 0.1483778659 
 0.1836459385 0.1597945321 0.1467581718 
 0.1917517424 0.1641818065 0.1489681329 
 0.2029705532 0.1715034717 0.1539949931 
 0.2163909963 0.1808992029 0.1610077038 
 0.2311938825 0.1916234656 0.1693045309 
 0.2466224495 0.2030119584 0.1782771684 
 0.2619675745 0.2144620612 0.1873882549 
 0.2765650990 0.2254244461 0.1961594267 
 0.2898023727 0.2354031449 0.2041673060 
 0.3011311019 0.2439614979 0.2110450564 
 0.3100836271 0.2507315583 0.2164873718 
 0.3162898942 0.2554247208 0.2202570000 
 0.3194926622 0.2578416175 0.2221911831 
 0.3195589198 0.2578796959 0.2222067265 
 0.3164860584 0.2555373529 0.2203027950 
 0.3104020364 0.2509140374 0.2165609702 
 0.3015595183 0.2442063105 0.2111425619 
 0.2903247236 0.2357004312 0.2042836283 
 0.2771624108 0.2257625760 0.1962885959 
 0.2626190061 0.2148282667 0.1875237600 
 0.2473063272 0.2033929588 0.1784122828 
 0.2318886367 0.1920060198 0.1694325854 
 0.2170759097 0.1812705328 0.1611222770 
 0.2036262446 0.1718515068 0.1540899894 
 0.1923603294 0.1644952129 0.1490377300 
 0.1841908371 0.1600624976 0.1467966225 
 0.1801695557 0.1595790374 0.1483791444 
 0.1815548784 0.1643054783 0.1550510679 
 0.1899017729 0.1758300119 0.1684260073 
 0.2071751220 0.1961847503 0.1905843318 
 0.2358848315 0.2279846864 0.2242155954 
 0.2792367012 0.2745834076 0.2727788933 
 0.3412864305 0.3402327440 0.3406683266 
 0.4270757582 0.4302247126 0.4333616107 
 0.5427214204 0.5509853978 0.5575207849 
 0.6954221916 0.7100847291 0.7210079954 
 0.8933490548 0.9161256869 0.9327785573 
 1.1453880181 1.1784804383 1.2026168923 
 1.4607108484 1.5068454847 1.5406843838 
 1.8481534766 1.9105907917 1.9568495443 
 2.3153888460 2.3978839993 2.4597758876 
 2.8679015119 2.9745928912 3.0557656891 
 3.5078172477 3.6430206663 3.7474131633 
 4.2327148505 4.4006120394 4.5322120616 
 5.0346342027 5.2388669130 5.4013724061 
 5.8995596903 6.1427729848 6.3391861088 
 6.8076552741 7.0910665017 7.3232827357 
 7.7344208193 8.0575098374 8.3259869654 
 8.6527311706 9.0131385487 9.3167299261 
 9.5354679815 9.9291467646 10.2651526121 
 10.3582580732 10.7798624458 11.1442994823 
 11.1017809009 11.5452153308 11.9332490613 
 11.7532285091 12.2122471111 12.6186949320 
 12.3067404604 12.7754888329 13.1952977455 
 12.7628924311 13.2363163549 13.6649427787 
 13.1274995528 13.6015893379 14.0352457794 
 13.4100641509 13.8819428194 14.3177113032 
 13.6221661931 14.0900542850 14.5258898623 
 13.7760069366 14.2391052590 14.6737625314 
 13.8832166341 14.3415449386 14.7744594628 
 13.9539552406 14.4081752957 14.8393247521 
 13.9962824505 14.4475229744 14.8772841920 
 14.0157491018 14.4654403251 14.8944502192 
 14.0151591693 14.4648775647 14.8938999262 
 13.9944625322 14.4457816636 14.8755777853 
 13.9507572179 14.4050984860 14.8362977275 
 13.8784015120 14.3368786148 14.7698450429 
 13.7692579444 14.2325111341 14.6672043369 
 13.6131094675 14.0811303676 14.5169625685 
 13.3982986887 13.8702537606 14.3059515558 
 13.1126375293 13.5867080384 14.0201951617 
 12.7446094334 13.2178767625 13.6462030455 
 12.2848325700 12.7532470801 13.1725956051 
 11.7276697014 12.1861443249 12.5919495120 
 11.0727707577 11.5154314232 11.9026306946 
 10.3262477982 10.7468475952 11.1102653647 
 9.5011538859 9.8936181176 10.2284454560 
 8.6170101969 8.9760352692 9.2783316086 
 7.6983115961 8.0199094470 8.2870298582 
 6.7721978138 7.0540764190 7.2849335681 
 5.8657132354 6.1074187570 6.3025257826 
 5.0031929693 5.2059993251 5.3672960984 
 4.2042554238 4.3708487753 4.5013668084 
 3.4826819513 3.6167276058 3.7201784094 
 2.8462131608 2.9519000254 3.0322711528 
 2.2970868295 2.3787247469 2.4399443429 
 1.8330399019 1.8947521395 1.9404507608 
 1.4484974601 1.4940186466 1.5273890879 
 1.1357379978 1.1683055754 1.1920438950 
 0.8859110245 0.9082278629 0.9245321861 
 0.6898559376 0.7041007373 0.7147056357 
 0.5387159137 0.5465822688 0.5528115751 
 0.4243603671 0.4271110242 0.4299376270 
 0.3396362872 0.3381638677 0.3382695518 
 0.2784733018 0.2733618870 0.2711932689 
 0.2358730899 0.2274570535 0.2232755394 
 0.2078181391 0.1962361111 0.1901611044 
 0.1911344341 0.1763775720 0.1684231370 
 0.1833371130 0.1652918836 0.1553977345 
 0.1824797829 0.1609660739 0.1490240693 
 0.1870198753 0.1618254213 0.1477027280 
 0.1957058802 0.1666177998 0.1501776349 
 0.2074879917 0.1743218205 0.1554423064 
 0.2214512515 0.1840773764 0.1626686357 
 0.2367690841 0.1951360419 0.1711553047 
 0.2526746204 0.2068284027 0.1802926312 
 0.2684470182 0.2185453668 0.1895407601 
 0.2834099053 0.2297306130 0.1984183396 
 0.2969390137 0.2398814526 0.2064990754 
 0.3084760434 0.2485555019 0.2134137868 
 0.3175458217 0.2553807074 0.2188558108 
 0.3237739700 0.2600664562 0.2225878396 
 0.3269025727 0.2624137902 0.2244485595 
 0.3268017940 0.2623231187 0.2243577947 
 0.3234759829 0.2597983042 0.2223192591 
 0.3170635161 0.2549465467 0.2184204620 
 0.3078304053 0.2479740884 0.2128297872 
 0.2961584591 0.2391783497 0.2057912353 
 0.2825295040 0.2289376628 0.1976177600 
 0.2675077528 0.2177002371 0.1886845290 
 0.2517228542 0.2059743706 0.1794237706 
 0.2358564360 0.1943221977 0.1703231503 
 0.2206350900 0.1833594564 0.1619298597 
 0.2068327765 0.1737638996 0.1548628232 
 0.1952855892 0.1662950963 0.1498356641 
 0.1869217634 0.1618284884 0.1476933161 
 0.1828097111 0.1614066567 0.1494653928 
 0.1842266550 0.1663107006 0.1564394915 
 0.1927498695 0.1781541857 0.1702572510 
 0.2103712378 0.1990008428 0.1930347475 
 0.2396332224 0.2315044983 0.2275060678 
 0.2837798208 0.2790649520 0.2771839898 
 0.3469093468 0.3459863971 0.3465243143 
 0.4341074859 0.4376161296 0.4410712042 
 0.5515309263 0.5604327390 0.5675519699 
 0.7064068048 0.7220476688 0.7338841360 
 0.9069134103 0.9310840374 0.9490573061 
 1.1619123539 1.1969008456 1.2228559602 
 1.4805082467 1.5291353122 1.5653927548 
 1.8714165576 1.9370391150 1.9864233731 
 2.3421279716 2.4285912228 2.4944198770 
 2.8978793703 3.0093936789 3.0954042098 
 3.5404889014 3.6814099057 3.7916011785 
 4.2671870063 4.4416894469 4.5800630819 
 5.0696604734 5.2813201796 5.4515264978 
 5.9335871806 6.1849186613 6.3898413994 
 6.8389298323 7.1309593422 7.3723053071 
 7.7611441312 8.0931150838 8.3710959550 
 8.6732464900 9.0425420641 9.3557317399 
 9.5484393292 9.9507629110 10.2961795291 
 10.3628061981 10.7925966330 11.1660027760 
 11.0975498104 11.5485495886 11.9449085122 
 11.7403747933 12.2062381939 12.6202303257 
 12.2858563972 12.7606902854 13.1871933107 
 12.7348862520 13.2136506206 13.6481129487 
 13.0934595744 13.5722001085 14.0108760550 
 13.3711292381 13.8470531309 14.2871031720 
 13.5794169239 14.0508467087 14.4903286016 
 13.7303835115 14.1966311121 14.6344161416 
 13.8354632516 14.2966622935 14.7323088826 
 13.9045870334 14.3615114743 14.7951208055 
 13.9455698547 14.3994557975 14.8315250021 
 13.9637149727 14.4160928158 14.8473731692 
 13.9615853657 14.4141222884 14.8454837613 
 13.9389045203 14.3932528307 14.8255524892 
 13.8925671521 14.3502119916 14.7841619755 
 13.8167619807 14.2788620993 14.7148930978 
 13.7032298900 14.1704476951 14.6085659981 
 13.5416983518 14.0140204187 14.4536609080 
 13.3205423038 13.7970992103 14.2369831712 
 13.0277163485 13.5066208191 13.9446358695 
 12.6519755743 13.1302091274 13.5633375917 
 12.1843462866 12.6577338235 13.0820627259 
 11.6197238906 12.0830380003 12.4938841958 
 10.9583768024 11.4056032166 11.7977761558 
 10.2070540140 10.6318228391 11.0000222627 
 9.3793747087 9.7755209301 10.1148301760 
 8.4952613576 8.8574336135 9.1638317532 
 7.5793704166 7.9035770636 8.1743709956 
 6.6587301241 6.9427130045 7.1767980040 
 5.7600196022 6.0033836557 6.2012800484 
 4.9070213986 5.1111100115 5.2747811150 
 4.1187076999 4.2862751344 4.4187843777 
 3.4082150719 3.5429856732 3.6480792976 
 2.7827160473 2.8889255814 2.9706254690 
 2.2440018342 2.3259951070 2.3882619696 
 1.7894990137 1.8514243823 1.8979191919 
 1.4134507300 1.4590603879 1.4930040510 
 1.1080616034 1.1406048758 1.1647189512 
 0.8644907651 0.8866778060 0.9031827648 
 0.6736470648 0.6876597311 0.6983086819 
 0.5267822397 0.5343133219 0.5404442618 
 0.4158958299 0.4182034609 0.4207987602 
 0.3339719807 0.3319406431 0.3316869036 
 0.2750730700 0.2692756337 0.2666199536 
 0.2343210371 0.2250781887 0.2202786973 
 0.2078013982 0.1952363188 0.1884061387 
 0.1924240723 0.1765115334 0.1676563212 
 0.1857692723 0.1663793528 0.1554292497 
 0.1859383310 0.1628755658 0.1497127070 
 0.1914211775 0.1644600967 0.1489428133 
 0.2009858814 0.1699036872 0.1518882720 
 0.2135915779 0.1781982763 0.1575588033 
 0.2283237843 0.1884895981 0.1651358709 
 0.2443499962 0.2000294406 0.1739227871 
 0.2608929777 0.2121446632 0.1833110300 
 0.2772189599 0.2242200475 0.1927597133 
 0.2926378606 0.2356921462 0.2017853743 
 0.3065125564 0.2460513953 0.2099594817 
 0.3182741874 0.2548498642 0.2169112850 
 0.3274405010 0.2617121514 0.2223338400 
 0.3336343863 0.2663471275 0.2259912871 
 0.3366000537 0.2685585200 0.2277257389 
 0.3362147833 0.2682527287 0.2274624855 
 0.3324947952 0.2654427561 0.2252126333 
 0.3255945312 0.2602477139 0.2210727540 
 0.3157994413 0.2528879772 0.2152216024 
 0.3035131599 0.2436766692 0.2079144469 
 0.2892406778 0.2330087189 0.1994760041 
 0.2735697116 0.2213492109 0.1902933677 
 0.2571529107 0.2092231208 0.1808106569 
 0.2406938074 0.1972087998 0.1715273841 
 0.2249395359 0.1859377519 0.1630027730 
 0.2106833499 0.1761033758 0.1558684770 
 0.1987799120 0.1684814469 0.1508523684 
 0.1901762358 0.1639652170 0.1488163081 
 0.1859610397 0.1636180743 0.1508110068 
 0.1874350125 0.1687466145 0.1581511191 
 0.1962038648 0.1809964626 0.1725132889 
 0.2142946481 0.2024718063 0.1960585147 
 0.2442930692 0.2358767456 0.2315772914 
 0.2894948449 0.2846716127 0.2826508676 
 0.3540572593 0.3532301251 0.3538143804 
 0.4431286771 0.4469743548 0.4506983887 
 0.5629258109 0.5724561392 0.5801166104 
 0.7207239118 0.7373487115 0.7500625302 
 0.9247257619 0.9503128334 0.9695777294 
 1.1837804316 1.2207062299 1.2484586488 
 1.5069286477 1.5581097310 1.5967718562 
 1.9027563992 1.9716467215 2.0241495247 
 2.3785468548 2.4690803993 2.5388438672 
 2.9392441256 3.0556990613 3.1465463892 
 3.5862916641 3.7330552677 3.8490384633 
 4.3164833412 4.4977103524 4.6428343527 
 5.1210487069 5.3402311395 5.5180846386 
 5.9852492916 6.2447494326 6.4580812162 
 6.8887453824 7.1893753845 7.4396866408 
 7.8068718760 8.1476178296 8.4348597097 
 8.7127480216 9.0907206915 9.4131788056 
 9.5799033370 9.9905502402 10.3449596913 
 10.3849282788 10.8224768341 11.2043537526 
 11.1096337446 11.5676778128 11.9717985056 
 11.7423424265 12.2144568319 12.6353852240 
 12.2781758829 12.7584528022 13.1910197423 
 12.7184442494 13.2018821323 13.6415494447 
 13.0694083590 13.5521298319 13.9952116138 
 13.3407358885 13.8200492660 14.2637974834 
 13.5439329221 14.0182741072 14.4608567349 
 13.6909434787 14.1597411648 14.6001482534 
 13.7930139014 14.2565159239 14.6944259517 
 13.8598427663 14.3189310067 14.7545616997 
 13.8989895215 14.3549994363 14.7889579184 
 13.9154944456 14.3700456398 14.8031846370 
 13.9116618592 14.3664991087 14.7997799384 
 13.8869704788 14.3438102989 14.7781696519 
 13.8380935275 14.2984695285 14.7346854449 
 13.7590325770 14.2241332665 14.6626860651 
 13.6413898775 14.1118852927 14.5528115818 
 13.4748206998 13.9506795327 14.3934219681 
 13.2477152733 13.7280221607 14.1712844329 
 12.9481527547 13.4309458298 13.8725710742 
 12.5651398022 13.0472999654 13.4842000066 
 12.0900880748 12.5673204771 12.9954900871 
 11.5183997655 11.9853495956 12.3999997741 
 10.8509332825 11.3014663120 11.6972985732 
 10.0950450612 10.5226950214 10.8943121881 
 9.2648929545 9.6634355094 10.0058468371 
 8.3807794417 8.7448480028 9.0539888209 
 7.4675117293 7.7931419502 8.0663069969 
 6.5520092519 6.8370031315 7.0731021730 
 5.6606027177 5.9046436071 6.1042291464 
 4.8165508291 5.0210636531 5.1861390265 
 4.0382154823 4.2060273380 4.3396958630 
 3.3381259890 3.4730187313 3.5790616830 
 2.7229208909 2.8291708862 2.9116387440 
 2.1939720620 2.2759497233 2.3388258902 
 1.7484146663 1.8102824754 1.8572461241 
 1.3803207856 1.4258371516 1.4601242677 
 1.0818252140 1.1142405455 1.1385855000 
 0.8440955373 0.8661177003 0.8827517902 
 0.6581052091 0.6719113382 0.6825964015 
 0.5152072467 0.5224834392 0.5285638611 
 0.4075225808 0.4095185969 0.4119806255 
 0.3281631197 0.3257536765 0.3252852873 
 0.2713146360 0.2650617744 0.2621091268 
 0.2322106074 0.2224234910 0.2172418040 
 0.2070319641 0.1938219651 0.1865199272 
 0.1927663812 0.1760966363 0.1666744721 
 0.1870546020 0.1667842566 0.1551662597 
 0.1880428642 0.1639668174 0.1500294819 
 0.1942525143 0.1661376075 0.1497344683 
 0.2044718204 0.1720901782 0.1530742047 
 0.2176710833 0.1808308755 0.1590748723 
 0.2329399762 0.1915133697 0.1669284235 
 0.2494449896 0.2033926131 0.1759442658 
 0.2664044065 0.2157953472 0.1855169137 
 0.2830780350 0.2281042539 0.1951065808 
 0.2987688059 0.2397529338 0.2042299053 
 0.3128332504 0.2502289785 0.2124582276 
 0.3246978095 0.2590825054 0.2194210493 
 0.3338779503 0.2659376485 0.2248125124 
 0.3399972158 0.2705047003 0.2283989738 
 0.3428036480 0.2725908916 0.2300260384 
 0.3421815115 0.2721082072 0.2296237686 
 0.3381568924 0.2690771397 0.2272092043 
 0.3308965043 0.2636258769 0.2228857960 
 0.3206998510 0.2559850352 0.2168398458 
 0.3079856995 0.2464786772 0.2093345366 
 0.2932745447 0.2355129069 0.2007025852 
 0.2771693394 0.2235638209 0.1913389489 
 0.2603371975 0.2111669572 0.1816953515 
 0.2434950314 0.1989106498 0.1722786608 
 0.2274021914 0.1874358661 0.1636553789 
 0.2128631641 0.1774452246 0.1564647165 
 0.2007433129 0.1697239824 0.1514429413 
 0.1920005418 0.1651758764 0.1494619190 
 0.1877356181 0.1648767505 0.1515849605 
 0.1892636152 0.1701487926 0.1591430964 
 0.1982082700 0.1826576522 0.1738344393 
 0.2166196018 0.2045332717 0.1978478793 
 0.2471123019 0.2385123134 0.2340093443 
 0.2930176101 0.2880949920 0.2859436082 
 0.3585344203 0.3577017309 0.3582369430 
 0.4488569190 0.4528061443 0.4565766243 
 0.5702482130 0.5800126054 0.5878347048 
 0.7300250267 0.7470420719 0.7600585932 
 0.9364195490 0.9625906330 0.9823314415 
 1.1982897519 1.2360298855 1.2644693057 
 1.5246553863 1.5769228120 1.6165253255 
 1.9240416895 1.9943320942 2.0480728683 
 2.4036217919 2.4959063032 2.5672473188 
 2.9681733681 3.0867564472 3.1795548255 
 3.6189156991 3.7681926248 3.8865188613 
 4.3523693862 4.5364771801 4.6843313743 
 5.1594637078 5.3818454289 5.5627814751 
 6.0251690075 6.2881053684 6.5048041658 
 6.9289091247 7.2331025739 7.4869667385 
 7.8458827271 8.1901921844 8.4810523102 
 8.7492056731 9.1306124003 9.4566253819 
 9.6125458158 10.0263816963 10.3841616772 
 10.4127547151 10.8531587644 11.2381228250 
 11.1319851687 11.5924976857 11.9993542187 
 11.7589293518 12.2331073862 12.6563864713 
 12.2890551014 12.7710042047 13.2055341729 
 12.7239577431 13.2087129348 13.6499779462 
 13.0701018129 13.5538366333 13.9981900388 
 13.3372732726 13.8173533627 14.2620957411 
 13.5370191479 14.0119380878 14.4552892695 
 13.6812617104 14.1505022183 14.5915030286 
 13.7811794587 14.2450375123 14.6834134464 
 13.8463724646 14.3057712531 14.7417818903 
 13.8842837637 14.3405930389 14.7748816203 
 13.8998290501 14.3546958706 14.7881453835 
 13.8951870374 14.3503770044 14.7839732076 
 13.8697151909 14.3269590787 14.7616572810 
 13.8199743981 14.2808133306 14.7174042125 
 13.7398674649 14.2054903005 14.6444605175 
 13.6209169410 14.0919863549 14.5333721095 
 13.4527242395 13.9291933722 14.3724297773 
 13.2236595774 13.7045892401 14.1483652013 
 12.9218244055 13.4052213386 13.8473584755 
 12.5362972348 13.0190052855 13.4563886406 
 12.0586145992 12.5362995886 12.9648945395 
 11.4843531565 11.9516234718 12.3666128235 
 10.8145823349 11.2652751331 11.6613379205 
 10.0568826116 10.4845165813 10.8562431643 
 9.2256171814 9.6239701628 9.9663702431 
 8.3412412633 8.7049666720 9.0139893746 
 7.4286345803 7.7538029528 8.0267677644 
 6.5146954932 6.7991527014 7.0350004267 
 5.6256450042 5.8691200467 6.0684349457 
 4.7845650133 4.9885236409 5.1533366249 
 4.0096048477 4.1769056909 4.3103403817 
 3.3130778235 3.4475232097 3.5533729889 
 2.7014290872 2.8073053951 2.8896254983 
 2.1758756805 2.2575549734 2.3203280699 
 1.7334423730 1.7950830645 1.8419842105 
 1.3681335126 1.4134866929 1.4477462014 
 1.0720526259 1.1043600520 1.1287063744 
 0.8363646531 0.8583254987 0.8749845517 
 0.6520612431 0.6658446831 0.6765738475 
 0.5105274628 0.5178127878 0.5239530508 
 0.4039241219 0.4059556475 0.4084909227 
 0.3254058190 0.3230542588 0.3226711943 
 0.2691999247 0.2630247417 0.2601690868 
 0.2305777468 0.2208868613 0.2158142287 
 0.2057528114 0.1926575389 0.1854776862 
 0.1917397133 0.1752041352 0.1659188931 
 0.1862007232 0.1660857262 0.1546213903 
 0.1872989195 0.1634017271 0.1496370472 
 0.1935686837 0.1656588265 0.1494497031 
 0.2038084018 0.1716608368 0.1528625681 
 0.2169963787 0.1804220260 0.1589095580 
 0.2322288472 0.1911023152 0.1667885382 
 0.2486779378 0.2029617669 0.1758135385 
 0.2655670330 0.2153314838 0.1853828087 
 0.2821607452 0.2275980328 0.1949597002 
 0.2977666422 0.2391985873 0.2040635851 
 0.3117457500 0.2496240777 0.2122682474 
 0.3235288089 0.2584277325 0.2192053942 
 0.3326352785 0.2652365264 0.2245711402 
 0.3386922426 0.2697632458 0.2281335564 
 0.3414506774 0.2718171800 0.2297396612 
 0.3407970343 0.2713118502 0.2293205832 
 0.3367587283 0.2682686950 0.2268940409 
 0.3295028809 0.2628162163 0.2225637501 
 0.3193284732 0.2551847055 0.2165158560 
 0.3066528652 0.2456972868 0.2090129733 
 0.2919943569 0.2347585702 0.2003868642 
 0.2759530549 0.2228426818 0.1910311815 
 0.2591927355 0.2104828037 0.1813960301 
 0.2424266499 0.1982646178 0.1719863735 
 0.2264103204 0.1868262182 0.1633665334 
 0.2119443701 0.1768671783 0.1561732463 
 0.1998903583 0.1691695532 0.1511399591 
 0.1912024982 0.1646336987 0.1491352797 
 0.1869779997 0.1643318445 0.1512186986 
 0.1885285126 0.1695822599 0.1587167171 
 0.1974744998 0.1820463148 0.1733220708 
 0.2158629353 0.2038493189 0.1972173461 
 0.2463059048 0.2377230962 0.2332213014 
 0.2921329116 0.2871632021 0.2849509888 
 0.3575427108 0.3565863072 0.3569850977 
 0.4477320364 0.4514643329 0.4550046468 
 0.5689706716 0.5784036212 0.5858784873 
 0.7285878460 0.7451327305 0.7576560993 
 0.9348358472 0.9603631421 0.9794305272 
 1.1966019107 1.2334917381 1.2610381873 
 1.5229452675 1.5741184162 1.6125655297 
 1.9224409703 1.9913553705 2.0436341193 
 2.4023209159 2.4929128674 2.5624431902 
 2.9674269065 3.0839731534 3.1745770045 
 3.6190412828 3.7659213389 3.8816466712 
 4.3537372104 4.5350891317 4.6799322288 
 5.1624744319 5.3817629607 5.5592979278 
 6.0302200050 6.2897698896 6.5027248982 
 6.9363522976 7.2369310037 7.4867824358 
 7.8559805598 8.1965282782 8.4832021653 
 8.7620943882 9.1396824325 9.4614441536 
 9.6282140871 10.0382643515 10.3918387240 
 10.4310430831 10.8677761126 11.2486821831 
 11.1526061989 11.6096287587 12.0126593038 
 11.7815036703 12.2524202927 12.6721666267 
 12.3131555311 12.7920990476 13.2234255995 
 12.7491535229 13.2311669921 13.6695699077 
 13.0959967845 13.5772449198 14.0190684636 
 13.3635347694 13.8413605693 14.2838791776 
 13.5633969897 14.0362607390 14.4776552180 
 13.7075985358 14.1749419437 14.6142050243 
 13.8074144828 14.2694873733 14.7062906012 
 13.8725408097 14.3302172690 14.7647630076 
 