9.4708837724 10.2019990333 10.8943351672 
 9.5295630432 10.2580735820 10.9468441378 
 9.5483229586 10.2759342465 10.9634868660 
 9.5275768884 10.2561304260 10.9449467141 
 9.4667251672 10.1978965756 10.8902948239 
 9.3642278099 10.0992286892 10.7970679863 
 9.2178062113 9.9570984552 10.6614886923 
 9.0247692139 9.7678050025 10.4788325218 
 8.7824517785 9.5274588671 10.2439452853 
 8.4887423672 9.2325808690 9.9519014322 
 8.1426581479 8.8807792585 9.5987744541 
 7.7449075700 8.4714435414 9.1824601457 
 7.2983626730 8.0063679579 8.7034594586 
 6.8083557104 7.4902002523 8.1654989743 
 6.2827235694 6.9306124182 7.5758570826 
 5.7315533074 6.3381176791 6.9452855871 
 5.1666308116 5.7255129733 6.2874751555 
 4.6006519987 5.1069987347 5.6181006074 
 4.0463061378 4.4970979562 4.9535754456 
 3.5153677345 3.9095414760 4.3097134715 
 3.0179279313 3.3562902861 3.7005138087 
 2.5618609166 2.8468274881 3.1372476218 
 2.1525680523 2.3877868143 2.6279456416 
 1.7929893664 1.9829141696 2.1772945737 
 1.4838328441 1.6333040377 1.7868764556 
 1.2239529372 1.3378245536 1.4556447814 
 1.0108089595 1.0936426329 1.1805256027 
 0.8409443523 0.8967747665 0.9570499904 
 0.7104412522 0.7426088467 0.7799513925 
 0.6153165045 0.6263597457 0.6436859356 
 0.5518346061 0.5434340152 0.5428509241 
 0.5167221055 0.4896890705 0.4724883961 
 0.5072783397 0.4615824231 0.4282706524 
 0.5213884009 0.4562174399 0.4065752350 
 0.5574535639 0.4713017416 0.4044666050 
 0.6142601211 0.5050403466 0.4196081312 
 0.6908093310 0.5559872908 0.4501296338 
 0.7861300291 0.6228777114 0.4944734771 
 0.8990928405 0.7044590005 0.5512379739 
 1.0282419880 0.7993359917 0.6190324024 
 1.1716579717 0.9058419076 0.6963541266 
 1.3268619436 1.0219440737 0.7814953249 
 1.4907701431 1.1451909559 0.8724844122 
 1.6597038940 1.2727046036 0.9670650718 
 1.8294570976 1.4012198117 1.0627135960 
 1.9954188771 1.5271681691 1.1566928714 
 2.1527443494 1.6468017673 1.2461388412 
 2.2965620330 1.7563480083 1.3281728248 
 2.4222028266 1.8521841121 1.4000309240 
 2.5254333912 1.9310179968 1.4592001942 
 2.6026764037 1.9900614641 1.5035505321 
 2.6512014510 2.0271821688 1.5314514650 
 2.6692729480 2.0410225728 1.5418642177 
 2.6562449162 2.0310767444 1.5344014617 
 2.6125963312 1.9977191716 1.5093498294 
 2.5399047584 1.9421834298 1.4676533560 
 2.4407600324 1.8664923483 1.4108592385 
 2.3186237471 1.7733450165 1.3410304200 
 2.1776442117 1.6659693476 1.2606322544 
 2.0224400468 1.5479516755 1.1724026437 
 1.8578683350 1.4230567297 1.0792163615 
 1.6887947444 1.2950520540 0.9839546511 
 1.5198829207 1.1675503823 0.8893906055 
 1.3554185866 1.0438817197 0.7980993954 
 1.1991804167 0.9270041638 0.7124003494 
 1.0543653935 0.8194592271 0.6343354730 
 0.9235716919 0.7233740245 0.5656864912 
 0.8088377813 0.6405094909 0.5080300884 
 0.7117327489 0.5723509399 0.4628287373 
 0.6334898284 0.5202346744 0.4315522211 
 0.5751725006 0.4855017656 0.4158223960 
 0.5378598903 0.4696672045 0.4175705706 
 0.5228352451 0.4745891754 0.4391928667 
 0.5317580870 0.5026193306 0.4836842722 
 0.5667977885 0.5567113905 0.5547277425 
 0.6307050489 0.6404635985 0.6567124489 
 0.7267995589 0.7580722978 0.7946570512 
 0.8588581045 0.9141801453 0.9740204667 
 1.0308970476 1.1136124153 1.2003926198 
 1.2468544725 1.3610060129 1.4790683967 
 1.5101879085 1.6603462373 1.8145182983 
 1.8234128229 2.0144366325 2.2097812919 
 2.1876167573 2.4243403966 2.6658232659 
 2.6019961038 2.8888497922 3.1809298265 
 3.0634763191 3.4040602194 3.7502298957 
 3.5664866686 3.9631397377 4.3654645269 
 4.1029591936 4.5563814571 5.0151083946 
 4.6626012626 5.1715963486 5.6849087271 
 5.2334501160 5.7948471490 6.3588295885 
 5.8026631876 6.4114516988 7.0202962271 
 6.3574444619 7.0071177198 7.6535546697 
 6.8859721595 7.5690339277 8.2449255313 
 7.3781892184 8.0867486874 8.7837528957 
 7.8263471263 8.5527153006 9.2629211944 
 8.2252458269 8.9624555226 9.6789089197 
 8.5721709822 9.3143664315 10.0314362604 
 8.8665786383 9.6092504116 10.3228214599 
 9.1096064201 9.8496742929 10.5571804484 
 9.3034981198 10.0392631703 10.7395924073 
 9.4510196450 10.1820157581 10.8753237593 
 9.5549263025 10.2817018830 10.9691681929 
 9.6175214405 10.3413774641 11.0249303137 
 9.6403294497 10.3630331117 11.0450599969 
 9.6238942210 10.3473808769 11.0304340842 
 9.5677073818 10.2937788735 10.9802798708 
 9.4702674835 10.2002932065 10.8922378743 
 9.3292695220 10.0638980249 10.7625662932 
 9.1419212256 9.8808144895 10.5864929108 
 8.9053761061 9.6469851078 10.3587185872 
 8.6172617457 9.3586688765 10.0740668255 
 8.2762649790 9.0131239504 9.7282541758 
 7.8827155211 8.6093194490 9.3187267365 
 7.4390908436 8.1485912213 8.8454729406 
 6.9503547926 7.6351363044 8.3116913813 
 6.4240482854 7.0762380390 7.7241780640 
 5.8700776569 6.4821375139 7.0933139435 
 5.3001939094 5.8655196773 6.4325882851 
 4.7272150310 5.2406556100 5.7576802432 
 4.1640976871 4.6223167781 5.0852182747 
 3.6229967637 4.0246286046 4.4314131008 
 3.1144505831 3.4600412603 3.8107872147 
 2.6467967556 2.9385617111 3.2351923976 
 2.2258705045 2.4673258701 2.7132293685 
 1.8549814788 2.0505162511 2.2500897065 
 1.5351220257 1.6895710995 1.8477603523 
 1.2653374955 1.3835983141 1.5054847127 
 1.0431864134 1.1299020905 1.2203645999 
 0.8652282552 0.9245435454 0.9880038557 
 0.7274907018 0.7628770405 0.8031223027 
 0.6258808953 0.6400226093 0.6600948574 
 0.5565151357 0.5512485573 0.5533893862 
 0.5159505277 0.4922486348 0.4778892175 
 0.5013122771 0.4593082704 0.4290962948 
 0.5103213699 0.4493652260 0.4032214086 
 0.5412370605 0.4599799711 0.3971779377 
 0.5927348081 0.4892376072 0.4085024235 
 0.6637424504 0.5356052621 0.4352274905 
 0.7532564410 0.5977673679 0.4757306705 
 0.8601573704 0.6744578554 0.5285784859 
 0.9830409604 0.7643045377 0.5923805376 
 1.1200778998 0.8656975920 0.6656643551 
 1.2689133690 0.9766912353 0.7467786496 
 1.4266146593 1.0949452297 0.8338301445 
 1.5896725342 1.2177104259 0.9246569989 
 1.7540586177 1.3418598961 1.0168397004 
 1.9153370397 1.4639642127 1.1077480275 
 2.0688240986 1.5804061692 1.1946202864 
 2.2097853259 1.6875270039 1.2746686427 
 2.3336557356 1.7817933649 1.3452022543 
 2.4362667589 1.8599722535 1.4037583303 
 2.5140627363 1.9193002979 1.4482304327 
 2.5642908459 1.9576340613 1.4769834476 
 2.5851507015 1.9735696108 1.4889456911 
 2.5758931292 1.9665220590 1.4836705004 
 2.5368614078 1.9367589589 1.4613621981 
 2.4694722391 1.8853850150 1.4228642891 
 2.3761377543 1.8142793069 1.3696108966 
 2.2601338638 1.7259898865 1.3035455034 
 2.1254241275 1.6235939531 1.2270137951 
 1.9764518010 1.5105345745 1.1426395453 
 1.8179154429 1.3904468197 1.0531938517 
 1.6545449947 1.2669869636 0.9614684899 
 1.4908952316 1.1436779923 0.8701636751 
 1.3311717900 1.0237830274 0.7817992162 
 1.1791018215 0.9102157392 0.6986561043 
 1.0378571808 0.8054936991 0.6227532795 
 0.9100335667 0.7117373464 0.5558619036 
 0.7976848005 0.6307141250 0.4995571270 
 0.7024077789 0.5639245356 0.4553051057 
 0.6254706343 0.5127242780 0.4245807876 
 0.5679739954 0.4784740931 0.4090094905 
 0.5310325985 0.4627060329 0.4105221852 
 0.5159615467 0.4672914506 0.4315104236 
 0.5244482677 0.4945920843 0.4749621532 
 0.5586882253 0.5475718777 0.5445551143 
 0.6214608590 0.6298450391 0.6446818617 
 0.7161235933 0.7456370901 0.7803817113 
 0.8465072499 0.8996414219 0.9571610180 
 1.0167055557 1.0967635060 1.1806929353 
 1.2307627094 1.3417560293 1.4563985149 
 1.4922737104 1.6387587110 1.7889212393 
 1.8039215877 1.9907668531 2.1815188741 
 2.1669854412 2.3990657292 2.6354141111 
 2.5808655293 2.8626860268 3.1491708991 
 3.0426860387 3.3779565714 3.7181921385 
 3.5470476710 3.9382463760 4.3344546851 
 4.0860024610 4.5339870140 4.9865937870 
 4.6493045172 5.1530386130 5.6604092542 
 5.2249501967 5.7814068113 6.3397898637 
 5.7999658693 6.4042445008 7.0079574954 
 6.3613455724 7.0070025206 7.6488483395 
 6.8970025714 7.5765518891 8.2484064170 
 7.3965918785 8.1021025341 8.7955817194 
 7.8520880493 8.5757894386 9.2828954512 
 8.2580548158 8.9928702794 9.7065322552 
 8.6116033898 9.3515548033 10.0660113694 
 8.9120875655 9.6525442210 10.3635507283 
 9.1606152316 9.8983880697 10.6032611505 
 9.3594652556 10.0927671787 10.7902975301 
 9.5114904397 10.2397931157 10.9300638776 
 9.6195690765 10.3433877123 11.0275332208 
 9.6861470373 10.4067800341 11.0867120269 
 9.7128945234 10.4321379218 11.1102570269 
 9.7004890673 10.4203388375 11.0992409638 
 9.6485292080 10.3708794837 11.0530610817 
 9.5555800429 10.2819233014 10.9694871275 
 9.4193503062 10.1504866078 10.8448508531 
 9.2369981529 9.9727646995 10.6743830108 
 9.0055570254 9.7445957194 10.4527031773 
 8.7224620457 9.4620499545 10.1744592293 
 8.3861408876 9.1221141920 9.8350946384 
 7.9966126852 8.7234157513 9.4316928109 
 7.5560186587 8.2669031180 8.9638121381 
 7.0689957537 7.7563778650 8.4341919504 
 6.5428077588 7.1987665146 7.8491915260 
 5.9871730640 6.6040411274 7.2188361589 
 5.4137745691 5.9847475100 6.5563949424 
 4.8354969349 5.3551729626 5.8775003329 
 4.2654935679 4.7302628065 5.1989192858 
 3.7162224801 4.1244519556 4.5371680952 
 3.1985940003 3.5505944637 3.9071982129 
 2.7213432782 3.0191445310 3.3213551978 
 2.2906876648 2.5376784503 2.7887381530 
 1.9102711810 2.1107714590 2.3149911816 
 1.5813520041 1.7401800130 1.9024737719 
 1.3031633822 1.4252431490 1.5507053162 
 1.0733736377 1.1634082800 1.2569651125 
 0.8885801984 0.9507989673 1.0169440172 
 0.7447871499 0.7827630511 0.8253719453 
 0.6378292438 0.6543592845 0.6765729585 
 0.5637157455 0.5607552236 0.5649198166 
 0.5188766707 0.4975198282 0.4851729365 
 0.5003040161 0.4608042666 0.4326988731 
 0.5055916577 0.4474152512 0.4035738027 
 0.5328875970 0.4547954311 0.3945876504 
 0.5807789226 0.4809323924 0.4031718793 
 0.6481324131 0.5242203762 0.4272766683 
 0.7339129456 0.5832975724 0.4652215791 
 0.8369992986 0.6568785089 0.5155396759 
 0.9560138346 0.7435971954 0.5768303412 
 1.0891796192 0.8418731955 0.6476318832 
 1.2342159501 0.9498098907 0.7263217778 
 1.3882808049 1.0651316952 0.8110498513 
 1.5479660196 1.1851645700 0.8997075343 
 1.7093477525 1.3068615819 0.9899342053 
 1.8680908717 1.4268723378 1.0791594159 
 2.0196015398 1.5416519406 1.1646774461 
 2.1592179439 1.6476019205 1.2437482889 
 2.2824254680 1.7412327696 1.3137170558 
 2.3850801964 1.8193356406 1.3721421834 
 2.4636238196 1.8791497802 1.4169219507 
 2.5152738265 1.9185124863 1.4464088351 
 2.5381750466 1.9359797676 1.4595021804 
 2.5315017713 1.9309082591 1.4557114347 
 2.4955034019 1.9034920335 1.4351846794 
 2.4314905465 1.8547514832 1.3987000781 
 2.3417625388 1.7864751534 1.3476209831 
 2.2294813742 1.7011190680 1.2838184821 
 2.0985009308 1.6016714346 1.2095678982 
 1.9531638289 1.4914934024 1.1274279219 
 1.7980810216 1.3741484783 1.0401124668 
 1.6379107807 1.2532340627 0.9503658541 
 1.4771537972 1.1322282143 0.8608515283 
 1.3199795360 1.0143632351 0.7740632729 
 1.1700959490 0.9025352135 0.6922660298 
 1.0306706230 0.7992556261 0.6174711782 
 0.9043070435 0.7066478777 0.5514487654 
 0.7930754583 0.6264885755 0.4957768634 
 0.6985942005 0.5602905341 0.4519260128 
 0.6221543034 0.5094219448 0.4213745028 
 0.5648775944 0.4752535857 0.4057477617 
 0.5278958035 0.4593230887 0.4069720631 
 0.5125352736 0.4635018617 0.4274288143 
 0.5204886009 0.4901463438 0.4700909975 
 0.5539514805 0.5422114724 0.5386187129 
 0.6157013002 0.6233019345 0.6373879367 
 0.7090951663 0.7376377689 0.7714275829 
 0.8379702576 0.8899163704 0.9462457893 
 1.0064385609 1.0850623920 1.1675359312 
 1.2185792383 1.3278681185 1.4407635518 
 1.4780426725 1.6225374054 1.7706456214 
 1.7875897209 1.9721565338 2.1605451548 
 2.1485994504 2.3781282044 2.6118214575 
 2.5605908727 2.8396228445 3.1232014402 
 3.0208187008 3.3531225505 3.6902664309 
 3.5240151046 3.9121494942 4.3051701813 
 4.0623506233 4.5072708463 4.9567016786 
 4.6256697823 5.1264460900 5.6307685635 
 5.2020177198 5.7557278240 6.3113025929 
 5.7784190462 6.3802538155 6.9814935926 
 6.3418136056 6.9853972650 7.6251724060 
 6.8800139831 7.5578984359 8.2281181784 
 7.3825407252 8.0868006619 8.7790791606 
 7.8412169384 8.5640578481 9.2703643223 
 8.2504554648 8.9847531760 9.6979601973 
 8.6072324039 9.3469456414 10.0612208092 
 8.9107930787 9.6512206416 10.3622427801 
 9.1621693157 9.9000516925 10.6050629369 
 9.3635973679 10.0970828178 10.7948069134 
 9.5179182316 10.2464235533 10.9368877212 
 9.6280241627 10.3520218099 11.0363173006 
 9.6963944852 10.4171533093 11.0971622134 
 9.7247456816 10.4440456151 11.1221522405 
 9.7138078811 10.4336419524 11.1124387612 
 9.6632324113 10.3855044049 11.0674967013 
 9.5716316990 10.2978555290 10.9851665972 
 9.4367511936 10.1677590390 10.8618385009 
 9.2557705915 9.9914408702 10.6927835762 
 9.0257259786 9.7647486064 10.4726388228 
 8.7440337765 9.4837373926 10.1960421906 
 8.4090810433 9.1453526828 9.8583970640 
 8.0208263347 8.7481553189 9.4567164477 
 7.5813352754 8.2930066685 8.9904616735 
 7.0951621683 7.7836088753 8.4622566147 
 6.5694914448 7.2267884457 7.8783394866 
 6.0139766847 6.6324305038 7.2486248915 
 5.4402607107 6.0130202354 6.5862981158 
 4.8612198439 5.3828206880 5.9069482983 
 4.2900331581 4.7567938521 5.2273470532 
 3.7392153991 4.1494302395 4.5640628385 
 3.2197573342 3.5736704960 3.9321386009 
 2.7404882404 3.0400745812 3.3440371046 
 2.3077227630 2.5563307350 2.8089846910 
 1.9251962289 2.1271207344 2.3327483308 
 1.5942454948 1.7542936105 1.9177951760 
 1.3141660767 1.4372620523 1.5637306965 
 1.0826709235 1.1735265061 1.2678964094 
 0.8963851716 0.9592437107 1.0260223407 
 0.7513257558 0.7897771860 0.8328572649 
 0.6433283112 0.6601871458 0.6827275494 
 0.5683943572 0.5656321108 0.5699958873 
 0.5229409379 0.5016653062 0.4894044721 
 0.5039449418 0.4644189663 0.4362973887 
 0.5089854302 0.4506805277 0.4067273641 
 0.5361974422 0.4578749928 0.3974622621 
 0.5841576106 0.4839749452 0.4059142364 
 0.6517246297 0.5273624250 0.4300173502 
 0.7378569445 0.5866657291 0.4680779652 
 0.8414274708 0.6605908894 0.5186181131 
 0.9610520293 0.7477637083 0.5802273221 
 1.0949452181 0.8465946966 0.6514341832 
 1.2408148272 0.9551763134 0.7306056354 
 1.3958034201 1.0712193707 0.8158793737 
 1.5564829906 1.1920330256 0.9051325792 
 1.7189053252 1.3145501679 0.9959880326 
 1.8787067545 1.4353970631 1.0858564269 
 2.0312615693 1.5510029020 1.1720113260 
 2.1718740027 1.6577416793 1.2516908430 
 2.2959949794 1.7520959573 1.3222179761 
 2.3994473900 1.8308299786 1.3811299049 
 2.4786428103 1.8911585762 1.4263056612 
 2.5307733975 1.9308985417 1.4560815985 
 2.5539648951 1.9485905081 1.4693450318 
 2.5473798617 1.9435817970 1.4655982164 
 2.5112639984 1.9160637920 1.4449873179 
 2.4469324457 1.8670609651 1.4082939634 
 2.3566970104 1.7983724268 1.3568901002 
 2.2437393298 1.7124705604 1.2926599688 
 2.1119388923 1.6123646845 1.2178957515 
 1.9656683520 1.5014405030 1.1351756541 
 1.8095713459 1.3832880560 1.0472346007 
 1.6483396201 1.2615317538 0.9568382454 
 1.4865063335 1.1396757222 0.8666705958 
 1.3282708172 1.0209761526 0.7792442921 
 1.1773670012 0.9083498697 0.6968406994 
 1.0369836466 0.8043252522 0.6214846950 
 0.9097400742 0.7110383893 0.5549566368 
 0.7977168377 0.6302742299 0.4988416552 
 0.7025371245 0.5635496587 0.4546141693 
 0.6254916187 0.5122328431 0.4237532925 
 0.5676969008 0.4776906226 0.4078822971 
 0.5302748062 0.4614528443 0.4089222257 
 0.5145372245 0.4653791360 0.4292458053 
 0.5221575967 0.4918097216 0.4718131588 
 0.5553073674 0.5436781487 0.5402662608 
 0.6167340109 0.6245615982 0.6389563623 
 0.7097584870 0.7386455441 0.7728797061 
 0.8381752916 0.8905851235 0.9475027946 
 1.0060474670 1.0852550650 1.1684681080 
 1.2174001396 1.3273911165 1.4411818786 
 1.4758269149 1.6211364132 1.7702957563 
 1.7840328756 1.9695164264 2.1591057839 
 2.1433475314 2.3738788638 2.6089092013 
 2.5532530533 2.8333525123 3.1183843738 
 3.0109871974 3.3443996288 3.6830874760 
 3.5112917760 3.9005523359 4.2951799925 
 4.0463782842 4.4924231656 4.9434983272 
 4.6061645979 5.1080536100 5.6140388582 
 5.1787978407 5.7336103394 6.2908581476 
 5.7514244079 6.3543666665 6.9572945989 
 6.3111128495 6.9558376280 7.5973338917 
 6.8457966154 7.5248945925 8.1968969350 
 7.3450953488 8.0506857100 8.7448434546 
 7.8008988742 8.5252321503 9.2335516970 
 8.2076486424 8.9436414230 9.6590302326 
 8.5623107542 9.3039544735 10.0206094573 
 8.8640859296 9.6067016214 10.3203232989 
 9.1139339150 9.8542726462 10.5621162791 
 9.3140001352 10.0502087816 10.7510024164 
 9.4670250749 10.1985072035 10.8922735185 
 9.5757993823 10.3030024907 10.9908191784 
 9.6427074419 10.3668635633 11.0505895609 
 9.6693844288 10.3922243182 11.0742101048 
 9.6564991693 10.3799535532 11.0627455788 
 9.6036677129 10.3295641797 11.0156078586 
 9.5094989856 10.2392610160 10.9306043827 
 9.3717720100 10.1061277534 10.8041291113 
 9.1877413975 9.9264539032 10.6315014596 
 8.9545617476 9.6961986914 10.4074576712 
 8.6698105125 9.4115784917 10.1267902596 
 8.3320724374 9.0697462844 9.7851122990 
 7.9415286208 8.6695068371 9.3796944846 
 7.5004740182 8.2119842397 8.9102878363 
 7.0136757694 7.7011372144 8.3798124988 
 6.4884889067 7.1440128763 7.7947765407 
 5.9346714280 6.5506508902 7.1653020567 
 5.3638871449 5.9336005637 6.5046875300 
 4.7889435618 5.3070858557 5.8285206089 
 4.2228676396 4.6859288765 5.1534535182 
 3.6779571163 4.0843971218 4.4958329164 
 3.1649473575 3.5151541779 3.8704083263 
 2.6924030466 2.9884630496 3.2893163374 
 2.2663916391 2.5117274972 2.7614628658 
 1.8904388870 2.0893826424 2.2923313589 
 1.5657219496 1.7230844998 1.8841624085 
 1.2914312901 1.4121128476 1.5364005834 
 1.0652283938 1.1538944305 1.2462916983 
 0.8837356060 0.9445658070 1.0095288638 
 0.7430085228 0.7795155497 0.8208732551 
 0.6389543078 0.6538646477 0.6747023410 
 0.5676694396 0.5628580846 0.5654578032 
 0.5256794958 0.5021510932 0.4879781365 
 0.5100737404 0.4679836830 0.4377110859 
 0.5185384393 0.4572479690 0.4108115514 
 0.5493028595 0.4674630476 0.4041407851 
 0.6010185455 0.4966791246 0.4151900077 
 0.6725949740 0.5433350845 0.4419541805 
 0.7630139136 0.6060924252 0.4827800004 
 0.8711422383 0.6836651580 0.5362080733 
 0.9955598586 0.7746614614 0.6008245604 
 1.1344165258 0.8774494080 0.6751334966 
 1.2853286798 0.9900561808 0.7574577432 
 1.4453250183 1.1101076562 0.8458739830 
 1.6108466736 1.2348127515 0.9381849317 
 1.7778044629 1.3609942283 1.0319297466 
 1.9416915477 1.4851645824 1.1244312881 
 2.0977452536 1.6036423209 1.2128764298 
 2.2411473104 1.7127005973 1.2944231694 
 2.3672480453 1.8087372676 1.3663261101 
 2.4717977006 1.8884533494 1.4260702403 
 2.5511673729 1.9490259373 1.4715020924 
 2.6025430855 1.9882619602 1.5009474480 
 2.6240789043 2.0047207132 1.5133058068 
 2.6149983484 1.9977956237 1.5081137530 
 2.5756372001 1.9677489491 1.4855719457 
 2.5074248746 1.9156967618 1.4465334985 
 2.4128056190 1.8435453941 1.3924547375 
 2.2951048935 1.7538842625 1.3253124650 
 2.1583502302 1.6498434177 1.2474946549 
 2.0070594381 1.5349270044 1.1616737106 
 1.8460118258 1.4128357631 1.0706728203 
 1.6800197047 1.2872925356 0.9773364175 
 1.5137174374 1.1618842910 0.8844152631 
 1.3513835786 1.0399325436 0.7944753168 
 1.1968084178 0.9244014072 0.7098375697 
 1.0532149761 0.8178493238 0.6325536365 
 0.9232368979 0.7224271355 0.5644194184 
 0.8089523187 0.6399219593 0.5070267418 
 0.7119690598 0.5718434476 0.4618505725 
 0.6335534327 0.5195463884 0.4303671220 
 0.5747922720 0.4843809991 0.4141956055 
 0.5367751693 0.4678593648 0.4152532845 
 0.5207809559 0.4718230612 0.4359094655 
 0.5284493168 0.4985931652 0.4791195255 
 0.5619155641 0.5510802915 0.5485156692 
 0.6238852356 0.6328304032 0.6484287523 
 0.7176267993 0.7479836626 0.7838170536 
 0.8468664470 0.9011295843 0.9600842384 
 1.0155784311 1.0970515041 1.1827786235 
 1.2276756630 1.3403645064 1.4571766059 
 1.4866159464 1.6350613937 1.7877633574 
 1.7949484761 1.9839914263 2.1776355891 
 2.1538346603 2.3883092332 2.6278683842 
 2.5625889750 2.8469485869 3.1369125510 
 3.0182989348 3.3561954361 3.7001160958 
 3.5155935380 3.9094488400 4.3094817020 
 4.0466288646 4.4972561769 4.9537667004 
 4.6013406406 5.1076811492 5.6189919955 
 5.1679745277 5.7270086613 6.2893525304 
 5.7338519300 6.3407202128 6.9484307636 
 6.2862762837 6.9346076072 7.5805351793 
 6.8134491501 7.4958543095 8.1719474128 
 7.3052596764 8.0139173154 8.7118796797 
 7.7538375795 8.4810870801 9.1930124277 
 8.1538097887 8.8926731413 9.6115755463 
 8.5022582555 9.2468356468 9.9670242314 
 8.7984252024 9.5441381752 10.2614195625 
 9.0432420780 9.7869250254 10.4986457231 
 9.2387675661 9.9786273807 10.6835860252 
 9.3876123650 10.1230855514 10.8213512727 
 9.4924113816 10.2239491379 10.9166198942 
 9.5553844942 10.2841920433 10.9731194060 
 9.5780100806 10.3057599569 10.9932579836 
 9.5608234047 10.2893559984 10.9779040246 
 9.5033448089 10.2343649435 10.9263088748 
 9.4041390659 10.1389156750 10.8361704231 
 9.2610049960 10.0000823818 10.7038396835 
 9.0712910702 9.8142245185 10.5246753320 
 8.8323259336 9.5774607609 10.2935490451 
 8.5419410823 9.2862608690 10.0054944071 
 8.1990462366 8.9381206062 9.6564721970 
 7.8041983603 8.5322601437 9.2441955546 
 7.3600875211 8.0702605480 8.7689242854 
 6.8718538116 7.5565343787 8.2341077037 
 6.3471567717 6.9985254423 7.6467431803 
 5.7959468976 6.4065579580 7.0173361440 
 5.2299364277 5.7933085395 6.3594031620 
 4.6618241832 5.1729464975 5.6885460049 
 4.1043810284 4.5600597152 5.0212192444 
 3.5695320434 3.9685315467 4.3733860852 
 3.0675688413 3.4105418693 3.7592805749 
 2.6065919456 2.8958302164 3.1904605685 
 2.1922308517 2.4312943054 2.6752586314 
 1.8276353968 2.0209258961 2.2186462746 
 1.5136910838 1.6660290730 1.8224501969 
 1.2493901703 1.3656355169 1.4858156880 
 1.0322883021 1.1170270655 1.2058041528 
 0.8589862557 0.9162892332 0.9780286132 
 0.7255898662 0.7588391494 0.7972581446 
 0.6281131946 0.6398891909 0.6579473494 
 0.5627995102 0.5548206331 0.5546648672 
 0.5263436964 0.4994517906 0.4824068844 
 0.5160100305 0.4701953064 0.4367917181 
 0.5296504523 0.4641102576 0.4141421463 
 0.5656381402 0.4788646880 0.4114721763 
 0.6227373530 0.5126306080 0.4264017161 
 0.6999325920 0.5639355057 0.4570246739 
 0.7962391406 0.6314928800 0.5017540035 
 0.9105144452 0.7140309709 0.5591630605 
 1.0412867907 0.8101351454 0.6278381061 
 1.1866149256 0.9181160719 0.7062528748 
 1.3439897807 1.0359129923 0.7926730212 
 1.5102869210 1.1610388954 0.8850957580 
 1.6817754721 1.2905718572 0.9812277551 
 1.8541856378 1.4211940000 1.0785021042 
 2.0228325581 1.5492763125 1.1741327311 
 2.1827894611 1.6710040935 1.2652020785 
 2.3290984647 1.7825343557 1.3487753569 
 2.4570036933 1.8801735986 1.4220324473 
 2.5621891918 1.9605623493 1.4824069228 
 2.6410037169 2.0208520945 1.5277208925 
 2.6906558069 2.0588607551 1.5563045873 
 2.7093651932 2.0731946086 1.5670908083 
 2.6964601444 2.0633272718 1.5596764283 
 2.6524142819 2.0296297353 1.5343458694 
 2.5788204873 1.9733491913 1.4920546320 
 2.4783036326 1.8965382830 1.4343742574 
 2.3543779457 1.8019401874 1.3634033000 
 2.2112587958 1.6928383985 1.2816517078 
 2.0536422885 1.5728829126 1.1919082029 
 1.8864688855 1.4459064416 1.0971016110 
 1.7146888273 1.3157450261 1.0001674796 
 1.5430470332 1.1860768606 0.9039307181 
 1.3759032660 1.0602913332 0.8110135166 
 1.2170998900 0.9413974889 0.7237756703 
 1.0698850704 0.8319777581 0.6442919453 
 0.9368944681 0.7341892975 0.5743685483 
 0.8201900090 0.6498120043 0.5155982770 
 0.7213505245 0.5803393372 0.4694515835 
 0.6416059921 0.5271054288 0.4373984378 
 0.5820044556 0.4914393413 0.4210532739 
 0.5435980730 0.4748343921 0.4223321106 
 0.5276318313 0.4791170501 0.4436069487 
 0.5357153590 0.5065961237 0.4878379966 
 0.5699555809 0.5601695799 0.5586601167 
 0.6330269024 0.6433647953 0.6603979096 
 0.7281576725 0.7602900460 0.7979859289 
 0.8590178383 0.9154815139 0.9767773494 
 1.0295024916 1.1136401248 1.2022345399 
 1.2434173415 1.3592637109 1.4795057683 
 1.5040826677 1.6561903367 1.8129025194 
 1.8138814066 2.0070787631 2.2053038066 
 2.1737863191 2.4128647358 2.6575313082 
 2.5829126242 2.8722488981 3.1677634685 
 3.0381552336 3.3812910071 3.7310827499 
 3.5339788270 3.9331977300 4.3392662368 
 4.0624267222 4.5183868006 4.9809213724 
 4.6133941345 5.1248804552 5.6420259430 
 5.1751717158 5.7390258535 6.3068566707 
 5.7352130721 6.3464710125 6.9592015866 
 6.2810294284 6.9332622013 7.5836764361 
 6.8010821368 7.4868945558 8.1669325593 
 7.2855409334 7.9971549029 8.6985663168 
 7.7268041024 8.4566422124 9.1716100299 
 8.1197265720 8.8609204778 9.5825762860 
 8.4615576610 9.2083288331 9.9311115195 
 8.7516365387 9.4995256498 10.2193695719 
 8.9909211777 9.7368683881 10.4512346144 
 9.1814341221 9.9237306150 10.6315114793 
 9.3257001701 10.0638400091 10.7651727599 
 9.4262341657 10.1606963302 10.8567188545 
 9.4851182173 10.2171043475 10.9096785475 
 9.5036914315 10.2348383847 10.9262581387 
 9.4823637484 10.2144439559 10.9071371144 
 9.4205586616 10.1551771022 10.8514061063 
 9.3167860527 10.0550813028 10.7566454626 
 9.1688438667 9.9112024071 10.6191468300 
 8.9741434844 9.7199409153 10.4342823013 
 8.7301462667 9.4775353564 10.1970225918 
 8.4348865218 9.1806583706 9.9025945206 
 8.0875392692 8.8270877833 9.5472471571 
 7.6889720268 8.4163903366 9.1290663263 
 7.2422033903 7.9505310408 8.6487436945 
 6.7526843439 7.4343048698 8.1101791192 
 6.2283280678 6.8754898187 7.5207865268 
 5.6792443991 6.2846488826 6.8913966345 
 5.1171836043 5.6745637210 6.2357092129 
 4.5547504983 5.0593543923 5.5693345656 
 4.0044984081 4.4534078358 4.9085553300 
 3.4780375245 3.8702804055 4.2690053402 
 2.9852854201 3.3217417317 3.6644781894 
 2.5339517403 2.8170882490 3.1060387413 
 2.1292969785 2.3627895965 2.6015319792 
 1.7741535141 1.9624621537 2.1554942118 
 1.4691592779 1.6171111581 1.7693998278 
 1.2131364190 1.3255562133 1.4421383941 
 1.0035470059 1.0849532652 1.1706122808 
 0.8369679601 0.8913402924 0.9503632617 
 0.7095404231 0.7401532050 0.7761631559 
 0.6173600142 0.6266752117 0.6425273535 
 0.5567835419 0.5463951688 0.5441267216 
 0.5246367806 0.4952603310 0.4760847850 
 0.5183183919 0.4698192105 0.4341571770 
 0.5358061637 0.4672612519 0.4148010223 
 0.5755810795 0.4853696537 0.4151516822 
 0.6364903948 0.5224095941 0.4329305661 
 0.7175726181 0.5769756775 0.4663092626 
 0.8178661207 0.6478206735 0.5137529610 
 0.9362204898 0.7336842639 0.5738619489 
 1.0711268169 0.8331369043 0.6452255649 
 1.2205804071 0.9444506908 0.7262992179 
 1.3819869516 1.0655063896 0.8153121002 
 1.5521206935 1.1937433054 0.9102107788 
 1.7271401401 1.3261561010 1.0086416064 
 1.9026631082 1.4593397926 1.1079725924 
 2.0738983721 1.5895808420 1.2053528928 
 2.2358262747 1.7129887097 1.2978054652 
 2.3834160386 1.8256587649 1.3823458735 
 2.5118639031 1.9238545462 1.4561180158 
 2.6168341951 2.0041954399 1.5165359747 
 2.6946852654 2.0638351982 1.5614205052 
 2.7426637543 2.1006174006 1.5891189901 
 2.7590534888 2.1131958512 1.5985990068 
 2.7432689401 2.1011107289 1.5895078130 
 2.6958871502 2.0648147550 1.5621928760 
 2.6186161090 2.0056474366 1.5176817758 
 2.5142016402 1.9257593427 1.4576231563 
 2.3862789161 1.8279921584 1.3841936045 
 2.2391786896 1.7157237087 1.2999781511 
 2.0777019381 1.5926899568 1.2078342574 
 1.9068794349 1.4627978685 1.1107504605 
 1.7317342844 1.3299437164 1.0117111744 
 1.5570652803 1.1978507509 0.9135784653 
 1.3872669326 1.0699382545 0.8190000541 
 1.2261984211 0.9492310999 0.7303505995 
 1.0771091263 0.8383154816 0.6497107576 
 0.9426235001 0.7393429330 0.5788858999 
 0.8247835193 0.6540814290 0.5194638598 
 0.7251431799 0.5840094354 0.4729087135 
 0.6449064355 0.5304461150 0.4406852417 
 0.5850973606 0.4947082640 0.4244060851 
 0.5467486944 0.4782816098 0.4259903834 
 0.5310920151 0.4829906632 0.4478186733 
 0.5397297118 0.5111475543 0.4928642775 
 0.5747663067 0.5656569885 0.5647773639 
 0.6388757906 0.6500531034 0.6678960778 
 0.7352839394 0.7684462830 0.8071615186 
 0.8676510134 0.9253647245 0.9879204225 
 1.0398502128 1.1254857583 1.2156096780 
 1.2556486390 1.3732631095 1.4953275783 
 1.5183079599 1.6724666038 1.8313069882 
 1.8301310147 2.0256609847 2.2263176772 
 2.1919899104 2.4336633756 2.6810428276 
 2.6028826230 2.8950361318 3.1934991946 
 3.0595777193 3.4056904761 3.7585960992 
 3.5564153997 3.9586881531 4.3679433534 
 4.0853299054 4.5443225837 5.0100080872 
 4.6361369435 5.1505297608 5.6706759495 
 5.1970893188 5.7636229670 6.3341962963 
 5.7556516869 6.3692762915 6.9844021177 
 6.2993956206 6.9536206312 7.6060224855 
 6.8168852412 7.5042838493 8.1858754793 
 7.2984226191 8.0112162747 8.7137550459 
 7.7365517467 8.4671906879 9.1828967988 
 8.1262702424 8.8679356323 9.5899996035 
 8.4649532459 9.2119300424 9.9348623991 
 8.7520392883 9.4999376201 10.2197484317 
 8.9885544539 9.7343828871 10.4486058789 
 9.1765577125 9.9186693624 10.6262613166 
 9.3185815034 10.0565221964 10.7576733815 
 9.4171245791 10.1514127244 10.8473009801 
 9.4742353749 10.2060987220 10.8986123055 
 9.4912082177 10.2222962297 10.9137419075 
 9.4684034924 10.2004880252 10.8932935285 
 9.4051963170 10.1398692452 10.8362844952 
 9.3000548592 10.0384300767 10.7402301894 
 9.1507469469 9.8931760120 10.6013711953 
 8.9546696701 9.7004849332 10.4150477266 
 8.7092891437 9.4565945017 10.1762225880 
 8.4126652072 9.1582009299 9.8801423938 
 8.0640188477 8.8031306814 9.5231055289 
 7.6642810271 8.3910219522 9.1032754628 
 7.2165453904 7.9239282811 8.6214446474 
 6.7263410226 7.4067409415 8.0816272133 
 6.2016519305 6.8473299118 7.4913512355 
 5.6526409956 6.2563327141 6.8615456465 
 5.0910850309 5.6465763254 6.2059773562 
 4.5295838123 5.0321890708 5.5402815438 
 3.9806537064 4.4275269836 4.8807188991 
 3.4558404491 3.8460803808 4.2428576338 
 2.9649777446 3.2995268298 3.6403919527 
 2.5156818442 2.7970566083 3.0842676279 
 2.1131200396 2.3450312636 2.5822057602 
 1.7600396926 1.9469673822 2.1386268464 
 1.4570073452 1.6037857897 1.7549065955 
 1.2027901826 1.3142407681 1.4298578587 
 0.9948122740 1.0754428547 1.1603294344 
 0.8296283649 0.8834032683 0.9418312431 
 0.7033709641 0.7335472119 0.7691219687 
 0.6121376116 0.6211598841 0.6367187716 
 0.5522942684 0.5417411300 0.5393050654 
 0.5206798186 0.4912545224 0.4720236155 
 0.5147071504 0.4662669575 0.4306523116 
 0.5323673004 0.4639857994 0.4116706012 
 0.5721523247 0.4822100987 0.4122342357 
 0.6329180547 0.5192181495 0.4300820751 
 0.7137094813 0.5736150633 0.4634000737 
 0.8135702756 0.6441622077 0.5106651974 
 0.9313553518 0.7296069944 0.5704878082 
 1.0655624707 0.8285279194 0.6414666776 
 1.2141962208 0.9392065829 0.7220670673 
 1.3746752827 1.0595357237 0.8105293816 
 1.5437913957 1.1869698412 0.9048134814 
 1.7177254769 1.3185224433 1.0025815394 
 1.8921226058 1.4508110850 1.1012200337 
 2.0622231078 1.5801480934 1.1978990218 
 2.2230421128 1.7026713465 1.2896642452 
 2.3695853943 1.8145060525 1.3735550880 
 2.4970857361 1.9119456068 1.4467392264 
 2.6012420839 1.9916377114 1.5066532608 
 2.6784435776 2.0507613120 1.5511379499 
 2.7259620811 2.0871805924 1.5785569912 
 2.7420996424 2.0995641434 1.5878895965 
 2.7262809100 2.0874602225 1.5787892614 
 2.6790844843 2.0513224414 1.5516039146 
 2.6022112197 1.9924839785 1.5073558154 
 2.4983915458 1.9130822758 1.4476828711 
 2.3712379090 1.8159399363 1.3747462239 
 2.2250523649 1.7044109448 1.2911117394 
 2.0646029258 1.5822041244 1.1996151737 
 1.8948850527 1.4531975976 1.1032220918 
 1.7208861740 1.3212586979 1.0048939296 
 1.5473709299 1.1900831317 0.9074709195 
 1.3787028431 1.0630653020 0.8135810582 
 1.2187145639 0.9432088423 0.7255821148 
 1.0706342833 0.8330829983 0.6455411619 
 0.9370710773 0.7348269804 0.5752535190 
 0.8200574755 0.6502011331 0.5163005238 
 0.7211437998 0.5806808588 0.4701432050 
 0.6415357888 0.5275866031 0.4382465960 
 0.5822644069 0.4922405866 0.4222268135 
 0.5443741096 0.4761380281 0.4240098088 
 0.5291129171 0.4811171562 0.4459866746 
 0.5381045246 0.5095084991 0.4911458016 
 0.5734800002 0.5642405757 0.5631580405 
 0.6379456398 0.6488776511 0.6663891331 
 0.7347657503 0.7675673804 0.8058159179 
 0.8676454831 0.9248828168 0.9868298186 
 1.0405087776 1.1255534262 1.2149213360 
 1.2571778580 1.3740909401 1.4952500365 
 1.5209712220 1.6743262213 1.8321148092 
 1.8342461805 2.0288835639 2.2283512937 
 2.1979214862 2.4386318918 2.6847013393 
 2.6110273481 2.9021699063 3.1992242693 
 3.0703431641 3.4154214381 3.7668461256 
 3.5701923774 3.9714297225 4.3791587879 
 4.1024610446 4.5604340038 5.0245712881 
 4.6568852955 5.1702805787 5.6888710782 
 5.2216118440 5.7871635033 6.3561762203 
 5.7839824226 6.3966197527 7.0101689226 
 6.3314420557 6.9846408032 7.6354259944 
 6.8524391616 7.5387294363 8.2186306376 
 7.3371840482 8.0487397673 8.7494752670 
 7.7781623520 8.5073871125 9.2211375693 
 8.1703512932 8.9103853082 9.6303055215 
 8.5111430925 9.2562396823 9.9768114016 
 8.8000261877 9.5457753948 10.2629886962 
 9.0381019554 9.7815048348 10.4928830117 
 9.2275212577 9.9669361933 10.6714353061 
 9.3709160509 10.1059067585 10.8037260430 
 9.4708837724 10.2019990333 10.8943351672 
 