2.1600055700 2.6256873056 3.1562098668 
 2.1815710651 2.6513029066 3.1861203410 
 2.1858216941 2.6563580543 3.1920299692 
 2.1726609553 2.6407474429 3.1738279771 
 2.1423426281 2.6047412812 3.1317883234 
 2.0954702512 2.5489879419 3.0665771627 
 2.0329937883 2.4745171123 2.9792660985 
 1.9562014646 2.3827402325 2.8713464786 
 1.8667041734 2.2754439274 2.7447382094 
 1.7664098733 2.1547718674 2.6017858524 
 1.6574860909 2.0231911942 2.4452353392 
 1.5423099895 1.8834412897 2.2781865849 
 1.4234073022 1.7384650912 2.1040204011 
 1.3033835070 1.5913260221 1.9263020194 
 1.1848526306 1.4451164642 1.7486676001 
 1.0703707030 1.3028660891 1.5747036400 
 0.9623818905 1.1674598889 1.4078315677 
 0.8631855739 1.0415761897 1.2512106493 
 0.7749320508 0.9276542339 1.1076715304 
 0.6996531345 0.8278991835 0.9796905126 
 0.6393316755 0.7443297629 0.8694113560 
 0.5960108684 0.6788702856 0.7787173245 
 0.5719399380 0.6334844566 0.7093514852 
 0.5697472815 0.6103429981 0.6630779203 
 0.5926254671 0.6120108502 0.6418704826 
 0.6445053526 0.6416329291 0.6481093257 
 0.7301905628 0.7030914108 0.6847595726 
 0.8554207636 0.8011041183 0.7555027411 
 1.0268341467 0.9412346080 0.8647917033 
 1.2518056418 1.1297902637 1.0178048841 
 1.5381446411 1.3735930166 1.2202839943 
 1.8936416143 1.6796149784 1.4782488776 
 2.3254580569 2.0544770553 1.7975904404 
 2.8393649587 2.5038157190 2.1835486949 
 3.4388592560 3.0315379274 2.6400918772 
 4.1242288633 3.6390115702 3.1692294318 
 4.8916887558 4.3242772525 3.7703178297 
 5.7327562857 5.0814065665 4.4394487033 
 6.6340493651 5.9001549971 5.1690323269 
 7.5776541377 6.7660456313 5.9476917789 
 8.5421119485 7.6609618266 6.7605529121 
 9.5039367914 8.5642284137 7.5899510984 
 10.4394365941 9.4540471708 8.4164902801 
 11.3265257332 10.3090610330 9.2203080353 
 12.1462164998 11.1097867874 9.9823500120 
 12.8835633548 11.8396911622 10.6854565359 
 13.5279711045 12.4857762780 11.3151134609 
 14.0729170910 13.0386540932 11.8598005426 
 14.5152376957 13.4921897712 12.3109571502 
 14.8541739091 13.8428572254 12.6626534108 
 15.0903655360 14.0889708580 12.9110923926 
 15.2249477881 14.2299443924 13.0540753597 
 15.2588578512 14.2656953969 13.0905452244 
 15.1924165824 14.1962757801 13.0202930710 
 15.0252174700 14.0217719200 12.8438770086 
 14.7563300082 13.7424849779 12.5627658276 
 14.3848021339 13.3593701777 12.1796832279 
 13.9104197423 12.8746801026 11.6990920507 
 13.3346459207 12.2927201276 11.1277239094 
 12.6616189368 11.6205873589 10.4750330984 
 11.8990442287 10.8687372607 9.7534433550 
 11.0587877875 10.0512184317 8.9782715679 
 10.1569868596 9.1854491563 8.1672595280 
 9.2135547876 8.2914843168 7.3397195131 
 8.2510698467 7.3908271036 6.5153858064 
 7.2931789009 6.5049488070 5.7131370767 
 6.3627712479 5.6537556220 4.9497891994 
 5.4802395883 4.8542554810 4.2391418253 
 4.6621184636 4.1196246622 3.5914006638 
 3.9202863341 3.4587736801 3.0130130151 
 3.2617766703 2.8764010274 2.5068742269 
 2.6891158945 2.3734364821 2.0728089034 
 2.2010273644 1.9477321793 1.7082110588 
 1.7933206817 1.5948594286 1.4087371004 
 1.4598117328 1.3088983322 1.1689719373 
 1.1931675784 1.0831469964 0.9830180092 
 0.9856193504 0.9107122664 0.8449801535 
 0.8295220585 0.7849670124 0.7493331180 
 0.7177596750 0.6998708175 0.6911661150 
 0.6440022331 0.6501572523 0.6663052277 
 0.6028267368 0.6313974514 0.6713229124 
 0.5897201734 0.6399581418 0.7034535627 
 0.6009904140 0.6728803384 0.7604420078 
 0.6336159863 0.7277093948 0.8403553137 
 0.6850661943 0.8023065909 0.9413868996 
 0.7531189882 0.8946678631 1.0616771304 
 0.8356972595 1.0027686370 1.1991680921 
 0.9307369438 1.1244467871 1.3515036614 
 1.0360937884 1.2573295413 1.5159799588 
 1.1494903990 1.3988049970 1.6895459913 
 1.2685012092 1.5460347876 1.8688497007 
 1.3905701492 1.6960012296 2.0503207691 
 1.5130538584 1.8455799852 2.2302786309 
 1.6332822368 1.9916279963 2.4050525295 
 1.7486279356 2.1310762947 2.5711004620 
 1.8565770352 2.2610183130 2.7251155161 
 1.9547945298 2.3787863628 2.8641112008 
 2.0411801470 2.4820116904 2.9854813490 
 2.1139121595 2.5686665139 3.0870343475 
 2.1714788987 2.6370892128 3.1670051214 
 2.2126993321 2.6859959623 3.2240509419 
 2.2367351259 2.7144833202 3.2572384304 
 2.2430969687 2.7220264852 3.2660290509 
 2.2316476106 2.7084772190 3.2502690693 
 2.2026032022 2.6740639619 3.2101877098 
 2.1565333045 2.6193947549 3.1464044339 
 2.0943586429 2.5454615541 3.0599433140 
 2.0173445534 2.4536427172 2.9522498042 
 1.9270873715 2.3456992005 2.8252032207 
 1.8254909217 2.2237595806 2.6811173168 
 1.7147308809 2.0902895847 2.5227217213 
 1.5972061003 1.9480433837 2.3531188138 
 1.4754778205 1.7999963337 2.1757137058 
 1.3521998730 1.6492617971 1.9941189800 
 1.2300450863 1.4989976968 1.8120401144 
 1.1116348911 1.3523110462 1.6331513310 
 0.9994802705 1.2121704384 1.4609743058 
 0.8959425578 1.0813370962 1.2987732847 
 0.8032220876 0.9623245130 1.1494795413 
 0.7233813659 0.8573950503 1.0156559738 
 0.6584072440 0.7685992547 0.8995093305 
 0.6103135003 0.6978602243 0.8029534492 
 0.5812811047 0.6471010781 0.7277221865 
 0.5738280952 0.6184083580 0.6755254136 
 0.5909944812 0.6142180287 0.6482355171 
 0.6365204885 0.6375040227 0.6480854932 
 0.7149901881 0.6919430932 0.6778537483 
 0.8319091871 0.7820258816 0.7410066003 
 0.9936863247 0.9130844313 0.8417690041 
 1.2074950223 1.0912115085 0.9850982960 
 1.4809973997 1.3230553238 1.1765440092 
 1.8219203806 1.6154813515 1.4219863247 
 2.2374779583 1.9750990685 1.7272536159 
 2.7336429129 2.4076579011 2.0976256458 
 3.3142923569 2.9173294088 2.5372368622 
 3.9802889311 3.5059171328 3.0484089538 
 4.7286090528 4.1720714230 3.6309656836 
 5.5516765189 4.9106254916 4.2816123195 
 6.4370812568 5.7121950950 4.9934866999 
 7.3678364682 6.5631792784 5.7559954616 
 8.3232424723 7.4462509823 6.5550254292 
 9.2802951952 8.3413361649 7.3735632246 
 10.2154394136 9.2269697937 8.1926756384 
 11.1063711857 10.0818219563 8.9927215601 
 11.9335782139 10.8861421824 9.7546104359 
 12.6813772451 11.6228920936 10.4609123772 
 13.3383355327 12.2784168737 11.0966646466 
 13.8971018309 12.8426150167 11.6497938643 
 14.3537791646 13.3086679269 12.1111580185 
 14.7070256170 13.6724604244 12.4742832266 
 14.9570727645 13.9318512974 12.7349127589 
 15.1048209846 14.0859459010 12.8904976053 
 15.1511266757 14.1344939820 12.9397450561 
 15.0963534734 14.0774987071 12.8823138823 
 14.9402247945 13.9150858263 12.7187099294 
 14.6819882179 13.6476477875 12.4503991583 
 14.3208784917 13.2762450098 12.0801181910 
 13.8568390382 12.8032125494 11.6123259790 
 13.2914270882 12.2328837817 11.0537062233 
 12.6287851374 11.5723065519 10.4136036189 
 11.8765186348 10.8318001999 9.7042660422 
 11.0462918630 10.0251971610 8.9407786331 
 10.1539605237 9.1696434453 8.1406199452 
 9.2191163933 8.2849033955 7.3228416811 
 8.2640273276 7.3922159431 6.5069570340 
 7.3120926291 6.5128559220 5.7116944406 
 6.3860571744 5.6666300253 4.9538095769 
 5.5062921878 4.8705545331 4.2471355944 
 4.6894300327 4.1379139137 3.6019944520 
 3.9475428934 3.4778040947 3.0250111783 
 3.2879190191 2.8951561070 2.5192945926 
 2.7133637745 2.3911490868 2.0848937522 
 2.2228721271 1.9638761641 1.7194180219 
 1.8124957749 1.6091237725 1.4187162472 
 1.4762508744 1.3211515585 1.1775352391 
 1.2069588435 1.0933983578 0.9901063549 
 0.9969609883 0.9190744127 0.8506318534 
 0.8386836884 0.7916233204 0.7536567236 
 0.7250509593 0.7050493718 0.6943193864 
 0.6497500213 0.6541124372 0.6684810568 
 0.6073606927 0.6343990656 0.6727419067 
 0.5933659071 0.6422869180 0.7043619783 
 0.6040683006 0.6748279651 0.7611130194 
 0.6364433930 0.7295807888 0.8410913753 
 0.6879608539 0.8044222813 0.9425211493 
 0.7564016589 0.8973648056 1.0635722941 
 0.8396924164 1.0063983926 1.2022119781 
 0.9357708834 1.1293706373 1.3561010004 
 1.0424900929 1.2639106816 1.5225409459 
 1.1575631455 1.4073984077 1.6984723936 
 1.2785466171 1.5569757042 1.8805197640 
 1.4028575275 1.7095933145 2.0650743516 
 1.5278167557 1.8620843200 2.2484039792 
 1.6507106142 2.0112538786 2.4267758934 
 1.7688620023 2.1539745535 2.5965793409 
 1.8797031312 2.2872774961 2.7544358201 
 1.9808431607 2.4084317619 2.8972880735 
 2.0701260075 2.5150068162 3.0224629424 
 2.1456757785 2.6049163774 3.1277075233 
 2.2059294159 2.6764446377 3.2112019294 
 2.2496578980 2.7282581670 3.2715547922 
 2.2759784914 2.7594081492 3.3077891079 
 2.2843609805 2.7693279054 3.3193260721 
 2.2746305217 2.7578299903 3.3059732913 
 2.2469689092 2.7251056884 3.2679215215 
 2.2019147976 2.6717277874 3.2057512254 
 2.1403620658 2.5986553945 3.1204471948 
 2.0635543016 2.5072376456 3.0134166679 
 1.9730725856 2.3992117833 2.8865042223 
 1.8708135671 2.2766905173 2.7419955991 
 1.7589553586 2.1421340272 2.5826028282 
 1.6399100360 1.9983034586 2.4114246905 
 1.5162633833 1.8481951651 2.2318795796 
 1.3907047130 1.6949579416 2.0476118444 
 1.2659518111 1.5417986244 1.8623770932 
 1.1446779368 1.3918841811 1.6799159757 
 1.0294490837 1.2482503305 1.5038289061 
 0.9226801687 1.1137275118 1.3374655465 
 0.8266184107 0.9908945704 1.1838424468 
 0.7433608784 0.8820689408 1.0456001981 
 0.6749110654 0.7893395411 0.9250081763 
 0.6232763297 0.7146451920 0.8240208303 
 0.5906039912 0.6598971391 0.7443847465 
 0.5793486391 0.6271391040 0.6877904362 
 0.5924567816 0.6187321884 0.6560568888 
 0.6335478697 0.6375452466 0.6513305848 
 0.7070642784 0.6871250171 0.6762745787 
 0.8183590526 0.7718161014 0.7342188549 
 0.9736909750 0.8968007012 0.8292422241 
 1.1801018781 1.0680327093 0.9661598144 
 1.4451586688 1.2920488736 1.1503981999 
 1.7765490109 1.5756481410 1.3877498552 
 2.1815245981 1.9254367187 1.6840068885 
 2.6661941609 2.3472425706 2.0444802552 
 3.2346874547 2.8454145964 2.4734179863 
 3.8882465390 3.4220442634 2.9733494258 
 4.6243486717 4.0761816904 3.5444048598 
 5.4360126831 4.8031567936 4.1836884278 
 6.3114659699 5.5941441907 4.8848076188 
 7.2343294158 6.4361100372 5.6376717685 
 8.1844003799 7.3122363467 6.4286526671 
 9.1389891377 8.2028337121 7.2411480590 
 10.0746266136 9.0866454728 8.0565114822 
 10.9688594599 9.9423489472 8.8552302600 
 11.8018223658 10.7500074789 9.6181741531 
 12.5573372503 11.4922404583 10.3277213285 
 13.2234103791 12.1549516946 10.9686015945 
 13.7921362431 12.7275622101 11.5283670921 
 14.2591280491 13.2027967218 11.9974841393 
 14.6226550798 13.5761466058 12.3691124743 
 14.8826764505 13.8451651636 12.6386840746 
 15.0399341870 14.0087479624 12.8034090958 
 15.0952258243 14.0665246330 12.8618264723 
 15.0489335119 14.0184521478 12.8134904687 
 14.9008507385 13.8646623290 12.6588503159 
 14.6503197713 13.6055815773 12.3993432789 
 14.2966683761 13.2423076356 12.0376843073 
 13.8399072522 12.7771939732 11.5782987643 
 13.2816151994 12.2145558282 11.0278105709 
 12.6258971516 11.5613758609 10.3954712185 
 11.8802577525 10.8278600742 9.6934034168 
 11.0562047158 10.0276889382 8.9365456467 
 10.1694010635 9.1778373543 8.1422262459 
 9.2392393739 8.2979057128 7.3293650557 
 8.2878159245 7.4090038919 6.5173828343 
 7.3384172005 6.5323354384 5.7249703706 
 6.4137547300 5.6877062034 4.9689067067 
 5.5342514101 4.8922020335 4.2631055281 
 4.7166663586 4.1592356318 3.6180142667 
 3.9732520776 3.4980702887 3.0404112407 
 3.3115039545 2.9138213534 2.5335683400 
 2.7344357146 2.4078490810 2.0976917736 
 2.2412319216 1.9784093299 1.7305306316 
 1.8281025684 1.6214236098 1.4280491811 
 1.4891853114 1.3312551011 1.1850825553 
 1.2173861553 1.1014147972 0.9959236672 
 1.0050974126 0.9251565977 0.8548121320 
 0.8447681609 0.7959438238 0.7563102212 
 0.7293230689 0.7077821498 0.6955587260 
 0.6524346413 0.6554205684 0.6684119611 
 0.6086591789 0.6344284713 0.6714594052 
 0.5934531794 0.6411653308 0.7019512734 
 0.6030945811 0.6726678898 0.7576537122 
 0.6345390459 0.7264849253 0.8366635378 
 0.6852427425 0.8004899016 0.9372117873 
 0.7529796480 0.8926978053 1.0574809867 
 0.8356750025 1.0011060821 1.1954548177 
 0.9312693076 1.1235726975 1.3488123007 
 1.0376206332 1.2577380373 1.5148725231 
 1.1524475603 1.4009920527 1.6905905218 
 1.2733109247 1.5504837412 1.8726001681 
 1.3976294589 1.7031666418 2.0572958104 
 1.5227223126 1.8558715157 2.2409412501 
 1.6458702082 2.0053958734 2.4197927189 
 1.7643866351 2.1485996604 2.5902222450 
 1.8756910172 2.2824972698 2.7488292565 
 1.9773770885 2.4043380157 2.8925312767 
 2.0672716155 2.5116699497 3.0186285874 
 2.1434807866 2.6023849952 3.1248420717 
 2.2044237422 2.6747462908 3.2093273529 
 2.2488545013 2.7274009458 3.2706712499 
 2.2758747287 2.7593828070 3.3078781126 
 2.2849402571 2.7701101941 3.3203537080 
 2.2758640350 2.7593829352 3.3078931295 
 2.2488173333 2.7273816107 3.2706769966 
 2.2043298207 2.6746699749 3.2092773701 
 2.1432877583 2.6021994180 3.1246717620 
 2.0669283527 2.5113124038 3.0182607856 
 1.9768274895 2.4037404203 2.8918828082 
 1.8748778601 2.2815913863 2.7478178076 
 1.7632550059 2.1473218703 2.5887727995 
 1.6443700387 2.0036909350 2.4178428202 
 1.5208096301 1.8536947922 2.2384444363 
 1.3952660471 1.7004844333 2.0542227455 
 1.2704622271 1.5472715259 1.8689372255 
 1.1490787813 1.3972306329 1.6863358397 
 1.0336911092 1.2534077525 1.5100297944 
 0.9267252953 1.1186459915 1.3433827458 
 0.8304410757 0.9955387724 1.1894278867 
 0.7469489095 0.8864194152 1.0508243466 
 0.6782660779 0.7933933940 0.9298610910 
 0.6264137300 0.7184161786 0.8285123961 
 0.5935527409 0.6634153365 0.7485442545 
 0.5821509953 0.6304504010 0.6916657616 
 0.5951682503 0.6218978767 0.6597135992 
 0.6362375878 0.6406419906 0.6548513245 
 0.7098159564 0.6902454068 0.6797590212 
 0.8212724826 0.7750698587 0.7377843819 
 0.9768839504 0.9003164360 0.8330253033 
 1.1837122074 1.0719599368 0.9703178383 
 1.4493458124 1.2965598406 1.1551113644 
 1.7814947113 1.5809388590 1.3932225034 
 2.1874317295 1.9317264678 1.6904676316 
 2.6732829191 2.3547710337 2.0521800854 
 3.2431880422 2.8544357695 2.4826255672 
 3.8983877888 3.4328164727 2.9843428478 
 4.6363426970 4.0889535375 3.5574594856 
 5.4500366329 4.8181496653 4.1990610795 
 6.3276431313 5.6115330314 4.9027182431 
 7.2527128791 6.4560051012 5.6582846763 
 8.2049627992 7.3346692466 6.4520601820 
 9.1616214503 8.2277508844 7.2673595918 
 10.0991469200 9.1139110435 8.0854504401 
 10.9950310551 9.9717571239 8.8867398432 
 11.8293778790 10.7813025541 9.6520313127 
 12.5860046644 11.5251409430 10.3636564915 
 13.2529366732 12.1891744673 11.0063206986 
 13.8223053636 12.7628429450 11.5675722739 
 14.2897713884 13.2389039775 12.0378900314 
 14.6536541088 13.6128883571 12.4104561880 
 14.9139582446 13.8823878403 12.6807282115 
 15.0714611996 14.0463289882 12.8459382471 
 15.1269814763 14.1043599998 12.9046384914 
 15.0809051515 14.0564408200 12.8563843312 
 14.9330114727 13.9026893845 12.7016126858 
 14.6826106991 13.6435020802 12.4417360485 
 14.3289829132 13.2799333333 12.0794353978 
 13.8720794758 12.8142849662 11.6190983161 
 13.3134143108 12.2508192300 11.0673142123 
 12.6570300403 11.5964729721 10.4333112819 
 11.9103810077 10.8614225875 9.7292077390 
 11.0849461378 10.0593431786 8.9699620865 
 10.1963888760 9.2072337810 8.1729495992 
 9.2641353320 8.3247493476 7.3571620992 
 8.3103470286 7.4330805889 6.5421111942 
 7.3584004362 6.5535293874 5.7465879476 
 6.4311104826 5.7060057832 4.9874702687 
 5.5490036723 4.9076936048 4.2787592455 
 4.7289307554 4.1720872921 3.6309707621 
 3.9832150881 3.5085092540 3.0509286754 
 3.3193978494 2.9221091195 2.5419270380 
 2.7405135304 2.4142579405 2.1041731132 
 2.2457456362 1.9832026112 1.7353997984 
 1.8312861280 1.6248406606 1.4315422778 
 1.4912427987 1.3335009478 1.1873977540 
 1.2184844803 1.1026537568 0.9972156652 
 1.0053625038 0.9255088871 0.8551890861 
 0.8442836286 0.7954842999 0.7558324824 
 0.7281305338 0.7065405488 0.6942389261 
 0.6505352156 0.6533828848 0.6662162414 
 0.6060158383 0.6315393276 0.6683097523 
 0.5899939396 0.6373313340 0.6977290412 
 0.5987164896 0.6677620341 0.7522044487 
 0.6291130291 0.7203521061 0.8298032088 
 0.6786193246 0.7929535483 0.9287344008 
 0.7449954913 0.8835675431 1.0471674898 
 0.8261601204 0.9901862082 1.1830829770 
 0.9200547055 1.1106711332 1.3341671188 
 1.0245460375 1.2426753058 1.4977565986 
 1.1373688401 1.3836097630 1.6708336680 
 1.2561067918 1.5306520408 1.8500675866 
 1.3782070630 1.6807901541 2.0318942000 
 1.5010214358 1.8308934007 2.2126224152 
 1.6218658888 1.9777998412 2.3885545168 
 1.7380902098 2.1184099866 2.5561070259 
 1.8471497316 2.2497770911 2.7119202582 
 1.9466725696 2.3691863672 2.8529476745 
 2.0345175894 2.4742181242 2.9765200331 
 2.1088204629 2.5627928277 3.0803835609 
 2.1680272494 2.6331989078 3.1627151427 
 2.2109166638 2.6841063710 3.2221203338 
 2.2366133371 2.7145706129 3.2576214805 
 2.2445948213 2.7240311600 3.2686433109 
 2.2346948472 2.7123094486 3.2550021750 
 2.2071045340 2.6796083549 3.2169029434 
 2.1623720717 2.6265143142 3.1549448051 
 2.1014001017 2.5540008370 3.0701342467 
 2.0254388825 2.4634303983 2.9639007780 
 1.9360725877 2.3565503768 2.8381089115 
 1.8351959373 2.2354782224 2.6950588715 
 1.7249789252 2.1026715201 2.5374687853 
 1.6078186557 1.9608801069 2.3684328037 
 1.4862791169 1.8130797696 2.1913525972 
 1.3630218553 1.6623899626 2.0098436036 
 1.2407326447 1.5119810053 1.8276216654 
 1.1220510499 1.3649788511 1.6483795559 
 1.0095109846 1.2243773217 1.4756656783 
 0.9055007798 1.0929684045 1.3127784500 
 0.8122508411 0.9733007253 1.1626893955 
 0.7318556891 0.8676747122 1.0280059374 
 0.6663350321 0.7781804217 0.9109816331 
 0.6177354617 0.7067805856 0.8135775345 
 0.5882702199 0.6554371588 0.7375736346 
 0.5804890970 0.6262743808 0.6847240175 
 0.5974639201 0.6217651135 0.6569433093 
 0.6429678708 0.6449203659 0.6565055365 
 0.7216204676 0.6994555775 0.6862303483 
 0.8389665696 0.7899032291 0.7496272647 
 1.0014589665 0.9216415894 0.8509680101 
 1.2163198146 1.1008145258 0.9952612347 
 1.4912636545 1.3341255758 1.1881122386 
 1.8340708628 1.6284976256 1.4354599123 
 2.2520053507 1.9905956908 1.7431910674 
 2.7510795777 2.4262168451 2.1166385005 
 3.3351913952 2.9395643392 2.5599771797 
 4.0051953425 3.5324478669 3.0755480247 
 4.7580214758 4.2034885833 3.6631632072 
 5.5860025305 4.9474472224 4.3194769175 
 6.4765920366 5.7548203277 5.0375308542 
 7.4126288562 6.6118444499 5.8065902948 
 8.3732169425 7.5009983610 6.6123624224 
 9.3351562909 8.4020011561 7.4376301739 
 10.2747208721 9.2931915246 8.2632523905 
 11.1694825378 10.1530767356 9.0693975276 
 11.9998648843 10.9617945069 9.8368214806 
 12.7501836662 11.7022543108 10.5479906962 
 13.4090611141 12.3608074270 11.1878929660 
 13.9692422436 12.9274064562 11.7444550795 
 14.4269490796 13.3953187839 12.2085731610 
 14.7809625231 13.7605284954 12.5738335029 
 15.0316239853 14.0209889027 12.8360444916 
 15.1799173261 14.1758797922 12.9927115310 
 15.2267465114 14.2249937403 13.0425733182 
 15.1724809668 14.1683379885 12.9852892266 
 15.0168057958 14.0060010291 12.8213322652 
 14.7588874566 13.7382989078 12.5521049622 
 14.3978421030 13.3661837020 12.1802582598 
 13.9334670633 12.8918625487 11.7101566411 
 13.3671610150 12.3195385390 11.1483980391 
 12.7029152440 11.6561477003 10.5042695725 
 11.9482143036 10.9119379871 9.7900081967 
 11.1146548299 10.1007302529 9.0207485282 
 10.2180964701 9.2397311593 8.2140844830 
 9.2782154298 8.3488396609 7.3892439867 
 8.3174403967 7.4494925545 6.5659618020 
 7.3593903189 6.5632039747 5.7632099234 
 6.4270606083 5.7100327535 4.9979830546 
 5.5410717937 4.9072308728 4.2843244719 
 4.7182750577 4.1682780022 3.6327194625 
 3.9709101496 3.5024098023 3.0499003780 
 3.3063719171 2.9146367263 2.5390266660 
 2.7275120458 2.4061607741 2.1001471688 
 2.2333197154 1.9750507086 1.7308297834 
 1.8198006699 1.6170329964 1.4268512922 
 1.4808974022 1.3262830440 1.1828656389 
 1.2093407958 1.0961406545 0.9929984447 
 0.9973730628 0.9197093850 0.8513392831 
 0.8373187495 0.7903235296 0.7523177818 
 0.7220011951 0.7018789918 0.6909575317 
 0.6450107831 0.6490308484 0.6630081596 
 0.6008364112 0.6272667902 0.6649641343 
 0.5848778955 0.6328738948 0.6939885154 
 0.5933644814 0.6628243157 0.7477679121 
 0.6232100500 0.7146102272 0.8243287096 
 0.6718364495 0.7860581801 0.9218435590 
 0.7369925876 0.8751486878 1.0384524652 
 0.8165903349 0.9798603233 1.1721164416 
 0.9085710153 1.0980506863 1.3205151143 
 1.0108096930 1.2273803747 1.4809936403 
 1.1210591743 1.3652809191 1.6505590390 
 1.2369316392 1.5089635179 1.8259214962 
 1.3559129355 1.6554622149 2.0035724015 
 1.4754026270 1.8017028819 2.1798880104 
 1.5927718202 1.9445880767 2.3512460097 
 1.7054305649 2.0810876460 2.5141421763 
 1.8108972048 2.2083258668 2.6652958442 
 1.9068633440 2.3236578370 2.8017358005 
 1.9912499063 2.4247304356 2.9208620282 
 2.0622518075 2.5095260465 3.0204827297 
 2.1183707387 2.5763899157 3.0988296416 
 2.1584371721 2.6240440904 3.1545572502 
 2.1816237514 2.6515921038 3.1867328433 
 2.1874526044 2.6585188138 3.1948243091 
 2.1757988510 2.6446891539 3.1786913736 
 2.1468917772 2.6103481755 3.1385838270 
 2.1013140219 2.5561229564 3.0751476014 
 2.0399979193 2.4830250311 2.9894367428 
 1.9642171024 2.3924503109 2.8829267788 
 1.8755708595 2.2861723230 2.7575231339 
 1.7759586961 2.1663242613 2.6155574307 
 1.6675432005 2.0353659545 2.4597649868 
 1.5527006023 1.8960334332 2.2932386489 
 1.4339602163 1.7512711403 2.1193571479 
 1.3139360257 1.6041496714 1.9416900144 
 1.1952556792 1.4577747907 1.7638851621 
 1.0804938374 1.3151959028 1.5895488298 
 0.9721178629 1.1793237483 1.4221300435 
 0.8724541426 1.0528676163 1.2648227082 
 0.7836828000 0.9383017468 1.1204977536 
 0.7078672005 0.8378689334 0.9916756282 
 0.6470224408 0.7536267477 0.8805461903 
 0.6032238643 0.6875383538 0.7890389956 
 0.5787523603 0.6416055221 0.7189422673 
 0.5762676388 0.6180360549 0.6720634336 
 0.5989939034 0.6194314496 0.6504179954 
 0.6508950911 0.6489737207 0.6564269472 
 0.7368106873 0.7105841318 0.6930969273 
 0.8625202311 0.8090230632 0.7641533612 
 1.0347065416 0.9499011893 0.8740969046 
 1.2607938056 1.1395778477 1.0281584133 
 1.5486439329 1.3849308375 1.2321363134 
 1.9061001870 1.6929895806 1.4921096125 
 2.3403721817 2.0704293884 1.8140272422 
 2.8572672466 2.5229317922 2.2031805509 
 3.4602978595 3.0544310092 2.6635748963 
 4.1497366950 3.6662945788 3.1972335340 
 4.9217436166 4.3565254423 3.8034938185 
 5.7677354298 5.1191128767 4.4783869908 
 6.6741848544 5.9436831091 5.2142169122 
 7.6229973458 6.8155881014 5.9994553989 
 8.5925156434 7.7165115938 6.8190407784 
 9.5590607286 8.6255707391 7.6551004782 
 10.4987778341 9.5207755314 8.4880309884 
 11.3894693594 10.3806155213 9.2977850089 
 12.2120979340 11.1855087055 10.0651645966 
 12.9517314865 11.9188842969 10.7729193197 
 13.5978423395 12.5677646836 11.4064995378 
 14.1440134294 13.1228279308 11.9543983724 
 14.5872057512 13.5780339502 12.4081042925 
 14.9267851556 13.9299610855 12.7617554654 
 15.1635003345 14.1770200213 13.0116245655 
 15.2985668127 14.3186978150 13.1555685874 
 15.3329647254 14.3549516179 13.1925604957 
 15.2670153231 14.2858327365 13.1223886103 
 15.1002681522 14.1113848413 12.9455735256 
 14.8317061681 13.8318270545 12.6635153067 
 14.4602538935 13.4480009617 12.2788467295 
 13.9855472813 12.9620267693 11.7959315952 
 13.4088883619 12.3780764074 11.2214123984 
 12.7342633717 11.7031336794 10.5646841406 
 11.9692579246 10.9475830609 9.8381597466 
 11.1256732941 10.1254637759 9.0572073957 
 10.2196550668 9.2542583513 8.2396872989 
 9.2712060993 8.3541604921 7.4050915100 
 8.3030702274 7.4468751187 6.5733790498 
 7.3391172575 6.5541154080 5.7636741387 
 6.4024880869 5.6960403592 4.9930320013 
 5.5138232645 4.8898921674 4.2754609694 
 4.6898724624 4.1490390611 3.6213271604 
 3.9426765178 3.4825268569 3.0371813441 
 3.2793697408 2.8951286185 2.5259653267 
 2.7025194010 2.3877923965 2.0874995512 
 2.2108384914 1.9583421035 1.7191332122 
 1.8000872836 1.6022861971 1.4164480786 
 1.4640058655 1.3136186560 1.1739344244 
 1.1951697369 1.0855375762 0.9855879293 
 0.9857108081 0.9110428931 0.8454003616 
 0.8278828130 0.7833985482 0.7477312594 
 0.7144701082 0.6964565795 0.6875556068 
 0.6390473124 0.6448469744 0.6605888858 
 0.5961021884 0.6240435116 0.6632991746 
 0.5810404635 0.6303240698 0.6928255094 
 0.5900985899 0.6606517633 0.7468294649 
 0.6201954878 0.7125075824 0.8233102354 
 0.6687546739 0.7837045704 0.9204120031 
 0.7335240041 0.8722089005 1.0362474250 
 0.8124134753 0.9759865111 1.1687545668 
 0.9033642247 1.0928870316 1.3155980213 
 1.0042553828 1.2205705702 1.4741189829 
 1.1128502646 1.3564778848 1.6413338956 
 1.2267795217 1.4978404610 1.8139768867 
 1.3435561255 1.6417239795 1.9885775707 
 1.4606152395 1.7850965205 2.1615631359 
 1.5753710869 1.9249117123 2.3293722102 
 1.6852827843 2.0581969513 2.4885680786 
 1.7879217549 2.1821378281 2.6359404517 
 1.8810346570 2.2941518347 2.7685879062 
 1.9625975474 2.3919470004 2.8839768414 
 2.0308589937 2.4735638876 2.9799766738 
 2.0843717424 2.5374019338 3.0548743911 
 2.1220140692 2.5822330709 3.1073740032 
 2.1430029014 2.6072066473 3.1365876002 
 2.1469011118 2.6118498389 3.1420245914 
 2.1336210749 2.5960670301 3.1235844275 
 2.1034257781 2.5601402717 3.0815559628 
 2.0569276803 2.5047311550 3.0166239863 
 1.9950843684 2.4308826028 2.9298807254 
 1.9191891113 2.3400175053 2.8228377294 
 1.8308538824 2.2339301125 2.6974318551 
 1.7319824774 2.1147658897 2.5560184404 
 1.6247320657 1.9849862633 2.4013453854 
 1.5114628452 1.8473163251 2.2365038069 
 1.3946772647 1.7046759404 2.0648540170 
 1.2769522970 1.5600974878 1.8899293832 
 1.1608701781 1.4166362105 1.7153245514 
 1.0489545839 1.2772814354 1.5445778870 
 0.9436201659 1.1448783483 1.3810602213 
 0.8471435620 1.0220703892 1.2278827153 
 0.7616633895 0.9112716089 1.0878358172 
 0.6892153100 0.8146765974 0.9633690695 
 0.6318059835 0.7343129633 0.8566182597 
 0.5915265063 0.6721378492 0.7694823620 
 0.5707015398 0.6301755439 0.7037479946 
 0.5720646560 0.6106877773 0.6612536836 
 0.5989435669 0.6163618237 0.6440800557 
 0.6554316808 0.6504946540 0.6547455533 
 0.7465165131 0.7171453937 0.6963813699 
 0.8781330471 0.8212252294 0.7728557375 
 1.0571125717 0.9684953784 0.8888182454 
 1.2910038616 1.1654498289 1.0496402560 
 1.5877506255 1.4190678905 1.2612362950 
 1.9552143989 1.7364289389 1.5297604159 
 2.4005373567 2.1241873680 1.8611786271 
 2.9293517694 2.5879135804 2.2607246554 
 3.5448698535 3.1313235488 2.7322563178 
 4.2469320573 3.7554494970 3.2775485377 
 5.0311457318 4.4578449778 3.8955873356 
 5.8882910465 5.2319574813 4.5819608467 
 6.8041816085 6.0668222360 5.3284661529 
 7.7601216166 6.9472130734 6.1230495727 
 8.7339946190 7.8543202271 6.9501621199 
 9.7018731797 8.7669189684 7.7915412716 
 10.6399005531 9.6628757144 8.6273401384 
 11.5261170984 10.5207497189 9.4374427347 
 12.3419173849 11.3212221526 10.2027579469 
 13.0729229070 12.0481303909 10.9062919409 
 13.7092004416 12.6889854538 11.5338562716 
 14.2448958093 13.2349684386 12.0743560536 
 14.6774480446 13.6805009971 12.5196910171 
 15.0065860184 14.0225435232 12.8643688000 
 15.2332976119 14.2597896754 13.1049634210 
 15.3589213990 14.3919079420 13.2395540318 
 15.3844629890 14.4189458089 13.2672587859 
 15.3101961352 14.3409728476 13.1879464580 
 15.1355770980 14.1580027653 13.0021720837 
 14.8594773214 13.8702021936 12.7113460469 
 14.4807180620 13.4783628827 12.3181093865 
 13.9988642232 12.9845803058 11.8268515513 
 13.4151985820 12.3930440952 11.2442722095 
 12.7337525277 11.7108078404 10.5798615205 
 11.9622239437 10.9483775378 9.8461626992 
 11.1125839372 10.1199541183 9.0586970038 
 10.2011832470 9.2432001519 8.2354805056 
 9.2482329277 8.3384791532 7.3961401361 
 8.2766517952 7.4276262466 6.5607265445 
 7.3104193293 6.5324217918 5.7483967175 
 6.3727006352 5.6730169478 4.9761742721 
 5.4840713250 4.8665727417 4.2579768166 
 4.6611395291 4.1263167548 3.6040345230 
 3.9157520060 3.4611161761 3.0207355851 
 3.2548250583 2.8755510005 2.5108516171 
 2.6807105151 2.3703825307 2.0740413481 
 2.1919284800 1.9432693791 1.7075121475 
 1.7840808126 1.5895849063 1.4067303120 
 1.4507882828 1.3032213962 1.1660992449 
 1.1845454087 1.0773077913 0.9795554703 
 0.9774373837 0.9048039421 0.8410562620 
 0.8216996567 0.7789577358 0.7449468025 
 0.7101200659 0.6936232516 0.6862024117 
 0.6362915480 0.6434443219 0.6605477946 
 0.5947283371 0.6239143189 0.6644636317 
 0.5808649203 0.6313312633 0.6951003641 
 0.5909642643 0.6626751064 0.7501265678 
 0.6219666331 0.7154380817 0.8275423642 
 0.6713103796 0.7874380928 0.9254865465 
 0.7367516826 0.8766402293 1.0420609813 
 0.8162033049 0.9810047159 1.1751892663 
 0.9076051298 1.0983726600 1.3225200284 
 1.0088328020 1.2263948533 1.4813793151 
 1.1176456948 1.3625038804 1.6487714096 
 1.2316716310 1.5039258512 1.8214230490 
 1.3484230924 1.6477250882 1.9958624445 
 1.4653378984 1.7908730243 2.1685219094 
 1.5798364310 1.9303314907 2.3358515632 
 1.6893873991 2.0631405595 2.4944317516 
 1.7915748238 2.1865021734 2.6410735280 
 1.8841602751 2.2978527755 2.7728995165 
 1.9651361986 2.3949207484 2.8874012231 
 2.0327681630 2.4757672485 2.9824727224 
 2.0856257362 2.5388115511 3.0564239982 
 2.1226031931 2.5828439233 3.1079795726 
 2.1429321835 2.6070300896 3.1362691604 
 2.1461887678 2.6109114662 3.1408168897 
 2.1322968874 2.5944045988 3.1215343074 
 2.1015295153 2.5578018360 3.0787202192 
 2.0545076246 2.5017734915 3.0130677661 
 1.9921959664 2.4273699123 2.9256764264 
 1.9158937054 2.3360203075 2.8180642511 
 1.8272174537 2.2295242019 2.6921739863 
 1.7280743142 2.1100312029 2.5503661436 
 1.6206232834 1.9800055192 2.3953927512 
 1.5072247104 1.8421733440 2.2303475110 
 1.3903793229 1.6994536101 2.0585912033 
 1.2726603492 1.5548754199 1.8836550031 
 1.1566441973 1.4114881995 1.7091282987 
 1.0448466943 1.2722728874 1.5385409514 
 0.9396728199 1.1400638699 1.3752521294 
 0.8433880354 1.0174917204 1.2223585316 
 0.7581186853 0.9069560461 1.0826339291 
 0.6858875022 0.8106359856 0.9585097022 
 0.6286879685 0.7305432537 0.8521027587 
 0.5885980533 0.6686191254 0.7652931662 
 0.5679294693 0.6268723372 0.6998491161 
 0.5694029327 0.6075494244 0.6575914160 
 0.5963330881 0.6133225978 0.6405835914 
 0.6527995911 0.6474734342 0.6513271971 
 0.7437749710 0.7140447336 0.6929361258 
 0.8751775103 0.8179298337 0.7692601972 
 1.0538198217 0.9648701743 0.8849289025 
 1.2872301449 1.1613379875 1.0452915648 
 1.5833304435 1.4142893137 1.2562389620 
 1.9499606330 1.7307798698 1.5239005488 
 2.3942435602 2.1174419185 1.8542184837 
 2.9217975169 2.5798280522 2.2524058150 
 3.5358299117 3.1216443661 2.7223060917 
 4.2361896988 3.7439252574 3.2656902339 
 5.0185096925 4.4442424692 3.8815545154 
 5.8736144990 5.2160805344 4.5655149207 
 6.7873803649 6.0485311529 5.3094156692 
 7.7411880157 6.9264414579 6.1012686011 
 8.7130036602 7.8310857538 6.9256045813 
 9.6789786534 8.7413252880 7.7642482398 
 10.6153209797 9.6351042882 8.5974381800 
 11.5001135879 10.4910424974 9.4051330626 
 12.3147672893 11.2898579952 10.1682980690 
 13.0448937867 12.0153993241 10.8699729960 
 13.6805283398 12.6551649867 11.4959799304 
 14.2157704816 13.2003053021 12.0352146101 
 14.6480061926 13.6452002825 12.4795533220 
 14.9769122227 13.9867657466 12.8234733724 
 15.2034317928 14.2236551401 13.0635188049 
 15.3288712615 14.3555070517 13.1977454673 
 15.3542198830 14.3823536407 13.2252596029 
 15.2797528737 14.3042661773 13.1459322278 
 15.1049463587 14.1212776990 12.9603353616 
 14.8287092034 13.8335904834 12.6699094477 
 14.4499151638 13.4420448881 12.2773347346 
 13.9681923267 12.9487924870 11.7870430186 
 13.3848908444 12.3580790555 11.2057718262 
 12.7041052369 11.6770054774 10.5430363250 
 11.9335826139 10.9161069574 9.8113841144 
 11.0853199408 10.0895875856 9.0263146150 
 10.1756631390 9.2150822070 8.2057939026 
 9.2247846485 8.3128955643 7.3693733768 
 8.2555333151 7.4047780882 6.5370096718 
 7.2917953413 6.5124092206 5.7277575090 
 6.3566313728 5.6558352700 4.9585413196 
 5.4705148739 4.8521207236 4.2431927560 
 4.6499660333 4.1144146785 3.5918764587 
 3.9067659434 3.4515296362 3.0109389374 
 3.2477908732 2.8680161626 2.5031338120 
 2.6753773577 2.3646293530 2.0681227027 
 2.1880511339 1.9390406377 1.7031325225 
 1.7814354674 1.5866502422 1.4036612248 
 1.4491831256 1.3013866536 1.1641519100 
 1.1838268248 1.0764205011 0.9785856011 
 0.9774928668 0.9047559591 0.8409664951 
 0.8224584613 0.7796859007 0.7456874289 
 0.7115523754 0.6951086828 0.6877708391 
 0.6384066319 0.6457106696 0.6629869347 
 0.5975719223 0.6270251033 0.6678592257 
 0.5845158369 0.6353862851 0.6995771611 
 0.5955303388 0.6678058627 0.7558432391 
 0.6275797825 0.7218021249 0.8346850753 
 0.6781208892 0.7952123364 0.9342612055 
 0.7449217266 0.8860133056 1.0526843185 
 0.8258998633 0.9921686141 1.1878790575 
 0.9189925560 1.1115139960 1.3374849251 
 1.0220653769 1.2416862165 1.4988088709 
 1.1328605528 1.3800957625 1.6688269671 
 1.2489824500 1.5239396627 1.8442301416 
 1.3679148991 1.6702476999 2.0215052712 
 1.4870632474 1.8159531424 2.1970402417 
 1.6038130911 1.9579779846 2.3672401753 
 1.7155975262 2.0933226517 2.5286421666 
 1.8199654537 2.2191511926 2.6780175940 
 1.9146448430 2.3328650139 2.8124541206 
 1.9975967182 2.4321608715 2.9294133515 
 2.0670576787 2.5150717009 3.0267640941 
 2.1215707077 2.5799914819 3.1027946318 
 2.1600055700 2.6256873056 3.1562098668 
 