16.5184092574 16.7944207138 17.0084785379 
 16.5566210170 16.8403584594 17.0640060316 
 16.5667032710 16.8526134688 17.0790078099 
 16.5501644433 16.8326977022 17.0549799534 
 16.5050208918 16.7786236162 16.9899590613 
 16.4258706047 16.6849900677 16.8786235089 
 16.3041089044 16.5432307430 16.7125827291 
 16.1283331939 16.3420716699 16.4808989476 
 15.8850057888 16.0682645462 16.1709027430 
 15.5594508799 15.7076656775 15.7693612281 
 15.1372425067 15.2467048307 15.2640242440 
 14.6059826720 14.6742226682 14.6454998471 
 13.9573649304 13.9835448710 13.9092948272 
 13.1892771872 13.1745186607 13.0577181114 
 12.3075533923 12.2551041345 12.1012311491 
 11.3269020577 11.2420561707 11.0588073964 
 10.2705949344 10.1603225722 9.9569926902 
 9.1687324812 9.0410468246 8.8276461896 
 8.0552725483 7.9184394899 7.7047084394 
 6.9643818951 6.8261279101 6.6206421620 
 5.9268799919 5.7937519935 5.6032841759 
 4.9674901483 4.8444686949 4.6736899269 
 4.1033259571 3.9937156335 3.8452256158 
 3.3436626380 3.2492143871 3.1238166916 
 2.6907325358 2.6119146396 2.5090248536 
 2.1411335007 2.0774641506 1.9955484484 
 1.6874476504 1.6378216350 1.5747951154 
 1.3197754505 1.2827452952 1.2362949034 
 1.0270240880 1.0010204179 0.9688447046 
 0.7978988532 0.7813904688 0.7613638807 
 0.6216113514 0.6132125245 0.6034871611 
 0.4883433808 0.4868772590 0.4859345725 
 0.3895076722 0.3940340111 0.4006970704 
 0.3178436964 0.3276586520 0.3410745260 
 0.2673867107 0.2820024128 0.3016038946 
 0.2333498687 0.2524612710 0.2779165684 
 0.2119580050 0.2354035317 0.2665611444 
 0.2002655897 0.2279865158 0.2648205594 
 0.1959819801 0.2279837812 0.2705430657 
 0.1973174446 0.2336349493 0.2819976025 
 0.2028556792 0.2435229053 0.2977573606 
 0.2114533731 0.2564783844 0.3166110238 
 0.2221645208 0.2715093653 0.3374988508 
 0.2341859275 0.2877515837 0.3594697805 
 0.2468200648 0.3044362422 0.3816555338 
 0.2594516324 0.3208711944 0.4032578868 
 0.2715345688 0.3364322669 0.4235456570 
 0.2825866994 0.3505618233 0.4418583918 
 0.2921896322 0.3627721057 0.4576141954 
 0.2999918980 0.3726512975 0.4703195754 
 0.3057136856 0.3798706302 0.4795795983 
 0.3091518505 0.3841912017 0.4851070285 
 0.3101841778 0.3854695016 0.4867294676 
 0.3087721815 0.3836609387 0.4843938189 
 0.3049620088 0.3788209540 0.4781676847 
 0.2988833065 0.3711035816 0.4682375625 
 0.2907461929 0.3607575938 0.4549039660 
 0.2808367714 0.3481206518 0.4385738626 
 0.2695119116 0.3336121729 0.4197511077 
 0.2571943301 0.3177259400 0.3990258818 
 0.2443693146 0.3010238088 0.3770644871 
 0.2315847636 0.2841322203 0.3546012553 
 0.2194565717 0.2677436118 0.3324347327 
 0.2086817790 0.2526252198 0.3114307485 
 0.2000623219 0.2396382011 0.2925354152 
 0.1945426668 0.2297704302 0.2768015404 
 0.1932649931 0.2241867079 0.2654322869 
 0.1976457868 0.2243003138 0.2598461000 
 0.2094774099 0.2318695858 0.2617667002 
 0.2310569455 0.2491220931 0.2733409439 
 0.2653417251 0.2789063476 0.2972850130 
 0.3161257278 0.3248662036 0.3370550532 
 0.3882232039 0.3916257242 0.3970315679 
 0.4876361437 0.4849628717 0.4826979109 
 0.6216727917 0.6119408434 0.6007836991 
 0.7989783045 0.7809591659 0.7593367051 
 1.0294374756 1.0016847425 0.9676840684 
 1.3239110782 1.2848244929 1.2362448819 
 1.6937671720 1.6417015386 1.5761573010 
 2.1501655054 2.0835938638 1.9986811202 
 2.7030555204 2.6207946128 2.5143355358 
 3.3598740787 3.2613729456 3.1317456785 
 4.1239954954 4.0096718132 3.8562184210 
 4.9930981400 4.8646816419 4.6881582253 
 5.9577477436 5.8185612623 5.6215578295 
 7.0006056045 6.8556939168 6.6429188629 
 8.0966768267 7.9526972374 7.7310109960 
 9.2148585675 9.0796863785 8.8577985967 
 10.3207318116 10.2028050077 9.9906232972 
 11.3801571711 11.2876645314 11.0953808092 
 12.3629480059 12.3030187206 12.1401022243 
 13.2458447649 13.2238991526 13.0981950572 
 14.0142319885 14.0336012641 13.9506967359 
 14.6624190394 14.7242623557 14.6871972709 
 15.1926778079 15.2961513343 15.3054576188 
 15.6134622241 15.7560518969 15.8100381511 
 15.9372859404 16.1152077615 16.2103792330 
 16.1786490116 16.3872386024 16.5187512931 
 16.3522579452 16.5862997786 16.7483759914 
 16.4716410691 16.7256156119 16.9118812467 
 16.5481576610 16.8164055226 17.0201372989 
 16.5903423261 16.8671573310 17.0814473421 
 16.6035078372 16.8831773236 17.1010335066 
 16.5895373877 16.8663504212 17.0807569881 
 16.5468197415 16.8150644497 17.0190284748 
 16.4703102695 16.7242814995 16.9108923723 
 16.3517323696 16.5857708253 16.7482987476 
 16.1799634126 16.3885468987 16.5206044964 
 15.9416723291 16.1195774132 16.2153632283 
 15.6222847454 15.7648309523 15.8194627152 
 15.2073353140 15.3107114833 15.3206383080 
 14.6842130998 14.7458651043 14.7093204012 
 14.0442063370 14.0632379268 13.9806621295 
 13.2846139146 13.2621237506 13.1364571352 
 12.4105451333 12.3498045704 12.1865404693 
 11.4359390299 11.3423214806 11.1492346400 
 10.3833751762 10.2639891024 10.0505188962 
 9.2824651930 9.1455148617 8.9218751616 
 8.1669755819 8.0209536714 7.7971268666 
 7.0712118711 6.9240818133 6.7088948639 
 6.0264241240 5.8849517311 5.6854063056 
 5.0579641224 4.9273067159 4.7482550308 
 4.1836540649 4.0672360856 3.9113962046 
 3.4134498003 3.3130814116 3.1813099783 
 2.7501601915 2.6663139643 2.5580217410 
 2.1908180374 2.1229731044 2.0365767589 
 1.7282942187 1.6752766193 1.6086119730 
 1.3528482423 1.3131249073 1.2637834975 
 1.0534424617 1.0253520582 0.9909317979 
 0.8187604676 0.8006812048 0.7789585856 
 0.6379394317 0.6284016471 0.6174388510 
 0.5010542511 0.4988071940 0.4970071830 
 0.3993949547 0.4034364272 0.4095570867 
 0.3255757953 0.3351526625 0.3482898268 
 0.2735140539 0.2881015493 0.3076503354 
 0.2383182585 0.2575857998 0.2831891062 
 0.2161247243 0.2398950132 0.2713866744 
 0.2039156457 0.2321222386 0.2694703544 
 0.1993427953 0.2319895778 0.2752435312 
 0.2005711554 0.2376956853 0.2869387749 
 0.2061488247 0.2477904982 0.3030990846 
 0.2149041416 0.2610775556 0.3224870497 
 0.2258679116 0.2765414958 0.3440192455 
 0.2382172473 0.2932971028 0.3667220888 
 0.2512371734 0.3105559640 0.3897051150 
 0.2642963034 0.3276069735 0.4121477971 
 0.2768332794 0.3438072859 0.4332963884 
 0.2883511028 0.3585807608 0.4524677078 
 0.2984169128 0.3714213767 0.4690572408 
 0.3066651628 0.3818995059 0.4825493778 
 0.3128025041 0.3896693251 0.4925280335 
 0.3166130172 0.3944759929 0.4986862801 
 0.3179627411 0.3961615546 0.5008339797 
 0.3168027503 0.3946688391 0.4989027153 
 0.3131703187 0.3900429032 0.4929475993 
 0.3071879947 0.3824298538 0.4831458034 
 0.2990607017 0.3720731557 0.4697919017 
 0.2890712611 0.3593078091 0.4532903852 
 0.2775750338 0.3445530743 0.4341459904 
 0.2649946743 0.3283047315 0.4129528016 
 0.2518163049 0.3111281916 0.3903834433 
 0.2385887510 0.2936541331 0.3671800703 
 0.2259278292 0.2765787194 0.3441492830 
 0.2145280692 0.2606708559 0.3221635391 
 0.2051846708 0.2467893804 0.3021720802 
 0.1988289340 0.2359135064 0.2852248253 
 0.1965808024 0.2291902354 0.2725130554 
 0.1998223841 0.2280026702 0.2654309160 
 0.2102960993 0.2340629894 0.2656616088 
 0.2302299878 0.2495328567 0.2752912625 
 0.2624900620 0.2771716517 0.2969513407 
 0.3107546983 0.3205084221 0.3339863997 
 0.3796985475 0.3840264317 0.3906375385 
 0.4751638764 0.4733399565 0.4722231591 
 0.6042876364 0.5953333279 0.5852890956 
 0.7755458982 0.7582249997 0.7376924584 
 0.9986755137 0.9715168801 0.9385801926 
 1.2844343820 1.2457903997 1.1982242364 
 1.6441619160 1.5923115172 1.5276765870 
 2.0890982349 2.0224041587 1.9382058531 
 2.6294213912 2.5465506573 2.4404749532 
 3.2729834429 3.1731938125 3.0434303795 
 4.0237866627 3.9072667311 3.7529148433 
 4.8803474587 4.7485732624 4.5700991090 
 5.8342304525 5.6902717640 5.4899491587 
 6.8691505775 6.7178367456 6.5000681388 
 7.9610652476 7.8089194111 7.5803188422 
 9.0795464554 8.9344312041 8.7035742308 
 10.1904242817 10.0609106809 9.8377251846 
 11.2593110807 11.1538654865 10.9487353290 
 12.2553068134 12.1814512891 12.0041943010 
 13.1541009767 13.1177137964 12.9766358339 
 13.9398723230 13.9447497258 13.8459488135 
 14.6057546142 14.6534759726 14.6004898905 
 15.1530183796 15.2430791772 15.2368741153 
 15.5893726967 15.7195001753 15.7587243371 
 15.9268650593 16.0934181750 16.1748107843 
 16.1797859589 16.3781561766 16.4970064266 
 16.3628424531 16.5878001576 16.7383773860 
 16.4897196806 16.7356798670 16.9115896628 
 16.5720399481 16.8332433408 17.0276936576 
 16.6186663047 16.8892863576 17.0952686107 
 16.6352749292 16.9094686116 17.1198712790 
 16.6241257479 16.8960490307 17.1037276329 
 16.5839818909 16.8477916464 17.0456216245 
 16.5101576048 16.7600217080 16.9409614415 
 16.3947057688 16.6248431166 16.7820338712 
 16.2267862240 16.4315578368 16.5584853678 
 15.9932800096 16.1673500917 16.2580874348 
 15.6797250641 15.8183048185 15.8678451313 
 15.2716353634 15.3708100617 15.3754798791 
 14.7562153797 14.8133349131 14.7712509909 
 14.1243862243 14.1384718618 14.0499718782 
 13.3729035395 13.3449943574 13.2129420372 
 12.5062001172 12.4395428219 12.2693963707 
 11.5374884691 11.4374788628 11.2370338876 
 10.4886855962 10.3625096212 10.1412910877 
 9.3889243573 9.2449185253 9.0132886503 
 8.2717684626 8.1186013000 7.8867387342 
 7.1716322395 7.0174657741 6.7944162577 
 6.1201546668 5.9719503037 5.7649270892 
 5.1432707995 5.0063543679 4.8203876465 
 4.2594697778 4.1373902976 3.9753252206 
 3.4793543801 3.3739956390 3.2367590669 
 2.8062858584 2.7181451814 2.6051650867 
 2.2377168816 2.1662576103 2.0759250349 
 1.7667994284 1.7108023792 1.6408972949 
 1.3839498855 1.3418184169 1.2898583839 
 1.0781874196 1.0481876678 1.0116884705 
 0.8381780434 0.8186138653 0.7952691453 
 0.6529900637 0.6423206625 0.6301142036 
 0.5125976678 0.5095077413 0.5067719824 
 0.4081743318 0.4116057906 0.4170380467 
 0.3322147241 0.3413682292 0.3540146978 
 0.2785230167 0.2928374334 0.3120545787 
 0.2421071829 0.2612248426 0.2866272096 
 0.2190184216 0.2427431837 0.2741453670 
 0.2061696046 0.2344231250 0.2717816455 
 0.2011576646 0.2339374860 0.2772962759 
 0.2021050550 0.2394466041 0.2888881514 
 0.2075272285 0.2494707412 0.3050738567 
 0.2162274473 0.2627902216 0.3245947893 
 0.2272169999 0.2783710610 0.3463498348 
 0.2396574037 0.2953125124 0.3693498756 
 0.2528207379 0.3128125914 0.3926900861 
 0.2660643800 0.3301477743 0.4155361005 
 0.2788167876 0.3466634282 0.4371204829 
 0.2905714026 0.3617719602 0.4567463642 
 0.3008861882 0.3749561163 0.4737955684 
 0.3093867086 0.3857752758 0.4877389992 
 0.3157710230 0.3938729785 0.4981474889 
 0.3198150042 0.3989842814 0.5047017092 
 0.3213770058 0.4009418768 0.5072000979 
 0.3204011009 0.3996802130 0.5055640788 
 0.3169184111 0.3952371498 0.4998401364 
 0.3110463291 0.3877529618 0.4901985672 
 0.3029857255 0.3774667748 0.4769289880 
 0.2930165219 0.3647108044 0.4604329377 
 0.2814923017 0.3499030527 0.4412141977 
 0.2688349373 0.3335394323 0.4198677702 
 0.2555305234 0.3161866169 0.3970688099 
 0.2421282370 0.2984772752 0.3735631963 
 0.2292441035 0.2811097241 0.3501618563 
 0.2175720311 0.2648544495 0.3277413920 
 0.2079048974 0.2505703685 0.3072540198 
 0.2011689101 0.2392341437 0.2897502635 
 0.1984748682 0.2319862517 0.2764182212 
 0.2011901893 0.2301977458 0.2686434424 
 0.2110353866 0.2355615012 0.2680933196 
 0.2302076301 0.2502108122 0.2768290697 
 0.2615314883 0.2768659159 0.2974463392 
 0.3086322016 0.3190046808 0.3332415485 
 0.3761194877 0.3810468210 0.3883947777 
 0.4697603940 0.4685318886 0.4681513850 
 0.5966100309 0.5882615947 0.5789749835 
 0.7650621109 0.7483695711 0.7286364966 
 0.9847791582 0.9582788520 0.9262003742 
 1.2664636840 1.2285084615 1.1818697557 
 1.6214320513 1.5702913955 1.5066539157 
 2.0609498008 1.9949637769 1.9118198298 
 2.5952873849 2.5130836080 2.4080875609 
 3.2324749424 3.1332520187 3.0045386512 
 3.9767924552 3.8606588112 3.7072457019 
 4.8271352125 4.6954679232 4.5177124823 
 5.7755285120 5.6312869643 5.4313324193 
 6.8061838254 6.6540887753 6.4361976462 
 7.8955204154 7.7420060259 7.5126624424 
 9.0134548965 8.8663332147 8.6340159848 
 10.1259719866 9.9938165211 9.7684111348 
 11.1986091053 11.0899470065 10.8818620929 
 12.2001697961 12.1226361468 11.9417814437 
 13.1058796635 13.0655019090 12.9203292238 
 13.8993687400 13.9001071168 13.7968923354 
 14.5732240803 14.6168159155 14.5592817912 
 15.1282414329 15.2143181813 15.2036015238 
 15.5717689300 15.6981628426 15.7330536408 
 15.9156204919 16.0787622620 16.1561060412 
 16.1739723216 16.3692945175 16.4844512078 
 16.3615159361 16.5838048660 16.7310832427 
 16.4919948266 16.7356626505 16.9086828183 
 16.5771399025 16.8364118695 17.0283781338 
 16.6259534574 16.8949800231 17.0988680363 
 16.6442667361 16.9171781953 17.1258533490 
 16.6344999795 16.9054245191 17.1117152833 
 16.5955743583 16.8586413562 17.0553941170 
 16.5229539834 16.7723044913 16.9524472635 
 16.4088277296 16.6386540070 16.7952959926 
 16.2424708640 16.4471062888 16.5736982355 
 16.0108507463 16.1849291826 16.2755043914 
 15.6995519767 15.8382497091 15.8877550238 
 15.2940837961 15.3934450094 15.3981528124 
 14.7815838050 14.8389104925 14.7968757195 
 14.1528380007 14.1670977794 14.0785910648 
 13.4044017742 13.3765776804 13.2443957139 
 12.5404589279 12.4737450084 12.3032867377 
 11.5739552690 11.4737054400 11.2727239477 
 10.5265654266 10.3999418014 10.1779440662 
 9.4272481858 9.2825864185 9.0499452503 
 8.3094951037 8.1554865060 7.9224182723 
 7.2077630422 7.0526119415 6.8282203262 
 6.1538362969 6.0045581103 5.7961241512 
 5.1738661921 5.0358433092 4.8484639187 
 4.2865881603 4.1634206322 3.9999978879 
 3.5028430475 3.3964547997 3.2579576139 
 2.8261945404 2.7371099253 2.6229920765 
 2.2542482572 2.1819449194 2.0906084169 
 1.7802575327 1.7235198543 1.6527437038 
 1.3946940903 1.3519208613 1.2992130194 
 1.0865955040 1.0560426884 1.0189036814 
 0.8446188703 0.8245766710 0.8006816175 
 0.6578048637 0.6467169943 0.6340296862 
 0.5160885292 0.5126236028 0.5094563402 
 0.4105986027 0.4136827678 0.4187135384 
 0.3337841456 0.3426032716 0.3548604122 
 0.2794063859 0.2933859246 0.3122098963 
 0.2424353032 0.2612057537 0.2861971278 
 0.2188901810 0.2422452053 0.2732066499 
 0.2056582591 0.2335109142 0.2703890026 
 0.2003167096 0.2326574653 0.2754880623 
 0.2009733584 0.2378320192 0.2866913276 
 0.2061333109 0.2475458793 0.3025081238 
 0.2145929279 0.2605738108 0.3216759167 
 0.2253592934 0.2758789284 0.3430922517 
 0.2375917724 0.2925596004 0.3657686160 
 0.2505618084 0.3098144303 0.3888021802 
 0.2636272196 0.3269215041 0.4113615004 
 0.2762176235 0.3432284487 0.4326826048 
 0.2878280550 0.3581502805 0.4520723205 
 0.2980182747 0.3711724630 0.4689161510 
 0.3064156682 0.3818570096 0.4826884708 
 0.3127200000 0.3898498614 0.4929632247 
 0.3167086253 0.3948881283 0.4994237239 
 0.3182410758 0.3968061193 0.5018704840 
 0.3172622432 0.3955393988 0.5002263773 
 0.3138036731 0.3911263993 0.4945386560 
 0.3079827765 0.3837074051 0.4849776734 
 0.3000000521 0.3735209965 0.4718323837 
 0.2901347045 0.3608983297 0.4555029715 
 0.2787393410 0.3462559180 0.4364912437 
 0.2662347305 0.3300878947 0.4153897399 
 0.2531059257 0.3129590672 0.3928708708 
 0.2399013798 0.2955004325 0.3696777861 
 0.2272370492 0.2784092020 0.3466190967 
 0.2158078562 0.2624557963 0.3245700181 
 0.2064093113 0.2485006992 0.3044829550 
 0.1999725315 0.2375244932 0.2874109811 
 0.1976162919 0.2306747938 0.2745480456 
 0.2007199790 0.2293340214 0.2672899444 
 0.2110211024 0.2352117851 0.2673199450 
 0.2307399296 0.2504646784 0.2767220869 
 0.2627311842 0.2778439276 0.2981230654 
 0.3106579044 0.3208668797 0.3348595863 
 0.3791750908 0.3840013307 0.3911616442 
 0.4741012353 0.4728425023 0.4723334695 
 0.6025461888 0.5942528024 0.5849043191 
 0.7729571040 0.7564272294 0.7367135192 
 0.9950423308 0.9688446567 0.9368907417 
 1.2795346461 1.2420664412 1.1956933320 
 1.6377555070 1.5873445792 1.5241639579 
 2.0809390238 2.0159990111 1.9335701810 
 2.6192750062 2.5385226666 2.4345856007 
 3.2606514234 3.1633885199 3.0361827225 
 4.0091362613 3.8955838025 3.7442486105 
 4.8633441207 4.7349924359 4.5600178210 
 5.8149673074 5.6748762729 5.4785371615 
 6.8478671488 6.7008279764 6.4875004598 
 7.9381474669 7.7906164109 7.5668590507 
 9.0555030492 8.9152510110 8.6895573646 
 10.1658405301 10.0413302312 9.8235265590 
 11.2347878723 11.1343715485 10.9347305137 
 12.2313978130 12.1624889942 11.9907187949 
 13.1312611962 13.0996448545 12.9639533247 
 13.9184272750 13.9278280572 13.8342341466 
 14.5858926448 14.6378429521 14.5898282928 
 15.1348026774 15.2287754649 15.2272738936 
 15.5727659227 15.7064880235 15.7501377235 
 15.9117589522 16.0816075761 16.1671572281 
 16.1660297817 16.3674295386 16.4901938350 
 16.3502665001 16.5780322680 16.7323186462 
 16.4781522736 16.7267518475 16.9062134758 
 16.5613179296 16.8250506736 17.0229498825 
 16.6086399228 16.8817418119 17.0911289281 
 16.6258083574 16.9025011677 17.1163261522 
 16.6150945138 16.8895998828 17.1007804796 
 16.5752683808 16.8418082396 17.0432809579 
 16.5016457080 16.7544506535 16.9392316319 
 16.3862756835 16.6196228076 16.7809051790 
 16.2183104909 16.4266116722 16.5579240508 
 15.9846219397 16.1625813996 16.2580270210 
 15.6707407832 15.8135947743 15.8681803201 
 15.2621805743 15.3660199825 15.3760648359 
 14.7461574454 14.8083140832 14.7719038167 
 14.1136211479 14.1330712918 14.0504864823 
 13.3613758562 13.3390855070 13.2131073294 
 12.4939219241 12.4330384996 12.2690206896 
 11.5245524983 11.4303518318 11.2359704153 
 10.4752672866 10.3548037640 10.1394585939 
 9.3752699088 9.2367485025 9.0106822061 
 8.2581695893 8.1101395246 7.8834273711 
 7.1583924301 7.0089192377 6.7905281947 
 6.1075543799 5.9635327338 5.7606266057 
 5.1315389558 4.9982600789 4.8158494707 
 4.2487663538 4.1297747230 3.9707119094 
 3.4697652293 3.3669648210 3.2322048411 
 2.7978277239 2.7117537787 2.6007671064 
 2.2303489008 2.1605132233 2.0717411582 
 1.7604373302 1.7056734498 1.6369483905 
 1.3784799914 1.3372433286 1.2861331760 
 1.0734787893 1.0440834560 1.0081493193 
 0.8340921444 0.8148837224 0.7918577403 
 0.6493879753 0.6388599601 0.6267566327 
 0.5093450873 0.5062085773 0.5033829638 
 0.4051447045 0.4083601940 0.4135243031 
 0.3292908336 0.3380702342 0.3502775803 
 0.2755974143 0.2893843038 0.3079921408 
 0.2390818776 0.2575177774 0.2821359822 
 0.2158042431 0.2386878307 0.2691220827 
 0.2026855782 0.2299301658 0.2661251054 
 0.1973306242 0.2289234602 0.2709094676 
 0.1978696029 0.2338350399 0.2816806371 
 0.2028260546 0.2431935734 0.2969643742 
 0.2110119526 0.2557894177 0.3155139506 
 0.2214481331 0.2706003405 0.3362427803 
 0.2333066006 0.2867390326 0.3581787310 
 0.2458708550 0.3034184727 0.3804360825 
 0.2585105247 0.3199313576 0.4022012404 
 0.2706669595 0.3356401756 0.4227286675 
 0.2818468841 0.3499749377 0.4413439311 
 0.2916216360 0.3624360198 0.4574512175 
 0.2996299182 0.3725999846 0.4705431106 
 0.3055823520 0.3801266383 0.4802108562 
 0.3092664565 0.3847659343 0.4861537210 
 0.3105509896 0.3863636702 0.4881864134 
 0.3093888948 0.3848652340 0.4862438523 
 0.3058183866 0.3803169496 0.4803828576 
 0.2999620048 0.3728648580 0.4707806090 
 0.2920237557 0.3627510506 0.4577299811 
 0.2822847547 0.3503079551 0.4416321330 
 0.2710980798 0.3359512767 0.4229870253 
 0.2588838532 0.3201726032 0.4023828570 
 0.2461258827 0.3035330222 0.3804857757 
 0.2333715265 0.2866594526 0.3580316012 
 0.2212368067 0.2702457740 0.3358217255 
 0.2104191805 0.2550612475 0.3147257917 
 0.2017208080 0.2419691522 0.2956942000 
 0.1960855896 0.2319589949 0.2797839267 
 0.1946536400 0.2261960331 0.2682015009 
 0.1988370637 0.2260920514 0.2623671743 
 0.2104206109 0.2334010960 0.2640041106 
 0.2316895596 0.2503427747 0.2752554396 
 0.2655843174 0.2797531469 0.2988297127 
 0.3158760873 0.3252584856 0.3381709920 
 0.3873501669 0.3914598761 0.3976430410 
 0.4859737629 0.4841072296 0.4827081405 
 0.6190157438 0.6102317289 0.6000715185 
 0.7950795570 0.7781989191 0.7577550251 
 1.0240092495 0.9976426321 0.9650608637 
 1.3166301665 1.2792413461 1.2323873401 
 1.6842858301 1.6342989998 1.5708597446 
 2.1381293854 2.0740893448 1.9917373607 
 2.6881301298 2.6089230100 2.5055562920 
 3.3417804621 3.2469156030 3.1209812413 
 4.1025537959 3.9924916278 3.8433855643 
 4.9682743702 4.8447605764 4.6732683876 
 5.9296952136 5.7960334199 5.6047412629 
 6.9696896022 6.8308650050 6.6244377253 
 8.0634713969 7.9260413721 7.7112545341 
 9.1801090353 9.0518149863 8.8372565852 
 10.2852855447 10.1744097559 9.9698395341 
 11.3448749158 11.2594443514 11.0748948721 
 12.3286145796 12.2756064719 12.1203920207 
 13.2130978025 13.1978035846 13.0796327375 
 13.9835209796 14.0091746294 13.9335261745 
 14.6339973526 14.7016959714 14.6715346613 
 15.1666219682 15.2754941447 15.2913107194 
 15.5897080989 15.7372430726 15.7973364026 
 15.9156710417 16.0981139600 16.1990067141 
 16.1589524847 16.3716885876 16.5085763477 
 16.3342331995 16.5721120777 16.7392739852 
 16.4550390804 16.7126175925 16.9037492613 
 16.5327411193 16.8044441396 17.0129011556 
 16.5758919806 16.8561027866 17.0750621412 
 16.5898228330 16.8729212156 17.0954790787 
 16.5764314092 16.8567999174 17.0760295433 
 16.5341146324 16.8061338522 17.0151295306 
 16.4578286623 16.7158824242 16.9078159061 
 16.3392908212 16.5778022064 16.7460175432 
 16.1673676168 16.3808861706 16.5190568849 
 15.9287161104 16.1120744746 16.2144418365 
 15.6087545827 15.7573067765 15.8190073292 
 15.1930218782 15.3029632789 15.3204353144 
 14.6689304508 14.7376794767 14.7091111622 
 14.0278177960 14.0544122575 13.9801616998 
 13.2670612714 13.2524939112 13.1353827133 
 12.3918752854 12.3392744696 12.1846460884 
 11.4163204708 11.3308877127 11.1463456707 
 10.3630972467 10.2517534007 10.0465583094 
 9.2619164380 9.1326791264 8.9168744329 
 8.1466032784 8.0077968744 7.7912181471 
 7.0514706588 6.9109234577 6.7022863443 
 6.0077250107 5.8721104149 5.6783473284 
 5.0406344186 4.9150630195 4.7409995206 
 4.1679145874 4.0558064935 3.9041718809 
 3.3994101783 3.3026058106 3.1742976418 
 2.7378286622 2.6568553987 2.5513453680 
 2.1801200041 2.1145261701 2.0303025514 
 1.7190939919 1.6677803712 1.6027533744 
 1.3449698954 1.3064768938 1.2583092567 
 1.0466875846 1.0194213289 0.9857748954 
 0.8129220888 0.7953192667 0.7740246863 
 0.6328122401 0.6234510885 0.6126136318 
 0.4964415681 0.4941080632 0.4921623109 
 0.3951129566 0.3988306072 0.4045548714 
 0.3214555011 0.3304865803 0.3429867443 
 0.2694016498 0.2832276551 0.3018997388 
 0.2340743892 0.2523633153 0.2768435081 
 0.2116233513 0.2341904280 0.2642999684 
 0.1990429597 0.2258099347 0.2615002551 
 0.1939964983 0.2249528188 0.2662543872 
 0.1946602582 0.2298280572 0.2768047767 
 0.1995939701 0.2389977716 0.2917077814 
 0.2076383708 0.2512798501 0.3097430120 
 0.2178377395 0.2656755853 0.3298476690 
 0.2293838921 0.2813186786 0.3510721283 
 0.2415777875 0.2974416821 0.3725527505 
 0.2538050681 0.3133561337 0.3934980723 
 0.2655222477 0.3284430208 0.4131849033 
 0.2762507012 0.3421506493 0.4309612945 
 0.2855760369 0.3539974289 0.4462537927 
 0.2931508270 0.3635774961 0.4585768371 
 0.2986990248 0.3705674762 0.4675425669 
 0.3020207301 0.3747330359 0.4728696906 
 0.3029962736 0.3759342079 0.4743904166 
 0.3015888926 0.3741287728 0.4720547601 
 0.2978455652 0.3693732816 0.4659318269 
 0.2918958616 0.3618215835 0.4562079480 
 0.2839489678 0.3517210069 0.4431818045 
 0.2742893256 0.3394066317 0.4272569558 
 0.2632716379 0.3252943875 0.4089324829 
 0.2513162895 0.3098740266 0.3887927836 
 0.2389065507 0.2937033557 0.3674979122 
 0.2265892636 0.2774054644 0.3457762486 
 0.2149810702 0.2616710708 0.3244216973 
 0.2047826322 0.2472685126 0.3042980516 
 0.1968037183 0.2350643439 0.2863536076 
 0.1920024738 0.2260579290 0.2716495343 
 0.1915425652 0.2214337975 0.2614058634 
 0.1968720556 0.2226356917 0.2570691191 
 0.2098274934 0.2314659255 0.2604053346 
 0.2327653038 0.2502124318 0.2736210921 
 0.2687194662 0.2818030521 0.2995126954 
 0.3215789808 0.3299815559 0.3416389712 
 0.3962705358 0.3994922240 0.4045060926 
 0.4989219669 0.4962502709 0.4937436507 
 0.6369728813 0.6274659815 0.6162417530 
 0.8191932045 0.8016841816 0.7802120603 
 1.0555697020 1.0286992446 0.9951334776 
 1.3570222170 1.3193073925 1.2715446297 
 1.7349108466 1.6848580210 1.6206460212 
 2.2002921520 2.1365626172 2.0536722425 
 2.7628864541 2.6845213461 2.5809942210 
 3.4297474569 3.3364505413 3.2109283934 
 4.2036966747 4.0961568269 3.9482816236 
 5.0817006140 4.9619109441 4.7927563378 
 6.0535042067 5.9250079372 5.7374671475 
 7.1009346211 6.9689111761 6.7679369909 
 8.1982814537 8.0693946259 7.8619821333 
 9.3139857283 9.1959585589 8.9907963862 
 10.4135410869 10.3144931848 10.1212853139 
 11.4631302309 11.3907880109 11.2193433804 
 12.4332528779 12.3941882699 12.2534501482 
 13.3015816775 13.3006278096 13.1978343118 
 14.0545238695 14.0944603335 14.0345827364 
 14.6873529443 14.7688752132 14.7543946652 
 15.2031362246 15.3250562952 15.3560507602 
 15.6108965918 15.7704857200 15.8449390636 
 15.9234804131 16.1168621269 16.2310873302 
 16.1555080740 16.3780296536 16.5271107876 
 16.3216349870 16.5681740523 16.7463611359 
 16.4352116574 16.7004007140 16.9014235554 
 16.5073329094 16.7857036716 17.0029967930 
 16.5462141068 16.8322746317 17.0591227639 
 16.5568173150 16.8450802779 17.0747036888 
 16.5406601517 16.8256423651 17.0512458537 
 16.4957636580 16.7719771922 16.9867882754 
 16.4167254636 16.6786806754 16.8760028337 
 16.2949360528 16.5371768401 16.7104831501 
 16.1189852312 16.3361763987 16.4792668178 
 15.8753279200 16.0624123256 16.1696526458 
 15.5492853232 15.7017223736 15.7683720359 
 15.1264380950 15.2405228092 15.2631400817 
 14.5944099357 14.6676516063 14.6445374945 
 13.9449356744 13.9764482121 13.9080583033 
 13.1759658075 13.1667940038 13.0560196488 
 12.2934153580 12.2467039748 12.0989156956 
 11.3120839542 11.2330039652 11.0557758219 
 10.2553311447 10.1507190038 9.9532180112 
 9.1533264063 9.0310629900 8.8231781553 
 8.0400646152 7.9082972431 7.6996647698 
 6.9497107608 6.8160714488 6.6151885478 
 5.9130454179 5.7840172628 5.5976082068 
 4.9547250438 4.8352572314 4.6679751452 
 4.0917817002 3.9851772996 3.8396307329 
 3.3334077026 3.2414402893 3.1184625450 
 2.6817613518 2.6049388027 2.5039891561 
 2.1333811692 2.0712710489 1.9908666795 
 1.6808064472 1.6323565092 1.5704652731 
 1.3141102713 1.2779248587 1.2322840295 
 1.0221853703 0.9967425059 0.9650956955 
 0.7937325655 0.7775419990 0.7578017229 
 0.6179662227 0.6096756501 0.6000242053 
 0.4850757378 0.4835338259 0.4824747400 
 0.3864842677 0.3907685272 0.3971390474 
 0.3149429203 0.3243600349 0.3373141127 
 0.2644986145 0.2785648519 0.2975357594 
 0.2303754707 0.2487845772 0.2734356972 
 0.2088083129 0.2313933251 0.2615642561 
 0.1968606893 0.2235545247 0.2592076907 
 0.1922504081 0.2230484176 0.2642194308 
 0.1931959451 0.2281222184 0.2748757431 
 0.1982893429 0.2373676210 0.2897595195 
 0.2063960992 0.2496256069 0.3076716266 
 0.2165797028 0.2639159420 0.3275669507 
 0.2280472539 0.2793876667 0.3485113165 
 0.2401123281 0.2952866596 0.3696552668 
 0.2521714495 0.3109365691 0.3902209006 
 0.2636909327 0.3257297997 0.4094983437 
 0.2742013014 0.3391256800 0.4268488719 
 0.2832969078 0.3506533710 0.4417121524 
 0.2906387687 0.3599174811 0.4536155071 
 0.2959589829 0.3666047250 0.4621835058 
 0.2990654203 0.3704903111 0.4671465755 
 0.2998456801 0.3714430673 0.4683476537 
 0.2982696159 0.3694286153 0.4657462217 
 0.2943900163 0.3645101967 0.4594193431 
 0.2883413229 0.3568470384 0.4495595954 
 0.2803365596 0.3466904245 0.4364700543 
 0.2706629407 0.3343779302 0.4205567633 
 0.2596769250 0.3203265746 0.4023194176 
 0.2477997847 0.3050259580 0.3823413210 
 0.2355150756 0.2890327858 0.3612800270 
 0.2233697256 0.2729685354 0.3398604698 
 0.2119808165 0.2575224005 0.3188728000 
 0.2020505276 0.2434620601 0.2991775788 
 0.1943921349 0.2316552438 0.2817214248 
 0.1899703964 0.2231055024 0.2675666309 
 0.1899600319 0.2190059549 0.2579386189 
 0.1958261392 0.2208149340 0.2542952377 
 0.2094299861 0.2303571065 0.2584216105 
 0.2331621348 0.2499523261 0.2725530587 
 0.2701016313 0.2825715424 0.2995260018 
 0.3241943519 0.3320138666 0.3429519741 
 0.4004353605 0.4030910927 0.4074026439 
 0.5050302582 0.5017963374 0.4985844620 
 0.6455014119 0.6354241622 0.6234721845 
 0.8306996239 0.8126035500 0.7903638843 
 1.0706813462 1.0432039650 1.0088181637 
 1.3764132324 1.3380763169 1.2894357864 
 1.7592650596 1.7085903907 1.6434485158 
 2.2302489518 2.1659270637 2.0820752439 
 2.7989677422 2.7200858868 2.6156056410 
 3.4722666642 3.3785937345 3.2521901215 
 4.2526567104 4.1449655793 3.9963695594 
 5.1366958281 5.0170784107 4.8474765895 
 6.1136495995 5.9857534549 5.7981682788 
 7.1648493776 7.0339492882 6.8334643889 
 8.2641488577 8.1369773007 7.9306998391 
 9.3796955903 9.2640008977 9.0606907150 
 10.4768974037 10.3807704460 10.1901441082 
 11.5220848697 11.4531686771 11.2849814030 
 12.4861159695 12.4508546627 12.3139350158 
 13.3471664162 13.3502391214 13.2516664054 
 14.0922041411 14.1362313291 14.0807972598 
 14.7170368540 14.8025684101 14.7925773003 
 15.2251772380 15.3509058680 15.3862800418 
 15.6259716841 15.7890815101 15.8676813674 
 15.9324622880 16.1290217851 16.2470726092 
 16.1593504726 16.3846798882 16.5372117779 
 16.3212808798 16.5702528142 16.7514901523 
 16.4315266235 16.6987842196 16.9024528217 
 16.5010613015 16.7811568673 17.0007023617 
 16.5379534806 16.8254210617 17.0541488227 
 16.5470063228 16.8363866875 17.0675429462 
 16.5295759073 16.8154139823 17.0422320097 
 16.4835258933 16.7603608667 16.9760976651 
 16.4033062536 16.6656744990 16.8636637151 
 16.2801752696 16.5226462657 16.6963924692 
 16.1026130309 16.3198780155 16.4632153840 
 15.8569962751 16.0440271018 16.1513602124 
 15.5286105849 15.6809000450 15.7475334948 
 15.1030554463 15.2169378002 15.2394824953 
 14.5680380467 14.6410681514 14.6178848143 
 13.9154458996 13.9467883067 13.8783966161 
 13.1434455756 13.1341973032 13.0235516594 
 12.2582116683 12.2115655730 12.0640907735 
 11.2748124861 11.1959764408 11.0192834773 
 10.2168414081 10.1126709232 9.9159393502 
 9.1146236166 8.9929966931 8.7861005914 
 8.0022014861 7.8712407273 7.6637762350 
 6.9136719266 6.7809673275 6.5813737906 
 5.8796491335 5.7516321501 5.5665684062 
 4.9245602659 4.8061273896 4.6401837869 
 4.0651869837 3.9595947622 3.8153275354 
 3.3104869016 3.2194731054 3.0976779130 
 2.6624240362 2.5864730870 2.4865870016 
 2.1173941060 2.0560618026 1.9765935678 
 1.6678450637 1.6200770885 1.5589969917 
 1.3038033238 1.2682091976 1.2232646874 
 1.0141500748 0.9892179358 0.9581677851 
 0.7876001434 0.7718528814 0.7526275729 
 0.6133990474 0.6054990409 0.5963000111 
 0.4817775010 0.4805885223 0.4799384062 
 0.3842044430 0.3888187041 0.3955729568 
 0.3134767172 0.3232146229 0.3365439223 
 0.2636836544 0.2780738628 0.2974263948 
 0.2300864388 0.2488335916 0.2738857093 
 0.2089507171 0.2318972184 0.2624995534 
 0.1973645891 0.2244512386 0.2605753861 
 0.1930646657 0.2242932786 0.2659822578 
 0.1942832675 0.2296830460 0.2770072541 
 0.1996221914 0.2392206882 0.2922401212 
 0.2079534233 0.2517524108 0.3104854127 
 0.2183444033 0.2663006961 0.3306992519 
 0.2300042646 0.2820154106 0.3519468723 
 0.2422472071 0.2981418866 0.3733769260 
 0.2544693860 0.3140022815 0.3942087617 
 0.2661360885 0.3289869129 0.4137292584 
 0.2767764191 0.3425527089 0.4312962409 
 0.2859831308 0.3542263431 0.4463459549 
 0.2934156269 0.3636100271 0.4584025133 
 0.2988045066 0.3703883097 0.4670876318 
 0.3019563516 0.3743345724 0.4721293486 
 0.3027577561 0.3753162358 0.4733687621 
 0.3011779007 0.3732979925 0.4707641300 
 0.2972692601 0.3683426685 0.4643919510 
 0.2911663246 0.3606095999 0.4544449209 
 0.2830825061 0.3503506866 0.4412269108 
 0.2733056910 0.3379045721 0.4251453944 
 0.2621931976 0.3236896966 0.4067020399 
 0.2501672018 0.3081972780 0.3864825109 
 0.2377120038 0.2919856137 0.3651468761 
 0.2253748445 0.2756774445 0.3434224159 
 0.2137723330 0.2599625053 0.3221010308 
 0.2036049404 0.2456077943 0.3020438894 
 0.1956824374 0.2334785190 0.2841963973 
 0.1909635948 0.2245731134 0.2696169934 
 0.1906138397 0.2200760849 0.2595236274 
 0.1960847205 0.2214326179 0.2553619293 
 0.2092186522 0.2304485377 0.2588987963 
 0.2323809963 0.2494179785 0.2723440028 
 0.2686183915 0.2812782522 0.2984998861 
 0.3218367232 0.3297863029 0.3409345209 
 0.3969839832 0.3997034481 0.4041666576 
 0.5002134250 0.4969655205 0.4938415192 
 0.6389932320 0.6288061515 0.6168671242 
 0.8221233770 0.8037947526 0.7814739974 
 1.0596197112 1.0317494056 0.9971590158 
 1.3624270019 1.3234864358 1.2744755766 
 1.7419220052 1.6903683366 1.6246329981 
 2.2091644890 2.1436084926 2.0588654686 
 2.7738582908 2.6932928001 2.5875305768 
 3.4430143016 3.3471019149 3.2189146720 
 4.2193794325 4.1087810861 3.9577748028 
 5.0998119872 4.9765126199 4.8037431876 
 6.0739197192 5.9414798666 5.7498471730 
 7.1233765792 6.9870217620 6.7815138697 
 8.2223236578 8.0887919946 7.8764684913 
 9.3390829341 9.2161949525 9.0058343633 
 10.4390806527 10.3350675781 10.1364811587 
 11.4884964394 11.4111991678 11.2343097526 
 12.4578902348 12.4139868585 12.2678469544 
 13.3250441008 13.3194565717 13.2113992289 
 14.0765016885 14.1120754415 14.0471459723 
 14.7076764985 14.7851477714 14.7658773275 
 15.2217606498 15.3399579434 15.3664503534 
 15.6278753344 15.7840648809 15.8543077710 
 15.9389350670 16.1292174999 16.2395087233 
 16.1696003137 16.3892859595 16.5346791811 
 16.3345439488 16.5784628985 16.7531659306 
 16.4471179899 16.7098475750 16.9075392871 
 16.5184092574 16.7944207138 17.0084785379 
 