17.0129517205 16.6884642338 16.1733448863 
 17.0951267062 16.7826809202 16.2789104225 
 17.1068659467 16.7963546587 16.2944443556 
 17.0487420387 16.7299740450 16.2203272954 
 16.9185953377 16.5817538979 16.0552492635 
 16.7117644611 16.3478873177 15.7964731886 
 16.4216099225 16.0231101621 15.4404164577 
 16.0403483877 15.6015776469 14.9835301150 
 15.5602037498 15.0780318885 14.4234257402 
 14.9748437026 14.4491946151 13.7601520080 
 14.2810031103 13.7152516664 12.9974614947 
 13.4801051903 12.8812176662 12.1438497584 
 12.5796015987 11.9579072292 11.2131199879 
 11.5937029721 10.9622305254 10.2242573517 
 10.5432078834 9.9166088512 9.2005046622 
 9.4542871400 8.8474760631 8.1677025093 
 8.3563219859 7.7830559548 7.1521441898 
 7.2791537182 6.7508063285 6.1783296963 
 6.2502746193 5.7750148137 5.2670278938 
 5.2924987495 4.8749773865 4.4339607239 
 4.4224925565 4.0640125609 3.6892486441 
 3.6502921313 3.3493388915 3.0375719210 
 2.9796908376 2.7326554638 2.4788693175 
 2.4092276618 2.2111661747 2.0093420306 
 1.9334670297 1.7787832857 1.6225482752 
 1.5443098756 1.4273040604 1.3104330518 
 1.2321664272 1.1474357421 1.0642059032 
 0.9869108214 0.9296163020 0.8750340575 
 0.7986014927 0.7646253688 0.7345506279 
 0.6579840257 0.6440014363 0.6351910609 
 0.5568034164 0.5602876421 0.5703754653 
 0.4879538534 0.5071303979 0.5345582432 
 0.4454956651 0.4792588476 0.5231720885 
 0.4245727006 0.4723777375 0.5324984089 
 0.4212657740 0.4830081355 0.5594972620 
 0.4324158194 0.5083075285 0.6016261333 
 0.4554440783 0.5458940792 0.6566699293 
 0.4881882161 0.5936916671 0.7225967687 
 0.5287651697 0.6498048380 0.7974472184 
 0.5754651295 0.7124269608 0.8792592338 
 0.6266766635 0.7797808480 0.9660272444 
 0.6808402809 0.8500885267 1.0556912849 
 0.7364262487 0.9215653672 1.1461505322 
 0.7919318027 0.9924330759 1.2352948487 
 0.8458927801 1.0609459366 1.3210478246 
 0.8969049509 1.1254250083 1.4014152594 
 0.9436508422 1.1842956489 1.4745339233 
 0.9849285393 1.2361246323 1.5387166624 
 1.0196797200 1.2796541396 1.5924912732 
 1.0470149557 1.3138309073 1.6346319039 
 1.0662350123 1.3378296890 1.6641828485 
 1.0768474455 1.3510708419 1.6804753707 
 1.0785781752 1.3532322363 1.6831385536 
 1.0713779382 1.3442558063 1.6721051301 
 1.0554235925 1.3243489609 1.6476128935 
 1.0311142354 1.2939808526 1.6102017324 
 0.9990620730 1.2538732508 1.5607057606 
 0.9600780230 1.2049856262 1.5002395757 
 0.9151522012 1.1484940945 1.4301775272 
 0.8654297833 1.0857641785 1.3521251097 
 0.8121832512 1.0183179278 1.2678822509 
 0.7567827040 0.9477967617 1.1793992906 
 0.7006666840 0.8759223898 1.0887277489 
 0.6453167555 0.8044591988 0.9979693728 
 0.5922398069 0.7351824544 0.9092282585 
 0.5429626244 0.6698574190 0.8245718774 
 0.4990436422 0.6102349351 0.7460074454 
 0.4621068111 0.5580690725 0.6754801632 
 0.4339021272 0.5151619799 0.6148993402 
 0.4163963114 0.4834399882 0.5661972132 
 0.4118951159 0.4650630243 0.5314232243 
 0.4231953000 0.4625661868 0.5128734063 
 0.4537590386 0.4790275198 0.5132500230 
 0.5078962901 0.5182494272 0.5358405588 
 0.5909322091 0.5849332599 0.5846977968 
 0.7093289539 0.6848188891 0.6647951990 
 0.8707267883 0.8247559391 0.7821261730 
 1.0838696608 1.0126727693 0.9437142959 
 1.3583839375 1.2574128989 1.1575047811 
 1.7043818340 1.5684131587 1.4321132438 
 2.1318616643 1.9552004333 1.7764126493 
 2.6498806401 2.4266864736 2.1989425796 
 3.2654948069 2.9902518941 2.7071321230 
 3.9825072491 3.6506427841 3.3063485881 
 4.8001431679 4.4087626091 3.9988266682 
 5.7118649614 5.2605213748 4.7825951427 
 6.7046181805 6.1959795910 5.6505855661 
 7.7588129743 7.1990586918 6.5901515379 
 8.8492546398 8.2480438161 7.5832150878 
 9.9470358672 9.3169623651 8.6071663999 
 11.0221430961 10.3777082986 9.6364817430 
 12.0463071836 11.4025679476 10.6448367246 
 12.9955415898 12.3666749120 11.6073467233 
 13.8519004114 13.2499362268 12.5025238073 
 14.6042130252 14.0381228220 13.3136178801 
 15.2478151518 14.7230388783 14.0291752924 
 15.7835013752 15.3018912842 14.6428348921 
 16.2160207068 15.7761100433 15.1525270057 
 16.5524288604 16.1499061536 15.5593127760 
 16.8005373848 16.4288161797 15.8661021055 
 16.9676059357 16.6184096408 16.0764430075 
 17.0593426034 16.7232599158 16.1935130943 
 17.0792235520 16.7462217368 16.2193875955 
 17.0281185121 16.6880248940 16.1546185096 
 16.9042064136 16.5471814303 15.9981370811 
 16.7031761908 16.3202043141 15.7474810985 
 16.4187215674 16.0021394325 15.3993407540 
 16.0433454443 15.5874095135 14.9504025945 
 15.5694795867 15.0709489596 14.3984426215 
 14.9908901076 14.4495661514 13.7435734641 
 14.3042748260 13.7234047647 12.9894911614 
 13.5108710110 12.8972994225 12.1445097461 
 12.6178031241 11.9817590616 11.2221422152 
 11.6388483100 10.9932997316 10.2410135849 
 10.5943273389 9.9539198977 9.2239930692 
 9.5099683678 8.8896734905 8.1965974585 
 8.4148241396 7.8285141371 7.1849011839 
 7.3385794023 6.7977842183 6.2133238620 
 6.3087631645 5.8218229686 5.3026974665 
 5.3484008843 4.9201242130 4.4689288260 
 4.4744957677 4.1063061911 3.7224057707 
 3.6974829366 3.3879356148 3.0681136217 
 3.0215573754 2.7670592170 2.5062940200 
 2.4456176158 2.2411921389 2.0334200827 
 1.9645199844 1.8045011620 1.6432747305 
 1.5703811651 1.4489745707 1.3279748751 
 1.2537544201 1.1654497594 1.0788510386 
 1.0045941899 0.9444418940 0.8871467305 
 0.8129890270 0.7767650738 0.7445350756 
 0.6696773333 0.6539604061 0.6434645386 
 0.5663718330 0.5685523519 0.5773504432 
 0.4959202960 0.5141568768 0.5406328269 
 0.4523315396 0.4854686430 0.5287268988 
 0.4306994142 0.4781592639 0.5378976518 
 0.4270601700 0.4887209151 0.5650916722 
 0.4382170828 0.5142871279 0.6077558447 
 0.4615602359 0.5524561424 0.6636659276 
 0.4949010633 0.6011341161 0.7307802297 
 0.5363331023 0.6584079131 0.8071265971 
 0.5841238576 0.7224512261 0.8907253958 
 0.6366381120 0.7914635855 0.9795472047 
 0.6922901630 0.8636390997 1.0715012600 
 0.7495208651 0.9371601807 1.1644490337 
 0.8067946059 1.0102107222 1.2562364739 
 0.8626111690 1.0810030107 1.3447382532 
 0.9155276575 1.1478129400 1.4279077760 
 0.9641861525 1.2090187427 1.5038275825 
 1.0073434730 1.2631393630 1.5707560237 
 1.0439001968 1.3088696324 1.6271674944 
 1.0729269022 1.3451104561 1.6717848986 
 1.0936863268 1.3709931375 1.7036042055 
 1.1056507262 1.3858976687 1.7219117861 
 1.1085141329 1.3894652330 1.7262956257 
 1.1021994410 1.3816053059 1.7166514950 
 1.0868603161 1.3624976374 1.6931847949 
 1.0628779051 1.3325891541 1.6564082109 
 1.0308522722 1.2925855378 1.6071346796 
 0.9915884997 1.2434370437 1.5464646681 
 0.9460775334 1.1863181196 1.4757665407 
 0.8954721652 1.1226006555 1.3966489575 
 0.8410590496 1.0538212475 1.3109248595 
 0.7842283218 0.9816436791 1.2205676063 
 0.7264431639 0.9078188295 1.1276611517 
 0.6692124879 0.8341452870 1.0343475806 
 0.6140706614 0.7624349576 0.9427767142 
 0.5625688285 0.6944887705 0.8550636030 
 0.5162827709 0.6320880889 0.7732604274 
 0.4768423380 0.5770075410 0.6993494868 
 0.4459871284 0.5310545917 0.6352635181 
 0.4256521369 0.4961401520 0.5829384496 
 0.4180852005 0.4743826499 0.5444017444 
 0.4259948487 0.4682449417 0.5218964974 
 0.4527221512 0.4806988565 0.5180371351 
 0.5024231881 0.5154058124 0.5359867186 
 0.5802404329 0.5768941805 0.5796386471 
 0.6924333873 0.6707062254 0.6537779805 
 0.8464337943 0.8034818377 0.7641915947 
 1.0507904244 0.9829450341 0.9176942280 
 1.3149717554 1.2177624205 1.1220401438 
 1.6489981644 1.5172476259 1.3856958696 
 2.0628761792 1.8908887921 1.7174547533 
 2.5658099629 2.3476785297 2.1258775330 
 3.1651808759 2.8952352752 2.6185491565 
 3.8653274876 3.5387332631 3.2011600537 
 4.6662308761 4.2797128427 3.8764584113 
 5.5623025075 5.1149190913 4.6431789941 
 6.5415537903 6.0353936416 5.4951209291 
 7.5854520571 7.0260867684 6.4205956339 
 8.6696945219 8.0662251943 7.4024642939 
 9.7659477114 9.1305446282 8.4189076361 
 10.8443465712 10.1912930086 9.4449210236 
 11.8763158381 11.2206941743 10.4543434807 
 12.8371657237 12.1934175814 11.4220756189 
 13.7079758566 13.0885908126 12.3260812138 
 14.4764874921 13.8910219847 13.1488261438 
 15.1369843317 14.5915116938 13.8779609163 
 15.6893584401 15.1863448820 14.5062375238 
 16.1376710843 15.6761952739 15.0308041126 
 16.4885251818 16.0647248431 15.4521044553 
 16.7495011180 16.3571338578 15.7726207657 
 16.9278160141 16.5588487752 15.9956597260 
 17.0292830542 16.6744599328 16.1243219116 
 17.0575898800 16.7069607507 16.1607376078 
 17.0138864026 16.6573032740 16.1056097821 
 16.8966670703 16.5242694945 15.9580798949 
 16.7019415025 16.3046565154 15.7159194628 
 16.4237004458 15.9937765349 15.3760414666 
 16.0546911664 15.5862695780 14.9353114939 
 15.5875077937 15.0772084808 14.3916110319 
 15.0159691308 14.4634352020 13.7450608097 
 14.3366947050 13.7450047367 12.9992543097 
 13.5507045566 12.9265382028 12.1622948548 
 12.6647799084 12.0182242796 11.2473987094 
 11.6922673499 11.0361930892 10.2728498596 
 10.6530327189 10.0020516680 9.2611877223 
 9.5724018033 8.9415250498 8.2376685127 
 8.4791508230 7.8823602660 7.2282218557 
 7.4028640261 6.8518513829 6.2572618876 
 6.3711595589 5.8744510584 5.3457502507 
 5.4073169567 4.9699007147 4.5098303200 
 4.5287056635 4.1521522927 3.7601909223 
 3.7461753858 3.4291382822 3.1021381094 
 3.0643257860 2.8032561402 2.5362165468 
 2.4824081853 2.2723239424 2.0591594915 
 1.9955573000 1.8307468131 1.6649546543 
 1.5960881034 1.4706831935 1.3458661235 
 1.2746777021 1.1830775708 1.0933183835 
 1.0213414630 0.9584987776 0.8986036627 
 0.8261794275 0.7877724513 0.7534080735 
 0.6799054108 0.6624205718 0.6501672782 
 0.5741838928 0.5749287149 0.5822676540 
 0.5018017880 0.5188639884 0.5441127939 
 0.4567036328 0.4888702550 0.5310808933 
 0.4339223909 0.4805721450 0.5394040893 
 0.4294410422 0.4904219871 0.5660027158 
 0.4400190199 0.5155217365 0.6083044763 
 0.4630119194 0.5534458103 0.6640720468 
 0.4962047361 0.6020827404 0.7312549164 
 0.5376706814 0.6595059209 0.8078741887 
 0.5856609460 0.7238776261 0.8919434232 
 0.6385260582 0.7933861381 0.9814245033 
 0.6946665008 0.8662130043 1.0742147392 
 0.7525085545 0.9405257562 1.1681596620 
 0.8105005150 1.0144905679 1.2610850371 
 0.8671242074 1.0862990949 1.3508413829 
 0.9209169117 1.1542039830 1.4353546371 
 0.9704992952 1.2165581624 1.5126774757 
 1.0146056329 1.2718539404 1.5810370172 
 1.0521133918 1.3187589551 1.6388760689 
 1.0820700722 1.3561471138 1.6848864938 
 1.1037159457 1.3831235887 1.7180344946 
 1.1165019458 1.3990436712 1.7375784911 
 1.1201023950 1.4035257332 1.7430807111 
 1.1144224994 1.3964587039 1.7344136283 
 1.0996006204 1.3780043796 1.7117620316 
 1.0760053100 1.3485946375 1.6756209233 
 1.0442270419 1.3089233331 1.6267887986 
 1.0050645722 1.2599324462 1.5663553213 
 0.9595059864 1.2027920177 1.4956821523 
 0.9087047913 1.1388736606 1.4163758187 
 0.8539519021 1.0697179650 1.3302520897 
 0.7966450381 0.9969969271 1.2392923203 
 0.7382578266 0.9224735353 1.1455935370 
 0.6803117397 0.8479617334 1.0513154965 
 0.6243547668 0.7752910067 0.9586293585 
 0.5719513700 0.7062806836 0.8696737703 
 0.5246886839 0.6427295811 0.7865249018 
 0.4842040331 0.5864267637 0.7111871813 
 0.4522385195 0.5391888223 0.6456110798 
 0.4307205032 0.5029280989 0.5917431994 
 0.4218809726 0.4797544510 0.5516120121 
 0.4283996516 0.4721101761 0.5274496604 
 0.4535757772 0.4829332049 0.5218459757 
 0.5015106105 0.5158374069 0.5379250939 
 0.5772804424 0.5752911261 0.5795278786 
 0.6870708142 0.6667671572 0.6513757426 
 0.8382374180 0.7968315527 0.7591852802 
 1.0392585435 0.9731371307 0.9097006971 
 1.2995471512 1.2042905831 1.1106134408 
 1.6290940946 1.4995669485 1.3703441221 
 2.0379150925 1.8684484779 1.6976672586 
 2.5352763647 2.3199671855 2.1011629292 
 3.1286883726 2.8618391724 2.5884851107 
 3.8226968013 3.4994056687 3.1654534370 
 4.6175705438 4.2344485693 3.8350120585 
 5.5080781842 5.0640234265 4.5961571317 
 6.4826278606 5.9795304580 5.4430013011 
 7.5230755486 6.9662892948 6.3641941165 
 8.6054402814 8.0038568465 7.3429193421 
 9.7015870712 9.0672070163 8.3576183157 
 10.7816874545 10.1286915607 9.3834427544 
 11.8170322606 11.1604840714 10.3942568140 
 12.7826516027 12.1370587998 11.3648511506 
 13.6592486106 13.0372383544 12.2729648608 
 14.4341525726 13.8454671350 13.1007630834 
 15.1012566344 14.5521768168 13.8355660937 
 15.6601257388 15.1533228097 14.4698098359 
 16.1145804138 15.6493178742 15.0003735851 
 16.4710746100 16.0436442962 15.4274984044 
 16.7371240969 16.3414029751 15.7535355734 
 16.9199509814 16.5479911726 15.9817278895 
 17.0254254982 16.6680252352 16.1151677660 
 17.0573270235 16.7045632647 16.1560184079 
 17.0169160559 16.6586444865 16.1050411385 
 16.9028024468 16.5291455445 15.9614458878 
 16.7111033999 16.3129518872 15.7230684068 
 16.4358976418 16.0054450968 15.3868686763 
 16.0699895932 15.6013041820 14.9497309092 
 15.6059894028 15.0956009944 14.4095184924 
 15.0376825924 14.4851302329 13.7662932016 
 14.3616022249 13.7698523362 13.0235505193 
 13.5786317741 12.9542529674 12.1892658538 
 12.6953781509 12.0483595667 11.2765142970 
 11.7249981302 11.0681383843 10.3034477845 
 10.6871820059 10.0350576972 9.2925068471 
 9.6071258842 8.9747552905 8.2689021344 
 8.5135477383 7.9149607086 7.2585820004 
 7.4360573406 6.8830252720 6.2860424057 
 6.4023776830 5.9035240917 5.3723771123 
 5.4359529908 4.9963653613 4.5338914074 
 4.5543489679 4.1756860866 3.7814431835 
 3.7686140138 3.4495975793 3.1204950632 
 3.0835254712 2.8206515982 2.5517222894 
 2.4984769112 2.2867858602 2.0719561133 
 2.0087045014 1.8424877657 1.6752488900 
 1.6065853864 1.4799632380 1.3538990884 
 1.2828250816 1.1901748536 1.0993403117 
 1.0274406336 0.9636864654 0.9028541880 
 0.8305140329 0.7913018299 0.7561019024 
 0.6827276301 0.6645097672 0.6514848867 
 0.5757065531 0.5757564390 0.5823505809 
 0.5021952374 0.5185676699 0.5430629847 
 0.4560965418 0.4875477805 0.5289633614 
 0.4324055182 0.4782862855 0.5362520029 
 0.4270729377 0.4872065319 0.5618239847 
 0.4368327096 0.5113884462 0.6030890085 
 0.4590218047 0.5483914786 0.6577990074 
 0.4914131672 0.5960958589 0.7238995014 
 0.5320738664 0.6525726162 0.7994135793 
 0.5792540106 0.7159866756 0.8823617093 
 0.6313071754 0.7845329702 0.9707164661 
 0.6866400809 0.8564026606 1.0623884627 
 0.7436875325 0.9297748563 1.1552380213 
 0.8009078118 1.0028283649 1.2471061754 
 0.8567934682 1.0737677526 1.3358583484 
 0.9098926447 1.1408582328 1.4194343908 
 0.9588365446 1.2024645147 1.4958995021 
 1.0023693174 1.2570896218 1.5634917629 
 1.0393774284 1.3034107230 1.6206634061 
 1.0689163793 1.3403100647 1.6661143509 
 1.0902333914 1.3669000305 1.6988177318 
 1.1027852703 1.3825420807 1.7180380244 
 1.1062511066 1.3868597707 1.7233428217 
 1.1005397170 1.3797462219 1.7146093412 
 1.0857918229 1.3613663379 1.6920264114 
 1.0623769525 1.3321538381 1.6560921320 
 1.0308850147 1.2928029030 1.6076067795 
 0.9921125077 1.2442540388 1.5476600245 
 0.9470434596 1.1876737542 1.4776112878 
 0.8968255069 1.1244279006 1.3990622121 
 0.8427420082 1.0560490601 1.3138208066 
 0.7861817527 0.9841991745 1.2238578130 
 0.7286085942 0.9106295954 1.1312571338 
 0.6715341606 0.8371418050 1.0381635984 
 0.6164975489 0.7655530655 0.9467327215 
 0.5650565505 0.6976720788 0.8590882321 
 0.5187953549 0.6352902609 0.7772938771 
 0.4793537829 0.5801943619 0.7033461891 
 0.4484827606 0.5342057902 0.6391944975 
 0.4281297992 0.4992509933 0.5867933569 
 0.4205563579 0.4774653827 0.5481906262 
 0.4284857399 0.4713302436 0.5256514506 
 0.4552751308 0.4838374578 0.5218140554 
 0.5050983897 0.5186704747 0.5398673758 
 0.5831178167 0.5803821415 0.5837332672 
 0.6956151299 0.6745420989 0.6582283917 
 0.8500468291 0.8078207845 0.7691748010 
 1.0549887731 0.9879758226 0.9234260474 
 1.3199380929 1.2237097757 1.1287783050 
 1.6549438200 1.5243730162 1.3937417064 
 2.0700384929 1.8994884949 1.7271523354 
 2.5744456507 2.3580775049 2.1376087431 
 3.1755539790 2.9077751963 2.6327229680 
 3.8776908236 3.5537532693 3.2181943225 
 4.6808009172 4.2975224610 3.8967531569 
 5.5792293790 5.1357644996 4.6670816442 
 6.5608903672 6.0594208731 5.5228863159 
 7.6071282499 7.0533079878 6.4523462285 
 8.6935037542 8.0964957851 7.4381583418 
 9.7915513568 9.1635584058 8.4583233714 
 10.8712985499 10.2265998606 9.4876631578 
 11.9041046298 11.2577393997 10.4998737538 
 12.8652665506 12.2315968198 11.4697636158 
 13.7359034991 13.1273107537 12.3752668409 
 14.5038408542 13.9297563374 13.1988828611 
 15.1634768643 14.6298441201 13.9283496264 
 15.7148324117 15.2239945253 14.5565442371 
 16.1620970226 15.7130245329 15.0807586569 
 16.5119897949 16.1007319548 15.5015811384 
 16.7721875478 16.3924342258 15.8216241985 
 16.9499797880 16.5936490079 16.0442998520 
 17.0512261047 16.7090277766 16.1727820336 
 17.0796339591 16.7415930493 16.2092384040 
 17.0363464098 16.6922931786 16.1543714681 
 16.9198243861 16.5598736201 16.0072841467 
 16.7260174366 16.3410627150 15.7656726624 
 16.4488303612 16.0310734389 15.4263412842 
 16.0809006869 15.6244199511 14.9860196606 
 15.6146936098 15.1160295766 14.4424360997 
 15.0438880166 14.5025902629 13.7955552745 
 14.3649649937 13.7840100710 13.0488301143 
 13.5788239223 12.9647892495 12.2102594538 
 12.6921613462 12.0550413504 11.2930104132 
 11.7182916314 11.0708832214 10.3153866030 
 10.6771110190 10.0339782589 9.3000190586 
 9.5940381625 8.9701734302 8.2723182934 
 8.4979925194 7.9073868788 7.2584100912 
 7.4187299969 6.8731075327 6.2829188081 
 6.3840423672 5.8919783663 5.3670021407 
 5.4173604787 4.9839021673 4.5269629131 
 4.5361660671 4.1629476335 3.7735999402 
 3.7513753063 3.4371140820 3.1122770782 
 3.0676106814 2.8088193738 2.5435499174 
 2.4841108266 2.2758646205 2.0641256898 
 1.9959728197 1.8326116969 1.6679403828 
 1.5954592061 1.4711599365 1.3471908733 
 1.2731880357 1.1823871723 1.0932269374 
 1.0191146778 0.9567938628 0.8972641829 
 0.8232817179 0.7851392179 0.7509137774 
 0.6763499308 0.6588828599 0.6465403307 
 0.5699360498 0.5704532714 0.5774644941 
 0.4967849047 0.5133664658 0.5380305327 
 0.4508047924 0.4822217869 0.5235646848 
 0.4269984791 0.4726065095 0.5302554975 
 0.4213250913 0.4809434319 0.5549891275 
 0.4305269770 0.5043135215 0.5951695443 
 0.4519499022 0.5402794371 0.6485470273 
 0.4833767383 0.5867277163 0.7130706141 
 0.5228865744 0.6417397781 0.7867730820 
 0.5687445206 0.7034958141 0.8676914414 
 0.6193227814 0.7702113551 0.9538218901 
 0.6730506422 0.8401035341 1.0431054655 
 0.7283893632 0.9113824375 1.1334389539 
 0.7838271921 0.9822621275 1.2227047395 
 0.8378895140 1.0509857123 1.3088130728 
 0.8891593566 1.1158590978 1.3897506012 
 0.9363039461 1.1752886692 1.4636298434 
 0.9781036757 1.2278190156 1.5287354636 
 1.0134806108 1.2721678108 1.5835645589 
 1.0415244384 1.3072559720 1.6268595077 
 1.0615144786 1.3322321181 1.6576330789 
 1.0729369663 1.3464910336 1.6751863226 
 1.0754972260 1.3496862793 1.6791201807 
 1.0691266123 1.3417372468 1.6693417757 
 1.0539841840 1.3228308960 1.6460660202 
 1.0304530914 1.2934182104 1.6098126746 
 0.9991316439 1.2542051772 1.5613984130 
 0.9608190676 1.2061379484 1.5019230199 
 0.9164961301 1.1503818780 1.4327486665 
 0.8673011375 1.0882944170 1.3554714218 
 0.8145023133 1.0213924069 1.2718847688 
 0.7594682276 0.9513151204 1.1839358944 
 0.7036387045 0.8797853650 1.0936767929 
 0.6484994225 0.8085719988 1.0032136042 
 0.5955641589 0.7394581666 0.9146589163 
 0.5463692174 0.6742203340 0.8300928122 
 0.5024849541 0.6146236692 0.7515390797 
 0.4655493747 0.5624393941 0.6809631340 
 0.4373283907 0.5194893073 0.6202977236 
 0.4198062916 0.4877215979 0.5715013243 
 0.4153079721 0.4693201019 0.5366521022 
 0.4266510093 0.4668459284 0.5180772028 
 0.4573203693 0.4834055326 0.5185125952 
 0.5116512358 0.5228326582 0.5412825728 
 0.5949969435 0.5898635746 0.5904805645 
 0.7138512075 0.6902772392 0.6711252730 
 0.8758893370 0.8309668076 0.7892604493 
 1.0898933797 1.0199083062 0.9519650491 
 1.3655295908 1.2659958493 1.1672437211 
 1.7129494292 1.5787173234 1.4437733163 
 2.1421857969 1.9676469644 1.7904858696 
 2.6623199113 2.4417338776 2.2159717245 
 3.2804133602 3.0083774271 2.7276937890 
 4.0002470900 3.6723133608 3.3310253222 
 4.8209875293 4.4343947881 4.0281670009 
 5.7359956174 5.2904326195 4.8170626957 
 6.7320728679 6.2303365395 5.6905018550 
 7.7894518670 7.2378316474 6.6356409103 
 8.8827456556 8.2909785474 7.6341630410 
 9.9828662487 9.3635790821 8.6632026931 
 11.0596591945 10.4273327789 9.6969962216 
 12.0847772970 11.4543923431 10.7090290029 
 13.0342307464 12.4198383415 11.6743028696 
 13.8901434773 13.3036106749 12.5713068064 
 14.6414741625 14.0915896918 13.3833561738 
 15.2837262972 14.7757453391 14.0991356371 
 15.8178779144 15.3534813626 14.7124708236 
 16.2488569545 15.8264309553 15.2215001671 
 16.5838783670 16.1989941337 15.6274892780 
 16.8308835306 16.4768676008 15.9335289594 
 16.9972273715 16.6657429606 16.1433104872 
 17.0886766169 16.7702727174 16.2601082736 
 17.1087289806 16.7933456024 16.2860430553 
 17.0582387502 16.7356796045 16.2216590138 
 16.9353325451 16.5957293212 16.0658263084 
 16.7356103838 16.3699056677 15.8159705227 
 16.4526415722 16.0531105390 15.4686234902 
 16.0787722783 15.6395863698 15.0202762729 
 15.6062520598 15.1240611752 14.4684867080 
 15.0286513438 14.5031269644 13.8131472215 
 14.3424767240 13.7767233543 13.0577578308 
 13.5488018396 12.9495200917 12.2104897737 
 12.6546404752 12.0319278313 11.2847932871 
 11.6737343817 11.0404527543 10.2993286950 
 10.6264570637 9.9971814256 9.2771017967 
 9.5386754850 8.9283464537 8.2438526136 
 8.4396485566 7.8621461549 7.2259348617 
 7.3593026419 6.8261969830 6.2480637083 
 6.3254065943 5.8451019003 5.3313433745 
 5.3611908017 4.9385747227 4.4918989261 
 4.4838066354 4.1203893764 3.7402655912 
 3.7037728023 3.3981979731 3.0815026784 
 3.0253077473 2.7740684614 2.5158608259 
 2.4472855770 2.2454864112 2.0397716599 
 1.9645053709 1.8065540062 1.6469420838 
 1.5690078305 1.4491743981 1.3293926864 
 1.2512625621 1.1640906588 1.0783483261 
 1.0011402154 0.9417222555 0.8849450606 
 0.8086499128 0.7727910355 0.7407515550 
 0.6644573086 0.6487520278 0.6381177192 
 0.5602100701 0.5620512766 0.5703680874 
 0.4886989568 0.5062348882 0.5318610699 
 0.4438839693 0.4759369379 0.5179406965 
 0.4208185399 0.4667784875 0.5248125740 
 0.4155072857 0.4752120854 0.5493771222 
 0.4247312091 0.4983435411 0.5890496908 
 0.4458681553 0.5337562202 0.6415903533 
 0.4767279799 0.5793549816 0.7049583952 
 0.5154137078 0.6332392980 0.7771995084 
 0.5602134414 0.6936091746 0.8563682427 
 0.6095232594 0.7587033464 0.9404843782 
 0.6617985616 0.8267666088 1.0275193126 
 0.7155297756 0.8960416204 1.1154069909 
 0.7692376510 0.9647797956 1.2020731257 
 0.8214832229 1.0312657581 1.2854763262 
 0.8708877646 1.0938501229 1.3636551597 
 0.9161585410 1.1509860038 1.4347760227 
 0.9561168364 1.2012655008 1.4971778623 
 0.9897254806 1.2434533962 1.5494110973 
 1.0161138505 1.2765162588 1.5902693702 
 1.0345990082 1.2996460063 1.6188138435 
 1.0447021955 1.3122776257 1.6343905132 
 1.0461603005 1.3141011461 1.6366413867 
 1.0389321436 1.3050681043 1.6255103685 
 1.0231995344 1.2853926837 1.6012443866 
 0.9993630683 1.2555475262 1.5643898053 
 0.9680326455 1.2162540212 1.5157836609 
 0.9300127657 1.1684667711 1.4565388752 
 0.8862828473 1.1133520162 1.3880225081 
 0.8379731706 1.0522601256 1.3118263662 
 0.7863375633 0.9866928467 1.2297299477 
 0.7327246054 0.9182668132 1.1436567121 
 0.6785498755 0.8486757667 1.0556259149 
 0.6252725242 0.7796549447 0.9677035829 
 0.5743801599 0.7129519932 0.8819574424 
 0.5273865867 0.6503094821 0.8004215821 
 0.4858472659 0.5934645111 0.7250771916 
 0.4513973886 0.5441709130 0.6578557691 
 0.4258170031 0.5042490761 0.6006706460 
 0.4111265183 0.4756672474 0.5554814341 
 0.4097137412 0.4606560850 0.5243938741 
 0.4244899403 0.4618548257 0.5097943012 
 0.4590668289 0.4824823419 0.5145132120 
 0.5179388184 0.5265194583 0.5420060806 
 0.6066463064 0.5988807907 0.5965319805 
 0.7318882453 0.7055467416 0.6833030329 
 0.9015483439 0.8536216168 0.8085724229 
 1.1246000856 1.0512838633 0.9796278296 
 1.4108592692 1.3075983032 1.2046608140 
 1.7705550906 1.6321644579 1.4924883773 
 2.2136910737 2.0345771033 1.8521071758 
 2.7491721581 2.5236783725 2.2920640571 
 3.3836970236 3.1065951176 2.8196353770 
 4.1204672189 3.7875925667 3.4398322741 
 4.9578479830 4.5668403424 4.1542967012 
 5.8882125597 5.4392700280 4.9602199488 
 6.8972747742 6.3937774763 5.8494836274 
 7.9642144633 7.4130477006 6.8082617915 
 9.0627886753 8.4742174510 7.8172982632 
 10.1634009779 9.5504288002 8.8529659724 
 11.2358333082 10.6131009773 9.8890390574 
 12.2521335812 11.6345357037 10.8989160443 
 13.1890922246 12.5903616345 11.8578968059 
 14.0298606807 13.4613655862 12.7450945676 
 14.7645098333 14.2344330339 13.5446661814 
 15.3895922114 14.9025526072 14.2462253535 
 15.9069648463 15.4640414241 14.8444934101 
 16.3222076506 15.9212634862 15.3383796718 
 16.6429479908 16.2791329868 15.7297420343 
 16.8773191153 16.5436451815 16.0220666151 
 17.0326837241 16.7205987175 16.2192517396 
 17.1146747725 16.8145975598 16.3246164358 
 17.1265561592 16.8283658078 16.3401980510 
 17.0688855764 16.7623791204 16.2663666081 
 16.9394630218 16.6148077082 16.1017643469 
 16.7335615548 16.3817692319 15.8435709219 
 16.4444518241 16.0578952898 15.4880886316 
 16.0642387575 15.6372121786 15.0316281971 
 15.5850177230 15.1143158827 14.4716460839 
 15.0003198614 14.4857764224 13.8080358860 
 14.3067483575 13.7516382983 13.0444138200 
 13.5056160040 12.9168041478 12.1891782891 
 12.6043029017 11.9920249933 11.2560931232 
 11.6170020416 10.9942104969 10.2641739555 
 10.5645562001 9.9458502147 9.2367651614 
 9.4732394657 8.8735086202 8.1998686017 
 8.3725810911 7.8055841547 7.1799761317 
 7.2925919936 6.7697269911 6.2017951769 
 6.2609295998 5.7904070403 5.2862832447 
 5.3005461313 4.8870697280 4.4493112036 
 4.4282050740 4.0731367982 3.7010978113 
 3.6539941916 3.3558806837 3.0463701007 
 2.9817172508 2.7370100989 2.4850686522 
 2.4098915006 2.2137041764 2.0133620830 
 1.9330381922 1.7798271910 1.6247529250 
 1.5430033768 1.4271152402 1.3111172725 
 1.2301381561 1.1462089376 1.0635900414 
 0.9842582665 0.9274793805 0.8732632024 
 0.7953673424 0.7616422326 0.7316971539 
 0.6541611824 0.6401766650 0.6312590698 
 0.5523405602 0.5555720482 0.5653064292 
 0.4827611443 0.5014271156 0.5282375499 
 0.4394504726 0.4724298592 0.5154364363 
 0.4175254298 0.4642508914 0.5231441071 
 0.4130459369 0.4733847635 0.5482895055 
 0.4228384989 0.4969707331 0.5883092443 
 0.4443168609 0.5326176693 0.6409784290 
 0.4753185594 0.5782495890 0.7042669914 
 0.5139680491 0.6319808222 0.7762290391 
 0.5585707079 0.6920240085 0.8549273948 
 0.6075376656 0.7566301330 0.9383917302 
 0.6593387357 0.8240572981 1.0246062399 
 0.7124792953 0.8925635026 1.1115213191 
 0.7654963216 0.9604180391 1.1970830021 
 0.8169687031 1.0259260286 1.2792738431 
 0.8655372046 1.0874609357 1.3561593666 
 0.9099299730 1.1435005580 1.4259350921 
 0.9489901402 1.1926628446 1.4869703018 
 0.9817028219 1.2337388659 1.5378460192 
 1.0072195547 1.2657212096 1.5773859169 
 1.0248788806 1.2878269015 1.6046799156 
 1.0342223285 1.2995145744 1.6191009630 
 1.0350054198 1.3004959800 1.6203158123 
 1.0272035469 1.2907420636 1.6082906019 
 1.0110126696 1.2704837574 1.5832917090 
 0.9868447907 1.2402074661 1.5458818748 
 0.9553181951 1.2006450378 1.4969111012 
 0.9172425162 1.1527579219 1.4375014724 
 0.8735989018 1.0977153263 1.3690249870 
 0.8255159168 1.0368665236 1.2930737819 
 0.7742423426 0.9717080621 1.2114228092 
 0.7211186998 0.9038474485 1.1259860554 
 0.6675500578 0.8349658228 1.0387686370 
 0.6149834513 0.7667831258 0.9518184269 
 0.5648939058 0.7010301507 0.8671820717 
 0.5187836110 0.6394325548 0.7868711896 
 0.4781990920 0.5837122946 0.7128450605 
 0.4447712189 0.5356119303 0.6470161262 
 0.4202824233 0.4969467300 0.5912840380 
 0.4067643231 0.4696883024 0.5476027023 
 0.4066267335 0.4560813404 0.5180826032 
 0.4228152822 0.4587915797 0.5051273569 
 0.4589891431 0.4810778961 0.5115986473 
 0.5197027694 0.5269744787 0.5409972908 
 0.6105669206 0.6014608924 0.5976405609 
 0.7383569082 0.7105903257 0.6868084524 
 0.9110323538 0.8615418917 0.8148264975 
 1.1376338306 1.0625631662 0.9890521396 
 1.4280252860 1.3227731220 1.2177355567 
 1.7924532604 1.6517997039 1.5097314521 
 2.2408941733 2.0592281897 1.8740424144 
 2.7821665585 2.5538399419 2.3191776704 
 3.4228094033 3.1426366134 2.8523204842 
 4.1657822561 3.8296838704 3.4783234551 
 5.0091277449 4.6148753799 4.1986000773 
 5.9448340969 5.4928015096 5.0100487603 
 6.9582054970 6.4519796793 5.9042131258 
 8.0280422340 7.4747237917 6.8669183829 
 9.1278136630 8.5378614061 7.8785943096 
 10.2277808857 9.6143398995 8.9153830173 
 11.2977578196 10.6755345852 9.9509503965 
 12.3099943981 11.6938630694 10.9587285548 
 13.2416162377 12.6452085201 11.9141862105 
 14.0761850203 13.5107059162 12.7967102690 
 14.8041936789 14.2776265246 13.5907905244 
 15.4225748335 14.9393291570 14.2863839293 
 15.9334879724 15.4944452013 14.8785234984 
 16.3427219804 15.9455739881 15.3663702155 
 16.6580203456 16.2977794492 15.7519600750 
 16.8875511116 16.5571266941 16.0388830542 
 17.0386473584 16.7294175123 16.2310755032 
 17.1168661983 16.8192087414 16.3318422242 
 17.1253665682 16.8291439684 16.3431697942 
 17.0645872093 16.7596008435 16.2653568207 
 16.9322084501 16.6086485592 16.0969686151 
 16.7233949770 16.3723139879 15.8351163776 
 16.4313317419 16.0451603945 15.4760550372 
 16.0480716411 15.6211793036 15.0160797731 
 15.5657017892 15.0949747075 14.4526711995 
 14.9777966482 14.4631731704 13.7857901552 
 14.2810574034 13.7259243555 13.0191603029 
 13.4769451002 12.8882768540 12.1613170790 
 12.5730240997 11.9611514966 11.2261725556 
 11.5836833070 10.9616265975 10.2328778490 
 10.5299415741 9.9123301286 9.2048750497 
 9.4381970061 8.8399080920 8.1682058719 
 8.3380261483 7.7727664088 7.1493343740 
 7.2594004892 6.7384858951 6.1728757239 
 6.2298588074 5.7614024208 5.2596456799 
 5.2721777046 4.8607857681 4.4253460742 
 4.4029180191 4.0498676677 3.6800228166 
 3.6319672612 3.3357407818 3.0282458653 
 2.9629539388 2.7199617890 2.4698272987 
 2.3942580332 2.1995944788 2.0008414253 
 1.9203054406 1.7684260199 1.6147305106 
 1.5328861334 1.4181501874 1.3033406439 
 1.2223282123 1.1393941143 1.0578015603 
 0.9784501487 0.9225376735 0.8692190981 
 0.7912769717 0.7583213004 0.7291810735 
 0.6515382473 0.6382593052 0.6300905717 
 0.5509754382 0.5548815868 0.5653449108 
 0.4824871805 0.5018285147 0.5293822213 
 0.4401424972 0.4738273730 0.5176231321 
 0.4190955171 0.4665832357 0.5263398632 
 0.4154374435 0.4766187781 0.5524858236 
 0.4260193093 0.5010943999 0.5935148489 
 0.4482725633 0.5376331528 0.6472121413 
 0.4800460404 0.5841667568 0.7115511638 
 0.5194698013 0.6388115350 0.7845838451 
 0.5648499999 0.6997773382 0.8643661490 
 0.6145946290 0.7653085788 0.9489173243 
 0.6671673631 0.8336540026 1.0362087007 
 0.7210652991 0.9030604160 1.1241764286 
 0.7748157748 0.9717849389 1.2107518604 
 0.8269873584 1.0381202634 1.2939032043 
 0.8762103726 1.1004277432 1.3716825475 
 0.9212028363 1.1571737936 1.4422732386 
 0.9607983816 1.2069659662 1.5040338098 
 0.9939734624 1.2485860421 1.5555359398 
 1.0198719164 1.2810184500 1.5955952246 
 1.0378256228 1.3034731551 1.6232945850 
 1.0473705309 1.3154027845 1.6380008597 
 1.0482577181 1.3165141246 1.6393754686 
 1.0404593429 1.3067742418 1.6273799862 
 1.0241694461 1.2864113959 1.6022771269 
 0.9997995594 1.2559107168 1.5646271329 
 0.9679690831 1.2160044118 1.5152790396 
 0.9294904698 1.1676561691 1.4553559162 
 0.8853494437 1.1120395097 1.3862330975 
 0.8366808492 1.0505101817 1.3095087011 
 0.7847412470 0.9845732889 1.2269664099 
 0.7308800421 0.9158466670 1.1405315310 
 0.6765116826 0.8460229887 1.0522226098 
 0.6230922280 0.7768340759 0.9641022214 
 0.5721042859 0.7100218028 0.8782317947 
 0.5250548586 0.6473206828 0.7966362810 
 0.4834909637 0.5904576215 0.7212850176 
 0.4490378916 0.5411743242 0.6540951607 
 0.4234645104 0.5012773360 0.5969634930 
 0.4087788940 0.4727195225 0.5518311411 
 0.4073553900 0.4577147000 0.5207836074 
 0.4220905865 0.4588837318 0.5061852545 
 0.4565800683 0.4794253420 0.5108426833 
 0.5153003434 0.5232980466 0.5381851555 
 0.6037717843 0.5953915444 0.5924426955 
 0.7286709481 0.7016583426 0.6787950356 
 0.8978567742 0.8491717572 0.8034593523 
 1.1202760138 1.0460764845 0.9736838625 
 1.4057167942 1.3014018372 1.1976180601 
 1.7643815860 1.6247120008 1.4840360711 
 2.2062511601 2.0255697636 1.8418939218 
 2.7402160602 2.5127933277 2.2797047141 
 3.3729746377 3.0934999870 2.8047243478 
 4.1077486747 3.7719673011 3.4219647383 
 4.9429502377 4.5484066709 4.1330983925 
 5.8710295998 5.4178265020 4.9353842643 
 6.8778067067 6.3692356015 5.8208123063 
 7.9425889845 7.3854622949 6.7757027289 
 9.0392681625 8.4438033543 7.7809722760 
 10.1383705195 9.5175573894 8.8131746403 
 11.2097691846 10.5782738228 9.8462487319 
 12.2255567086 11.5983381460 10.8537182465 
 13.1625149443 12.5534041100 11.8109508964 
 14.0037365161 13.4242232621 12.6970627045 
 14.7391941861 14.1975938492 13.4961517512 
 15.3653184410 14.8663807118 14.1977241384 
 15.8838363203 15.4287587790 14.7963628773 
 16.3002034497 15.8869486039 15.2908275380 
 16.6219385213 16.2457334099 15.6828319833 
 16.8570878023 16.5109994898 15.9757373019 
 17.0129517205 16.6884642338 16.1733448863 
 