0.3521837055 0.4426911919 0.5617015774 
 0.3549462566 0.4462265307 0.5662520046 
 0.3548909232 0.4461606889 0.5661706107 
 0.3520200376 0.4424961774 0.5614601977 
 0.3464295476 0.4353478215 0.5522598739 
 0.3383066749 0.4249398018 0.5388413809 
 0.3279255573 0.4116000519 0.5216020446 
 0.3156414526 0.3957525662 0.5010548541 
 0.3018843818 0.3779084775 0.4778164754 
 0.2871534011 0.3586570853 0.4525943484 
 0.2720130246 0.3386583808 0.4261744133 
 0.2570936794 0.3186389992 0.3994114438 
 0.2430984560 0.2993939474 0.3732244321 
 0.2308188398 0.2817968916 0.3485999441 
 0.2211625439 0.2668222307 0.3266068235 
 0.2151969874 0.2555825942 0.3084260321 
 0.2142122689 0.2493856975 0.2953996874 
 0.2198074789 0.2498144911 0.2891033588 
 0.2340035012 0.2588339357 0.2914451363 
 0.2593835297 0.2789260188 0.3047934483 
 0.2992586717 0.3132511453 0.3321324981 
 0.3578496534 0.3658281912 0.3772388892 
 0.4404668777 0.4417172356 0.4448653355 
 0.5536612573 0.5471793554 0.5409080631 
 0.7053100566 0.6897793319 0.6725257632 
 0.9045981086 0.8783924750 0.8481725387 
 1.1618553168 1.1230767492 1.0775066017 
 1.4882126758 1.4347730285 1.3711384204 
 1.8950371754 1.8247953153 1.7401822764 
 2.3931035002 2.3040699356 2.1955728076 
 2.9914703598 2.8820887766 2.7471110250 
 3.6960703967 3.5655743756 3.4022285102 
 4.5081081444 4.3569289244 4.1645196938 
 5.4224851781 5.2526542983 5.0321937843 
 6.4266016849 6.2420593493 5.9967208988 
 7.4999567365 7.3066586000 7.0420448671 
 8.6149135091 8.4206431310 8.1447434123 
 9.7387706669 9.5526213193 9.2753810922 
 10.8369257145 10.6685028982 10.4010208559 
 11.8765583256 11.7350411455 11.4885166775 
 12.8300645812 12.7233111109 12.5079429193 
 13.6775378144 13.6114041950 13.4354528618 
 14.4078892286 14.3858629807 14.2550328290 
 15.0185911300 15.0417491310 14.9589469096 
 15.5143456410 15.5815729437 15.5470053596 
 15.9051367325 16.0135047813 16.0250155541 
 16.2041119790 16.3493141000 16.4028432134 
 16.4256239134 16.6023892297 16.6924527709 
 16.5836130926 16.7860516376 16.9061730052 
 16.6903884244 16.9122489945 17.0553065170 
 16.7557773974 16.9906205582 17.1491042938 
 16.7865796981 17.0278809806 17.1940701845 
 16.7862518200 17.0274564998 17.1935400711 
 16.7547654346 16.9893188638 17.1474864226 
 16.6886087145 16.9099869430 17.0525202395 
 16.5809308605 16.7826962782 16.9020906147 
 16.4218611007 16.5977670432 16.6869102920 
 16.1990597153 16.3432253423 16.3956567171 
 15.8985735252 16.0057438226 16.0160035962 
 15.5060619394 15.5719549143 15.5360173845 
 15.0084198456 15.0301419267 14.9458960253 
 14.3957399833 14.3722217303 14.2399293332 
 13.6634303514 13.5958029648 13.4184327235 
 12.8141545683 12.7059647140 12.4892839931 
 11.8591478295 11.7163095828 11.4686358686 
 10.8184521022 10.6488732349 10.3804485573 
 9.7197720884 9.5326668311 9.2547146931 
 8.5959754631 8.4009659731 8.1245877979 
 7.4816501172 7.2878274809 7.0229520061 
 6.4094254286 6.2245552507 5.9791408299 
 5.4068248163 5.2368343935 5.0164454420 
 4.4942161664 4.3430129345 4.1507839102 
 3.6840679135 3.5536514016 3.3905598653 
 2.9813647446 2.8721384803 2.7374619041 
 2.3848147329 2.2959906915 2.1878225112 
 1.8884262588 1.8184330692 1.7341655277 
 1.4831075729 1.4299468440 1.3666699120 
 1.1580721657 1.1195992722 1.0744003075 
 0.9019572238 0.8760851291 0.8462558717 
 0.7036471703 0.6884828300 0.6716492367 
 0.5528347257 0.5467602704 0.5409511663 
 0.4403615208 0.4420712701 0.4457392018 
 0.3583778005 0.3668806930 0.3788862659 
 0.3003589840 0.3149554282 0.3345255517 
 0.2610182130 0.2812600922 0.3079299920 
 0.2361545245 0.2617962417 0.2953438504 
 0.2224723274 0.2534191566 0.2937984881 
 0.2173996209 0.2536576757 0.3009355763 
 0.2189225649 0.2605529423 0.3148517491 
 0.2254452759 0.2725236760 0.3339710488 
 0.2356774123 0.2882597823 0.3569462545 
 0.2485482874 0.3066426586 0.3825870925 
 0.2631443482 0.3266888533 0.4098118024 
 0.2786661687 0.3475131321 0.4376179818 
 0.2944011065 0.3683070068 0.4650686250 
 0.3097080687 0.3883290741 0.4912895429 
 0.3240112574 0.4069039192 0.5154747545 
 0.3368001987 0.4234267787 0.5368969032 
 0.3476337785 0.4373715991 0.5549202315 
 0.3561463941 0.4483005436 0.5690141163 
 0.3620546916 0.4558733933 0.5787656146 
 0.3651636933 0.4598556532 0.5838898629 
 0.3653714326 0.4601245012 0.5842375280 
 0.3626715137 0.4566720207 0.5797988015 
 0.3571532993 0.4496054362 0.5707036882 
 0.3489997075 0.4391443349 0.5572185743 
 0.3384828833 0.4256151205 0.5397392929 
 0.3259582913 0.4094432252 0.5187811563 
 0.3118580761 0.3911438979 0.4949667208 
 0.2966848477 0.3713127200 0.4690123868 
 0.2810073827 0.3506173538 0.4417153350 
 0.2654600908 0.3297924247 0.4139427375 
 0.2507484822 0.3096398511 0.3866256517 
 0.2376632851 0.2910373812 0.3607604900 
 0.2271063055 0.2749585332 0.3374214230 
 0.2201315419 0.2625075583 0.3177874920 
 0.2180053946 0.2549733513 0.3031884980 
 0.2222898474 0.2539062811 0.2951737674 
 0.2349519067 0.2612213920 0.2956074217 
 0.2585008372 0.2793298723 0.3067923815 
 0.2961511398 0.3112974521 0.3316224512 
 0.3520031825 0.3610228606 0.3737568315 
 0.4312248858 0.4334214857 0.4378040299 
 0.5402080556 0.5345898231 0.5294929897 
 0.6866644261 0.6719175001 0.6558003164 
 0.8796220135 0.8541084410 0.8249965422 
 1.1292825269 1.0910722557 1.0465731469 
 1.4467020758 1.3936486481 1.3310139349 
 1.8432559910 1.7731271418 1.6893751044 
 2.3298457083 2.2405215115 2.1326361645 
 2.9158131052 2.8055623661 2.6707853596 
 3.6075639824 3.4753996517 3.3116236714 
 4.4069821324 4.2530752163 4.0593269909 
 5.3098362435 5.1359358642 4.9129023652 
 6.3045138643 6.1142865525 5.8647955904 
 7.3715004995 7.1706797761 6.9000111951 
 8.4839850908 8.2802314545 7.9961291261 
 9.6097692637 9.4121922896 9.1244882179 
 10.7143139489 10.5326947286 10.2525451026 
 11.7643914703 11.6082349280 11.3470776457 
 12.7315871077 12.6091896442 12.3776188532 
 13.5949249275 13.5126367437 13.3194130768 
 14.3421663610 14.3039636776 14.1553298269 
 14.9697163972 14.9771078499 14.8764835174 
 15.4814071583 15.5336189474 15.4816497926 
 15.8866057468 15.9809458534 15.9758127366 
 16.1981002864 16.3303963393 16.3682666242 
 16.4301110161 16.5951373255 16.6706517306 
 16.5966265151 16.7884674080 16.8951870695 
 16.7101345310 16.9224611887 17.0532345990 
 16.7807283980 17.0069889303 17.1542277260 
 16.8155259706 17.0490625107 17.2049354333 
 16.8183286905 17.0524426444 17.2090090940 
 16.7894615785 17.0174513037 17.1667620717 
 16.7257604230 16.9409566347 17.0751518961 
 16.6207032213 16.8165274888 16.9279623175 
 16.4647141196 16.6347850223 16.7162106862 
 16.2456949881 16.3840038772 16.4288278148 
 15.9498558730 16.0510277778 16.0536643281 
 15.5629112990 15.6225538531 15.5788590844 
 15.0716726662 15.0867949679 14.9945511742 
 14.4659870762 14.4354414205 14.2948223779 
 13.7408490806 13.6657164079 13.4796315844 
 12.8983648202 12.7821806871 12.5563799913 
 11.9491283522 11.7978459416 11.5406835143 
 10.9125505265 10.7341741349 10.4559902763 
 9.8158246765 9.6197215963 9.3318977422 
 8.6915241885 8.4875145269 8.2013558184 
 7.5742152630 7.3716112131 7.0972715688 
 6.4967747002 6.3035588050 6.0492139121 
 5.4871832706 5.3094693883 5.0808661888 
 4.5663829683 4.4082157748 4.2086180230 
 3.7474351331 3.6108936593 3.4413478996 
 3.0358576114 2.9213689620 2.7811646985 
 2.4307846686 2.3375376272 2.2247338216 
 1.9265275433 1.8528934687 1.7648148982 
 1.5141803165 1.4580823998 1.3917318778 
 1.1830439593 1.1422491096 1.0946182989 
 0.9217673855 0.8940985212 0.8623832957 
 0.7191925222 0.7026709017 0.6844069767 
 0.5649339629 0.5578642493 0.5509996043 
 0.4497351083 0.4507447193 0.4536627014 
 0.3656405644 0.3736832358 0.3851879409 
 0.3060225135 0.3203552951 0.3396298510 
 0.2654999877 0.2856425963 0.3121904010 
 0.2397907282 0.2654753693 0.2990531285 
 0.2255317740 0.2566499382 0.2971993552 
 0.2200969644 0.2566477198 0.3042304406 
 0.2214297454 0.2634722310 0.3182107243 
 0.2279007847 0.2755122937 0.3375380195 
 0.2381933798 0.2914336239 0.3608430817 
 0.2512156376 0.3100973739 0.3869162346 
 0.2660363588 0.3305023735 0.4146577059 
 0.2818408027 0.3517471386 0.4430476066 
 0.2979024499 0.3730076796 0.4711314402 
 0.3135671694 0.3935274088 0.4980172809 
 0.3282466078 0.4126158511 0.5228811532 
 0.3414180562 0.4296532993 0.5449776098 
 0.3526284717 0.4440990010 0.5636529858 
 0.3615007242 0.4555008864 0.5783592876 
 0.3677405019 0.4635052482 0.5886671253 
 0.3711426521 0.4678651514 0.5942765067 
 0.3715960467 0.4684466875 0.5950246656 
 0.3690863675 0.4652324921 0.5908903997 
 0.3636964907 0.4583222242 0.5819946554 
 0.3556044310 0.4479299710 0.5685973261 
 0.3450790874 0.4343788036 0.5510904633 
 0.3324743147 0.4180929858 0.5299883479 
 0.3182221438 0.3995886303 0.5059151572 
 0.3028262843 0.3794639277 0.4795913034 
 0.2868573797 0.3583904287 0.4518199108 
 0.2709518399 0.3371072557 0.4234753426 
 0.2558164667 0.3164205379 0.3954961601 
 0.2422414988 0.2972108040 0.3688853846 
 0.2311251469 0.2804515172 0.3447214072 
 0.2235131106 0.2672423523 0.3241833141 
 0.2206569092 0.2588611393 0.3085946991 
 0.2240949238 0.2568384656 0.2994900925 
 0.2357595190 0.2630584662 0.2987077073 
 0.2581119799 0.2798878748 0.3085108980 
 0.2943035801 0.3103323332 0.3317379782 
 0.3483552714 0.3582136323 0.3719752412 
 0.4253401614 0.4283537553 0.4337408387 
 0.5315431694 0.5267421151 0.5226581264 
 0.6745635092 0.6606534060 0.6455880316 
 0.8633207970 0.8386779056 0.8106837244 
 1.1079254244 1.0706252326 1.0273292740 
 1.4193754116 1.3672642876 1.3059257603 
 1.8090408542 1.7398619261 1.6574893304 
 2.2878940530 2.1994800325 2.0930236907 
 2.8654493651 2.7559935767 2.6226302706 
 3.5484100367 3.4168178134 3.2543374081 
 4.3390951408 4.1853973547 3.9926819009 
 5.2338376915 5.0596168767 4.8371691000 
 6.2216777117 6.0304221292 5.7808578429 
 7.2837643989 7.0810413171 6.8094236395 
 8.3938571006 8.1872022126 7.9010859769 
 9.5201252564 9.3185931969 9.0276846498 
 10.6281125071 10.4415182615 10.1569404522 
 11.6843610040 11.5223350427 11.2555992014 
 12.6599509309 12.5309917903 12.2928653253 
 13.5332183329 13.4439261895 13.2434177611 
 14.2911710366 14.2457856691 14.0894245464 
 14.9295051805 14.9297811730 14.8212747495 
 15.4514687349 15.4968383968 15.4370907010 
 15.8660101466 15.9539364855 15.9413382870 
 16.1856700491 16.3120831681 16.3429557259 
 16.4245738528 16.5843033465 16.6533868781 
 16.5967373695 16.7838846231 16.8847927289 
 16.7147645276 16.9229894895 17.0485859904 
 16.7889240574 17.0116444840 17.1543292674 
 16.8265446044 17.0570606530 17.2089724001 
 16.8316560463 17.0632210274 17.2163775405 
 16.8048165597 17.0306781484 17.1770816633 
 16.7430897982 16.9565271892 17.0882648391 
 16.6401671352 16.8345497519 16.9439196871 
 16.4866612458 16.6555538580 16.7352456276 
 16.2706246198 16.4079611686 16.4513137628 
 15.9783635327 16.0787057093 16.0800560477 
 15.5956151135 15.6544993119 15.6096155337 
 15.1091204207 15.1234759998 15.0300424097 
 14.5085489286 14.4771419028 14.3352280124 
 13.7886080018 13.7124320137 13.5248447973 
 12.9510242132 12.8335358407 12.6059366016 
 12.0059607035 11.8530544989 11.5937369490 
 10.9724085148 10.7920624718 10.5113475044 
 9.8772246346 9.6788202221 9.3881179515 
 8.7527931004 8.5462060221 8.2568963900 
 7.6336732605 7.4283051704 7.1506515961 
 6.5529139207 6.3568563220 6.0991607034 
 5.5388063559 5.3582844248 5.1264170870 
 4.6126789920 4.4518357537 4.2491648798 
 3.7879901499 3.6489797810 3.4766277141 
 3.0706130496 2.9539105112 2.8112111720 
 2.4599646137 2.3647804061 2.2498084615 
 1.9505555519 1.8752610510 1.7853340233 
 1.5336008704 1.4761033106 1.4082004563 
 1.1984567495 1.1564966528 1.1075758861 
 0.9337769521 0.9051450282 0.8723631919 
 0.7283724325 0.7110554138 0.6919075611 
 0.5718034697 0.5640717217 0.5564661584 
 0.4547461646 0.4551948383 0.4574780628 
 0.3691732756 0.3767270793 0.3876703705 
 0.3083871157 0.3222780069 0.3410363703 
 0.2669433381 0.2866701316 0.3127237363 
 0.2405053228 0.2657834263 0.2988704935 
 0.2256656058 0.2563735110 0.2964216355 
 0.2197630134 0.2558901736 0.3029507981 
 0.2207143887 0.2623132725 0.3165020731 
 0.2268708238 0.2740145774 0.3354591574 
 0.2369016501 0.2896479783 0.3584434738 
 0.2497053144 0.3080667643 0.3842395665 
 0.2643441427 0.3282647759 0.4117443764 
 0.2799991787 0.3493375148 0.4399363457 
 0.2959412072 0.3704592358 0.4678602345 
 0.3115143466 0.3908723010 0.4946237730 
 0.3261290054 0.4098854810 0.5194026641 
 0.3392614357 0.4268783208 0.5414509085 
 0.3504575386 0.4413091375 0.5601139100 
 0.3593389741 0.4527246379 0.5748422941 
 0.3656099929 0.4607695492 0.5852048291 
 0.3690637486 0.4651950236 0.5908992477 
 0.3695871713 0.4658649179 0.5917601256 
 0.3671637844 0.4627593569 0.5877632832 
 0.3618741362 0.4559752698 0.5790264383 
 0.3538938027 0.4457238609 0.5658060745 
 0.3434891973 0.4323252356 0.5484907257 
 0.3310117117 0.4162006856 0.5275911255 
 0.3168910069 0.3978634268 0.5037279605 
 0.3016285907 0.3779089165 0.4776183071 
 0.2857931480 0.3570062326 0.4500622222 
 0.2700194520 0.3358923886 0.4219313976 
 0.2550130684 0.3153718805 0.3941622627 
 0.2415634828 0.2963241995 0.3677564033 
 0.2305687182 0.2797224934 0.3437916429 
 0.2230749401 0.2666669806 0.3234475527 
 0.2203348774 0.2584370406 0.3080494654 
 0.2238889590 0.2565659766 0.2991351242 
 0.2356725289 0.2629419761 0.2985476686 
 0.2581508630 0.2799373335 0.3085573464 
 0.2944802786 0.3105649076 0.3320115757 
 0.3486877880 0.3586554413 0.3725081562 
 0.4258534060 0.4290415479 0.4345792101 
 0.5322694427 0.5277246734 0.5238643635 
 0.6755423835 0.6619923801 0.6472426233 
 0.8645981276 0.8404477336 0.8128861501 
 1.1095512267 1.0729117736 1.0301975548 
 1.4214003357 1.3701617611 1.3095941367 
 1.8115109803 1.7434676913 1.6621034533 
 2.2908437559 2.2038866789 2.0987325803 
 2.8688921524 2.7612778554 2.6295742479 
 3.5523276715 3.4230262959 3.2626314584 
 4.3434260689 4.1925295099 4.0023947074 
 5.2384667259 5.0676075032 4.8482993972 
 6.2264297804 6.0391265182 5.7933115928 
 7.2884054742 7.0902275730 6.8229972754 
 8.3981046911 8.1965550765 7.9154616632 
 9.5236688786 9.3277319365 9.0424422893 
 10.6306417859 10.4500278239 10.1715877411 
 11.6855965229 11.5298057793 11.2696162212 
 12.6596718251 12.5370602757 12.3057558064 
 13.5312814807 13.4483092807 13.2547571618 
 14.2875191638 14.2483021197 14.0988963337 
 14.9241641264 14.9303587726 14.8286900281 
 15.4445364056 15.4955081593 15.4423908697 
 15.8576406957 15.9508176815 15.9445839737 
 16.1760566526 16.3073636404 16.3443069925 
 16.4139325538 16.5782189291 16.6530796680 
 16.5852933679 16.7767002451 16.8831153996 
 16.7027413517 16.9149832528 17.0458582560 
 16.7765354109 17.0030949767 17.1508844976 
 16.8139883458 17.0482371007 17.2051432083 
 16.8191096552 17.0543755598 17.2124839957 
 16.7924335005 17.0220393796 17.1734212046 
 16.7309963458 16.9482944057 17.0851029743 
 16.6284594521 16.8268872179 16.9414807613 
 16.4754027678 16.6485850599 16.7337033078 
 16.2598441189 16.4017632220 16.4507814093 
 15.9680545374 16.0733046201 16.0805777890 
 15.5857376226 15.6498672599 15.6111595788 
 15.0996059253 15.1195321689 15.0324987447 
 14.4993095058 14.4737584208 14.3384128642 
 13.7795495297 13.7094460471 13.5285137740 
 12.9420625659 12.8307676855 12.6098069837 
 11.9970383791 11.8503297480 11.5975173045 
 10.9635080731 10.7892345488 10.5147702435 
 9.8683752666 9.6757885773 9.3909686803 
 8.7440680189 8.5429258187 8.2590339941 
 7.6251781276 7.4247864269 7.1520152020 
 6.5447692062 6.3531534610 6.0997632537 
 5.5311281492 5.3544797146 5.1263287319 
 4.6055626973 4.4480211926 4.2484913529 
 3.7814999278 3.6452413771 3.4754888508 
 3.0647777377 2.9503172532 2.8097232307 
 2.4547791022 2.3613784102 2.2480718845 
 1.9459857089 1.8720720751 1.7834265706 
 1.5295900750 1.4731262572 1.4061746477 
 1.1949325682 1.1537107103 1.1054593814 
 0.9306571142 0.9025134282 0.8701608829 
 0.7255697560 0.7085291679 0.6896044835 
 0.5692296769 0.5615929965 0.5540306561 
 0.4523146476 0.4526998173 0.4548648878 
 0.3668009199 0.3741482734 0.3848235713 
 0.3059953436 0.3195460681 0.3378919361 
 0.2644585846 0.2837152946 0.3092120465 
 0.2378591925 0.2625367412 0.2949186635 
 0.2227949391 0.2527680242 0.2919558522 
 0.2166100337 0.2518621741 0.2978987110 
 0.2172270302 0.2578036619 0.3107952576 
 0.2230032624 0.2689703627 0.3290356163 
 0.2326150110 0.2840238391 0.3512501036 
 0.2449684915 0.3018266158 0.3762344870 
 0.2591346476 0.3213832344 0.4028990150 
 0.2743039364 0.3418011734 0.4302371750 
 0.2897572206 0.3622676686 0.4573100801 
 0.3048491674 0.3820387353 0.4832426371 
 0.3190009642 0.4004370949 0.5072280369 
 0.3316996019 0.4168561502 0.5285375685 
 0.3425013979 0.4307675911 0.5465332337 
 0.3510378223 0.4417306381 0.5606811134 
 0.3570220589 0.4494013240 0.5705638800 
 0.3602550674 0.4535405861 0.5758912585 
 0.3606302362 0.4540202747 0.5765075953 
 0.3581360184 0.4508264939 0.5723960008 
 0.3528562334 0.4440599740 0.5636788000 
 0.3449680034 0.4339334500 0.5506142703 
 0.3347375797 0.4207662867 0.5335898830 
 0.3225146003 0.4049768730 0.5131125266 
 0.3087256208 0.3870736084 0.4897964820 
 0.2938680772 0.3676456316 0.4643502622 
 0.2785061672 0.3473548009 0.4375638224 
 0.2632705022 0.3269308252 0.4102980797 
 0.2488637627 0.3071718621 0.3834791528 
 0.2360750093 0.2889533401 0.3581002098 
 0.2258057404 0.2732482038 0.3352342821 
 0.2191112139 0.2611622039 0.3160618240 
 0.2172608716 0.2539881627 0.3019170862 
 0.2218217437 0.2532831880 0.2943574149 
 0.2347681056 0.2609722833 0.2952590995 
 0.2586188916 0.2794802212 0.3069419847 
 0.2966007503 0.3118902787 0.3323221309 
 0.3528285500 0.3621228507 0.3750867576 
 0.4324866018 0.4351189162 0.4398782494 
 0.5419840520 0.5370037488 0.5324648098 
 0.6890493958 0.6751974789 0.6598663994 
 0.8827246667 0.8584339574 0.8303987142 
 1.1332200511 1.0966489440 1.0535968035 
 1.4515911684 1.4007003400 1.3399817945 
 1.8491998270 1.7818826202 1.7006348211 
 2.3369162924 2.2511947242 2.1465400000 
 2.9240288948 2.8183250582 2.6876600575 
 3.6168637160 3.4903463315 3.3317293916 
 4.4171975656 4.2701824142 4.0828061968 
 5.3206687176 5.1550207069 4.9397230748 
 6.3155215649 6.1349730684 5.8946979001 
 7.3821037313 7.1923836343 6.9324699819 
 8.4934947731 8.3021732189 8.0303471076 
 9.6174388404 9.4334445143 9.1594300233 
 10.7194082237 10.5522598643 10.2870142498 
 11.7662601186 11.6251417974 11.3798266486 
 12.7297284906 12.6225901282 12.4074726437 
 13.5890284803 13.5218841656 13.3453819886 
 14.3321280346 14.3086601819 14.1766922218 
 14.9556286174 14.9771170232 14.8928276484 
 15.4635298956 15.5290482237 15.4928753428 
 15.8653273256 15.9721082495 15.9821006412 
 16.1738958381 16.3177621753 16.3700294324 
 16.4035041888 16.5792848208 16.6684762993 
 16.5681574154 16.7700379738 16.8897784472 
 16.6803346791 16.9021221640 17.0453662779 
 16.7501020408 16.9854041388 17.1447001903 
 16.7845363734 17.0268695407 17.1945426163 
 16.7873878506 17.0302350569 17.1985110231 
 16.7589219859 16.9957638584 17.1568614546 
 16.6959078981 16.9202518927 17.0664724739 
 16.5917504136 16.7971827008 16.9210273371 
 16.4367949127 16.6170789799 16.7114207465 
 16.2188607977 16.3681043716 16.4264386018 
 15.9240755516 16.0369814188 16.0537663068 
 15.5380769160 15.6102810956 15.5813628904 
 15.0476135111 15.0760939552 14.9991838330 
 14.4424934831 14.4260041931 14.3011399104 
 13.7177057732 13.6571596205 13.4870522469 
 12.8753905070 12.7740899451 12.5642388143 
 11.9262149372 11.7898286347 11.5483032477 
 10.8896929708 10.7259115473 10.4627578860 
 9.7931328650 9.6110091114 9.3373317710 
 8.6692119700 8.4782805130 8.2051505787 
 7.5525682258 7.3619106745 7.0993098023 
 6.4761046375 6.2935450514 6.0495482093 
 5.4677807792 5.2993527093 5.0796774696 
 4.5484788055 4.3982201213 4.2061635996 
 3.7311767116 3.6012204186 3.4379111737 
 3.0213016877 2.9121727065 2.7770147088 
 2.4179031353 2.3289143997 2.2200980147 
 1.9152213439 1.8448792465 1.7598645606 
 1.5042966627 1.4506582453 1.3865774814 
 1.1743933575 1.1353497524 1.0893114402 
 0.9141385532 0.8876220035 0.8569223575 
 0.7123644777 0.6964878654 0.6787444591 
 0.5586852396 0.5518261401 0.5450498533 
 0.4438502989 0.4446906048 0.4473093360 
 0.3599145074 0.3674452005 0.3782906709 
 0.3002625455 0.3137625802 0.3320306476 
 0.2595268183 0.2785248230 0.3037191709 
 0.2334385581 0.2576652614 0.2895331339 
 0.2186482234 0.2479859415 0.2864526220 
 0.2125432317 0.2469768038 0.2920833158 
 0.2130812272 0.2526530122 0.3044996248 
 0.2186482123 0.2634184740 0.3221152890 
 0.2279443979 0.2779576245 0.3435827729 
 0.2398966651 0.2951539712 0.3677195746 
 0.2535945348 0.3140321114 0.3934579819 
 0.2682458134 0.3337192950 0.4198142280 
 0.2831480527 0.3534225929 0.4458729823 
 0.2976722619 0.3724180169 0.4707833760 
 0.3112557319 0.3900483460 0.4937631685 
 0.3234012665 0.4057268543 0.5141081094 
 0.3336805361 0.4189445712 0.5312040301 
 0.3417396577 0.4292791208 0.5445396559 
 0.3473054595 0.4364035763 0.5537185677 
 0.3501912313 0.4400941293 0.5584691402 
 0.3503010698 0.4402357011 0.5586516322 
 0.3476322387 0.4368249362 0.5542619116 
 0.3422752486 0.4299702988 0.5454315660 
 0.3344116541 0.4198892688 0.5324243995 
 0.3243098494 0.4069029094 0.5156295600 
 0.3123194348 0.3914283588 0.4955518108 
 0.2988650289 0.3739701038 0.4727997580 
 0.2844407138 0.3551112213 0.4480731888 
 0.2696066352 0.3355061326 0.4221510728 
 0.2549896369 0.3158768032 0.3958822044 
 0.2412901957 0.2970147342 0.3701809313 
 0.2292983403 0.2797915325 0.3460308857 
 0.2199216774 0.2651812857 0.3245000986 
 0.2142290712 0.2542983846 0.3067712838 
 0.2135138274 0.2484547304 0.2941913626 
 0.2193802200 0.2492402653 0.2883442930 
 0.2338564977 0.2586301497 0.2911507166 
 0.2595355576 0.2791201686 0.3049963767 
 0.2997405898 0.3138884300 0.3328881093 
 0.3587066025 0.3669755217 0.3786308524 
 0.4417599417 0.4434669687 0.4470113705 
 0.5554680892 0.5496521809 0.5439650646 
 0.7077238775 0.6931255703 0.6766934879 
 0.9077244484 0.8827909426 0.8536948419 
 1.1658058830 1.1287302955 1.0846690997 
 1.4930957457 1.4418997807 1.3802613218 
 1.9009439189 1.8336145244 1.7516068811 
 2.4000897753 2.3147812335 2.2096398864 
 2.9995340427 2.8948439485 2.7641293192 
 3.7051254531 3.5804418494 3.4224324739 
 4.5179584749 4.3738533568 4.1880178318 
 5.4328034480 5.2714167578 5.0589126193 
 6.4369200527 6.2622468526 6.0263540780 
 7.5096764628 7.3276536469 7.0740205977 
 8.6233378178 8.4416426510 8.1782240354 
 9.7451598851 9.5726890818 9.3093042595 
 10.8405671010 10.6866508153 10.4341824078 
 11.8768377919 11.7503260392 11.5196836604 
 12.8265262350 12.7349282959 12.5359759198 
 13.6699206584 13.6187601462 13.4594141424 
 14.3961368629 14.3886158827 14.2742617132 
 15.0028370813 15.0398151494 14.9730938841 
 15.4948815237 15.5751038913 15.5560269808 
 15.8823719065 16.0028471640 16.0291397233 
 16.1785322462 16.3349600366 16.4025172641 
 16.3977543495 16.5849276326 16.6882857987 
 16.5539875010 16.7661248915 16.8988806856 
 16.6595258398 16.8905173846 17.0456629793 
 16.7241647765 16.9677344905 17.1379025029 
 16.7546593403 17.0044597186 17.1820901461 
 16.7544119780 17.0040715768 17.1815230015 
 16.7233328147 16.9664802991 17.1361126206 
 16.6578420139 16.8881307230 17.0423885548 
 16.5510150622 16.7621721447 16.8936979839 
 16.3929029214 16.5788264181 16.6806307490 
 16.1710853265 16.3260101831 16.3917205431 
 15.8715303572 15.9902782704 16.0144788051 
 15.4798268315 15.5581426103 15.5367973305 
 14.9828157318 15.0177724797 14.9486981672 
 14.3705623268 14.3609895502 14.2443104124 
 13.6384824230 13.5853400363 13.4238240746 
 12.7892875500 12.6958856993 12.4950469545 
 11.8342984509 11.7062634545 11.4741317360 
 10.7936685887 10.6385919010 10.3851118858 
 9.6952201947 9.5219998841 9.2581155235 
 8.5719208773 8.3898931543 8.1264697071 
 7.4584203012 7.2764463737 7.0232389715 
 6.3873601780 6.2130487841 5.9779144915 
 5.3862276385 5.2254278793 5.0139018036 
 4.4753169201 4.3319315792 4.1471820007 
 3.6670022751 3.5430866842 3.3861737866 
 2.9661705398 2.8622273242 2.7325435967 
 2.3714411926 2.2868071493 2.1825777980 
 1.8767507189 1.8099896264 1.7287423387 
 1.4729546448 1.4222016441 1.3611557158 
 1.1492319667 1.1124660396 1.0688254366 
 0.8942009244 0.8694435696 0.8405999944 
 0.6967393201 0.6821882530 0.6658490787 
 0.5465424391 0.5406518403 0.5349083369 
 0.4344608143 0.4359786765 0.4393275200 
 0.3526574560 0.3606292702 0.3719583446 
 0.2946224193 0.3083699504 0.3269186582 
 0.2550839649 0.2741676285 0.2994713787 
 0.2298560010 0.2540285228 0.2858558312 
 0.2156574145 0.2448148691 0.2831035213 
 0.2099305667 0.2440649755 0.2888615221 
 0.2106763649 0.2498323218 0.3012373422 
 0.2163146085 0.2605511739 0.3186714998 
 0.2255720376 0.2749304092 0.3398387948 
 0.2373967485 0.2918738428 0.3635762185 
 0.2508957721 0.3104236791 0.3888339580 
 0.2652919652 0.3297231505 0.4146454382 
 0.2798963811 0.3489944266 0.4401123662 
 0.2940926011 0.3675281877 0.4644010257 
 0.3073299354 0.3846816681 0.4867464831 
 0.3191228394 0.3998824177 0.5064618178 
 0.3290543046 0.4126354575 0.5229499597 
 0.3367813640 0.4225319215 0.5357161730 
 0.3420412094 0.4292576541 0.5443796512 
 0.3446567465 0.4326005937 0.5486830800 
 0.3445407262 0.4324560978 0.5484993657 
 0.3416978942 0.4288296684 0.5438350337 
 0.3362248896 0.4218368225 0.5348300610 
 0.3283079097 0.4117001246 0.5217541649 
 0.3182184471 0.3987436743 0.5049998107 
 0.3063076949 0.3833856249 0.4850724763 
 0.2930005169 0.3661296158 0.4625790119 
 0.2787901933 0.3475563279 0.4382152796 
 0.2642354870 0.3283167317 0.4127546512 
 0.2499619309 0.3091289835 0.3870393731 
 0.2366696242 0.2907813380 0.3619772630 
 0.2251502448 0.2741438842 0.3385466785 
 0.2163164233 0.2601923493 0.3178131492 
 0.2112470439 0.2500476295 0.3009614694 
 0.2112523313 0.2450349841 0.2893473144 
 0.2179625302 0.2467668062 0.2845724147 
 0.2334432143 0.2572521988 0.2885867113 
 0.2603381855 0.2790347341 0.3038192601 
 0.3020368540 0.3153560808 0.3333363448 
 0.3628563849 0.3703370787 0.3810197018 
 0.4482199410 0.4491593420 0.4517498309 
 0.5648025337 0.5582207917 0.5515699736 
 0.7206081073 0.7052302303 0.6877977595 
 0.9249380804 0.8992018831 0.8690465490 
 1.1882123938 1.1503111522 1.1051182030 
 1.5216052784 1.4695743507 1.4067309332 
 1.9364557968 1.8683138025 1.7850457061 
 2.4434112733 2.3573670918 2.2509522195 
 3.0512738749 2.9460071907 2.8140798024 
 3.7655656865 3.6405768100 3.4815263337 
 4.5869176594 4.4429195151 4.2563645267 
 5.5095150928 5.3488089372 5.1360912228 
 6.5199600417 6.3467059296 6.1113094673 
 7.5969745302 7.4172535699 7.1650254807 
 8.7122964706 8.5338812239 8.2729372162 
 9.8328786890 9.6646875179 9.4049371898 
 10.9241383590 10.7754359301 10.5277572495 
 11.9536546709 11.8331413215 11.6083370895 
 12.8945385579 12.8095089963 12.6172467243 
 13.7277900884 13.6835186608 13.5314572808 
 14.4432739977 14.4427116333 14.3359546434 
 15.0393341241 15.0831149310 15.0240317246 
 15.5213743236 15.6080619134 15.5964287767 
 15.8998705034 16.0263430550 16.0597011862 
 16.1882527969 16.3501295592 16.4242454593 
 16.4009736090 16.5930103619 16.7023428746 
 16.5519293089 16.7683413263 16.9064525148 
 16.6532803136 16.8879784872 17.0478586232 
 16.7146358947 16.9613807407 17.1356836137 
 16.7425347323 16.9950241628 17.1762259320 
 16.7401490014 16.9920611175 17.1725654878 
 16.7071564609 16.9521706620 17.1243877177 
 16.6397521721 16.8715724160 17.0280000966 
 16.5308027701 16.7432067885 16.8765438586 
 16.3701771462 16.5571147224 16.6604320421 
 16.1453132524 16.3010742061 16.3680658508 
 15.8420946836 15.9615609845 15.9868860354 
 15.4461026405 15.5250866099 15.5047938461 
 14.9442664344 14.9799163653 14.9119165527 
 14.3268487300 14.3180749108 14.2025915113 
 13.5895716049 13.5374148097 13.3773122564 
 12.7355409814 12.6433832136 12.4442572388 
 11.7765151342 11.6500341358 11.4199677724 
 10.7330627427 10.5798699099 10.3288206689 
 9.6333259947 9.4623008030 9.2011791327 
 8.5104362853 8.3308578163 8.0704520709 
 7.3990207477 7.2196625206 6.9696194027 
 6.3315222053 6.1598887675 5.9279431075 
 5.3350980203 5.1769339489 4.9685034323 
 4.4296467539 4.2887639869 4.1069191591 
 3.6271459353 3.5055316184 3.3512631027 
 2.9321342559 2.8302486904 2.7029095086 
 2.3429595170 2.2601214893 2.1579244258 
 1.8533706437 1.7881458177 1.7086274524 
 1.4541131942 1.4046530586 1.3450565007 
 1.1343200429 1.0986292399 1.0561914382 
 0.8826115770 0.8587423492 0.8308925914 
 0.6879016154 0.6740843052 0.6585687749 
 0.5399430958 0.5346640717 0.5296116573 
 0.4296557319 0.4316930958 0.4356352158 
 0.3492750649 0.3577012537 0.3695565718 
 0.2923607948 0.3065207551 0.3255549228 
 0.2537037469 0.2731771216 0.2989471335 
 0.2291710814 0.2537259901 0.2860174715 
 0.2155250205 0.2450694112 0.2838331603 
 0.2102418676 0.2447765174 0.2900684637 
 0.2113482408 0.2509237985 0.3028507397 
 0.2172828270 0.2619620995 0.3206343744 
 0.2267858408 0.2766118165 0.3421033874 
 0.2388147147 0.2937844591 0.3661005431 
 0.2524827645 0.3125271568 0.3915793816 
 0.2670169717 0.3319861620 0.4175751014 
 0.2817310612 0.3513854462 0.4431902665 
 0.2960103807 0.3700168005 0.4675916039 
 0.3093055129 0.3872382709 0.4900145715 
 0.3211319893 0.4024781944 0.5097728314 
 0.3310738850 0.4152425378 0.5262702350 
 0.3387894535 0.4251236454 0.5390133781 
 0.3440173144 0.4318088859 0.5476232133 
 0.3465820325 0.4350880430 0.5518445909 
 0.3463982423 0.4348586169 0.5515529446 
 0.3434727656 0.4311285071 0.5467576298 
 0.3379044628 0.4240158274 0.5376016932 
 0.3298818413 0.4137458740 0.5243580903 
 0.3196787292 0.4006455429 0.5074226203 
 0.3076486136 0.3851357732 0.4873041104 
 0.2942185414 0.3677228973 0.4646126861 
 0.2798837947 0.3489901093 0.4400473103 
 0.2652048848 0.3295906184 0.4143841674 
 0.2508087660 0.3102444432 0.3884678997 
 0.2373965577 0.2917412165 0.3632081628 
 0.2257604802 0.2749518043 0.3395844388 
 0.2168131503 0.2608519872 0.3186624989 
 0.2116328009 0.2505618561 0.3016263129 
 0.2115282815 0.2454048622 0.2898294635 
 0.2181276520 0.2469904301 0.2848700995 
 0.2334934111 0.2573233702 0.2886928520 
 0.2602653365 0.2789414811 0.3037194928 
 0.3018278597 0.3150790586 0.3330068247 
 0.3624923041 0.3698479448 0.3804247628 
 0.4476753738 0.4484192695 0.4508396635 
 0.5640454602 0.5571793663 0.5502785838 
 0.7196004297 0.7038250423 0.6860415675 
 0.9236371264 0.8973591662 0.8667240504 
 1.1865736302 1.1479478353 1.1021111605 
 1.5195864766 1.4666019220 1.4029076208 
 1.9340228816 1.8646444364 1.7802668307 
 2.4405460138 2.3529225145 2.2450802549 
 3.0479833374 2.9407306067 2.8069924289 
 3.7618928684 3.6344477181 3.4731342659 
 4.5829519505 4.4359703025 4.2466330253 
 5.5054003319 5.3411408372 5.1250630237 
 6.5158973012 6.3385006305 6.0991250224 
 7.5932168587 7.4087761037 7.1519349854 
 8.7091340420 8.5254704573 8.2592988429 
 9.8306151067 9.6567329576 9.3911979856 
 10.9230615637 10.7683431774 10.5144171897 
 11.9540078782 11.8272920568 11.5959015795 
 12.8964969285 12.8052232565 12.6061764211 
 13.7314472171 13.6810264871 13.5221248522 
 14.4486395414 14.4421382766 14.3286157170 
 15.0463411620 15.0844800555 15.0188130095 
 15.5298933130 15.6112901446 15.5933320334 
 15.9097262530 16.0312816384 16.0586188377 
 16.1992414507 16.3565688484 16.4249826625 
 16.4128776844 16.6007038190 16.7046414409 
 16.5645298962 16.7770230353 16.9100134475 
 16.6663663581 16.8973773859 17.0523615566 
 16.7280109724 16.9712316461 17.1408026828 
 16.7560219417 17.0050761628 17.1816424376 
 16.7535946002 17.0020841008 17.1779781602 
 16.7204327621 16.9619607467 17.1295215163 
 16.6527600180 16.8809568829 17.0326143963 
 16.5434736582 16.7520488755 16.8804406163 
 16.3824748006 16.5653183051 16.6634641475 
 16.1572341367 16.3085879944 16.3701453393 
 15.8536666818 15.9683814313 15.9879912201 
 15.4573809729 15.5312583390 15.5049737890 
 14.9553259554 14.9855287167 14.9112908243 
 14.3377722248 14.3232533787 14.2013431551 
 13.6004346448 13.5423068928 13.3756725806 
 12.7463952225 12.6481395609 12.4424826553 
 11.7873732649 11.6547875805 11.4183111743 
 10.7438889578 10.5847164209 10.3275020701 
 9.6440352573 9.4672867415 9.2003614472 
 8.5209035664 8.3359766672 8.0702271675 
 7.4090985291 7.2248617036 6.9700069351 
 6.3410620248 6.1650842510 5.9289010944 
 5.3439708786 5.1820284450 4.9699466434 
 4.4377581394 4.2936642382 4.1087401425 
 3.6344434138 3.5101615175 3.3533513172 
 2.9386079098 2.8345568888 2.7051657868 
 2.3486371077 2.2640838525 2.1602699422 
 1.8583099029 1.7917640724 1.7110077972 
 1.4583933376 1.4079512160 1.3474421521 
 1.1380338893 1.1016491132 1.0585759974 
 0.8858589422 0.8615390408 0.8332898785 
 0.6907841490 0.6767221350 0.6610095274 
 0.5425604944 0.5372131540 0.5321402673 
 0.4321031804 0.4342266255 0.4383067313 
 0.3516417351 0.3602934705 0.3724340413 
 0.2947291846 0.3092454751 0.3287070619 
 0.2561495954 0.2761066633 0.3024462180 
 0.2317635780 0.2569302975 0.2899373353 
 0.2183270602 0.2486151981 0.2882471848 
 0.2133101783 0.2487263094 0.2950474869 
 0.2147332900 0.2553348186 0.3084608692 
 0.2210284926 0.2668850046 0.3269347409 
 0.2309288824 0.2820893381 0.3491439160 
 0.2433841148 0.2998500304 0.3739198450 
 0.2574990237 0.3192036211 0.4002028727 
 0.2724914415 0.3392846531 0.4270134472 
 0.2876653904 0.3593045194 0.4534382324 
 0.3023961355 0.3785418742 0.4786273633 
 0.3161240166 0.3963414169 0.5017994966 
 0.3283544096 0.4121182952 0.5222517677 
 0.3386615814 0.4253658101 0.5393722382 
 0.3466945865 0.4356645155 0.5526528806 
 0.3521837055 0.4426911919 0.5617015774 
 