15.1853715825 14.1949449862 13.0248482961 
 15.2859810636 14.3005459800 13.1321756259 
 15.2863238523 14.3010296578 13.1327791625 
 15.1864525081 14.1964385677 13.0266905262 
 14.9856960922 13.9868498851 12.8147056408 
 14.6829689709 13.6726497852 12.4986041020 
 14.2773697281 13.2550547133 12.0815556306 
 13.7690181187 12.7368128527 11.5686410786 
 13.1600393379 12.1229812554 10.9673827552 
 12.4555593653 11.4216385942 10.2881560516 
 11.6645336233 10.6443716216 9.5443510270 
 10.8002121118 9.8063799601 8.7521779766 
 9.8800681065 8.9260907219 7.9300684142 
 8.9250968174 8.0242622946 7.0977046872 
 7.9585176457 7.1226686182 6.2747976909 
 7.0040566477 6.2425589578 5.4797961767 
 6.0840962302 5.4031473145 4.7287304729 
 5.2180140983 4.6203774122 4.0343607525 
 4.4209783635 3.9061365659 3.4057272423 
 3.7033427353 3.2679822790 2.8481125674 
 3.0706422039 2.7093375133 2.3633520829 
 2.5240737423 2.2300355912 1.9503844560 
 2.0612864994 1.8270667447 1.6059256012 
 1.6773032793 1.4953898166 1.3251660784 
 1.3654318684 1.2287077368 1.1024213654 
 1.1180764194 1.0201455915 0.9316930669 
 0.9274053874 0.8628021800 0.8071195631 
 0.7858631485 0.7501652041 0.7233060726 
 0.6865275771 0.6763895828 0.6755307492 
 0.6233222990 0.6364442283 0.6598302551 
 0.5910974985 0.6261397140 0.6729772548 
 0.5856001455 0.6420578651 0.7123717104 
 0.6033615840 0.6814114581 0.7758744973 
 0.6415342035 0.7418650714 0.8616137083 
 0.6977077696 0.8213461212 0.9677913423 
 0.7697308021 0.9178696446 1.0925125247 
 0.8555552858 1.0293935189 1.2336528172 
 0.9531158707 1.1537140556 1.3887727505 
 1.0602486121 1.2884060673 1.5550829673 
 1.1746495085 1.4308067198 1.7294583436 
 1.2938695192 1.5780386825 1.9084951211 
 1.4153402049 1.7270651855 2.0886015158 
 1.5364224876 1.8747676049 2.2661097351 
 1.6544702396 2.0180352532 2.4373961929 
 1.7669004736 2.1538572448 2.5989971938 
 1.8712627649 2.2794076293 2.7477094512 
 1.9653020763 2.3921172446 2.8806681807 
 2.0470111339 2.4897285741 2.9953995673 
 2.1146706221 2.5703328317 3.0898484566 
 2.1668774013 2.6323910848 3.1623855000 
 2.2025624392 2.6747430850 3.2118002347 
 2.2210009924 2.6966083925 3.2372874677 
 2.2218177335 2.6975843105 3.2384338796 
 2.2049890306 2.6776441956 3.2152101649 
 2.1708436112 2.6371381116 3.1679716039 
 2.1200616080 2.5767958413 3.0974671139 
 2.0536707350 2.4977303121 3.0048539561 
 1.9730373502 2.4014378580 2.8917128158 
 1.8798496454 2.2897907458 2.7600563045 
 1.7760903300 2.1650172762 2.6123234044 
 1.6639969991 2.0296656412 2.4513531971 
 1.5460098541 1.8865495579 2.2803334150 
 1.4247083850 1.7386762834 2.1027227298 
 1.3027407718 1.5891605883 1.9221497652 
 1.1827517755 1.4411311501 1.7422959577 
 1.0673164701 1.2976381539 1.5667728551 
 0.9588880751 1.1615722751 1.3990066417 
 0.8597682383 1.0356054662 1.2421432399 
 0.7721073740 0.9221630613 1.0989862530 
 0.6979410691 0.8234347671 0.9719775087 
 0.6392661257 0.7414292616 0.8632264198 
 0.5981563983 0.6780734377 0.7745901067 
 0.5769140448 0.6353527389 0.7078013351 
 0.5782460078 0.6154834535 0.6646357817 
 0.6054486790 0.6211013579 0.6471039741 
 0.6625766418 0.6554443516 0.6576468361 
 0.7545658528 0.7225010775 0.6993081821 
 0.8872797480 0.8270949247 0.7758544124 
 1.0674497450 0.9748748501 0.8918127778 
 1.3024883295 1.1721909948 1.0524054574 
 1.6001601327 1.4258416189 1.2633657759 
 1.9681017943 1.7426852958 1.5306320712 
 2.4131870467 2.1291180665 1.8599218067 
 2.9407461391 2.5904232835 2.2561947471 
 3.5536757643 3.1300185542 2.7230239477 
 4.2515187935 3.7486533955 3.2619115048 
 5.0296442582 4.4436499016 3.8716128609 
 5.8786987738 5.2083153741 4.5475627765 
 6.7845069400 6.0316728612 5.2815159688 
 7.7285503653 6.8986354386 6.0615120521 
 8.6890499784 7.7906846528 6.8722382272 
 9.6425369739 8.6870119436 7.6957952424 
 10.5656688689 9.5659719214 8.5127874501 
 11.4369772986 10.4066155429 9.3035818743 
 12.2382513498 11.1900498390 10.0495402769 
 12.9553570324 11.9004169567 10.7340371675 
 13.5784317545 12.5253809309 11.3431320429 
 14.1015242174 13.0561216689 11.8658462034 
 14.5218390867 13.4869284751 12.2940771672 
 14.8387799992 13.8145400823 12.6222456287 
 15.0529728933 14.0373919960 12.8468010518 
 15.1654137199 14.1549149842 12.9657137044 
 15.1768393034 14.1669951197 12.9780613988 
 15.0873797383 14.0736679027 12.8837879352 
 14.8965193405 13.8750830599 12.6836743832 
 14.6033685136 13.5717435880 12.3795274578 
 14.2072251258 13.1649900700 11.9745524142 
 13.7083749459 12.6576664621 11.4738418594 
 13.1090429148 12.0548662812 10.8848794123 
 12.4143628387 11.3646233313 10.2179344160 
 11.6331925917 10.5983893996 9.4862199312 
 10.7785826044 9.7711467848 8.7057098151 
 9.8677271168 8.9010476467 7.8945651730 
 8.9213027421 8.0085560103 7.0721988516 
 7.9622210225 7.1151762881 6.2580901823 
 7.0139607406 6.2419536289 5.4705253992 
 6.0987555256 5.4079912939 4.7254601118 
 5.2359506263 4.6292257265 4.0356710795 
 4.4407936775 3.9176325141 3.4102958898 
 3.7238075210 3.2809315574 2.8547750948 
 3.0907535502 2.7227542658 2.3711383025 
 2.5430787733 2.2431604753 1.9585315686 
 2.0786776209 1.8393618678 1.6138725561 
 1.6927935560 1.5065175822 1.3325349755 
 1.3789193347 1.2385006588 1.1089915988 
 1.1296045882 1.0285729233 0.9373729846 
 0.9371251021 0.8699376505 0.8119192889 
 0.7939990599 0.7561587728 0.7273140732 
 0.6933511471 0.6814449910 0.6788957245 
 0.6291321654 0.6408030839 0.6627488826 
 0.5962070425 0.6300718086 0.6756872606 
 0.5903311635 0.6458564872 0.7151488567 
 0.6080422595 0.6853918457 0.7790315566 
 0.6464992859 0.7463639724 0.8654994301 
 0.7032990134 0.8267206635 0.9727877272 
 0.7762961869 0.9244942252 1.0990292711 
 0.8634461335 1.0376540316 1.2421184423 
 0.9626815711 1.1639993759 1.3996225183 
 1.0718291644 1.3010972208 1.5687443091 
 1.1885664563 1.4462645480 1.7463348896 
 1.3104160893 1.5965910618 1.9289507339 
 1.4347715521 1.7489949369 2.1129457830 
 1.5589469113 1.9003021502 2.2945862303 
 1.6802420850 2.0473388400 2.4701744565 
 1.7960151889 2.1870262129 2.6361688839 
 1.9037542948 2.3164687874 2.7892885484 
 2.0011424843 2.4330290318 2.9265946068 
 2.0861120982 2.5343843680 3.0455451835 
 2.1568862916 2.6185655769 3.1440242013 
 2.2120080419 2.6839783799 3.2203484302 
 2.2503583520 2.7294119790 3.2732594340 
 2.2711663300 2.7540393717 3.3019081315 
 2.2740140445 2.7574142679 3.3058393285 
 2.2588385920 2.7394685129 3.2849820030 
 2.2259328230 2.7005122995 3.2396486808 
 2.1759448814 2.6412374278 3.1705442950 
 2.1098753818 2.5627218028 3.0787819272 
 2.0290699473 2.4664315871 2.9659001855 
 1.9352042070 2.3542162747 2.8338751123 
 1.8302583694 2.2282916878 2.6851187756 
 1.7164792453 2.0912066508 2.5224573376 
 1.5963290325 1.9457908693 2.3490834780 
 1.4724221432 1.7950841380 2.1684813912 
 1.3474535721 1.6422500579 1.9843267484 
 1.2241244332 1.4904804856 1.8003683428 
 1.1050720104 1.3428994571 1.6203018824 
 0.9928127033 1.2024769138 1.4476488837 
 0.8897064597 1.0719629731 1.2856544413 
 0.7979506176 0.9538526872 1.1372167304 
 0.7196095568 0.8503893546 1.0048586635 
 0.6566841745 0.7636116283 0.8907485834 
 0.6112218783 0.6954460258 0.7967725692 
 0.5854633695 0.6478419241 0.7246560432 
 0.5820168367 0.6229406438 0.6761268732 
 0.6040434252 0.6232638455 0.6531060510 
 0.6554307531 0.6518996953 0.6579056241 
 0.7409254097 0.7126593849 0.6934077868 
 0.8661929273 0.8101734961 0.7631955452 
 1.0377760919 0.9498991119 0.8716058767 
 1.2629289143 1.1380146622 1.0236816336 
 1.5493110731 1.3811880839 1.2250073322 
 1.9045334413 1.6862117184 1.4814234475 
 2.3355506398 2.0595033263 1.7986213471 
 2.8479075716 2.5064798579 2.1816271249 
 3.4448710686 3.0308253484 2.6341914601 
 4.1265179921 3.6337010250 3.1581189839 
 4.8889009534 4.3129826225 3.7525957125 
 5.7234555735 5.0626469308 4.4136018728 
 6.6168256949 5.8724501002 5.1335189596 
 7.5512444667 6.7280266680 5.9010406115 
 8.5055138411 7.6114807520 6.7014665379 
 9.4564911274 8.5024454903 7.5173964893 
 10.3808602073 9.3794782725 8.3297596927 
 11.2568851759 10.2215736163 9.1190380341 
 12.0658473043 11.0095443932 9.8664946938 
 12.7929506548 11.7270573252 10.5552207388 
 13.4276138740 12.3611964492 11.1708598947 
 13.9631985859 12.9025368644 11.7019492716 
 14.3963203567 13.3448066615 12.1398960877 
 14.7259306124 13.6842753133 12.4786752994 
 14.9523530715 13.9190267548 12.7143687162 
 15.0764241842 14.0482629960 12.8446722504 
 15.0988428546 14.0717531168 12.8684815396 
 15.0197935474 13.9895051764 12.7856365671 
 14.8388739806 13.8017021200 12.5968705539 
 14.5553325252 13.5089089079 12.3039714197 
 14.1685958797 13.1125249821 11.9101270562 
 13.6790385469 12.6154212520 11.4203894887 
 13.0889085321 12.0226637776 10.8421604343 
 12.4032803503 11.3421917557 10.1855776520 
 11.6308663142 10.5852953098 9.4636764718 
 10.7844968949 9.7667424841 8.6922225515 
 9.8811000652 8.9044462111 7.8891637757 
 8.9410805972 8.0186424374 7.0737249761 
 7.9871182296 7.1306557615 6.2652510555 
 7.0425402132 6.2614294521 5.4819675218 
 6.1295342566 5.4300583588 4.7398505757 
 5.2675103312 4.6525626651 4.0517731981 
 4.4718766766 3.9410776229 3.4270284381 
 3.7533838527 3.3035330491 2.8712492080 
 3.1180537375 2.7437921420 2.3866712334 
 2.5675945943 2.2621430782 1.9726405411 
 2.1001384531 1.8560036217 1.6262541443 
 1.7111277298 1.5207053968 1.3430358635 
 1.3942091295 1.2502556258 1.1175758397 
 1.1420413356 1.0380122932 0.9440897031 
 0.9469685428 0.8772404533 0.8168736837 
 0.8015433313 0.7615372323 0.7306437140 
 0.6988986514 0.6851230075 0.6807533802 
 0.6329757742 0.6430022707 0.6632922819 
 0.5986203187 0.6310047067 0.6750752737 
 0.5915654739 0.6457257455 0.7135427621 
 0.6083289941 0.6843935531 0.7765995354 
 0.6460550974 0.7446931128 0.8624222980 
 0.7023320854 0.8245768224 0.9692641223 
 0.7750119251 0.9220860832 1.0952789352 
 0.8620511896 1.0352016866 1.2383827418 
 0.9613856240 1.1617340387 1.3961618515 
 1.0708443258 1.2992582687 1.5658325119 
 1.1881045143 1.4450942810 1.7442511448 
 1.3106840493 1.5963277705 1.9279697958 
 1.4359660865 1.7498650605 2.1133275309 
 1.5612483927 1.9025123646 2.2965656188 
 1.6838088532 2.0510688678 2.4739528469 
 1.8009786039 2.1924229988 2.6419075086 
 1.9102149719 2.3236424566 2.7971045373 
 2.0091679159 2.4420507851 2.9365596337 
 2.0957356776 2.5452862085 3.0576864471 
 2.1681075852 2.6313415502 3.1583271868 
 2.2247940422 2.6985868767 3.2367607494 
 2.2646453905 2.7457785986 3.2916950128 
 2.2868623375 2.7720598920 3.3222511076 
 2.2910009132 2.7769573779 3.3279471997 
 2.2769744941 2.7603781269 3.3086878058 
 2.2450544621 2.7226094508 3.2647622302 
 2.1958697643 2.6643219112 3.1968527603 
 2.1304042845 2.5865738680 3.1060502090 
 2.0499897942 2.4908140584 2.9938716786 
 1.9562915675 2.3788774744 2.8622734615 
 1.8512837130 2.2529694603 2.7136511470 
 1.7372119757 2.1156336336 2.5508195396 
 1.6165431742 1.9697009469 2.3769669858 
 1.4919023920 1.8182197856 2.1955820077 
 1.3660012772 1.6643700648 2.0103543104 
 1.2415629742 1.5113673811 1.8250566243 
 1.1212509866 1.3623658808 1.6434176944 
 1.0076103732 1.2203701808 1.4689993598 
 0.9030299474 1.0881671879 1.3050916222 
 0.8097335428 0.9682879371 1.1546387916 
 0.7298069200 0.8630077356 1.0202074332 
 0.6652645465 0.7743901207 0.9040033225 
 0.6181571949 0.7043765121 0.8079403176 
 0.5907169239 0.6549189487 0.7337591611 
 0.5855303885 0.6281478390 0.6831887321 
 0.6057246845 0.6265602716 0.6581361463 
 0.6551427825 0.6532076242 0.6608856471 
 0.7384796316 0.7118552050 0.6942803501 
 0.8613473265 0.8070833470 0.7618572052 
 1.0302398663 0.9443005345 0.8679057962 
 1.2523743681 1.1296450477 1.0174267112 
 1.5353931685 1.3697602069 1.2159740431 
 1.8869171941 1.6714362972 1.4693761720 
 2.3139462519 2.0411183049 1.7833366699 
 2.8221124271 2.4842856733 2.1629233206 
 3.4148161364 3.0047244787 2.6119618463 
 4.0923138211 3.6037385001 3.1323668234 
 4.8508758994 4.2793822019 3.7234669505 
 5.6821772352 5.0258360249 4.3814106306 
 6.5730969747 5.8330661759 5.0987600368 
 7.5060690481 6.6868996206 5.8643839448 
 8.4600319359 7.5695897246 6.6637309634 
 9.4118935440 8.4608540888 7.4795039811 
 10.3382946383 9.3392574225 8.2926755268 
 11.2173708391 10.1837245438 9.0837056900 
 12.0302117812 10.9749341547 9.8337755565 
 12.7617969272 11.6963760020 10.5258473528 
 13.4013184020 12.3349398249 11.1454081388 
 13.9419351676 12.8810129488 11.6808305448 
 14.3801009340 13.3281603478 12.1233667304 
 14.7146533619 13.6725234739 12.4668579186 
 14.9458493540 13.9120960706 12.7072791326 
 15.0744981827 14.0460241362 12.8422462043 
 15.1013001195 14.0740468046 12.8705965887 
 15.0264566839 13.9961576397 12.7921263038 
 14.8495852266 13.8125291650 12.6075300121 
 14.5699441054 13.5237093432 12.3185541756 
 14.1869500352 13.1310654431 11.9283359861 
 13.7009402358 12.6374157262 11.4418643875 
 13.1140950415 12.0477522581 10.8664665898 
 12.4313932917 11.3699232417 10.2121998020 
 11.6614322499 10.6151204442 9.4920220778 
 10.8169225744 9.7980200768 8.7216368403 
 9.9146864202 8.9364655666 7.9189566376 
 8.9750561851 8.0506600753 7.1032070304 
 8.0206883878 7.1619416004 6.2937737856 
 7.0749441013 6.2913149645 5.5089611366 
 6.1600997308 5.4579785338 4.7648536322 
 5.2956971306 4.6780851447 4.0744499065 
 4.4973015368 3.9639155246 3.4471722904 
 3.7758256788 3.3235416313 2.8887742316 
 3.1374412419 2.7609524238 2.4015940219 
 2.5839815804 2.2765370933 1.9850569399 
 2.1136727580 1.8677860873 1.6363141780 
 1.7220190726 1.5300756389 1.3509195995 
 1.4026994938 1.2574322459 1.1234718446 
 1.1483798196 1.0432118193 0.9481769291 
 0.9513913424 0.8806604072 0.8193071508 
 0.8042588460 0.7633436683 0.7315441707 
 0.7000774766 0.6854424683 0.6802010449 
 0.6327452954 0.6419180246 0.6613246287 
 0.5970635273 0.6285569602 0.6716885931 
 0.5887234350 0.6419152878 0.7086969683 
 0.6042061971 0.6791880845 0.7702254961 
 0.6406268103 0.7380354137 0.8544308722 
 0.6955528495 0.8163939308 0.9595561009 
 0.7668244249 0.9122987347 1.0837551364 
 0.8523948737 1.0237333792 1.2249535927 
 0.9502045837 1.1485191958 1.3807558693 
 1.0580940593 1.2842490746 1.5484031779 
 1.1737573092 1.4282658692 1.7247817723 
 1.2947328212 1.5776815611 1.9064761353 
 1.4184266189 1.7294301829 2.0898580406 
 1.5421600381 1.8803452574 2.2711995500 
 1.6632338716 2.0272513069 2.4467965138 
 1.7790004138 2.1670589459 2.6130892992 
 1.8869356658 2.2968542142 2.7667693419 
 1.9847054239 2.4139749828 2.9048633923 
 2.0702209493 2.5160701095 3.0247914539 
 2.1416820997 2.6011400764 3.1243986409 
 2.1976078610 2.6675606063 3.2019648405 
 2.2368558449 2.7140928253 3.2561986094 
 2.2586333178 2.7398846628 3.2862228931 
 2.2625026107 2.7444682755 3.2915599149 
 2.2483833548 2.7277574424 3.2721211073 
 2.2165530542 2.6900473159 3.2282055823 
 2.1676462513 2.6320169415 3.1605077452 
 2.1026512273 2.5547329000 3.0701316722 
 2.0229020857 2.4596506596 2.9586072309 
 1.9300634225 2.3486090510 2.8279010256 
 1.8261047807 2.2238129746 2.6804144681 
 1.7132628005 2.0878001516 2.5189618476 
 1.5939903779 1.9433894457 2.3467232785 
 1.4708940686 1.7936108196 2.1671706715 
 1.3466631613 1.6416200038 1.9839689758 
 1.2239959608 1.4906039679 1.8008592267 
 1.1055305372 1.3436858045 1.6215336650 
 0.9937882556 1.2038392457 1.4495157181 
 0.8911386447 1.0738234885 1.2880585084 
 0.7997935328 0.9561482686 1.1400747139 
 0.7218368977 0.8530772890 1.0081082543 
 0.6592945150 0.7666753450 0.8943547941 
 0.6142441792 0.6989008549 0.8007337900 
 0.5889628229 0.6517409819 0.7290099187 
 0.5861011500 0.6273809984 0.6809561864 
 0.6088695501 0.6283930720 0.6585448241 
 0.6612118682 0.6579227748 0.6641455426 
 0.7479376928 0.7198456395 0.7007048294 
 0.8747813643 0.8188629382 0.7718763776 
 1.0483583209 0.9605072943 0.8820732345 
 1.2759958778 1.1510348828 1.0364176430 
 1.5654229871 1.3971895801 1.2405735176 
 1.9243092508 1.7058322319 1.5004559896 
 2.3596488354 2.0834341352 1.8218199482 
 2.8769963347 2.5354412909 2.2097356992 
 3.4795866065 3.0655312672 2.6679690512 
 4.1674119377 3.6748121413 3.1983001585 
 4.9363807935 4.3610509229 3.7998413913 
 5.7777256590 5.1180566180 4.4684440576 
 6.6778393148 5.9353635192 5.1963056089 
 7.6186783050 6.7983454878 5.9718891237 
 8.5787737502 7.6888320546 6.7802349136 
 9.5347525119 8.5861988393 7.6036795045 
 10.4631388052 9.4687938682 8.4229133165 
 11.3421270956 10.3154749702 9.2182297848 
 12.1530231985 11.1070037239 9.9707722603 
 12.8811390609 11.8270797339 10.6635876500 
 13.5160625091 12.4628902849 11.2823462616 
 14.0513580036 13.0051616562 11.8156675860 
 14.4838498617 13.4477949888 12.2550758015 
 14.8126802779 13.7872294862 12.5946741457 
 15.0383276620 14.0216942799 12.8306624007 
 15.1617350587 14.1504963471 12.9608266914 
 15.1836532159 14.1734596806 12.9841132397 
 15.1042614366 14.0905929743 12.9003672585 
 14.9230967257 13.9020265428 12.7102823399 
 14.6392962100 13.6082255356 12.4155684976 
 14.2521337876 13.2104536074 12.0193097693 
 13.7618031862 12.7114262248 11.5264457315 
 13.1703622482 12.1160552676 10.9442779926 
 12.4827090377 11.4321509676 10.2828786192 
 11.7074187401 10.6709237473 9.5552714510 
 10.8572484068 9.8471311925 8.7772783903 
 9.9491344260 8.9787563385 7.9669750744 
 9.0035786785 8.0861848579 7.1437777416 
 8.0434391429 7.1909563784 6.3272676097 
 7.0922807703 6.3142690391 5.5359252334 
 6.1725568904 5.4754810292 4.7859723063 
 5.3039366028 4.6908537212 4.0904929243 
 4.5020508946 3.9727174715 3.4589396798 
 3.7778167059 3.3291373614 2.8970456590 
 3.1373578133 2.7640488662 2.4070883061 
 2.5824223397 2.2777548396 1.9884041587 
 2.1111297482 1.8676406922 1.6380401109 
 1.7188703421 1.5289710525 1.3514404599 
 1.3992120920 1.2556631858 1.1230964735 
 1.1447193169 1.0409717595 0.9471136130 
 0.9476345477 0.8780523360 0.8176726645 
 0.8004072399 0.7603914832 0.7293732571 
 0.6960697214 0.6821016022 0.6774551901 
 0.6284679174 0.6380845791 0.6578996287 
 0.5923595049 0.6240752356 0.6674209888 
 0.5833989691 0.6365841078 0.7033698932 
 0.5980363262 0.6727666427 0.7635747398 
 0.6333607037 0.7302494667 0.8461519927 
 0.6869195563 0.8069430429 0.9493132321 
 0.7565396279 0.9008650037 1.0711918150 
 0.8401688813 1.0099917268 1.2097055402 
 0.9357514689 1.1321489617 1.3624652785 
 1.0411415806 1.2649463600 1.5267337138 
 1.1540570501 1.4057558628 1.6994332568 
 1.2720698824 1.5517299828 1.8771977777 
 1.3926281963 1.6998530030 2.0564591393 
 1.5131023119 1.8470160001 2.2335568292 
 1.6308468104 1.9901055117 2.4048576437 
 1.7432703301 2.1260956885 2.5668726244 
 1.8479056110 2.2521349421 2.7163603158 
 1.9424737370 2.3656202196 2.8504086120 
 2.0249384433 2.4642547913 2.9664914317 
 2.0935484468 2.5460883587 3.0625005098 
 2.1468677173 2.6095409194 3.1367560639 
 2.1837951465 2.6534137746 3.1880024839 
 2.2035759977 2.6768920959 3.2153962470 
 2.2058077666 2.6795435201 3.2184929673 
 2.1904426766 2.6613164006 3.1972390218 
 2.1577881325 2.6225398276 3.1519708769 
 2.1085052658 2.5639256393 3.0834224450 
 2.0436044849 2.4865707077 2.9927379615 
 1.9644359512 2.3919561499 2.8814853954 
 1.8726723657 2.2819390911 2.7516637041 
 1.7702815337 2.1587324286 2.6056966444 
 1.6594869510 2.0248688527 2.4464065775 
 1.5427160686 1.8831471318 2.2769638045 
 1.4225377870 1.7365611843 2.1008102316 
 1.3015928330 1.5882153661 1.9215601543 
 1.1825226701 1.4412322585 1.7428850283 
 1.0679041807 1.2986615664 1.5683925574 
 0.9601982904 1.1634001619 1.4015126664 
 0.8617208497 1.0381336171 1.2454035785 
 0.7746433909 0.9253087398 1.1028902298 
 0.7010298432 0.8271447527 0.9764448585 
 0.6429128705 0.7456879652 0.8682161476 
 0.6024100969 0.6829111241 0.7801090659 
 0.5818758961 0.6408540146 0.7139126587 
 0.5840785312 0.6217962207 0.6714674286 
 0.6123854333 0.6284463466 0.6548576515 
 0.6709322101 0.6641250902 0.6666073846 
 0.7647453515 0.7329137740 0.7098531607 
 0.8997867188 0.8397372884 0.7884631574 
 1.0828909486 0.9903524882 0.9070737479 
 1.3215736448 1.1912197000 1.0710203142 
 1.6236953691 1.4492435561 1.2861483750 
 1.9969717296 1.7713767072 1.5585002710 
 2.4483256309 2.1640857265 1.8938796959 
 2.9830910801 2.6326869036 2.2973027313 
 3.6041062352 3.1805771955 2.7723545238 
 4.3107781674 3.8084161854 3.3204899653 
 5.0982544124 4.5133550350 3.9403448568 
 5.9568776361 5.2884459876 4.6271544202 
 6.8721047995 6.1223825993 5.3723961534 
 7.8250209591 6.9996986411 6.1637695725 
 8.7934680701 7.9014844712 6.9855866359 
 9.7536653339 8.8065738035 7.8195752153 
 10.6820666146 9.6930407194 8.6460099814 
 11.5571320987 10.5397654587 9.4450074317 
 12.3607132984 11.3278087531 10.1977815781 
 13.0788533118 12.0413853285 10.8876687786 
 13.7019473841 12.6683278215 11.5007897037 
 14.2243425011 13.2000468351 12.0263022724 
 14.6435429985 13.6310867207 12.4562843029 
 14.9592208995 13.9584302382 12.7853469108 
 15.1722152188 14.1807169045 13.0101097589 
 15.2836642592 14.2975206328 13.1286692629 
 15.2943684135 14.3087972434 13.1401696897 
 15.2044404000 14.2145738129 13.0445547041 
 15.0132690016 14.0149158858 12.8425404855 
 14.7197985568 13.7101759123 12.5358144276 
 14.3231034534 13.3014940753 12.1274263776 
 13.8232081713 12.7914877537 11.6223027906 
 13.2220652440 12.1850278244 11.0277806644 
 12.5245579704 11.4899636673 10.3540339263 
 11.7393520095 10.7176350290 9.6142595354 
 10.8793981777 9.8830125708 8.8245134029 
 9.9619086834 9.0043525257 8.0031414304 
 9.0077042512 8.1023362541 7.1698318092 
 8.0399545445 7.1987771929 6.3444020557 
 7.0824784441 6.3150839989 5.5455014042 
 6.1578861098 5.4707328136 4.7894327134 
 5.2858868634 4.6819989191 4.0892691158 
 4.4820382090 3.9611293481 3.4543698470 
 3.7570914346 3.3160294895 2.8903121055 
 3.1169447031 2.7504268256 2.3991792397 
 2.5630946353 2.2643963114 1.9800990538 
 2.0934124225 1.8550992937 1.6299143560 
 1.7030639655 1.5175968815 1.3438834631 
 1.3854284015 1.2456329035 1.1163374384 
 1.1329210235 1.0323222197 0.9412501049 
 0.9376740581 0.8707133394 0.8126982283 
 0.7920608891 0.7542146530 0.7252014310 
 0.6890655350 0.6768835323 0.6739382686 
 0.6225060048 0.6335834477 0.6548415703 
 0.5871251767 0.6200211141 0.6645849205 
 0.5785696131 0.6326841364 0.7004815603 
 0.5932838024 0.6687068887 0.7603237925 
 0.6283513400 0.7256954881 0.8421930953 
 0.6813137045 0.8015409684 0.9442686900 
 0.7499922947 0.8942444510 1.0646568839 
 0.8323323572 1.0017712783 1.2012569508 
 0.9262802885 1.1219443213 1.3516728873 
 1.0296996451 1.2523808070 1.5131746453 
 1.1403263731 1.3904722338 1.6827074707 
 1.2557601822 1.5334031681 1.8569437276 
 1.3734864607 1.6782018558 2.0323681117 
 1.4909214889 1.8218136298 2.2053846871 
 1.6054729220 1.9611871473 2.3724330317 
 1.7146075315 2.0933636316 2.5301011694 
 1.8159189948 2.2155605112 2.6752248976 
 1.9071899632 2.3252429697 2.8049662853 
 1.9864445074 2.4201795947 2.9168679656 
 2.0519890622 2.4984811195 3.0088837174 
 2.1024418422 2.5586237350 3.0793890994 
 2.1367521425 2.5994602553 3.1271780983 
 2.1542117771 2.6202233372 3.1514526657 
 2.1544610901 2.6205249284 3.1518116286 
 2.1374915519 2.6003552511 3.1282439662 
 2.1036460641 2.5600831362 3.0811291588 
 2.0536169588 2.5004577004 3.0112446050 
 1.9884405459 2.4226095314 2.9197773993 
 1.9094861630 2.3280480488 2.8083354579 
 1.8184372616 2.2186508316 2.6789514747 
 1.7172622364 2.0966406683 2.5340727849 
 1.6081735515 1.9645470004 2.3765311134 
 1.4935751530 1.8251502372 2.2094883840 
 1.3760000314 1.6814099159 2.0363580440 
 1.2580418208 1.5363805037 1.8607052502 
 1.1422862154 1.3931213369 1.6861331451 
 1.0312494363 1.2546093360 1.5161656501 
 0.9273317951 1.1236643715 1.3541391625 
 0.8327944360 1.0028973140 1.2031159590 
 0.7497665618 0.8946898638 1.0658309670 
 0.6802888450 0.8012133232 0.9446811067 
 0.6263962401 0.7244906401 0.8417629404 
 0.5902399082 0.6665023364 0.7589601450 
 0.5742432419 0.6293322285 0.6980774084 
 0.5812809287 0.6153430710 0.6610116768 
 0.6148628919 0.6273655517 0.6499453114 
 0.6792978169 0.6688771951 0.6675391472 
 0.7798057050 0.7441422172 0.7170978823 
 0.9225476249 0.8582812682 0.8026774906 
 1.1145444648 1.0172427298 0.9291060986 
 1.3634633952 1.2276542337 1.1018962687 
 1.6772575346 1.4965414811 1.3270359015 
 2.0636492534 1.8309083356 1.6106537884 
 2.5294538832 2.2371778704 1.9585625157 
 3.0797559647 2.7205035089 2.3756880863 
 3.7169815839 3.2839792097 2.8654074532 
 4.4399580369 3.9278108241 3.4288364081 
 5.2431055296 4.6485524596 4.0641401224 
 6.1159439907 5.4385482905 4.7659692325 
 7.0430959040 6.2857325135 5.5251422603 
 8.0049045681 7.1739105068 6.3286858659 
 8.9786677968 8.0835667959 7.1602993007 
 9.9403388916 8.9931337199 8.0012322578 
 10.8664197890 9.8805414290 8.8314748151 
 11.7357148029 10.7247950174 9.6310828978 
 12.5306502905 11.5073168535 10.3814293422 
 13.2379803195 12.2128542631 11.0661915074 
 13.8488461858 12.8298605500 11.6719535024 
 14.3582883022 13.3503730178 12.1883907593 
 14.7643894778 13.7695015625 12.6080890250 
 15.0672517443 14.0846884913 12.9261083529 
 15.2679879297 14.2949056227 13.1394277733 
 15.3678656720 14.3999311869 13.2464019178 
 15.3676945566 14.3998120474 13.2463368066 
 15.2675076650 14.2945779913 13.1392582820 
 15.0665597125 14.0842396981 12.9259099175 
 14.7636415848 13.7690702851 12.6079803862 
 14.3576888060 13.3501386984 12.1885235064 
 13.8486326276 12.8300283263 11.6724977146 
 13.2384034469 12.2136357827 11.0673182490 
 12.5319497333 11.5089081651 10.3832914708 
 11.7380925204 10.7273537583 9.6337963855 
 10.8700146417 9.8841664388 8.8351032898 
 9.9452065885 8.9978505843 8.0057774341 
 8.9847703776 8.0893223028 7.1656992177 
 8.0121121868 7.1805775041 6.3348214551 
 7.0512011918 6.2931245268 5.5318510961 
 6.1246864273 5.4464411568 4.7730638899 
 5.2522010628 4.6567088854 4.0714278442 
 4.4491284195 3.9360035918 3.4361369360 
 3.7259786998 3.2920096780 2.8725667464 
 3.0883783038 2.7282136102 2.3825868521 
 2.5375544786 2.2444553969 1.9651195918 
 2.0711361108 1.8376864735 1.6168251742 
 1.6840885048 1.5027941115 1.3328105541 
 1.3696375952 1.2333885501 1.1072897535 
 1.1200920147 1.0224904399 0.9341529687 
 0.9275189496 0.8630892846 0.8074230341 
 0.7842612021 0.7485634503 0.7215896993 
 0.6832984018 0.6729618856 0.6718189331 
 0.6184617754 0.6311534932 0.6540411950 
 0.5845168839 0.6188570148 0.6649314602 
 0.5771355280 0.6325727223 0.7018030751 
 0.5927849387 0.6694442102 0.7624440104 
 0.6285660243 0.7270813238 0.8449258067 
 0.6820311956 0.8033731352 0.9474127152 
 0.7510070222 0.8963143342 1.0679929175 
 0.8334398206 1.0038614861 1.2045470743 
 0.9272751497 1.1238288716 1.3546630477 
 1.0303761143 1.2538278301 1.5155999553 
 1.1404806607 1.3912488364 1.6842998187 
 1.2551945626 1.5332818638 1.8574409101 
 1.3720143579 1.6769678200 2.0315235340 
 1.4883729499 1.8192719956 2.2029766424 
 1.6016998686 1.9571696132 2.3682726659 
 1.7094882866 2.0877338002 2.5240384596 
 1.8093617225 2.2082175882 2.6671522784 
 1.8991348387 2.3161236947 2.7948198898 
 1.9768646078 2.4092585078 2.9046267572 
 2.0408901132 2.4857694533 2.9945670225 
 2.0898610584 2.5441673385 3.0630531747 
 2.1227564415 2.5833369870 3.1089123812 
 2.1388956341 2.6025403236 3.1313762603 
 2.1379442399 2.6014159718 3.1300704113 
 2.1199166516 2.5799785262 3.1050084741 
 2.0851763267 2.5386191539 3.0565931934 
 2.0344336747 2.4781073706 2.9856242729 
 1.9687403390 2.3995920497 2.8933101505 
 1.8894778065 2.3045982826 2.7812785985 
 1.7983379005 2.1950158996 2.6515796345 
 1.6972929390 2.0730755006 2.5066739294 
 1.5885542243 1.9413088191 2.3494008868 
 1.4745189957 1.8024920924 2.1829228378 
 1.3577078456 1.6595736199 2.0106451008 
 1.2406966095 1.5155894872 1.8361155296 
 1.1260485863 1.3735740816 1.6629109839 
 1.0162543497 1.2364740853 1.4945212470 
 0.9136871593 1.1070757893 1.3342427514 
 0.8205819669 0.9879556465 1.1850947702 
 0.7390451854 0.8814629859 1.0497695076 
 0.6711007433 0.7897418310 0.9306250039 
 0.6187754274 0.7147959030 0.8297262881 
 0.5842229640 0.6585971402 0.7489359783 
 0.5698815278 0.6232333368 0.6900506098 
 0.5786532794 0.6110846999 0.6549732897 
 0.6140874299 0.6250124289 0.6459069249 
 0.6805412837 0.6685356163 0.6655457611 
 0.7832886150 0.7459674150 0.7172375546 
 0.9285437219 0.8624795518 0.8050861863 
 1.1233733467 1.0240672409 0.9339665318 
 1.3754755989 1.2373936682 1.1094300749 
 1.6928116718 1.5095015603 1.3374890217 
 2.0830809893 1.8473860797 1.6242753323 
 2.5530369844 2.2574290096 1.9755776247 
 3.1076567565 2.7447040133 2.3962656804 
 3.7492101971 3.3121832359 2.8896245139 
 4.4763225265 3.9599093387 3.4566417498 
 5.2831774861 4.6842389150 4.0953221976 
 6.1590453674 5.4772990958 4.8001338275 
 7.0883152041 6.3268096543 5.5617061962 
 8.0511457457 7.2163908468 6.3668913834 
 9.0247280148 8.1263975181 7.1992505312 
 9.9850038156 9.0352073042 8.0399506795 
 10.9085601512 9.9207785153 8.8689661609 
 11.7743675295 10.7622213645 9.6664051365 
 12.5650717272 11.5411222081 10.4137511465 
 13.2676662507 12.2424256447 11.0948331157 
 13.8735207848 12.8547884732 11.6964061473 
 14.3778696059 13.3704345552 12.2083154407 
 14.7789414488 13.7846275599 12.6232990436 
 15.0769327305 14.0949233503 12.9365419979 
 15.2730033660 14.3003673064 13.1451178541 
 15.3684302939 14.4007773089 13.2474478843 
 15.3640070168 14.3962157989 13.2428835831 
 15.2597386173 14.2867157339 13.1314841370 
 15.0548531496 14.0722904399 12.9140239535 
 14.7481282646 13.7532259131 12.5922286693 
 14.3385096958 13.3306226085 12.1692014618 
 13.8259692109 12.8071188771 11.6499652167 
 13.2125104393 12.1876898640 11.0420129801 
 12.5031844617 11.4803793787 10.3557358488 
 11.7069344323 10.6967997006 9.6045939811 
 10.8370687968 9.8522407829 8.8049223343 
 9.9111870757 8.9652782596 7.9753216357 
 8.9504634084 8.0568596945 7.1356691005 
 7.9783233639 7.1489633144 6.3058719427 
 7.0186956392 6.2630295021 5.5045522242 
 6.0941325209 5.4184253154 4.7478709002 
 5.2241275328 4.6311929664 4.0486647046 
 4.4239009625 3.9132579124 3.4159943305 
 3.7037973662 3.2721597126 2.8551127867 
 3.0692925496 2.7112586194 2.3677869279 
 2.5214901367 2.2302950129 1.9528611867 
 2.0579279707 1.8261502590 1.6069439297 
 1.6735132169 1.4936702435 1.3251148987 
 1.3614434083 1.2264492555 1.1015825258 
 1.1140236097 1.0175130860 0.9302493059 
 0.9233368823 0.8598728219 0.8051642493 
 0.7817560883 0.7469402429 0.7208530402 
 0.6823001591 0.6728050565 0.6725231877 
 0.6188442711 0.6323799881 0.6561482538 
 0.5861984347 0.6214267643 0.6684441798 
 0.5800758846 0.6364845088 0.7067600341 
 0.5969795678 0.6747290278 0.7689119188 
 0.6340385803 0.7337940864 0.8529903919 
 0.6888250309 0.8115835483 0.9571688805 
 0.7591764659 0.9060976477 1.0795348909 
 0.8430418114 1.0152897253 1.2179591806 
 0.9383616717 1.1369630337 1.3700116490 
 1.0429877686 1.2687114253 1.5329270141 
 1.1546416020 1.4079030525 1.7036184306 
 1.2709089295 1.5517025133 1.8787330075 
 1.3892642242 1.6971240986 2.0547397835 
 1.5071177148 1.8411069328 2.2280383551 
 1.6218769047 1.9806019559 2.3950753418 
 1.7310145725 2.1126609454 2.5524564254 
 1.8321361284 2.2345191065 2.6970437840 
 1.9230407121 2.3436649636 2.8260320195 
 2.0017723268 2.4378940156 2.9369995882 
 2.0666593378 2.5153454317 3.0279366066 
 2.1163425051 2.5745235154 3.0972531141 
 2.1497931184 2.6143074126 3.1437739761 
 2.1663235881 2.6339533718 3.1667274102 
 2.1655929724 2.6330937633 3.1657336205 
 2.1476094332 2.6117361154 3.1407984448 
 2.1127306858 2.5702638842 3.0923145605 
 2.0616623313 2.5094388052 3.0210700503 
 1.9954528131 2.4304028362 2.9282614083 
 1.9154828433 2.3346762050 2.8155057698 
 1.8234467349 2.2241472207 2.6848456711 
 1.7213232817 2.1010495137 2.5387392951 
 1.6113347062 1.9679233285 2.3800301141 
 1.4958936782 1.8275593614 2.2118921205 
 1.3775403060 1.6829261776 2.0377501792 
 1.2588730623 1.5370851057 1.8611789912 
 1.1424795024 1.3930992265 1.6857880680 
 1.0308740860 1.2539452102 1.5151033205 
 0.9264512003 1.1224379691 1.3524577892 
 0.8314614894 1.0011782037 1.2009044024 
 0.7480187778 0.8925319322 1.0631624342 
 0.6781432418 0.7986491122 0.9416068045 
 0.6238439746 0.7215255939 0.8383058451 
 0.5872405917 0.6631089182 0.7551089100 
 0.5707188327 0.6254437918 0.6937803012 
 0.5771091409 0.6108473564 0.6561703666 
 0.6098701898 0.6220977669 0.6444083495 
 0.6732522995 0.6626128299 0.6610951291 
 0.7724104634 0.7365900347 0.7094685470 
 0.9134354329 0.8490772192 0.7935113415 
 1.1032748941 1.0059458074 0.9179734473 
 1.3495236703 1.2137455003 1.0882868417 
 1.6600687396 1.4794277260 1.3103603393 
 2.0425798603 1.8099321103 1.5902505648 
 2.5038427937 2.2116359111 1.9337120269 
 3.0489469420 2.6896755037 2.3456357378 
 3.6803696786 3.2471681077 2.8293971949 
 4.3970461419 3.8843940948 3.3861550030 
 5.1935657459 4.5980409025 4.0141703403 
 6.0596748554 5.3806456463 4.7082473667 
 6.9802640721 6.2203862378 5.4594125304 
 7.9359597310 7.1013429434 6.2549424115 
 8.9043233387 8.0042776940 7.0788066290 
 9.8615175576 8.9078697948 7.9125177583 
 10.7841715511 9.7902354218 8.7362919737 
 11.6511204452 10.6304834043 9.5303498295 
 12.4447268486 11.4100497879 10.2761523948 
 13.1516027860 12.1136121721 10.9573863906 
 13.7626949581 12.7294891599 11.5605760316 
 14.2728257837 13.2495437702 12.0752863481 
 14.6798639982 13.6686991665 12.4939657428 
 14.9837236660 13.9842231570 12.8115340364 
 15.1853715825 14.1949449862 13.0248482961 
 