10.8848224670 10.8833364202 10.8817661220 
 10.8849338617 10.8834450969 10.8818718493 
 10.8849798497 10.8834898707 10.8819153121 
 10.8849601945 10.8834704557 10.8818961690 
 10.8848749660 10.8833869353 10.8818145186 
 10.8847245424 10.8832397643 10.8816709015 
 10.8845096196 10.8830297790 10.8814663119 
 10.8842312276 10.8827582162 10.8812022188 
 10.8838907562 10.8824267414 10.8808805969 
 10.8834899897 10.8820374867 10.8805039691 
 10.8830311529 10.8815931020 10.8800754611 
 10.8825169696 10.8810968181 10.8795988700 
 10.8819507364 10.8805525252 10.8790787466 
 10.8813364122 10.8799648674 10.8785204925 
 10.8806787267 10.8793393529 10.8779304696 
 10.8799833052 10.8786824785 10.8773161171 
 10.8792568102 10.8780018616 10.8766860679 
 10.8785070896 10.8773063699 10.8760502457 
 10.8777433192 10.8766062272 10.8754199202 
 10.8769761155 10.8759130675 10.8748076826 
 10.8762175807 10.8752398920 10.8742272983 
 10.8754812318 10.8746008821 10.8736933875 
 10.8747817576 10.8740110146 10.8732208990 
 10.8741345507 10.8734854475 10.8728243658 
 10.8735549920 10.8730386833 10.8725169848 
 10.8730575163 10.8726835748 10.8723096178 
 10.8726545581 10.8724303054 10.8722098642 
 10.8723555368 10.8722855115 10.8722213700 
 10.8721660643 10.8722517145 10.8723435087 
 10.8720875261 10.8723271698 10.8725714964 
 10.8721171036 10.8725061492 10.8728969127 
 10.8722482086 10.8727795855 10.8733085149 
 10.8724712195 10.8731359402 10.8737931940 
 10.8727743706 10.8735621403 10.8743369164 
 10.8731446493 10.8740444499 10.8749255369 
 10.8735685912 10.8745691890 10.8755454195 
 10.8740329128 10.8751232627 10.8761838542 
 10.8745249632 10.8756945037 10.8768292913 
 10.8750330097 10.8762718579 10.8774714344 
 10.8755463878 10.8768454509 10.8781012345 
 10.8760555509 10.8774065737 10.8787108221 
 10.8765520541 10.8779476196 10.8792934076 
 10.8770284969 10.8784619947 10.8798431692 
 10.8774784461 10.8789440210 10.8803551409 
 10.8778963511 10.8793888391 10.8808251088 
 10.8782774610 10.8797923190 10.8812495179 
 10.8786177478 10.8801509797 10.8816253920 
 10.8789138377 10.8804619213 10.8819502655 
 10.8791629529 10.8807227663 10.8822221278 
 10.8793628625 10.8809316123 10.8824393763 
 10.8795118432 10.8810869939 10.8826007813 
 10.8796086484 10.8811878535 10.8827054573 
 10.8796524862 10.8812335199 10.8827528434 
 10.8796430050 10.8812236952 10.8827426907 
 10.8795802869 10.8811584481 10.8826750558 
 10.8794648485 10.8810382151 10.8825503023 
 10.8792976493 10.8808638081 10.8823691075 
 10.8790801082 10.8806364299 10.8821324779 
 10.8788141272 10.8803576975 10.8818417703 
 10.8785021245 10.8800296732 10.8814987218 
 10.8781470762 10.8796549051 10.8811054889 
 10.8777525677 10.8792364778 10.8806646959 
 10.8773228547 10.8787780725 10.8801794942 
 10.8768629340 10.8782840395 10.8796536339 
 10.8763786219 10.8777594805 10.8790915477 
 10.8758766375 10.8772103399 10.8784984469 
 10.8753646854 10.8766435030 10.8778804281 
 10.8748515274 10.8760668905 10.8772445855 
 10.8743470273 10.8754895411 10.8765991204 
 10.8738621489 10.8749216608 10.8759534324 
 10.8734088758 10.8743746143 10.8753181700 
 10.8730000207 10.8738608231 10.8747052083 
 10.8726488888 10.8733935330 10.8741275152 
 10.8723687675 10.8729864138 10.8735988613 
 10.8721722407 10.8726529686 10.8731333395 
 10.8720703554 10.8724057633 10.8727446817 
 10.8720717216 10.8722555278 10.8724453988 
 10.8721816658 10.8722102341 10.8722458269 
 10.8724015900 10.8722742949 10.8721532094 
 10.8727286733 10.8724480344 10.8721709718 
 10.8731560022 10.8727275508 10.8722983323 
 10.8736731246 10.8731050127 10.8725303336 
 10.8742669276 10.8735693399 10.8728582926 
 10.8749226741 10.8741071377 10.8732705787 
 10.8756250192 10.8747037131 10.8737535720 
 10.8763588672 10.8753440162 10.8742926379 
 10.8771099964 10.8760133976 10.8748729875 
 10.8778654427 10.8766981388 10.8754803441 
 10.8786136775 10.8773857639 10.8761013942 
 10.8793446347 10.8780651730 10.8767240443 
 10.8800496399 10.8787266489 10.8773375235 
 10.8807212875 10.8793617854 10.8779323796 
 10.8813532968 10.8799633725 10.8785004097 
 10.8819403672 10.8805252682 10.8790345565 
 10.8824780442 10.8810422692 10.8795287945 
 10.8829626019 10.8815099942 10.8799780156 
 10.8833909425 10.8819247798 10.8803779266 
 10.8837605136 10.8822835937 10.8807249580 
 10.8840692414 10.8825839621 10.8810161881 
 10.8843154772 10.8828239124 10.8812492807 
 10.8844979564 10.8830019277 10.8814224354 
 10.8846157682 10.8831169133 10.8815343505 
 10.8846683340 10.8831681723 10.8815841968 
 10.8846553939 10.8831553913 10.8815716001 
 10.8845770014 10.8830786337 10.8814966350 
 10.8844335247 10.8829383413 10.8813598260 
 10.8842256555 10.8827353445 10.8811621591 
 10.8839544259 10.8824708807 10.8809051023 
 10.8836212330 10.8821466221 10.8805906365 
 10.8832278743 10.8817647143 10.8802212978 
 10.8827765928 10.8813278262 10.8798002319 
 10.8822701357 10.8808392135 10.8793312620 
 10.8817118276 10.8803027965 10.8788189711 
 10.8811056599 10.8797232546 10.8782687982 
 10.8804563981 10.8791061351 10.8776871471 
 10.8797697065 10.8784579769 10.8770815018 
 10.8790522876 10.8777864411 10.8764605409 
 10.8783120292 10.8771004384 10.8758342328 
 10.8775581447 10.8764102325 10.8752138870 
 10.8768012825 10.8757274902 10.8746121263 
 10.8760535681 10.8750652357 10.8740427356 
 10.8753285299 10.8744376592 10.8735203392 
 10.8746408525 10.8738597293 10.8730598722 
 10.8740059068 10.8733465777 10.8726758353 
 10.8734390342 10.8729126618 10.8723813765 
 10.8729546133 10.8725707740 10.8721872948 
 10.8725650093 10.8723310246 10.8721011169 
 10.8722795626 10.8721999690 10.8721264094 
 10.8721038010 10.8721800428 10.8722624620 
 10.8720390237 10.8722694132 10.8725044048 
 10.8720823258 10.8724622645 10.8728437308 
 10.8722270360 10.8727494447 10.8732691137 
 10.8724634553 10.8731193372 10.8737673672 
 10.8727797496 10.8735588007 10.8743243906 
 10.8731628498 10.8740540439 10.8749259849 
 10.8735992490 10.8745913465 10.8755584754 
 10.8740756364 10.8751575880 10.8762091281 
 10.8745793477 10.8757405902 10.8768663830 
 10.8750986498 10.8763292999 10.8775199453 
 10.8756228876 10.8769138534 10.8781607765 
 10.8761425323 10.8774855599 10.8787810246 
 10.8766491615 10.8780368351 10.8793739217 
 10.8771354002 10.8785611106 10.8799336702 
 10.8775948417 10.8790527342 10.8804553291 
 10.8780219612 10.8795068721 10.8809347089 
 10.8784120313 10.8799194174 10.8813682772 
 10.8787610445 10.8802869100 10.8817530780 
 10.8790656437 10.8806064668 10.8820866631 
 10.8793230628 10.8808757231 10.8823670348 
 10.8795310779 10.8810927845 10.8825926001 
 10.8796879664 10.8812561886 10.8827621333 
 10.8797924768 10.8813648751 10.8828747487 
 10.8798438052 10.8814181643 10.8829298796 
 10.8798415813 10.8814157431 10.8829272651 
 10.8797858607 10.8813576583 10.8828669442 
 10.8796771256 10.8812443170 10.8827492556 
 10.8795162926 10.8810764939 10.8825748451 
 10.8793047279 10.8808553462 10.8823446794 
 10.8790442713 10.8805824358 10.8820600672 
 10.8787372678 10.8802597601 10.8817226885 
 10.8783866090 10.8798897915 10.8813346324 
 10.8779957834 10.8794755268 10.8808984447 
 10.8775689369 10.8790205474 10.8804171864 
 10.8771109430 10.8785290899 10.8798945042 
 10.8766274812 10.8780061286 10.8793347133 
 10.8761251215 10.8774574666 10.8787428930 
 10.8756114089 10.8768898348 10.8781249934 
 10.8750949388 10.8763109890 10.8774879487 
 10.8745854094 10.8757297974 10.8768397900 
 10.8740936285 10.8751562971 10.8761897415 
 10.8736314486 10.8746016975 10.8755482806 
 10.8732115942 10.8740782954 10.8749271299 
 10.8728473473 10.8735992626 10.8743391413 
 10.8725520610 10.8731782702 10.8737980302 
 10.8723384939 10.8728289222 10.8733179210 
 10.8722179908 10.8725640045 10.8729126870 
 10.8721995814 10.8723945940 10.8725951079 
 10.8722891161 10.8723291297 10.8723759169 
 10.8724885882 10.8723725830 10.8722628665 
 10.8727957835 10.8725258848 10.8722599669 
 10.8732043537 10.8727857317 10.8723670461 
 10.8737043185 10.8731448271 10.8725797252 
 10.8742829082 10.8735925174 10.8728898171 
 10.8749255882 10.8741157003 10.8732860690 
 10.8756170829 10.8746998380 10.8737551040 
 10.8763422572 10.8753299128 10.8742824004 
 10.8770867714 10.8759912104 10.8748531699 
 10.8778374948 10.8766698802 10.8754530507 
 10.8785827084 10.8773532736 10.8760685867 
 10.8793121501 10.8780301004 10.8766875089 
 10.8800169561 10.8786904507 10.8772988570 
 10.8806895448 10.8793257332 10.8778929895 
 10.8813234758 10.8799285665 10.8784615225 
 10.8819133064 10.8804926529 10.8789972317 
 10.8824544569 10.8810126510 10.8794939396 
 10.8829430918 10.8814840568 10.8799464030 
 10.8833760182 10.8819030999 10.8803502086 
 10.8837506010 10.8822666543 10.8807016821 
 10.8840646949 10.8825721651 10.8809978098 
 10.8843165897 10.8828175896 10.8812361758 
 10.8845049681 10.8830013504 10.8814149109 
 10.8846288740 10.8831223010 10.8815326545 
 10.8846876909 10.8831797009 10.8815885268 
 10.8846811272 10.8831731998 10.8815821116 
 10.8846092102 10.8831028306 10.8815134483 
 10.8844722872 10.8829690109 10.8813830331 
 10.8842710341 10.8827725521 10.8811918296 
 10.8840064711 10.8825146775 10.8809412893 
 10.8836799881 10.8821970500 10.8806333816 
 10.8832933786 10.8818218102 10.8802706362 
 10.8828488851 10.8813916258 10.8798561964 
 10.8823492573 10.8809097544 10.8793938872 
 10.8817978249 10.8803801219 10.8788882967 
 10.8811985859 10.8798074145 10.8783448716 
 10.8805563138 10.8791971888 10.8777700248 
 10.8798766810 10.8785559928 10.8771712505 
 10.8791663973 10.8778914963 10.8765572366 
 10.8784333556 10.8772126166 10.8759379587 
 10.8776867709 10.8765296206 10.8753247303 
 10.8769372885 10.8758541737 10.8747301734 
 10.8761970248 10.8751992933 10.8741680671 
 10.8754794935 10.8745791574 10.8736530254 
 10.8747993591 10.8740087183 10.8731999707 
 10.8741719704 10.8735030905 10.8728233923 
 10.8736126474 10.8730767171 10.8725364315 
 10.8731357538 10.8727423834 10.8723498896 
 10.8727536492 10.8725102023 10.8722713051 
 10.8724756800 10.8723867418 10.8723042642 
 10.8723073898 10.8723744562 10.8724480786 
 10.8722500986 10.8724715322 10.8726978965 
 10.8723009211 10.8726721676 10.8730452184 
 10.8724531985 10.8729672137 10.8734787119 
 10.8726972341 10.8733450446 10.8739851706 
 10.8730211850 10.8737924988 10.8745504630 
 10.8734119644 10.8742957573 10.8751603533 
 10.8738560423 10.8748410682 10.8758011281 
 10.8743400828 10.8754152803 10.8764600174 
 10.8748513978 10.8760061874 10.8771254306 
 10.8753782338 10.8766027140 10.8777870487 
 10.8759099200 10.8771949798 10.8784358155 
 10.8764369163 10.8777742825 10.8790638678 
 10.8769507936 10.8783330318 10.8796644319 
 10.8774441739 10.8788646571 10.8802317087 
 10.8779106502 10.8793635070 10.8807607588 
 10.8783446992 10.8798247505 10.8812473963 
 10.8787415964 10.8802442848 10.8816880942 
 10.8790973371 10.8806186543 10.8820799021 
 10.8794085667 10.8809449802 10.8824203774 
 10.8796725211 10.8812209012 10.8827075272 
 10.8798869762 10.8814445252 10.8829397625 
 10.8800502079 10.8816143902 10.8831158601 
 10.8801609606 10.8817294344 10.8832349347 
 10.8802184240 10.8817889742 10.8832964180 
 10.8802222179 10.8817926897 10.8833000451 
 10.8801723851 10.8817406181 10.8832458481 
 10.8800693911 10.8816331532 10.8831341557 
 10.8799141314 10.8814710529 10.8829656003 
 10.8797079472 10.8812554532 10.8827411311 
 10.8794526477 10.8809878900 10.8824620353 
 10.8791505422 10.8806703299 10.8821299664 
 10.8788044801 10.8803052085 10.8817469817 
 10.8784179015 10.8798954798 10.8813155894 
 10.8779948968 10.8794446751 10.8808388061 
 10.8775402764 10.8789569738 10.8803202268 
 10.8770596489 10.8784372846 10.8797641070 
 10.8765595061 10.8778913373 10.8791754580 
 10.8760473080 10.8773257810 10.8785601527 
 10.8755315599 10.8767482830 10.8779250401 
 10.8750218681 10.8761676176 10.8772780581 
 10.8745289520 10.8755937273 10.8766283334 
 10.8740645856 10.8750377312 10.8759862455 
 10.8736414352 10.8745118488 10.8753634257 
 10.8732727555 10.8740291986 10.8747726511 
 10.8729719164 10.8736034352 10.8742275913 
 10.8727517482 10.8732481955 10.8737423675 
 10.8726237292 10.8729763586 10.8733309058 
 10.8725970848 10.8727991597 10.8730061034 
 10.8726779148 10.8727252570 10.8727788775 
 10.8728684958 10.8727598893 10.8726572224 
 10.8731669070 10.8729042796 10.8726454300 
 10.8735670742 10.8731554145 10.8727436239 
 10.8740592478 10.8735062578 10.8729477068 
 10.8746308290 10.8739463653 10.8732497342 
 10.8752673876 10.8744627819 10.8736386400 
 10.8759536912 10.8750410525 10.8741011715 
 10.8766745974 10.8756661856 10.8746228700 
 10.8774157224 10.8763234482 10.8751889589 
 10.8781638691 10.8769989399 10.8757850487 
 10.8789072407 10.8776799440 10.8763976294 
 10.8796354941 10.8783550930 10.8770143624 
 10.8803396868 10.8790143983 10.8776242113 
 10.8810121636 10.8796491922 10.8782174574 
 10.8816464172 10.8802520225 10.8787856430 
 10.8822369450 10.8808165268 10.8793214747 
 10.8827791142 10.8813373051 10.8798187117 
 10.8832690420 10.8818098016 10.8802720536 
 10.8837034939 10.8822301994 10.8806770361 
 10.8840797977 10.8825953310 10.8810299384 
 10.8843957752 10.8829026047 10.8813277058 
 10.8846496864 10.8831499442 10.8815678849 
 10.8848401873 10.8833357422 10.8817485729 
 10.8849662975 10.8834588247 10.8818683782 
 10.8850273778 10.8835184258 10.8819263930 
 10.8850231157 10.8835141718 10.8819221746 
 10.8849535190 10.8834460736 10.8818557378 
 10.8848189161 10.8833145277 10.8817275553 
 10.8846199646 10.8831203253 10.8815385685 
 10.8843576672 10.8828646699 10.8812902066 
 10.8840333958 10.8825492047 10.8809844175 
 10.8836489259 10.8821760504 10.8806237087 
 10.8832064816 10.8817478540 10.8802112012 
 10.8827087929 10.8812678520 10.8797506965 
 10.8821591685 10.8807399474 10.8792467580 
 10.8815615841 10.8801688020 10.8787048060 
 10.8809207885 10.8795599459 10.8781312253 
 10.8802424267 10.8789198983 10.8775334797 
 10.8795331788 10.8782562977 10.8769202245 
 10.8788009049 10.8775780278 10.8763014016 
 10.8780547847 10.8768953204 10.8756882901 
 10.8773054269 10.8762198058 10.8750934796 
 10.8765649118 10.8755644688 10.8745307211 
 10.8758467204 10.8749434608 10.8740146102 
 10.8751654928 10.8743717190 10.8735600647 
 10.8745365670 10.8738643594 10.8731815888 
 10.8739752721 10.8734358489 10.8728923626 
 10.8734960053 10.8730990222 10.8727032516 
 10.8731111871 10.8728640675 10.8726218821 
 10.8728302501 10.8727376502 10.8726519458 
 10.8726588434 10.8727223358 10.8727928681 
 10.8725984019 10.8728164255 10.8730399075 
 10.8726461540 10.8730142236 10.8733846609 
 10.8727955417 10.8733066705 10.8738158711 
 10.8730369492 10.8736822060 10.8743203810 
 10.8733585906 10.8741277088 10.8748840834 
 10.8737474111 10.8746293766 10.8754927445 
 10.8741898912 10.8751734544 10.8761326363 
 10.8746726878 10.8757467734 10.8767909628 
 10.8751830932 10.8763371003 10.8774561009 
 10.8757093262 10.8769333273 10.8781176962 
 10.8762406842 10.8775255401 10.8787666581 
 10.8767675944 10.8781050031 10.8793950902 
 10.8772815956 10.8786640946 10.8799961893 
 10.8777752801 10.8791962159 10.8805641299 
 10.8782422140 10.8796956908 10.8810939500 
 10.8786768506 10.8801576670 10.8815814449 
 10.8790744454 10.8805780241 10.8820230720 
 10.8794309771 10.8809532919 10.8824158687 
 10.8797430780 10.8812805805 10.8827573827 
 10.8800079738 10.8815575203 10.8830456150 
 10.8802234336 10.8817822139 10.8832789722 
 10.8803877294 10.8819531966 10.8834562298 
 10.8804996043 10.8820694065 10.8835765032 
 10.8805582497 10.8821301623 10.8836392271 
 10.8805632900 10.8821351491 10.8836441419 
 10.8805147748 10.8820844114 10.8835912871 
 10.8804131794 10.8819783527 10.8834810009 
 10.8802594119 10.8818177430 10.8833139276 
 10.8800548283 10.8816037327 10.8830910302 
 10.8798012560 10.8813378750 10.8828136122 
 10.8795010248 10.8810221560 10.8824833455 
 10.8791570077 10.8806590336 10.8821023083 
 10.8787726713 10.8802514865 10.8816730321 
 10.8783521350 10.8798030739 10.8811985594 
 10.8779002412 10.8793180051 10.8806825135 
 10.8774226331 10.8788012220 10.8801291809 
 10.8769258391 10.8782584893 10.8795436061 
 10.8764173567 10.8776964931 10.8789316977 
 10.8759057295 10.8771229387 10.8783003414 
 10.8754006000 10.8765466380 10.8776575130 
 10.8749127194 10.8759775683 10.8770123757 
 10.8744538857 10.8754268784 10.8763753421 
 10.8740367766 10.8749068077 10.8757580700 
 10.8736746402 10.8744304803 10.8751733516 
 10.8733808158 10.8740115352 10.8746348547 
 10.8731680731 10.8736635679 10.8741566760 
 10.8730477959 10.8733993831 10.8737526875 
 10.8730290801 10.8732301069 10.8734356986 
 10.8731178644 10.8731642542 10.8732165039 
 10.8733162424 10.8732068918 10.8731029425 
 10.8736221018 10.8733590541 10.8730991272 
 10.8740291868 10.8736175380 10.8732049921 
 10.8745275930 10.8739751344 10.8734162564 
 10.8751046075 10.8744212586 10.8737248149 
 10.8757457329 10.8749428581 10.8741194770 
 10.8764357163 10.8755254276 10.8745869095 
 10.8771594342 10.8761539690 10.8751126188 
 10.8779025519 10.8768137791 10.8756818339 
 10.8786519398 10.8774910132 10.8762802033 
 10.8793958790 10.8781730261 10.8768942777 
 10.8801241064 10.8788485297 10.8775117925 
 10.8808277576 10.8795076157 10.8781217909 
 10.8814992500 10.8801416937 10.8787146342 
 10.8821321420 10.8807433830 10.8792819406 
 10.8827209894 10.8813063858 10.8798164868 
 10.8832612103 10.8818253593 10.8803120954 
 10.8837489658 10.8822957973 10.8807635214 
 10.8841810583 10.8827139253 10.8811663485 
 10.8845548471 10.8830766119 10.8815168970 
 10.8848681793 10.8833812947 10.8818121462 
 10.8851193353 10.8836259214 10.8820496705 
 10.8853069865 10.8838089031 10.8822275888 
 10.8854301636 10.8839290793 10.8823445258 
 10.8854882342 10.8839856927 10.8823995843 
 10.8854808884 10.8839783736 10.8823923274 
 10.8854081324 10.8839071325 10.8823227705 
 10.8852702895 10.8837723610 10.8821913822 
 10.8850680080 10.8835748409 10.8819990945 
 10.8848022771 10.8833157622 10.8817473228 
 10.8844744517 10.8829967499 10.8814379956 
 10.8840862858 10.8826199016 10.8810735965 
 10.8836399778 10.8821878372 10.8806572170 
 10.8831382279 10.8817037609 10.8801926242 
 10.8825843107 10.8811715383 10.8796843416 
 10.8819821631 10.8805957900 10.8791377451 
 10.8813364913 10.8799819996 10.8785591700 
 10.8806528940 10.8793366365 10.8779560273 
 10.8799380015 10.8786672861 10.8773369174 
 10.8791996225 10.8779827781 10.8767117266 
 10.8784468852 10.8772932912 10.8760916817 
 10.8776903493 10.8766104072 10.8754893265 
 10.8769420524 10.8759470710 10.8749183784 
 10.8762154437 10.8753174085 10.8743934163 
 10.8755251481 10.8747363512 10.8739293638 
 10.8748865103 10.8742190339 10.8735407576 
 10.8743148928 10.8737799713 10.8732408390 
 10.8738247554 10.8734320748 10.8730405624 
 10.8734286100 10.8731856370 10.8729476670 
 10.8731360054 10.8730474487 10.8729659745 
 10.8729527246 10.8730202145 10.8730950492 
 10.8728803450 10.8731023786 10.8733302882 
 10.8729162361 10.8732883827 10.8736634179 
 10.8730539708 10.8735692903 10.8740832933 
 10.8732840460 10.8739336436 10.8745768474 
 10.8735947650 10.8743683989 10.8751300383 
 10.8739731369 10.8748598055 10.8757286725 
 10.8744056803 10.8753941360 10.8763590400 
 10.8748790675 10.8759582277 10.8770083441 
 10.8753805872 10.8765398370 10.8776649466 
 10.8758984395 10.8771278330 10.8783184678 
 10.8764218932 10.8777122702 10.8789597852 
 10.8769413401 10.8782843771 10.8795809674 
 10.8774482806 10.8788364939 10.8801751747 
 10.8779352680 10.8793619842 10.8807365460 
 10.8783958306 10.8798551359 10.8812600860 
 10.8788243870 10.8803110636 10.8817415592 
 10.8792161614 10.8807256177 10.8821773957 
 10.8795671063 10.8810953032 10.8825646098 
 10.8798738325 10.8814172098 10.8829007306 
 10.8801335500 10.8816889530 10.8831837445 
 10.8803440179 10.8819086255 10.8834120488 
 10.8805035043 10.8820747584 10.8835844144 
 10.8806107548 10.8821862913 10.8836999574 
 10.8806649698 10.8822425503 10.8837581184 
 10.8806657896 10.8822432342 10.8837586496 
 10.8806132871 10.8821884077 10.8837016078 
 10.8805079681 10.8820785014 10.8835873551 
 10.8803507794 10.8819143195 10.8834165660 
 10.8801431242 10.8816970547 10.8831902411 
 10.8798868855 10.8814283104 10.8829097284 
 10.8795844587 10.8811101315 10.8825767529 
 10.8792387926 10.8807450445 10.8821934544 
 10.8788534395 10.8803361068 10.8817624354 
 10.8784326162 10.8798869664 10.8812868197 
 10.8779812737 10.8794019336 10.8807703227 
 10.8775051749 10.8788860619 10.8802173346 
 10.8770109778 10.8783452398 10.8796330156 
 10.8765063187 10.8777862871 10.8790234013 
 10.8759998839 10.8772170511 10.8783955155 
 10.8755014577 10.8766464894 10.8777574793 
 10.8750219232 10.8760847224 10.8771186043 
 10.8745731879 10.8755430287 10.8764894466 
 10.8741680002 10.8750337499 10.8758817899 
 10.8738196210 10.8745700668 10.8753085190 
 10.8735413234 10.8741656083 10.8747833405 
 10.8733457133 10.8738338708 10.8743203129 
 10.8732439003 10.8735874543 10.8739331728 
 10.8732445955 10.8734371656 10.8736344808 
 10.8733532564 10.8733910913 10.8734346671 
 10.8735714322 10.8734537846 10.8733411043 
 10.8738964490 10.8736257205 10.8733573681 
 10.8743215256 10.8739031412 10.8734828300 
 10.8748363170 10.8742783393 10.8737126724 
 10.8754277888 10.8747403316 10.8740383278 
 10.8760812553 10.8752757919 10.8744482525 
 10.8767814013 10.8758700715 10.8749288867 
 10.8775131453 10.8765081465 10.8754656341 
 10.8782622706 10.8771753811 10.8760437284 
 10.8790158130 10.8778580636 10.8766489060 
 10.8797622418 10.8785437209 10.8772678612 
 10.8804914881 10.8792212543 10.8778885053 
 10.8811948749 10.8798809476 10.8785000710 
 10.8818649938 10.8805143942 10.8790931084 
 10.8824955613 10.8811143840 10.8796594161 
 10.8830812734 10.8816747732 10.8801919374 
 10.8836176714 10.8821903558 10.8806846451 
 10.8841010238 10.8826567461 10.8811324281 
 10.8845282256 10.8830702742 10.8815309873 
 10.8848967154 10.8834278991 10.8818767453 
 10.8852044082 10.8837271360 10.8821667693 
 10.8854496415 10.8839659980 10.8823987087 
 10.8856311343 10.8841429514 10.8825707457 
 10.8857479566 10.8842568811 10.8826815575 
 10.8857995069 10.8843070662 10.8827302893 
 10.8857854994 10.8842931654 10.8827165377 
 10.8857059572 10.8842152099 10.8826403426 
 10.8855612143 10.8840736047 10.8825021894 
 10.8853519234 10.8838691382 10.8823030189 
 10.8850790725 10.8836030001 10.8820442479 
 10.8847440090 10.8832768090 10.8817277992 
 10.8843484745 10.8828926498 10.8813561437 
 10.8838946494 10.8824531236 10.8809323534 
 10.8833852110 10.8819614099 10.8804601695 
 10.8828234059 10.8814213448 10.8799440838 
 10.8822131392 10.8808375137 10.8793894348 
 10.8815590810 10.8802153613 10.8788025165 
 10.8808667914 10.8795613149 10.8781906950 
 10.8801428606 10.8788829165 10.8775625250 
 10.8793950571 10.8781889524 10.8769278481 
 10.8786324715 10.8774895615 10.8762978509 
 10.8778656310 10.8767962920 10.8756850454 
 10.8771065493 10.8761220653 10.8751031288 
 10.8763686636 10.8754809980 10.8745666753 
 10.8756666022 10.8748880287 10.8740906218 
 10.8750157305 10.8743583184 10.8736895367 
 10.8744314500 10.8739064261 10.8733767103 
 10.8739282764 10.8735453239 10.8731631597 
 10.8735187912 10.8732853775 10.8730566976 
 10.8732126223 10.8731334592 10.8730612258 
 10.8730156376 10.8730923604 10.8731763930 
 10.8729295015 10.8731606138 10.8733976830 
 10.8729516703 10.8733327496 10.8737169090 
 10.8730758009 10.8735999164 10.8741230103 
 10.8732924682 10.8739507352 10.8746029975 
 10.8735900443 10.8743722309 10.8751428959 
 10.8739555955 10.8748507088 10.8757285663 
 10.8743756836 10.8753724822 10.8763463379 
 10.8748370086 10.8759244145 10.8769834381 
 10.8753268732 10.8764942733 10.8776282391 
 10.8758334783 10.8770709272 10.8782703601 
 10.8763460834 10.8776444200 10.8789006677 
 10.8768550627 10.8782059621 10.8795112134 
 10.8773518944 10.8787478713 10.8800951355 
 10.8778291058 10.8792634856 10.8806465488 
 10.8782801991 10.8797470669 10.8811604326 
 10.8786995667 10.8801937044 10.8816325271 
 10.8790824095 10.8805992249 10.8820592397 
 10.8794246591 10.8809601128 10.8824375643 
 10.8797229098 10.8812734408 10.8827650129 
 10.8799743595 10.8815368116 10.8830395586 
 10.8801767608 10.8817483097 10.8832595896 
 10.8803283807 10.8819064635 10.8834238723 
 10.8804279701 10.8820102152 10.8835315235 
 10.8804747413 10.8820588999 10.8835819898 
 10.8804683536 10.8820522315 10.8835750353 
 10.8804089065 10.8819902969 10.8835107350 
 10.8802969405 10.8818735564 10.8833894759 
 10.8801334459 10.8817028517 10.8832119645 
 10.8799198786 10.8814794215 10.8829792415 
 10.8796581843 10.8812049245 10.8826927033 
 10.8793508321 10.8808814714 10.8823541328 
 10.8790008556 10.8805116646 10.8819657374 
 10.8786119046 10.8800986495 10.8815301987 
 10.8781883061 10.8796461750 10.8810507313 
 10.8777351347 10.8791586651 10.8805311547 
 10.8772582901 10.8786413012 10.8799759770 
 10.8767645795 10.8781001131 10.8793904905 
 10.8762617983 10.8775420750 10.8787808778 
 10.8757587978 10.8769751983 10.8781543221 
 10.8752655267 10.8764086103 10.8775191142 
 10.8747930207 10.8758525978 10.8768847396 
 10.8743533146 10.8753185914 10.8762619229 
 10.8739592393 10.8748190531 10.8756625967 
 10.8736240717 10.8743672311 10.8750997566 
 10.8733610109 10.8739767451 10.8745871573 
 10.8731824783 10.8736609816 10.8741388175 
 10.8730992765 10.8734323108 10.8737683222 
 10.8731196884 10.8733011825 10.8734879536 
 10.8732486418 10.8732752088 10.8733077353 
 10.8734870930 10.8733583796 10.8732345243 
 10.8738317648 10.8735505633 10.8732713082 
 10.8742753195 10.8738474088 10.8734168506 
 10.8748069532 10.8742406843 10.8736657624 
 10.8754133038 10.8747189938 10.8740089913 
 10.8760794989 10.8752687343 10.8744346304 
 10.8767901674 10.8758751171 10.8749288916 
 10.8775302779 10.8765230984 10.8754770802 
 10.8782857386 10.8771981172 10.8760644412 
 10.8790437555 10.8778865999 10.8766768041 
 10.8797929893 10.8785762487 10.8773010112 
 10.8805235661 10.8792561560 10.8779251519 
 10.8812269961 10.8799167972 10.8785386485 
 10.8818960447 10.8805499487 10.8791322392 
 10.8825245846 10.8811485689 10.8796979013 
 10.8831074512 10.8817066666 10.8802287427 
 10.8836403081 10.8822191716 10.8807188849 
 10.8841195306 10.8826818176 10.8811633495 
 10.8845421068 10.8830910394 10.8815579545 
 10.8849055557 10.8834438872 10.8818992251 
 10.8852078618 10.8837379551 10.8821843180 
 10.8854474226 10.8839713249 10.8824109602 
 10.8856230084 10.8841425213 10.8825774010 
 10.8857337328 10.8842504795 10.8826823748 
 10.8857790314 10.8842945213 10.8827250757 
 10.8857586488 10.8842743408 10.8827051411 
 10.8856726335 10.8841899985 10.8826226451 
 10.8855213394 10.8840419229 10.8824781001 
 10.8853054345 10.8838309204 10.8822724684 
 10.8850259177 10.8835581942 10.8820071826 
 10.8846841433 10.8832253713 10.8816841760 
 10.8842818563 10.8828345412 10.8813059253 
 10.8838212369 10.8823883056 10.8808755042 
 10.8833049596 10.8818898414 10.8803966515 
 10.8827362658 10.8813429791 10.8798738535 
 10.8821190534 10.8807522965 10.8793124407 
 10.8814579845 10.8801232292 10.8787186971 
 10.8807586110 10.8794621949 10.8780999786 
 10.8800275157 10.8787767266 10.8774648300 
 10.8792724621 10.8780756041 10.8768230855 
 10.8785025392 10.8773689629 10.8761859275 
 10.8777282777 10.8766683527 10.8755658686 
 10.8769617003 10.8759867020 10.8749766118 
 10.8762162599 10.8753381398 10.8744327418 
 10.8755066051 10.8747376217 10.8739492087 
 10.8748481246 10.8742003267 10.8735405937 
 10.8742562421 10.8737408293 10.8732201951 
 10.8737454900 10.8733721106 10.8729990300 
 10.8733284565 10.8731045353 10.8728849014 
 10.8730147652 10.8729449651 10.8728816938 
 10.8728102694 10.8728961744 10.8729890360 
 10.8727166139 10.8729566778 10.8732023953 
 10.8727312359 10.8731209924 10.8735135783 
 10.8728477796 10.8733802639 10.8739115302 
 10.8730568171 10.8737231219 10.8743832814 
 10.8733467285 10.8741366106 10.8749148870 
 10.8737045967 10.8746070621 10.8754922436 
 10.8741170053 10.8751208200 10.8761017175 
 10.8745706786 10.8756647772 10.8767305712 
 10.8750529418 10.8762267284 10.8773672063 
 10.8755520156 10.8767955634 10.8780012655 
 10.8760571745 10.8773613423 10.8786236321 
 10.8765588036 10.8779152862 10.8792263682 
 10.8770483874 10.8784497186 10.8798026177 
 10.8775184563 10.8789579796 10.8803464966 
 10.8779625125 10.8794343302 10.8808529825 
 10.8783749472 10.8798738566 10.8813178116 
 10.8787509586 10.8802723819 10.8817373864 
 10.8790864758 10.8806263860 10.8821086952 
 10.8793780908 10.8809329379 10.8824292446 
 10.8796230008 10.8811896371 10.8826970034 
 10.8798189584 10.8813945668 10.8829103562 
 10.8799642335 10.8815462554 10.8830680677 
 10.8800575817 10.8816436475 10.8831692548 
 10.8800982231 10.8816860830 10.8832133667 
 10.8800858279 10.8816732838 10.8832001724 
 10.8800205098 10.8816053477 10.8831297550 
 10.8799028278 10.8814827494 10.8830025126 
 10.8797337945 10.8813063493 10.8828191669 
 10.8795148932 10.8810774090 10.8825807772 
 10.8792481024 10.8807976152 10.8822887636 
 10.8789359290 10.8804691114 10.8819449373 
 10.8785814513 10.8800945394 10.8815515399 
 10.8781883704 10.8796770901 10.8811112930 
 10.8777610717 10.8792205651 10.8806274584 
 10.8773046957 10.8787294487 10.8801039100 
 10.8768252160 10.8782089908 10.8795452187 
 10.8763295207 10.8776652978 10.8789567482 
 10.8758254922 10.8771054282 10.8783447610 
 10.8753220732 10.8765374840 10.8777165286 
 10.8748293037 10.8759706872 10.8770804367 
 10.8743583059 10.8754154188 10.8764460691 
 10.8739211873 10.8748831965 10.8758242470 
 10.8735308289 10.8743865530 10.8752269904 
 10.8732005220 10.8739387800 10.8746673618 
 10.8729434331 10.8735534997 10.8741591504 
 10.8727718932 10.8732440478 10.8737163621 
 10.8726965514 10.8730226813 10.8733525102 
 10.8727254756 10.8728996717 10.8730797385 
 10.8728633302 10.8728823938 10.8729078669 
 10.8731107787 10.8729745572 10.8728434940 
 10.8734642503 10.8731757327 10.8728893159 
 10.8739161397 10.8734812815 10.8730437979 
 10.8744554262 10.8738827210 10.8733012749 
 10.8750685942 10.8743684612 10.8736524636 
 10.8757406850 10.8749247695 10.8740852863 
 10.8764563013 10.8755367921 10.8745858486 
 10.8772004328 10.8761894750 10.8751394091 
 10.8779590413 10.8768682876 10.8757312152 
 10.8787194059 10.8775597147 10.8763471352 
 10.8794702686 10.8782515325 10.8769740727 
 10.8802018379 10.8789329134 10.8776001913 
 10.8809057031 10.8795944125 10.8782149917 
 10.8815747019 10.8802278824 10.8788092903 
 10.8822027732 10.8808263520 10.8793751380 
 10.8827848107 10.8813838933 10.8799057110 
 10.8833165299 10.8818954932 10.8803951929 
 10.8837943517 10.8823569360 10.8808386610 
 10.8842153048 10.8827647018 10.8812319834 
 10.8845769440 10.8831158808 10.8815717301 
 10.8848772858 10.8834081031 10.8818550979 
 10.8851147563 10.8836394827 10.8820798501 
 10.8852881520 10.8838085737 10.8822442687 
 10.8853966099 10.8839143378 10.8823471180 
 10.8854395875 10.8839561213 10.8823876197 
 10.8854168498 10.8839336413 10.8823654368 
 10.8853284644 10.8838469796 10.8822806671 
 10.8851748035 10.8836965852 10.8821338461 
 10.8849565526 10.8834832844 10.8819259580 
 10.8846747280 10.8832082994 10.8816584566 
 10.8843307015 10.8828732767 10.8813332969 
 10.8839262356 10.8824803252 10.8809529768 
 10.8834635288 10.8820320667 10.8805205921 
 10.8829452748 10.8815316993 10.8800399048 
 10.8823747356 10.8809830757 10.8795154255 
 10.8817558313 10.8803907981 10.8789525107 
 10.8810932487 10.8797603282 10.8783574724 
 10.8803925666 10.8790981124 10.8777376969 
 10.8796603977 10.8784117153 10.8771017614 
 10.8789045386 10.8777099500 10.8764595339 
 10.8781341136 10.8770029875 10.8758222316 
 10.8773596905 10.8763024130 10.8752023998 
 10.8765933289 10.8756211884 10.8746137699 
 10.8758485148 10.8749734698 10.8740709460 
 10.8751399223 10.8743742286 10.8735888833 
 10.8744829516 10.8738386430 10.8731821485 
 10.8738930179 10.8733812640 10.8728640010 
 10.8733846203 10.8730150235 10.8726453936 
 10.8729702861 10.8727502103 10.8725340409 
 10.8726595522 10.8725935886 10.8725337214 
 10.8724581660 10.8725478206 10.8726439493 
 10.8723676564 10.8726113057 10.8728600812 
 10.8723853465 10.8727784540 10.8731738264 
 10.8725047788 10.8730403216 10.8735740551 
 10.8727164439 10.8733854718 10.8740477477 
 10.8730086646 10.8738009082 10.8745809348 
 10.8733684908 10.8742729455 10.8751595105 
 10.8737824953 10.8747879300 10.8757698555 
 10.8742374088 10.8753327719 10.8763992579 
 10.8747205758 10.8758952925 10.8770361518 
 10.8752202443 10.8764644138 10.8776702146 
 10.8757257202 10.8770302296 10.8782923648 
 10.8762274215 10.8775839943 10.8788946971 
 10.8767168643 10.8781180628 10.8794703853 
 10.8771866089 10.8786258035 10.8800135716 
 10.8776301846 10.8791015021 10.8805192564 
 10.8780420059 10.8795402663 10.8809831950 
 10.8784172911 10.8799379368 10.8814018052 
 10.8787519861 10.8802910084 10.8817720880 
 10.8790426962 10.8805965610 10.8820915593 
 10.8792866285 10.8808522027 10.8823581943 
 10.8794815426 10.8810560217 10.8825703819 
 10.8796257123 10.8812065492 10.8827268880 
 10.8797178943 10.8813027298 10.8828268287 
 10.8797573068 10.8813439008 10.8828696500 
 10.8797436155 10.8813297791 10.8828551154 
 10.8796769268 10.8812604548 10.8827833003 
 10.8795577898 10.8811363929 10.8826545932 
 10.8793872042 10.8809584412 10.8824697034 
 10.8791666380 10.8807278464 10.8822296761 
 10.8788980511 10.8804462776 10.8819359147 
 10.8785839296 10.8801158584 10.8815902115 
 10.8782273277 10.8797392078 10.8811947867 
 10.8778319196 10.8793194915 10.8807523381 
 10.8774020613 10.8788604827 10.8802661011 
 10.8769428608 10.8783666353 10.8797399208 
 10.8764602571 10.8778431659 10.8791783367 
 10.8759611020 10.8772961457 10.8785866788 
 10.8754532404 10.8767325963 10.8779711741 
 10.8749455781 10.8761605824 10.8773390573 
 10.8744481207 10.8755892895 10.8766986772 
 10.8739719614 10.8750290661 10.8760595824 
 10.8735291878 10.8744914032 10.8754325634 
 10.8731326750 10.8739888186 10.8748296176 
 10.8727957281 10.8735346046 10.8742637977 
 10.8725315529 10.8731424064 10.8737489012 
 10.8723525502 10.8728256110 10.8732989678 
 10.8722694732 10.8725965594 10.8729275740 
 10.8722905279 10.8724656416 10.8726469616 
 10.8724205450 10.8724403837 10.8724670824 
 10.8726603734 10.8725246718 10.8723946971 
 10.8730066297 10.8727182652 10.8724326838 
 10.8734518820 10.8730167096 10.8725796957 
 10.8739852511 10.8734116852 10.8728302440 
 10.8745933202 10.8738917283 10.8731751951 
 10.8752611822 10.8744431883 10.8736025815 
 10.8759734465 10.8750512467 10.8740985738 
 10.8767150734 10.8757008430 10.8746484517 
 10.8774719689 10.8763774077 10.8752374452 
 10.8782313406 10.8770673638 10.8758513759 
 10.8789818520 10.8777584128 10.8764770818 
 10.8797136322 10.8784396474 10.8771026499 
 10.8804181946 10.8791015436 10.8777175010 
 10.8810883073 10.8797358787 10.8783123729 
 10.8817178461 10.8803356127 10.8788792425 
 10.8823016493 10.8808947560 10.8794112185 
 10.8828353844 10.8814082414 10.8799024243 
 10.8833154312 10.8818718062 10.8803478845 
 10.8837387834 10.8822818906 10.8807434217 
 10.8841029669 10.8826355513 10.8810855676 
 10.8844059745 10.8829303909 10.8813714871 
 10.8846462137 10.8831645014 10.8815989179 
 10.8848224670 10.8833364202 10.8817661220 
 