10.8913823474 10.8922091212 10.8929436677 
 10.8915022933 10.8923310685 10.8930674196 
 10.8915530260 10.8923826189 10.8931197033 
 10.8915345395 10.8923637834 10.8931005446 
 10.8914468405 10.8922745622 10.8930099381 
 10.8912899488 10.8921149453 10.8928478485 
 10.8910639035 10.8918849184 10.8926142160 
 10.8907687736 10.8915844733 10.8923089663 
 10.8904046739 10.8912136233 10.8919320263 
 10.8899717869 10.8907724241 10.8914833435 
 10.8894703903 10.8902610011 10.8909629133 
 10.8889008927 10.8896795831 10.8903708108 
 10.8882638778 10.8890285449 10.8897072325 
 10.8875601590 10.8883084601 10.8889725471 
 10.8867908477 10.8875201668 10.8881673590 
 10.8859574381 10.8866648493 10.8872925873 
 10.8850619106 10.8857441390 10.8863495639 
 10.8841068600 10.8847602387 10.8853401554 
 10.8830956491 10.8837160750 10.8842669119 
 10.8820325916 10.8826154794 10.8831332484 
 10.8809231628 10.8814634022 10.8819436579 
 10.8797742325 10.8802661523 10.8807039575 
 10.8785943053 10.8790316540 10.8794215559 
 10.8773937413 10.8777696955 10.8781057240 
 10.8761849126 10.8764921294 10.8767678309 
 10.8749822335 10.8752129664 10.8754214882 
 10.8738019889 10.8739482828 10.8740825267 
 10.8726618890 10.8727158638 10.8727687169 
 10.8715803111 10.8715345242 10.8714991655 
 10.8705752555 10.8704231121 10.8702933685 
 10.8696631303 10.8693992881 10.8691699980 
 10.8688575517 10.8684782600 10.8681455880 
 10.8681683669 10.8676716917 10.8672333494 
 10.8676010596 10.8669869721 10.8664423190 
 10.8671566003 10.8664269331 10.8657769615 
 10.8668317036 10.8659900020 10.8652372271 
 10.8666193917 10.8656706896 10.8648189752 
 10.8665097346 10.8654602860 10.8645146320 
 10.8664906537 10.8653476429 10.8643139553 
 10.8665486999 10.8653199507 10.8642048085 
 10.8666697519 10.8653634490 10.8641738777 
 10.8668396027 10.8654640399 10.8642073005 
 10.8670444268 10.8656077902 10.8642911907 
 10.8672711316 10.8657813255 10.8644120610 
 10.8675076053 10.8659721239 10.8645571497 
 10.8677428801 10.8661687247 10.8647146655 
 10.8679672273 10.8663608666 10.8648739602 
 10.8681722037 10.8665395714 10.8650256470 
 10.8683506634 10.8666971882 10.8651616742 
 10.8684967495 10.8668274103 10.8652753680 
 10.8686058745 10.8669252754 10.8653614536 
 10.8686746980 10.8669871573 10.8654160629 
 10.8687011065 10.8670107560 10.8654367360 
 10.8686841994 10.8669950891 10.8654224194 
 10.8686242832 10.8669404888 10.8653734660 
 10.8685228749 10.8668486036 10.8652916358 
 10.8683827136 10.8667224067 10.8651800989 
 10.8682077803 10.8665662068 10.8650434371 
 10.8680033209 10.8663856598 10.8648876415 
 10.8677758696 10.8661877744 10.8647200997 
 10.8675332653 10.8659809061 10.8645495661 
 10.8672846522 10.8657747288 10.8643861054 
 10.8670404526 10.8655801722 10.8642409983 
 10.8668122981 10.8654093130 10.8641265979 
 10.8666129017 10.8652752029 10.8640561227 
 10.8664558534 10.8651916183 10.8640433726 
 10.8663553202 10.8651727169 10.8641023554 
 10.8663256355 10.8652325897 10.8642468149 
 10.8663807701 10.8653847017 10.8644896534 
 10.8665336843 10.8656412266 10.8648422573 
 10.8667955824 10.8660122960 10.8653137446 
 10.8671751089 10.8665052072 10.8659101831 
 10.8676775592 10.8671236661 10.8666338591 
 10.8683042059 10.8678671702 10.8674827092 
 10.8690518649 10.8687306631 10.8684500518 
 10.8699128234 10.8697045796 10.8695247358 
 10.8708752075 10.8707753473 10.8706917605 
 10.8719237800 10.8719263128 10.8719333102 
 10.8730410586 10.8731389504 10.8732300368 
 10.8742085592 10.8743941432 10.8745623617 
 10.8754079591 10.8756733233 10.8759115871 
 10.8766220196 10.8769593302 10.8772606911 
 10.8778351975 10.8782369364 10.8785947751 
 10.8790339525 10.8794930707 10.8799012131 
 10.8802068121 10.8807168106 10.8811695855 
 10.8813442694 10.8818992276 10.8823914809 
 10.8824385872 10.8830331557 10.8835602361 
 10.8834835606 10.8841129323 10.8846706615 
 10.8844742758 10.8851341456 10.8857187804 
 10.8854068846 10.8860934047 10.8867015963 
 10.8862784050 10.8869881396 10.8876168933 
 10.8870865514 10.8878164327 10.8884630697 
 10.8878295923 10.8885768800 10.8892390013 
 10.8885062335 10.8892684766 10.8899439311 
 10.8891155239 10.8898905257 10.8905773794 
 10.8896567775 10.8904425638 10.8911390727 
 10.8901295125 10.8909243013 10.8916288856 
 10.8905334005 10.8913355744 10.8920467946 
 10.8908682267 10.8916763061 10.8923928406 
 10.8911338574 10.8919464757 10.8926670989 
 10.8913302152 10.8921460939 10.8928696556 
 10.8914572590 10.8922751843 10.8930005894 
 10.8915149705 10.8923337696 10.8930599582 
 10.8915033451 10.8923218632 10.8930477908 
 10.8914223875 10.8922394651 10.8929640830 
 10.8912721131 10.8920865623 10.8928087982 
 10.8910525527 10.8918631348 10.8925818727 
 10.8907637637 10.8915691653 10.8922832259 
 10.8904058448 10.8912046544 10.8919127745 
 10.8899789583 10.8907696412 10.8914704532 
 10.8894833564 10.8902642298 10.8909562395 
 10.8889194166 10.8896886226 10.8903701868 
 10.8882876850 10.8890431622 10.8897124642 
 10.8875889298 10.8883283831 10.8889834070 
 10.8868242088 10.8875450765 10.8881835788 
 10.8859949521 10.8866943703 10.8873138492 
 10.8851030647 10.8857778285 10.8863754908 
 10.8841510517 10.8847975738 10.8853702983 
 10.8831421709 10.8837564372 10.8843007360 
 10.8820806133 10.8826581381 10.8831701163 
 10.8809717126 10.8815074955 10.8819828116 
 10.8798221784 10.8803106676 10.8807444981 
 10.8786403378 10.8790754091 10.8794624241 
 10.8774363628 10.8778113240 10.8781456831 
 10.8762224374 10.8765300757 10.8768054565 
 10.8750128055 10.8752454944 10.8754551716 
 10.8738236236 10.8739735078 10.8741104973 
 10.8726725448 10.8727318121 10.8727890914 
 10.8715779888 10.8715392220 10.8715100263 
 10.8705581193 10.8704146983 10.8702928686 
 10.8696296324 10.8693761374 10.8691564792 
 10.8688065421 10.8684390957 10.8681176955 
 10.8680991705 10.8676156709 10.8671901214 
 10.8675135089 10.8669137291 10.8663832391 
 10.8670510258 10.8663365815 10.8657019690 
 10.8667088886 10.8658830999 10.8651466912 
 10.8664805021 10.8655481795 10.8647136428 
 10.8663562366 10.8653234211 10.8643955614 
 10.8663242276 10.8651979092 10.8641824449 
 10.8663711577 10.8651589902 10.8640623264 
 10.8664829627 10.8651929904 10.8640219974 
 10.8666454293 10.8652858370 10.8640476431 
 10.8668446745 10.8654235710 10.8641253763 
 10.8670675089 10.8655927513 10.8642416686 
 10.8673016972 10.8657807588 10.8643836857 
 10.8675361311 10.8659760146 10.8645395399 
 10.8677609331 10.8661681258 10.8646984707 
 10.8679675102 10.8663479770 10.8648509693 
 10.8681485709 10.8665077800 10.8649888579 
 10.8682981205 10.8666410944 10.8651053368 
 10.8684114442 10.8667428315 10.8651950090 
 10.8684850859 10.8668092480 10.8652538903 
 10.8685168292 10.8668379371 10.8652794122 
 10.8685056833 10.8668278206 10.8652704215 
 10.8684518768 10.8667791456 10.8652271797 
 10.8683568605 10.8666934863 10.8651513645 
 10.8682233183 10.8665737510 10.8650460713 
 10.8680551856 10.8664241922 10.8649158145 
 10.8678576708 10.8662504165 10.8647665236 
 10.8676372777 10.8660593894 10.8646055296 
 10.8674018200 10.8658594275 10.8644415339 
 10.8671604198 10.8656601683 10.8642845509 
 10.8669234796 10.8654725073 10.8641458137 
 10.8667026112 10.8653084881 10.8640376308 
 10.8665105079 10.8651811306 10.8639731801 
 10.8663607398 10.8651041826 10.8639662276 
 10.8662674550 10.8650917788 10.8640307581 
 10.8662449727 10.8651579969 10.8641805076 
 10.8663072574 10.8653163037 10.8644283923 
 10.8664672771 10.8655788953 10.8647858391 
 10.8667362623 10.8659559511 10.8652620384 
 10.8671229062 10.8664548447 10.8658631631 
 10.8676325760 10.8670793842 10.8665916333 
 10.8682666340 10.8678291887 10.8674455386 
 10.8690219944 10.8686993286 10.8684183526 
 10.8698910360 10.8696803533 10.8694990605 
 10.8708619538 10.8707587744 10.8706727589 
 10.8719195448 10.8719179781 10.8719216765 
 10.8730463189 10.8731394297 10.8732264530 
 10.8742237455 10.8744039582 10.8745674480 
 10.8754334257 10.8756929100 10.8759258675 
 10.8766580278 10.8769890211 10.8772845750 
 10.8778819112 10.8782769570 10.8786285547 
 10.8790914438 10.8795435459 10.8799450714 
 10.8802750727 10.8807777778 10.8812236101 
 10.8814232249 10.8819706523 10.8824556811 
 10.8825281123 10.8831149473 10.8836345597 
 10.8835834928 10.8842049585 10.8847550101 
 10.8845844272 10.8852362452 10.8858130227 
 10.8855270521 10.8862053980 10.8868055786 
 10.8864083781 10.8871098365 10.8877304487 
 10.8872261182 10.8879476392 10.8885860243 
 10.8879785440 10.8887174029 10.8893711800 
 10.8886643681 10.8894181273 10.8900851607 
 10.8892826476 10.8900491224 10.8907274920 
 10.8898327069 10.8906099334 10.8912979072 
 10.8903140749 10.8911002802 10.8917962891 
 10.8907264343 10.8915200091 10.8922226233 
 10.8910695812 10.8918690536 10.8925769601 
 10.8913433924 10.8921474026 10.8928593841 
 10.8915477998 10.8923550764 10.8930699906 
 10.8916827709 10.8924921070 10.8932088666 
 10.8917482944 10.8925585247 10.8932760778 
 10.8917443707 10.8925543488 10.8932716595 
 10.8916710082 10.8924795836 10.8931956124 
 10.8915282230 10.8923342185 10.8930479035 
 10.8913160446 10.8921182336 10.8928284706 
 10.8910345257 10.8918316090 10.8925372320 
 10.8906837577 10.8914743399 10.8921741013 
 10.8902638911 10.8910464566 10.8917390063 
 10.8897751629 10.8905480508 10.8912319151 
 10.8892179302 10.8899793080 10.8906528670 
 10.8885927133 10.8893405489 10.8900020128 
 10.8879002485 10.8886322804 10.8892796641 
 10.8871415542 10.8878552591 10.8884863543 
 10.8863180121 10.8870105703 10.8876229156 
 10.8854314690 10.8860997257 10.8866905737 
 10.8844843596 10.8851247844 10.8856910659 
 10.8834798574 10.8840885005 10.8846267865 
 10.8824220535 10.8829945010 10.8835009627 
 10.8813161646 10.8818474955 10.8823178651 
 10.8801687651 10.8806535144 10.8810830496 
 10.8789880313 10.8794201669 10.8798036253 
 10.8777839716 10.8781568966 10.8784885296 
 10.8765686031 10.8768751982 10.8771487766 
 10.8753560136 10.8755887375 10.8757976249 
 10.8741622345 10.8743133009 10.8744505908 
 10.8730048494 10.8730664893 10.8731252180 
 10.8719022893 10.8718670951 10.8718405290 
 10.8708728283 10.8707341508 10.8706161288 
 10.8699333785 10.8696857282 10.8694710187 
 10.8690982627 10.8687376573 10.8684222756 
 10.8683781774 10.8679023824 10.8674838231 
 10.8677795184 10.8671881562 10.8666655094 
 10.8673041506 10.8665986782 10.8659726316 
 10.8669496011 10.8661331795 10.8654059244 
 10.8667095769 10.8657868646 10.8649619350 
 10.8665746836 10.8655515815 10.8646336537 
 10.8665332236 10.8654165978 10.8644112707 
 10.8665719817 10.8653693814 10.8642829527 
 10.8666769391 10.8653963250 10.8642355721 
 10.8668338802 10.8654833751 10.8642553495 
 10.8670288820 10.8656165535 10.8643283952 
 10.8672486870 10.8657823696 10.8644411477 
 10.8674809716 10.8659681330 10.8645807165 
 10.8677145273 10.8661621775 10.8647351401 
 10.8679393704 10.8663540141 10.8648935732 
 10.8681467998 10.8665344266 10.8650464145 
 10.8683294183 10.8666955249 10.8651853908 
 10.8684811299 10.8668307690 10.8653036067 
 10.8685971242 10.8669349744 10.8653955710 
 10.8686738568 10.8670043076 10.8654572092 
 10.8687090297 10.8670362770 10.8654858664 
 10.8687015777 10.8670297261 10.8654803080 
 10.8686516621 10.8669848294 10.8654407192 
 10.8685606721 10.8669030945 10.8653687059 
 10.8684312360 10.8667873678 10.8652672962 
 10.8682672378 10.8666418445 10.8651409412 
 10.8680738393 10.8664720778 10.8649955104 
 10.8678575005 10.8662849827 10.8648382779 
 10.8676259937 10.8660888278 10.8646778907 
 10.8673884020 10.8658932048 10.8645243117 
 10.8671550898 10.8657089657 10.8643887252 
 10.8669376330 10.8655481129 10.8642833949 
 10.8667486909 10.8654236290 10.8642214592 
 10.8666018031 10.8653492301 10.8642166527 
 10.8665110935 10.8653390274 10.8642829396 
 10.8664908656 10.8654070875 10.8644340502 
 10.8665550818 10.8655668823 10.8646829142 
 10.8667167257 10.8658306341 10.8650409961 
 10.8669870654 10.8662085735 10.8655175509 
 10.8673748573 10.8667081527 10.8661188450 
 10.8678855571 10.8673332845 10.8668474187 
 10.8685206377 10.8680837135 10.8677015015 
 10.8692771369 10.8689546464 10.8686747136 
 10.8701475576 10.8699367638 10.8697561782 
 10.8711202037 10.8710166877 10.8709311029 
 10.8721799522 10.8721778802 10.8721817878 
 10.8733093552 10.8734018402 10.8734888984 
 10.8744898856 10.8746693896 10.8748327769 
 10.8757031137 10.8759618332 10.8761945784 
 10.8769316536 10.8772618435 10.8775570945 
 10.8781597970 10.8785540112 10.8789052282 
 10.8793738406 10.8798250881 10.8802261635 
 10.8805621631 10.8810639929 10.8815093115 
 10.8817151310 10.8822616626 10.8827461180 
 10.8828249042 10.8834108226 10.8839298048 
 10.8838851986 10.8845057261 10.8850550933 
 10.8848910422 10.8855418995 10.8861179404 
 10.8858385461 10.8865159082 10.8871153022 
 10.8867247027 10.8874251536 10.8880449312 
 10.8875472122 10.8882677017 10.8889052060 
 10.8883043378 10.8890421408 10.8896949928 
 10.8889947871 10.8897474660 10.8904135317 
 10.8896176154 10.8903829852 10.8910603460 
 10.8901721471 10.8909482438 10.8916351691 
 10.8906579131 10.8914429637 10.8921378856 
 10.8910745991 10.8918669942 10.8925684838 
 10.8914220054 10.8922202728 10.8929270180 
 10.8917000137 10.8925027934 10.8932135775 
 10.8919085612 10.8927145817 10.8934282629 
 10.8920476214 10.8928556754 10.8935711667 
 10.8921171887 10.8929261108 10.8936423606 
 10.8921172699 10.8929259133 10.8936418857 
 10.8920478793 10.8928550932 10.8935697488 
 10.8919090387 10.8927136458 10.8934259225 
 10.8917007833 10.8925015567 10.8932103500 
 10.8914231707 10.8922188111 10.8929229549 
 10.8910762967 10.8918654088 10.8925636549 
 10.8906603156 10.8914413838 10.8921323819 
 10.8901754672 10.8909468307 10.8916291066 
 10.8896221103 10.8903819368 10.8910538703 
 10.8890007655 10.8897470234 10.8904068244 
 10.8883121680 10.8890425965 10.8896882795 
 10.8875573330 10.8882694098 10.8888987664 
 10.8867376370 10.8874285436 10.8880391124 
 10.8858549182 10.8865215017 10.8871105355 
 10.8849116000 10.8855503320 10.8861147624 
 10.8839108401 10.8845177736 10.8850541724 
 10.8828567091 10.8834274335 10.8839319733 
 10.8817543979 10.8822839960 10.8827524106 
 10.8806104491 10.8810934601 10.8815210090 
 10.8794330012 10.8798633972 10.8802448400 
 10.8782320195 10.8786032069 10.8789327965 
 10.8770194741 10.8773243356 10.8775958429 
 10.8758094054 10.8760403989 10.8762471852 
 10.8746178013 10.8747671353 10.8749022885 
 10.8734622123 10.8735221071 10.8735786528 
 10.8723610528 10.8723240838 10.8722952721 
 10.8713326018 10.8711920966 10.8710717444 
 10.8703937991 10.8701442409 10.8699270900 
 10.8695590157 10.8691963933 10.8688784311 
 10.8688390099 10.8683610626 10.8679397563 
 10.8682402439 10.8676465733 10.8671209910 
 10.8677646457 10.8670566962 10.8664275105 
 10.8674097951 10.8665907247 10.8658601206 
 10.8671694390 10.8662439122 10.8654154262 
 10.8670342095 10.8660081414 10.8650864606 
 10.8669924238 10.8658727007 10.8648634416 
 10.8670308728 10.8658250680 10.8647345508 
 10.8671355379 10.8658516376 10.8646866654 
 10.8672922003 10.8659383528 10.8647060035 
 10.8674869323 10.8660712287 10.8647786686 
 10.8677064715 10.8662367673 10.8648910898 
 10.8679384900 10.8664222701 10.8650303659 
 10.8681717753 10.8666160634 10.8651845249 
 10.8683963402 10.8668076510 10.8653427105 
 10.8686034798 10.8669878096 10.8654953114 
 10.8687857926 10.8671486419 10.8656340440 
 10.8689371773 10.8672836001 10.8657520025 
 10.8690528166 10.8673874911 10.8658436848 
 10.8691291571 10.8674564708 10.8659050046 
 10.8691638899 10.8674880357 10.8659332938 
 10.8691559360 10.8674810151 10.8659273034 
 10.8691054403 10.8674355673 10.8658872024 
 10.8690137727 10.8673531808 10.8658145788 
 10.8688835392 10.8672366810 10.8657124415 
 10.8687185989 10.8670902398 10.8655852206 
 10.8685240857 10.8669193851 10.8654387638 
 10.8683064297 10.8667310056 10.8652803224 
 10.8680733718 10.8665333422 10.8651185212 
 10.8678339625 10.8663359595 10.8649633011 
 10.8675985344 10.8661496834 10.8648258264 
 10.8673786330 10.8659864926 10.8647183432 
 10.8671868908 10.8658593494 10.8646539757 
 10.8670368251 10.8657819544 10.8646464481 
 10.8669425447 10.8657684097 10.8647097195 
 10.8669183462 10.8658327797 10.8648575202 
 10.8669781954 10.8659885421 10.8651027861 
 10.8671350903 10.8662479342 10.8654569943 
 10.8674003262 10.8666212112 10.8659294196 
 10.8677826993 10.8671158600 10.8665263556 
 10.8682877184 10.8677358387 10.8672503786 
 10.8689169217 10.8684809476 10.8680997618 
 10.8696674225 10.8693464569 10.8690681768 
 10.8705318055 10.8703231165 10.8701448025 
 10.8714984573 10.8713976181 10.8713149040 
 10.8725523315 10.8725534886 10.8725608348 
 10.8736760460 10.8737722816 10.8738633061 
 10.8748511229 10.8750348603 10.8752026954 
 10.8760591651 10.8763225565 10.8765601811 
 10.8772828024 10.8776180555 10.8779185669 
 10.8785063286 10.8789059496 10.8792627587 
 10.8797160319 10.8801729840 10.8805799366 
 10.8809002759 10.8814080647 10.8818595027 
 10.8820494077 10.8826021130 10.8830928909 
 10.8831555660 10.8837478367 10.8842733099 
 10.8842124451 10.8848394717 10.8853954674 
 10.8852150518 10.8858725268 10.8864553067 
 10.8861594778 10.8868435512 10.8874497712 
 10.8870426971 10.8877499315 10.8883766013 
 10.8878623934 10.8885897198 10.8892341648 
 10.8886168151 10.8893614922 10.8900213177 
 10.8893046570 10.8900642329 10.8907372914 
 10.8899249628 10.8906972405 10.8913816015 
 10.8904770474 10.8912600521 10.8919539746 
 10.8909604333 10.8917523826 10.8924542894 
 10.8913748000 10.8921740758 10.8928825298 
 10.8917199426 10.8925250648 10.8932387462 
 10.8919957394 10.8928053407 10.8935230253 
 10.8922021259 10.8930149273 10.8937354660 
 10.8923390753 10.8931538621 10.8938761607 
 10.8924065836 10.8932221825 10.8939451814 
 10.8924046608 10.8932199164 10.8939425713 
 10.8923333264 10.8931470784 10.8938683407 
 10.8921926095 10.8930036698 10.8937224667 
 10.8919825542 10.8927896837 10.8935048989 
 10.8917032298 10.8925051151 10.8932155686 
 10.8913547459 10.8921499752 10.8928544034 
 10.8909372732 10.8917243123 10.8924213466 
 10.8904510706 10.8912282373 10.8919163829 
 10.8898965194 10.8906619567 10.8913395696 
 10.8892741662 10.8900258142 10.8906910774 
 10.8885847761 10.8893203418 10.8899712389 
 10.8878293988 10.8885463233 10.8891806108 
 10.8870094507 10.8877048737 10.8883200506 
 10.8861268161 10.8867975375 10.8873908117 
 10.8851839712 10.8858264097 10.8863946620 
 10.8841841349 10.8847942838 10.8853340292 
 10.8831314475 10.8837048300 10.8842121776 
 10.8820311790 10.8825628048 10.8830334180 
 10.8808899608 10.8813742890 10.8818033500 
 10.8797160275 10.8801469447 10.8805291290 
 10.8785194455 10.8788902689 10.8792197401 
 10.8773122847 10.8776158066 10.8778862435 
 10.8761086743 10.8763372664 10.8765419389 
 10.8749246671 10.8750704617 10.8752023717 
 10.8737778384 10.8738329969 10.8738850962 
 10.8726865713 10.8726436344 10.8726091181 
 10.8716690452 10.8715213363 10.8713939913 
 10.8707420280 10.8704840600 10.8702586274 
 10.8699196537 10.8695474794 10.8692199765 
 10.8692123957 10.8687238494 10.8682918039 
 10.8686264075 10.8680212124 10.8674837793 
 10.8681633087 10.8674430511 10.8668010125 
 10.8678203934 10.8669883867 10.8662440545 
 10.8675911613 10.8666522314 10.8658092807 
 10.8674660451 10.8664262675 10.8654895302 
 10.8674332150 10.8662996286 10.8652748662 
 10.8674793675 10.8662596840 10.8651533561 
 10.8675904383 10.8662927634 10.8651118018 
 10.8677522063 10.8663847854 10.8651363822 
 10.8679507774 10.8665217753 10.8652131931 
 10.8681729510 10.8666902735 10.8653286829 
 10.8684064813 10.8668776422 10.8654699921 
 10.8686402505 10.8670722841 10.8656252069 
 10.8688643728 10.8672637894 10.8657835415 
 10.8690702459 10.8674430256 10.8659354621 
 10.8692505679 10.8676021870 10.8660727663 
 10.8693993307 10.8677348142 10.8661886291 
 10.8695118024 10.8678357970 10.8662776267 
 10.8695845051 10.8679013669 10.8663357462 
 10.8696151950 10.8679290873 10.8663603868 
 10.8696028476 10.8679178453 10.8663503597 
 10.8695476511 10.8678678476 10.8663058869 
 10.8694510090 10.8677806223 10.8662286022 
 10.8693155508 10.8676590258 10.8661215530 
 10.8691451502 10.8675072531 10.8659892024 
 10.8689449480 10.8673308492 10.8658374258 
 10.8687213746 10.8671367140 10.8656734985 
 10.8684821663 10.8669330969 10.8655060664 
 10.8682363661 10.8667295682 10.8653450901 
 10.8679942979 10.8665369593 10.8652017531 
 10.8677674993 10.8663672552 10.8650883201 
 10.8675685971 10.8662334258 10.8650179335 
 10.8674111072 10.8661491812 10.8650043345 
 10.8673091403 10.8661286331 10.8650614949 
 10.8672769991 10.8661858541 10.8652031513 
 10.8673286561 10.8663343260 10.8654422355 
 10.8674771159 10.8665862823 10.8657902067 
 10.8677336756 10.8669519636 10.8662563048 
 10.8681071277 10.8674388307 10.8668467722 
 10.8686029705 10.8680508044 10.8675641187 
 10.8692227280 10.8687876414 10.8684065440 
 10.8699635001 10.8696445702 10.8693676490 
 10.8708178665 10.8706123105 10.8704365579 
 10.8717742244 10.8716775450 10.8715985078 
 10.8728175584 10.8728238179 10.8728358585 
 10.8739305369 10.8740327275 10.8741293608 
 10.8750947490 10.8752852023 10.8754594588 
 10.8762918727 10.8765626520 10.8768074135 
 10.8775046133 10.8778478426 10.8781561163 
 10.8787173334 10.8791254421 10.8794905567 
 10.8799163796 10.8803822605 10.8807979879 
 10.8810901604 10.8816072560 10.8820678720 
 10.8822290552 10.8827913891 10.8832916896 
 10.8833252233 10.8839273943 10.8844626827 
 10.8843723697 10.8850095240 10.8855755817 
 10.8853655038 10.8860332950 10.8866263435 
 10.8863007140 10.8869952579 10.8876119177 
 10.8871749665 10.8878927957 10.8885300456 
 10.8879859340 10.8887239537 10.8893790919 
 10.8887318522 10.8894872984 10.8901579066 
 10.8894114020 10.8901818033 10.8908657131 
 10.8900236129 10.8908067551 10.8915020180 
 10.8905677859 10.8913616791 10.8920665382 
 10.8910434300 10.8918462787 10.8925591425 
 10.8914502124 10.8922603865 10.8929798051 
 10.8917879169 10.8926039256 10.8933285673 
 10.8920564122 10.8928768777 10.8936055075 
 10.8922556261 10.8930792591 10.8938107171 
 10.8923855257 10.8932111013 10.8939442823 
 10.8924461035 10.8932724372 10.8940062705 
 10.8924373683 10.8932632928 10.8939967220 
 10.8923593412 10.8931836828 10.8939156458 
 10.8922120558 10.8930336113 10.8937630204 
 10.8919955643 10.8928130770 10.8935387991 
 10.8917099476 10.8925220840 10.8932429196 
 10.8913553308 10.8921606560 10.8928753194 
 10.8909319049 10.8917288577 10.8924359548 
 10.8904399538 10.8912268210 10.8919248276 
 10.8898798895 10.8906547784 10.8913420171 
 10.8892522958 10.8900131055 10.8906877206 
 10.8885579821 10.8893023727 10.8899623039 
 10.8877980513 10.8885234102 10.8891663639 
 10.8869739827 10.8876773885 10.8883008067 
 10.8860877351 10.8867659186 10.8873669445 
 10.8851418731 10.8857911745 10.8863666156 
 10.8841397190 10.8847560435 10.8853023326 
 10.8830855340 10.8836643066 10.8841774605 
 10.8819847279 10.8825208496 10.8829964291 
 10.8808440902 10.8813319022 10.8817649767 
 10.8796720309 10.8801052937 10.8804904173 
 10.8784788027 10.8788507033 10.8791819113 
 10.8772766627 10.8775798642 10.8778507048 
 10.8760799104 10.8763066649 10.8765102813 
 10.8749047286 10.8750470683 10.8751763485 
 10.8737687531 10.8738187707 10.8738665756 
 10.8726903295 10.8726405392 10.8726000066 
 10.8716874802 10.8715312291 10.8713961308 
 10.8707766912 10.8705085686 10.8702736770 
 10.8699717037 10.8695878882 10.8692492984 
 10.8692825202 10.8687810138 10.8683363715 
 10.8687147876 10.8680955121 10.8675441235 
 10.8682696272 10.8675343867 10.8668772089 
 10.8679438789 10.8670962130 10.8663357477 
 10.8677306573 10.8667756164 10.8659157357 
 10.8676200931 10.8665639662 10.8656096977 
 10.8676001407 10.8664501614 10.8654074547 
 10.8676573638 10.8664214132 10.8652969024 
 10.8677776405 10.8664639641 10.8652647359 
 10.8679467560 10.8665637068 10.8652970853 
 10.8681508741 10.8667066924 10.8653800469 
 10.8683768910 10.8668795281 10.8655001102 
 10.8686126849 10.8670696736 10.8656444883 
 10.8688472788 10.8672656502 10.8658013638 
 10.8690709355 10.8674571796 10.8659600636 
 10.8692752025 10.8676352668 10.8661111758 
 10.8694529231 10.8677922431 10.8662466242 
 10.8695982265 10.8679217828 10.8663597093 
 10.8697065077 10.8680189012 10.8664451295 
 10.8697744035 10.8680799465 10.8664989871 
 10.8697997722 10.8681025882 10.8665187894 
 10.8697816786 10.8680858083 10.8665034465 
 10.8697203880 10.8680298974 10.8664532706 
 10.8696173688 10.8679364568 10.8663699765 
 10.8694753047 10.8678084065 10.8662566852 
 10.8692981137 10.8676499966 10.8661179255 
 10.8690909726 10.8674668194 10.8659596329 
 10.8688603410 10.8672658167 10.8657891376 
 10.8686139788 10.8670552749 10.8656151366 
 10.8683609492 10.8668447989 10.8654476391 
 10.8681115945 10.8666452525 10.8652978742 
 10.8678774699 10.8664686522 10.8651781501 
 10.8676712207 10.8663279981 10.8651016484 
 10.8675063813 10.8662370277 10.8650821432 
 10.8673970801 10.8662098755 10.8651336293 
 10.8673576339 10.8662606272 10.8652698515 
 10.8674020221 10.8664027639 10.8655037292 
 10.8675432430 10.8666484986 10.8658466830 
 10.8677925702 10.8670080273 10.8663078841 
 10.8681587509 10.8674887385 10.8668934739 
 10.8686472165 10.8680944556 10.8676058335 
 10.8692594062 10.8688248191 10.8684430150 
 10.8699923272 10.8696749364 10.8693984700 
 10.8708384724 10.8706354174 10.8704611911 
 10.8717861738 10.8716928646 10.8716163221 
 10.8728203844 10.8728307850 10.8728461806 
 10.8739237814 10.8740307867 10.8741315304 
 10.8750780000 10.8752738515 10.8754528764 
 10.8762647930 10.8765414734 10.8767915743 
 10.8774669569 10.8778165198 10.8781306278 
 10.8786689495 10.8790837634 10.8794551412 
 10.8798572071 10.8803301125 10.8807524746 
 10.8810202168 10.8815446110 10.8820121834 
 10.8821484222 10.8827182893 10.8832258245 
 10.8832340323 10.8838439366 10.8843866999 
 10.8842707879 10.8849158455 10.8854895849 
 10.8852537229 10.8859295609 10.8865304684 
 10.8861789399 10.8868816511 10.8875063212 
 10.8870434120 10.8877695088 10.8884148974 
 10.8878448127 10.8885911825 10.8892545678 
 10.8885813742 10.8893452376 10.8900241836 
 10.8892517705 10.8900306426 10.8907229655 
 10.8898550222 10.8906466771 10.8913504148 
 10.8903904200 10.8911928577 10.8919062412 
 10.8908574622 10.8916688780 10.8923903052 
 10.8912558046 10.8920745605 10.8928025719 
 10.8915852204 10.8924098178 10.8931430732 
 10.8918455679 10.8926746222 10.8934118782 
 10.8920367655 10.8928689804 10.8936090693 
 10.8921587723 10.8929929155 10.8937347242 
 10.8922115739 10.8930464536 10.8937889032 
 10.8921951744 10.8930296147 10.8937716401 
 10.8921095918 10.8929424097 10.8936829394 
 10.8919548595 10.8927848408 10.8935227764 
 10.8917310316 10.8925569072 10.8932911035 
 10.8914381942 10.8922586160 10.8929878598 
 10.8910764808 10.8918899972 10.8926129867 
 10.8906460945 10.8914511249 10.8921664479 
 10.8901473359 10.8909421442 10.8916482557 
 10.8895806382 10.8903633058 10.8910585041 
 10.8889466122 10.8897150079 10.8903974098 
 10.8882461006 10.8889978500 10.8896653634 
 10.8874802473 10.8882126982 10.8888629932 
 10.8866505815 10.8873607672 10.8879912444 
 10.8857591225 10.8864437220 10.8870514773 
 10.8848085070 10.8854638023 10.8860455899 
 10.8838021441 10.8844239746 10.8849761667 
 10.8827443974 10.8833281146 10.8838466601 
 10.8816407963 10.8821812199 10.8826616043 
 10.8804982672 10.8809896503 10.8814268604 
 10.8793253730 10.8797613826 10.8801498836 
 10.8781325302 10.8785062577 10.8788399918 
 10.8769321611 10.8772361769 10.8775085991 
 10.8757387174 10.8759651902 10.8761693558 
 10.8745684994 10.8747093966 10.8748381183 
 10.8734392014 10.8734865780 10.8735326626 
 10.8723691435 10.8723155118 10.8722720718 
 10.8713762212 10.8712149670 10.8710757838 
 10.8704766892 10.8702024811 10.8699623734 
 10.8696839670 10.8692930986 10.8689482411 
 10.8690076732 10.8684982884 10.8680464346 
 10.8684530466 10.8678252260 10.8672658085 
 10.8680208121 10.8672765255 10.8666106388 
 10.8677074545 10.8668504053 10.8660806921 
 10.8675057931 10.8665411867 10.8656716576 
 10.8674057318 10.8663399981 10.8653758125 
 10.8673950681 10.8662355632 10.8651827912 
 10.8674602735 10.8662149798 10.8650803621 
 10.8675871906 10.8662644321 10.8650551458 
 10.8677616157 10.8663698013 10.8650932437 
 10.8679697606 10.8665171650 10.8651807605 
 10.8681985965 10.8666931863 10.8653042245 
 10.8684360948 10.8668854018 10.8654509102 
 10.8686713824 10.8670824241 10.8656090782 
 10.8688948309 10.8672740743 10.8657681438 
 10.8690980969 10.8674514603 10.8659187901 
 10.8692741300 10.8676070167 10.8660530380 
 10.8694171604 10.8677345176 10.8661642852 
 10.8695226776 10.8678290739 10.8662473242 
 10.8695874056 10.8678871236 10.8662983479 
 10.8696092827 10.8679064195 10.8663149491 
 10.8695874463 10.8678860207 10.8662961183 
 10.8695222273 10.8678262887 10.8662422428 
 10.8694151537 10.8677288900 10.8661551077 
 10.8692689629 10.8675968042 10.8660378996 
 10.8690876222 10.8674343367 10.8658952089 
 10.8688763533 10.8672471315 10.8657330290 
 10.8686416572 10.8670421787 10.8655587454 
 10.8683913333 10.8668278107 10.8653811074 
 10.8681344822 10.8666136763 10.8652101742 
 10.8678814818 10.8664106810 10.8650572222 
 10.8676439220 10.8662308808 10.8649346026 
 10.8674344801 10.8660873117 10.8648555355 
 10.8672667197 10.8659937420 10.8648338253 
 10.8671547927 10.8659643281 10.8648834866 
 10.8671130305 10.8660131667 10.8650182691 
 10.8671554143 10.8661537332 10.8652510779 
 10.8672949267 10.8663982139 10.8655932955 
 10.8675428037 10.8667567536 10.8660540280 
 10.8679077301 10.8672366624 10.8666393230 
 10.8683950497 10.8678416599 10.8673514417 
 10.8690060926 10.8685712621 10.8681882976 
 10.8697377444 10.8694204425 10.8691431976 
 10.8705823769 10.8703796828 10.8702050000 
 10.8715282162 10.8714354785 10.8713587412 
 10.8725601387 10.8725712645 10.8725866718 
 10.8736607819 10.8737686184 10.8738695335 
 10.8748117801 10.8750085318 10.8751878513 
 10.8759949175 10.8762725411 10.8765230335 
 10.8771930452 10.8775435780 10.8778581561 
 10.8783906884 10.8788064894 10.8791784039 
 10.8795743536 10.8800482590 10.8804712172 
 10.8807325952 10.8812580010 10.8817262240 
 10.8818559165 10.8824268071 10.8829350444 
 10.8829365771 10.8835475182 10.8840910329 
 10.8839683590 10.8846144682 10.8851890065 
 10.8849463284 10.8856232341 10.8862249865 
 10.8858666124 10.8865704088 10.8871959681 
 10.8867262018 10.8874534023 10.8880997230 
 10.8875227826 10.8882702754 10.8889346343 
 10.8882545949 10.8890196014 10.8896995610 
 10.8889203172 10.8897003531 10.8903937285 
 10.8895189721 10.8903118118 10.8910166396 
 10.8900498498 10.8908534938 10.8915680039 
 10.8905124466 10.8913250905 10.8920476801 
 10.8909064149 10.8917264212 10.8924556298 
 10.8912315237 10.8920573943 10.8927918811 
 10.8914876265 10.8923179770 10.8930564981 
 10.8916746361 10.8925081705 10.8932495579 
 10.8917925057 10.8926279922 10.8933711326 
 10.8918412150 10.8926774620 10.8934212763 
 10.8918207620 10.8926565939 10.8934000169 
 10.8917311589 10.8925653928 10.8933073529 
 10.8915724331 10.8924038550 10.8931432540 
 10.8913446336 10.8921719744 10.8929076671 
 10.8910478413 10.8918697529 10.8926005263 
 10.8906821859 10.8914972163 10.8922217688 
 10.8902478668 10.8910544351 10.8917713545 
 10.8897451822 10.8905415519 10.8912492932 
 10.8891745641 10.8899588158 10.8906556774 
 10.8885366233 10.8893066249 10.8899907233 
 10.8878322043 10.8885855800 10.8892548231 
 10.8870624550 10.8877965509 10.8884486083 
 10.8862289107 10.8869407581 10.8875730295 
 10.8853336001 10.8860198755 10.8866294558 
 10.8843791730 10.8850361549 10.8856197969 
 10.8833690556 10.8839925796 10.8845466534 
 10.8823076337 10.8828930468 10.8834134989 
 10.8812004644 10.8817425812 10.8822248943 
 10.8800545081 10.8805475762 10.8809867337 
 10.8788783674 10.8793160485 10.8797065125 
 10.8776825037 10.8780578846 10.8783935948 
 10.8764793875 10.8767850357 10.8770594460 
 10.8752835177 10.8755116026 10.8757177699 
 10.8741112367 10.8742537308 10.8743844735 
 10.8729802683 10.8730292383 10.8730773741 
 10.8719089443 10.8718569207 10.8718155796 
 10.8709151492 10.8707555424 10.8706185289 
 10.8700151037 10.8697426109 10.8695047714 
 10.8692221737 10.8688331181 10.8684906565 
 10.8685459128 10.8680384650 10.8675891619 
 10.8679914917 10.8673657524 10.8668090628 
 10.8675595731 10.8668175237 10.8661545562 
 10.8672465902 10.8663919361 10.8656253389 
 10.8670453247 10.8660832643 10.8652170441 
 10.8669456561 10.8658826046 10.8649219089 
 10.8669353684 10.8657786614 10.8647295424 
 10.8670009284 10.8657585247 10.8646276999 
 10.8671281787 10.8658083775 10.8646029990 
 10.8673029192 10.8659141052 10.8646415442 
 10.8675113660 10.8660617920 10.8647294478 
 10.8677404947 10.8662381083 10.8648532476 
 10.8679782809 10.8664305984 10.8650002288 
 10.8682138551 10.8666278822 10.8651586623 
 10.8684375926 10.8668197880 10.8653179740 
 10.8686411538 10.8669974305 10.8654688573 
 10.8688174929 10.8671532518 10.8656033434 
 10.8689608461 10.8672810338 10.8657148405 
 10.8690667102 10.8673758970 10.8657981523 
 10.8691318190 10.8674342900 10.8658494842 
 10.8691541225 10.8674539787 10.8658664429 
 10.8691327729 10.8674340372 10.8658480341 
 10.8690681185 10.8673748444 10.8657946623 
 10.8689617076 10.8672780865 10.8657081317 
 10.8688163011 10.8671467659 10.8655916497 
 10.8686358924 10.8669852126 10.8654498289 
 10.8684257323 10.8667990972 10.8652886864 
 10.8681923534 10.8665954381 10.8651156318 
 10.8679435881 10.8663825969 10.8649394390 
 10.8676885710 10.8661702513 10.8647701905 
 10.8674377137 10.8659693349 10.8646191844 
 10.8672026381 10.8657919290 10.8644987914 
 10.8669960504 10.8656510915 10.8644222468 
 10.8668315373 10.8655606068 10.8644033663 
 10.8667232669 10.8655346415 10.8644561697 
 10.8666855778 10.8655872943 10.8645944062 
 10.8667324474 10.8657320335 10.8648309735 
 10.8668768421 10.8659810287 10.8651772392 
 10.8671299684 10.8663443971 10.8656422863 
 10.8675004676 10.8668294099 10.8662321307 
 10.8679936256 10.8674397364 10.8669489929 
 10.8686107021 10.8681748318 10.8677907369 
 10.8693485020 10.8690296003 10.8687506127 
 10.8701993104 10.8699944494 10.8698174177 
 10.8711512669 10.8710558013 10.8709761273 
 10.8721891685 10.8721970237 10.8722089364 
 10.8732955864 10.8733996386 10.8734965401 
 10.8744521055 10.8746445968 10.8748194289 
 10.8756404792 10.8759134097 10.8761589896 
 10.8768435447 10.8771889979 10.8774982883 
 10.8780458270 10.8784562090 10.8788225092 
 10.8792338435 10.8797020358 10.8801190990 
 10.8803961654 10.8809156070 10.8813776969 
 10.8815233172 10.8820880319 10.8825899365 
 10.8826075812 10.8832121703 10.8837491870 
 10.8836427622 10.8842823750 10.8848502806 
 10.8846239483 10.8852942414 10.8858892530 
 10.8855472873 10.8862443792 10.8868631133 
 10.8864097888 10.8871302144 10.8877696457 
 10.8872091559 10.8879498220 10.8886072450 
 10.8879436438 10.8887017878 10.8893747805 
 10.8886119444 10.8893850960 10.8900714868 
 10.8892130918 10.8899990377 10.8906968748 
 10.8897463861 10.8905431373 10.8912506610 
 10.8902113318 10.8910170935 10.8917327100 
 10.8906075880 10.8914207309 10.8921429883 
 10.8909349285 10.8917539626 10.8924815276 
 10.8911932102 10.8920167583 10.8927483945 
 10.8913823474 10.8922091212 10.8929436677 
 