10.8748285621 10.8730031767 10.8711840938 
 10.8749190143 10.8730885460 10.8712637222 
 10.8749557828 10.8731231124 10.8712958109 
 10.8749382331 10.8731061516 10.8712795417 
 10.8748665425 10.8730378647 10.8712151406 
 10.8747417031 10.8729193820 10.8711038810 
 10.8745655379 10.8727527788 10.8709480986 
 10.8743407290 10.8725411032 10.8707512170 
 10.8740708578 10.8722884155 10.8705177827 
 10.8737604566 10.8719998357 10.8702535057 
 10.8734150688 10.8716815981 10.8699653015 
 10.8730413159 10.8713411053 10.8696613275 
 10.8726469638 10.8709869762 10.8693510029 
 10.8722409807 10.8706290735 10.8690450009 
 10.8718335727 10.8702784979 10.8687551924 
 10.8714361780 10.8699475254 10.8684945240 
 10.8710613963 10.8696494654 10.8682768056 
 10.8707228229 10.8693984120 10.8681163853 
 10.8704347593 10.8692088637 10.8680276962 
 10.8702117724 10.8690951970 10.8680246647 
 10.8700680919 10.8690709928 10.8681199949 
 10.8700168558 10.8691482425 10.8683243593 
 10.8700692509 10.8693364887 10.8686455630 
 10.8702336276 10.8696419927 10.8690877742 
 10.8705147078 10.8700670464 10.8696509427 
 10.8709130179 10.8706095563 10.8703305305 
 10.8714246678 10.8712630104 10.8711176498 
 10.8720415529 10.8720168758 10.8719996377 
 10.8727519704 10.8728573914 10.8729609985 
 10.8735415578 10.8737686304 10.8739845587 
 10.8743943907 10.8747336490 10.8750526390 
 10.8752940589 10.8757355405 10.8761480656 
 10.8762245749 10.8767582676 10.8772549157 
 10.8771710343 10.8777872176 10.8783589682 
 10.8781200156 10.8788094928 10.8794478951 
 10.8790597543 10.8798139906 10.8805112580 
 10.8799801506 10.8807913365 10.8815403805 
 10.8808726690 10.8817337316 10.8825281542 
 10.8817301806 10.8826347612 10.8834688218 
 10.8825467828 10.8834891941 10.8843577628 
 10.8833176190 10.8842927926 10.8851912973 
 10.8840387130 10.8850421425 10.8859665147 
 10.8847068214 10.8857345057 10.8866811275 
 10.8853193077 10.8863676956 10.8873333496 
 10.8858740367 10.8869399751 10.8879217969 
 10.8863692867 10.8874499710 10.8884454056 
 10.8868036777 10.8878966057 10.8889033660 
 10.8871761131 10.8882790412 10.8892950694 
 10.8874857324 10.8885966345 10.8896200653 
 10.8877318739 10.8888489011 10.8898780268 
 10.8879140447 10.8890354877 10.8900687240 
 10.8880318987 10.8891561502 10.8901920033 
 10.8880852206 10.8892107386 10.8902477729 
 10.8880739151 10.8891991868 10.8902359929 
 10.8879980025 10.8891215088 10.8901566713 
 10.8878576193 10.8889777984 10.8900098646 
 10.8876530246 10.8887682359 10.8897956831 
 10.8873846110 10.8884930987 10.8895143023 
 10.8870529233 10.8881527785 10.8891659786 
 10.8866586821 10.8877478047 10.8887510717 
 10.8862028153 10.8872788739 10.8882700737 
 10.8856864990 10.8867468888 10.8877236453 
 10.8851112069 10.8861530057 10.8871126617 
 10.8844787731 10.8854986943 10.8864382697 
 10.8837914680 10.8847858109 10.8857019580 
 10.8830520918 10.8840166885 10.8849056441 
 10.8822640860 10.8831942461 10.8840517807 
 10.8814316661 10.8823221202 10.8831434847 
 10.8805599752 10.8814048189 10.8821846911 
 10.8796552552 10.8804478999 10.8811803329 
 10.8787250284 10.8794581641 10.8801365440 
 10.8777782735 10.8784438561 10.8790608761 
 10.8768255692 10.8774148473 10.8779625117 
 10.8758791653 10.8763827659 10.8768524420 
 10.8749529285 10.8753610235 10.8757435615 
 10.8740621009 10.8743646749 10.8746506165 
 10.8732228205 10.8734100467 10.8735899368 
 10.8724513786 10.8725140945 10.8725788932 
 10.8717632498 10.8716934921 10.8716350618 
 10.8711719965 10.8709635357 10.8707751498 
 10.8706882099 10.8703370075 10.8700138134 
 10.8703186676 10.8698231898 10.8693625567 
 10.8700658494 10.8694271947 10.8688289000 
 10.8699278775 10.8691497091 10.8684159472 
 10.8698988581 10.8689871598 10.8681223868 
 10.8699695291 10.8689322267 10.8679428726 
 10.8701280880 10.8689745844 10.8678686741 
 10.8703610699 10.8691017468 10.8678884734 
 10.8706541718 10.8692999048 10.8679891926 
 10.8709929545 10.8695546788 10.8681567721 
 10.8713633883 10.8698517411 10.8683768424 
 10.8717522414 10.8701772912 10.8686352676 
 10.8721473267 10.8705183906 10.8689185538 
 10.8725376355 10.8708631751 10.8692141358 
 10.8729133867 10.8712009709 10.8695105591 
 10.8732660203 10.8715223389 10.8697975806 
 10.8735881559 10.8718190710 10.8700662099 
 10.8738735331 10.8720841573 10.8703087095 
 10.8741169475 10.8723117380 10.8705185715 
 10.8743141875 10.8724970513 10.8706904810 
 10.8744619786 10.8726363830 10.8708202767 
 10.8745579377 10.8727270233 10.8709049140 
 10.8746005380 10.8727672336 10.8709424355 
 10.8745890872 10.8727562239 10.8709319503 
 10.8745237169 10.8726941432 10.8708736251 
 10.8744053858 10.8725820823 10.8707686868 
 10.8742358945 10.8724220884 10.8706194365 
 10.8740179132 10.8722171929 10.8704292742 
 10.8737550216 10.8719714492 10.8702027327 
 10.8734517592 10.8716899796 10.8699455167 
 10.8731136852 10.8713790288 10.8696645438 
 10.8727474440 10.8710460163 10.8693679787 
 10.8723608300 10.8706995821 10.8690652517 
 10.8719628438 10.8703496131 10.8687670477 
 10.8715637253 10.8700072337 10.8684852488 
 10.8711749455 10.8696847417 10.8682328100 
 10.8708091325 10.8693954634 10.8680235452 
 10.8704799038 10.8691535032 10.8678718031 
 10.8702015735 10.8689733633 10.8677920140 
 10.8699887120 10.8688694180 10.8677981020 
 10.8698555427 10.8688552428 10.8679027726 
 10.8698151914 10.8689428237 10.8681167080 
 10.8698788281 10.8691417013 10.8684477326 
 10.8700547860 10.8694581400 10.8689000444 
 10.8703477700 10.8698944381 10.8694736278 
 10.8707582878 10.8704485074 10.8701639759 
 10.8712824255 10.8711138326 10.8709622184 
 10.8719120436 10.8718798610 10.8718556872 
 10.8726353906 10.8727327920 10.8728288537 
 10.8734380406 10.8736566387 10.8738644855 
 10.8743039943 10.8746343816 10.8749448244 
 10.8752167616 10.8756490311 10.8760526083 
 10.8761602771 10.8766844677 10.8771718259 
 10.8771195666 10.8777260041 10.8782881757 
 10.8780811507 10.8787606804 10.8793892615 
 10.8790332212 10.8797773458 10.8804645915 
 10.8799656483 10.8807665919 10.8815054506 
 10.8808698793 10.8817205987 10.8825047049 
 10.8817387786 10.8826329410 10.8834565826 
 10.8825664453 10.8834983862 10.8843564579 
 10.8833480314 10.8843127016 10.8852006528 
 10.8840795732 10.8850724830 10.8859862634 
 10.8847578431 10.8857750051 10.8867110125 
 10.8853802220 10.8864180969 10.8873731271 
 10.8859445928 10.8870000370 10.8879712370 
 10.8864492514 10.8875194685 10.8885042929 
 10.8868928347 10.8879753296 10.8889714995 
 10.8872742615 10.8883667968 10.8893722620 
 10.8875926846 10.8886932401 10.8897061424 
 10.8878474535 10.8889541864 10.8899728248 
 10.8880380839 10.8891492912 10.8901720888 
 10.8881642351 10.8892783170 10.8903037879 
 10.8882256940 10.8893411172 10.8903678349 
 10.8882223637 10.8893376262 10.8903641919 
 10.8881542591 10.8892678544 10.8902928656 
 10.8880215068 10.8891318889 10.8901539078 
 10.8878243510 10.8889298982 10.8899474203 
 10.8875631647 10.8886621437 10.8896735656 
 10.8872384665 10.8883289957 10.8893325828 
 10.8868509450 10.8879309562 10.8889248089 
 10.8864014890 10.8874686882 10.8884507072 
 10.8858912271 10.8869430534 10.8879109031 
 10.8853215769 10.8863551589 10.8873062291 
 10.8846943059 10.8857064157 10.8866377804 
 10.8840116065 10.8849986105 10.8859069842 
 10.8832761875 10.8842339944 10.8851156847 
 10.8824913841 10.8834153902 10.8842662478 
 10.8816612892 10.8825463220 10.8833616883 
 10.8807909055 10.8816311679 10.8824058214 
 10.8798863163 10.8806753364 10.8814034413 
 10.8789548684 10.8796854607 10.8803605230 
 10.8780053523 10.8786696008 10.8792844401 
 10.8770481533 10.8776374327 10.8781841817 
 10.8760953362 10.8766003885 10.8770705382 
 10.8751606107 10.8755717006 10.8759562102 
 10.8742591164 10.8745662845 10.8748557778 
 10.8734069720 10.8736003971 10.8737854605 
 10.8726205619 10.8726910236 10.8727626051 
 10.8719155840 10.8718549915 10.8718048784 
 10.8713059572 10.8711078846 10.8709292100 
 10.8708027444 10.8704628975 10.8701506081 
 10.8704132727 10.8699298196 10.8694810355 
 10.8701406011 10.8695143204 10.8689285391 
 10.8699834105 10.8692176452 10.8684967686 
 10.8699363009 10.8690367352 10.8681849322 
 10.8699904097 10.8689647070 10.8679881415 
 10.8701342236 10.8689915736 10.8678980381 
 10.8703544548 10.8691050820 10.8679035799 
 10.8706368747 10.8692915548 10.8679918685 
 10.8709670321 10.8695366540 10.8681489341 
 10.8713308183 10.8698260192 10.8683604206 
 10.8717148758 10.8701457612 10.8686121429 
 10.8721068619 10.8704828131 10.8688905116 
 10.8724955979 10.8708251584 10.8691828335 
 10.8728711290 10.8711619589 10.8694775065 
 10.8732247250 10.8714836087 10.8697641308 
 10.8735488445 10.8717817372 10.8700335574 
 10.8738370787 10.8720491806 10.8702778952 
 10.8740840877 10.8722799370 10.8704904905 
 10.8742855386 10.8724691150 10.8706658936 
 10.8744380498 10.8726128844 10.8707998205 
 10.8745391436 10.8727084325 10.8708891162 
 10.8745872119 10.8727539306 10.8709317255 
 10.8745814920 10.8727485108 10.8709266720 
 10.8745220565 10.8726922555 10.8708740481 
 10.8744098144 10.8725861992 10.8707750172 
 10.8742465260 10.8724323426 10.8706318265 
 10.8740348296 10.8722336790 10.8704478309 
 10.8737782804 10.8719942317 10.8702275256 
 10.8734814000 10.8717190996 10.8699765847 
 10.8731497356 10.8714145093 10.8697018998 
 10.8727899240 10.8710878667 10.8694116137 
 10.8724097557 10.8707478015 10.8691151374 
 10.8720182297 10.8704041916 10.8688231375 
 10.8716255850 10.8700681529 10.8685474782 
 10.8712432910 10.8697519740 10.8683010966 
 10.8708839728 10.8694689708 10.8680977892 
 10.8705612427 10.8692332371 10.8679518896 
 10.8702894085 10.8690592660 10.8678778185 
 10.8700830344 10.8689614272 10.8678895012 
 10.8699563424 10.8689533013 10.8679996592 
 10.8699224650 10.8690468938 10.8682190115 
 10.8699925924 10.8692517833 10.8685554425 
 10.8701750938 10.8695742919 10.8690132322 
 10.8704747259 10.8700167916 10.8695924627 
 10.8708920584 10.8705772764 10.8702887292 
 10.8714232412 10.8712493085 10.8710932523 
 10.8720601879 10.8720223956 10.8719934293 
 10.8727911795 10.8728827688 10.8729737607 
 10.8736017948 10.8738144393 10.8740170043 
 10.8744760115 10.8748003543 10.8751053575 
 10.8753972930 10.8758234664 10.8762214886 
 10.8763495120 10.8768675841 10.8773493041 
 10.8773176264 10.8779179433 10.8784744174 
 10.8782880900 10.8789615110 10.8795843530 
 10.8792490342 10.8799870716 10.8806685498 
 10.8801902788 10.8809851628 10.8817182358 
 10.8811032310 10.8819479228 10.8827262328 
 10.8819807256 10.8828688952 10.8836867365 
 10.8828168412 10.8837428259 10.8845950984 
 10.8836067171 10.8845654689 10.8854476261 
 10.8843463835 10.8853334131 10.8862414081 
 10.8850326114 10.8860439314 10.8869741646 
 10.8856627842 10.8866948548 10.8876441240 
 10.8862347895 10.8872844666 10.8882499203 
 10.8867469301 10.8878114164 10.8887905104 
 10.8871978507 10.8882746501 10.8892651066 
 10.8875864781 10.8886733527 10.8896731223 
 10.8879119737 10.8890069026 10.8900141280 
 10.8881736947 10.8892748351 10.8902878164 
 10.8883711640 10.8894768134 10.8904939752 
 10.8885040470 10.8896126068 10.8906324654 
 10.8885721353 10.8896820746 10.8907032062 
 10.8885753355 10.8896851556 10.8907061653 
 10.8885136638 10.8896218632 10.8906413531 
 10.8883872462 10.8894922851 10.8905088238 
 10.8881963237 10.8892965888 10.8903086795 
 10.8879412636 10.8890350317 10.8900410808 
 10.8876225757 10.8887079779 10.8897062621 
 10.8872409364 10.8883159196 10.8893045532 
 10.8867972182 10.8878595066 10.8888364067 
 10.8862925292 10.8873395833 10.8883024336 
 10.8857282613 10.8867572347 10.8877034475 
 10.8851061505 10.8861138442 10.8870405197 
 10.8844283509 10.8854111650 10.8863150476 
 10.8836975253 10.8846514067 10.8855288387 
 10.8829169541 10.8838373424 10.8846842140 
 10.8820906651 10.8829724369 10.8837841339 
 10.8812235853 10.8820609978 10.8828323486 
 10.8803217104 10.8811083511 10.8818335749 
 10.8793922887 10.8801210354 10.8807936979 
 10.8784440021 10.8791070045 10.8797199881 
 10.8774871222 10.8780758190 10.8786213206 
 10.8765336010 10.8770387930 10.8775083645 
 10.8755970475 10.8760090460 10.8763936999 
 10.8746925269 10.8750013997 10.8752917986 
 10.8738361264 10.8740320527 10.8742187997 
 10.8730442578 10.8731179846 10.8731920159 
 10.8723327170 10.8722760848 10.8722291430 
 10.8717155930 10.8715220726 10.8713472128 
 10.8712041821 10.8708693479 10.8705614093 
 10.8708060873 10.8703279580 10.8698839324 
 10.8705246603 10.8699038585 10.8693231038 
 10.8703588636 10.8695985818 10.8688828598 
 10.8703035460 10.8694093323 10.8685626803 
 10.8703500453 10.8693294486 10.8683579142 
 10.8704869936 10.8693491148 10.8682603945 
 10.8707011942 10.8694561960 10.8682592192 
 10.8709784609 10.8696370830 10.8683415811 
 10.8713043443 10.8698774629 10.8684935571 
 10.8716647074 10.8701629662 10.8687008008 
 10.8720461429 10.8704796683 10.8689491082 
 10.8724362452 10.8708144497 10.8692248491 
 10.8728237657 10.8711552303 10.8695152757 
 10.8731986773 10.8714911029 10.8698087221 
 10.8735521789 10.8718123908 10.8700947205 
 10.8738766610 10.8721106538 10.8703640531 
 10.8741656505 10.8723786617 10.8706087609 
 10.8744137483 10.8726103494 10.8708221251 
 10.8746165665 10.8728007670 10.8709986344 
 10.8747706731 10.8729460297 10.8711339469 
 10.8748735440 10.8730432746 10.8712248535 
 10.8749235282 10.8730906260 10.8712692487 
 10.8749198234 10.8730871728 10.8712661087 
 10.8748624648 10.8730329564 10.8712154817 
 10.8747523265 10.8729289729 10.8711184890 
 10.8745911353 10.8727771861 10.8709773378 
 10.8743814970 10.8725805540 10.8707953442 
 10.8741269348 10.8723430650 10.8705769656 
 10.8738319390 10.8720697835 10.8703278389 
 10.8735020247 10.8717669019 10.8700548188 
 10.8731437965 10.8714417915 10.8697660112 
 10.8727650121 10.8711030469 10.8694707903 
 10.8723746365 10.8707605109 10.8691797867 
 10.8719828748 10.8704252649 10.8689048298 
 10.8716011629 10.8701095642 10.8686588245 
 10.8712420940 10.8698266946 10.8684555396 
 10.8709192522 10.8695907252 10.8683092880 
 10.8706469238 10.8694161330 10.8682344803 
 10.8704396619 10.8693172839 10.8682450448 
 10.8703116919 10.8693077705 10.8683537240 
 10.8702761677 10.8693996302 10.8685712777 
 10.8703443229 10.8696024952 10.8689056532 
 10.8705245928 10.8699227634 10.8693612143 
 10.8708218216 10.8703629018 10.8699381434 
 10.8712366826 10.8709210118 10.8706321449 
 10.8717654362 10.8715907658 10.8714345475 
 10.8724001037 10.8723617731 10.8723328429 
 10.8731290583 10.8732203476 10.8733116039 
 10.8739379484 10.8741505568 10.8743536323 
 10.8748107931 10.8751353760 10.8754411407 
 10.8757310702 10.8761577595 10.8765567886 
 10.8766826440 10.8772014967 10.8776844549 
 10.8776504468 10.8782517909 10.8788097149 
 10.8786208968 10.8792955692 10.8799200500 
 10.8795820855 10.8803215735 10.8810048561 
 10.8805237918 10.8813203008 10.8820553206 
 10.8814373845 10.8822838516 10.8830642294 
 10.8823156641 10.8832057370 10.8840257469 
 10.8831526789 10.8840806745 10.8849351987 
 10.8839435428 10.8849043948 10.8857888709 
 10.8846842647 10.8856734677 10.8865838349 
 10.8853715983 10.8863851508 10.8873177973 
 10.8860029131 10.8870372629 10.8879889758 
 10.8865760860 10.8876280780 10.8885959967 
 10.8870894116 10.8881562391 10.8891378113 
 10.8875415288 10.8886206874 10.8896136281 
 10.8879313609 10.8890206050 10.8900228584 
 10.8882580672 10.8893553694 10.8903650723 
 10.8885210047 10.8896245161 10.8906399635 
 10.8887196978 10.8898277104 10.8908473215 
 10.8888538150 10.8899647244 10.8909870107 
 10.8889231520 10.8900354220 10.8910589547 
 10.8889276212 10.8900397475 10.8910631265 
 10.8888672459 10.8899777211 10.8909995431 
 10.8887421604 10.8898494385 10.8908682660 
 10.8885526155 10.8896550763 10.8906694059 
 10.8882989896 10.8893949024 10.8904031328 
 10.8879818050 10.8890692922 10.8900696918 
 10.8876017519 10.8886787506 10.8896694242 
 10.8871597183 10.8882239416 10.8892027952 
 10.8866568292 10.8877057248 10.8886704298 
 10.8860944949 10.8871252022 10.8880731566 
 10.8854744720 10.8864837756 10.8874120635 
 10.8847989369 10.8857832181 10.8866885657 
 10.8840705764 10.8850257614 10.8859044903 
 10.8832926975 10.8842142025 10.8850621797 
 10.8824693566 10.8833520318 10.8841646175 
 10.8816055111 10.8824435853 10.8832155791 
 10.8807071894 10.8814942187 10.8822198086 
 10.8797816732 10.8805105021 10.8811832197 
 10.8788376784 10.8795004215 10.8801131133 
 10.8778855078 10.8784735692 10.8790183944 
 10.8769371408 10.8774412877 10.8779097612 
 10.8760062044 10.8764167189 10.8767998177 
 10.8751077678 10.8754146960 10.8757030522 
 10.8742579029 10.8744514131 10.8746356073 
 10.8734729802 10.8735438233 10.8736147808 
 10.8727687247 10.8727087631 10.8726582310 
 10.8721591236 10.8719618700 10.8717829255 
 10.8716553428 10.8713164341 10.8710039579 
 10.8712648341 10.8707823696 10.8703334140 
 10.8709907865 10.8703654848 10.8697794854 
 10.8708320014 10.8700671599 10.8693459696 
 10.8707831799 10.8698844544 10.8690322102 
 10.8708355362 10.8698105782 10.8688334296 
 10.8709776099 10.8698356115 10.8687413530 
 10.8711961465 10.8699473448 10.8687449941 
 10.8714769363 10.8701321253 10.8688314874 
 10.8718055373 10.8703756267 10.8689868791 
 10.8721678450 10.8706634921 10.8691968170 
 10.8725505029 10.8709818309 10.8694471131 
 10.8729411686 10.8713175734 10.8697241716 
 10.8733286626 10.8716586992 10.8700152913 
 10.8737030289 10.8719943658 10.8703088615 
 10.8740555352 10.8723149623 10.8705944736 
 10.8743786366 10.8726121124 10.8708629694 
 10.8746659186 10.8728786453 10.8711064477 
 10.8749120338 10.8731085495 10.8713182430 
 10.8751126387 10.8732969221 10.8714928920 
 10.8752643379 10.8734399180 10.8716260939 
 10.8753646367 10.8735347064 10.8717146742 
 10.8754119059 10.8735794364 10.8717565541 
 10.8754053577 10.8735732135 10.8717507294 
 10.8753450346 10.8735160891 10.8716972604 
 10.8752318111 10.8734090614 10.8715972730 
 10.8750674072 10.8732540895 10.8714529720 
 10.8748544156 10.8730541194 10.8712676644 
 10.8745963394 10.8728131211 10.8710457921 
 10.8742976423 10.8725361343 10.8707929704 
 10.8739638070 10.8722293211 10.8705160282 
 10.8736014003 10.8719000175 10.8702230413 
 10.8732181370 10.8715567795 10.8699233517 
 10.8728229368 10.8712094095 10.8696275572 
 10.8724259575 10.8708689484 10.8693474561 
 10.8720385892 10.8705476138 10.8690959254 
 10.8716733828 10.8702586593 10.8688867126 
 10.8713438880 10.8700161297 10.8687341164 
 10.8710643671 10.8698344886 10.8686525422 
 10.8708493634 10.8697281007 10.8686559229 
 10.8707131086 10.8697105715 10.8687570146 
 10.8706687807 10.8697939641 10.8689665994 
 10.8707276549 10.8699879500 10.8692926550 
 10.8708982251 10.8702989775 10.8697395825 
 10.8711854081 10.8707295754 10.8703076103 
 10.8715899625 10.8712779160 10.8709924964 
 10.8721082428 10.8719377504 10.8717856312 
 10.8727323688 10.8726987717 10.8726745751 
 10.8734508124 10.8735473784 10.8736439730 
 10.8742493144 10.8744677193 10.8746766976 
 10.8751119756 10.8754428414 10.8757550270 
 10.8760223400 10.8764557586 10.8768616760 
 10.8769643211 10.8774903052 10.8779805668 
 10.8779228831 10.8785317144 10.8790973050 
 10.8788844605 10.8795669294 10.8801993902 
 10.8798371478 10.8805846971 10.8812762262 
 10.8807707170 10.8815755101 10.8823190000 
 10.8816765228 10.8825314583 10.8833204906 
 10.8825473463 10.8834460370 10.8842748514 
 10.8833772137 10.8843139457 10.8851773936 
 10.8841612154 10.8851308954 10.8860243875 
 10.8848953363 10.8858934353 10.8868128876 
 10.8855763071 10.8865988033 10.8875405841 
 10.8862014754 10.8872447990 10.8882056782 
 10.8867686977 10.8878296790 10.8888067810 
 10.8872762504 10.8883520698 10.8893428295 
 10.8877227566 10.8888108986 10.8898130197 
 10.8881071260 10.8892053352 10.8902167519 
 10.8884285071 10.8895347469 10.8905535870 
 10.8886862491 10.8897986619 10.8908232113 
 10.8888798711 10.8899967401 10.8910254093 
 10.8890090397 10.8901287515 10.8911600428 
 10.8890735523 10.8901945605 10.8912270352 
 10.8890733260 10.8901941151 10.8912263617 
 10.8890083930 10.8901274424 10.8911580448 
 10.8888789004 10.8899946487 10.8910221547 
 10.8886851160 10.8897959249 10.8908188138 
 10.8884274399 10.8895315576 10.8905482078 
 10.8881064213 10.8892019451 10.8902106015 
 10.8877227823 10.8888076204 10.8898063601 
 10.8872774494 10.8883492807 10.8893359778 
 10.8867715922 10.8878278252 10.8888001139 
 10.8862066737 10.8872444020 10.8881996377 
 10.8855845109 10.8866004668 10.8875356844 
 10.8849073503 10.8858978554 10.8868097250 
 10.8841779597 10.8851388719 10.8860236513 
 10.8833997386 10.8843263973 10.8851798812 
 10.8825768491 10.8834640186 10.8842814859 
 10.8817143680 10.8825561819 10.8833323418 
 10.8808184572 10.8816083682 10.8823373091 
 10.8798965445 10.8806272865 10.8813024324 
 10.8789575009 10.8796210746 10.8802351580 
 10.8780117871 10.8785994835 10.8791445476 
 10.8770715313 10.8775740132 10.8780414598 
 10.8761504839 10.8765579477 10.8769386522 
 10.8752637908 10.8755662270 10.8758507419 
 10.8744275280 10.8746150928 10.8747939532 
 10.8736579742 10.8737214612 10.8737855926 
 10.8729706501 10.8729020264 10.8728432311 
 10.8723792224 10.8721721686 10.8719836380 
 10.8718944346 10.8715448120 10.8712215979 
 10.8715232452 10.8710294212 10.8705687949 
 10.8712683199 10.8706313075 10.8700329579 
 10.8711279521 10.8703513494 10.8696174018 
 10.8710963894 10.8701861400 10.8693210053 
 10.8711644766 10.8701284896 10.8691385779 
 10.8713204844 10.8701681657 10.8690615046 
 10.8715509933 10.8702927416 10.8690785440 
 10.8718417260 10.8704884418 10.8691766635 
 10.8721782553 10.8707409021 10.8693418241 
 10.8725465568 10.8710357988 10.8695596613 
 10.8729333995 10.8713593296 10.8698160345 
 10.8733265960 10.8716985510 10.8700974405 
 10.8737151358 10.8720415930 10.8703913023 
 10.8740892354 10.8723777753 10.8706861532 
 10.8744403308 10.8726976511 10.8709717372 
 10.8747610356 10.8729930035 10.8712390504 
 10.8750450809 10.8732568115 10.8714803404 
 10.8752872502 10.8734832016 10.8716890821 
 10.8754833162 10.8736673945 10.8718599403 
 10.8756299843 10.8738056542 10.8719887296 
 10.8757248461 10.8738952444 10.8720723768 
 10.8757663446 10.8739343942 10.8721088903 
 10.8757537509 10.8739222755 10.8720973392 
 10.8756871539 10.8738589927 10.8720378440 
 10.8755674624 10.8737455844 10.8719315778 
 10.8753964197 10.8735840383 10.8717807807 
 10.8751766307 10.8733773180 10.8715887841 
 10.8749116010 10.8731294010 10.8713600443 
 10.8746057876 10.8728453253 10.8711001824 
 10.8742646580 10.8725312430 10.8708160255 
 10.8738947565 10.8721944739 10.8705156426 
 10.8735037699 10.8718435530 10.8702083651 
 10.8731005857 10.8714882589 10.8699047791 
 10.8726953281 10.8711396088 10.8696166718 
 10.8722993545 10.8708097987 10.8693569122 
 10.8719251873 10.8705120654 10.8691392432 
 10.8715863542 10.8702604433 10.8689779636 
 10.8712971045 10.8700693921 10.8688874816 
 10.8710719783 10.8699532792 10.8688817329 
 10.8709252132 10.8699257160 10.8689734732 
 10.8708700005 10.8699987720 10.8691734766 
 10.8709176327 10.8701821218 10.8694897028 
 10.8710766220 10.8704822126 10.8699265256 
 10.8713519039 10.8709015679 10.8704841407 
 10.8717442567 10.8714383564 10.8711582760 
 10.8722500598 10.8720863335 10.8719403052 
 10.8728614681 10.8728352119 10.8728177938 
 10.8735670022 10.8736714294 10.8737754185 
 10.8743524662 10.8745791938 10.8747961099 
 10.8752020346 10.8755416268 10.8758622231 
 10.8760993308 10.8765418241 10.8769565601 
 10.8770283455 10.8775637015 10.8780631305 
 10.8779741123 10.8785925661 10.8791676198 
 10.8789231233 10.8796154230 10.8802575952 
 10.8798635165 10.8806210669 10.8813225136 
 10.8807850937 10.8816000243 10.8823536007 
 10.8816792270 10.8825444061 10.8833436610 
 10.8825387038 10.8834477180 10.8842868620 
 10.8833575487 10.8843046608 10.8851785204 
 10.8841308435 10.8851109406 10.8860149047 
 10.8848545605 10.8858630967 10.8867930626 
 10.8855254145 10.8865583537 10.8875106737 
 10.8861407357 10.8871944963 10.8881659269 
 10.8866983626 10.8877697648 10.8887574188 
 10.8871965540 10.8882827697 10.8892840721 
 10.8876339161 10.8887324225 10.8897450685 
 10.8880093432 10.8891178786 10.8901397947 
 10.8883219706 10.8894384922 10.8904677989 
 10.8885711363 10.8896937804 10.8907287566 
 10.8887563513 10.8898833944 10.8909224433 
 10.8888772768 10.8900070980 10.8910487135 
 10.8889337081 10.8900647520 10.8911074863 
 10.8889255643 10.8900563045 10.8910987354 
 10.8888528830 10.8899817861 10.8910224847 
 10.8887158219 10.8898413106 10.8908788092 
 10.8885146636 10.8896350807 10.8906678405 
 10.8882498286 10.8893633993 10.8903897773 
 10.8879218922 10.8890266867 10.8900449022 
 10.8875316093 10.8886255035 10.8896336035 
 10.8870799457 10.8881605810 10.8891564047 
 10.8865681192 10.8876328599 10.8886140007 
 10.8859976494 10.8870435380 10.8880073041 
 10.8853704202 10.8863941303 10.8873375021 
 10.8846887570 10.8856865425 10.8866061279 
 10.8839555194 10.8849231615 10.8858151470 
 10.8831742136 10.8841069650 10.8849670647 
 10.8823491250 10.8832416527 10.8840650549 
 10.8814854711 10.8823318013 10.8831131142 
 10.8805895724 10.8813830410 10.8821162420 
 10.8796690319 10.8804022489 10.8810806421 
 10.8787329079 10.8793977465 10.8800139385 
 10.8777918530 10.8783794795 10.8789253856 
 10.8768581774 10.8773591416 10.8778260415 
 10.8759457842 10.8763501927 10.8767288552 
 10.8750699160 10.8753677075 10.8756486061 
 10.8742466606 10.8744279912 10.8746016238 
 10.8734921954 10.8735479226 10.8736052325 
 10.8728218084 10.8727440341 10.8726769048 
 10.8722488015 10.8720314098 10.8718331802 
 10.8717834397 10.8714225544 10.8710884843 
 10.8714321275 10.8709264204 10.8704540365 
 10.8711969506 10.8705477588 10.8699370359 
 10.8710756467 10.8702868902 10.8695402502 
 10.8710619754 10.8701398966 10.8692620398 
 10.8711463907 10.8700991577 10.8690967598 
 10.8713168848 10.8701541106 10.8690354290 
 10.8715598723 10.8702921049 10.8690665370 
 10.8718610121 10.8704992432 10.8691768800 
 10.8722058989 10.8707611291 10.8693523372 
 10.8725805943 10.8710634797 10.8695785390 
 10.8729719989 10.8713925881 10.8698414007 
 10.8733680839 10.8717356440 10.8701275204 
 10.8737580106 10.8720809330 10.8704244535 
 10.8741321697 10.8724179407 10.8707208837 
 10.8744821665 10.8727373876 10.8710067138 
 10.8748007736 10.8730312188 10.8712730984 
 10.8750818693 10.8732925658 10.8715124390 
 10.8753203701 10.8735156958 10.8717183549 
 10.8755121677 10.8736959571 10.8718856447 
 10.8756540727 10.8738297277 10.8720102440 
 10.8757437687 10.8739143721 10.8720891881 
 10.8757797785 10.8739482075 10.8721205813 
 10.8757614413 10.8739304819 10.8721035765 
 10.8756889036 10.8738613642 10.8720383662 
 10.8755631219 10.8737419476 10.8719261853 
 10.8753858783 10.8735742647 10.8717693259 
 10.8751598082 10.8733613152 10.8715711624 
 10.8748884404 10.8731071051 10.8713361866 
 10.8745762481 10.8728166943 10.8710700486 
 10.8742287098 10.8724962510 10.8707795990 
 10.8738523755 10.8721531068 10.8704729268 
 10.8734549346 10.8717958053 10.8701593804 
 10.8730452747 10.8714341320 10.8698495618 
 10.8726335193 10.8710791108 10.8695552740 
 10.8722310255 10.8707429448 10.8692894017 
 10.8718503175 10.8704388793 10.8690657036 
 10.8715049264 10.8701809581 10.8688984923 
 10.8712091073 10.8699836493 10.8688021847 
 10.8709774055 10.8698613244 10.8687907161 
 10.8708240606 10.8698275905 10.8688768269 
 10.8707622584 10.8698944994 10.8690712566 
 10.8708032734 10.8700716903 10.8693819082 
 10.8709555847 10.8703655564 10.8698130776 
 10.8712240801 10.8707785520 10.8703648671 
 10.8716094797 10.8713087681 10.8710329079 
 10.8721081039 10.8719498870 10.8718084875 
 10.8727120578 10.8726915651 10.8726791099 
 10.8734098327 10.8735202114 10.8736294256 
 10.8741872292 10.8744200371 10.8746423768 
 10.8750284458 10.8753741976 10.8757003633 
 10.8759171519 10.8763658460 10.8767862559 
 10.8768373988 10.8773789690 10.8778841452 
 10.8777742869 10.8783989485 10.8789797999 
 10.8787143734 10.8794128614 10.8800608649 
 10.8796458549 10.8804095653 10.8811168644 
 10.8805585825 10.8813796390 10.8821390795 
 10.8814439668 10.8823152342 10.8831203574 
 10.8822948240 10.8832098863 10.8840548972 
 10.8831051981 10.8840583170 10.8849380373 
 10.8838701828 10.8848562446 10.8857660597 
 10.8845857562 10.8856002149 10.8865360191 
 10.8852486339 10.8862874538 10.8872455971 
 10.8858561433 10.8869157435 10.8878929807 
 10.8864061179 10.8874833195 10.8884767621 
 10.8868968095 10.8879887856 10.8889958577 
 10.8873268165 10.8884310453 10.8894494413 
 10.8876950250 10.8888092456 10.8898368913 
 10.8880005623 10.8891227325 10.8901577476 
 10.8882427586 10.8893710148 10.8904116771 
 10.8884211180 10.8895537361 10.8905984473 
 10.8885352960 10.8896706537 10.8907179057 
 10.8885850836 10.8897216231 10.8907699649 
 10.8885703971 10.8897065884 10.8907545937 
 10.8884912737 10.8896255779 10.8906718127 
 10.8883478720 10.8894787052 10.8905216953 
 10.8881404791 10.8892661750 10.8903043731 
 10.8878695220 10.8889882950 10.8900200480 
 10.8875355861 10.8886454929 10.8896690077 
 10.8871394397 10.8882383402 10.8892516492 
 10.8866820667 10.8877675828 10.8887685077 
 10.8861647068 10.8872341802 10.8882202939 
 10.8855889074 10.8866393541 10.8876079409 
 10.8849565862 10.8859846490 10.8869326617 
 10.8842701093 10.8852720068 10.8861960213 
 10.8835323851 10.8845038580 10.8854000244 
 10.8827469778 10.8836832331 10.8845472240 
 10.8819182411 10.8828138945 10.8836408512 
 10.8810514719 10.8819004928 10.8826849713 
 10.8801530814 10.8809487443 10.8816846645 
 10.8792307746 10.8799656240 10.8806462282 
 10.8782937202 10.8789595628 10.8795773928 
 10.8773526850 10.8779406228 10.8784875294 
 10.8764200900 10.8769206159 10.8773878179 
 10.8755099333 10.8759131113 10.8762913266 
 10.8746375222 10.8749332698 10.8752129378 
 10.8738189613 10.8739974431 10.8741690519 
 10.8730703824 10.8731224996 10.8731770133 
 10.8724069555 10.8723248905 10.8722542482 
 10.8718417926 10.8716195448 10.8714171748 
 10.8713849095 10.8710187447 10.8706800246 
 10.8710424239 10.8705311716 10.8700537659 
 10.8708161252 10.8701612835 10.8695453136 
 10.8707034716 10.8699091136 10.8691571458 
 10.8706979817 10.8697704852 10.8688873532 
 10.8707899206 10.8697375646 10.8687300599 
 10.8709671479 10.8697996289 10.8686761021 
 10.8712160008 10.8699439218 10.8687138396 
 10.8715221083 10.8701564893 10.8688299881 
 10.8718710736 10.8704229209 10.8690103902 
 10.8722489955 10.8707289519 10.8692406757 
 10.8726428308 10.8710609181 10.8695067867 
 10.8730406178 10.8714060674 10.8697953682 
 10.8734315905 10.8717527528 10.8700940351 
 10.8738062133 10.8720905313 10.8703915383 
 10.8741561627 10.8724101957 10.8706778504 
 10.8744742797 10.8727037609 10.8709441967 
 10.8747545057 10.8729644251 10.8711830467 
 10.8749918161 10.8731865180 10.8713880850 
 10.8751821563 10.8733654456 10.8715541714 
 10.8753223865 10.8734976399 10.8716772990 
 10.8754102356 10.8735805147 10.8717545563 
 10.8754442683 10.8736124330 10.8717840973 
 10.8754238626 10.8735926856 10.8717651213 
 10.8753492014 10.8735214812 10.8716978645 
 10.8752212756 10.8733999506 10.8715836029 
 10.8750418999 10.8732301626 10.8714246679 
 10.8748137416 10.8730151518 10.8712244721 
 10.8745403606 10.8727589582 10.8709875443 
 10.8742262613 10.8724666754 10.8707195714 
 10.8738769533 10.8721445055 10.8704274405 
 10.8734990186 10.8717998145 10.8701192767 
 10.8731001791 10.8714411804 10.8698044653 
 10.8726893558 10.8710784236 10.8694936439 
 10.8722767061 10.8707226024 10.8691986501 
 10.8718736207 10.8703859532 10.8689324010 
 10.8714926554 10.8700817513 10.8687086829 
 10.8711473698 10.8698240652 10.8685418288 
 10.8708520403 10.8696273790 10.8684462657 
 10.8706212234 10.8695060680 10.8684359251 
 10.8704691556 10.8694737266 10.8685235257 
 10.8704090002 10.8695423737 10.8687197645 
 10.8704519878 10.8697215938 10.8690324799 
 10.8706065302 10.8700177025 10.8694658820 
 10.8708774262 10.8704330575 10.8700199709 
 10.8712652915 10.8709656410 10.8706902671 
 10.8717663342 10.8716090244 10.8714679496 
 10.8723725521 10.8723527620 10.8723404280 
 10.8730723436 10.8731831809 10.8732922815 
 10.8738514409 10.8740844366 10.8743064097 
 10.8746940015 10.8750396577 10.8753651985 
 10.8755836811 10.8760319967 10.8764515291 
 10.8765045402 10.8770454598 10.8775495204 
 10.8774417050 10.8780654626 10.8786449800 
 10.8783817685 10.8790791219 10.8797255963 
 10.8793129680 10.8800753383 10.8807809371 
 10.8802251950 10.8810447315 10.8818023237 
 10.8811098987 10.8819794904 10.8827826398 
 10.8819599299 10.8828731838 10.8837161155 
 10.8827693628 10.8837205612 10.8845981151 
 10.8835333166 10.8845173644 10.8854249422 
 10.8842477906 10.8852601584 10.8861936686 
 10.8849095178 10.8859461844 10.8869019896 
 10.8855158396 10.8865732369 10.8875481026 
 10.8860646002 10.8871395603 10.8881306078 
 10.8865540595 10.8876437654 10.8886484268 
 10.8869828217 10.8880847601 10.8891007375 
 10.8873497766 10.8884616942 10.8894869199 
 10.8876540531 10.8887739147 10.8898065142 
 10.8878949816 10.8890209298 10.8900591866 
 10.8880720645 10.8892023812 10.8902447022 
 10.8881849544 10.8893180229 10.8903629050 
 10.8882334376 10.8893677056 10.8904137031 
 10.8882174245 10.8893513677 10.8903970597 
 10.8881369448 10.8892690305 10.8903129885 
 10.8879921488 10.8891207993 10.8901615552 
 10.8877833131 10.8889068693 10.8899428828 
 10.8875108535 10.8886275375 10.8896571631 
 10.8871753425 10.8882832198 10.8893046730 
 10.8867775342 10.8878744745 10.8888857975 
 10.8863183964 10.8874020331 10.8884010586 
 10.8857991516 10.8868668392 10.8878511530 
 10.8852213279 10.8862700972 10.8872369978 
 10.8845868223 10.8856133326 10.8865597894 
 10.8838979780 10.8848984667 10.8858210740 
 10.8831576785 10.8841279076 10.8850228364 
 10.8823694612 10.8833046612 10.8841676075 
 10.8815376505 10.8824324636 10.8832585948 
 10.8806675126 10.8815159369 10.8822998379 
 10.8797654261 10.8805607672 10.8812963893 
 10.8788390625 10.8795738982 10.8802545176 
 10.8778975579 10.8785637289 10.8791819231 
 10.8769516492 10.8775402911 10.8780879474 
 10.8760137331 10.8765153701 10.8769837432 
 10.8750977940 10.8755025162 10.8758823570 
 10.8742191405 10.8745168833 10.8747986586 
 10.8733939006 10.8735748340 10.8737490499 
 10.8726382555 10.8726932704 10.8727508966 
 10.8719674553 10.8718887053 10.8718216699 
 10.8713947223 10.8711761574 10.8709778596 
 10.8709302094 10.8705680261 10.8702337950 
 10.8705801900 10.8700731310 10.8696005639 
 10.8703466168 10.8696960804 10.8690852150 
 10.8702271065 10.8694370588 10.8686903662 
 10.8702153193 10.8692920313 10.8684142437 
 10.8703016352 10.8692532869 10.8682510939 
 10.8704739959 10.8693101983 10.8681918554 
 10.8707187848 10.8694500747 10.8682249654 
 10.8710216439 10.8696589957 10.8683371895 
 10.8713681595 10.8699225550 10.8685143931 
 10.8717443905 10.8702264672 10.8687422038 
 10.8721372371 10.8705570271 10.8690065404 
 10.8725346713 10.8709014282 10.8692940081 
 10.8729258563 10.8712479606 10.8695921708 
 10.8733011850 10.8715861151 10.8698897209 
 10.8736522662 10.8719066179 10.8701765708 
 10.8739718774 10.8722014208 10.8704438849 
 10.8742539036 10.8724636639 10.8706840757 
 10.8744932705 10.8726876247 10.8708907753 
 10.8746858815 10.8728686642 10.8710587969 
 10.8748285621 10.8730031767 10.8711840938 
 