10.8817661220 10.8801189316 10.8784045881 
 10.8818718493 10.8802214310 10.8785035188 
 10.8819153121 10.8802634667 10.8785439853 
 10.8818961690 10.8802446350 10.8785255144 
 10.8818145186 10.8801650513 10.8784482403 
 10.8816709015 10.8800253524 10.8783129071 
 10.8814663119 10.8798267096 10.8781208831 
 10.8812022188 10.8795708515 10.8778741863 
 10.8808805969 10.8792600990 10.8775755215 
 10.8805039691 10.8788974106 10.8772283298 
 10.8800754611 10.8784864420 10.8768368501 
 10.8795988700 10.8780316175 10.8764061935 
 10.8790787466 10.8775382153 10.8759424270 
 10.8785204925 10.8770124637 10.8754526641 
 10.8779304696 10.8764616446 10.8749451557 
 10.8773161171 10.8758941959 10.8744293675 
 10.8766860679 10.8753198004 10.8739160285 
 10.8760502457 10.8747494372 10.8734171219 
 10.8754199202 10.8741953685 10.8729457875 
 10.8748076826 10.8736710204 10.8725160957 
 10.8742272983 10.8731907159 10.8721426570 
 10.8736933875 10.8727692221 10.8718400436 
 10.8732208990 10.8724210924 10.8716220279 
 10.8728243658 10.8721598246 10.8715006839 
 10.8725169848 10.8719969050 10.8714854466 
 10.8723096178 10.8719408606 10.8715822635 
 10.8722098642 10.8719964742 10.8717929861 
 10.8722213700 10.8721643109 10.8721151272 
 10.8723435087 10.8724406550 10.8725420455 
 10.8725714964 10.8728178764 10.8730635364 
 10.8728969127 10.8732851543 10.8736667198 
 10.8733085149 10.8738294199 10.8743370665 
 10.8737931940 10.8744363547 10.8750593988 
 10.8743369164 10.8750912999 10.8758187362 
 10.8749255369 10.8757799842 10.8766009200 
 10.8755454195 10.8764890336 10.8773930076 
 10.8761838542 10.8772062740 10.8781834660 
 10.8768292913 10.8779208645 10.8789622146 
 10.8774714344 10.8786233085 10.8797205672 
 10.8781012345 10.8793053876 10.8804511173 
 10.8787108221 10.8799600513 10.8811475967 
 10.8792934076 10.8805812908 10.8818047294 
 10.8798431692 10.8811640101 10.8824180930 
 10.8803551409 10.8817039058 10.8829839936 
 10.8808251088 10.8821973595 10.8834993573 
 10.8812495179 10.8826413440 10.8839616374 
 10.8816253920 10.8830333442 10.8843687373 
 10.8819502655 10.8833712909 10.8847189469 
 10.8822221278 10.8836535066 10.8850108903 
 10.8824393763 10.8838786617 10.8852434845 
 10.8826007813 10.8840457400 10.8854159066 
 10.8827054573 10.8841540125 10.8855275691 
 10.8827528434 10.8842030185 10.8855781017 
 10.8827426907 10.8841925534 10.8855673399 
 10.8826750558 10.8841226631 10.8854953204 
 10.8825503023 10.8839936450 10.8853622807 
 10.8823691075 10.8838060549 10.8851686671 
 10.8821324779 10.8835607210 10.8849151465 
 10.8818417703 10.8832587640 10.8846026268 
 10.8814987218 10.8829016259 10.8842322832 
 10.8811054889 10.8824911071 10.8838055937 
 10.8806646959 10.8820294122 10.8833243831 
 10.8801794942 10.8815192080 10.8827908784 
 10.8796536339 10.8809636935 10.8822077759 
 10.8790915477 10.8803666825 10.8815783234 
 10.8784984469 10.8797327023 10.8809064173 
 10.8778804281 10.8790671047 10.8801967164 
 10.8772445855 10.8783761896 10.8794547711 
 10.8765991204 10.8776673338 10.8786871657 
 10.8759534324 10.8769491140 10.8779016637 
 10.8753181700 10.8762314049 10.8771073431 
 10.8747052083 10.8755254246 10.8763146966 
 10.8741275152 10.8748436890 10.8755356619 
 10.8735988613 10.8741998281 10.8747835352 
 10.8731333395 10.8736082208 10.8740727188 
 10.8727446817 10.8730834154 10.8734182550 
 10.8724453988 10.8726393407 10.8728351297 
 10.8722458269 10.8722883604 10.8723373707 
 10.8721532094 10.8720402837 10.8719370295 
 10.8721709718 10.8719014851 10.8716431892 
 10.8722983323 10.8718742925 10.8714611652 
 10.8725303336 10.8719567616 10.8713920450 
 10.8728582926 10.8721428801 10.8714326458 
 10.8732705787 10.8724231510 10.8715758844 
 10.8737535720 10.8727854396 10.8718114717 
 10.8742926379 10.8732159277 10.8721267981 
 10.8748729875 10.8737000324 10.8725078614 
 10.8754803441 10.8742231842 10.8729401197 
 10.8761013942 10.8747714111 10.8734091883 
 10.8767240443 10.8753317260 10.8739013524 
 10.8773375235 10.8758923397 10.8744038989 
 10.8779323796 10.8764427430 10.8749052972 
 10.8785004097 10.8769736974 10.8753952667 
 10.8790345565 10.8774771718 10.8758647664 
 10.8795287945 10.8779462498 10.8763059374 
 10.8799780156 10.8783750288 10.8767120230 
 10.8803779266 10.8787585205 10.8770772789 
 10.8807249580 10.8790925596 10.8773968870 
 10.8810161881 10.8793737254 10.8776668763 
 10.8812492807 10.8795992754 10.8778840543 
 10.8814224354 10.8797670922 10.8780459513 
 10.8815343505 10.8798756427 10.8781507764 
 10.8815841968 10.8799239484 10.8781973853 
 10.8815716001 10.8799115677 10.8781852606 
 10.8814966350 10.8798385873 10.8781145026 
 10.8813598260 10.8797056245 10.8779858320 
 10.8811621591 10.8795138394 10.8778006029 
 10.8809051023 10.8792649582 10.8775608283 
 10.8805906365 10.8789613067 10.8772692168 
 10.8802212978 10.8786058564 10.8769292213 
 10.8798002319 10.8782022833 10.8765451012 
 10.8793312620 10.8777550388 10.8761219946 
 10.8788189711 10.8772694348 10.8756660024 
 10.8782687982 10.8767517386 10.8751842775 
 10.8776871471 10.8762092753 10.8746851139 
 10.8770815018 10.8756505291 10.8741780221 
 10.8764605409 10.8750852286 10.8736737746 
 10.8758342328 10.8745243965 10.8731843940 
 10.8752138870 10.8739803323 10.8727230517 
 10.8746121263 10.8734664892 10.8723038382 
 10.8740427356 10.8729972040 10.8719413702 
 10.8735203392 10.8725872413 10.8716502108 
 10.8730598722 10.8722511347 10.8714441086 
 10.8726758353 10.8720023459 10.8713351013 
 10.8723813765 10.8718523112 10.8713325783 
 10.8721872948 10.8718094971 10.8714424348 
 10.8721011169 10.8718786188 10.8716664646 
 10.8721264094 10.8720601679 10.8720021174 
 10.8722624620 10.8723503509 10.8724426828 
 10.8725044048 10.8727414562 10.8729778808 
 10.8728437308 10.8732225797 10.8735947519 
 10.8732691137 10.8737805711 10.8742786872 
 10.8737673672 10.8744010358 10.8750144340 
 10.8743243906 10.8750692493 10.8757869459 
 10.8749259849 10.8757708873 10.8765820114 
 10.8755584754 10.8764925378 10.8773866491 
 10.8762091281 10.8772220029 10.8781893015 
 10.8768663830 10.8779484314 10.8789798761 
 10.8775199453 10.8786623275 10.8797496858 
 10.8781607765 10.8793554821 10.8804913317 
 10.8787810246 10.8800208608 10.8811985592 
 10.8793739217 10.8806524748 10.8818661104 
 10.8799336702 10.8812452507 10.8824895834 
 10.8804553291 10.8817949086 10.8830653060 
 10.8809347089 10.8822978531 10.8835902257 
 10.8813682772 10.8827510787 10.8840618163 
 10.8817530780 10.8831520900 10.8844780003 
 10.8820866631 10.8834988347 10.8848370837 
 10.8823670348 10.8837896488 10.8851377046 
 10.8825926001 10.8840232127 10.8853787904 
 10.8827621333 10.8841985161 10.8855595253 
 10.8828747487 10.8843148314 10.8856793246 
 10.8829298796 10.8843716942 10.8857378167 
 10.8829272651 10.8843688914 10.8857348313 
 10.8828669442 10.8843064547 10.8856703937 
 10.8827492556 10.8841846611 10.8855447255 
 10.8825748451 10.8840040395 10.8853582500 
 10.8823446794 10.8837653841 10.8851116057 
 10.8820600672 10.8834697740 10.8848056644 
 10.8817226885 10.8831186011 10.8844415579 
 10.8813346324 10.8827136062 10.8840207120 
 10.8808984447 10.8822569241 10.8835448897 
 10.8804171864 10.8817511409 10.8830162460 
 10.8798945042 10.8811993616 10.8824373932 
 10.8793347133 10.8806052933 10.8818114820 
 10.8787428930 10.8799733410 10.8811422974 
 10.8781249934 10.8793087195 10.8804343710 
 10.8774879487 10.8786175764 10.8796931103 
 10.8768397900 10.8779071223 10.8789249402 
 10.8761897415 10.8771857574 10.8781374511 
 10.8755482806 10.8764631770 10.8773395387 
 10.8749271299 10.8757504271 10.8765415122 
 10.8743391413 10.8750598756 10.8757551383 
 10.8737980302 10.8744050500 10.8749935738 
 10.8733179210 10.8738002987 10.8742711379 
 10.8729126870 10.8732602376 10.8736028741 
 10.8725951079 10.8727989842 10.8730038801 
 10.8723759169 10.8724292223 10.8724884248 
 10.8722628665 10.8721612068 10.8720689330 
 10.8722599669 10.8720018565 10.8717549774 
 10.8723670461 10.8719540985 10.8715524435 
 10.8725797252 10.8720165891 10.8714630193 
 10.8728898171 10.8721838628 10.8714840994 
 10.8732860690 10.8724468733 10.8716091067 
 10.8737551040 10.8727938129 10.8718281519 
 10.8742824004 10.8732110597 10.8721289012 
 10.8748531699 10.8736841056 10.8724975046 
 10.8754530507 10.8741983551 10.8729194614 
 10.8760685867 10.8747397359 10.8733803398 
 10.8766875089 10.8752951109 10.8738663122 
 10.8772988570 10.8758525142 10.8743645116 
 10.8778929895 10.8764012493 10.8748632311 
 10.8784615225 10.8769318922 10.8753520060 
 10.8789972317 10.8774362351 10.8758216139 
 10.8794939396 10.8779071985 10.8762640241 
 10.8799464030 10.8783387317 10.8766723206 
 10.8803502086 10.8787257138 10.8770406150 
 10.8807016821 10.8790638625 10.8773639599 
 10.8809978098 10.8793496539 10.8776382697 
 10.8812361758 10.8795802556 10.8778602514 
 10.8814149109 10.8797534723 10.8780273475 
 10.8815326545 10.8798677036 10.8781376913 
 10.8815885268 10.8799219140 10.8781900735 
 10.8815821116 10.8799156131 10.8781839215 
 10.8815134483 10.8798488475 10.8781192897 
 10.8813830331 10.8797222016 10.8779968608 
 10.8811918296 10.8795368097 10.8778179588 
 10.8809412893 10.8792943781 10.8775845738 
 10.8806333816 10.8789972191 10.8772993977 
 10.8802706362 10.8786482959 10.8769658729 
 10.8798561964 10.8782512807 10.8765882532 
 10.8793938872 10.8778106260 10.8761716762 
 10.8788882967 10.8773316482 10.8757222460 
 10.8783448716 10.8768206218 10.8752471215 
 10.8777700248 10.8762848811 10.8747546041 
 10.8771712505 10.8757329199 10.8742542125 
 10.8765572366 10.8751744759 10.8737567260 
 10.8759379587 10.8746205783 10.8732741717 
 10.8753247303 10.8740835298 10.8728197216 
 10.8747301734 10.8735767821 10.8724074633 
 10.8741680671 10.8731146667 10.8720520078 
 10.8736530254 10.8727119394 10.8717679125 
 10.8731999707 10.8723831256 10.8715689234 
 10.8728233923 10.8721416825 10.8714670835 
 10.8725364315 10.8719990495 10.8714717981 
 10.8723498896 10.8719637066 10.8715889895 
 10.8722713051 10.8720403916 10.8718204869 
 10.8723042642 10.8722296238 10.8721637761 
 10.8724480786 10.8725276352 10.8726121757 
 10.8726978965 10.8729267303 10.8731554192 
 10.8730452184 10.8734160063 10.8737805412 
 10.8734787119 10.8739822972 10.8744729075 
 10.8739851706 10.8746111780 10.8752172243 
 10.8745504630 10.8752878833 10.8759983952 
 10.8751603533 10.8759980436 10.8768021557 
 10.8758011281 10.8767282021 10.8776154739 
 10.8764600174 10.8774661207 10.8784267484 
 10.8771254306 10.8782009147 10.8792258509 
 10.8777870487 10.8789230627 10.8800040673 
 10.8784358155 10.8796243374 10.8807539799 
 10.8790638678 10.8802976930 10.8814693224 
 10.8796644319 10.8809371350 10.8821448312 
 10.8802317087 10.8815375888 10.8827761034 
 10.8807607588 10.8820947767 10.8833594692 
 10.8812473963 10.8826051078 10.8838918811 
 10.8816880942 10.8830655824 10.8843708193 
 10.8820799021 10.8834737118 10.8847942132 
 10.8824203774 10.8838274502 10.8851603767 
 10.8827075272 10.8841251399 10.8854679546 
 10.8829397625 10.8843654664 10.8857158809 
 10.8831158601 10.8845474235 10.8859033449 
 10.8832349347 10.8846702859 10.8860297659 
 10.8832964180 10.8847335896 10.8860947744 
 10.8833000451 10.8847371198 10.8860982003 
 10.8832458481 10.8846809037 10.8860400668 
 10.8831341557 10.8845652113 10.8859205906 
 10.8829656003 10.8843905611 10.8857401877 
 10.8827411311 10.8841577332 10.8854994856 
 10.8824620353 10.8838677891 10.8851993416 
 10.8821299664 10.8835220982 10.8848408689 
 10.8817469817 10.8831223741 10.8844254702 
 10.8813155894 10.8826707190 10.8839548804 
 10.8808388061 10.8821696796 10.8834312199 
 10.8803202268 10.8816223150 10.8828570605 
 10.8797641070 10.8810322782 10.8822355044 
 10.8791754580 10.8804039120 10.8815702798 
 10.8785601527 10.8797423594 10.8808658524 
 10.8779250401 10.8790536868 10.8801275535 
 10.8772780581 10.8783450147 10.8793617220 
 10.8766283334 10.8776246458 10.8785758530 
 10.8759862455 10.8769021732 10.8777787389 
 10.8753634257 10.8761885424 10.8769805830 
 10.8747726511 10.8754960299 10.8761930488 
 10.8742275913 10.8748380933 10.8754292042 
 10.8737423675 10.8742290455 10.8747033061 
 10.8733309058 10.8736835170 10.8740303777 
 10.8730061034 10.8732157015 10.8734255535 
 10.8727788775 10.8728384275 10.8729032064 
 10.8726572224 10.8725621601 10.8724759353 
 10.8726454300 10.8723940802 10.8721535485 
 10.8727436239 10.8723374063 10.8719422098 
 10.8729477068 10.8723910878 10.8718439026 
 10.8732497342 10.8725499274 10.8718563064 
 10.8736386400 10.8728051005 10.8719730934 
 10.8741011715 10.8731449625 10.8721845729 
 10.8746228700 10.8735559934 10.8724785498 
 10.8751889589 10.8740237305 10.8728412549 
 10.8757850487 10.8745335775 10.8732582171 
 10.8763976294 10.8750714273 10.8737149929 
 10.8770143624 10.8756240853 10.8741977141 
 10.8776242113 10.8761795155 10.8746934535 
 10.8782174574 10.8767269462 10.8751904339 
 10.8787856430 10.8772568780 10.8756781164 
 10.8793214747 10.8777610308 10.8761472046 
 10.8798187117 10.8782322576 10.8765895970 
 10.8802720536 10.8786644455 10.8769983113 
 10.8806770361 10.8790524175 10.8773673979 
 10.8810299384 10.8793918402 10.8776918538 
 10.8813277058 10.8796791440 10.8779675427 
 10.8815678849 10.8799114549 10.8781911256 
 10.8817485729 10.8800865398 10.8783600033 
 10.8818683782 10.8802027640 10.8784722707 
 10.8819263930 10.8802590602 10.8785266834 
 10.8819221746 10.8802549091 10.8785226363 
 10.8818557378 10.8801903296 10.8784601532 
 10.8817275553 10.8800658802 10.8783398880 
 10.8815385685 10.8798826701 10.8781631374 
 10.8812902066 10.8796423815 10.8779318643 
 10.8809844175 10.8793473025 10.8776487342 
 10.8806237087 10.8790003723 10.8773171633 
 10.8802112012 10.8786052384 10.8769413783 
 10.8797506965 10.8781663279 10.8765264892 
 10.8792467580 10.8776889304 10.8760785712 
 10.8787048060 10.8771792920 10.8756047531 
 10.8781312253 10.8766447173 10.8751133046 
 10.8775334797 10.8760936681 10.8746137117 
 10.8769202245 10.8755358490 10.8741167203 
 10.8763014016 10.8749822557 10.8736343248 
 10.8756882901 10.8744451581 10.8731796676 
 10.8750934796 10.8739379796 10.8727668122 
 10.8745307211 10.8734750296 10.8724103558 
 10.8740146102 10.8730710546 10.8721248559 
 10.8735600647 10.8727405872 10.8719240782 
 10.8731815888 10.8724971131 10.8718201080 
 10.8728923626 10.8723521252 10.8718224169 
 10.8727032516 10.8723141809 10.8719370160 
 10.8726218821 10.8723881158 10.8721658393 
 10.8726519458 10.8725745595 10.8725064847 
 10.8727928681 10.8728698565 10.8729523789 
 10.8730399075 10.8732664144 10.8734933488 
 10.8733846609 10.8737534147 10.8741164995 
 10.8738158711 10.8743177509 10.8748072407 
 10.8743203810 10.8749450313 10.8755502963 
 10.8748840834 10.8756204995 10.8763305653 
 10.8754927445 10.8763297756 10.8771337623 
 10.8761326363 10.8770593786 10.8779468242 
 10.8767909628 10.8777970380 10.8787581126 
 10.8774561009 10.8785318332 10.8795574614 
 10.8781176962 10.8792542062 10.8803361199 
 10.8787666581 10.8799558951 10.8810866366 
 10.8793950902 10.8806298226 10.8818027157 
 10.8799961893 10.8812699664 10.8824790680 
 10.8805641299 10.8818712278 10.8831112686 
 10.8810939500 10.8824293090 10.8836956300 
 10.8815814449 10.8829406022 10.8842290900 
 10.8820230720 10.8834020947 10.8847091174 
 10.8824158687 10.8838112869 10.8851336331 
 10.8827573827 10.8841661257 10.8855009445 
 10.8830456150 10.8844649481 10.8858096928 
 10.8832789722 10.8847064370 10.8860588103 
 10.8834562298 10.8848895854 10.8862474864 
 10.8835765032 10.8850136696 10.8863751425 
 10.8836392271 10.8850782292 10.8864414131 
 10.8836441419 10.8850830548 10.8864461338 
 10.8835912871 10.8850281812 10.8863893351 
 10.8834810009 10.8849138876 10.8862712429 
 10.8833139276 10.8847407039 10.8860922839 
 10.8830910302 10.8845094236 10.8858530983 
 10.8828136122 10.8842211233 10.8855545578 
 10.8824833455 10.8838771899 10.8851977917 
 10.8821023083 10.8834793563 10.8847842209 
 10.8816730321 10.8830297466 10.8843156002 
 10.8811985594 10.8825309313 10.8837940724 
 10.8806825135 10.8819859962 10.8832222336 
 10.8801291809 10.8813986229 10.8826032127 
 10.8795436061 10.8807731855 10.8819407668 
 10.8789316977 10.8801148605 10.8812393929 
 10.8783003414 10.8794297498 10.8805044559 
 10.8776575130 10.8787250107 10.8797423298 
 10.8770123757 10.8780089826 10.8789605455 
 10.8763753421 10.8772912939 10.8781679316 
 10.8757580700 10.8765829208 10.8773747241 
 10.8751733516 10.8758961622 10.8765926143 
 10.8746348547 10.8752444851 10.8758346878 
 10.8741566760 10.8746421924 10.8751152035 
 10.8737526875 10.8741038793 10.8744491655 
 10.8734356986 10.8736436730 10.8738516613 
 10.8732165039 10.8732743011 10.8733369848 
 10.8731029425 10.8730060937 10.8729176218 
 10.8730991272 10.8728460682 10.8726032361 
 10.8732049921 10.8727972612 10.8723998236 
 10.8734162564 10.8728584364 10.8723091878 
 10.8737248149 10.8730242233 10.8723288309 
 10.8741194770 10.8732856517 10.8724522660 
 10.8745869095 10.8736309692 10.8726696733 
 10.8751126188 10.8740465918 10.8729687676 
 10.8756818339 10.8745180354 10.8733357308 
 10.8762802033 10.8750307193 10.8737560818 
 10.8768942777 10.8755705806 10.8742154006 
 10.8775117925 10.8761244886 10.8746998673 
 10.8781217909 10.8766804820 10.8751966201 
 10.8787146342 10.8772278683 10.8756939559 
 10.8792819406 10.8777572266 10.8761814135 
 10.8798164868 10.8782603511 10.8766497727 
 10.8803120954 10.8787301630 10.8770910038 
 10.8807635214 10.8791606109 10.8774981905 
 10.8811663485 10.8795465712 10.8778654419 
 10.8815168970 10.8798837567 10.8781878062 
 10.8818121462 10.8801686367 10.8784611907 
 10.8820496705 10.8803983692 10.8786822930 
 10.8822275888 10.8805707464 10.8788485430 
 10.8823445258 10.8806841530 10.8789580580 
 10.8823995843 10.8807375349 10.8790096099 
 10.8823923274 10.8807303803 10.8790026029 
 10.8823227705 10.8806627100 10.8789370646 
 10.8821913822 10.8805350791 10.8788136465 
 10.8819990945 10.8803485880 10.8786336364 
 10.8817473228 10.8801049045 10.8783989833 
 10.8814379956 10.8798062968 10.8781123320 
 10.8810735965 10.8794556786 10.8777770722 
 10.8806572170 10.8790566665 10.8773973984 
 10.8801926242 10.8786136509 10.8769783823 
 10.8796843416 10.8781318793 10.8765260556 
 10.8791377451 10.8776175510 10.8760474985 
 10.8785591700 10.8770779188 10.8755509287 
 10.8779560273 10.8765213903 10.8750457777 
 10.8773369174 10.8759576141 10.8745427375 
 10.8767117266 10.8753975319 10.8740537521 
 10.8760916817 10.8748533643 10.8735919205 
 10.8754893265 10.8743384948 10.8731712754 
 10.8749183784 10.8738672078 10.8728063993 
 10.8743934163 10.8734542442 10.8725118563 
 10.8739293638 10.8731141551 10.8723014420 
 10.8735407576 10.8728604714 10.8721872965 
 10.8732408390 10.8727047581 10.8721789701 
 10.8730405624 10.8726556691 10.8722825721 
 10.8729476670 10.8727181564 10.8725001508 
 10.8729659745 10.8728929786 10.8728294268 
 10.8730950492 10.8731766139 10.8732639512 
 10.8733302882 10.8735616001 10.8737936694 
 10.8736634179 10.8740372367 10.8744057921 
 10.8740832933 10.8745905173 10.8750858163 
 10.8745768474 10.8752071277 10.8758185318 
 10.8751300383 10.8758723649 10.8765888815 
 10.8757286725 10.8765718799 10.8773826031 
 10.8763590400 10.8772922022 10.8781866395 
 10.8770083441 10.8780210562 10.8789893445 
 10.8776649466 10.8787475034 10.8797805339 
 10.8783184678 10.8794619603 10.8805514323 
 10.8789597852 10.8801561341 10.8812945597 
 10.8795809674 10.8808229141 10.8820035897 
 10.8801751747 10.8814562444 10.8826732023 
 10.8807365460 10.8820509935 10.8832989431 
 10.8812600860 10.8826028327 10.8838770965 
 10.8817415592 10.8831081261 10.8844045749 
 10.8821773957 10.8835638360 10.8848788246 
 10.8825646098 10.8839674417 10.8852977468 
 10.8829007306 10.8843168725 10.8856596331 
 10.8831837445 10.8846104520 10.8859631120 
 10.8834120488 10.8848468539 10.8862071069 
 10.8835844144 10.8850250667 10.8863908026 
 10.8836999574 10.8851443663 10.8865136196 
 10.8837581184 10.8852042973 10.8865751959 
 10.8837586496 10.8852046598 10.8865753751 
 10.8837016078 10.8851455037 10.8865142005 
 10.8835873551 10.8850271289 10.8863919158 
 10.8834165660 10.8848500919 10.8862089710 
 10.8831902411 10.8846152191 10.8859660349 
 10.8829097284 10.8843236269 10.8856640144 
 10.8825767529 10.8839767494 10.8853040808 
 10.8821934544 10.8835763746 10.8848877037 
 10.8817624354 10.8831246905 10.8844166953 
 10.8812868197 10.8826243411 10.8838932643 
 10.8807703227 10.8820784958 10.8833200824 
 10.8802173346 10.8814909314 10.8827003650 
 10.8796330156 10.8808661290 10.8820379675 
 10.8790234013 10.8802093844 10.8813374973 
 10.8783955155 10.8795269309 10.8806044429 
 10.8777574793 10.8788260676 10.8798453139 
 10.8771186043 10.8781152831 10.8790677879 
 10.8764894466 10.8774043563 10.8782808457 
 10.8758817899 10.8767044058 10.8774948755 
 10.8753085190 10.8760278506 10.8767217080 
 10.8747833405 10.8753882368 10.8759745395 
 10.8743203129 10.8747998834 10.8752676900 
 10.8739331728 10.8742773148 10.8746161511 
 10.8736344808 10.8738344809 10.8740349006 
 10.8734346671 10.8734838148 10.8735380093 
 10.8733411043 10.8732352396 10.8731376225 
 10.8733573681 10.8730952749 10.8728429592 
 10.8734828300 10.8730664076 10.8726594957 
 10.8737126724 10.8731468475 10.8725884855 
 10.8740383278 10.8733307165 10.8726268988 
 10.8744482525 10.8736086245 10.8727677798 
 10.8749288867 10.8739685139 10.8730009361 
 10.8754656341 10.8743966183 10.8733138254 
 10.8760437284 10.8748783874 10.8736924890 
 10.8766489060 10.8753992709 10.8741224115 
 10.8772678612 10.8759453091 10.8745892239 
 10.8778885053 10.8765035222 10.8750792210 
 10.8785000710 10.8770621266 10.8755796957 
 10.8790931084 10.8776106172 10.8760791223 
 10.8796594161 10.8781397586 10.8765672236 
 10.8801919374 10.8786415211 10.8770349602 
 10.8806846451 10.8791089884 10.8774744741 
 10.8811324281 10.8795362555 10.8778790064 
 10.8815309873 10.8799183291 10.8782428086 
 10.8818767453 10.8802510364 10.8785610552 
 10.8821667693 10.8805309458 10.8788297644 
 10.8823987087 10.8807553006 10.8790457293 
 10.8825707457 10.8809219652 10.8792064616 
 10.8826815575 10.8810293843 10.8793101472 
 10.8827302893 10.8810765531 10.8793556144 
 10.8827165377 10.8810629987 10.8793423127 
 10.8826403426 10.8809887713 10.8792703040 
 10.8825021894 10.8808544461 10.8791402639 
 10.8823030189 10.8806611352 10.8789534954 
 10.8820442479 10.8804105096 10.8787119527 
 10.8817277992 10.8801048329 10.8784182777 
 10.8813561437 10.8797470062 10.8780758484 
 10.8809323534 10.8793406265 10.8776888399 
 10.8804601695 10.8788900573 10.8772622968 
 10.8799440838 10.8784005129 10.8768022172 
 10.8793894348 10.8778781538 10.8763156425 
 10.8788025165 10.8773301897 10.8758107476 
 10.8781906950 10.8767649825 10.8752969192 
 10.8775625250 10.8761921346 10.8747848058 
 10.8769278481 10.8756225441 10.8742863117 
 10.8762978509 10.8750683941 10.8738145044 
 10.8756850454 10.8745430405 10.8733833961 
 10.8751031288 10.8740607535 10.8730075627 
 10.8745666753 10.8736362761 10.8727015771 
 10.8740906218 10.8732841788 10.8724792588 
 10.8736895367 10.8730180287 10.8723527844 
 10.8733767103 10.8728494407 10.8723317505 
 10.8731631597 10.8727871300 10.8724223197 
 10.8730566976 10.8728361168 10.8726265986 
 10.8730612258 10.8729972341 10.8729423717 
 10.8731763930 10.8732670384 10.8733632599 
 10.8733976830 10.8736381495 10.8738792840 
 10.8737169090 10.8740999504 10.8744777340 
 10.8741230103 10.8746395167 10.8751441868 
 10.8746029975 10.8752426099 10.8758635069 
 10.8751428959 10.8758945933 10.8766207030 
 10.8757285663 10.8765811707 10.8774015657 
 10.8763463379 10.8772889101 10.8781930766 
 10.8769834381 10.8780055595 10.8789836142 
 10.8776282391 10.8787201911 10.8797630060 
 10.8782703601 10.8794232206 10.8805224776 
 10.8789006677 10.8801063457 10.8812545414 
 10.8795112134 10.8807624398 10.8819528572 
 10.8800951355 10.8813854266 10.8826120869 
 10.8806465488 10.8819701522 10.8832277555 
 10.8811604326 10.8825122642 10.8837961257 
 10.8816325271 10.8830081036 10.8843140883 
 10.8820592397 10.8834546110 10.8847790691 
 10.8824375643 10.8838492458 10.8851889504 
 10.8827650129 10.8841899206 10.8855420073 
 10.8830395586 10.8844749454 10.8858368547 
 10.8832595896 10.8847029839 10.8860724055 
 10.8834238723 10.8848730189 10.8862478377 
 10.8835315235 10.8849843252 10.8863625689 
 10.8835819898 10.8850364509 10.8864162387 
 10.8835750353 10.8850292050 10.8864086968 
 10.8835107350 10.8849626519 10.8863399979 
 10.8833894759 10.8848371122 10.8862104025 
 10.8832119645 10.8846531696 10.8860203831 
 10.8829792415 10.8844116848 10.8857706378 
 10.8826927033 10.8841138162 10.8854621100 
 10.8823541328 10.8837610487 10.8850960146 
 10.8819657374 10.8833552301 10.8846738742 
 10.8815301987 10.8828986186 10.8841975630 
 10.8810507313 10.8823939400 10.8836693624 
 10.8805311547 10.8818444576 10.8830920286 
 10.8799759770 10.8812540560 10.8824688747 
 10.8793904905 10.8806273386 10.8818038679 
 10.8787808778 10.8799697386 10.8811017433 
 10.8781543221 10.8792876418 10.8803681327 
 10.8775191142 10.8785885130 10.8796097049 
 10.8768847396 10.8778810164 10.8788343099 
 10.8762619229 10.8771751087 10.8780511102 
 10.8756625967 10.8764820777 10.8772706750 
 10.8750997566 10.8758144861 10.8765050030 
 10.8745871573 10.8751859765 10.8757674248 
 10.8741388175 10.8746108911 10.8750723373 
 10.8737683222 10.8741036775 10.8744347226 
 10.8734879536 10.8736780868 10.8738694375 
 10.8733077353 10.8733462223 10.8733903017 
 10.8732345243 10.8731175529 10.8730090779 
 10.8732713082 10.8729980485 10.8727344882 
 10.8734168506 10.8729895949 10.8725714350 
 10.8736657624 10.8730898054 10.8725205714 
 10.8740089913 10.8732922626 10.8725782946 
 10.8744346304 10.8735871378 10.8727371517 
 10.8749288916 10.8739620605 10.8729865628 
 10.8754770802 10.8744030826 10.8733137227 
 10.8760644412 10.8748955920 10.8737045345 
 10.8766768041 10.8754250749 10.8741444528 
 10.8773010112 10.8759776797 10.8746191661 
 10.8779251519 10.8765405810 10.8751150880 
 10.8785386485 10.8771021741 10.8756196699 
 10.8791322392 10.8776521411 10.8761215642 
 10.8796979013 10.8781814312 10.8766106776 
 10.8802287427 10.8786821891 10.8770781511 
 10.8807188849 10.8791476591 10.8775162965 
 10.8811633495 10.8795720815 10.8779185118 
 10.8815579545 10.8799505929 10.8782791902 
 10.8818992251 10.8802791351 10.8785936327 
 10.8821843180 10.8805543770 10.8788579696 
 10.8824109602 10.8807736494 10.8790690923 
 10.8825774010 10.8809348930 10.8792245979 
 10.8826823748 10.8810366176 10.8793227463 
 10.8827250757 10.8810778742 10.8793624289 
 10.8827051411 10.8810582366 10.8793431488 
 10.8826226451 10.8809777943 10.8792650124 
 10.8824781001 10.8808371539 10.8791287319 
 10.8822724684 10.8806374524 10.8789356390 
 10.8820071826 10.8803803795 10.8786877100 
 10.8816841760 10.8800682115 10.8783876022 
 10.8813059253 10.8797038573 10.8780387034 
 10.8808755042 10.8792909165 10.8776451929 
 10.8803966515 10.8788337510 10.8772121154 
 10.8798738535 10.8783375700 10.8767454649 
 10.8793124407 10.8778085259 10.8762522758 
 10.8787186971 10.8772538189 10.8757407144 
 10.8780999786 10.8766818003 10.8752201588 
 10.8774648300 10.8761020633 10.8747012494 
 10.8768230855 10.8755254985 10.8741958855 
 10.8761859275 10.8749642854 10.8737171329 
 10.8755658686 10.8744317810 10.8732790062 
 10.8749766118 10.8739422609 10.8728960868 
 10.8744327418 10.8735104768 10.8725829540 
 10.8739492087 10.8731510083 10.8723534308 
 10.8735405937 10.8728774287 10.8722196905 
 10.8732201951 10.8727013515 10.8721913162 
 10.8729990300 10.8726314811 10.8722744466 
 10.8728849014 10.8726728179 10.8724711565 
 10.8728816938 10.8728261699 10.8727791972 
 10.8729890360 10.8730880705 10.8731921632 
 10.8732023953 10.8734511250 10.8737000637 
 10.8735135783 10.8739047162 10.8742901954 
 10.8739115302 10.8744359351 10.8749481603 
 10.8743832814 10.8750305734 10.8756588634 
 10.8749148870 10.8756740339 10.8764073621 
 10.8754922436 10.8763520646 10.8771794988 
 10.8761017175 10.8770512768 10.8779623040 
 10.8767305712 10.8777594574 10.8787441988 
 10.8773672063 10.8784657111 10.8795150455 
 10.8780012655 10.8791604783 10.8802660956 
 10.8786236321 10.8798354741 10.8809898796 
 10.8792263682 10.8804835827 10.8816800681 
 10.8798026177 10.8810987329 10.8823313284 
 10.8803464966 10.8816757717 10.8829391860 
 10.8808529825 10.8822103444 10.8834999010 
 10.8813178116 10.8826987874 10.8840103591 
 10.8817373864 10.8831380353 10.8844679797 
 10.8821086952 10.8835255413 10.8848706380 
 10.8824292446 10.8838592113 10.8852166017 
 10.8826970034 10.8841373496 10.8855044789 
 10.8829103562 10.8843586152 10.8857331766 
 10.8830680677 10.8845219871 10.8859018678 
 10.8831692548 10.8846267387 10.8860099669 
 10.8832133667 10.8846724181 10.8860571120 
 10.8832001724 10.8846588373 10.8860431533 
 10.8831297550 10.8845860659 10.8859681485 
 10.8830025126 10.8844544328 10.8858323639 
 10.8828191669 10.8842645333 10.8856362807 
 10.8825807772 10.8840172435 10.8853806092 
 10.8822887636 10.8837137414 10.8850663086 
 10.8819449373 10.8833555358 10.8846946143 
 10.8815515399 10.8829445041 10.8842670737 
 10.8811112930 10.8824829395 10.8837855914 
 10.8806274584 10.8819736092 10.8832524854 
 10.8801039100 10.8814198257 10.8826705554 
 10.8795452187 10.8808255304 10.8820431657 
 10.8789567482 10.8801953922 10.8813743435 
 10.8783447610 10.8795349194 10.8806688930 
 10.8777165286 10.8788505819 10.8799325253 
 10.8770804367 10.8781499376 10.8791719986 
 10.8764460691 10.8774417498 10.8783952611 
 10.8758242470 10.8767360777 10.8776115794 
 10.8752269904 10.8760443076 10.8768316291 
 10.8746673618 10.8753790885 10.8760675084 
 10.8741591504 10.8747541240 10.8753326309 
 10.8737163621 10.8741837781 10.8746414449 
 10.8733525102 10.8736824667 10.8740089377 
 10.8730797385 10.8732638444 10.8734499105 
 10.8729078669 10.8729398489 10.8729780581 
 10.8728434940 10.8727197203 10.8726049492 
 10.8728893159 10.8726091524 10.8723390534 
 10.8730437979 10.8726097328 10.8721849838 
 10.8733012749 10.8727187822 10.8721430945 
 10.8736524636 10.8729296229 10.8722095017 
 10.8740852863 10.8732322177 10.8723765124 
 10.8745858486 10.8736140490 10.8726333622 
 10.8751394091 10.8740610837 10.8729671230 
 10.8757312152 10.8745586797 10.8733636323 
 10.8763471352 10.8750923365 10.8738083294 
 10.8769740727 10.8756482470 10.8742869254 
 10.8776001913 10.8762136497 10.8747858832 
 10.8782149917 10.8767770139 10.8752927197 
 10.8788092903 10.8773280993 10.8757961612 
 10.8793751380 10.8778579308 10.8762861904 
 10.8799057110 10.8783587253 10.8767540230 
 10.8803951929 10.8788237938 10.8771920411 
 10.8808386610 10.8792474375 10.8775937083 
 10.8812319834 10.8796248481 10.8779534778 
 10.8815717301 10.8799520169 10.8782667054 
 10.8818550979 10.8802256577 10.8785295705 
 10.8820798501 10.8804431417 10.8787390095 
 10.8822442687 10.8806024461 10.8788926603 
 10.8823471180 10.8807021143 10.8789888201 
 10.8823876197 10.8807412279 10.8790264144 
 10.8823654368 10.8807193894 10.8790049781 
 10.8822806671 10.8806367147 10.8789246472 
 10.8821338461 10.8804938361 10.8787861622 
 10.8819259580 10.8802919148 10.8785908816 
 10.8816584566 10.8800326643 10.8783408080 
 10.8813332969 10.8797183843 10.8780386246 
 10.8809529768 10.8793520075 10.8776877451 
 10.8805205921 10.8789371574 10.8772923752 
 10.8800399048 10.8784782214 10.8768575869 
 10.8795154255 10.8779804347 10.8763894026 
 10.8789525107 10.8774499780 10.8758948867 
 10.8783574724 10.8768940810 10.8753822367 
 10.8777376969 10.8763211268 10.8748608634 
 10.8771017614 10.8757407415 10.8743414407 
 10.8764595339 10.8751638496 10.8738359005 
 10.8758222316 10.8746026634 10.8733573387 
 10.8752023998 10.8740705690 10.8729197940 
 10.8746137699 10.8735818640 10.8725378623 
 10.8740709460 10.8731513103 10.8722261226 
 10.8735888833 10.8727934807 10.8719983784 
 10.8731821485 10.8725219194 10.8718667605 
 10.8728640010 10.8723481869 10.8718407850 
 10.8726453936 10.8722809093 10.8719265012 
 10.8725340409 10.8723249886 10.8721258778 
 10.8725337214 10.8724811216 10.8724365534 
 10.8726439493 10.8727457287 10.8728520141 
 10.8728600812 10.8731113116 10.8733621751 
 10.8731738264 10.8735671685 10.8739542630 
 10.8735740551 10.8741003307 10.8746138359 
 10.8740477477 10.8746965566 10.8753257811 
 10.8745809348 10.8753412398 10.8760751607 
 10.8751595105 10.8760201385 10.8768478381 
 10.8757698555 10.8767198881 10.8776308750 
 10.8763992579 10.8774283078 10.8784127294 
 10.8770361518 10.8781345379 10.8791833013 
 10.8776702146 10.8788290555 10.8799338791 
 10.8782923648 10.8795036102 10.8806570267 
 10.8788946971 10.8801511178 10.8813464447 
 10.8794703853 10.8807655352 10.8819968259 
 10.8800135716 10.8813417333 10.8826037178 
 10.8805192564 10.8818753777 10.8831633985 
 10.8809831950 10.8823628218 10.8836727684 
 10.8814018052 10.8828010134 10.8841292580 
 10.8817720880 10.8831874162 10.8845307516 
 10.8820915593 10.8835199439 10.8848755228 
 10.8823581943 10.8837969057 10.8851621836 
 10.8825703819 10.8840169635 10.8853896426 
 10.8827268880 10.8841790968 10.8855570725 
 10.8828268287 10.8842825771 10.8856638855 
 10.8828696500 10.8843269491 10.8857097154 
 10.8828551154 10.8843120189 10.8856944066 
 10.8827833003 10.8842378484 10.8856180093 
 10.8826545932 10.8841047569 10.8854807801 
 10.8824697034 10.8839133280 10.8852831893 
 10.8822296761 10.8836644242 10.8850259342 
 10.8819359147 10.8833592077 10.8847099591 
 10.8815902115 10.8829991696 10.8843364828 
 10.8811947867 10.8825861673 10.8839070341 
 10.8807523381 10.8821224717 10.8834234972 
 10.8802661011 10.8816108256 10.8828881671 
 10.8797399208 10.8810545144 10.8823038187 
 10.8791783367 10.8804574502 10.8816737891 
 10.8785866788 10.8798242703 10.8810020758 
 10.8779711741 10.8791604492 10.8802934516 
 10.8773390573 10.8784724211 10.8795535937 
 10.8766986772 10.8777677076 10.8787892253 
 10.8760595824 10.8770550362 10.8780082588 
 10.8754325634 10.8763444324 10.8772199265 
 10.8748296176 10.8756472548 10.8764348727 
 10.8742637977 10.8749761341 10.8756651714 
 10.8737489012 10.8743447706 10.8749242234 
 10.8732989678 10.8737675456 10.8742264811 
 10.8729275740 10.8732589196 10.8735869593 
 10.8726469616 10.8728326236 10.8730205154 
 10.8724670824 10.8725007061 10.8725409334 
 10.8723946971 10.8722725505 10.8721599041 
 10.8724326838 10.8721540198 10.8718860487 
 10.8725796957 10.8721468848 10.8717241526 
 10.8728302440 10.8722486484 10.8716747495 
 10.8731751951 10.8724527983 10.8717341281 
 10.8736025815 10.8727494310 10.8718947457 
 10.8740985738 10.8731261225 10.8721459551 
 10.8746484517 10.8735688891 10.8724749048 
 10.8752374452 10.8740630971 10.8728674680 
 10.8758513759 10.8745942198 10.8733090817 
 10.8764770818 10.8751483983 10.8737854241 
 10.8771026499 10.8757128027 10.8742829031 
 10.8777175010 10.8762758255 10.8747889661 
 10.8783123729 10.8768271469 10.8752922634 
 10.8788792425 10.8773577148 10.8757827000 
 10.8794112185 10.8778596737 10.8762514165 
 10.8799024243 10.8783262689 10.8766907251 
 10.8803478845 10.8787517432 10.8770940260 
 10.8807434217 10.8791312372 10.8774557161 
 10.8810855676 10.8794606988 10.8777711026 
 10.8813714871 10.8797368054 10.8780363238 
 10.8815989179 10.8799568984 10.8782482820 
 10.8817661220 10.8801189316 10.8784045881 
 