10.8784652567 10.8800792455 10.8816383036 
 10.8785545185 10.8801725350 10.8817353715 
 10.8785924284 10.8802121542 10.8817765869 
 10.8785786452 10.8801978117 10.8817617043 
 10.8785133128 10.8801296303 10.8816908272 
 10.8783970622 10.8800081483 10.8815644092 
 10.8782310205 10.8798343284 10.8813832627 
 10.8780168281 10.8796095737 10.8811485740 
 10.8777566645 10.8793357532 10.8808619272 
 10.8774532821 10.8790152338 10.8805253353 
 10.8771100495 10.8786509233 10.8801412816 
 10.8767310036 10.8782463217 10.8797127697 
 10.8763209105 10.8778055836 10.8792433850 
 10.8758853340 10.8773335896 10.8787373680 
 10.8754307093 10.8768360270 10.8781996975 
 10.8749644174 10.8763194761 10.8776361848 
 10.8744948512 10.8757914969 10.8770535744 
 10.8740314623 10.8752607066 10.8764596441 
 10.8735847693 10.8747368330 10.8758632936 
 10.8731663041 10.8742307215 10.8752746028 
 10.8727884647 10.8737542686 10.8747048345 
 10.8724642429 10.8733202446 10.8741663458 
 10.8722067966 10.8729419715 10.8736723704 
 10.8720288514 10.8726328265 10.8732366323 
 10.8719419441 10.8724055648 10.8728727678 
 10.8719555590 10.8722714898 10.8725935613 
 10.8720762562 10.8722395476 10.8724100455 
 10.8723069279 10.8723154670 10.8723305703 
 10.8726463298 10.8725010958 10.8723599822 
 10.8730890085 10.8727940742 10.8724990693 
 10.8736256701 10.8731879324 10.8727443926 
 10.8742439380 10.8736726142 10.8730885502 
 10.8749293584 10.8742353298 10.8735208293 
 10.8756664699 10.8748615764 10.8740281196 
 10.8764397661 10.8755361517 10.8745959197 
 10.8772344415 10.8762440173 10.8752092791 
 10.8780368830 10.8769709376 10.8758535664 
 10.8788349274 10.8777038800 10.8765150155 
 10.8796179363 10.8784312108 10.8771810550 
 10.8803767475 10.8791427358 10.8778404585 
 10.8811035560 10.8798296425 10.8784833660 
 10.8817917625 10.8804843850 10.8791012221 
 10.8824358158 10.8811005469 10.8796866707 
 10.8830310637 10.8816727004 10.8802334307 
 10.8835736206 10.8821962749 10.8807361721 
 10.8840602536 10.8826674413 10.8811904002 
 10.8844882879 10.8830830123 10.8815923537 
 10.8848555297 10.8834403604 10.8819389179 
 10.8851602047 10.8837373510 10.8822275537 
 10.8854009092 10.8839722898 10.8824562393 
 10.8855765734 10.8841438816 10.8826234261 
 10.8856864338 10.8842512000 10.8827280044 
 10.8857300147 10.8842936667 10.8827692805 
 10.8857071162 10.8842710385 10.8827469621 
 10.8856178106 10.8841834024 10.8826611529 
 10.8854624436 10.8840311780 10.8825123553 
 10.8852416443 10.8838151275 10.8823014817 
 10.8849563409 10.8835363744 10.8820298745 
 10.8846077851 10.8831964296 10.8816993365 
 10.8841975854 10.8827972291 10.8813121713 
 10.8837277518 10.8823411819 10.8808712365 
 10.8832007515 10.8818312317 10.8803800098 
 10.8826195809 10.8812709336 10.8798426701 
 10.8819878528 10.8806645462 10.8792641949 
 10.8813099034 10.8800171429 10.8786504707 
 10.8805909177 10.8793347374 10.8780084167 
 10.8798370738 10.8786244237 10.8773461119 
 10.8790556990 10.8778945178 10.8766729128 
 10.8782554279 10.8771546872 10.8759995396 
 10.8774463411 10.8764160395 10.8753380972 
 10.8766400501 10.8756911308 10.8747019874 
 10.8758496824 10.8749938435 10.8741056618 
 10.8750897092 10.8743390778 10.8735641701 
 10.8743755556 10.8737422131 10.8730924801 
 10.8737229580 10.8732183294 10.8727045938 
 10.8731470764 10.8727812353 10.8724125405 
 10.8726614424 10.8724424178 10.8722253893 
 10.8722768909 10.8722100826 10.8721484517 
 10.8720006624 10.8720884595 10.8721828262 
 10.8718358466 10.8720775078 10.8723253716 
 10.8717812607 10.8721730615 10.8725691041 
 10.8718317600 10.8723673661 10.8729039259 
 10.8719788879 10.8726498814 10.8733175382 
 10.8722117214 10.8730081974 10.8737963851 
 10.8725177665 10.8734289238 10.8743265013 
 10.8728837832 10.8738984529 10.8748941880 
 10.8732964670 10.8744035464 10.8754864915 
 10.8737429580 10.8749317380 10.8760914962 
 10.8742111827 10.8754715736 10.8766984683 
 10.8746900533 10.8760127224 10.8772978878 
 10.8751695584 10.8765459977 10.8778814105 
 10.8756407760 10.8770633186 10.8784417868 
 10.8760958393 10.8775576378 10.8789727628 
 10.8765278742 10.8780228551 10.8794689752 
 10.8769309238 10.8784537271 10.8799258517 
 10.8772998717 10.8788457808 10.8803395199 
 10.8776303680 10.8791952356 10.8807067267 
 10.8779187621 10.8794989344 10.8810247706 
 10.8781620448 10.8797542857 10.8812914439 
 10.8783577988 10.8799592148 10.8815049865 
 10.8785041589 10.8801121252 10.8816640481 
 10.8785997810 10.8802118690 10.8817676598 
 10.8786438188 10.8802577243 10.8818152140 
 10.8786359100 10.8802493821 10.8818064504 
 10.8785761686 10.8801869396 10.8817414510 
 10.8784651869 10.8800709012 10.8816206398 
 10.8783040433 10.8799021866 10.8814447919 
 10.8780943198 10.8796821472 10.8812150476 
 10.8778381263 10.8794125896 10.8809329359 
 10.8775381346 10.8790958081 10.8806004048 
 10.8771976205 10.8787346262 10.8802198618 
 10.8768205156 10.8783324479 10.8797942232 
 10.8764114679 10.8778933186 10.8793269753 
 10.8759759102 10.8774219969 10.8788222456 
 10.8755201350 10.8769240348 10.8782848870 
 10.8750513699 10.8764058653 10.8777205715 
 10.8745778479 10.8758748907 10.8771358913 
 10.8741088592 10.8753395642 10.8765384622 
 10.8736547686 10.8748094495 10.8759370158 
 10.8732269731 10.8742952382 10.8753414663 
 10.8728377718 10.8738086970 10.8747629238 
 10.8725001125 10.8733625084 10.8742136225 
 10.8722271871 10.8729699712 10.8737067235 
 10.8720318541 10.8726445273 10.8732559523 
 10.8719258991 10.8723991061 10.8728750460 
 10.8719191780 10.8722453087 10.8725770081 
 10.8720187368 10.8721925029 10.8723732191 
 10.8722280401 10.8722469464 10.8722724978 
 10.8725464584 10.8724110871 10.8722802553 
 10.8729691393 10.8726831846 10.8723978957 
 10.8734873182 10.8730573507 10.8726225915 
 10.8740890304 10.8735240189 10.8729474919 
 10.8747600912 10.8740707597 10.8733623279 
 10.8754851641 10.8746832873 10.8738542979 
 10.8762487411 10.8753464785 10.8744090684 
 10.8770359190 10.8760452598 10.8750117288 
 10.8778329236 10.8767652766 10.8756475854 
 10.8786273954 10.8774933244 10.8763027371 
 10.8794084879 10.8782175702 10.8769644335 
 10.8801668340 10.8789276135 10.8776212481 
 10.8808944362 10.8796144406 10.8782631169 
 10.8815845197 10.8802703181 10.8788812876 
 10.8822313769 10.8808886588 10.8794682207 
 10.8828302179 10.8814638826 10.8800174690 
 10.8833770368 10.8819912848 10.8805235537 
 10.8838684964 10.8824669188 10.8809818491 
 10.8843018321 10.8828874956 10.8813884791 
 10.8846747731 10.8832502998 10.8817402296 
 10.8849854788 10.8835531213 10.8820344756 
 10.8852324894 10.8837942015 10.8822691219 
 10.8854146880 10.8839721908 10.8824425573 
 10.8855312720 10.8840861173 10.8825536200 
 10.8855817334 10.8841353656 10.8826015728 
 10.8855658472 10.8841196624 10.8825860889 
 10.8854836662 10.8840390719 10.8825072447 
 10.8853355227 10.8838939971 10.8823655228 
 10.8851220376 10.8836851899 10.8821618225 
 10.8848441358 10.8834137688 10.8818974799 
 10.8845030707 10.8830812455 10.8815742972 
 10.8841004572 10.8826895618 10.8811945835 
 10.8836383153 10.8822411374 10.8807612072 
 10.8831191267 10.8817389312 10.8802776619 
 10.8825459054 10.8811865175 10.8797481475 
 10.8819222851 10.8805881779 10.8791776659 
 10.8812526250 10.8799490111 10.8785721317 
 10.8805421347 10.8792750584 10.8779384938 
 10.8797970166 10.8785734414 10.8772848612 
 10.8790246216 10.8778525025 10.8766206190 
 10.8782336045 10.8771219325 10.8759565119 
 10.8774340608 10.8763928560 10.8753046625 
 10.8766376094 10.8756778381 10.8746784811 
 10.8758573756 10.8749907595 10.8740924165 
 10.8751078168 10.8743465067 10.8735615027 
 10.8744043332 10.8737604338 10.8731006810 
 10.8737626256 10.8732475847 10.8727239170 
 10.8731978114 10.8728217254 10.8724431983 
 10.8727233759 10.8724942969 10.8722675503 
 10.8723501077 10.8722734586 10.8722022405 
 10.8720852040 10.8721633960 10.8722483238 
 10.8719317135 10.8721640244 10.8724026147 
 10.8718884144 10.8722711340 10.8726580829 
 10.8719501235 10.8724769258 10.8730045816 
 10.8721083451 10.8727708142 10.8734297622 
 10.8723521182 10.8731403453 10.8739200205 
 10.8726689135 10.8735720888 10.8744613479 
 10.8730454602 10.8740524036 10.8750400100 
 10.8734684304 10.8745680264 10.8756430268 
 10.8739249486 10.8751064750 10.8762584664 
 10.8744029339 10.8756562880 10.8768755873 
 10.8748912989 10.8762071354 10.8774848706 
 10.8753800381 10.8767498376 10.8780779789 
 10.8758602408 10.8772763253 10.8786476744 
 10.8763240543 10.8777795660 10.8791877178 
 10.8767646199 10.8782534759 10.8796927625 
 10.8771759968 10.8786928280 10.8801582527 
 10.8775530836 10.8790931653 10.8805803322 
 10.8778915432 10.8794507212 10.8809557626 
 10.8781877357 10.8797623504 10.8812818550 
 10.8784386589 10.8800254699 10.8815564117 
 10.8786418986 10.8802380104 10.8817776790 
 10.8787955888 10.8803983765 10.8819443099 
 10.8788983791 10.8805054171 10.8820553350 
 10.8789494124 10.8805584025 10.8821101413 
 10.8789483095 10.8805570107 10.8821084591 
 10.8788951617 10.8805013203 10.8820503553 
 10.8787905318 10.8803918110 10.8819362340 
 10.8786354622 10.8802293718 10.8817668440 
 10.8784314909 10.8800153160 10.8815432933 
 10.8781806760 10.8797514047 10.8812670712 
 10.8778856286 10.8794398785 10.8809400787 
 10.8775495544 10.8790834985 10.8805646679 
 10.8771763054 10.8786855964 10.8801436906 
 10.8767704393 10.8782501354 10.8796805587 
 10.8763372885 10.8777817810 10.8791793147 
 10.8758830345 10.8772859814 10.8786447153 
 10.8754147852 10.8767690549 10.8780823247 
 10.8749406468 10.8762382798 10.8774986165 
 10.8744697802 10.8757019787 10.8769010777 
 10.8740124237 10.8751695822 10.8762983050 
 10.8735798607 10.8746516544 10.8757000764 
 10.8731843011 10.8741598493 10.8751173731 
 10.8728386436 10.8737067671 10.8745623201 
 10.8725560878 10.8733056704 10.8740480047 
 10.8723495743 10.8729700304 10.8735881332 
 10.8722310588 10.8727128880 10.8731964972 
 10.8722106610 10.8725460501 10.8728862450 
 10.8722957788 10.8724791858 10.8726690006 
 10.8724902968 10.8725189377 10.8725539207 
 10.8727940409 10.8726681952 10.8725468293 
 10.8732026070 10.8729256780 10.8726495858 
 10.8737076294 10.8732859331 10.8728598188 
 10.8742974580 10.8737397642 10.8731710916 
 10.8749581196 10.8742750196 10.8735734726 
 10.8756743833 10.8748775863 10.8740544001 
 10.8764307544 10.8755324139 10.8745996778 
 10.8772122719 10.8762244180 10.8751944395 
 10.8780050555 10.8769391709 10.8758239605 
 10.8787966140 10.8776633553 10.8764742556 
 10.8795759584 10.8783850048 10.8771324567 
 10.8803335807 10.8790935784 10.8777870038 
 10.8810613503 10.8797799252 10.8784276947 
 10.8817523709 10.8804361828 10.8790456431 
 10.8824008259 10.8810556462 10.8796331841 
 10.8830018292 10.8816326297 10.8801837558 
 10.8835512903 10.8821623349 10.8806917766 
 10.8840457986 10.8826407329 10.8811525290 
 10.8844825250 10.8830644622 10.8815620563 
 10.8848591426 10.8834307442 10.8819170732 
 10.8851737620 10.8837373135 10.8822148918 
 10.8854248809 10.8839823628 10.8824533624 
 10.8856113449 10.8841645001 10.8826308254 
 10.8857323190 10.8842827167 10.8827460769 
 10.8857872667 10.8843363643 10.8827983431 
 10.8857759385 10.8843251416 10.8827872644 
 10.8856983653 10.8842490880 10.8827128894 
 10.8855548609 10.8841085848 10.8825756760 
 10.8853460297 10.8839043654 10.8823765021 
 10.8850727826 10.8836375318 10.8821166853 
 10.8847363606 10.8833095818 10.8817980116 
 10.8843383677 10.8829224447 10.8814227760 
 10.8838808142 10.8824785291 10.8809938344 
 10.8833661730 10.8819807840 10.8805146695 
 10.8827974493 10.8814327740 10.8799894704 
 10.8821782680 10.8808387714 10.8794232288 
 10.8815129787 10.8802038647 10.8788218486 
 10.8808067797 10.8795340839 10.8781922671 
 10.8800658604 10.8788365373 10.8775425799 
 10.8792975554 10.8781195518 10.8768821569 
 10.8785105003 10.8773927994 10.8762217249 
 10.8777147674 10.8766673835 10.8755733872 
 10.8769219494 10.8759558458 10.8749505337 
 10.8761451435 10.8752720437 10.8743675949 
 10.8753987806 10.8746308434 10.8738395921 
 10.8746982389 10.8740475863 10.8733814637 
 10.8740592084 10.8735373170 10.8730071877 
 10.8734968117 10.8731138189 10.8727287822 
 10.8730245593 10.8727885712 10.8725553221 
 10.8726532866 10.8725697895 10.8724921402 
 10.8723902550 10.8724617296 10.8725403654 
 10.8722385888 10.8724643821 10.8726968853 
 10.8721971431 10.8725736085 10.8729547333 
 10.8722608038 10.8727816683 10.8733038092 
 10.8724211302 10.8730780166 10.8737317906 
 10.8726671976 10.8734502211 10.8742250800 
 10.8729864943 10.8738848548 10.8747696591 
 10.8733657513 10.8743682659 10.8753517719 
 10.8737916301 10.8748871708 10.8759584098 
 10.8742512363 10.8754290614 10.8765776097 
 10.8747324660 10.8759824490 10.8771985998 
 10.8752242071 10.8765369767 10.8778118329 
 10.8757164305 10.8770834404 10.8784089470 
 10.8762002034 10.8776137492 10.8789826840 
 10.8766676538 10.8781208526 10.8795267877 
 10.8771119063 10.8785986518 10.8800358982 
 10.8775270064 10.8790419079 10.8805054498 
 10.8779078408 10.8794461543 10.8809315785 
 10.8782500634 10.8798076172 10.8813110409 
 10.8785500263 10.8801231458 10.8816411441 
 10.8788047210 10.8803901528 10.8819196881 
 10.8790117285 10.8806065657 10.8821449180 
 10.8791691782 10.8807707871 10.8823154861 
 10.8792757161 10.8808816637 10.8824304228 
 10.8793304818 10.8809384646 10.8824891154 
 10.8793330927 10.8809408665 10.8824912945 
 10.8792836372 10.8808889465 10.8824370273 
 10.8791826744 10.8807831828 10.8823267178 
 10.8790312430 10.8806244623 10.8821611143 
 10.8788308764 10.8804140957 10.8819413240 
 10.8785836274 10.8801538407 10.8816688343 
 10.8782921009 10.8798459336 10.8813455436 
 10.8779594952 10.8794931295 10.8809737998 
 10.8775896530 10.8790987533 10.8805564494 
 10.8771871212 10.8786667590 10.8800968971 
 10.8767572196 10.8782018014 10.8795991763 
 10.8763061148 10.8777093151 10.8790680319 
 10.8758408974 10.8771956029 10.8785090138 
 10.8753696546 10.8766679246 10.8779285786 
 10.8749015257 10.8761345818 10.8773341930 
 10.8744467269 10.8756049822 10.8767344307 
 10.8740165189 10.8750896653 10.8761390442 
 10.8736230903 10.8746002607 10.8755589881 
 10.8732793219 10.8741493457 10.8750063606 
 10.8729984009 10.8737501643 10.8744942251 
 10.8727932638 10.8734161760 10.8740362692 
 10.8726758711 10.8731604187 10.8736462736 
 10.8726563572 10.8729947066 10.8733373865 
 10.8727421429 10.8729287262 10.8731212425 
 10.8729371414 10.8729691453 10.8730070191 
 10.8732412092 10.8731188830 10.8730005686 
 10.8736499707 10.8733766893 10.8731037814 
 10.8741550840 10.8737371379 10.8733143161 
 10.8747449175 10.8741910542 10.8736257612 
 10.8754055108 10.8747263025 10.8740282050 
 10.8761216421 10.8753287814 10.8745091001 
 10.8768778235 10.8759834493 10.8750542609 
 10.8776590997 10.8766752289 10.8756488297 
 10.8784515963 10.8773896997 10.8762780897 
 10.8792428281 10.8781135518 10.8769280638 
 10.8800218123 10.8788348264 10.8775858927 
 10.8807790470 10.8795429906 10.8782400249 
 10.8815064077 10.8802289006 10.8788802673 
 10.8821970035 10.8808847013 10.8794977419 
 10.8828450226 10.8815036939 10.8800847913 
 10.8834455828 10.8820801977 10.8806348599 
 10.8839945966 10.8826094186 10.8811423714 
 10.8844886550 10.8830873302 10.8816026122 
 10.8849249299 10.8835105726 10.8820116276 
 10.8853010938 10.8838763672 10.8823661329 
 10.8856152555 10.8841824471 10.8826634397 
 10.8858659097 10.8844270023 10.8829013952 
 10.8860518977 10.8846086364 10.8830783358 
 10.8861723786 10.8847263347 10.8831930515 
 10.8862268088 10.8847794413 10.8832447602 
 10.8862149296 10.8847676455 10.8832330930 
 10.8861367617 10.8846909753 10.8831580861 
 10.8859926064 10.8845497990 10.8830201834 
 10.8857830539 10.8843448345 10.8828202464 
 10.8855089986 10.8840771663 10.8825595735 
 10.8851716630 10.8837482718 10.8822399290 
 10.8847726300 10.8833600575 10.8818635830 
 10.8843138864 10.8829149063 10.8814333636 
 10.8837978781 10.8824157380 10.8809527217 
 10.8832275809 10.8818660849 10.8804258115 
 10.8826065865 10.8812701834 10.8798575858 
 10.8819392080 10.8806330822 10.8792539059 
 10.8812306039 10.8799607684 10.8786216629 
 10.8804869201 10.8792603037 10.8779689039 
 10.8797154452 10.8785399665 10.8773049483 
 10.8789247667 10.8778093794 10.8766404738 
 10.8781249092 10.8770795982 10.8759875379 
 10.8773274206 10.8763631224 10.8753594935 
 10.8765453606 10.8756737774 10.8747707475 
 10.8757931346 10.8750264140 10.8742363179 
 10.8750861150 10.8744363806 10.8737711655 
 10.8744400105 10.8739187572 10.8733893207 
 10.8738699930 10.8734873945 10.8731028857 
 10.8733896545 10.8731538698 10.8729210485 
 10.8730099416 10.8729265245 10.8728492771 
 10.8727382501 10.8728097574 10.8728888478 
 10.8725778513 10.8728037093 10.8730367959 
 10.8725277483 10.8729043857 10.8732862909 
 10.8725829640 10.8731041742 10.8736273474 
 10.8727351743 10.8733926334 10.8740477311 
 10.8729735446 10.8737574057 10.8745339027 
 10.8732856249 10.8741851098 10.8750718739 
 10.8736581800 10.8746621131 10.8756478948 
 10.8740778806 10.8751751290 10.8762489434 
 10.8745318222 10.8757116298 10.8768630300 
 10.8750078760 10.8762600954 10.8774793472 
 10.8754948956 10.8768101308 10.8780883077 
 10.8759828121 10.8773524904 10.8786815082 
 10.8764626510 10.8778790414 10.8792516498 
 10.8769264987 10.8783826930 10.8797924379 
 10.8773674408 10.8788573088 10.8802984776 
 10.8777794869 10.8792976163 10.8807651722 
 10.8781574926 10.8796991197 10.8811886307 
 10.8784970847 10.8800580204 10.8815655871 
 10.8787945940 10.8803711478 10.8818933307 
 10.8790469958 10.8806358998 10.8821696480 
 10.8792518601 10.8808501942 10.8823927753 
 10.8794073110 10.8810124285 10.8825613606 
 10.8795119949 10.8811214498 10.8826744347 
 10.8795650571 10.8811765328 10.8827313897 
 10.8795661270 10.8811773647 10.8827319662 
 10.8795153106 10.8811240389 10.8826762458 
 10.8794131909 10.8810170554 10.8825646526 
 10.8792608367 10.8808573286 10.8823979598 
 10.8790598183 10.8806462028 10.8821773051 
 10.8788122323 10.8803854758 10.8819042123 
 10.8785207344 10.8800774304 10.8815806224 
 10.8781885813 10.8797248757 10.8812089322 
 10.8778196816 10.8793311974 10.8807920445 
 10.8774186564 10.8789004183 10.8803334269 
 10.8769909067 10.8784372696 10.8798371840 
 10.8765426879 10.8779472702 10.8793081393 
 10.8760811850 10.8774368138 10.8787519293 
 10.8756145835 10.8769132570 10.8781751036 
 10.8751521217 10.8763850017 10.8775852279 
 10.8747041095 10.8758615548 10.8769909773 
 10.8742818893 10.8753535487 10.8764022038 
 10.8738977094 10.8748726907 10.8758299523 
 10.8735644760 10.8744316092 10.8752863934 
 10.8732953532 10.8740435599 10.8747846310 
 10.8731031920 10.8737219583 10.8743383474 
 10.8729997935 10.8734797300 10.8739612566 
 10.8729950527 10.8733284977 10.8736663646 
 10.8730960748 10.8732776747 10.8734650820 
 10.8733063969 10.8733335836 10.8733662818 
 10.8736254656 10.8734987467 10.8733754461 
 10.8740484990 10.8737714987 10.8734940567 
 10.8745667917 10.8741460174 10.8737193597 
 10.8751684233 10.8746127893 10.8740445668 
 10.8758392406 10.8751594242 10.8744594570 
 10.8765639287 10.8757716639 10.8749512638 
 10.8773269953 10.8764344062 10.8755056790 
 10.8781135507 10.8771325947 10.8761078128 
 10.8789098335 10.8778518913 10.8767429900 
 10.8797034978 10.8785791085 10.8773973288 
 10.8804837108 10.8793024309 10.8780580986 
 10.8812411191 10.8800114756 10.8787138936 
 10.8819677387 10.8806972462 10.8793546698 
 10.8826568070 10.8813520249 10.8799716940 
 10.8833026269 10.8819692386 10.8805574440 
 10.8839004169 10.8825433188 10.8811054869 
 10.8844461773 10.8830695695 10.8816103557 
 10.8849365750 10.8835440500 10.8820674326 
 10.8853688463 10.8839634742 10.8824728464 
 10.8857407187 10.8843251260 10.8828233839 
 10.8860503468 10.8846267917 10.8831164171 
 10.8862962633 10.8848667050 10.8833498439 
 10.8864773403 10.8850435054 10.8835220423 
 10.8865927608 10.8851562064 10.8836318354 
 10.8866419991 10.8852041736 10.8836784665 
 10.8866248085 10.8851871110 10.8836615845 
 10.8865412161 10.8851050553 10.8835812368 
 10.8863915244 10.8849583774 10.8834378716 
 10.8861763195 10.8847477919 10.8832323483 
 10.8858964868 10.8844743746 10.8829659566 
 10.8855532348 10.8841395883 10.8826404461 
 10.8851481274 10.8837453196 10.8822580659 
 10.8846831274 10.8832939257 10.8818216166 
 10.8841606523 10.8827882955 10.8813345160 
 10.8835836443 10.8822319252 10.8808008791 
 10.8829556575 10.8816290095 10.8802256138 
 10.8822809631 10.8809845516 10.8796145319 
 10.8815646740 10.8803044885 10.8789744711 
 10.8808128883 10.8795958300 10.8783134226 
 10.8800328453 10.8788668011 10.8776406504 
 10.8792330846 10.8781269733 10.8769667796 
 10.8784235861 10.8773873563 10.8763038227 
 10.8776158603 10.8766604130 10.8756651001 
 10.8768229417 10.8759599472 10.8750650036 
 10.8760592270 10.8753008075 10.8745185593 
 10.8753401012 10.8746983653 10.8740407623 
 10.8746813115 10.8741677504 10.8736457058 
 10.8740980943 10.8737228912 10.8733455812 
 10.8736041321 10.8733754675 10.8731496877 
 10.8732104828 10.8731339423 10.8730636210 
 10.8729246687 10.8730028480 10.8730887928 
 10.8727500944 10.8729824627 10.8732223751 
 10.8726858956 10.8730689258 10.8734576668 
 10.8727272199 10.8732547471 10.8737847990 
 10.8728658532 10.8735295908 10.8741916351 
 10.8730910523 10.8738811835 10.8746647113 
 10.8733904360 10.8742962048 10.8751900915 
 10.8737508148 10.8747610597 10.8757540551 
 10.8741588830 10.8752624772 10.8763435896 
 10.8746017401 10.8757879274 10.8769466981 
 10.8750672455 10.8763258731 10.8775525532 
 10.8755442283 10.8768658918 10.8781515388 
 10.8760225872 10.8773987036 10.8787352171 
 10.8764933103 10.8779161378 10.8792962519 
 10.8769484449 10.8784110643 10.8798283110 
 10.8773810376 10.8788773087 10.8803259630 
 10.8777850616 10.8793095629 10.8807845770 
 10.8781553394 10.8797032990 10.8812002317 
 10.8784874699 10.8800546911 10.8815696348 
 10.8787777613 10.8803605462 10.8818900539 
 10.8790231723 10.8806182457 10.8821592590 
 10.8792212631 10.8808256966 10.8823754756 
 10.8793701550 10.8809812926 10.8825373464 
 10.8794684989 10.8810838833 10.8826439033 
 10.8795154526 10.8811327531 10.8826945459 
 10.8795106659 10.8811276064 10.8826890286 
 10.8794542738 10.8810685614 10.8826274545 
 10.8793468975 10.8809561516 10.8825102762 
 10.8791896532 10.8807913330 10.8823383037 
 10.8789841690 10.8805755014 10.8821127198 
 10.8787326097 10.8803105154 10.8818351027 
 10.8784377105 10.8799987298 10.8815074572 
 10.8781028196 10.8796430365 10.8811322551 
 10.8777319498 10.8792469161 10.8807124849 
 10.8773298384 10.8788144991 10.8802517126 
 10.8769020160 10.8783506372 10.8797541536 
 10.8764548792 10.8778609829 10.8792247563 
 10.8759957648 10.8773520757 10.8786692946 
 10.8755330168 10.8768314283 10.8780944687 
 10.8750760337 10.8763076051 10.8775080048 
 10.8746352787 10.8757902760 10.8769187445 
 10.8742222290 10.8752902266 10.8763367045 
 10.8738492329 10.8748192942 10.8757730819 
 10.8735292422 10.8743901965 10.8752401707 
 10.8732753908 10.8740162144 10.8747511491 
 10.8731004009 10.8737107028 10.8743197007 
 10.8730158298 10.8734864177 10.8739594432 
 10.8730312065 10.8733546896 10.8736831685 
 10.8731531559 10.8733245157 10.8735019449 
 10.8733846470 10.8734016945 10.8734241820 
 10.8737245151 10.8735881527 10.8734548020 
 10.8741673801 10.8738816079 10.8735946740 
 10.8747040083 10.8742756587 10.8738404349 
 10.8753220682 10.8747603028 10.8741847463 
 10.8760071373 10.8753227895 10.8746169443 
 10.8767437754 10.8759486441 10.8751239537 
 10.8775164908 10.8766226845 10.8756912984 
 10.8783104902 10.8773298887 10.8763040481 
 10.8791121722 10.8780560366 10.8769475896 
 10.8799093854 10.8787881114 10.8776081749 
 10.8806915034 10.8795144953 10.8782732515 
 10.8814493764 10.8802250104 10.8789316122 
 10.8821752110 10.8809108596 10.8795734156 
 10.8828624186 10.8815645114 10.8801901239 
 10.8835054572 10.8821795619 10.8807743966 
 10.8840996820 10.8827505934 10.8813199659 
 10.8846412124 10.8832730431 10.8818215119 
 10.8851268183 10.8837430865 10.8822745468 
 10.8855538252 10.8841575382 10.8826753129 
 10.8859200371 10.8845137693 10.8830206957 
 10.8862236740 10.8848096407 10.8833081520 
 10.8864633241 10.8850434499 10.8835356526 
 10.8866379060 10.8852138900 10.8837016373 
 10.8867466418 10.8853200197 10.8838049807 
 10.8867890373 10.8853612414 10.8838449690 
 10.8867648709 10.8853372884 10.8838212855 
 10.8866741886 10.8852482202 10.8837340042 
 10.8865173064 10.8850944239 10.8835835929 
 10.8862948184 10.8848766243 10.8833709236 
 10.8860076129 10.8845959018 10.8830972925 
 10.8856568968 10.8842537186 10.8827644494 
 10.8852442276 10.8838519550 10.8823746378 
 10.8847715579 10.8833929579 10.8819306475 
 10.8842412909 10.8828796008 10.8814358801 
 10.8836563511 10.8823153604 10.8808944298 
 10.8830202718 10.8817044091 10.8803111800 
 10.8823373013 10.8810517242 10.8796919145 
 10.8816125282 10.8803632157 10.8790434412 
 10.8808520261 10.8796458655 10.8783737213 
 10.8800630110 10.8789078722 10.8776919899 
 10.8792540022 10.8781587842 10.8770088475 
 10.8784349647 10.8774095938 10.8763362887 
 10.8776174016 10.8766727550 10.8756876249 
 10.8768143496 10.8759620728 10.8750772509 
 10.8760402188 10.8752924096 10.8745202079 
 10.8753104196 10.8746791622 10.8740315183 
 10.8746407346 10.8741374968 10.8736253120 
 10.8740464436 10.8736813854 10.8733138234 
 10.8735412760 10.8733225548 10.8731063972 
 10.8731363372 10.8730695155 10.8730086748 
 10.8728391938 10.8729268460 10.8730221132 
 10.8726532924 10.8728948693 10.8731439300 
 10.8725778081 10.8729697692 10.8733674716 
 10.8726079277 10.8731441008 10.8736829184 
 10.8727354757 10.8734075734 10.8740781836 
 10.8729497467 10.8737479574 10.8745398513 
 10.8732383946 10.8741519719 10.8750540280 
 10.8735882601 10.8746060547 10.8756070283 
 10.8739860607 10.8750969596 10.8761858653 
 10.8744189110 10.8756121721 10.8767785581 
 10.8748746775 10.8761401617 10.8773742859 
 10.8753421892 10.8766705050 10.8779634316 
 10.8758113381 10.8771939146 10.8785375499 
 10.8762731012 10.8777022079 10.8790892925 
 10.8767195116 10.8781882398 10.8796123122 
 10.8771436004 10.8786458196 10.8801011611 
 10.8775393248 10.8790696225 10.8805511913 
 10.8779014925 10.8794551047 10.8809584654 
 10.8782256895 10.8797984265 10.8813196765 
 10.8785082139 10.8800963832 10.8816320797 
 10.8787460176 10.8803463480 10.8818934356 
 10.8789366581 10.8805462232 10.8821019631 
 10.8790782586 10.8806944016 10.8822563024 
 10.8791694764 10.8807897369 10.8823554867 
 10.8792094814 10.8808315220 10.8823989213 
 10.8791979410 10.8808194751 10.8823863712 
 10.8791350141 10.8807537344 10.8823179553 
 10.8790213526 10.8806348586 10.8821941473 
 10.8788581104 10.8804638364 10.8820157848 
 10.8786469608 10.8802421029 10.8817840841 
 10.8783901224 10.8799715639 10.8815006647 
 10.8780903928 10.8796546294 10.8811675802 
 10.8777511921 10.8792942560 10.8807873596 
 10.8773766149 10.8788939984 10.8803630577 
 10.8769714908 10.8784580715 10.8798983172 
 10.8765414528 10.8779914221 10.8793974407 
 10.8760930099 10.8774998087 10.8788654748 
 10.8756336198 10.8769898868 10.8783083033 
 10.8751717533 10.8764692944 10.8777327467 
 10.8747169375 10.8759467264 10.8771466607 
 10.8742797590 10.8754319843 10.8765590217 
 10.8738718034 10.8749359781 10.8759799808 
 10.8735055001 10.8744706513 10.8754208599 
 10.8731938388 10.8740487947 10.8748940549 
 10.8729499308 10.8736837126 10.8744128069 
 10.8727863988 10.8733887140 10.8739908046 
 10.8727146112 10.8731764249 10.8736415930 
 10.8727438147 10.8730579500 10.8733777995 
 10.8728802670 10.8730419672 10.8732102292 
 10.8731265072 10.8731338764 10.8731469365 
 10.8734809139 10.8733351557 10.8731924191 
 10.8739376655 10.8736430642 10.8733470870 
 10.8744871451 10.8740507759 10.8736071259 
 10.8751167275 10.8745479360 10.8739647967 
 10.8758118024 10.8751215386 10.8744091176 
 10.8765568460 10.8757569592 10.8749267962 
 10.8773363721 10.8764389638 10.8755032414 
 10.8781356587 10.8771525586 10.8761234981 
 10.8789412185 10.8778836080 10.8767729990 
 10.8797410365 10.8786192152 10.8774380908 
 10.8805246297 10.8793478992 10.8781063444 
 10.8812829880 10.8800596229 10.8787666888 
 10.8820084488 10.8807457250 10.8794094208 
 10.8826945422 10.8813988008 10.8800261351 
 10.8833358319 10.8820125610 10.8806096141 
 10.8839277661 10.8825816904 10.8811537017 
 10.8844665457 10.8831017168 10.8816531778 
 10.8849490117 10.8835688953 10.8821036433 
 10.8853725515 10.8839801101 10.8825014184 
 10.8857350228 10.8843327933 10.8828434573 
 10.8860346927 10.8846248590 10.8831272771 
 10.8862701903 10.8848546513 10.8833509014 
 10.8864404701 10.8850209042 10.8835128161 
 10.8865447851 10.8851227118 10.8836119365 
 10.8865826685 10.8851595076 10.8836475841 
 10.8865539222 10.8851310523 10.8836194730 
 10.8864586131 10.8850374287 10.8835277046 
 10.8862970747 10.8848790447 10.8833727698 
 10.8860699168 10.8846566429 10.8831555611 
 10.8857780412 10.8843713191 10.8828773925 
 10.8854226662 10.8840245489 10.8825400290 
 10.8850053599 10.8836182245 10.8821457275 
 10.8845280838 10.8831547029 10.8816972895 
 10.8839932496 10.8826368674 10.8811981273 
 10.8834037901 10.8820682037 10.8806523450 
 10.8827632472 10.8814528930 10.8800648358 
 10.8820758785 10.8807959228 10.8794413936 
 10.8813467835 10.8801032139 10.8787888379 
 10.8805820490 10.8793817613 10.8781151427 
 10.8797889071 10.8786397795 10.8774295586 
 10.8789758968 10.8778868352 10.8767427035 
 10.8781530065 10.8771339425 10.8760665919 
 10.8773317661 10.8763935792 10.8754145556 
 10.8765252408 10.8756795744 10.8748010085 
 10.8757478687 10.8750068116 10.8742410053 
 10.8750150827 10.8743907011 10.8737495722 
 10.8743426778 10.8738464101 10.8733408282 
 10.8737459297 10.8733878938 10.8730269783 
 10.8732385437 10.8730268428 10.8728173192 
 10.8728315793 10.8727717117 10.8727174280 
 10.8725325396 10.8726270099 10.8727286889 
 10.8723447957 10.8725929853 10.8728482466 
 10.8722674462 10.8726657509 10.8730693845 
 10.8722956077 10.8728378025 10.8733822360 
 10.8724210496 10.8730988082 10.8737746869 
 10.8726330291 10.8734365158 10.8742333140 
 10.8729191809 10.8738376398 10.8747442323 
 10.8732663429 10.8742886275 10.8752937769 
 10.8736612420 10.8747762519 10.8758689882 
 10.8740910106 10.8752880232 10.8764579156 
 10.8745435374 10.8758124377 10.8770497681 
 10.8750076752 10.8763390981 10.8776349562 
 10.8754733396 10.8768587413 10.8782050588 
 10.8759315293 10.8773632059 10.8787527479 
 10.8763742966 10.8778453649 10.8792716930 
 10.8767946893 10.8782990426 10.8797564594 
 10.8771866787 10.8787189262 10.8802024095 
 10.8775450843 10.8791004818 10.8806056135 
 10.8778655020 10.8794398770 10.8809627701 
 10.8781442377 10.8797339133 10.8812711384 
 10.8783782503 10.8799799682 10.8815284817 
 10.8785651028 10.8801759476 10.8817330205 
 10.8787029230 10.8803202472 10.8818833961 
 10.8787903729 10.8804117229 10.8819786420 
 10.8788266261 10.8804496695 10.8820181640 
 10.8788113541 10.8804338073 10.8820017272 
 10.8787447196 10.8803642763 10.8819294509 
 10.8786273788 10.8802416379 10.8818018095 
 10.8784604903 10.8800668833 10.8816196414 
 10.8782457331 10.8798414512 10.8813841652 
 10.8779853319 10.8795672519 10.8810970026 
 10.8776820919 10.8792467008 10.8807602112 
 10.8773394421 10.8788827613 10.8803763247 
 10.8769614874 10.8784789967 10.8799484050 
 10.8765530698 10.8780396322 10.8794801030 
 10.8761198364 10.8775696270 10.8789757320 
 10.8756683128 10.8770747545 10.8784403519 
 10.8752059754 10.8765616878 10.8778798623 
 10.8747413158 10.8760380847 10.8773011027 
 10.8742838833 10.8755126624 10.8767119506 
 10.8738442875 10.8749952469 10.8761214069 
 10.8734341368 10.8744967728 10.8755396491 
 10.8730658807 10.8740292083 10.8749780264 
 10.8727525250 10.8736053654 10.8744489607 
 10.8725071897 10.8732385646 10.8739657156 
 10.8723424979 10.8729421233 10.8735419955 
 10.8722698077 10.8727286653 10.8731913519 
 10.8722983457 10.8726092828 10.8729264075 
 10.8724343413 10.8725926307 10.8727579509 
 10.8726803003 10.8726840786 10.8726940104 
 10.8730345673 10.8728850707 10.8727390509 
 10.8734912899 10.8731928332 10.8728934477 
 10.8740408256 10.8736005114 10.8731533546 
 10.8746705305 10.8740977278 10.8735110058 
 10.8753657816 10.8746714603 10.8739553993 
 10.8761110463 10.8753070728 10.8744732279 
 10.8768908325 10.8759893233 10.8750498902 
 10.8776904137 10.8767032111 10.8756704228 
 10.8784962983 10.8774345947 10.8763202512 
 10.8792964667 10.8781705713 10.8769857147 
 10.8800804314 10.8788996536 10.8776543769 
 10.8808391778 10.8796117982 10.8783151593 
 10.8815650389 10.8802983380 10.8789583513 
 10.8822515408 10.8809518626 10.8795755408 
 10.8828932436 10.8815660781 10.8801595042 
 10.8834855931 10.8821356654 10.8807040802 
 10.8840247882 10.8826561496 10.8812040451 
 10.8845076691 10.8831237840 10.8816549970 
 10.8849316233 10.8835354523 10.8820532552 
 10.8852945098 10.8838885876 10.8823957740 
 10.8855945980 10.8841811060 10.8826800723 
 10.8858305206 10.8844113551 10.8829041772 
 10.8860012369 10.8845780740 10.8830665794 
 10.8861060063 10.8846803630 10.8831662010 
 10.8861443695 10.8847176640 10.8832023719 
 10.8861161377 10.8846897471 10.8831748166 
 10.8860213884 10.8845967070 10.8830836487 
 10.8858604680 10.8844389649 10.8829293736 
 10.8856340004 10.8842172790 10.8827129006 
 10.8853429041 10.8839327630 10.8824355629 
 10.8849884161 10.8835869127 10.8820991475 
 10.8845721255 10.8831816434 10.8817059363 
 10.8840960176 10.8827193380 10.8812587588 
 10.8835625307 10.8822029086 10.8807610588 
 10.8829746272 10.8816358735 10.8802169757 
 10.8823358821 10.8810224498 10.8796314414 
 10.8816505892 10.8803676643 10.8790102926 
 10.8809238880 10.8796774812 10.8783603947 
 10.8801619086 10.8789589417 10.8776897707 
 10.8793719290 10.8782203088 10.8770077214 
 10.8785625362 10.8774711989 10.8763249144 
 10.8777437663 10.8767226737 10.8756534098 
 10.8769271941 10.8759872533 10.8750065772 
 10.8761259226 10.8752787990 10.8743988538 
 10.8753544150 10.8746122098 10.8738452981 
 10.8746281107 10.8740028891 10.8733609135 
 10.8739627849 10.8734659680 10.8729597658 
 10.8733736641 10.8730153339 10.8726539747 
 10.8728743710 10.8726625777 10.8724527222 
 10.8724758530 10.8724160274 10.8723614484 
 10.8721854777 10.8722800475 10.8723813884 
 10.8720064682 10.8722547350 10.8725095380 
 10.8719377745 10.8723360577 10.8727390433 
 10.8719743762 10.8725163831 10.8730599226 
 10.8721079259 10.8727852759 10.8734599739 
 10.8723275908 10.8731304094 10.8739257160 
 10.8726209446 10.8735384527 10.8744432344 
 10.8729747919 10.8739958345 10.8749988588 
 10.8733758503 10.8744893312 10.8755796436 
 10.8738112632 10.8750064731 10.8761736653 
 10.8742689440 10.8755357882 10.8767701690 
 10.8747377803 10.8760669177 10.8773596058 
 10.8752077273 10.8765906403 10.8779335964 
 10.8756698260 10.8770988368 10.8784848539 
 10.8761161700 10.8775844207 10.8790070865 
 10.8765398463 10.8780412539 10.8794948945 
 10.8769348618 10.8784640573 10.8799436718 
 10.8772960676 10.8788483263 10.8803495154 
 10.8776190859 10.8791902529 10.8807091463 
 10.8779002438 10.8794866583 10.8810198416 
 10.8781365161 10.8797349346 10.8812793775 
 10.8783254762 10.8799329970 10.8814859832 
 10.8784652567 10.8800792455 10.8816383036 
 