10.8655677844 10.8641461562 10.8629067588 
 10.8656286198 10.8641987423 10.8629513729 
 10.8656553267 10.8642215914 10.8629704732 
 10.8656467444 10.8642134811 10.8629627943 
 10.8656031126 10.8641746631 10.8629285961 
 10.8655260724 10.8641068626 10.8628696627 
 10.8654186679 10.8640132755 10.8627892955 
 10.8652853486 10.8638985617 10.8626922973 
 10.8651319676 10.8637688296 10.8625849462 
 10.8649657711 10.8636316083 10.8624749515 
 10.8647953716 10.8634957995 10.8623713885 
 10.8646306958 10.8633716004 10.8622846026 
 10.8644828960 10.8632703893 10.8622260741 
 10.8643642134 10.8632045608 10.8622082352 
 10.8642877787 10.8631873007 10.8622442261 
 10.8642673378 10.8632322861 10.8623475812 
 10.8643168868 10.8633533018 10.8625318320 
 10.8644502092 10.8635637594 10.8628100181 
 10.8646803075 10.8638761183 10.8631940998 
 10.8650187342 10.8643012094 10.8636942768 
 10.8654748438 10.8648474847 10.8643182350 
 10.8660550094 10.8655202400 10.8650703720 
 10.8667618822 10.8663208941 10.8659510882 
 10.8675938055 10.8672464417 10.8669562718 
 10.8685445180 10.8682892222 10.8680771197 
 10.8696032665 10.8694371231 10.8693004171 
 10.8707553891 10.8706742665 10.8706093096 
 10.8719833201 10.8719821086 10.8719844795 
 10.8732678584 10.8733407690 10.8734055238 
 10.8745894721 10.8747303513 10.8748522817 
 10.8759294276 10.8761320421 10.8763059070 
 10.8772706084 10.8775288718 10.8777495770 
 10.8785979877 10.8789061186 10.8791688403 
 10.8798987984 10.8802514151 10.8805516715 
 10.8811624805 10.8815546449 10.8818883269 
 10.8823804925 10.8828077177 10.8831710924 
 10.8835460548 10.8840042907 10.8843939864 
 10.8846538771 10.8851394823 10.8855524644 
 10.8856998966 10.8862096048 10.8866431467 
 10.8866810442 10.8872119280 10.8876635814 
 10.8875950427 10.8881444791 10.8886120449 
 10.8884402390 10.8890058758 10.8894873768 
 10.8892154657 10.8897951911 10.8902888466 
 10.8899199288 10.8905118434 10.8910160463 
 10.8905531176 10.8911555086 10.8916688042 
 10.8911147317 10.8917260494 10.8922471160 
 10.8916046228 10.8922234588 10.8927510899 
 10.8920227475 10.8926478146 10.8931809024 
 10.8923691297 10.8929992423 10.8935367618 
 10.8926438299 10.8932778862 10.8938188807 
 10.8928469219 10.8934838860 10.8940274520 
 10.8929784735 10.8936173583 10.8941626325 
 10.8930385339 10.8936783842 10.8942245293 
 10.8930271246 10.8936670006 10.8942131916 
 10.8929442355 10.8935831960 10.8941286075 
 10.8927898256 10.8934269116 10.8939707037 
 10.8925638279 10.8931980460 10.8937393512 
 10.8922661595 10.8928964647 10.8934343740 
 10.8918967360 10.8925220148 10.8930555638 
 10.8914554914 10.8920745439 10.8926026983 
 10.8909424037 10.8915539249 10.8920755656 
 10.8903575265 10.8909600876 10.8914739947 
 10.8897010298 10.8902930570 10.8907978930 
 10.8889732492 10.8895530018 10.8900472934 
 10.8881747478 10.8887402941 10.8892224129 
 10.8873063934 10.8878555849 10.8883237252 
 10.8863694542 10.8868998964 10.8873520523 
 10.8853657171 10.8858747388 10.8863086782 
 10.8842976340 10.8847822536 10.8851954905 
 10.8831684982 10.8836253882 10.8840151536 
 10.8819826549 10.8824081068 10.8827713186 
 10.8807457433 10.8811356345 10.8814688699 
 10.8794649632 10.8798147319 10.8801142047 
 10.8781493476 10.8784539828 10.8787155328 
 10.8768100071 10.8770640639 10.8772831654 
 10.8754602909 10.8756579458 10.8758297477 
 10.8741157903 10.8742509500 10.8743703588 
 10.8727940978 10.8728605735 10.8729223897 
 10.8715142470 10.8715059952 10.8715051058 
 10.8702958076 10.8702072233 10.8701388399 
 10.8691576961 10.8689839238 10.8688438397 
 10.8681168609 10.8678540784 10.8676389066 
 10.8671870645 10.8668326945 10.8665400494 
 10.8663779782 10.8659308024 10.8655594004 
 10.8656947211 10.8651548929 10.8647045699 
 10.8651378606 10.8645068356 10.8639784946 
 10.8647037935 10.8639842025 10.8633797160 
 10.8643853802 10.8635808702 10.8629029580 
 10.8641727002 10.8632877616 10.8625398602 
 10.8640538280 10.8630936186 10.8622797501 
 10.8640155599 10.8629857332 10.8621103789 
 10.8640440556 10.8629505967 10.8620185760 
 10.8641253779 10.8629744517 10.8619908097 
 10.8642459299 10.8630437463 10.8620136498 
 10.8643927959 10.8631454953 10.8620741416 
 10.8645539981 10.8632675603 10.8621601012 
 10.8647186811 10.8633988603 10.8622603429 
 10.8648772376 10.8635295240 10.8623648504 
 10.8650213898 10.8636509965 10.8624649022 
 10.8651442366 10.8637561095 10.8625531609 
 10.8652402778 10.8638391260 10.8626237334 
 10.8653054238 10.8638957662 10.8626722115 
 10.8653369974 10.8639232214 10.8626956960 
 10.8653337322 10.8639201604 10.8626928108 
 10.8652957714 10.8638867325 10.8626637089 
 10.8652246681 10.8638245670 10.8626100720 
 10.8651233870 10.8637367703 10.8625351031 
 10.8649963055 10.8636279183 10.8624435112 
 10.8648492111 10.8635040410 10.8623414843 
 10.8646892898 10.8633725937 10.8622366462 
 10.8645250986 10.8632424082 10.8621379908 
 10.8643665121 10.8631236165 10.8620557875 
 10.8642246342 10.8630275365 10.8620014476 
 10.8641116622 10.8629665093 10.8619873431 
 10.8640406888 10.8629536762 10.8620265672 
 10.8640254306 10.8630026837 10.8621326247 
 10.8640798681 10.8631273041 10.8623190412 
 10.8642177882 10.8633409621 10.8625988809 
 10.8644522222 10.8636561622 10.8629841664 
 10.8647947840 10.8640838188 10.8634852039 
 10.8652549261 10.8646325107 10.8641098345 
 10.8658391581 10.8653077036 10.8648626584 
 10.8665503011 10.8661110225 10.8657443178 
 10.8673868901 10.8670396897 10.8667509635 
 10.8683428564 10.8680862695 10.8678740493 
 10.8694076157 10.8692388433 10.8691005787 
 10.8705666262 10.8704816685 10.8704138478 
 10.8718023771 10.8717962606 10.8717946039 
 10.8730956517 10.8731627201 10.8732224209 
 10.8744268408 10.8745610631 10.8746770418 
 10.8757770899 10.8759723426 10.8761394736 
 10.8771291386 10.8773794314 10.8775927230 
 10.8784678120 10.8787674471 10.8790221652 
 10.8797802041 10.8801238722 10.8804156131 
 10.8810556338 10.8814384594 10.8817631824 
 10.8822854588 10.8827030098 10.8830570414 
 10.8834628199 10.8839110939 10.8842911148 
 10.8845823661 10.8850577637 10.8854607852 
 10.8856399905 10.8861392823 10.8865626182 
 10.8866325934 10.8871528844 10.8875941222 
 10.8875578780 10.8880965737 10.8885535459 
 10.8884141802 10.8889689535 10.8894397109 
 10.8892003277 10.8897690893 10.8902518757 
 10.8899155271 10.8904963970 10.8909896274 
 10.8905592712 10.8911505541 10.8916527930 
 10.8911312661 10.8917314277 10.8922413709 
 10.8916313715 10.8922390171 10.8927554738 
 10.8920595529 10.8926734079 10.8931952843 
 10.8924158438 10.8930347343 10.8935610183 
 10.8927003143 10.8933231494 10.8938528964 
 10.8929130473 10.8935388018 10.8940711200 
 10.8930541191 10.8936818166 10.8942158542 
 10.8931235862 10.8937522826 10.8942872138 
 10.8931214759 10.8937502433 10.8942852554 
 10.8930477822 10.8936756924 10.8942099728 
 10.8929024656 10.8935285742 10.8940612972 
 10.8926854584 10.8933087882 10.8938391022 
 10.8923966737 10.8930161983 10.8935432120 
 10.8920360196 10.8926506467 10.8931734159 
 10.8916034185 10.8922119726 10.8927294858 
 10.8910988322 10.8917000363 10.8922112004 
 10.8905222929 10.8911147501 10.8916183751 
 10.8898739429 10.8904561160 10.8909508981 
 10.8891540826 10.8897242728 10.8902087775 
 10.8883632317 10.8889195549 10.8893921976 
 10.8875022038 10.8880425658 10.8885015909 
 10.8865722009 10.8870942690 10.8875377272 
 10.8855749290 10.8860761018 10.8865018254 
 10.8845127414 10.8849901163 10.8853956921 
 10.8833888126 10.8838391511 10.8842218919 
 10.8822073459 10.8826270386 10.8829839541 
 10.8809738130 10.8813588471 10.8816866166 
 10.8796952204 10.8800411540 10.8803361035 
 10.8783803842 10.8786823341 10.8789404246 
 10.8770401815 10.8772928356 10.8775096692 
 10.8756877258 10.8758853924 10.8760562482 
 10.8743383934 10.8744751022 10.8745950130 
 10.8730096138 10.8730792801 10.8731431603 
 10.8717203453 10.8717170006 10.8717198298 
 10.8704902046 10.8704082803 10.8703453320 
 10.8693382978 10.8691729310 10.8690400241 
 10.8682819045 10.8680292212 10.8678229556 
 10.8673352345 10.8669925661 10.8667105064 
 10.8665084780 10.8660744826 10.8657152643 
 10.8658072937 10.8652819779 10.8648453310 
 10.8652327630 10.8646174203 10.8641041236 
 10.8647817381 10.8640788287 10.8634906179 
 10.8644474564 10.8636604542 10.8629999042 
 10.8642202892 10.8633535143 10.8626239129 
 10.8640885193 10.8631469664 10.8623521873 
 10.8640390745 10.8630282451 10.8621726254 
 10.8640581782 10.8629839207 10.8620721432 
 10.8641318997 10.8630002602 10.8620372435 
 10.8642466014 10.8630636907 10.8620544882 
 10.8643892906 10.8631611696 10.8621108797 
 10.8645478848 10.8632804731 10.8621941633 
 10.8647114046 10.8634104138 10.8622930614 
 10.8648701068 10.8635409994 10.8623974499 
 10.8650155719 10.8636635452 10.8624984892 
 10.8651407556 10.8637707488 10.8625887165 
 10.8652400174 10.8638567384 10.8626621106 
 10.8653091324 10.8639171015 10.8627141343 
 10.8653452949 10.8639489005 10.8627417610 
 10.8653471181 10.8639506810 10.8627434900 
 10.8653146326 10.8639224747 10.8627193533 
 10.8652492873 10.8638657992 10.8626709157 
 10.8651539498 10.8637836557 10.8626012678 
 10.8650329075 10.8636805200 10.8625150104 
 10.8648918638 10.8635623272 10.8624182276 
 10.8647379255 10.8634364421 10.8623184438 
 10.8645795748 10.8633116108 10.8622245584 
 10.8644266153 10.8631978842 10.8621467520 
 10.8642900846 10.8631065050 10.8620963547 
 10.8641821185 10.8630497465 10.8620856668 
 10.8641157557 10.8630406924 10.8621277235 
 10.8641046693 10.8630929462 10.8622359891 
 10.8641628119 10.8632202569 10.8624239723 
 10.8643039632 10.8634360516 10.8627047502 
 10.8645411756 10.8637528700 10.8630903957 
 10.8648861181 10.8641817014 10.8635913087 
 10.8653483387 10.8647312435 10.8642154722 
 10.8659344842 10.8654071265 10.8649676760 
 10.8666475518 10.8662111795 10.8658487939 
 10.8674862798 10.8671408559 10.8668552340 
 10.8684448113 10.8681889556 10.8679787079 
 10.8695127573 10.8693437716 10.8692064477 
 10.8706757286 10.8705897222 10.8705219186 
 10.8719163047 10.8719084128 10.8719059580 
 10.8732152889 10.8732799562 10.8733381461 
 10.8745530269 10.8746843118 10.8747981588 
 10.8759105697 10.8761024249 10.8762668838 
 10.8772705326 10.8775170316 10.8777271794 
 10.8786176060 10.8789131040 10.8791642651 
 10.8799387528 10.8802779848 10.8805658054 
 10.8812231739 10.8816013018 10.8819217842 
 10.8824621264 10.8828747501 10.8832242583 
 10.8836486696 10.8840918145 10.8844670616 
 10.8847773882 10.8852474793 10.8856455054 
 10.8858441271 10.8863379562 10.8867561007 
 10.8868457513 10.8873604425 10.8877963156 
 10.8877799398 10.8883129155 10.8887643699 
 10.8886450127 10.8891939609 10.8896590653 
 10.8894397889 10.8900026333 10.8904796480 
 10.8901634711 10.8907383438 10.8912256977 
 10.8908155524 10.8914007684 10.8918970390 
 10.8913957419 10.8919897762 10.8924936706 
 10.8919039044 10.8925053707 10.8930157082 
 10.8923400124 10.8929476434 10.8934633391 
 10.8927041068 10.8933167353 10.8938367856 
 10.8929962663 10.8936128074 10.8941362749 
 10.8932165819 10.8938360164 10.8943620164 
 10.8933651388 10.8939864958 10.8945141828 
 10.8934420013 10.8940643423 10.8945928969 
 10.8934472040 10.8940696069 10.8945982227 
 10.8933807475 10.8940022902 10.8945301610 
 10.8932425974 10.8938623422 10.8943886491 
 10.8930326897 10.8936496668 10.8941735653 
 10.8927509392 10.8933641307 10.8938847375 
 10.8923972536 10.8930055767 10.8935219565 
 10.8919715526 10.8925738425 10.8930849940 
 10.8914737921 10.8920687844 10.8925736258 
 10.8909039953 10.8914903074 10.8919876614 
 10.8902622912 10.8908384023 10.8913269802 
 10.8895489627 10.8901131929 10.8905915768 
 10.8887645061 10.8893149931 10.8897816177 
 10.8879097054 10.8884443797 10.8888975116 
 10.8869857249 10.8875022822 10.8879399974 
 10.8859942233 10.8864900950 10.8869102545 
 10.8849374958 10.8854098160 10.8858100396 
 10.8838186453 10.8842642175 10.8846418550 
 10.8826417883 10.8830570500 10.8834091535 
 10.8814122930 10.8817932838 10.8821165793 
 10.8801370447 10.8804793797 10.8807702452 
 10.8788247220 10.8791235789 10.8793780312 
 10.8774860516 10.8777361810 10.8779498809 
 10.8761339926 10.8763297640 10.8764980497 
 10.8747837762 10.8749192748 10.8750372348 
 10.8734527154 10.8735219004 10.8735844972 
 10.8721597041 10.8721566339 10.8721588818 
 10.8709243679 10.8708434787 10.8707806690 
 10.8697659099 10.8696023196 10.8694702687 
 10.8687017954 10.8684515876 10.8682468729 
 10.8677464935 10.8674069381 10.8671270840 
 10.8669105003 10.8664801805 10.8661237689 
 10.8661997945 10.8656786348 10.8652453333 
 10.8656157626 10.8650049719 10.8644954928 
 10.8651555254 10.8644574812 10.8638734922 
 10.8648125408 10.8640306385 10.8633746479 
 10.8645773490 10.8637158358 10.8629910676 
 10.8644383513 10.8635021566 10.8627124246 
 10.8643825494 10.8633771178 10.8625267038 
 10.8643962025 10.8633273339 10.8624208714 
 10.8644653839 10.8633390854 10.8623814500 
 10.8645764357 10.8633987877 10.8623949964 
 10.8647163255 10.8634933676 10.8624484887 
 10.8648729175 10.8636105556 10.8625296334 
 10.8650351697 10.8637391085 10.8626271028 
 10.8651932706 10.8638689712 10.8627307151 
 10.8653387290 10.8639913917 10.8628315679 
 10.8654644288 10.8640989984 10.8629221324 
 10.8655646579 10.8641858499 10.8629963202 
 10.8656351220 10.8642474646 10.8630495264 
 10.8656729483 10.8642808377 10.8630786576 
 10.8656766856 10.8642844493 10.8630821477 
 10.8656463034 10.8642582679 10.8630599647 
 10.8655831917 10.8642037506 10.8630136115 
 10.8654901622 10.8641238398 10.8629461186 
 10.8653714482 10.8640229550 10.8628620288 
 10.8652327011 10.8639069768 10.8627673704 
 10.8650809777 10.8637832177 10.8626696138 
 10.8649247116 10.8636603735 10.8625776073 
 10.8647736599 10.8635484473 10.8625014834 
 10.8646388158 10.8634586369 10.8624525271 
 10.8645322739 10.8634031746 10.8624429991 
 10.8644670360 10.8633951086 10.8624859002 
 10.8644567441 10.8634480133 10.8625946684 
 10.8645153275 10.8635756178 10.8627827956 
 10.8646565539 10.8637913408 10.8630633540 
 10.8648934764 10.8641077280 10.8634484265 
 10.8652377819 10.8645357913 10.8639484401 
 10.8656990551 10.8650842706 10.8645714242 
 10.8662840001 10.8657588585 10.8653222352 
 10.8669956915 10.8665614660 10.8662018319 
 10.8678329616 10.8674896436 10.8672067212 
 10.8687900571 10.8685362954 10.8683287196 
 10.8698566918 10.8696898159 10.8695551585 
 10.8710185672 10.8709347099 10.8708695855 
 10.8722583311 10.8722526447 10.8722528947 
 10.8735568263 10.8736237656 10.8736846928 
 10.8748944096 10.8750280358 10.8751446538 
 10.8762521177 10.8764463807 10.8766136409 
 10.8776125342 10.8778615005 10.8780744736 
 10.8789603078 10.8792583229 10.8795123253 
 10.8802823564 10.8806241444 10.8809148138 
 10.8815678368 10.8819485489 10.8822718791 
 10.8828079664 10.8832231923 10.8835755395 
 10.8839957699 10.8844415258 10.8848195963 
 10.8851258035 10.8855985061 10.8859993342 
 10.8861938890 10.8866903230 10.8871112431 
 10.8871968732 10.8877141568 10.8881527748 
 10.8881324212 10.8886679714 10.8891221367 
 10.8889988427 10.8895503432 10.8900181216 
 10.8897949492 10.8903603199 10.8908399693 
 10.8905199381 10.8910973079 10.8915872553 
 10.8911732996 10.8917609805 10.8922598017 
 10.8917547409 10.8923512054 10.8928576060 
 10.8922641265 10.8928679861 10.8933807837 
 10.8927014296 10.8933114145 10.8938295231 
 10.8930666925 10.8936816334 10.8942040476 
 10.8933599962 10.8939788059 10.8945045866 
 10.8935814348 10.8942030913 10.8947313519 
 10.8937310966 10.8943546263 10.8948845190 
 10.8938090501 10.8944335114 10.8949642141 
 10.8938153344 10.8944398015 10.8949705046 
 10.8937499547 10.8943735015 10.8949033950 
 10.8936128823 10.8942345661 10.8947628266 
 10.8934040587 10.8940229042 10.8945486820 
 10.8931234047 10.8937383876 10.8942607933 
 10.8927708347 10.8933808647 10.8938989559 
 10.8923462751 10.8929501790 10.8934629460 
 10.8918496891 10.8924461929 10.8929525444 
 10.8912811076 10.8918688175 10.8923675655 
 10.8906406679 10.8912180506 10.8917078940 
 10.8899286616 10.8904940230 10.8909735301 
 10.8891455945 10.8896970565 10.8901646462 
 10.8882922608 10.8888277359 10.8892816571 
 10.8873698359 10.8878869997 10.8883253087 
 10.8863799907 10.8868762521 10.8872967878 
 10.8853250337 10.8857975018 10.8861978592 
 10.8842080823 10.8846535328 10.8850310344 
 10.8830332691 10.8834481088 10.8837997761 
 10.8818059794 10.8821862140 10.8825087396 
 10.8805331171 10.8808743247 10.8811640495 
 10.8792233796 10.8795206978 10.8797735986 
 10.8778875121 10.8781356490 10.8783473434 
 10.8765384903 10.8767317710 10.8768975513 
 10.8751915573 10.8753240216 10.8754389293 
 10.8738640306 10.8739295939 10.8739885441 
 10.8725747975 10.8725674775 10.8725654393 
 10.8713434624 10.8712576611 10.8711898849 
 10.8701891912 10.8700200007 10.8698822692 
 10.8691293952 10.8688728846 10.8686617507 
 10.8681784757 10.8678319129 10.8675448883 
 10.8673468504 10.8669088306 10.8665444969 
 10.8666404153 10.8661108883 10.8656689261 
 10.8660604742 10.8654406875 10.8649218347 
 10.8656040702 10.8648964510 10.8643024128 
 10.8652645917 10.8644725947 10.8638059272 
 10.8650325204 10.8641604590 10.8634244419 
 10.8648962118 10.8639490853 10.8631475945 
 10.8648426354 10.8638259591 10.8629633422 
 10.8648580315 10.8637776746 10.8628586317 
 10.8649284682 10.8637905025 10.8628199750 
 10.8650402944 10.8638508590 10.8628339266 
 10.8651804950 10.8639456809 10.8628874703 
 10.8653369603 10.8640627168 10.8629683252 
 10.8654986807 10.8641907481 10.8630651825 
 10.8656558816 10.8643197495 10.8631678842 
 10.8658001110 10.8644410018 10.8632675554 
 10.8659242923 10.8645471682 10.8633566977 
 10.8660227522 10.8646323423 10.8634292544 
 10.8660912328 10.8646920771 10.8634806531 
 10.8661268946 10.8647234006 10.8635078324 
 10.8661283163 10.8647248235 10.8635092576 
 10.8660954928 10.8646963426 10.8634849270 
 10.8660298359 10.8646394402 10.8634363723 
 10.8659341748 10.8645570814 10.8633666513 
 10.8658127571 10.8644537062 10.8632803329 
 10.8656712451 10.8643352130 10.8631834699 
 10.8655167041 10.8642089309 10.8630835560 
 10.8653575739 10.8640835701 10.8629894615 
 10.8652036169 10.8639691473 10.8629113389 
 10.8650658301 10.8638768720 10.8628604917 
 10.8649563113 10.8638189865 10.8628491952 
 10.8648880640 10.8638085459 10.8628904605 
 10.8648747298 10.8638591271 10.8629977286 
 10.8649302340 10.8639844550 10.8631844853 
 10.8650683341 10.8641979348 10.8634637843 
 10.8653020652 10.8645120863 10.8638476735 
 10.8656430850 10.8649378806 10.8643465270 
 10.8661009369 10.8654840005 10.8649683004 
 10.8666822708 10.8661560652 10.8657177571 
 10.8673900974 10.8669558997 10.8665957476 
 10.8682231805 10.8678809627 10.8675986639 
 10.8691757028 10.8689240723 10.8687182138 
 10.8702373288 10.8700735543 10.8699416406 
 10.8713937347 10.8713138738 10.8712524383 
 10.8726275727 10.8726266940 10.8726314882 
 10.8739197196 10.8739921911 10.8740584253 
 10.8752505900 10.8753903878 10.8755129851 
 10.8766012934 10.8768022868 10.8769761137 
 10.8779544913 10.8782106726 10.8784307219 
 10.8792949073 10.8796005551 10.8798620731 
 10.8806095261 10.8809593048 10.8812578668 
 10.8818875604 10.8822765682 10.8826081129 
 10.8831202717 10.8835440516 10.8839048867 
 10.8843007181 10.8847552451 10.8851420344 
 10.8854234798 10.8859051344 10.8863148749 
 10.8864843944 10.8869899297 10.8874199229 
 10.8874803184 10.8880068248 10.8884546481 
 10.8884089219 10.8889537920 10.8894172694 
 10.8892685156 10.8898294117 10.8903065868 
 10.8900579097 10.8906327330 10.8911218441 
 10.8907762984 10.8913631611 10.8918626180 
 10.8914231672 10.8920203667 10.8925287298 
 10.8919982181 10.8926042139 10.8931201751 
 10.8925013101 10.8931147018 10.8936370665 
 10.8929324105 10.8935519177 10.8940795884 
 10.8932915564 10.8939159996 10.8944479605 
 10.8935788237 10.8942071061 10.8947424082 
 10.8937943022 10.8944253923 10.8949631392 
 10.8939380770 10.8945709915 10.8951103254 
 10.8940102142 10.8946440012 10.8951840897 
 10.8940107520 10.8946444747 10.8951844973 
 10.8939396964 10.8945724165 10.8951115513 
 10.8937970211 10.8944277822 10.8949651926 
 10.8935826723 10.8942104836 10.8947453050 
 10.8932965779 10.8939203974 10.8944517235 
 10.8929386618 10.8935573793 10.8940842483 
 10.8925088635 10.8931212825 10.8936426629 
 10.8920071623 10.8926119824 10.8931267581 
 10.8914336097 10.8920294068 10.8925363612 
 10.8907883677 10.8913735743 10.8918713738 
 10.8900717586 10.8906446412 10.8911318174 
 10.8892843250 10.8898429610 10.8903178908 
 10.8884269058 10.8889691571 10.8894300422 
 10.8875007301 10.8880242152 10.8884690580 
 10.8865075337 10.8870095966 10.8874361757 
 10.8854497024 10.8859273797 10.8863332217 
 10.8843304466 10.8847804321 10.8851627831 
 10.8831540084 10.8835726180 10.8839284138 
 10.8819259016 10.8823090404 10.8826348786 
 10.8806531774 10.8809963138 10.8812884309 
 10.8793446978 10.8796428516 10.8798971112 
 10.8780113844 10.8782591404 10.8784710400 
 10.8766663898 10.8768579490 10.8770226572 
 10.8753251179 10.8754544015 10.8755668374 
 10.8740050067 10.8740658250 10.8741207894 
 10.8727249960 10.8727112842 10.8727036484 
 10.8715046480 10.8714107567 10.8713356974 
 10.8703629749 10.8701839820 10.8700372387 
 10.8693171225 10.8690491221 10.8688272388 
 10.8683811329 10.8680214557 10.8677219693 
 10.8675650051 10.8671123418 10.8667338906 
 10.8668741958 10.8663286185 10.8658709673 
 10.8663095861 10.8656724850 10.8651364781 
 10.8658678403 10.8651417996 10.8645292663 
 10.8655420286 10.8647306685 10.8640443019 
 10.8653223825 10.8644301845 10.8636734102 
 10.8651970755 10.8642292049 10.8634060484 
 10.8651529598 10.8641150900 10.8632300479 
 10.8651762163 10.8640743621 10.8631322791 
 10.8652529042 10.8640932671 10.8630992206 
 10.8653694054 10.8641582359 10.8631174300 
 10.8655127719 10.8642562524 10.8631739249 
 10.8656709866 10.8643751387 10.8632564830 
 10.8658331506 10.8645037688 10.8633538735 
 10.8659896116 10.8646322239 10.8634560316 
 10.8661320457 10.8647519000 10.8635541854 
 10.8662535056 10.8648555797 10.8636409463 
 10.8663484442 10.8649374765 10.8637103706 
 10.8664127248 10.8649932613 10.8637579996 
 10.8664436219 10.8650200760 10.8637808844 
 10.8664398195 10.8650165398 10.8637776000 
 10.8664014095 10.8649827515 10.8637482511 
 10.8663298919 10.8649202894 10.8636944714 
 10.8662281757 10.8648322082 10.8636194169 
 10.8661005810 10.8647230317 10.8635277499 
 10.8659528361 10.8645987372 10.8634256131 
 10.8657920666 10.8644667273 10.8633205857 
 10.8656267685 10.8643357825 10.8632216191 
 10.8654667561 10.8642159844 10.8631389417 
 10.8653230750 10.8641186030 10.8630839259 
 10.8652078670 10.8640559341 10.8630689071 
 10.8651341737 10.8640410774 10.8631069434 
 10.8651156662 10.8640876410 10.8632115062 
 10.8651662860 10.8642093625 10.8633960880 
 10.8652997881 10.8644196356 10.8636737193 
 10.8655291799 10.8647309366 10.8640563882 
 10.8658660602 10.8651541558 10.8645543648 
 10.8663198767 10.8656978522 10.8651754535 
 10.8668971463 10.8663674788 10.8659242189 
 10.8676007128 10.8671646579 10.8668012739 
 10.8684291514 10.8680866240 10.8678027508 
 10.8693764540 10.8691259717 10.8689201025 
 10.8704321167 10.8702708335 10.8701403538 
 10.8715816943 10.8715055371 10.8714468457 
 10.8728077814 10.8728116833 10.8728203913 
 10.8740912675 10.8741694640 10.8742406443 
 10.8754126408 10.8755589853 10.8756874327 
 10.8767531290 10.8769613808 10.8771418457 
 10.8780955357 10.8783595905 10.8785869629 
 10.8794247314 10.8797387838 10.8800082200 
 10.8807278390 10.8810864806 10.8813934773 
 10.8819941924 10.8823924582 10.8827328856 
 10.8832151540 10.8836485319 10.8840186378 
 10.8843838619 10.8848482787 10.8852446744 
 10.8854949572 10.8859867514 10.8864063874 
 10.8865443223 10.8870602096 10.8875003470 
 10.8875288445 10.8880658826 10.8885240625 
 10.8884462137 10.8890017664 10.8894757812 
 10.8892947523 10.8898664564 10.8903543215 
 10.8900732752 10.8906590094 10.8911589381 
 10.8907809766 10.8913788332 10.8918892132 
 10.8914173384 10.8920255974 10.8925449695 
 10.8919820565 10.8925991617 10.8931262001 
 10.8924749821 10.8930995190 10.8936330135 
 10.8928960738 10.8935267492 10.8940655879 
 10.8932453592 10.8938809818 10.8944241359 
 10.8935229049 10.8941623668 10.8947088748 
 10.8937287919 10.8943710506 10.8949200043 
 10.8938630968 10.8945071582 10.8950576881 
 10.8939258787 10.8945707796 10.8951220416 
 10.8939171705 10.8945619618 10.8951131229 
 10.8938369742 10.8944807043 10.8950309294 
 10.8936852620 10.8943269600 10.8948753981 
 10.8934619815 10.8941006400 10.8946464103 
 10.8931670648 10.8938016228 10.8943438011 
 10.8928004437 10.8934297694 10.8939673735 
 10.8923620695 10.8929849418 10.8935169170 
 10.8918519381 10.8924670284 10.8929922320 
 10.8912701228 10.8918759746 10.8923931602 
 10.8906168139 10.8912118227 10.8917196223 
 10.8898923691 10.8904747593 10.8909716653 
 10.8890973753 10.8896651758 10.8901495210 
 10.8882327257 10.8887837439 10.8892536792 
 10.8872997164 10.8878315085 10.8882849792 
 10.8863001648 10.8868100043 10.8872447240 
 10.8852365559 10.8857213997 10.8861348217 
 10.8841122194 10.8845686720 10.8849579596 
 10.8829315401 10.8833558174 10.8837178141 
 10.8817001998 10.8820880964 10.8824192971 
 10.8804254435 10.8807723073 10.8810688355 
 10.8791163501 10.8794170728 10.8796746702 
 10.8777840742 10.8780331077 10.8782471438 
 10.8764420032 10.8766334168 10.8767989297 
 10.8751057539 10.8752333467 10.8753451295 
 10.8737929246 10.8738504040 10.8739031448 
 10.8725225257 10.8725037547 10.8724922337 
 10.8713140678 10.8712133636 10.8711326982 
 10.8701863677 10.8699988202 10.8698447274 
 10.8691562348 10.8688779945 10.8686470357 
 10.8682372590 10.8678657536 10.8675555199 
 10.8674389171 10.8669729663 10.8665821821 
 10.8667661234 10.8662059523 10.8657344931 
 10.8662192437 10.8655664100 10.8650152495 
 10.8657944870 10.8650517504 10.8644228596 
 10.8654845471 10.8646557051 10.8639519263 
 10.8652793654 10.8643690733 10.8635939843 
 10.8651669099 10.8641804981 10.8633382755 
 10.8651339044 10.8640771990 10.8631724855 
 10.8651664701 10.8640456219 10.8630834000 
 10.8652506640 10.8640719915 10.8630574643 
 10.8653729127 10.8641427627 10.8630812464 
 10.8655203493 10.8642449800 10.8631418093 
 10.8656810651 10.8643665540 10.8632270037 
 10.8658442883 10.8644964682 10.8633256932 
 10.8660005051 10.8646249269 10.8634279226 
 10.8661415352 10.8647434580 10.8635250404 
 10.8662605751 10.8648449795 10.8636097845 
 10.8663522191 10.8649238408 10.8636763403 
 10.8664124655 10.8649758459 10.8637203788 
 10.8664387167 10.8649982651 10.8637390787 
 10.8664297765 10.8649898406 10.8637311395 
 10.8663858478 10.8649507877 10.8636967860 
 10.8663085335 10.8648827951 10.8636377681 
 10.8662008376 10.8647890212 10.8635573529 
 10.8660671681 10.8646740882 10.8634603098 
 10.8659133356 10.8645440664 10.8633528836 
 10.8657465425 10.8644064469 10.8632427514 
 10.8655753571 10.8642700937 10.8631389573 
 10.8654096625 10.8641451677 10.8630518169 
 10.8652605686 10.8640430120 10.8629927823 
 10.8651402763 10.8639759887 10.8629742586 
 10.8650618795 10.8639572529 10.8630093608 
 10.8650390910 10.8640004543 10.8631115988 
 10.8650858789 10.8641193526 10.8632944806 
 10.8652160041 10.8643273374 10.8635710218 
 10.8654424523 10.8646368486 10.8639531586 
 10.8657767663 10.8650587007 10.8644510656 
 10.8662282985 10.8656013329 10.8650724039 
 10.8668034291 10.8662700340 10.8658215479 
 10.8675048278 10.8670662234 10.8666988795 
 10.8683308696 10.8679869075 10.8677002768 
 10.8692753393 10.8690244504 10.8688169397 
 10.8703275437 10.8701667793 10.8700356719 
 10.8714728920 10.8713980690 10.8713396538 
 10.8726938954 10.8726998379 10.8727096169 
 10.8739714287 10.8740522718 10.8741252159 
 10.8752860291 10.8754355380 10.8755663509 
 10.8766190207 10.8768308798 10.8770142331 
 10.8779533312 10.8782213741 10.8784520906 
 10.8792739648 10.8795923346 10.8798655136 
 10.8805681734 10.8809314189 10.8812425086 
 10.8818254068 10.8822285267 10.8825733558 
 10.8830371254 10.8834755768 10.8838503569 
 10.8841965469 10.8846662301 10.8850675409 
 10.8852983749 10.8857956046 10.8862203688 
 10.8863385381 10.8868600097 10.8873054636 
 10.8873139579 10.8878567105 10.8883203735 
 10.8882223472 10.8887837286 10.8892633733 
 10.8890620431 10.8896396756 10.8901333000 
 10.8898318687 10.8904236183 10.8909294202 
 10.8905310214 10.8911349689 10.8916513222 
 10.8911589822 10.8917733976 10.8922988307 
 10.8917154437 10.8923387618 10.8928719380 
 10.8922002514 10.8928310498 10.8933707489 
 10.8926133568 10.8932503353 10.8937954368 
 10.8929547800 10.8935967407 10.8941462076 
 10.8932245789 10.8938704079 10.8944232716 
 10.8934228260 10.8940714751 10.8946268205 
 10.8935495895 10.8942000589 10.8947570102 
 10.8936049207 10.8942562416 10.8948139481 
 10.8935888452 10.8942400625 10.8947976851 
 10.8935013589 10.8941515149 10.8947082116 
 10.8933424293 10.8939905459 10.8945454589 
 10.8931120008 10.8937570628 10.8943093036 
 10.8928100043 10.8934509419 10.8939995779 
 10.8924363729 10.8930720441 10.8936160836 
 10.8919910614 10.8926202336 10.8931586112 
 10.8914740728 10.8920954038 10.8926269648 
 10.8908854905 10.8914975089 10.8920209928 
 10.8902255194 10.8908266029 10.8913406261 
 10.8894945367 10.8900828894 10.8905859262 
 10.8886931544 10.8892667822 10.8897571447 
 10.8878222980 10.8883789815 10.8888547969 
 10.8868833038 10.8874205688 10.8878797556 
 10.8858780396 10.8863931251 10.8868333657 
 10.8848090526 10.8852988760 10.8857175888 
 10.8836797484 10.8841408696 10.8845351782 
 10.8824946034 10.8829231884 10.8832898914 
 10.8812594080 10.8816511964 10.8819867386 
 10.8799815337 10.8803318132 10.8806322638 
 10.8786702017 10.8789738005 10.8792348424 
 10.8773367201 10.8775880256 10.8778049672 
 10.8759946314 10.8761876509 10.8763554701 
 10.8746596943 10.8747881724 10.8749016063 
 10.8733496148 10.8734072180 10.8734609082 
 10.8720834539 10.8720640233 10.8720527190 
 10.8708806940 10.8707785493 10.8706973554 
 10.8697600335 10.8695702922 10.8694149355 
 10.8687380748 10.8684569394 10.8682240116 
 10.8678281316 10.8674531001 10.8671402407 
 10.8670393629 10.8665693382 10.8661753330 
 10.8663763577 10.8658116543 10.8653364480 
 10.8658391768 10.8651814429 10.8646260819 
 10.8654237642 10.8646758472 10.8640423754 
 10.8651225994 10.8642883791 10.8635797095 
 10.8649254625 10.8640096693 10.8632294467 
 10.8648202108 10.8638282414 10.8629807045 
 10.8647935020 10.8637312395 10.8628210873 
 10.8648314295 10.8637050717 10.8627373359 
 10.8649200528 10.8637359553 10.8627158815 
 10.8650458256 10.8638103624 10.8627433018 
 10.8651959264 10.8639153735 10.8628066883 
 10.8653585045 10.8640389492 10.8628939348 
 10.8655228547 10.8641701328 10.8629939586 
 10.8656795347 10.8642991947 10.8630968654 
 10.8658204380 10.8644177326 10.8631940690 
 10.8659388352 10.8645187360 10.8632783756 
 10.8660293929 10.8645966253 10.8633440398 
 10.8660881797 10.8646472746 10.8633868015 
 10.8661126653 10.8646680224 10.8634039072 
 10.8661017178 10.8646576766 10.8633941228 
 10.8660556014 10.8646165160 10.8633577376 
 10.8659759771 10.8645462899 10.8632965638 
 10.8658659050 10.8644502155 10.8632139288 
 10.8657298466 10.8643329710 10.8631146604 
 10.8655736637 10.8642006811 10.8630050594 
 10.8654046089 10.8640608893 10.8628928568 
 10.8652312986 10.8639225098 10.8627871483 
 10.8650636624 10.8637957512 10.8626982978 
 10.8649128542 10.8636920018 10.8626378021 
 10.8647911162 10.8636236642 10.8626181065 
 10.8647115793 10.8636039295 10.8626523599 
 10.8646879869 10.8636464757 10.8627540983 
 10.8647343299 10.8637650818 10.8629368453 
 10.8648643805 10.8639731446 10.8632136201 
 10.8650911220 10.8642830963 10.8635963464 
 10.8654260774 10.8647057261 10.8640951691 
 10.8658785598 10.8652494280 10.8647176992 
 10.8664548890 10.8659194247 10.8654682403 
 10.8671576536 10.8667170501 10.8663470855 
 10.8679851321 10.8676392104 10.8673500108 
 10.8689310037 10.8686781637 10.8684681095 
 10.8699844719 10.8698217355 10.8696880863 
 10.8711308566 10.8710540159 10.8709930411 
 10.8723526031 10.8723564645 10.8723636526 
 10.8736305500 10.8737092384 10.8737795530 
 10.8749452268 10.8750925046 10.8752206484 
 10.8762779747 10.8764875294 10.8766681774 
 10.8776117549 10.8778774276 10.8781054093 
 10.8789316144 10.8792475585 10.8795179815 
 10.8802248511 10.8805856264 10.8808939480 
 10.8814809585 10.8818815750 10.8822236325 
 10.8826914367 10.8831273622 10.8834993754 
 10.8838495377 10.8843166819 10.8847152377 
 10.8849499931 10.8854446794 10.8858667066 
 10.8859887543 10.8865076854 10.8869504257 
 10.8869627606 10.8875029821 10.8879639591 
 10.8878697385 10.8884286036 10.8889055936 
 10.8887080352 10.8892831708 10.8897741750 
 10.8894764809 10.8900657571 10.8905689758 
 10.8901742779 10.8907757790 10.8912895882 
 10.8908009102 10.8914129092 10.8919358394 
 10.8913560718 10.8919770065 10.8925077225 
 10.8918396085 10.8924680589 10.8930053424 
 10.8922514709 10.8928861392 10.8934288713 
 10.8925916773 10.8932313682 10.8937785137 
 10.8928602832 10.8935038854 10.8940544775 
 10.8930573580 10.8937038260 10.8942569518 
 10.8931829663 10.8938313033 10.8943860895 
 10.8932371550 10.8938863956 10.8944419945 
 10.8932199450 10.8938691381 10.8944247139 
 10.8931313271 10.8937795193 10.8943342342 
 10.8929712634 10.8936174816 10.8941704823 
 10.8927396919 10.8933829268 10.8939333305 
 10.8924365375 10.8930757260 10.8936226064 
 10.8920617262 10.8926957339 10.8932381069 
 10.8916152058 10.8922428090 10.8927796176 
 10.8910969714 10.8917168380 10.8922469374 
 10.8905070985 10.8911177683 10.8916399093 
 10.8898457834 10.8904456471 10.8909584586 
 10.8891133938 10.8897006701 10.8902026409 
 10.8883105318 10.8888832430 10.8893727013 
 10.8874381121 10.8879940574 10.8884691486 
 10.8864974596 10.8870341853 10.8874928481 
 10.8854904290 10.8860051971 10.8864451368 
 10.8844195537 10.8849093073 10.8853279675 
 10.8832882240 10.8837495514 10.8841440838 
 10.8821008997 10.8825299983 10.8828972328 
 10.8808633534 10.8812559973 10.8815924130 
 10.8795829378 10.8799344523 10.8802361558 
 10.8782688550 10.8785741088 10.8788368239 
 10.8769323951 10.8771858184 10.8774048970 
 10.8755870851 10.8757827294 10.8759531953 
 10.8742486738 10.8743803280 10.8744969651 
 10.8729348656 10.8729962386 10.8730537351 
 10.8716647323 10.8716497035 10.8716428519 
 10.8704577826 10.8703607027 10.8702846464 
 10.8693327575 10.8691487656 10.8689992618 
 10.8683063190 10.8680316269 10.8678052877 
 10.8673918531 10.8670239555 10.8667184285 
 10.8665986008 10.8661363831 10.8657504493 
 10.8659312367 10.8653749819 10.8649085681 
 10.8653899052 10.8647412177 10.8641953394 
 10.8649706282 10.8642323005 10.8636089595 
 10.8646659540 10.8638418022 10.8631438596 
 10.8644657193 10.8635604046 10.8627914455 
 10.8643578247 10.8633766719 10.8625408702 
 10.8643289570 10.8632777774 10.8623797647 
 10.8643652241 10.8632501473 10.8622948878 
 10.8644526871 10.8632800054 10.8622726792 
 10.8645777884 10.8633538201 10.8622997168 
 10.8647276850 10.8634586585 10.8623630843 
 10.8648904967 10.8635824601 10.8624506603 
 10.8650554826 10.8637142405 10.8625513409 
 10.8652131611 10.8638442382 10.8626552058 
 10.8653553848 10.8639640160 10.8627536396 
 10.8654753834 10.8640665271 10.8628394167 
 10.8655677844 10.8641461562 10.8629067588 
 