10.8644656789 10.8658381436 10.8673308004 
 10.8645083791 10.8658870611 10.8673860193 
 10.8645262318 10.8659077787 10.8674096273 
 10.8645182095 10.8658993344 10.8674007341 
 10.8644845409 10.8658619396 10.8673595330 
 10.8644267103 10.8657969793 10.8672873016 
 10.8643474570 10.8657070144 10.8671864061 
 10.8642507726 10.8655957849 10.8670603101 
 10.8641418955 10.8654682124 10.8669135845 
 10.8640272976 10.8653303994 10.8667519173 
 10.8639146600 10.8651896197 10.8665821183 
 10.8638128306 10.8650542955 10.8664121150 
 10.8637317564 10.8649339526 10.8662509310 
 10.8636823810 10.8648391450 10.8661086385 
 10.8636764946 10.8647813363 10.8659962733 
 10.8637265253 10.8647727245 10.8659256978 
 10.8638452543 10.8648259947 10.8659093962 
 10.8640454418 10.8649539833 10.8659601838 
 10.8643393496 10.8651692388 10.8660908145 
 10.8647381532 10.8654834696 10.8663134728 
 10.8652512475 10.8659068800 10.8666391474 
 10.8658854754 10.8664474145 10.8670769008 
 10.8666443375 10.8671099623 10.8676330750 
 10.8675272879 10.8678956130 10.8683105140 
 10.8685292543 10.8688010926 10.8691079186 
 10.8696405377 10.8698185316 10.8700194827 
 10.8708471998 10.8709356918 10.8710349450 
 10.8721319489 10.8721366913 10.8721401315 
 10.8734753961 10.8734031431 10.8733179440 
 10.8748574490 10.8747155041 10.8745496307 
 10.8762585875 10.8760543805 10.8758161009 
 10.8776608355 10.8774015847 10.8770990573 
 10.8790483537 10.8787408344 10.8783818092 
 10.8804076822 10.8800580957 10.8796497308 
 10.8817277170 10.8813416394 10.8808904140 
 10.8829995196 10.8825819041 10.8820936009 
 10.8842160417 10.8837712535 10.8832509851 
 10.8853718259 10.8849036930 10.8843559516 
 10.8864627180 10.8859745869 10.8854033044 
 10.8874856093 10.8869804003 10.8863890097 
 10.8884382162 10.8879184748 10.8873099686 
 10.8893188972 10.8887868403 10.8881638243 
 10.8901265043 10.8895840607 10.8889488020 
 10.8908602632 10.8903091103 10.8896635797 
 10.8915196790 10.8909612746 10.8903071848 
 10.8921044612 10.8915400717 10.8908789114 
 10.8926144645 10.8920451915 10.8913782560 
 10.8930496430 10.8924764469 10.8918048665 
 10.8934100138 10.8928337361 10.8921585030 
 10.8936956286 10.8931170136 10.8924390067 
 10.8939065524 10.8933262678 10.8926462771 
 10.8940428468 10.8934615042 10.8927802545 
 10.8941045590 10.8935227338 10.8928409079 
 10.8940917144 10.8935099655 10.8928282274 
 10.8940043132 10.8934232032 10.8927422208 
 10.8938423312 10.8932624463 10.8925829146 
 10.8936057247 10.8930276944 10.8923503584 
 10.8932944383 10.8927189560 10.8920446343 
 10.8929084189 10.8923362618 10.8916658707 
 10.8924476329 10.8918796835 10.8912142611 
 10.8919120902 10.8913493581 10.8906900903 
 10.8913018750 10.8907455196 10.8900937674 
 10.8906171847 10.8900685403 10.8894258688 
 10.8898583805 10.8893189825 10.8886871930 
 10.8890260505 10.8884976660 10.8878788312 
 10.8881210908 10.8876057514 10.8870022551 
 10.8871448080 10.8866448477 10.8860594293 
 10.8860990467 10.8856171449 10.8850529492 
 10.8849863496 10.8845255788 10.8839862116 
 10.8838101518 10.8833740306 10.8828636186 
 10.8825750135 10.8821675627 10.8816908152 
 10.8812868883 10.8809126860 10.8804749527 
 10.8799534170 10.8796176459 10.8792249613 
 10.8785842244 10.8782926978 10.8779517955 
 10.8771911734 10.8769503234 10.8766685993 
 10.8757885117 10.8756053144 10.8753907112 
 10.8743928192 10.8742746331 10.8741354202 
 10.8730226585 10.8729769573 10.8729213933 
 10.8716978569 10.8717318596 10.8717677480 
 10.8704384215 10.8705586509 10.8706928382 
 10.8692631976 10.8694750317 10.8697129240 
 10.8681884899 10.8684957830 10.8688409668 
 10.8672269031 10.8676317427 10.8680857715 
 10.8663866103 10.8668892393 10.8674516055 
 10.8656711317 10.8662700263 10.8669382968 
 10.8650795758 10.8657716400 10.8665417099 
 10.8646072117 10.8653880426 10.8662544529 
 10.8642462187 10.8651103993 10.8660666772 
 10.8639864825 10.8649278730 10.8659668613 
 10.8638163493 10.8648283569 10.8659425135 
 10.8637232896 10.8647991053 10.8659807624 
 10.8636944511 10.8648272501 10.8660688272 
 10.8637171020 10.8649002048 10.8661943747 
 10.8637789743 10.8650059693 10.8663457793 
 10.8638685209 10.8651333505 10.8665123016 
 10.8639751029 10.8652721157 10.8666842050 
 10.8640891206 10.8654130938 10.8668528248 
 10.8642021014 10.8655482369 10.8670106031 
 10.8643067567 10.8656706554 10.8671511023 
 10.8643970149 10.8657746331 10.8672690029 
 10.8644680405 10.8658556314 10.8673600953 
 10.8645162415 10.8659102874 10.8674212670 
 10.8645392730 10.8659364082 10.8674504917 
 10.8645360371 10.8659329670 10.8674468203 
 10.8645066824 10.8659001000 10.8674103766 
 10.8644526035 10.8658391065 10.8673423566 
 10.8643764407 10.8657524509 10.8672450342 
 10.8642820783 10.8656437665 10.8671217687 
 10.8641746400 10.8655178599 10.8669770168 
 10.8640604780 10.8653807106 10.8668163425 
 10.8639471514 10.8652394650 10.8666464247 
 10.8638433870 10.8651024161 10.8664750553 
 10.8637590168 10.8649789635 10.8663111219 
 10.8637048811 10.8648795437 10.8661645659 
 10.8636926856 10.8648155185 10.8660463041 
 10.8637348008 10.8647990089 10.8659681004 
 10.8638439872 10.8648426572 10.8659423720 
 10.8640330322 10.8649593039 10.8659819102 
 10.8643142837 10.8651615599 10.8660995022 
 10.8646990743 10.8654612679 10.8663074364 
 10.8651970367 10.8658688496 10.8666168899 
 10.8658153378 10.8663925572 10.8670372075 
 10.8665578869 10.8670376792 10.8675751113 
 10.8674246158 10.8678057842 10.8682339152 
 10.8684109703 10.8686941307 10.8690128586 
 10.8695077638 10.8696953929 10.8699067025 
 10.8707015121 10.8707978334 10.8709057300 
 10.8719752699 10.8719859750 10.8719962310 
 10.8733098554 10.8732417005 10.8731614448 
 10.8746852385 10.8745455860 10.8743828066 
 10.8760818357 10.8758782198 10.8756412638 
 10.8774815158 10.8772212893 10.8769184355 
 10.8788682309 10.8785583187 10.8781974620 
 10.8802282917 10.8798750479 10.8794635010 
 10.8815503677 10.8811595157 10.8807039114 
 10.8828253107 10.8824019412 10.8819082077 
 10.8840458873 10.8835944900 10.8830678739 
 10.8852064810 10.8847309951 10.8841761089 
 10.8863028033 10.8858066739 10.8852275564 
 10.8873316342 10.8868178680 10.8862180460 
 10.8882905980 10.8877618160 10.8871443643 
 10.8891779775 10.8886364625 10.8880040584 
 10.8899925627 10.8894403010 10.8887952737 
 10.8907335284 10.8901722475 10.8895166218 
 10.8914003383 10.8908315392 10.8901670744 
 10.8919926678 10.8914176548 10.8907458797 
 10.8925103442 10.8919302515 10.8912524960 
 10.8929532993 10.8923691153 10.8916865396 
 10.8933215325 10.8927341232 10.8920477447 
 10.8936150820 10.8930252125 10.8923359317 
 10.8938340025 10.8932423585 10.8925509836 
 10.8939783488 10.8933855569 10.8926928279 
 10.8940481637 10.8934548121 10.8927614247 
 10.8940434707 10.8934501294 10.8927567581 
 10.8939642705 10.8933715115 10.8926788329 
 10.8938105411 10.8932189588 10.8925276751 
 10.8935822426 10.8929924737 10.8923033362 
 10.8932793251 10.8926920694 10.8920059023 
 10.8929017415 10.8923177827 10.8916355071 
 10.8924494653 10.8918696924 10.8911923515 
 10.8919225139 10.8913479431 10.8906767282 
 10.8913209785 10.8907527771 10.8900890549 
 10.8906450635 10.8900845743 10.8894299170 
 10.8898951352 10.8893439042 10.8887001215 
 10.8890717853 10.8885315915 10.8879007665 
 10.8881759103 10.8876488000 10.8870333288 
 10.8872088131 10.8866971372 10.8860997744 
 10.8861723289 10.8856787871 10.8851026957 
 10.8850689836 10.8845966722 10.8840454797 
 10.8839021861 10.8834546517 10.8829325106 
 10.8826764587 10.8822577548 10.8817694051 
 10.8813977032 10.8810124464 10.8805632739 
 10.8800734937 10.8797269112 10.8793229930 
 10.8787133713 10.8784113290 10.8780594490 
 10.8773291010 10.8770780926 10.8767857061 
 10.8759348228 10.8757418965 10.8755170162 
 10.8745470074 10.8744196059 10.8742705831 
 10.8731841207 10.8731298146 10.8730650016 
 10.8718659216 10.8718920379 10.8719193424 
 10.8706123918 10.8707255692 10.8708519480 
 10.8694424047 10.8696481374 10.8698791062 
 10.8683723442 10.8686745956 10.8690138407 
 10.8674149362 10.8678158857 10.8682650426 
 10.8665784978 10.8670784564 10.8676370750 
 10.8658666970 10.8664641806 10.8671298574 
 10.8652787775 10.8659707003 10.8667393319 
 10.8648101204 10.8655920623 10.8664581661 
 10.8644529898 10.8653194933 10.8662765513 
 10.8641973290 10.8651421949 10.8661829888 
 10.8640315178 10.8650480805 10.8661649961 
 10.8639430406 10.8650244097 10.8662097009 
 10.8639190436 10.8650583087 10.8663043148 
 10.8639467823 10.8651371779 10.8664364925 
 10.8640139674 10.8652489982 10.8665945936 
 10.8641090247 10.8653825542 10.8667678616 
 10.8642212832 10.8655275871 10.8669465410 
 10.8643411069 10.8656748968 10.8671219454 
 10.8644599831 10.8658164032 10.8672864926 
 10.8645705784 10.8659451803 10.8674337168 
 10.8646667724 10.8660554709 10.8675582656 
 10.8647436750 10.8661426904 10.8676558909 
 10.8647976343 10.8662034233 10.8677234356 
 10.8648262389 10.8662354177 10.8677588216 
 10.8648283177 10.8662375805 10.8677610404 
 10.8648039393 10.8662099738 10.8677301481 
 10.8647544109 10.8661538147 10.8676672648 
 10.8646822789 10.8660714776 10.8675745791 
 10.8645913271 10.8659664986 10.8674553572 
 10.8644865739 10.8658435797 10.8673139539 
 10.8643742621 10.8657085907 10.8671558243 
 10.8642618400 10.8655685642 10.8669875323 
 10.8641579251 10.8654316785 10.8668167517 
 10.8640722453 10.8653072212 10.8666522513 
 10.8640155465 10.8652055237 10.8665038573 
 10.8639994563 10.8651378561 10.8663823813 
 10.8640362894 10.8651162673 10.8662994986 
 10.8641387814 10.8651533568 10.8662675623 
 10.8643197345 10.8652619595 10.8662993356 
 10.8645915605 10.8654547297 10.8664076233 
 10.8649657143 10.8657436122 10.8666047897 
 10.8654520181 10.8661391985 10.8669021558 
 10.8660578997 10.8666499857 10.8673092873 
 10.8667875989 10.8672815818 10.8678332071 
 10.8676414372 10.8680359414 10.8684776041 
 10.8686152847 10.8689107545 10.8692421494 
 10.8697003780 10.8698991390 10.8701220622 
 10.8708836120 10.8709897702 10.8711080686 
 10.8721483351 10.8721675089 10.8721868409 
 10.8734755475 10.8734144683 10.8733419018 
 10.8748452822 10.8747113346 10.8745548497 
 10.8762379151 10.8760386936 10.8758066764 
 10.8776351971 10.8773781414 10.8770789454 
 10.8790209164 10.8787130535 10.8783546704 
 10.8803812004 10.8800289924 10.8796188427 
 10.8817045366 10.8813138132 10.8808586398 
 10.8829816079 10.8825575602 10.8820633976 
 10.8842050311 10.8837522414 10.8832244349 
 10.8853690610 10.8848915522 10.8843348044 
 10.8864693012 10.8859705927 10.8853890232 
 10.8875024418 10.8869856065 10.8863828139 
 10.8884660332 10.8879337506 10.8873128730 
 10.8893582978 10.8888129020 10.8881766725 
 10.8901779760 10.8896214987 10.8889722954 
 10.8909242024 10.8903584107 10.8896983012 
 10.8915964076 10.8910228375 10.8903536186 
 10.8921942400 10.8916142263 10.8909374596 
 10.8927175048 10.8921322083 10.8914492521 
 10.8931661159 10.8925765484 10.8918885875 
 10.8935400579 10.8929471054 10.8922551784 
 10.8938393574 10.8932438023 10.8925488279 
 10.8940640597 10.8934666023 10.8927694040 
 10.8942142122 10.8936154916 10.8929168223 
 10.8942898522 10.8936904670 10.8929910326 
 10.8942909990 10.8936915276 10.8929920112 
 10.8942176504 10.8936186714 10.8929197563 
 10.8940697826 10.8934718955 10.8927742888 
 10.8938473544 10.8932511997 10.8925556561 
 10.8935503151 10.8929565952 10.8922639409 
 10.8931786172 10.8925881175 10.8918992746 
 10.8927322335 10.8921458437 10.8914618554 
 10.8922111806 10.8916299170 10.8909519739 
 10.8916155481 10.8910405775 10.8903700450 
 10.8909455375 10.8903782019 10.8897166503 
 10.8902015108 10.8896433551 10.8889925920 
 10.8893840532 10.8888368553 10.8881989614 
 10.8884940515 10.8879598565 10.8873372256 
 10.8875327951 10.8870139531 10.8864093375 
 10.8865021006 10.8860013107 10.8854178714 
 10.8854044692 10.8849248275 10.8843661906 
 10.8842432771 10.8837883308 10.8832586478 
 10.8830230045 10.8825968089 10.8821008198 
 10.8817495006 10.8813566752 10.8808997677 
 10.8804302749 10.8800760524 10.8796643076 
 10.8790747924 10.8787650474 10.8784052570 
 10.8776947325 10.8774359721 10.8771356048 
 10.8763041444 10.8761034373 10.8758705268 
 10.8749194114 10.8747842300 10.8746271590 
 10.8735589268 10.8734968829 10.8734240475 
 10.8722424056 10.8722608800 10.8722802455 
 10.8709898272 10.8710955242 10.8712141169 
 10.8698201104 10.8700185990 10.8702420125 
 10.8687497323 10.8690450537 10.8693770551 
 10.8677915482 10.8681859571 10.8686282582 
 10.8669540254 10.8674478990 10.8680001164 
 10.8662409849 10.8668328922 10.8674926750 
 10.8656518117 10.8663387049 10.8671019864 
 10.8651820071 10.8659594883 10.8668208067 
 10.8648239296 10.8656865490 10.8666393924 
 10.8645675908 10.8655091448 10.8665462882 
 10.8644014155 10.8654152232 10.8665290356 
 10.8643129123 10.8653920603 10.8665747712 
 10.8642892355 10.8654267848 10.8666707030 
 10.8643176360 10.8655067884 10.8668044741 
 10.8643858104 10.8656200361 10.8669644260 
 10.8644821636 10.8657552906 10.8671397809 
 10.8645959989 10.8659022684 10.8673207590 
 10.8647176513 10.8660517421 10.8674986488 
 10.8648385773 10.8661956031 10.8676658424 
 10.8649514115 10.8663268963 10.8678158478 
 10.8650500007 10.8664398350 10.8679432869 
 10.8651294215 10.8665298050 10.8680438854 
 10.8651859886 10.8665933610 10.8681144603 
 10.8652172567 10.8666282211 10.8681529074 
 10.8652220210 10.8666332619 10.8681581918 
 10.8652003156 10.8666085149 10.8681303424 
 10.8651534135 10.8665551661 10.8680704519 
 10.8650838262 10.8664755582 10.8679806804 
 10.8649953026 10.8663731952 10.8678642649 
 10.8648928260 10.8662527463 10.8677255298 
 10.8647826047 10.8661200482 10.8675698994 
 10.8646720528 10.8659821007 10.8674039063 
 10.8645697549 10.8658470495 10.8672351923 
 10.8644854083 10.8657241511 10.8670724948 
 10.8644297310 10.8656237079 10.8669256103 
 10.8644143271 10.8655569643 10.8668053223 
 10.8644514937 10.8655359485 10.8667232823 
 10.8645539561 10.8655732458 10.8666918251 
 10.8647345154 10.8656816856 10.8667237032 
 10.8650055934 10.8658739271 10.8668317202 
 10.8653786679 10.8661619323 10.8670282510 
 10.8658635978 10.8665563240 10.8673246413 
 10.8664678626 10.8670656452 10.8677304961 
 10.8671957676 10.8676955643 10.8682528922 
 10.8680477109 10.8684481082 10.8688955858 
 10.8690196457 10.8693210475 10.8696583250 
 10.8701028911 10.8703075819 10.8705364098 
 10.8712844157 10.8713964619 10.8715206431 
 10.8725476252 10.8725726104 10.8725977636 
 10.8738735562 10.8738181832 10.8737513429 
 10.8752422562 10.8751138879 10.8749630086 
 10.8766340962 10.8764403124 10.8762137624 
 10.8780308082 10.8777790400 10.8774851616 
 10.8794161532 10.8791134238 10.8787602032 
 10.8807762281 10.8804289992 10.8800238555 
 10.8820994900 10.8817135934 10.8812632709 
 10.8833765940 10.8829572246 10.8824677613 
 10.8846001326 10.8841518775 10.8836286233 
 10.8857643403 10.8852912276 10.8847388908 
 10.8868648039 10.8863703590 10.8857930650 
 10.8878982001 10.8873855017 10.8867868553 
 10.8888620688 10.8883338022 10.8877169479 
 10.8897546240 10.8892131293 10.8885808063 
 10.8905745995 10.8900219140 10.8893765066 
 10.8913211247 10.8907590211 10.8901026029 
 10.8919936261 10.8914236457 10.8907580191 
 10.8925917486 10.8920152312 10.8913419632 
 10.8931152945 10.8925334056 10.8918538598 
 10.8935641752 10.8929779307 10.8922932965 
 10.8939383728 10.8933486627 10.8926599830 
 10.8942379113 10.8936455213 10.8929537184 
 10.8944628334 10.8938684665 10.8931743674 
 10.8946131836 10.8940174812 10.8933218413 
 10.8946889959 10.8940925581 10.8933960855 
 10.8946902862 10.8940936922 10.8933970710 
 10.8946170480 10.8940208764 10.8933247904 
 10.8944692528 10.8938741021 10.8931792579 
 10.8942468540 10.8936533629 10.8929605139 
 10.8939497948 10.8933586629 10.8926686329 
 10.8935780209 10.8929900295 10.8923037371 
 10.8931314976 10.8925475312 10.8918660145 
 10.8926102327 10.8920313009 10.8913557444 
 10.8920143064 10.8914415679 10.8907733293 
 10.8913439095 10.8907786966 10.8901193368 
 10.8905993925 10.8900432385 10.8893945538 
 10.8897813274 10.8892359968 10.8886000546 
 10.8888905869 10.8883581091 10.8877372878 
 10.8879284444 10.8874111515 10.8868081855 
 10.8868966995 10.8863972698 10.8858152993 
 10.8857978340 10.8853193402 10.8847619677 
 10.8846352032 10.8841811660 10.8836525165 
 10.8834132648 10.8829877094 10.8824924931 
 10.8821378436 10.8817453565 10.8812889278 
 10.8808164234 10.8804622007 10.8800506047 
 10.8794584432 10.8791483203 10.8787883101 
 10.8780755572 10.8778159997 10.8775150043 
 10.8766817927 10.8764798270 10.8762458409 
 10.8752935171 10.8751565744 10.8749979439 
 10.8739291176 10.8738647721 10.8737898628 
 10.8726083163 10.8726239180 10.8726406728 
 10.8713511159 10.8714533471 10.8715687812 
 10.8701764751 10.8703708941 10.8705906025 
 10.8691009260 10.8693915755 10.8697193392 
 10.8681373896 10.8685265378 10.8689640946 
 10.8672944042 10.8677824532 10.8683294553 
 10.8665758617 10.8671614147 10.8678155554 
 10.8659812133 10.8666612646 10.8674185262 
 10.8655060191 10.8662762181 10.8671311909 
 10.8651426866 10.8659976343 10.8669438590 
 10.8648812670 10.8658148112 10.8668451138 
 10.8647102146 10.8657157251 10.8668225223 
 10.8646170585 10.8656876702 10.8668632339 
 10.8645889656 10.8657177835 10.8669544599 
 10.8646131924 10.8657934580 10.8670838384 
 10.8646774364 10.8659026542 10.8672397004 
 10.8647700994 10.8660341265 10.8674112538 
 10.8648804800 10.8661775814 10.8675887037 
 10.8649989078 10.8663237811 10.8677633238 
 10.8651168353 10.8664646086 10.8679274932 
 10.8652268952 10.8665931029 10.8680747107 
 10.8653229361 10.8667034757 10.8681995935 
 10.8654000410 10.8667911161 10.8682978681 
 10.8654545360 10.8668525878 10.8683663584 
 10.8654839937 10.8668856247 10.8684029739 
 10.8654872331 10.8668891258 10.8684067004 
 10.8654643191 10.8668631522 10.8683775954 
 10.8654165618 10.8668089267 10.8683167872 
 10.8653465165 10.8667288360 10.8682264795 
 10.8652579819 10.8666264347 10.8681099600 
 10.8651559965 10.8665064490 10.8679716112 
 10.8650468277 10.8663747780 10.8678169213 
 10.8649379513 10.8662384873 10.8676524920 
 10.8648380147 10.8661057911 10.8674860378 
 10.8647567753 10.8659860132 10.8673263701 
 10.8647050063 10.8658895200 10.8671833573 
 10.8646943575 10.8658276119 10.8670678494 
 10.8647371577 10.8658123606 10.8669915534 
 10.8648461440 10.8658563760 10.8669668431 
 10.8650341033 10.8659724867 10.8670064861 
 10.8653134105 10.8661733184 10.8671232694 
 10.8656954563 10.8664707589 10.8673295108 
 10.8661899664 10.8668753091 10.8676364503 
 10.8668042366 10.8673953368 10.8680535319 
 10.8675423384 10.8680362805 10.8685876133 
 10.8684043931 10.8687998881 10.8692421756 
 10.8693860503 10.8696836158 10.8700166478 
 10.8704783244 10.8706803378 10.8709059887 
 10.8716679095 10.8717784998 10.8719006688 
 10.8729379972 10.8729627729 10.8729871375 
 10.8742694909 10.8742151404 10.8741487505 
 10.8756423918 10.8755162269 10.8753670103 
 10.8770371013 10.8768466226 10.8766228848 
 10.8784354396 10.8781879804 10.8778979752 
 10.8798212906 10.8795237678 10.8791753781 
 10.8811808893 10.8808396573 10.8804401935 
 10.8825028307 10.8821236190 10.8816797185 
 10.8837778986 10.8833658074 10.8828834078 
 10.8849988003 10.8845583317 10.8840426914 
 10.8861598698 10.8856949764 10.8851507220 
 10.8872567782 10.8867709192 10.8862021042 
 10.8882862727 10.8877824693 10.8871926360 
 10.8892459519 10.8887268398 10.8881190783 
 10.8901340784 10.8896019547 10.8889789576 
 10.8909494262 10.8904062912 10.8897704027 
 10.8916911576 10.8911387521 10.8904920116 
 10.8923587262 10.8917985642 10.8911427448 
 10.8929517991 10.8923851970 10.8917218408 
 10.8934701965 10.8928982999 10.8922287491 
 10.8939138441 10.8933376516 10.8926630779 
 10.8942827351 10.8937031220 10.8930245530 
 10.8945769018 10.8939946412 10.8933129866 
 10.8947963925 10.8942121766 10.8935282524 
 10.8949412549 10.8943557157 10.8936702683 
 10.8950115242 10.8944252535 10.8937389831 
 10.8950072152 10.8944207847 10.8937343687 
 10.8949283184 10.8943423001 10.8936564161 
 10.8947748008 10.8941897865 10.8935051356 
 10.8945466093 10.8939632313 10.8932805612 
 10.8942436794 10.8936626304 10.8929827592 
 10.8938659478 10.8932880016 10.8926118416 
 10.8934133695 10.8928394020 10.8921679845 
 10.8928859411 10.8923169525 10.8916514534 
 10.8922837312 10.8917208688 10.8910626360 
 10.8916069184 10.8910515013 10.8904020841 
 10.8908558410 10.8903093871 10.8896705677 
 10.8900310595 10.8894953149 10.8888691440 
 10.8891334360 10.8886104088 10.8879992449 
 10.8881642353 10.8876562326 10.8870627866 
 10.8871252508 10.8866349219 10.8860623066 
 10.8860189623 10.8855493466 10.8850011323 
 10.8848487284 10.8844033078 10.8838835823 
 10.8836190166 10.8832017721 10.8827152027 
 10.8823356700 10.8819511376 10.8815030298 
 10.8810062005 10.8806595191 10.8802558624 
 10.8796400865 10.8793370265 10.8789845115 
 10.8782490325 10.8779959868 10.8777019726 
 10.8768471254 10.8766510399 10.8764234439 
 10.8754507978 10.8753190155 10.8751661010 
 10.8740785011 10.8740185019 10.8739485467 
 10.8727500121 10.8727690479 10.8727899062 
 10.8714853693 10.8715900255 10.8717086269 
 10.8703035428 10.8704992879 10.8707211510 
 10.8692210497 10.8695118502 10.8698406950 
 10.8682507741 10.8686388422 10.8690763662 
 10.8674012044 10.8678869107 10.8684327499 
 10.8666761787 10.8672581216 10.8679099782 
 10.8660750997 10.8667502945 10.8675041835 
 10.8655934889 10.8663576298 10.8672081941 
 10.8652237284 10.8660714796 10.8670123282 
 10.8649558554 10.8658811424 10.8669051801 
 10.8647783206 10.8657746002 10.8668743278 
 10.8646786575 10.8657391555 10.8669069307 
 10.8646440421 10.8657619555 10.8669902076 
 10.8646617442 10.8658304033 10.8671118017 
 10.8647194764 10.8659324696 10.8672600474 
 10.8648056579 10.8660569191 10.8674241552 
 10.8649096066 10.8661934698 10.8675943330 
 10.8650216745 10.8663328977 10.8677618595 
 10.8651333397 10.8664671027 10.8679191225 
 10.8652372654 10.8665891457 10.8680596346 
 10.8653273366 10.8666932667 10.8681780330 
 10.8653986793 10.8667748900 10.8682700725 
 10.8654476708 10.8668306232 10.8683326137 
 10.8654719432 10.8668582533 10.8683636128 
 10.8654703845 10.8668567423 10.8683621125 
 10.8654431377 10.8668262248 10.8683282385 
 10.8653916013 10.8667680077 10.8682631984 
 10.8653184276 10.8666845725 10.8681692870 
 10.8652275215 10.8665795786 10.8680498942 
 10.8651240343 10.8664578659 10.8679095151 
 10.8650143519 10.8663254547 10.8677537602 
 10.8649060716 10.8661895372 10.8675893607 
 10.8648079606 10.8660584557 10.8674241656 
 10.8647298913 10.8659416597 10.8672671212 
 10.8646827406 10.8658496331 10.8671282267 
 10.8646782436 10.8657937787 10.8670184512 
 10.8647287880 10.8657862467 10.8669496012 
 10.8648471340 10.8658396916 10.8669341196 
 10.8650460444 10.8659669413 10.8669848006 
 10.8653378118 10.8661805629 10.8671144020 
 10.8657336746 10.8664923147 10.8673351423 
 10.8662431263 10.8669124859 10.8676580790 
 10.8668731444 10.8674491427 10.8680923804 
 10.8676273985 10.8681073312 10.8686445308 
 10.8685055376 10.8688883262 10.8693175479 
 10.8695026981 10.8697890565 10.8701103280 
 10.8706093844 10.8708018560 10.8710172665 
 10.8718118364 10.8719146705 10.8720282917 
 10.8730928975 10.8731117646 10.8731293879 
 10.8744332597 10.8743748485 10.8743035705 
 10.8758128567 10.8756844225 10.8755321508 
 10.8772121487 10.8770210898 10.8767960531 
 10.8786131064 10.8783666238 10.8780769579 
 10.8799998188 10.8797046816 10.8793581265 
 10.8813587478 10.8810211592 10.8806248725 
 10.8826787134 10.8823042566 10.8818647235 
 10.8839507075 10.8835443465 10.8830673601 
 10.8851676220 10.8847337349 10.8842244209 
 10.8863239494 10.8858663783 10.8853292435 
 10.8874154945 10.8869376007 10.8863765924 
 10.8884391160 10.8879438347 10.8873624018 
 10.8893925042 10.8888823958 10.8882835468 
 10.8902739974 10.8897512932 10.8891376494 
 10.8910824313 10.8905490746 10.8899229183 
 10.8918170192 10.8912747009 10.8906380178 
 10.8924772561 10.8919274469 10.8912819636 
 10.8930628430 10.8925068217 10.8918540403 
 10.8935736278 10.8930125072 10.8923537353 
 10.8940095581 10.8934443089 10.8927806885 
 10.8943706451 10.8938021179 10.8931346514 
 10.8946569343 10.8940858817 10.8934154570 
 10.8948684845 10.8942955807 10.8936229956 
 10.8950053504 10.8944312120 10.8937571975 
 10.8950675715 10.8944927773 10.8938180208 
 10.8950551644 10.8944802750 10.8938054432 
 10.8949681195 10.8943936972 10.8937194588 
 10.8948064013 10.8942330298 10.8935600782 
 10.8945699531 10.8939982572 10.8933273338 
 10.8942587053 10.8936893707 10.8930212880 
 10.8938725883 10.8933063822 10.8926420470 
 10.8934115502 10.8928493418 10.8921897802 
 10.8928755804 10.8923183628 10.8916647450 
 10.8922647402 10.8917136527 10.8910673204 
 10.8915792019 10.8910355544 10.8903980495 
 10.8908192985 10.8902845981 10.8896576939 
 10.8899855869 10.8894615672 10.8888473038 
 10.8890789291 10.8885675833 10.8879683062 
 10.8881005936 10.8876042113 10.8870226158 
 10.8870523835 10.8865735931 10.8860127735 
 10.8859367953 10.8854786118 10.8849421160 
 10.8847572138 10.8843230908 10.8838149801 
 10.8835181445 10.8831120295 10.8826369402 
 10.8822254820 10.8818518722 10.8814150730 
 10.8808868054 10.8805507942 10.8801582314 
 10.8795116764 10.8792189812 10.8788772944 
 10.8781118975 10.8778688489 10.8775853374 
 10.8767016634 10.8765151348 10.8762976454 
 10.8752975165 10.8751747659 10.8750314797 
 10.8739180052 10.8738664153 10.8738055160 
 10.8725829756 10.8726096900 10.8726389270 
 10.8713124920 10.8714239804 10.8715501728 
 10.8701254978 10.8703271117 10.8705556684 
 10.8690384307 10.8693340276 10.8696685682 
 10.8680640537 10.8684557534 10.8688978930 
 10.8672107103 10.8676988150 10.8682481318 
 10.8664820897 10.8670651578 10.8677193238 
 10.8658774579 10.8665524942 10.8673075224 
 10.8653922230 10.8661549381 10.8670054950 
 10.8650186805 10.8658637793 10.8668035188 
 10.8647468089 10.8656682762 10.8666901641 
 10.8645650246 10.8655563896 10.8666529993 
 10.8644608461 10.8655154166 10.8666791845 
 10.8644214510 10.8655325098 10.8667559461 
 10.8644341217 10.8655950860 10.8668709400 
 10.8644865924 10.8656911349 10.8670125159 
 10.8645673103 10.8658094449 10.8671699024 
 10.8646656262 10.8659397609 10.8673333275 
 10.8647719295 10.8660728888 10.8674940923 
 10.8648777395 10.8662007622 10.8676446105 
 10.8649757656 10.8663164799 10.8677784241 
 10.8650599430 10.8664143239 10.8678902047 
 10.8651254537 10.8664897663 10.8679757467 
 10.8651687363 10.8665394687 10.8680319571 
 10.8651874910 10.8665612786 10.8680568451 
 10.8651806801 10.8665542258 10.8680495149 
 10.8651485282 10.8665185205 10.8680101608 
 10.8650925220 10.8664555532 10.8679400686 
 10.8650154090 10.8663678964 10.8678416193 
 10.8649211950 10.8662593079 10.8677182976 
 10.8648151372 10.8661347330 10.8675747015 
 10.8647037308 10.8660003022 10.8674165513 
 10.8645946829 10.8658633210 10.8672506934 
 10.8644968692 10.8657322455 10.8670850948 
 10.8644202640 10.8656166358 10.8669288196 
 10.8643758353 10.8655270781 10.8667919797 
 10.8643753928 10.8654750632 10.8666856465 
 10.8644313749 10.8654728081 10.8666217104 
 10.8645565606 10.8655330044 10.8666126719 
 10.8647636909 10.8656684773 10.8666713454 
 10.8650649861 10.8658917416 10.8668104615 
 10.8654715530 10.8662144434 10.8670421519 
 10.8659926861 10.8666466909 10.8673773177 
 10.8666350925 10.8671962942 10.8678248932 
 10.8674021024 10.8678679694 10.8683910497 
 10.8682929699 10.8686625978 10.8690784198 
 10.8693024062 10.8695766731 10.8698854619 
 10.8704204975 10.8706020887 10.8708061133 
 10.8716331166 10.8717263875 10.8718298670 
 10.8729228294 10.8729335126 10.8729423397 
 10.8742701654 10.8742049632 10.8741262834 
 10.8756550131 10.8755211498 10.8753628674 
 10.8770578879 10.8768626953 10.8766329917 
 10.8784608885 10.8782114768 10.8779184077 
 10.8798482730 10.8795513076 10.8792025133 
 10.8812066882 10.8808682645 10.8804707938 
 10.8825251349 10.8821507310 10.8817109599 
 10.8837947720 10.8833892530 10.8829128698 
 10.8850086378 10.8845762913 10.8840683247 
 10.8861613501 10.8857059366 10.8851708055 
 10.8872488189 10.8867736270 10.8862152000 
 10.8882679898 10.8877758903 10.8871975462 
 10.8892166244 10.8887101208 10.8881148064 
 10.8900931194 10.8895743929 10.8889646754 
 10.8908963582 10.8903673079 10.8897454218 
 10.8916255927 10.8910878708 10.8904557601 
 10.8922803497 10.8917353928 10.8910947476 
 10.8928603560 10.8923094131 10.8916617035 
 10.8933654805 10.8928096384 10.8921561443 
 10.8937956880 10.8932358945 10.8925777340 
 10.8941510033 10.8935880897 10.8929262442 
 10.8944314833 10.8938661849 10.8932015249 
 10.8946371953 10.8940701720 10.8934034801 
 10.8947682007 10.8942000570 10.8935320517 
 10.8948245441 10.8942558486 10.8935872071 
 10.8948062456 10.8942375508 10.8935689314 
 10.8947132982 10.8941451597 10.8934772247 
 10.8945456679 10.8939786643 10.8933121023 
 10.8943032989 10.8937380511 10.8930736002 
 10.8939861219 10.8934233131 10.8927617834 
 10.8935940677 10.8930344634 10.8923767608 
 10.8931270847 10.8925715532 10.8919187036 
 10.8925851632 10.8920346972 10.8913878715 
 10.8919683661 10.8914241051 10.8907846461 
 10.8912768683 10.8907401229 10.8901095739 
 10.8905110074 10.8899832853 10.8893634216 
 10.8896713473 10.8891543828 10.8885472464 
 10.8887587599 10.8882545468 10.8876624851 
 10.8877745278 10.8872853561 10.8867110662 
 10.8867204734 10.8862489716 10.8856955491 
 10.8855991191 10.8851483016 10.8846192954 
 10.8844138837 10.8839872026 10.8834866745 
 10.8831693163 10.8827707169 10.8823033019 
 10.8818713663 10.8815053415 10.8810763060 
 10.8805276797 10.8801993164 10.8798146015 
 10.8791478965 10.8788629023 10.8785291388 
 10.8777439076 10.8775085985 10.8772330709 
 10.8763300010 10.8761512280 10.8759417611 
 10.8749228078 10.8748077980 10.8746725397 
 10.8735409496 10.8734970430 10.8734441317 
 10.8722043154 10.8722386002 10.8722757266 
 10.8709329694 10.8710518485 10.8711857610 
 10.8697458051 10.8699545551 10.8701905839 
 10.8686591627 10.8689615630 10.8693032474 
 10.8676856709 10.8680837670 10.8685326462 
 10.8668335189 10.8673275481 10.8678831347 
 10.8661062397 10.8666947089 10.8673546238 
 10.8655029558 10.8661828338 10.8669430548 
 10.8650189539 10.8657859309 10.8666411053 
 10.8646464345 10.8654952091 10.8664389862 
 10.8643753075 10.8652998707 10.8663252242 
 10.8641939445 10.8651878418 10.8662873629 
 10.8640898401 10.8651464033 10.8663125538 
 10.8640501641 10.8651627056 10.8663880267 
 10.8640622042 10.8652241742 10.8665014495 
 10.8641137094 10.8653188159 10.8666411902 
 10.8641931486 10.8654354411 10.8667964996 
 10.8642898993 10.8655638204 10.8669576305 
 10.8643943806 10.8656947881 10.8671159100 
 10.8644981440 10.8658203074 10.8672637788 
 10.8645939322 10.8659335071 10.8673948058 
 10.8646757144 10.8660287003 10.8675036900 
 10.8647387075 10.8661013902 10.8675862531 
 10.8647793851 10.8661482695 10.8676394296 
 10.8647954827 10.8661672174 10.8676612563 
 10.8647859981 10.8661572956 10.8676508654 
 10.8647511919 10.8661187467 10.8676084801 
 10.8646925870 10.8660529938 10.8675354154 
 10.8646129671 10.8659626430 10.8674340826 
 10.8645163746 10.8658514861 10.8673079974 
 10.8644081031 10.8657245024 10.8671617897 
 10.8642946837 10.8655878570 10.8670012123 
 10.8641838588 10.8654488895 10.8668331446 
 10.8640845373 10.8653160895 10.8666655865 
 10.8640067247 10.8651990487 10.8665076343 
 10.8639614166 10.8651083823 10.8663694303 
 10.8639604451 10.8650556062 10.8662620732 
 10.8640162649 10.8650529567 10.8661974765 
 10.8641416631 10.8651131373 10.8661881570 
 10.8643493786 10.8652489761 10.8662469371 
 10.8646516179 10.8654729787 10.8663865446 
 10.8650594602 10.8657967694 10.8666190956 
 10.8655821575 10.8662304192 10.8669554610 
 10.8662263593 10.8667816861 10.8674045293 
 10.8669953242 10.8674552194 10.8679724110 
 10.8678882237 10.8682518217 10.8686616646 
 10.8688996813 10.8691679012 10.8694706661 
 10.8700196983 10.8701952662 10.8703932681 
 10.8712340735 10.8713213834 10.8714188846 
 10.8725253179 10.8725301355 10.8725330670 
 10.8738739285 10.8738029827 10.8737185213 
 10.8752597845 10.8751203189 10.8749563921 
 10.8766634111 10.8764627699 10.8762275745 
 10.8780669302 10.8778122300 10.8775138305 
 10.8794546307 10.8791525390 10.8787985791 
 10.8808131923 10.8804698034 10.8800673318 
 10.8821316481 10.8817524367 10.8813078263 
 10.8834011858 10.8829910124 10.8825099470 
 10.8846148689 10.8841780155 10.8836655181 
 10.8857673362 10.8853075571 10.8847680403 
 10.8868545145 10.8863750922 10.8858124179 
 10.8878733631 10.8873771620 10.8867947026 
 10.8888216546 10.8883111719 10.8877118673 
 10.8896977939 10.8891752048 10.8885616156 
 10.8905006711 10.8899678688 10.8893422232 
 10.8912295435 10.8906881744 10.8900524101 
 10.8918839420 10.8913354373 10.8906912387 
 10.8924635968 10.8919092004 10.8912580321 
 10.8929683798 10.8924091738 10.8917523104 
 10.8933982583 10.8928351864 10.8921737411 
 10.8937532598 10.8931871493 10.8925220995 
 10.8940334436 10.8934650265 10.8927972388 
 10.8942388794 10.8936688130 10.8929990669 
 10.8943696317 10.8937985184 10.8931275299 
 10.8944257483 10.8938541552 10.8931825996 
 10.8944072528 10.8938357318 10.8931642663 
 10.8943141422 10.8937432492 10.8930725358 
 10.8941463873 10.8935767019 10.8929074300 
 10.8939039374 10.8933360827 10.8926689918 
 10.8935867295 10.8930213917 10.8923572947 
 10.8931947008 10.8926326497 10.8919724564 
 10.8927278074 10.8921699170 10.8915146584 
 10.8921860481 10.8916333179 10.8909841715 
 10.8915694951 10.8910230732 10.8903813898 
 10.8908783339 10.8903395409 10.8897068737 
 10.8901129135 10.8895832691 10.8889614050 
 10.8892738108 10.8887550633 10.8881460579 
 10.8883619119 10.8878560711 10.8872622878 
 10.8873785149 10.8868878894 10.8863120437 
 10.8863254595 10.8858526990 10.8852979078 
 10.8852052873 10.8847534301 10.8842232663 
 10.8840214378 10.8835939633 10.8830925158 
 10.8827784829 10.8823793666 10.8819113011 
 10.8814823962 10.8811161650 10.8806867814 
 10.8801408495 10.8798126275 10.8794279035 
 10.8787635088 10.8784790435 10.8781456492 
 10.8773622902 10.8771279395 10.8768531997 
 10.8759515033 10.8757741613 10.8755659403 
 10.8745477950 10.8744347303 10.8743012131 
 10.8731697924 10.8731283829 10.8730777387 
 10.8718373764 10.8718747417 10.8719146839 
 10.8705705874 10.8706931524 10.8708304409 
 10.8693882782 10.8696013304 10.8698412942 
 10.8683067336 10.8686140512 10.8689602161 
 10.8673385168 10.8677421320 10.8681960117 
 10.8664917466 10.8669918724 10.8675529441 
 10.8657698864 10.8663649957 10.8670308370 
 10.8651719941 10.8658590140 10.8666255539 
 10.8646932990 10.8654678728 10.8663297068 
 10.8643259540 10.8651827300 10.8661334549 
 10.8640598309 10.8649927484 10.8660252869 
 10.8638832727 10.8648858266 10.8659927221 
 10.8637837540 10.8648492277 10.8660228987 
 10.8637484325 10.8648700937 10.8661030435 
 10.8637645898 10.8649358487 10.8662208289 
 10.8638199741 10.8650345033 10.8663646329 
 10.8639030563 10.8651548754 10.8665237192 
 10.8640032180 10.8652867448 10.8666883550 
 10.8641108825 10.8654209548 10.8668498814 
 10.8642176043 10.8655494758 10.8670007502 
 10.8643161263 10.8656654412 10.8671345386 
 10.8644004149 10.8657631644 10.8672459489 
 10.8644656789 10.8658381436 10.8673308004 
 