10.8655934947 10.8641702854 10.8629297651 
 10.8656452848 10.8642153178 10.8629681605 
 10.8656620702 10.8642296862 10.8629800743 
 10.8656433585 10.8642128732 10.8629649738 
 10.8655900577 10.8641658357 10.8629238519 
 10.8655044772 10.8640910024 10.8628592228 
 10.8653903287 10.8639922688 10.8627751107 
 10.8652527270 10.8638749867 10.8626770290 
 10.8650981841 10.8637459431 10.8625719467 
 10.8649345918 10.8636133231 10.8624682345 
 10.8647711834 10.8634866500 10.8623755861 
 10.8646184666 10.8633766908 10.8623049052 
 10.8644881133 10.8632953206 10.8622681482 
 10.8643927962 10.8632553301 10.8622781140 
 10.8643459549 10.8632701668 10.8623481683 
 10.8643614814 10.8633535967 10.8624918902 
 10.8644533094 10.8635192748 10.8627226320 
 10.8646349014 10.8637802173 10.8630529819 
 10.8649186303 10.8641481726 10.8634941288 
 10.8653150682 10.8646329049 10.8640551404 
 10.8658322124 10.8652414215 10.8647421903 
 10.8664747106 10.8659772096 10.8655578012 
 10.8672431792 10.8668395828 10.8665002126 
 10.8681337411 10.8678232716 10.8675630138 
 10.8691379164 10.8689183939 10.8687351792 
 10.8702429648 10.8701108967 10.8700015949 
 10.8714326890 10.8713834634 10.8713440497 
 10.8726885947 10.8727167545 10.8727425419 
 10.8739912049 10.8740907624 10.8741766631 
 10.8753213004 10.8754860433 10.8756268189 
 10.8766609053 10.8768846567 10.8770751269 
 10.8779939329 10.8782707452 10.8785059416 
 10.8793064996 10.8796307814 10.8799060439 
 10.8805869742 10.8809535581 10.8812645859 
 10.8818258474 10.8822300151 10.8825728831 
 10.8830155027 10.8834529806 10.8838241325 
 10.8841499471 10.8846168846 10.8850131131 
 10.8852245415 10.8857174793 10.8861358992 
 10.8862357516 10.8867515871 10.8871896060 
 10.8871809300 10.8877168818 10.8881721704 
 10.8880581316 10.8886117057 10.8890821700 
 10.8888659613 10.8894349190 10.8899186740 
 10.8896034487 10.8901857778 10.8906811236 
 10.8902699480 10.8908638361 10.8913692359 
 10.8908650568 10.8914688669 10.8919829272 
 10.8913885510 10.8920007989 10.8925222510 
 10.8918403326 10.8924596665 10.8929873491 
 10.8922203878 10.8928455680 10.8933784120 
 10.8925287526 10.8931586339 10.8936956465 
 10.8927654870 10.8933990000 10.8939392508 
 10.8929306529 10.8935667875 10.8941093940 
 10.8930242991 10.8936620872 10.8942062015 
 10.8930464505 10.8936849493 10.8942297445 
 10.8929971014 10.8936353770 10.8941800338 
 10.8928762146 10.8935133256 10.8940570187 
 10.8926837239 10.8933187046 10.8938605897 
 10.8924195422 10.8930513858 10.8935905859 
 10.8920835733 10.8927112151 10.8932468065 
 10.8916757296 10.8922980294 10.8928290275 
 10.8911959546 10.8918116784 10.8923370232 
 10.8906442517 10.8912520531 10.8917705934 
 10.8900207200 10.8906191200 10.8911295973 
 10.8893255990 10.8899129648 10.8904139957 
 10.8885593244 10.8891338461 10.8896239031 
 10.8877225963 10.8882822619 10.8887596534 
 10.8868164656 10.8873590337 10.8878218811 
 10.8858424403 10.8863654100 10.8868116228 
 10.8848026170 10.8853031954 10.8857304449 
 10.8836998414 10.8841749091 10.8845805996 
 10.8825379017 10.8829839770 10.8833652159 
 10.8813217552 10.8817349595 10.8820885281 
 10.8800577844 10.8804338118 10.8807561393 
 10.8787540702 10.8790881683 10.8793753139 
 10.8774206572 10.8777076272 10.8779552770 
 10.8760697663 10.8763039953 10.8765074841 
 10.8747158911 10.8748914300 10.8750457994 
 10.8733756944 10.8734863955 10.8735865005 
 10.8720676202 10.8721073421 10.8721480127 
 10.8708111647 10.8707740385 10.8707502938 
 10.8696258185 10.8695065518 10.8694138480 
 10.8685297891 10.8683239666 10.8681584476 
 10.8675387009 10.8672430357 10.8670017449 
 10.8666645014 10.8662770007 10.8659580239 
 10.8659147586 10.8654347878 10.8650373128 
 10.8652924243 10.8647206793 10.8642449782 
 10.8647960305 10.8641344404 10.8635817958 
 10.8644202075 10.8636717942 10.8630443904 
 10.8641563896 10.8633251051 10.8626259052 
 10.8639935908 10.8630841468 10.8623167652 
 10.8639191631 10.8629368610 10.8621054380 
 10.8639194862 10.8628700517 10.8619791338 
 10.8639805624 10.8628699899 10.8619244149 
 10.8640885086 10.8629229187 10.8619277090 
 10.8642299494 10.8630154632 10.8619757289 
 10.8643923182 10.8631349535 10.8620558084 
 10.8645640802 10.8632696713 10.8621561643 
 10.8647348894 10.8634090335 10.8622660972 
 10.8648956935 10.8635437223 10.8623761408 
 10.8650387983 10.8636657745 10.8624781691 
 10.8651579035 10.8637686391 10.8625654724 
 10.8652481194 10.8638472125 10.8626328072 
 10.8653059712 10.8638978578 10.8626764287 
 10.8653293985 10.8639184147 10.8626941097 
 10.8653177530 10.8639082033 10.8626851505 
 10.8652717960 10.8638680244 10.8626503810 
 10.8651936997 10.8638001581 10.8625921575 
 10.8650870471 10.8637083582 10.8625143514 
 10.8649568319 10.8635978408 10.8624223290 
 10.8648094517 10.8634752637 10.8623229174 
 10.8646526900 10.8633486892 10.8622243525 
 10.8644956781 10.8632275245 10.8621362015 
 10.8643488279 10.8631224294 10.8620692517 
 10.8642237245 10.8630451829 10.8620353580 
 10.8641329650 10.8630084950 10.8620472368 
 10.8640899302 10.8630257544 10.8621181971 
 10.8641084765 10.8631106974 10.8622617962 
 10.8642025344 10.8632769877 10.8624914086 
 10.8643856050 10.8635376993 10.8628197000 
 10.8646701527 10.8639046985 10.8632580027 
 10.8650669025 10.8643879359 10.8638156026 
 10.8655840721 10.8649946776 10.8644989688 
 10.8662265940 10.8657287376 10.8653109909 
 10.8669954203 10.8665898081 10.8662503276 
 10.8678870349 10.8675730184 10.8673110037 
 10.8688933056 10.8686688633 10.8684823992 
 10.8700017836 10.8698635978 10.8697497250 
 10.8711964693 10.8711401050 10.8710949732 
 10.8724589501 10.8724791172 10.8724982060 
 10.8737697155 10.8738605747 10.8739389467 
 10.8751094174 10.8752648821 10.8753974293 
 10.8764598866 10.8766738836 10.8768555362 
 10.8778048122 10.8780714784 10.8782973597 
 10.8791300837 10.8794438958 10.8797094226 
 10.8804238582 10.8807797048 10.8810806407 
 10.8816764419 10.8820696510 10.8824021250 
 10.8828800643 10.8833064012 10.8836669035 
 10.8840286088 10.8844842558 10.8848696193 
 10.8851173402 10.8855988667 10.8860062411 
 10.8861426520 10.8866469800 10.8870738032 
 10.8871018442 10.8876262139 10.8880701835 
 10.8879929350 10.8885348710 10.8889939166 
 10.8888145050 10.8893717853 10.8898440426 
 10.8895655695 10.8901361962 10.8906199838 
 10.8902454757 10.8908276491 10.8913214464 
 10.8908538196 10.8914459140 10.8919483419 
 10.8913903800 10.8919909213 10.8925007240 
 10.8918550645 10.8924627098 10.8929787381 
 10.8922478668 10.8928613854 10.8933825807 
 10.8925688321 10.8931870868 10.8937124669 
 10.8928180296 10.8934399597 10.8939686039 
 10.8929955310 10.8936201350 10.8941511711 
 10.8931013940 10.8937277132 10.8942603037 
 10.8931356512 10.8937627535 10.8942960826 
 10.8930983034 10.8937252668 10.8942585275 
 10.8929893171 10.8936152141 10.8941475949 
 10.8928086275 10.8934325085 10.8939631807 
 10.8925561455 10.8931770225 10.8937051267 
 10.8922317689 10.8928485988 10.8933732317 
 10.8918353995 10.8924470673 10.8929672678 
 10.8913669650 10.8919722659 10.8924870008 
 10.8908264464 10.8914240677 10.8919322168 
 10.8902139135 10.8908024150 10.8913027551 
 10.8895295679 10.8901073612 10.8905985492 
 10.8887737968 10.8893391227 10.8898196776 
 10.8879472400 10.8884981445 10.8889664271 
 10.8870508731 10.8875851808 10.8880393723 
 10.8860861110 10.8866013961 10.8870394739 
 10.8850549360 10.8855484904 10.8859682029 
 10.8839600542 10.8844288543 10.8848276924 
 10.8828050849 10.8832457562 10.8836209249 
 10.8815947831 10.8820035660 10.8823519553 
 10.8803352933 10.8807080126 10.8810261717 
 10.8790344230 10.8793664668 10.8796505853 
 10.8777019128 10.8779882296 10.8782341320 
 10.8763496626 10.8765847876 10.8767879510 
 10.8749918515 10.8751699758 10.8753255813 
 10.8736448694 10.8737599668 10.8738629967 
 10.8723269758 10.8723729944 10.8724183830 
 10.8710576194 10.8710287358 10.8710115725 
 10.8698564209 10.8697473354 10.8696631041 
 10.8687419121 10.8685481471 10.8683929724 
 10.8677302202 10.8674483760 10.8672192369 
 10.8668339285 10.8664618579 10.8661567372 
 10.8660613075 10.8655981922 10.8652161451 
 10.8654160117 10.8648623462 10.8644034916 
 10.8648972207 10.8642547244 10.8637201787 
 10.8645001210 10.8637716054 10.8631633799 
 10.8642165941 10.8634058059 10.8627266886 
 10.8640359881 10.8631474440 10.8624008765 
 10.8639458821 10.8629847032 10.8621746594 
 10.8639327870 10.8629045376 10.8620354067 
 10.8639827539 10.8628932886 10.8619697641 
 10.8640818800 10.8629372032 10.8619641786 
 10.8642167152 10.8630228562 10.8620053301 
 10.8643745762 10.8631374845 10.8620804768 
 10.8645437811 10.8632692444 10.8621777275 
 10.8647138157 10.8634074035 10.8622862500 
 10.8648754476 10.8635424788 10.8623964266 
 10.8650207966 10.8636663328 10.8624999686 
 10.8651433765 10.8637722356 10.8625899960 
 10.8652381146 10.8638549047 10.8626610916 
 10.8653013598 10.8639105268 10.8627093366 
 10.8653308827 10.8639367698 10.8627323314 
 10.8653258740 10.8639327875 10.8627292068 
 10.8652869431 10.8638992208 10.8627006279 
 10.8652161175 10.8638381961 10.8626487900 
 10.8651168434 10.8637533193 10.8625774087 
 10.8649939837 10.8636496649 10.8624916994 
 10.8648538112 10.8635337540 10.8623983437 
 10.8647039898 10.8634135184 10.8623054385 
 10.8645535364 10.8632982407 10.8622224189 
 10.8644127546 10.8631984641 10.8621599501 
 10.8642931284 10.8631258608 10.8621297772 
 10.8642071646 10.8630930482 10.8621445236 
 10.8641681686 10.8631133408 10.8622174278 
 10.8641899421 10.8632004262 10.8623620054 
 10.8642863892 10.8633679528 10.8625916267 
 10.8644710224 10.8636290214 10.8629189997 
 10.8647563635 10.8639955766 10.8633555542 
 10.8651532503 10.8644777064 10.8639107370 
 10.8656700735 10.8650828786 10.8645912449 
 10.8663119981 10.8658151703 10.8654002584 
 10.8670802598 10.8666745865 10.8663367764 
 10.8679716553 10.8676565954 10.8673951868 
 10.8689783647 10.8687520222 10.8685652175 
 10.8700882133 10.8699474042 10.8698323700 
 10.8712854033 10.8712258239 10.8711788350 
 10.8725516300 10.8725681097 10.8725847609 
 10.8738673925 10.8739541932 10.8740296475 
 10.8752132671 10.8753643841 10.8754936168 
 10.8765709483 10.8767803716 10.8769583802 
 10.8779239563 10.8781858705 10.8784078316 
 10.8792580023 10.8795669197 10.8798282923 
 10.8805610739 10.8809119098 10.8812084916 
 10.8818233261 10.8822114291 10.8825393770 
 10.8830368607 10.8834580125 10.8838138399 
 10.8841954573 10.8846458536 10.8850264131 
 10.8852942994 10.8857705204 10.8861729788 
 10.8863297182 10.8868286957 10.8872505058 
 10.8872989683 10.8878179504 10.8882568229 
 10.8882000358 10.8887365541 10.8891904301 
 10.8890314795 10.8895833179 10.8900503432 
 10.8897923016 10.8903574675 10.8908359693 
 10.8904818424 10.8910585403 10.8915470060 
 10.8910996961 10.8916863039 10.8921833611 
 10.8916456431 10.8922406898 10.8927450887 
 10.8921195956 10.8927217410 10.8932323374 
 10.8925215536 10.8931295693 10.8936453091 
 10.8928515702 10.8934643210 10.8939842261 
 10.8931097231 10.8937261502 10.8942493037 
 10.8932960929 10.8939151969 10.8944407300 
 10.8934107462 10.8940315707 10.8945586493 
 10.8934537242 10.8940753395 10.8946031515 
 10.8934250350 10.8940465225 10.8945742645 
 10.8933246520 10.8939450879 10.8944719528 
 10.8931525153 10.8937709545 10.8942961184 
 10.8929085387 10.8935239990 10.8940466080 
 10.8925926209 10.8932040662 10.8937232234 
 10.8922046619 10.8928109853 10.8933257373 
 10.8917445840 10.8923445909 10.8928539133 
 10.8912123598 10.8918047491 10.8923075321 
 10.8906080461 10.8911913914 10.8916864239 
 10.8899318263 10.8905045554 10.8909905085 
 10.8891840637 10.8897444364 10.8902198454 
 10.8883653670 10.8889114513 10.8893746960 
 10.8874766720 10.8880063180 10.8884556015 
 10.8865193439 10.8870301548 10.8874634800 
 10.8854953024 10.8859846039 10.8863997479 
 10.8844071765 10.8848719833 10.8852664705 
 10.8832584912 10.8836954721 10.8840665451 
 10.8820538872 10.8824593314 10.8828039227 
 10.8807993735 10.8811691592 10.8814838652 
 10.8795025998 10.8798321730 10.8801132345 
 10.8781731296 10.8784574990 10.8787007947 
 10.8768226724 10.8770564326 10.8772574948 
 10.8754652161 10.8756426131 10.8757966752 
 10.8741169785 10.8742320302 10.8743341198 
 10.8727960913 10.8728427731 10.8728878572 
 10.8715219490 10.8714944419 10.8714776245 
 10.8703142153 10.8702071973 10.8701239557 
 10.8691915745 10.8690005194 10.8688469488 
 10.8681704096 10.8678918460 10.8676648759 
 10.8672636380 10.8668953306 10.8665928793 
 10.8664799064 10.8660209405 10.8656419889 
 10.8658232491 10.8652740209 10.8648186103 
 10.8652931973 10.8646553315 10.8641245010 
 10.8648852396 10.8641614594 10.8635571474 
 10.8645915001 10.8637854731 10.8631103996 
 10.8644015083 10.8635176822 10.8627752270 
 10.8643029683 10.8633464055 10.8625404878 
 10.8642824658 10.8632586827 10.8623936447 
 10.8643260851 10.8632408995 10.8623213952 
 10.8644199232 10.8632793132 10.8623102044 
 10.8645505036 10.8633604820 10.8623467433 
 10.8647050971 10.8634716061 10.8624182408 
 10.8648719619 10.8636007897 10.8625127603 
 10.8650405149 10.8637372377 10.8626194127 
 10.8652014490 10.8638713976 10.8627285157 
 10.8653468068 10.8639950579 10.8628317107 
 10.8654700241 10.8641014131 10.8629220445 
 10.8655659515 10.8641851045 10.8629940259 
 10.8656308625 10.8642422436 10.8630436614 
 10.8656624551 10.8642704244 10.8630684779 
 10.8656598495 10.8642687288 10.8630675339 
 10.8656235872 10.8642377278 10.8630414235 
 10.8655556300 10.8641794800 10.8629922732 
 10.8654593605 10.8640975254 10.8629237315 
 10.8653395794 10.8639968742 10.8628409484 
 10.8652024990 10.8638839852 10.8627505426 
 10.8650557237 10.8637667295 10.8626605496 
 10.8649082125 10.8636543309 10.8625803460 
 10.8647702124 10.8635572763 10.8625205413 
 10.8646531537 10.8634871847 10.8624928287 
 10.8645694919 10.8634566243 10.8625097843 
 10.8645324864 10.8634788656 10.8625846050 
 10.8645558989 10.8635675594 10.8627307724 
 10.8646536023 10.8637363262 10.8629616320 
 10.8648390882 10.8639982499 10.8632898776 
 10.8651248718 10.8643652720 10.8637269387 
 10.8655218003 10.8648474929 10.8642822764 
 10.8660382917 10.8654524104 10.8649626186 
 10.8666795580 10.8661841498 10.8657711941 
 10.8674468999 10.8670427808 10.8667070652 
 10.8683371940 10.8680238497 10.8677646945 
 10.8693427088 10.8691182658 10.8689338899 
 10.8704513574 10.8703126485 10.8702002285 
 10.8716474200 10.8715901508 10.8715459647 
 10.8729126521 10.8729316532 10.8729512922 
 10.8742275908 10.8743171181 10.8743957354 
 10.8755728286 10.8757268651 10.8758594217 
 10.8769300578 10.8771425769 10.8773240528 
 10.8782827832 10.8785479503 10.8787735035 
 10.8796166930 10.8799290004 10.8801940712 
 10.8809197487 10.8812740923 10.8815744603 
 10.8821820799 10.8825737896 10.8829055952 
 10.8833957648 10.8838206052 10.8841803470 
 10.8845545632 10.8850087146 10.8853932316 
 10.8856536418 10.8861336708 10.8865401180 
 10.8866893191 10.8871921448 10.8876179648 
 10.8876588394 10.8881816993 10.8886245936 
 10.8885601816 10.8891005977 10.8895584992 
 10.8893918996 10.8899476469 10.8904186943 
 10.8901529920 10.8907220702 10.8912045845 
 10.8908427976 10.8914234042 10.8919158666 
 10.8914609100 10.8920514162 10.8925524491 
 10.8920071098 10.8926060386 10.8931143869 
 10.8924813103 10.8930873156 10.8936018304 
 10.8928835133 10.8934953609 10.8940149834 
 10.8932137742 10.8938303233 10.8943540703 
 10.8934721733 10.8940923593 10.8946193090 
 10.8936587944 10.8942816118 10.8948108902 
 10.8937737077 10.8943981936 10.8949289610 
 10.8938169583 10.8944421762 10.8949736141 
 10.8937885587 10.8944135826 10.8949448809 
 10.8936884871 10.8943123847 10.8948427287 
 10.8935166890 10.8941385062 10.8946670633 
 10.8932730839 10.8938918281 10.8944177349 
 10.8929575771 10.8935722006 10.8940945495 
 10.8925700755 10.8931794587 10.8936972838 
 10.8921105094 10.8927134429 10.8932257063 
 10.8915788600 10.8921740266 10.8926796028 
 10.8909751938 10.8915611489 10.8920588093 
 10.8902997054 10.8908748561 10.8913632524 
 10.8895527704 10.8901153539 10.8905929994 
 10.8887350120 10.8892830705 10.8897483206 
 10.8878473826 10.8883787377 10.8888297680 
 10.8868912664 10.8874034897 10.8878382726 
 10.8858686059 10.8863589877 10.8867752663 
 10.8847820565 10.8852475721 10.8856428329 
 10.8836351736 10.8840724485 10.8844438923 
 10.8824326338 10.8828379092 10.8831824222 
 10.8811804864 10.8815495884 10.8818637160 
 10.8798864267 10.8802147445 10.8804946721 
 10.8785600669 10.8788425488 10.8790840955 
 10.8772131660 10.8774443440 10.8776429788 
 10.8758597580 10.8760338145 10.8761847061 
 10.8745160966 10.8746269881 10.8747250994 
 10.8732003307 10.8732419771 10.8732822136 
 10.8719318445 10.8718983809 10.8718757923 
 10.8707302561 10.8706163285 10.8705263484 
 10.8696141661 10.8694152329 10.8692539268 
 10.8685998376 10.8683124305 10.8680767149 
 10.8677000403 10.8673219467 10.8670097441 
 10.8669232579 10.8664536039 10.8660639171 
 10.8662733594 10.8657125987 10.8652455074 
 10.8657497201 10.8650995494 10.8645561463 
 10.8653476904 10.8646109167 10.8639932063 
 10.8650592799 10.8642396629 10.8635504420 
 10.8648739299 10.8639760140 10.8632187470 
 10.8647792831 10.8638082287 10.8629869240 
 10.8647618904 10.8637233097 10.8628424000 
 10.8648078260 10.8637076265 10.8627718555 
 10.8649031987 10.8637474405 10.8627617557 
 10.8650345632 10.8638293312 10.8627987872 
 10.8651892371 10.8639405348 10.8628702078 
 10.8653555374 10.8640692038 10.8629641215 
 10.8655229485 10.8642046007 10.8630696889 
 10.8656822360 10.8643372373 10.8631772848 
 10.8658255178 10.8644589704 10.8632786127 
 10.8659463052 10.8645630651 10.8633667853 
 10.8660395222 10.8646442336 10.8634363789 
 10.8661015130 10.8646986569 10.8634834685 
 10.8661300417 10.8647239966 10.8635056488 
 10.8661242904 10.8647193993 10.8635020450 
 10.8660848575 10.8646854975 10.8634733167 
 10.8660137570 10.8646244078 10.8634216535 
 10.8659144187 10.8645397251 10.8633507651 
 10.8657916871 10.8644365111 10.8632658603 
 10.8656518136 10.8643212730 10.8631736138 
 10.8655024388 10.8642019271 10.8630821142 
 10.8653525541 10.8640877387 10.8630007870 
 10.8652124354 10.8639892319 10.8629402856 
 10.8650935374 10.8639180570 10.8629123392 
 10.8650083344 10.8638868056 10.8629295503 
 10.8649700957 10.8639087605 10.8630051283 
 10.8649925817 10.8639975695 10.8631525487 
 10.8650896476 10.8641668298 10.8633851268 
 10.8652747462 10.8644295762 10.8637154962 
 10.8655603267 10.8647976687 10.8641549894 
 10.8659571389 10.8652810902 10.8647129296 
 10.8664734693 10.8658871819 10.8653958637 
 10.8671143659 10.8666198766 10.8662068001 
 10.8678809411 10.8674790256 10.8671445533 
 10.8687698734 10.8684599486 10.8682033306 
 10.8697732451 10.8695533443 10.8693727049 
 10.8708788192 10.8707456649 10.8706380690 
 10.8720707827 10.8720199621 10.8719815671 
 10.8733308657 10.8733570916 10.8733833677 
 10.8746396474 10.8747370648 10.8748230507 
 10.8759778162 10.8761403083 10.8762808609 
 10.8773271955 10.8775486488 10.8777386559 
 10.8786714366 10.8789459413 10.8791804809 
 10.8799963730 10.8803183575 10.8805928008 
 10.8812900996 10.8816544048 10.8819644719 
 10.8825428610 10.8829447699 10.8832865498 
 10.8837468310 10.8841820676 10.8845520143 
 10.8848958452 10.8853605545 10.8857554686 
 10.8859851293 10.8864758471 10.8868928496 
 10.8870110455 10.8875246643 10.8879611682 
 10.8879708704 10.8885046039 10.8889582845 
 10.8888626050 10.8894139543 10.8898827216 
 10.8896848178 10.8902515398 10.8907335121 
 10.8904365166 10.8910165945 10.8915100747 
 10.8911170444 10.8917086613 10.8922121144 
 10.8917259962 10.8923275102 10.8928395440 
 10.8922631513 10.8928730735 10.8933924197 
 10.8927284204 10.8933453935 10.8938708909 
 10.8931218013 10.8937445806 10.8942751590 
 10.8934433450 10.8940707793 10.8946054443 
 10.8936931272 10.8943241416 10.8948619603 
 10.8938712273 10.8945048054 10.8950448928 
 10.8939777119 10.8946128794 10.8951543838 
 10.8940126233 10.8946484311 10.8951905217 
 10.8939759731 10.8946114808 10.8951533335 
 10.8938677398 10.8945019994 10.8950427842 
 10.8936878719 10.8943199110 10.8948587781 
 10.8934362944 10.8940650998 10.8946011661 
 10.8931129213 10.8937374216 10.8942697571 
 10.8927176719 10.8933367202 10.8938643338 
 10.8922504932 10.8928628491 10.8933846737 
 10.8917113879 10.8923156988 10.8928305760 
 10.8911004502 10.8916952308 10.8922018946 
 10.8904179089 10.8910015207 10.8914985801 
 10.8896641824 10.8902348101 10.8907207302 
 10.8888399463 10.8893955732 10.8898686547 
 10.8879462175 10.8884845982 10.8889429550 
 10.8869844590 10.8875030896 10.8879446244 
 10.8859567092 10.8864527950 10.8868751725 
 10.8848657397 10.8853361608 10.8857367794 
 10.8837152464 10.8841565218 10.8845324835 
 10.8825100724 10.8829183253 10.8832664069 
 10.8812564629 10.8816273901 10.8819440161 
 10.8799623371 10.8802911885 10.8805724129 
 10.8786375555 10.8789191326 10.8791606345 
 10.8772941389 10.8775228242 10.8777199272 
 10.8759463768 10.8761162082 10.8762639360 
 10.8746107430 10.8747155474 10.8748087264 
 10.8733055327 10.8733391265 10.8733725445 
 10.8720501611 10.8720066144 10.8719752323 
 10.8708641283 10.8707380692 10.8706372698 
 10.8697657514 10.8695526719 10.8693785137 
 10.8687708565 10.8684673722 10.8682168087 
 10.8678916605 10.8674956863 10.8671667175 
 10.8671360330 10.8666468571 10.8662385979 
 10.8665072251 10.8659254885 10.8654381573 
 10.8660040384 10.8653316413 10.8647664898 
 10.8656213268 10.8648612884 10.8642204940 
 10.8653506977 10.8645069916 10.8637935327 
 10.8651812897 10.8642586698 10.8634761958 
 10.8651005390 10.8641043648 10.8632570674 
 10.8650948777 10.8640309444 10.8631234338 
 10.8651503383 10.8640247165 10.8630619027 
 10.8652530528 10.8640719421 10.8630589251 
 10.8653896522 10.8641592521 10.8631012217 
 10.8655475713 10.8642739752 10.8631761249 
 10.8657152749 10.8644043884 10.8632718445 
 10.8658824156 10.8645399020 10.8633776717 
 10.8660399396 10.8646711913 10.8634841295 
 10.8661801507 10.8647902865 10.8635830821 
 10.8662967461 10.8648906300 10.8636678102 
 10.8663848317 10.8649671113 10.8637330615 
 10.8664409264 10.8650160861 10.8637750831 
 10.8664629609 10.8650353853 10.8637916402 
 10.8664502743 10.8650243187 10.8637820250 
 10.8664036122 10.8649836753 10.8637470600 
 10.8663251269 10.8649157208 10.8636890931 
 10.8662183779 10.8648241926 10.8636119868 
 10.8660883312 10.8647142884 10.8635210977 
 10.8659413535 10.8645926451 10.8634232421 
 10.8657851939 10.8644673020 10.8633266438 
 10.8656289463 10.8643476407 10.8632408551 
 10.8654829824 10.8642442929 10.8631766454 
 10.8653588440 10.8641690049 10.8631458461 
 10.8652690808 10.8641344490 10.8631611425 
 10.8652270213 10.8641539676 10.8632358008 
 10.8652464620 10.8642412389 10.8633833196 
 10.8653412624 10.8644098525 10.8636169932 
 10.8655248379 10.8646727869 10.8639493798 
 10.8658095487 10.8650417869 10.8643916709 
 10.8662059942 10.8655266522 10.8649529750 
 10.8667222443 10.8661344686 10.8656395471 
 10.8673630663 10.8668688462 10.8664540325 
 10.8681292401 10.8677292614 10.8673948301 
 10.8690170865 10.8687106374 10.8684557138 
 10.8700183412 10.8698032971 10.8696258517 
 10.8711204754 10.8709933839 10.8708903105 
 10.8723074759 10.8722637468 10.8722310277 
 10.8735609879 10.8735951661 10.8736281045 
 10.8748616202 10.8749677016 10.8750611850 
 10.8761901868 10.8763619282 10.8765106822 
 10.8775287023 10.8777598854 10.8779586872 
 10.8788610405 10.8791456710 10.8793895061 
 10.8801732621 10.8805056994 10.8807898621 
 10.8814536734 10.8818287024 10.8821488484 
 10.8826927047 10.8831055618 10.8834577257 
 10.8838826845 10.8843290547 10.8847096438 
 10.8850175729 10.8854935681 10.8858993426 
 10.8860926926 10.8865948199 10.8870228660 
 10.8871044788 10.8876296058 10.8880773058 
 10.8880502613 10.8885955800 10.8890605823 
 10.8889280783 10.8894910708 10.8899712618 
 10.8897365230 10.8903149296 10.8908084064 
 10.8904746179 10.8910664071 10.8915714541 
 10.8911417132 10.8917450553 10.8922601211 
 10.8917374056 10.8923506472 10.8928743249 
 10.8922614722 10.8928831139 10.8934141219 
 10.8927138178 10.8933424930 10.8938796582 
 10.8930944329 10.8937288880 10.8942711288 
 10.8934033597 10.8940424349 10.8945887464 
 10.8936406646 10.8942832761 10.8948327153 
 10.8938064177 10.8944515402 10.8950032113 
 10.8939006770 10.8945473261 10.8951003669 
 10.8939234771 10.8945706927 10.8951242605 
 10.8938748237 10.8945216530 10.8950749111 
 10.8937546919 10.8944001724 10.8949522765 
 10.8935630291 10.8942061719 10.8947562559 
 10.8932997631 10.8939395354 10.8944866980 
 10.8929648143 10.8936001224 10.8941434124 
 10.8925581134 10.8931877843 10.8937261863 
 10.8920796240 10.8927023872 10.8932348065 
 10.8915293720 10.8921438402 10.8926690865 
 10.8909074819 10.8915121301 10.8920289010 
 10.8902142218 10.8908073657 10.8913142286 
 10.8894500598 10.8900298321 10.8905252045 
 10.8886157336 10.8891800580 10.8896621867 
 10.8877123373 10.8882589008 10.8887258383 
 10.8867414291 10.8872676509 10.8877172303 
 10.8857051642 10.8862081629 10.8866379699 
 10.8846064569 10.8850830145 10.8854903588 
 10.8834491750 10.8838957011 10.8842775849 
 10.8822383677 10.8826508640 10.8830039528 
 10.8809805216 10.8813545518 10.8816751479 
 10.8796838330 10.8800145041 10.8802985288 
 10.8783584687 10.8786404335 10.8788834251 
 10.8770167719 10.8772442637 10.8774414022 
 10.8756733456 10.8758402622 10.8759864311 
 10.8743449317 10.8744449803 10.8745348795 
 10.8730500012 10.8730769129 10.8731052281 
 10.8718080040 10.8717558093 10.8717174357 
 10.8706382939 10.8705016364 10.8703919356 
 10.8695588462 10.8693332900 10.8691483477 
 10.8685849672 10.8682672519 10.8680040951 
 10.8677282246 10.8673164305 10.8669731721 
 10.8669957753 10.8664893855 10.8660652829 
 10.8663901624 10.8657900298 10.8652854643 
 10.8659095378 10.8652177819 10.8646341805 
 10.8655482008 10.8647680592 10.8641077805 
 10.8652973154 10.8644329735 10.8636991777 
 10.8651456920 10.8642021031 10.8633986179 
 10.8650805467 10.8640632526 10.8631944404 
 10.8650881886 10.8640031460 10.8630737760 
 10.8651546100 10.8640080271 10.8630231541 
 10.8652659714 10.8640641600 10.8630290112 
 10.8654089866 10.8641582325 10.8630781069 
 10.8655712147 10.8642776733 10.8631578538 
 10.8657412743 10.8644108908 10.8632565754 
 10.8659089915 10.8645474499 10.8633637003 
 10.8660654968 10.8646781953 10.8634699070 
 10.8662032829 10.8647953352 10.8635672259 
 10.8663162350 10.8648924933 10.8636491110 
 10.8663996425 10.8649647397 10.8637104858 
 10.8664502013 10.8650086073 10.8637477728 
 10.8664660102 10.8650220992 10.8637589103 
 10.8664465681 10.8650046910 10.8637433604 
 10.8663927714 10.8649573307 10.8637021104 
 10.8663069150 10.8648824367 10.8636376683 
 10.8661926933 10.8647838926 10.8635540518 
 10.8660552010 10.8646670362 10.8634567672 
 10.8659009274 10.8645386392 10.8633527751 
 10.8657377390 10.8644068698 10.8632504370 
 10.8655748417 10.8642812322 10.8631594355 
 10.8654227138 10.8641724726 10.8630906606 
 10.8652929955 10.8640924422 10.8630560514 
 10.8651983249 10.8640539037 10.8630683837 
 10.8651521037 10.8640702710 10.8631409915 
 10.8651681803 10.8641552677 10.8632874113 
 10.8652604373 10.8643224953 10.8635209370 
 10.8654422755 10.8645849008 10.8638540788 
 10.8657259932 10.8649541453 10.8642979241 
 10.8661220726 10.8654398850 10.8648614134 
 10.8666384065 10.8660489991 10.8655505674 
 10.8672795263 10.8667848302 10.8663677353 
 10.8680459280 10.8676465411 10.8673109745 
 10.8689336222 10.8686287196 10.8683736997 
 10.8699340404 10.8697213669 10.8695447410 
 10.8710343911 10.8709103574 10.8708088896 
 10.8722184738 10.8721783574 10.8721479034 
 10.8734678402 10.8735060675 10.8735418155 
 10.8747631018 10.8748735695 10.8749703085 
 10.8760851569 10.8762615428 10.8764139176 
 10.8774161602 10.8776521858 10.8778549095 
 10.8787401549 10.8790297813 10.8792777891 
 10.8800433773 10.8803809313 10.8806694778 
 10.8813142997 10.8816945416 10.8820192510 
 10.8825434987 10.8829616465 10.8833185277 
 10.8837234258 10.8841751500 10.8845605891 
 10.8848481408 10.8853295414 10.8857402806 
 10.8859130438 10.8864206183 10.8868537282 
 10.8869146289 10.8874452368 10.8878980859 
 10.8878502687 10.8884010951 10.8888713201 
 10.8887180315 10.8892865526 10.8897720292 
 10.8895165302 10.8901004811 10.8905992976 
 10.8902447991 10.8908421441 10.8913525767 
 10.8909021941 10.8915110998 10.8920315903 
 10.8914883128 10.8921071230 10.8926362582 
 10.8920029297 10.8926301425 10.8931666358 
 10.8924459448 10.8930801914 10.8936228649 
 10.8928173416 10.8934573666 10.8940051346 
 10.8931171541 10.8937617961 10.8943136502 
 10.8933454401 10.8939936137 10.8945486074 
 10.8935022609 10.8941529387 10.8947101730 
 10.8935876654 10.8942398610 10.8947984702 
 10.8936016802 10.8942544308 10.8948135689 
 10.8935443036 10.8941966532 10.8947554794 
 10.8934155046 10.8940664867 10.8946241523 
 10.8932152265 10.8938638470 10.8944194810 
 10.8929433948 10.8935886148 10.8941413096 
 10.8925999299 10.8932406481 10.8937894458 
 10.8921847657 10.8928198001 10.8933636769 
 10.8916978723 10.8923259415 10.8928637929 
 10.8911392858 10.8917589896 10.8922896140 
 10.8905091457 10.8911189440 10.8916410257 
 10.8898077403 10.8904059312 10.8909180220 
 10.8890355644 10.8896202597 10.8901207594 
 10.8881933898 10.8887624895 10.8892496240 
 10.8872823541 10.8878335174 10.8883053152 
 10.8863040700 10.8868346842 10.8872889508 
 10.8852607602 10.8857679073 10.8862021968 
 10.8841554220 10.8846358427 10.8850474284 
 10.8829920247 10.8834420816 10.8838279249 
 10.8817757390 10.8821913816 10.8825481021 
 10.8805131951 10.8808899299 10.8812137793 
 10.8792127544 10.8795456276 10.8798324724 
 10.8778847669 10.8781683685 10.8784136901 
 10.8765417687 10.8767702715 10.8769691930 
 10.8751985510 10.8753657991 10.8755131515 
 10.8738720175 10.8739716778 10.8740621179 
 10.8725807475 10.8726065306 10.8726347163 
 10.8713442168 10.8712901587 10.8712509778 
 10.8701817021 10.8700424803 10.8699313109 
 10.8691109911 10.8688822311 10.8686951989 
 10.8681471041 10.8678256293 10.8675598217 
 10.8673012537 10.8668852429 10.8665388477 
 10.8665802111 10.8660692525 10.8656416096 
 10.8659861397 10.8653811914 10.8648727669 
 10.8655168487 10.8648201295 10.8642324328 
 10.8651663482 10.8643811871 10.8637166541 
 10.8649255751 10.8640562382 10.8633180999 
 10.8647831741 10.8638346839 10.8630268311 
 10.8647262516 10.8637042072 10.8628310571 
 10.8647410554 10.8636514587 10.8627178270 
 10.8648135567 10.8636626492 10.8626736283 
 10.8649299269 10.8637240421 10.8626848882 
 10.8650769146 10.8638223499 10.8627383824 
 10.8652421320 10.8639450447 10.8628215595 
 10.8654142627 10.8640805926 10.8629227933 
 10.8655832060 10.8642186253 10.8630315736 
 10.8657401697 10.8643500605 10.8631386468 
 10.8658777255 10.8644671821 10.8632361159 
 10.8659898371 10.8645636912 10.8633175094 
 10.8660718712 10.8646347347 10.8633778265 
 10.8661205984 10.8646769211 10.8634135648 
 10.8661341899 10.8646883271 10.8634227367 
 10.8661122140 10.8646684999 10.8634048764 
 10.8660556341 10.8646184569 10.8633610421 
 10.8659668097 10.8645406837 10.8632938106 
 10.8658494984 10.8644391293 10.8632072663 
 10.8657088560 10.8643191952 10.8631069806 
 10.8655514319 10.8641877151 10.8629999771 
 10.8653851515 10.8640529176 10.8628946781 
 10.8652192786 10.8639243653 10.8628008248 
 10.8650643474 10.8638128607 10.8627293628 
 10.8649320524 10.8637303080 10.8626922829 
 10.8648350823 10.8636895191 10.8627024079 
 10.8647868848 10.8637039512 10.8627731128 
 10.8648013478 10.8637873643 10.8629179672 
 10.8648923843 10.8639533864 10.8631502886 
 10.8650734142 10.8642149795 10.8634825990 
 10.8653567404 10.8645838057 10.8639259840 
 10.8657528329 10.8650695055 10.8644893663 
 10.8662695534 10.8656789243 10.8651787317 
 10.8669113826 10.8664153530 10.8659963774 
 10.8676787477 10.8672778857 10.8669402939 
 10.8685675766 10.8682610297 10.8680038187 
 10.8695692109 10.8693547009 10.8691757017 
 10.8706707720 10.8705446930 10.8704406596 
 10.8718559835 10.8718136042 10.8717803896 
 10.8731063405 10.8731420867 10.8731748834 
 10.8744024202 10.8745101956 10.8746038028 
 10.8757251078 10.8758986032 10.8760476811 
 10.8770565627 10.8772895171 10.8774887964 
 10.8783808448 10.8786672388 10.8789116739 
 10.8796842137 10.8800183944 10.8803032589 
 10.8809551672 10.8813319149 10.8816528511 
 10.8821843068 10.8825988583 10.8829518919 
 10.8833641067 10.8838121496 10.8841936817 
 10.8844886456 10.8849662956 10.8853730819 
 10.8855533394 10.8860571079 10.8864862308 
 10.8865546944 10.8870814534 10.8875302921 
 10.8874900926 10.8880370382 10.8885032386 
 10.8883576091 10.8889222273 10.8894036734 
 10.8891558614 10.8897358962 10.8902306836 
 10.8898838867 10.8904773105 10.8909837220 
 10.8905410425 10.8911460291 10.8916625126 
 10.8911269267 10.8917418266 10.8922669747 
 10.8916413133 10.8922646312 10.8927971624 
 10.8920841009 10.8927144741 10.8932532157 
 10.8924552713 10.8930914503 10.8936353219 
 10.8927548560 10.8933956854 10.8939436836 
 10.8929829099 10.8936273105 10.8941784940 
 10.8931394909 10.8937864417 10.8943399172 
 10.8932246440 10.8938731654 10.8944280735 
 10.8932383917 10.8938875283 10.8944430293 
 10.8931807275 10.8938295312 10.8943847918 
 10.8930516152 10.8936991284 10.8942533080 
 10.8928509922 10.8934962307 10.8940484674 
 10.8925787777 10.8932207135 10.8937701101 
 10.8922348852 10.8928724293 10.8934180393 
 10.8918192407 10.8924512248 10.8929920376 
 10.8913318058 10.8919569639 10.8924918895 
 10.8907726069 10.8913895562 10.8919174095 
 10.8901417727 10.8907489924 10.8912684762 
 10.8894395794 10.8900353891 10.8905450761 
 10.8886665077 10.8892490437 10.8897473567 
 10.8878233136 10.8883905028 10.8888756937 
 10.8869111162 10.8874606479 10.8879307742 
 10.8859315066 10.8864608018 10.8869137011 
 10.8848866824 10.8853928605 10.8858261229 
 10.8837796119 10.8842594549 10.8846703936 
 10.8826142301 10.8830641465 10.8834497672 
 10.8813956689 10.8818116583 10.8821686292 
 10.8801305141 10.8805081379 10.8808327640 
 10.8788270784 10.8791614415 10.8794496472 
 10.8774956604 10.8777814148 10.8780287432 
 10.8761487452 10.8763801278 10.8765817665 
 10.8748010793 10.8749719973 10.8751228431 
 10.8734695351 10.8735737150 10.8736684885 
 10.8721726833 10.8722038872 10.8722373053 
 10.8709300232 10.8708823268 10.8708493273 
 10.8697608928 10.8696289977 10.8695249958 
 10.8686831814 10.8684627186 10.8682838617 
 10.8677120458 10.8673998244 10.8671432039 
 10.8668588601 10.8664530253 10.8661168148 
 10.8661305683 10.8656306563 10.8652141639 
 10.8655295049 10.8649364054 10.8644400493 
 10.8650536366 10.8643694872 10.8637947141 
 10.8646971102 10.8639251480 10.8632743194 
 10.8644509734 10.8635953660 10.8628716292 
 10.8643039534 10.8633696221 10.8625767777 
 10.8642432106 10.8632356542 10.8623780269 
 10.8642550197 10.8631801447 10.8622624571 
 10.8643253532 10.8631893134 10.8622165680 
 10.8644403620 10.8632494129 10.8622267816 
 10.8645867554 10.8633471278 10.8622798527 
 10.8647520911 10.8634698874 10.8623631956 
 10.8649249874 10.8636061035 10.8624651384 
 10.8650952707 10.8637453449 10.8625751164 
 10.8652540718 10.8638784607 10.8626838148 
 10.8653938843 10.8639976631 10.8627832709 
 10.8655085946 10.8640965798 10.8628669446 
 10.8655934947 10.8641702854 10.8629297651 
 