10.8622124139 10.8613382486 10.8607092207 
 10.8622364946 10.8613585283 10.8607263902 
 10.8622363933 10.8613580255 10.8607254570 
 10.8622121319 10.8613367627 10.8607064446 
 10.8621652802 10.8612963284 10.8606709447 
 10.8620989475 10.8612398655 10.8606221053 
 10.8620177635 10.8611720483 10.8605646039 
 10.8619278478 10.8610990445 10.8605046061 
 10.8618367610 10.8610284583 10.8604497038 
 10.8617534340 10.8609692503 10.8604088304 
 10.8616880678 10.8609316272 10.8603921455 
 10.8616519955 10.8609268953 10.8604108847 
 10.8616574980 10.8609672678 10.8604771631 
 10.8617175628 10.8610656171 10.8606037267 
 10.8618455753 10.8612351609 10.8608036371 
 10.8620549304 10.8614890700 10.8610898793 
 10.8623585539 10.8618399874 10.8614748809 
 10.8627683268 10.8622994486 10.8619699318 
 10.8632944144 10.8628772080 10.8625845083 
 10.8639445186 10.8635804863 10.8633255176 
 10.8647231010 10.8644131916 10.8641965152 
 10.8656306610 10.8653752001 10.8651969838 
 10.8666631956 10.8664618289 10.8663218112 
 10.8678119871 10.8676636523 10.8675611209 
 10.8690638481 10.8689667911 10.8689005865 
 10.8704018692 10.8703537141 10.8703222670 
 10.8718065898 10.8718044592 10.8718058614 
 10.8732573900 10.8732980597 10.8733301595 
 10.8747338487 10.8748139107 10.8748744164 
 10.8762168495 10.8763328598 10.8764194375 
 10.8776893202 10.8778379163 10.8779482687 
 10.8791365992 10.8793145818 10.8794465057 
 10.8805464989 10.8807508810 10.8809023031 
 10.8819091631 10.8821371923 10.8823061877 
 10.8832168088 10.8834659716 10.8836507697 
 10.8844634230 10.8847314373 10.8849304192 
 10.8856444589 10.8859292594 10.8861409500 
 10.8867565565 10.8870562772 10.8872793348 
 10.8877972995 10.8881102550 10.8883434592 
 10.8887650099 10.8890896768 10.8893319170 
 10.8896585796 10.8899935790 10.8902438426 
 10.8904773335 10.8908214147 10.8910787760 
 10.8912209198 10.8915729449 10.8918365550 
 10.8918892218 10.8922481526 10.8925172298 
 10.8924822884 10.8928471730 10.8931209943 
 10.8930002774 10.8933702393 10.8936481321 
 10.8934434110 10.8938176378 10.8940989726 
 10.8938119394 10.8941896729 10.8944738564 
 10.8941061115 10.8944866382 10.8947731070 
 10.8943261519 10.8947087939 10.8949970082 
 10.8944722430 10.8948563494 10.8951457874 
 10.8945445116 10.8949294498 10.8952196022 
 10.8945430202 10.8949281679 10.8952185325 
 10.8944677629 10.8948524996 10.8951425758 
 10.8943186650 10.8947023637 10.8949916477 
 10.8940955873 10.8944776068 10.8947655857 
 10.8937983353 10.8941780110 10.8944641576 
 10.8934266717 10.8938033072 10.8940870741 
 10.8929803348 10.8933531930 10.8936340066 
 10.8924590612 10.8928273545 10.8931046087 
 10.8918626149 10.8922254953 10.8924985445 
 10.8911908232 10.8915473716 10.8918155234 
 10.8904436213 10.8907928359 10.8910553431 
 10.8896211083 10.8899618920 10.8902179438 
 10.8887236161 10.8890547630 10.8893034758 
 10.8877517967 10.8880719769 10.8883123843 
 10.8867067313 10.8870144749 10.8872455165 
 10.8855900651 10.8858837447 10.8861042548 
 10.8844041752 10.8846819877 10.8848906835 
 10.8831523737 10.8834123216 10.8836077914 
 10.8818391498 10.8820790233 10.8822597163 
 10.8804704472 10.8806878099 10.8808520280 
 10.8790539681 10.8792461486 10.8793920433 
 10.8775994773 10.8777635722 10.8778891498 
 10.8761190642 10.8762519591 10.8763550972 
 10.8746272936 10.8747257084 10.8748041901 
 10.8731411551 10.8732017220 10.8732532892 
 10.8716797132 10.8716990889 10.8717215176 
 10.8702633879 10.8702383959 10.8702295886 
 10.8689128648 10.8688406533 10.8687987378 
 10.8676477460 10.8675259380 10.8674493589 
 10.8664851540 10.8663119657 10.8661995520 
 10.8654385448 10.8652128548 10.8650638562 
 10.8645169350 10.8642383017 10.8640523924 
 10.8637246314 10.8633932672 10.8631705253 
 10.8630614203 10.8626781378 10.8624190116 
 10.8625230924 10.8620892384 10.8617945084 
 10.8621021555 10.8616195422 10.8612902854 
 10.8617886079 10.8612594477 10.8608970055 
 10.8615706861 10.8609975303 10.8606034801 
 10.8614355382 10.8608212194 10.8603973485 
 10.8613698032 10.8607173807 10.8602656601 
 10.8613600935 10.8606728010 10.8601953600 
 10.8613933883 10.8606745846 10.8601736836 
 10.8614573471 10.8607104706 10.8601884754 
 10.8615405556 10.8607690850 10.8602284415 
 10.8616327148 10.8608401366 10.8602833475 
 10.8617247833 10.8609145674 10.8603441729 
 10.8618090816 10.8609846657 10.8604032280 
 10.8618793661 10.8610441496 10.8604542414 
 10.8619308807 10.8610882256 10.8604924234 
 10.8619603898 10.8611136291 10.8605145098 
 10.8619661984 10.8611186488 10.8605187893 
 10.8619481618 10.8611031393 10.8605051175 
 10.8619076861 10.8610685220 10.8604749180 
 10.8618477206 10.8610177750 10.8604311711 
 10.8617727395 10.8609554109 10.8603783894 
 10.8616887115 10.8608874399 10.8603225770 
 10.8616030521 10.8608213146 10.8602711704 
 10.8615245545 10.8607658519 10.8602329557 
 10.8614632913 10.8607311259 10.8602179578 
 10.8614304798 10.8607283245 10.8602372930 
 10.8614383021 10.8607695624 10.8603029792 
 10.8614996701 10.8608676392 10.8604276932 
 10.8616279237 10.8610357337 10.8606244639 
 10.8618364517 10.8612870212 10.8609062901 
 10.8621382231 10.8616342022 10.8612856697 
 10.8625452228 10.8620889353 10.8617740320 
 10.8630677902 10.8626611727 10.8623810715 
 10.8637138787 10.8633584147 10.8631140001 
 10.8644882776 10.8641849298 10.8639767627 
 10.8653918802 10.8651410231 10.8649693035 
 10.8664211169 10.8662224808 10.8660870132 
 10.8675677027 10.8674203423 10.8673205128 
 10.8688188320 10.8687211356 10.8686559108 
 10.8701578778 10.8701076275 10.8700755836 
 10.8715655300 10.8715600114 10.8715593959 
 10.8730211795 10.8730573269 10.8730861441 
 10.8745042940 10.8745788464 10.8746349545 
 10.8759955587 10.8761052042 10.8761864072 
 10.8774776549 10.8776191472 10.8777232725 
 10.8789356619 10.8791059027 10.8792308575 
 10.8803571449 10.8805532345 10.8806970426 
 10.8817320273 10.8819512891 10.8821121107 
 10.8830523393 10.8832923254 10.8834684643 
 10.8843119149 10.8845704006 10.8847603029 
 10.8855060862 10.8857810561 10.8859833041 
 10.8866313994 10.8869210316 10.8871343337 
 10.8876853677 10.8879880154 10.8882111957 
 10.8886662613 10.8889804353 10.8892124224 
 10.8895729354 10.8898972869 10.8901371028 
 10.8904046900 10.8907379949 10.8909847447 
 10.8911611574 10.8915023016 10.8917551636 
 10.8918422124 10.8921901785 10.8924483954 
 10.8924479006 10.8928017556 10.8930646258 
 10.8929783808 10.8933372649 10.8936041350 
 10.8934338793 10.8937969951 10.8940672531 
 10.8938146526 10.8941812556 10.8944543240 
 10.8941209578 10.8944903472 10.8947656767 
 10.8943530286 10.8947245384 10.8950016027 
 10.8945110572 10.8948840480 10.8951623378 
 10.8945951803 10.8949690310 10.8952480490 
 10.8946054698 10.8949795697 10.8952588258 
 10.8945419285 10.8949156692 10.8951946752 
 10.8944044887 10.8947772565 10.8950555213 
 10.8941930169 10.8945641846 10.8948412090 
 10.8939073215 10.8942762405 10.8945515121 
 10.8935471654 10.8939131571 10.8941861450 
 10.8931122835 10.8934746307 10.8937447798 
 10.8926024048 10.8929603427 10.8932270675 
 10.8920172808 10.8923699875 10.8926326656 
 10.8913567206 10.8917033063 10.8919612717 
 10.8906206340 10.8909601303 10.8912126658 
 10.8898090859 10.8901404338 10.8903867626 
 10.8889223639 10.8892444006 10.8894836776 
 10.8879610629 10.8882725075 10.8885038097 
 10.8869261911 10.8872256290 10.8874479456 
 10.8858193017 10.8861051683 10.8863173894 
 10.8846426569 10.8849132199 10.8851141256 
 10.8833994264 10.8836527677 10.8838410173 
 10.8820939253 10.8823279239 10.8825020460 
 10.8807318882 10.8809442063 10.8811025910 
 10.8793207720 10.8795088457 10.8796497417 
 10.8778700629 10.8780311043 10.8781526232 
 10.8763915484 10.8765225635 10.8766226949 
 10.8748994880 10.8749973179 10.8750739598 
 10.8734105940 10.8734719863 10.8735229946 
 10.8719437251 10.8719654385 10.8719886958 
 10.8705192134 10.8704981519 10.8704916535 
 10.8691578161 10.8690911800 10.8690531265 
 10.8678793856 10.8677648179 10.8676937015 
 10.8667014615 10.8665371659 10.8664318363 
 10.8656380424 10.8654228549 10.8652825553 
 10.8646987521 10.8644321634 10.8642565361 
 10.8638885072 10.8635706410 10.8633597101 
 10.8632076554 10.8628392198 10.8625933602 
 10.8626524686 10.8622346941 10.8619545972 
 10.8622158415 10.8617504157 10.8614370565 
 10.8618880638 10.8613770690 10.8610316776 
 10.8616575748 10.8611034300 10.8607274658 
 10.8615116475 10.8609170538 10.8605121825 
 10.8614369796 10.8608048682 10.8603729383 
 10.8614201875 10.8607536696 10.8602966892 
 10.8614482094 10.8607505290 10.8602706414 
 10.8615086282 10.8607831183 10.8602825769 
 10.8615899250 10.8608399685 10.8603211134 
 10.8616816752 10.8609106726 10.8603759078 
 10.8617746961 10.8609860405 10.8604378149 
 10.8618611563 10.8610582172 10.8604990081 
 10.8619346537 10.8611207689 10.8605530705 
 10.8619902698 10.8611687450 10.8605950606 
 10.8620246058 10.8611987210 10.8606215581 
 10.8620358036 10.8612088244 10.8606306934 
 10.8620235575 10.8611987489 10.8606221628 
 10.8619891154 10.8611697562 10.8605972309 
 10.8619352714 10.8611246672 10.8605587204 
 10.8618663486 10.8610678404 10.8605109890 
 10.8617881688 10.8610051359 10.8604598897 
 10.8617080063 10.8609438621 10.8604127137 
 10.8616345193 10.8608926987 10.8603781096 
 10.8615776541 10.8608615921 10.8603659746 
 10.8615485129 10.8608616152 10.8603873112 
 10.8615591773 10.8609047841 10.8604540410 
 10.8616224781 10.8610038211 10.8605787674 
 10.8617516995 10.8611718550 10.8607744745 
 10.8619602064 10.8614220453 10.8610541522 
 10.8622609849 10.8617671198 10.8614303339 
 10.8626660855 10.8622188153 10.8619145374 
 10.8631859706 10.8627872213 10.8625166071 
 10.8638287791 10.8634800412 10.8632439716 
 10.8645995509 10.8643018122 10.8641008604 
 10.8654994863 10.8652531664 10.8650875617 
 10.8665253616 10.8663302543 10.8661998480 
 10.8676692460 10.8675244857 10.8674287266 
 10.8689186568 10.8688227231 10.8687606528 
 10.8702572198 10.8702079908 10.8701782690 
 10.8716657780 10.8716606342 10.8716615941 
 10.8731237657 10.8731597291 10.8731894589 
 10.8746105942 10.8746844818 10.8747409174 
 10.8761068177 10.8762153845 10.8762964003 
 10.8775949423 10.8777349982 10.8778384835 
 10.8790598554 10.8792283493 10.8793522652 
 10.8804889353 10.8806830069 10.8808254241 
 10.8818719358 10.8820889418 10.8822480615 
 10.8832007413 10.8834382626 10.8836124241 
 10.8844690657 10.8847249020 10.8849125828 
 10.8856721445 10.8859443023 10.8861441121 
 10.8868064493 10.8870931254 10.8873037971 
 10.8878694362 10.8881690006 10.8883893799 
 10.8888593334 10.8891703117 10.8893993463 
 10.8897749660 10.8900960226 10.8903327515 
 10.8906156135 10.8909455357 10.8911890793 
 10.8913808950 10.8917185790 10.8919681288 
 10.8920706776 10.8924151151 10.8926699257 
 10.8926850041 10.8930352698 10.8932946501 
 10.8932240335 10.8935792744 10.8938425803 
 10.8936879950 10.8940474198 10.8943140472 
 10.8940771501 10.8944400194 10.8947093976 
 10.8943917620 10.8947573794 10.8950289655 
 10.8946320719 10.8949997753 10.8952730481 
 10.8947982798 10.8951674331 10.8954418880 
 10.8948905304 10.8952605157 10.8955356593 
 10.8949089042 10.8952791132 10.8955544589 
 10.8948534112 10.8952232382 10.8954983008 
 10.8947239912 10.8950928250 10.8953671161 
 10.8945205166 10.8948877324 10.8951607555 
 10.8942428004 10.8946077523 10.8948789975 
 10.8938906088 10.8942526210 10.8945215599 
 10.8934636776 10.8938220363 10.8940881164 
 10.8929617345 10.8933156787 10.8935783174 
 10.8923845270 10.8927332390 10.8929918173 
 10.8917318566 10.8920744519 10.8923283075 
 10.8910036216 10.8913391378 10.8915875579 
 10.8901998708 10.8905272561 10.8907694689 
 10.8893208698 10.8896389695 10.8898741361 
 10.8883671843 10.8886747274 10.8889019319 
 10.8873397847 10.8876353682 10.8878536081 
 10.8862401760 10.8865222487 10.8867304238 
 10.8850705593 10.8853374042 10.8855343062 
 10.8838340279 10.8840837447 10.8842680461 
 10.8825348028 10.8827652909 10.8829355353 
 10.8811785048 10.8813874487 10.8815420434 
 10.8797724557 10.8799573163 10.8800945288 
 10.8783259869 10.8784840023 10.8786019644 
 10.8768507159 10.8769789181 10.8770756401 
 10.8753607267 10.8754559811 10.8755293812 
 10.8738725677 10.8739316417 10.8739795936 
 10.8724049672 10.8724246323 10.8724450322 
 10.8709781877 10.8709553506 10.8709462013 
 10.8696129999 10.8695448525 10.8695043545 
 10.8683293659 10.8682135313 10.8681401694 
 10.8671450278 10.8669796799 10.8668722894 
 10.8660742575 10.8658581962 10.8657160002 
 10.8651269915 10.8648596675 10.8646822851 
 10.8643084635 10.8639899605 10.8637773904 
 10.8636193150 10.8632503027 10.8630028943 
 10.8630560704 10.8626377435 10.8623561632 
 10.8626118265 10.8621458407 10.8618310398 
 10.8622770252 10.8617654347 10.8614186211 
 10.8620402116 10.8614854116 10.8611080248 
 10.8618887249 10.8612933966 10.8608870844 
 10.8618092961 10.8611763549 10.8607429508 
 10.8617885485 10.8611210940 10.8606625937 
 10.8618134069 10.8611146754 10.8606332123 
 10.8618714250 10.8611447452 10.8606425661 
 10.8619510431 10.8611997973 10.8606792379 
 10.8620417876 10.8612693784 10.8607328414 
 10.8621344207 10.8613442463 10.8607941811 
 10.8622210524 10.8614164892 10.8608553764 
 10.8622952197 10.8614796142 10.8609099532 
 10.8623519420 10.8615286103 10.8609529113 
 10.8623877581 10.8615599920 10.8609807714 
 10.8624007482 10.8615718260 10.8609916046 
 10.8623905453 10.8615637458 10.8609850490 
 10.8623583370 10.8615369541 10.8609623118 
 10.8623068585 10.8614942140 10.8609261599 
 10.8622403752 10.8614398279 10.8608808967 
 10.8621646528 10.8613796018 10.8608323233 
 10.8620869114 10.8613207917 10.8607876810 
 10.8620157574 10.8612720276 10.8607555712 
 10.8619610875 10.8612432092 10.8607458467 
 10.8619339579 10.8612453660 10.8607694690 
 10.8619464082 10.8612904744 10.8608383228 
 10.8620112318 10.8613912221 10.8609649782 
 10.8621416815 10.8615607082 10.8611623917 
 10.8623510977 10.8618120692 10.8614435306 
 10.8626524497 10.8621580168 10.8618209125 
 10.8630577813 10.8626102802 10.8623060464 
 10.8635775586 10.8631789510 10.8629087761 
 10.8642199370 10.8638717452 10.8636365387 
 10.8649899855 10.8646932242 10.8644935820 
 10.8658889475 10.8656440555 10.8654802221 
 10.8669136537 10.8667204359 10.8665922683 
 10.8680562364 10.8679138282 10.8678207707 
 10.8693042794 10.8692111506 10.8691522301 
 10.8706414708 10.8705954803 10.8705693321 
 10.8720487064 10.8720472067 10.8720521318 
 10.8735054588 10.8735454378 10.8735794871 
 10.8749911622 10.8750693988 10.8751304681 
 10.8764863789 10.8765995887 10.8766855119 
 10.8779736121 10.8781185664 10.8782271938 
 10.8794377389 10.8796113500 10.8797406066 
 10.8808661236 10.8810654974 10.8812134210 
 10.8822485043 10.8824709673 10.8826357297 
 10.8835767506 10.8838198565 10.8839997714 
 10.8848445630 10.8851060877 10.8852996100 
 10.8860471656 10.8863250946 10.8865308143 
 10.8871810205 10.8874735324 10.8876901652 
 10.8882435765 10.8885490252 10.8887754018 
 10.8892330563 10.8895499532 10.8897850083 
 10.8901482809 10.8904752778 10.8907180391 
 10.8909885268 10.8913244002 10.8915739776 
 10.8917534114 10.8920970474 10.8923526236 
 10.8924428008 10.8927931822 10.8930540036 
 10.8930567373 10.8934129307 10.8936782989 
 10.8935953803 10.8939565250 10.8942257890 
 10.8940589594 10.8944242570 10.8946968063 
 10.8944477368 10.8948164412 10.8950916989 
 10.8947619770 10.8951333850 10.8954108022 
 10.8950019226 10.8953753653 10.8956544145 
 10.8951677750 10.8955426094 10.8958227797 
 10.8952596810 10.8956352816 10.8959160729 
 10.8952777228 10.8956534736 10.8959343919 
 10.8952219130 10.8955971995 10.8958777517 
 10.8950921938 10.8954663953 10.8957460840 
 10.8948884407 10.8952609217 10.8955392404 
 10.8946104700 10.8949805725 10.8952570001 
 10.8942580517 10.8946250866 10.8948990818 
 10.8938309262 10.8941941643 10.8944651603 
 10.8933288262 10.8936874894 10.8939548874 
 10.8927515051 10.8931047565 10.8933679190 
 10.8920987715 10.8924457048 10.8927039490 
 10.8913705321 10.8917101607 10.8919627503 
 10.8905668455 10.8908980901 10.8911442273 
 10.8896879892 10.8900096646 10.8902484812 
 10.8887345433 10.8890453443 10.8892758917 
 10.8877074957 10.8880059811 10.8882272200 
 10.8866083728 10.8868929485 10.8871037379 
 10.8854394012 10.8857083029 10.8859073887 
 10.8842037057 10.8844549800 10.8846409837 
 10.8829055443 10.8831370318 10.8833084406 
 10.8815505819 10.8817599023 10.8819150606 
 10.8801461910 10.8803307339 10.8804678402 
 10.8787017592 10.8788586854 10.8789757961 
 10.8772289637 10.8773552225 10.8774502666 
 10.8757419469 10.8758343171 10.8759051269 
 10.8742573069 10.8743124680 10.8743568283 
 10.8727938039 10.8728084414 10.8728241599 
 10.8713717034 10.8713426447 10.8713276399 
 10.8700117419 10.8699361105 10.8698885074 
 10.8687338054 10.8686091715 10.8685273922 
 10.8675555202 10.8673800236 10.8672628580 
 10.8664910129 10.8662634401 10.8661100854 
 10.8655500584 10.8652698681 10.8650799379 
 10.8647377276 10.8644050320 10.8641785402 
 10.8640545098 10.8636700260 10.8634073564 
 10.8634967959 10.8630617830 10.8627636535 
 10.8630575730 10.8625737649 10.8622411935 
 10.8627271972 10.8621967382 10.8618310120 
 10.8624941527 10.8619195362 10.8615221838 
 10.8623457403 10.8617297514 10.8613025173 
 10.8622686734 10.8616143343 10.8611591533 
 10.8622495767 10.8615600940 10.8610790658 
 10.8622753930 10.8615541079 10.8610494706 
 10.8623337084 10.8615840509 10.8610581548 
 10.8624130080 10.8616384566 10.8610937386 
 10.8625028725 10.8617069206 10.8611458811 
 10.8625941267 10.8617802573 10.8612054399 
 10.8626789487 10.8618506181 10.8612645937 
 10.8627509475 10.8619115775 10.8613169325 
 10.8628052170 10.8619581958 10.8613575249 
 10.8628383714 10.8619870610 10.8613829635 
 10.8628485663 10.8619963151 10.8613913942 
 10.8628355095 10.8619856676 10.8613825317 
 10.8628004620 10.8619563975 10.8613576614 
 10.8627462309 10.8619113437 10.8613196288 
 10.8626771514 10.8618548834 10.8612728159 
 10.8625990571 10.8617928959 10.8612231013 
 10.8625192328 10.8617327081 10.8611778011 
 10.8624463463 10.8616830172 10.8611455879 
 10.8623903513 10.8616537842 10.8611363796 
 10.8623623540 10.8616560928 10.8611611938 
 10.8623744354 10.8617019624 10.8612319592 
 10.8624394177 10.8618041091 10.8613612736 
 10.8625705656 10.8619756412 10.8615620993 
 10.8627812090 10.8622296787 10.8618473817 
 10.8630842786 10.8625788848 10.8622295811 
 10.8634917438 10.8630349012 10.8627201069 
 10.8640139554 10.8636076864 10.8633286538 
 10.8646589079 10.8643047734 10.8640624559 
 10.8654314645 10.8651304913 10.8649255039 
 10.8663326243 10.8660852335 10.8659178118 
 10.8673589518 10.8671648991 10.8670348606 
 10.8685023162 10.8683606575 10.8682673765 
 10.8697500725 10.8696591721 10.8696015780 
 10.8710857445 10.8710433366 10.8710199459 
 10.8724901482 10.8724934504 10.8725024320 
 10.8739427655 10.8739886289 10.8740278965 
 10.8754231172 10.8755081887 10.8755755032 
 10.8769119068 10.8770327796 10.8771258475 
 10.8783918078 10.8785451421 10.8786616970 
 10.8798478737 10.8800304832 10.8801683454 
 10.8812676356 10.8814765396 10.8816336537 
 10.8826409795 10.8828734282 10.8830478841 
 10.8839598997 10.8842133803 10.8844034198 
 10.8852181982 10.8854904284 10.8856944436 
 10.8864111795 10.8867000939 10.8869166196 
 10.8875353678 10.8878391001 10.8880668035 
 10.8885882583 10.8889051231 10.8891427924 
 10.8895681082 10.8898965820 10.8901431142 
 10.8904737626 10.8908124666 10.8910668561 
 10.8913045148 10.8916521981 10.8919135255 
 10.8920599926 10.8924155173 10.8926829391 
 10.8927400684 10.8931023956 10.8933751346 
 10.8933447869 10.8937129637 10.8939903007 
 10.8938743072 10.8942474554 10.8945287205 
 10.8943288569 10.8947061620 10.8949907274 
 10.8947086946 10.8950893954 10.8953766685 
 10.8950140800 10.8953974593 10.8956868761 
 10.8952452503 10.8956306256 10.8959216446 
 10.8954024015 10.8957891162 10.8960812127 
 10.8954856746 10.8958730896 10.8961657498 
 10.8954951468 10.8958826319 10.8961753478 
 10.8954308264 10.8958177521 10.8961100157 
 10.8952926524 10.8956783815 10.8959696798 
 10.8950804987 10.8954643778 10.8957541871 
 10.8947941820 10.8951755329 10.8954633133 
 10.8944334750 10.8948115861 10.8950967753 
 10.8939981237 10.8943722406 10.8946542480 
 10.8934878700 10.8938571859 10.8941353863 
 10.8929024804 10.8932661260 10.8935398521 
 10.8922417816 10.8925988141 10.8928673491 
 10.8915057044 10.8918550957 10.8921176654 
 10.8906943386 10.8910349627 10.8912907264 
 10.8898080017 10.8901386210 10.8903866618 
 10.8888473248 10.8891665745 10.8894058893 
 10.8878133598 10.8881197319 10.8883492199 
 10.8867077133 10.8869995386 10.8872179899 
 10.8855327120 10.8858081417 10.8860142243 
 10.8842916034 10.8845485897 10.8847408386 
 10.8829887953 10.8832250737 10.8834018788 
 10.8816301319 10.8818432056 10.8820028039 
 10.8802231952 10.8804103266 10.8805507981 
 10.8787776105 10.8789358231 10.8790550954 
 10.8773053114 10.8774314100 10.8775272747 
 10.8758206988 10.8759113146 10.8759814608 
 10.8743406037 10.8743922718 10.8744343406 
 10.8728839569 10.8728932299 10.8729048907 
 10.8714710906 10.8714346832 10.8714137294 
 10.8701226687 10.8700376204 10.8699820729 
 10.8688583475 10.8687221789 10.8686303835 
 10.8676953761 10.8675062146 10.8673769164 
 10.8666473917 10.8664040481 10.8662364334 
 10.8657236214 10.8654256120 10.8652193163 
 10.8649285836 10.8645761078 10.8643311974 
 10.8642622566 10.8638561434 10.8635730817 
 10.8637205906 10.8632622310 10.8629418391 
 10.8632962157 10.8627874915 10.8624309100 
 10.8629792174 10.8624224320 10.8620310859 
 10.8627578900 10.8621557031 10.8617312703 
 10.8626194170 10.8619747828 10.8615191644 
 10.8625504572 10.8618665658 10.8613818571 
 10.8625376338 10.8618178550 10.8613063164 
 10.8625679321 10.8618157629 10.8612797904 
 10.8626290170 10.8618480332 10.8612901303 
 10.8627094809 10.8619032959 10.8613260456 
 10.8627990341 10.8619712648 10.8613773061 
 10.8628886475 10.8620428894 10.8614348964 
 10.8629706566 10.8621104685 10.8614911350 
 10.8630388351 10.8621677336 10.8615397620 
 10.8630884458 10.8622099078 10.8615760031 
 10.8631162727 10.8622337452 10.8615966134 
 10.8631206408 10.8622375561 10.8615999049 
 10.8631014249 10.8622212183 10.8615857600 
 10.8630600503 10.8621861778 10.8615556324 
 10.8629994841 10.8621354388 10.8615125352 
 10.8629242178 10.8620735404 10.8614610159 
 10.8628402358 10.8620065196 10.8614071144 
 10.8627549685 10.8619418551 10.8613583029 
 10.8626772216 10.8618883880 10.8613234009 
 10.8626170773 10.8618562126 10.8613124620 
 10.8625857581 10.8618565309 10.8613366232 
 10.8625954439 10.8619014617 10.8614079110 
 10.8626590335 10.8620037945 10.8615389932 
 10.8627898377 10.8621766772 10.8617428654 
 10.8630011941 10.8624332269 10.8620324607 
 10.8633059916 10.8627860505 10.8624201703 
 10.8637160979 10.8632466689 10.8629172661 
 10.8642416924 10.8638248452 10.8635332266 
 10.8648905217 10.8645278357 10.8642749839 
 10.8656671244 10.8653596122 10.8651461419 
 10.8665721096 10.8663201425 10.8661462558 
 10.8676016115 10.8674048595 10.8672703065 
 10.8687470691 10.8686044698 10.8685085245 
 10.8699954567 10.8699052305 10.8698466947 
 10.8713300153 10.8712897370 10.8712669799 
 10.8727314086 10.8727381316 10.8727491655 
 10.8741791052 10.8742295216 10.8742721031 
 10.8756527346 10.8757433439 10.8758150842 
 10.8771331969 10.8772604599 10.8773589275 
 10.8786034103 10.8787638714 10.8788866757 
 10.8800486869 10.8802390592 10.8803839103 
 10.8814568047 10.8816740204 10.8818387665 
 10.8828178701 10.8830591041 10.8832417505 
 10.8841240645 10.8843867387 10.8845854533 
 10.8853693432 10.8856511184 10.8858642283 
 10.8865491322 10.8868478931 10.8870738762 
 10.8876600497 10.8879738863 10.8882113598 
 10.8886996617 10.8890268500 10.8892745577 
 10.8896662772 10.8900052597 10.8902620597 
 10.8905587782 10.8909081460 10.8911729981 
 10.8913764829 10.8917349585 10.8920069124 
 10.8921190350 10.8924854567 10.8927636418 
 10.8927863155 10.8931596233 10.8934432381 
 10.8933783722 10.8937575945 10.8940458980 
 10.8938953633 10.8942796051 10.8945719081 
 10.8943375122 10.8947259437 10.8950216009 
 10.8947050711 10.8950969173 10.8953953202 
 10.8949982916 10.8953928225 10.8956933925 
 10.8952174019 10.8956139226 10.8959161049 
 10.8953625881 10.8957604304 10.8960636872 
 10.8954339816 10.8958324947 10.8961362997 
 10.8954316504 10.8958301919 10.8961340247 
 10.8953555943 10.8957535221 10.8960568621 
 10.8952057455 10.8956024088 10.8959047296 
 10.8949819727 10.8953767032 10.8956774670 
 10.8946840902 10.8950761933 10.8953748444 
 10.8943118709 10.8947006165 10.8949965757 
 10.8938650650 10.8942496777 10.8945423352 
 10.8933434227 10.8937230720 10.8940117811 
 10.8927467238 10.8931205136 10.8934045825 
 10.8920748143 10.8924417713 10.8927204560 
 10.8913276518 10.8916867131 10.8919592082 
 10.8905053615 10.8908553619 10.8911207912 
 10.8896083070 10.8899479641 10.8902053710 
 10.8886371786 10.8889650770 10.8892134132 
 10.8875931036 10.8879076779 10.8881457914 
 10.8864777832 10.8867772994 10.8870039223 
 10.8852936623 10.8855761986 10.8857899341 
 10.8840441345 10.8843075612 10.8845068707 
 10.8827337860 10.8829757469 10.8831589385 
 10.8813686743 10.8815865715 10.8817517911 
 10.8799566314 10.8801476168 10.8802928445 
 10.8785075651 10.8786685442 10.8787915996 
 10.8770337139 10.8771613688 10.8772599293 
 10.8755497845 10.8756406240 10.8757122620 
 10.8740728822 10.8741233264 10.8741655682 
 10.8726221369 10.8726286381 10.8726390476 
 10.8712179568 10.8711771535 10.8711534338 
 10.8698809191 10.8697898043 10.8697299084 
 10.8686304127 10.8684864949 10.8683887271 
 10.8674832529 10.8672846812 10.8671477735 
 10.8664525205 10.8661981577 10.8660213113 
 10.8655468251 10.8652362655 10.8650191562 
 10.8647700700 10.8644036107 10.8641463674 
 10.8641216696 10.8637002527 10.8634034200 
 10.8635970928 10.8631222335 10.8627867289 
 10.8631885848 10.8626622965 10.8622893687 
 10.8628859429 10.8623106646 10.8619018555 
 10.8626772624 10.8620557904 10.8616129004 
 10.8625496065 10.8618850297 10.8614100847 
 10.8624895801 10.8617852184 10.8612804388 
 10.8624838079 10.8617431538 10.8612109221 
 10.8625193214 10.8617459853 10.8611888157 
 10.8625838672 10.8617815286 10.8612020358 
 10.8626661473 10.8618385124 10.8612393839 
 10.8627560023 10.8619067700 10.8612907416 
 10.8628445483 10.8619773866 10.8613472213 
 10.8629242760 10.8620428078 10.8614012813 
 10.8629891205 10.8620969194 10.8614468098 
 10.8630345088 10.8621351038 10.8614791867 
 10.8630573898 10.8621542771 10.8614953251 
 10.8630562520 10.8621529117 10.8614936968 
 10.8630311317 10.8621310471 10.8614743448 
 10.8629836122 10.8620902897 10.8614388826 
 10.8629168154 10.8620338008 10.8613904818 
 10.8628353830 10.8619662736 10.8613338447 
 10.8627454454 10.8618938946 10.8612751624 
 10.8626545730 10.8618242861 10.8612220519 
 10.8625717054 10.8617664255 10.8611834698 
 10.8625070497 10.8617305336 10.8611695960 
 10.8624719418 10.8617279259 10.8611916798 
 10.8624786606 10.8617708178 10.8612618418 
 10.8625401835 10.8618720736 10.8613928203 
 10.8626698743 10.8620448879 10.8615976519 
 10.8628810907 10.8623023891 10.8618892733 
 10.8631867000 10.8626571516 10.8622800341 
 10.8635984992 10.8631206117 10.8627811102 
 10.8641265385 10.8637023876 10.8634018217 
 10.8647783723 10.8644095254 10.8641488753 
 10.8655582842 10.8652457216 10.8650255827 
 10.8664665730 10.8662106140 10.8660311513 
 10.8674990291 10.8672992724 10.8671601809 
 10.8686467445 10.8685020408 10.8684025242 
 10.8698963831 10.8698048563 10.8697436344 
 10.8712309508 10.8711900758 10.8711654299 
 10.8726309768 10.8726377109 10.8726475648 
 10.8740759033 10.8741268508 10.8741688769 
 10.8755454283 10.8756370125 10.8757087452 
 10.8770205895 10.8771492073 10.8772481472 
 10.8784844823 10.8786466246 10.8787703220 
 10.8799226082 10.8801149442 10.8802610582 
 10.8813229275 10.8815423528 10.8817086877 
 10.8826757105 10.8829193695 10.8831038926 
 10.8839732786 10.8842385669 10.8844394129 
 10.8852097017 10.8854942576 10.8857097248 
 10.8863804973 10.8866821858 10.8869107264 
 10.8874823542 10.8877992481 10.8880394568 
 10.8885128920 10.8888432520 10.8890938526 
 10.8894704585 10.8898127138 10.8900725466 
 10.8903539636 10.8907066933 10.8909747023 
 10.8911627442 10.8915246603 10.8917998813 
 10.8918964556 10.8922663872 10.8925479370 
 10.8925549850 10.8929318640 10.8932189303 
 10.8931383821 10.8935212299 10.8938130622 
 10.8936468041 10.8940347196 10.8943306200 
 10.8940804708 10.8944726187 10.8947719347 
 10.8944396288 10.8948352297 10.8951373463 
 10.8947245232 10.8951228430 10.8954271761 
 10.8949353743 10.8953357149 10.8956417046 
 10.8950723603 10.8954740503 10.8957811549 
 10.8951356044 10.8955379901 10.8958456796 
 10.8951251662 10.8955276029 10.8958353535 
 10.8950410379 10.8954428811 10.8957501693 
 10.8948831449 10.8952837411 10.8955900379 
 10.8946513501 10.8950500287 10.8953547934 
 10.8943454635 10.8947415269 10.8950442015 
 10.8939652556 10.8943579705 10.8946579728 
 10.8935104759 10.8938990634 10.8941957809 
 10.8929808769 10.8933645023 10.8936572847 
 10.8923762435 10.8927540056 10.8930421576 
 10.8916964302 10.8920673499 10.8923501230 
 10.8909414074 10.8913044152 10.8915809989 
 10.8901113182 10.8904652406 10.8907347530 
 10.8892065502 10.8895500955 10.8898115727 
 10.8882278252 10.8885595669 10.8888119525 
 10.8871763110 10.8874946708 10.8877368031 
 10.8860537608 10.8863569898 10.8865875897 
 10.8848626845 10.8851488434 10.8853665010 
 10.8836065568 10.8838734961 10.8840766578 
 10.8822900632 10.8825354045 10.8827223612 
 10.8809193808 10.8811405013 10.8813093798 
 10.8795024820 10.8796965068 10.8798452663 
 10.8780494341 10.8782132408 10.8783396786 
 10.8765726475 10.8767028911 10.8768046623 
 10.8750870028 10.8751801675 10.8752548236 
 10.8736097618 10.8736622490 10.8737072989 
 10.8721601701 10.8721684223 10.8721814180 
 10.8707586848 10.8707193420 10.8706979824 
 10.8694258435 10.8693359134 10.8692781560 
 10.8681808991 10.8680379169 10.8679420794 
 10.8670404428 10.8668425940 10.8667074292 
 10.8660172678 10.8657634580 10.8655881931 
 10.8651196667 10.8648095352 10.8645938751 
 10.8643512289 10.8639851175 10.8637292210 
 10.8637110844 10.8632899770 10.8629944182 
 10.8631944625 10.8627199122 10.8623856365 
 10.8627934195 10.8622674730 10.8618957551 
 10.8624976134 10.8619227384 10.8615151435 
 10.8622950454 10.8616740621 10.8612324110 
 10.8621727221 10.8615087384 10.8610350750 
 10.8621172236 10.8614135738 10.8609101328 
 10.8621151740 10.8613753607 10.8608445363 
 10.8621536237 10.8613812633 10.8608255778 
 10.8622203528 10.8614191266 10.8608412000 
 10.8623041069 10.8614777196 10.8608802419 
 10.8623947782 10.8615469244 10.8609326307 
 10.8624835392 10.8616178797 10.8609895306 
 10.8625629402 10.8616830890 10.8610434550 
 10.8626269778 10.8617364979 10.8610883502 
 10.8626711410 10.8617735495 10.8611196550 
 10.8626924410 10.8617912210 10.8611343421 
 10.8626894278 10.8617880456 10.8611309424 
 10.8626621986 10.8617641229 10.8611095573 
 10.8626123965 10.8617211178 10.8610718575 
 10.8625432020 10.8616622493 10.8610210701 
 10.8624593140 10.8615922664 10.8609619515 
 10.8623669189 10.8615174096 10.8609007447 
 10.8622736410 10.8614453533 10.8608451163 
 10.8621884716 10.8613851241 10.8608040699 
 10.8621216668 10.8613469894 10.8607878292 
 10.8620846086 10.8613423077 10.8608076842 
 10.8620896172 10.8613833336 10.8608757922 
 10.8621497068 10.8614829652 10.8610049236 
 10.8622782719 10.8616544259 10.8612081419 
 10.8624886932 10.8619108659 10.8614984052 
 10.8627938532 10.8622648742 10.8618880775 
 10.8632055534 10.8627278925 10.8623883418 
 10.8637338376 10.8633095345 10.8630085167 
 10.8643862407 10.8640168308 10.8637552977 
 10.8651670131 10.8648534507 10.8646319758 
 10.8660764075 10.8658189930 10.8656377273 
 10.8671101561 10.8669084785 10.8667671128 
 10.8682592855 10.8681121960 10.8680099401 
 10.8695103924 10.8694160259 10.8693516162 
 10.8708464205 10.8708022726 10.8707740163 
 10.8722478479 10.8722509050 10.8722567591 
 10.8736940811 10.8737409823 10.8737786574 
 10.8751647976 10.8752520048 10.8753190756 
 10.8766410292 10.8767649784 10.8768589859 
 10.8781058754 10.8782630962 10.8783816293 
 10.8795448488 10.8797320466 10.8798728001 
 10.8809459242 10.8811600280 10.8813208385 
 10.8822993873 10.8825375713 10.8827164350 
 10.8835975741 10.8838572607 10.8840523376 
 10.8848345676 10.8851134186 10.8853230292 
 10.8860058964 10.8863017975 10.8865244136 
 10.8871082584 10.8874193006 10.8876535336 
 10.8881392802 10.8884637401 10.8887083288 
 10.8890973152 10.8894336361 10.8896874337 
 10.8899812774 10.8903280508 10.8905900126 
 10.8907905064 10.8911464553 10.8914156274 
 10.8915246592 10.8918886228 10.8921641309 
 10.8921836241 10.8925545432 10.8928355834 
 10.8927674513 10.8931443556 10.8934301846 
 10.8932762979 10.8936582937 10.8939482207 
 10.8937103829 10.8940966426 10.8943900216 
 10.8940699525 10.8944597033 10.8947559258 
 10.8943552503 10.8947477652 10.8950462533 
 10.8945664954 10.8949610833 10.8952612836 
 10.8947038643 10.8950998611 10.8954012383 
 10.8947674781 10.8951642379 10.8954662693 
 10.8947573943 10.8951542807 10.8954564502 
 10.8946736027 10.8950699802 10.8953717726 
 10.8945160255 10.8949112508 10.8952121467 
 10.8942845224 10.8946779361 10.8949774053 
 10.8939788996 10.8943698168 10.8946673132 
 10.8935989231 10.8939866248 10.8942815797 
 10.8931443374 10.8935280606 10.8938198766 
 10.8926148890 10.8929938172 10.8932818612 
 10.8920103561 10.8923836083 10.8926672044 
 10.8913305851 10.8916972050 10.8919756263 
 10.8905755368 10.8909344804 10.8912069410 
 10.8897453430 10.8900954656 10.8903611109 
 10.8888403776 10.8891804196 10.8894383166 
 10.8878613461 10.8881899169 10.8884390433 
 10.8868093963 10.8871249578 10.8873641906 
 10.8856862575 10.8859871054 10.8862152084 
 10.8844944104 10.8847786554 10.8849942665 
 10.8832372950 10.8835028431 10.8837044621 
 10.8819195553 10.8821640894 10.8823500664 
 10.8805473200 10.8807682852 10.8809368122 
 10.8791285063 10.8793231017 10.8794722098 
 10.8776731211 10.8778383043 10.8779658690 
 10.8761935126 10.8763260231 10.8764297832 
 10.8747045022 10.8748009122 10.8748785068 
 10.8732233048 10.8732801035 10.8733291309 
 10.8717691413 10.8717828551 10.8718009549 
 10.8703624771 10.8703298215 10.8703147742 
 10.8690238995 10.8689419445 10.8688917788 
 10.8677727547 10.8676390806 10.8675521703 
 10.8666257661 10.8664385835 10.8663137193 
 10.8655958863 10.8653541044 10.8651905310 
 10.8646915790 10.8643948196 10.8641922387 
 10.8639166026 10.8635651695 10.8633237165 
 10.8632702418 10.8628650626 10.8625852693 
 10.8627478589 10.8622904147 10.8619731678 
 10.8623416183 10.8618338707 10.8614803718 
 10.8620412605 10.8614855815 10.8610973112 
 10.8618348436 10.8612339507 10.8608126364 
 10.8617094084 10.8610663026 10.8606138881 
 10.8616515472 10.8609694546 10.8604880709 
 10.8616478780 10.8609301938 10.8604221295 
 10.8616854276 10.8609356642 10.8604033367 
 10.8617519384 10.8609736781 10.8604196044 
 10.8618361065 10.8610329607 10.8604597312 
 10.8619277650 10.8611033413 10.8605135954 
 10.8620180198 10.8611758985 10.8605723050 
 10.8620993499 10.8612430694 10.8606283114 
 10.8621656770 10.8612987296 10.8606754940 
 10.8622124139 10.8613382486 10.8607092207 
 