10.8729543138 10.8746644529 10.8763639147 
 10.8729945533 10.8747073433 10.8764092868 
 10.8729916533 10.8747043061 10.8764061130 
 10.8729456306 10.8746553545 10.8763544035 
 10.8728572658 10.8745611757 10.8762547574 
 10.8727281119 10.8744231390 10.8761083704 
 10.8725605102 10.8742433122 10.8759170515 
 10.8723576134 10.8740244862 10.8756832473 
 10.8721234167 10.8737702075 10.8754100754 
 10.8718627936 10.8734848174 10.8751013653 
 10.8715815354 10.8731734985 10.8747617075 
 10.8712863918 10.8728423233 10.8743965093 
 10.8709851056 10.8724983044 10.8740120542 
 10.8706864353 10.8721494379 10.8736155619 
 10.8704001552 10.8718047333 10.8732152414 
 10.8701370172 10.8714742158 10.8728203276 
 10.8699086569 10.8711688848 10.8724410859 
 10.8697274216 10.8709006064 10.8720887657 
 10.8696060969 10.8706819162 10.8717754763 
 10.8695575076 10.8705257033 10.8715139583 
 10.8695939820 10.8704447568 10.8713172206 
 10.8697266771 10.8704511618 10.8711980241 
 10.8699647958 10.8705555613 10.8711682087 
 10.8703147591 10.8707663278 10.8712378942 
 10.8707794360 10.8710887343 10.8714146211 
 10.8713575708 10.8715242496 10.8717025444 
 10.8720435459 10.8720701027 10.8721018218 
 10.8728275859 10.8727192424 10.8726083357 
 10.8736964168 10.8734607521 10.8732138475 
 10.8746342840 10.8742806755 10.8739065924 
 10.8756241422 10.8751631090 10.8746722190 
 10.8766488020 10.8760913581 10.8754948997 
 10.8776918643 10.8770489654 10.8763584141 
 10.8787383581 10.8780204882 10.8772470487 
 10.8797750802 10.8789919844 10.8781462326 
 10.8807906934 10.8799512367 10.8790429030 
 10.8817756575 10.8808877772 10.8799256454 
 10.8827220626 10.8817927849 10.8807846730 
 10.8836234202 10.8826589129 10.8816117074 
 10.8844744464 10.8834800918 10.8823998120 
 10.8852708590 10.8842513330 10.8831432104 
 10.8860091981 10.8849685498 10.8838371112 
 10.8866866741 10.8856284008 10.8844775507 
 10.8873010409 10.8862281590 10.8850612569 
 10.8878504938 10.8867656025 10.8855855360 
 10.8883335872 10.8872389279 10.8860481788 
 10.8887491696 10.8876466797 10.8864473857 
 10.8890963331 10.8879876962 10.8867817078 
 10.8893743733 10.8882610659 10.8870499998 
 10.8895827599 10.8884660958 10.8872513845 
 10.8897211146 10.8886022867 10.8873852270 
 10.8897891949 10.8886693167 10.8874511154 
 10.8897868849 10.8886670301 10.8874488494 
 10.8897141902 10.8885954327 10.8873784347 
 10.8895712383 10.8884546915 10.8872400829 
 10.8893582836 10.8882451409 10.8870342180 
 10.8890757177 10.8879672934 10.8867614885 
 10.8887240856 10.8876218572 10.8864227868 
 10.8883041082 10.8872097607 10.8860192756 
 10.8878167126 10.8867321859 10.8855524246 
 10.8872630722 10.8861906112 10.8850240571 
 10.8866446581 10.8855868667 10.8844364104 
 10.8859633044 10.8849232055 10.8837922112 
 10.8852212910 10.8842023908 10.8830947695 
 10.8844214470 10.8834278056 10.8823480931 
 10.8835672769 10.8826035843 10.8815570240 
 10.8826631142 10.8817347701 10.8807273962 
 10.8817143007 10.8808274940 10.8798662113 
 10.8807273901 10.8798891711 10.8789818191 
 10.8797103637 10.8789286976 10.8780840838 
 10.8786728391 10.8779566205 10.8771845007 
 10.8776262338 10.8769852384 10.8762962130 
 10.8765838307 10.8760285712 10.8754338657 
 10.8755606740 10.8751021293 10.8746132323 
 10.8745732205 10.8742224184 10.8738505704 
 10.8736386932 10.8734061531 10.8731617127 
 10.8727741372 10.8726692203 10.8725609764 
 10.8719952668 10.8720255177 10.8720600511 
 10.8713152732 10.8714858624 10.8716670606 
 10.8707438106 10.8710571704 10.8713859769 
 10.8702863460 10.8707420530 10.8712164774 
 10.8699439679 10.8705388697 10.8711542358 
 10.8697136355 10.8704421775 10.8711915473 
 10.8695887648 10.8704434468 10.8713181451 
 10.8695600070 10.8705318987 10.8715220663 
 10.8696160831 10.8706953383 10.8717904551 
 10.8697445698 10.8709208952 10.8721102353 
 10.8699325734 10.8711956250 10.8724686246 
 10.8701672654 10.8715069614 10.8728534940 
 10.8704362764 10.8718430268 10.8732535919 
 10.8707279664 10.8721928262 10.8736586632 
 10.8710315924 10.8725463494 10.8740594925 
 10.8713373980 10.8728946093 10.8744478953 
 10.8716366479 10.8732296355 10.8748166787 
 10.8719216249 10.8735444424 10.8751595858 
 10.8721856042 10.8738329827 10.8754712340 
 10.8724228167 10.8740900962 10.8757470535 
 10.8726284066 10.8743114584 10.8759832309 
 10.8727983903 10.8744935340 10.8761766586 
 10.8729296190 10.8746335359 10.8763248931 
 10.8730197472 10.8747293918 10.8764261210 
 10.8730672076 10.8747797189 10.8764791332 
 10.8730711947 10.8747838063 10.8764833082 
 10.8730316557 10.8747416061 10.8764386031 
 10.8729492894 10.8746537327 10.8763455526 
 10.8728255541 10.8745214702 10.8762052766 
 10.8726626826 10.8743467880 10.8760194958 
 10.8724637056 10.8741323649 10.8757905553 
 10.8722324815 10.8738816213 10.8755214573 
 10.8719737335 10.8735987577 10.8752159015 
 10.8716930892 10.8732888015 10.8748783337 
 10.8713971229 10.8729576564 10.8745140016 
 10.8710933929 10.8726121543 10.8741290152 
 10.8707904695 10.8722601018 10.8737304083 
 10.8704979408 10.8719103153 10.8733261955 
 10.8702263848 10.8715726312 10.8729254145 
 10.8699872881 10.8712578751 10.8725381396 
 10.8697928912 10.8709777700 10.8721754481 
 10.8696559339 10.8707447577 10.8718493138 
 10.8695892805 10.8705717060 10.8715723997 
 10.8696054054 10.8704714796 10.8713577209 
 10.8697157401 10.8704563605 10.8712181546 
 10.8699299018 10.8705373282 10.8711657918 
 10.8702548650 10.8707232388 10.8712111522 
 10.8706941716 10.8710199858 10.8713623260 
 10.8712473155 10.8714297631 10.8716241473 
 10.8719094418 10.8719505745 10.8719975363 
 10.8726714770 10.8725761217 10.8724791574 
 10.8735207170 10.8732961438 10.8730614972 
 10.8744417965 10.8740971815 10.8737333886 
 10.8754178619 10.8749636367 10.8744809017 
 10.8764317348 10.8758789279 10.8752884366 
 10.8774668846 10.8768265470 10.8761398194 
 10.8785081141 10.8777908800 10.8770192386 
 10.8795419440 10.8787577398 10.8779119248 
 10.8805567459 10.8797146290 10.8788045592 
 10.8815426971 10.8806507953 10.8796854492 
 10.8824916275 10.8815571465 10.8805445313 
 10.8833968166 10.8824260888 10.8813732673 
 10.8842527789 10.8832513335 10.8821644852 
 10.8850550591 10.8840277015 10.8829122002 
 10.8858000499 10.8847509423 10.8836114394 
 10.8864848371 10.8854175744 10.8842580825 
 10.8871070693 10.8860247516 10.8848487232 
 10.8876648530 10.8865701510 10.8853805527 
 10.8881566678 10.8870518834 10.8858512637 
 10.8885812994 10.8874684206 10.8862589732 
 10.8889377867 10.8878185393 10.8866021611 
 10.8892253810 10.8881012762 10.8868796217 
 10.8894435151 10.8883158944 10.8870904267 
 10.8895917798 10.8884618585 10.8872338981 
 10.8896699080 10.8885388163 10.8873095881 
 10.8896777635 10.8885465875 10.8873172666 
 10.8896153363 10.8884851580 10.8872569148 
 10.8894827418 10.8883546795 10.8871287252 
 10.8892802258 10.8881554745 10.8869331064 
 10.8890081741 10.8878880469 10.8866706956 
 10.8886671278 10.8875530990 10.8863423764 
 10.8882578060 10.8871515555 10.8859493060 
 10.8877811349 10.8866845959 10.8854929497 
 10.8872382872 10.8861536966 10.8849751277 
 10.8866307327 10.8855606860 10.8843980742 
 10.8859603028 10.8849078134 10.8837645117 
 10.8852292715 10.8841978362 10.8830777438 
 10.8844404575 10.8834341267 10.8823417677 
 10.8835973485 10.8826208030 10.8815614088 
 10.8827042526 10.8817628831 10.8807424771 
 10.8817664753 10.8808664629 10.8798919397 
 10.8807905204 10.8799389094 10.8790181002 
 10.8797843042 10.8789890564 10.8781307640 
 10.8787573627 10.8780273742 10.8772413550 
 10.8777210168 10.8770660720 10.8763629354 
 10.8766884413 10.8761190727 10.8755100660 
 10.8756745691 10.8752017913 10.8746984426 
 10.8746957556 10.8743306532 10.8739442640 
 10.8737691482 10.8735223214 10.8732633359 
 10.8729117581 10.8727926738 10.8726699901 
 10.8721393186 10.8721556481 10.8721759743 
 10.8714650953 10.8716221483 10.8717895075 
 10.8708988639 10.8711992120 10.8715146801 
 10.8704462415 10.8708895888 10.8713512929 
 10.8701084752 10.8706917749 10.8712951329 
 10.8698826721 10.8706004464 10.8713385861 
 10.8697623722 10.8706071668 10.8714714498 
 10.8697383209 10.8707012222 10.8716817990 
 10.8697993030 10.8708704560 10.8719567938 
 10.8699329328 10.8711020151 10.8722833582 
 10.8701263338 10.8713829576 10.8726487002 
 10.8703666795 10.8717007096 10.8730406757 
 10.8706415929 10.8720433809 10.8734480163 
 10.8709394207 10.8723999609 10.8738604509 
 10.8712494030 10.8727604235 10.8742687489 
 10.8715617648 10.8731157654 10.8746647119 
 10.8718677510 10.8734580001 10.8750411345 
 10.8721596233 10.8737801256 10.8753917476 
 10.8724306347 10.8740760775 10.8757111558 
 10.8726749917 10.8743406769 10.8759947756 
 10.8728878116 10.8745695783 10.8762387779 
 10.8730650808 10.8747592228 10.8764400369 
 10.8732036166 10.8749067956 10.8765960874 
 10.8733010348 10.8750101931 10.8767050904 
 10.8733557249 10.8750679957 10.8767658069 
 10.8733668318 10.8750794508 10.8767775804 
 10.8733342471 10.8750444625 10.8767403271 
 10.8732586071 10.8749635908 10.8766545350 
 10.8731412998 10.8748380578 10.8765212701 
 10.8729844799 10.8746697636 10.8763421918 
 10.8727910915 10.8744613091 10.8761195762 
 10.8725648976 10.8742160275 10.8758563472 
 10.8723105170 10.8739380236 10.8755561174 
 10.8720334643 10.8736322190 10.8752232354 
 10.8717401927 10.8733044026 10.8748628419 
 10.8714381334 10.8729612832 10.8744809297 
 10.8711357252 10.8726105374 10.8740844069 
 10.8708424255 10.8722608478 10.8736811550 
 10.8705686872 10.8719219178 10.8732800750 
 10.8703258867 10.8716044477 10.8728911061 
 10.8701261786 10.8713200523 10.8725251998 
 10.8699822550 10.8710810946 10.8721942247 
 10.8699069847 10.8709004075 10.8719107728 
 10.8699129149 10.8707908811 10.8716878395 
 10.8700116309 10.8707648997 10.8715383507 
 10.8702129946 10.8708336340 10.8714745311 
 10.8705243156 10.8710062266 10.8715071303 
 10.8709495502 10.8712889473 10.8716445659 
 10.8714886595 10.8716844370 10.8718920845 
 10.8721372703 10.8721911831 10.8722510779 
 10.8728867571 10.8728033630 10.8727186995 
 10.8737247861 10.8735111360 10.8732878958 
 10.8746362516 10.8743013682 10.8739478850 
 10.8756044378 10.8751586692 10.8746850163 
 10.8766121896 10.8760665464 10.8754838498 
 10.8776429097 10.8770084775 10.8763282601 
 10.8786812726 10.8779687579 10.8772023929 
 10.8797136380 10.8789330619 10.8780913722 
 10.8807282056 10.8798887307 10.8789817361 
 10.8817149848 10.8808248459 10.8798616329 
 10.8826656509 10.8817321568 10.8807208399 
 10.8835733464 10.8826029252 10.8815506694 
 10.8844324662 10.8834307343 10.8823438132 
 10.8852384531 10.8842102941 10.8830941663 
 10.8859876138 10.8849372587 10.8837966514 
 10.8866769608 10.8856080655 10.8844470580 
 10.8873040815 10.8862197990 10.8850419023 
 10.8878670304 10.8867700778 10.8855783090 
 10.8883642434 10.8872569621 10.8860539137 
 10.8887944683 10.8876788810 10.8864667843 
 10.8891567121 10.8880345738 10.8868153577 
 10.8894501984 10.8883230449 10.8870983907 
 10.8896743356 10.8885435292 10.8873149225 
 10.8898286933 10.8886954660 10.8874642457 
 10.8899129855 10.8887784810 10.8875458863 
 10.8899270589 10.8887923734 10.8875595904 
 10.8898708879 10.8887371107 10.8875053175 
 10.8897445733 10.8886128270 10.8873832394 
 10.8895483469 10.8884198282 10.8871937454 
 10.8892825808 10.8881586022 10.8869374536 
 10.8889478024 10.8878298347 10.8866152289 
 10.8885447161 10.8874344338 10.8862282087 
 10.8880742326 10.8869735609 10.8857778379 
 10.8875375075 10.8864486729 10.8852659148 
 10.8869359910 10.8858615762 10.8846946487 
 10.8862714918 10.8852144951 10.8840667345 
 10.8855462573 10.8845101574 10.8833854433 
 10.8847630740 10.8837519009 10.8826547350 
 10.8839253915 10.8829438026 10.8818793910 
 10.8830374716 10.8820908315 10.8810651694 
 10.8821045645 10.8811990256 10.8802189771 
 10.8811331084 10.8802756842 10.8793490485 
 10.8801309429 10.8793295638 10.8784651117 
 10.8791075173 10.8783710489 10.8775785075 
 10.8780740577 10.8774122583 10.8767022146 
 10.8770436421 10.8764670271 10.8758507173 
 10.8760311131 10.8755506946 10.8750396539 
 10.8750527550 10.8746796354 10.8742851965 
 10.8741256776 10.8738705018 10.8736031679 
 10.8732669027 10.8731392105 10.8730079680 
 10.8724922301 10.8724997933 10.8725114635 
 10.8718150488 10.8719632984 10.8721220349 
 10.8712453038 10.8715369442 10.8718439590 
 10.8707888102 10.8712236782 10.8716772299 
 10.8704470200 10.8710221912 10.8716178136 
 10.8702172330 10.8709273335 10.8716582486 
 10.8700931552 10.8709308115 10.8717884496 
 10.8700656630 10.8710220172 10.8719965716 
 10.8701236358 10.8711888644 10.8722698209 
 10.8702547476 10.8714185381 10.8725951390 
 10.8704461524 10.8716981086 10.8729597297 
 10.8706850304 10.8720149947 10.8733514294 
 10.8709589941 10.8723572852 10.8737589409 
 10.8712563678 10.8727139403 10.8741719588 
 10.8715663614 10.8730749003 10.8745812167 
 10.8718791664 10.8734311264 10.8749784808 
 10.8721859922 10.8737745973 10.8753565121 
 10.8724790660 10.8740982778 10.8757090106 
 10.8727516075 10.8743960728 10.8760305529 
 10.8729977923 10.8746627753 10.8763165311 
 10.8732127098 10.8748940152 10.8765630943 
 10.8733923211 10.8750862114 10.8767670983 
 10.8735334213 10.8752365307 10.8769260621 
 10.8736336069 10.8753428529 10.8770381338 
 10.8736912507 10.8754037453 10.8771020639 
 10.8737054840 10.8754184443 10.8771171876 
 10.8736761870 10.8753868455 10.8770834153 
 10.8736039872 10.8753095026 10.8770012307 
 10.8734902661 10.8751876336 10.8768716978 
 10.8733371739 10.8750231361 10.8766964757 
 10.8731476521 10.8748186106 10.8764778415 
 10.8729254631 10.8745773915 10.8762187220 
 10.8726752262 10.8743035859 10.8759227334 
 10.8724024581 10.8740021190 10.8755942295 
 10.8721136148 10.8736787845 10.8752383566 
 10.8718161307 10.8733402958 10.8748611137 
 10.8715184479 10.8729943345 10.8744694152 
 10.8712300260 10.8726495873 10.8740711482 
 10.8709613188 10.8723157605 10.8736752180 
 10.8707237005 10.8720035545 10.8732915660 
 10.8705293198 10.8717245811 10.8729311426 
 10.8703908577 10.8714911946 10.8726058108 
 10.8703211646 10.8713162130 10.8723281510 
 10.8703327607 10.8712125032 10.8721111389 
 10.8704371936 10.8711924158 10.8719676713 
 10.8706442756 10.8712670757 10.8719099320 
 10.8709612538 10.8714455667 10.8719486167 
 10.8713920106 10.8717340870 10.8720920757 
 10.8719364240 10.8721351945 10.8723454756 
 10.8725900342 10.8726472871 10.8727101187 
 10.8733441339 10.8732644532 10.8731830653 
 10.8741863204 10.8739767719 10.8737571734 
 10.8751014393 10.8747710467 10.8744215859 
 10.8760727501 10.8756318482 10.8751625981 
 10.8770830969 10.8765426700 10.8759647414 
 10.8781159020 10.8774869996 10.8768118876 
 10.8791558744 10.8784491610 10.8776882014 
 10.8801894170 10.8794148694 10.8785788434 
 10.8812047765 10.8803715142 10.8794703980 
 10.8821920098 10.8813082274 10.8803510654 
 10.8831428375 10.8822158076 10.8812106755 
 10.8840504434 10.8830865628 10.8820405911 
 10.8849092600 10.8839141186 10.8828335512 
 10.8857147630 10.8846932225 10.8835834934 
 10.8864632879 10.8854195615 10.8842853776 
 10.8871518720 10.8860896019 10.8849350263 
 10.8877781240 10.8867004526 10.8855289839 
 10.8883401162 10.8872497526 10.8860643988 
 10.8888362991 10.8877355795 10.8865389265 
 10.8892654324 10.8881563760 10.8869506509 
 10.8896265321 10.8885108920 10.8872980214 
 10.8899188283 10.8887981398 10.8875798044 
 10.8901417334 10.8890173592 10.8877950448 
 10.8902948186 10.8891679918 10.8879430385 
 10.8903777968 10.8892496626 10.8880233114 
 10.8903905118 10.8892621679 10.8880356070 
 10.8903329320 10.8892054694 10.8879798790 
 10.8902051503 10.8890796928 10.8878562903 
 10.8900073879 10.8888851329 10.8876652188 
 10.8897400040 10.8886222635 10.8874072676 
 10.8894035104 10.8882917540 10.8870832837 
 10.8889985933 10.8878944925 10.8866943835 
 10.8885261428 10.8874316180 10.8862419875 
 10.8879872907 10.8869045617 10.8857278658 
 10.8873834610 10.8863151012 10.8851541963 
 10.8867164331 10.8856654284 10.8845236387 
 10.8859884222 10.8849582358 10.8838394251 
 10.8852021799 10.8841968224 10.8831054725 
 10.8843611179 10.8833852231 10.8823265162 
 10.8834694575 10.8825283621 10.8815082650 
 10.8825324061 10.8816322300 10.8806575739 
 10.8815563579 10.8807040777 10.8797826249 
 10.8805491082 10.8797526132 10.8788930944 
 10.8795200636 10.8787881753 10.8780002762 
 10.8784804118 10.8778228436 10.8771171102 
 10.8774432006 10.8768704242 10.8762580564 
 10.8764232551 10.8759462436 10.8754387481 
 10.8754368601 10.8750666861 10.8746753789 
 10.8745011490 10.8742484397 10.8739838228 
 10.8736331933 10.8735074868 10.8733785627 
 10.8728488703 10.8728579540 10.8728715769 
 10.8721616710 10.8723110081 10.8724713798 
 10.8715816607 10.8718740029 10.8721823955 
 10.8711147855 10.8715500283 10.8720047668 
 10.8707626294 10.8713379143 10.8719346013 
 10.8705226168 10.8712326383 10.8719645619 
 10.8703885640 10.8712260153 10.8720846652 
 10.8703514386 10.8713075230 10.8722831422 
 10.8704001895 10.8714651361 10.8725472490 
 10.8705225378 10.8716860766 10.8728639525 
 10.8707056638 10.8719574305 10.8732204614 
 10.8709367556 10.8722666144 10.8736046003 
 10.8712034189 10.8726017011 10.8740050484 
 10.8714939600 10.8729516253 10.8744114690 
 10.8717975639 10.8733062960 10.8748145605 
 10.8721043930 10.8736566411 10.8752060531 
 10.8724056272 10.8739946061 10.8755786730 
 10.8726934653 10.8743131253 10.8759260887 
 10.8729611029 10.8746060772 10.8762428501 
 10.8732026962 10.8748682341 10.8765243280 
 10.8734133214 10.8750952114 10.8767666566 
 10.8735889342 10.8752834210 10.8769666836 
 10.8737263320 10.8754300299 10.8771219276 
 10.8738231222 10.8755329270 10.8772305434 
 10.8738776979 10.8755906969 10.8772912967 
 10.8738892201 10.8756026023 10.8773035461 
 10.8738576086 10.8755685750 10.8772672340 
 10.8737835412 10.8754892139 10.8771828856 
 10.8736684602 10.8753657931 10.8770516156 
 10.8735145878 10.8752002766 10.8768751438 
 10.8733249485 10.8749953423 10.8766558185 
 10.8731033994 10.8747544130 10.8763966484 
 10.8728546652 10.8744816958 10.8761013428 
 10.8725843787 10.8741822268 10.8757743599 
 10.8722991209 10.8738619207 10.8754209613 
 10.8720064582 10.8735276215 10.8750472722 
 10.8717149683 10.8731871476 10.8746603414 
 10.8714342450 10.8728493256 10.8742681972 
 10.8711748672 10.8725239979 10.8738798876 
 10.8709483165 10.8722219905 10.8735054920 
 10.8707668176 10.8719550176 10.8731560844 
 10.8706430819 10.8717354993 10.8728436239 
 10.8705899272 10.8715762656 10.8725807437 
 10.8706197602 10.8714901219 10.8723804094 
 10.8707439180 10.8714892661 10.8722554246 
 10.8709718943 10.8715845633 10.8722177779 
 10.8713105091 10.8717847238 10.8722778550 
 10.8717631219 10.8720954634 10.8724435790 
 10.8723290230 10.8725187725 10.8727195863 
 10.8730031487 10.8730524366 10.8731065780 
 10.8737762290 10.8736899428 10.8736009924 
 10.8746353976 10.8744208394 10.8741951036 
 10.8755651771 10.8752315214 10.8748775670 
 10.8765486609 10.8761063024 10.8756343282 
 10.8775686747 10.8770285746 10.8764497249 
 10.8786087402 10.8779818594 10.8773075833 
 10.8796537462 10.8789506161 10.8781921439 
 10.8806903197 10.8799207594 10.8790887283 
 10.8817069470 10.8808799097 10.8799841330 
 10.8826939191 10.8818174361 10.8808667908 
 10.8836431743 10.8827243650 10.8817267655 
 10.8845480914 10.8835932136 10.8825556405 
 10.8854032738 10.8844177938 10.8833463561 
 10.8862043447 10.8851930161 10.8840930286 
 10.8869477653 10.8859147082 10.8847907746 
 10.8876306800 10.8865794570 10.8854355516 
 10.8882507880 10.8871844738 10.8860240200 
 10.8888062377 10.8877274848 10.8865534275 
 10.8892955435 10.8882066410 10.8870215136 
 10.8897175188 10.8886204468 10.8874264333 
 10.8900712238 10.8889677039 10.8877666959 
 10.8903559251 10.8892474671 10.8880411173 
 10.8905710643 10.8894590110 10.8882487835 
 10.8907162357 10.8896018049 10.8883890233 
 10.8907911696 10.8896754949 10.8884613884 
 10.8907957216 10.8896798930 10.8884656415 
 10.8907298675 10.8896149708 10.8884017497 
 10.8905937033 10.8894808593 10.8882698837 
 10.8903874489 10.8892778539 10.8880704238 
 10.8901114584 10.8890064247 10.8878039711 
 10.8897662356 10.8886672335 10.8874713661 
 10.8893524552 10.8882611575 10.8870737144 
 10.8888709933 10.8877893215 10.8866124224 
 10.8883229658 10.8872531399 10.8860892425 
 10.8877097788 10.8866543712 10.8855063329 
 10.8870331931 10.8859951874 10.8848663310 
 10.8862954056 10.8852782603 10.8841724463 
 10.8854991504 10.8845068687 10.8834285732 
 10.8846478244 10.8836850298 10.8826394259 
 10.8837456384 10.8828176538 10.8818106955 
 10.8827977956 10.8819107230 10.8809492253 
 10.8818106943 10.8809714881 10.8800631926 
 10.8807921448 10.8800086674 10.8791622798 
 10.8797515816 10.8790326224 10.8782577983 
 10.8787002348 10.8780554689 10.8773627190 
 10.8776512083 10.8770910624 10.8764915455 
 10.8766193953 10.8761547900 10.8756599649 
 10.8756211550 10.8752631017 10.8748842299 
 10.8746736938 10.8744327505 10.8741802727 
 10.8737941459 10.8736797746 10.8735626272 
 10.8729984326 10.8730183417 10.8730433118 
 10.8723000663 10.8724596427 10.8726308697 
 10.8717091127 10.8720110417 10.8723297448 
 10.8712315032 10.8716756300 10.8721400971 
 10.8708688008 10.8714522370 10.8720580514 
 10.8706184102 10.8713358431 10.8720762919 
 10.8704741343 10.8713182705 10.8721848586 
 10.8704269352 10.8713890087 10.8723720071 
 10.8704657624 10.8715360457 10.8726250150 
 10.8705783414 10.8717466154 10.8729308658 
 10.8707518571 10.8720078119 10.8732767771 
 10.8709735006 10.8723070545 10.8736505755 
 10.8712308776 10.8726324135 10.8740409349 
 10.8715122913 10.8729728165 10.8744375082 
 10.8718069211 10.8733181621 10.8748309797 
 10.8721049226 10.8736593665 10.8752130642 
 10.8723974696 10.8739883636 10.8755764727 
 10.8726767567 10.8742980786 10.8759148608 
 10.8729359789 10.8745823841 10.8762227692 
 10.8731692971 10.8748360520 10.8764955638 
 10.8733717988 10.8750547034 10.8767293805 
 10.8735394579 10.8752347629 10.8769210752 
 10.8736690991 10.8753734187 10.8770681824 
 10.8737583664 10.8754685896 10.8771688812 
 10.8738056995 10.8755188999 10.8772219705 
 10.8738103173 10.8755236623 10.8772268518 
 10.8737722091 10.8754828696 10.8771835208 
 10.8736921343 10.8753971937 10.8770925669 
 10.8735716303 10.8752679941 10.8769551809 
 10.8734130277 10.8750973331 10.8767731709 
 10.8732194736 10.8748880009 10.8765489870 
 10.8729949615 10.8746435468 10.8762857535 
 10.8727443671 10.8743683190 10.8759873100 
 10.8724734869 10.8740675090 10.8756582594 
 10.8721890776 10.8737472006 10.8753040236 
 10.8718988899 10.8734144186 10.8749309013 
 10.8716116899 10.8730771711 10.8745461275 
 10.8713372570 10.8727444775 10.8741579250 
 10.8710863436 10.8724263687 10.8737755387 
 10.8708705789 10.8721338436 10.8734092385 
 10.8707022933 10.8718787580 10.8730702694 
 10.8705942410 10.8716736241 10.8727707245 
 10.8705591979 10.8715312901 10.8725233120 
 10.8706094202 10.8714644823 10.8723409881 
 10.8707559661 10.8714851969 10.8722364355 
 10.8710079095 10.8716039571 10.8722213868 
 10.8713715113 10.8718289833 10.8723058213 
 10.8718494530 10.8721653652 10.8724971057 
 10.8724402723 10.8726143631 10.8727991917 
 10.8731381417 10.8731729855 10.8732120135 
 10.8739330926 10.8738339671 10.8737312262 
 10.8748116945 10.8745862054 10.8743483811 
 10.8757580893 10.8754156057 10.8750515419 
 10.8767551876 10.8763061857 10.8758262416 
 10.8777858126 10.8772412339 10.8766566004 
 10.8788336241 10.8782043305 10.8775264067 
 10.8798837414 10.8791801118 10.8784200070 
 10.8809230697 10.8801547417 10.8793229268 
 10.8819403871 10.8811161216 10.8802222211 
 10.8829262669 10.8820539056 10.8811066024 
 10.8838729061 10.8829593904 10.8819664105 
 10.8847739138 10.8838253386 10.8827934876 
 10.8856240934 10.8846457793 10.8835810079 
 10.8864192395 10.8854158120 10.8843232940 
 10.8871559590 10.8861314265 10.8850156421 
 10.8878315197 10.8867893478 10.8856541647 
 10.8884437244 10.8873869052 10.8862356548 
 10.8889908092 10.8879219244 10.8867574733 
 10.8894713622 10.8883926410 10.8872174566 
 10.8898842589 10.8887976310 10.8876138418 
 10.8902286116 10.8891357567 10.8879452083 
 10.8905037304 10.8894061239 10.8882104313 
 10.8907090934 10.8896080500 10.8884086472 
 10.8908443248 10.8897410402 10.8885392269 
 10.8909091791 10.8898047701 10.8886017575 
 10.8909035317 10.8897990758 10.8885960308 
 10.8908273737 10.8897239481 10.8885220374 
 10.8906808124 10.8895795331 10.8883799671 
 10.8904640762 10.8893661374 10.8881702150 
 10.8901775248 10.8890842395 10.8878933932 
 10.8898216653 10.8887345068 10.8875503502 
 10.8893971744 10.8883178200 10.8871421974 
 10.8889049289 10.8878353063 10.8866703450 
 10.8883460452 10.8872883817 10.8861365488 
 10.8877219308 10.8866788070 10.8855429696 
 10.8870343496 10.8860087576 10.8848922493 
 10.8862855044 10.8852809116 10.8841876042 
 10.8854781402 10.8844985589 10.8834329395 
 10.8846156713 10.8836657336 10.8826329864 
 10.8837023347 10.8827873716 10.8817934612 
 10.8827433711 10.8818694916 10.8809212424 
 10.8817452298 10.8809193938 10.8800245548 
 10.8807157879 10.8799458604 10.8791131415 
 10.8796645635 10.8789593320 10.8781983876 
 10.8786028861 10.8779720162 10.8772933474 
 10.8775439706 10.8769978686 10.8764126118 
 10.8765028248 10.8760523750 10.8755719494 
 10.8754959130 10.8751520697 10.8747876752 
 10.8745405208 10.8743137606 10.8740757517 
 10.8736538194 10.8735534980 10.8734507013 
 10.8728517129 10.8728854112 10.8729244861 
 10.8721476398 10.8723206050 10.8725055541 
 10.8715515436 10.8718663205 10.8721982301 
 10.8710692026 10.8715255081 10.8720025476 
 10.8707020172 10.8712968569 10.8719145152 
 10.8704472398 10.8711752237 10.8719267216 
 10.8702985441 10.8711523329 10.8720291386 
 10.8702467936 10.8712176046 10.8722099797 
 10.8702808693 10.8713589846 10.8724565031 
 10.8703884557 10.8715636861 10.8727556888 
 10.8705567177 10.8718187983 10.8730947621 
 10.8707728426 10.8721117461 10.8734615628 
 10.8710244422 10.8724306116 10.8738447805 
 10.8712998327 10.8727643373 10.8742340839 
 10.8715882102 10.8731028377 10.8746201725 
 10.8718797497 10.8734370456 10.8749947749 
 10.8721656453 10.8737589118 10.8753506154 
 10.8724381140 10.8740613786 10.8756813625 
 10.8726903745 10.8743383372 10.8759815706 
 10.8729166137 10.8745845794 10.8762466207 
 10.8731119475 10.8747957489 10.8764726657 
 10.8732723823 10.8749682960 10.8766565814 
 10.8733947785 10.8750994381 10.8767959255 
 10.8734768211 10.8751871277 10.8768889046 
 10.8735169958 10.8752300280 10.8769343497 
 10.8735145735 10.8752274960 10.8769316997 
 10.8734696021 10.8751795751 10.8768809934 
 10.8733829066 10.8750869947 10.8767828698 
 10.8732560976 10.8749511788 10.8766385762 
 10.8730915871 10.8747742627 10.8764499852 
 10.8728926120 10.8745591177 10.8762196193 
 10.8726632647 10.8743093835 10.8759506842 
 10.8724085279 10.8740295074 10.8756471102 
 10.8721343141 10.8737247898 10.8753136010 
 10.8718475029 10.8734014322 10.8749556885 
 10.8715559735 10.8730665844 10.8745797915 
 10.8712686227 10.8727283856 10.8741932728 
 10.8709953586 10.8723959883 10.8738044891 
 10.8707470537 10.8720795537 10.8734228212 
 10.8705354395 10.8717901999 10.8730586705 
 10.8703729202 10.8715398817 10.8727234009 
 10.8702722821 10.8713411760 10.8724291996 
 10.8702462761 10.8712069477 10.8721888297 
 10.8703070616 10.8711498741 10.8720152459 
 10.8704655165 10.8711818224 10.8719210561 
 10.8707304435 10.8713130960 10.8719178297 
 10.8711077441 10.8715516011 10.8720152859 
 10.8715996685 10.8719020282 10.8722204369 
 10.8722042803 10.8723651774 10.8725368014 
 10.8729152779 10.8729375728 10.8729638335 
 10.8737222652 10.8736114875 10.8734967050 
 10.8746114745 10.8743754261 10.8741265280 
 10.8755668262 10.8752150054 10.8748410132 
 10.8765711316 10.8761140748 10.8756254536 
 10.8776072227 10.8770558702 10.8764638480 
 10.8786588495 10.8780240150 10.8773399705 
 10.8797112738 10.8790032557 10.8782382356 
 10.8807515684 10.8799799057 10.8791442910 
 10.8817686839 10.8809420319 10.8800453437 
 10.8827533583 10.8818794537 10.8809302672 
 10.8836979382 10.8827836223 10.8817895584 
 10.8845961642 10.8836474396 10.8826152054 
 10.8854429528 10.8844650570 10.8834005125 
 10.8862341950 10.8852316790 10.8841399171 
 10.8869665791 10.8859433854 10.8848288143 
 10.8876374410 10.8865969777 10.8854634015 
 10.8882446410 10.8871898499 10.8860405447 
 10.8887864640 10.8877198828 10.8865576672 
 10.8892615390 10.8881853589 10.8870126586 
 10.8896687764 10.8885848947 10.8874038026 
 10.8900073185 10.8889173870 10.8877297184 
 10.8902765012 10.8891819720 10.8879893164 
 10.8904758253 10.8893779934 10.8881817636 
 10.8906049347 10.8895049799 10.8883064583 
 10.8906636016 10.8895626281 10.8883630124 
 10.8906517173 10.8895507930 10.8883512399 
 10.8905692875 10.8894694830 10.8882711521 
 10.8904164333 10.8893188606 10.8881229582 
 10.8901933963 10.8890992482 10.8879070718 
 10.8899005492 10.8888111398 10.8876241231 
 10.8895384124 10.8884552184 10.8872749789 
 10.8891076767 10.8880323812 10.8868607696 
 10.8886092340 10.8875437727 10.8863829252 
 10.8880442178 10.8869908283 10.8858432233 
 10.8874140549 10.8863753307 10.8852438494 
 10.8867205321 10.8856994804 10.8845874730 
 10.8859658790 10.8849659850 10.8838773427 
 10.8851528731 10.8841781693 10.8831174015 
 10.8842849675 10.8833401093 10.8823124253 
 10.8833664465 10.8824567905 10.8814681829 
 10.8824026069 10.8815342909 10.8805916139 
 10.8813999654 10.8805799794 10.8796910140 
 10.8803664774 10.8796027174 10.8787762049 
 10.8793117495 10.8786130329 10.8778586565 
 10.8782472079 10.8776232257 10.8769515085 
 10.8771861661 10.8766473411 10.8760694294 
 10.8761437235 10.8757009414 10.8752282465 
 10.8751364158 10.8748006118 10.8744443014 
 10.8741815651 10.8739631705 10.8737335389 
 10.8732963303 10.8732046267 10.8731104118 
 10.8724965456 10.8725390133 10.8725867609 
 10.8717955231 10.8719772884 10.8721708715 
 10.8712030338 10.8715265103 10.8718668800 
 10.8707246563 10.8711894301 10.8716746265 
 10.8703615850 10.8709645419 10.8715899396 
 10.8701108796 10.8708465281 10.8716052558 
 10.8699660483 10.8708269704 10.8717104293 
 10.8699178237 10.8708951830 10.8718935928 
 10.8699549928 10.8710390407 10.8721419575 
 10.8700651801 10.8712457182 10.8724424850 
 10.8702355198 10.8715022914 10.8727824034 
 10.8704531917 10.8717961918 10.8731495709 
 10.8707058175 10.8721155214 10.8735327050 
 10.8709817351 10.8724492510 10.8739215079 
 10.8712701702 10.8727873285 10.8743067140 
 10.8715613310 10.8731207213 10.8746800872 
 10.8718464465 10.8734414151 10.8750343851 
 10.8721177684 10.8737423852 10.8753633073 
 10.8723685484 10.8740175536 10.8756614359 
 10.8725930042 10.8742617401 10.8759241768 
 10.8727862802 10.8744706134 10.8761477046 
 10.8729444078 10.8746406457 10.8763289138 
 10.8730642701 10.8747690738 10.8764653780 
 10.8731435713 10.8748538662 10.8765553171 
 10.8731808139 10.8748936996 10.8765975725 
 10.8731752826 10.8748879422 10.8765915914 
 10.8731270365 10.8748366457 10.8765374187 
 10.8730369096 10.8747405459 10.8764356974 
 10.8729065189 10.8746010708 10.8762876769 
 10.8727382806 10.8744203579 10.8760952298 
 10.8725354341 10.8742012788 10.8758608774 
 10.8723020721 10.8739474718 10.8755878223 
 10.8720431768 10.8736633815 10.8752799908 
 10.8717646582 10.8733543044 10.8749420811 
 10.8714733930 10.8730264371 10.8745796191 
 10.8711772569 10.8726869246 10.8741990172 
 10.8708851441 10.8723439009 10.8738076318 
 10.8706069603 10.8720065147 10.8734138139 
 10.8703535780 10.8716849247 10.8730269401 
 10.8701367319 10.8713902495 10.8726574104 
 10.8699688337 10.8711344488 10.8723165907 
 10.8698626832 10.8709301098 10.8720166754 
 10.8698310525 10.8707901149 10.8717704417 
 10.8698861324 10.8707271688 10.8715908674 
 10.8700388427 10.8707531769 10.8714905939 
 10.8702980414 10.8708784939 10.8714812368 
 10.8706696979 10.8711110907 10.8715725754 
 10.8711561415 10.8714557355 10.8717716957 
 10.8717555222 10.8719133161 10.8720822022 
 10.8724616252 10.8724804484 10.8725036430 
 10.8732641339 10.8731494939 10.8730312839 
 10.8741493432 10.8739090328 10.8736563234 
 10.8751012140 10.8747447367 10.8743665413 
 10.8761025730 10.8756404848 10.8751472757 
 10.8771362446 10.8765795175 10.8759825442 
 10.8781859528 10.8775454402 10.8768561144 
 10.8792369207 10.8785229651 10.8777523739 
 10.8802761756 10.8794983606 10.8786569291 
 10.8812926203 10.8804596441 10.8795569374 
 10.8822769458 10.8813965845 10.8804412193 
 10.8832214549 10.8823005844 10.8813002195 
 10.8841198483 10.8831645011 10.8821258765 
 10.8849670068 10.8839824455 10.8829114494 
 10.8857587902 10.8847495861 10.8836513348 
 10.8864918594 10.8854619718 10.8843408922 
 10.8871635270 10.8861163768 10.8849762881 
 10.8877716337 10.8867101722 10.8855543620 
 10.8883144475 10.8872412197 10.8860725148 
 10.8887905838 10.8877077860 10.8865286179 
 10.8891989423 10.8881084747 10.8869209399 
 10.8895386570 10.8884421729 10.8872480889 
 10.8898090582 10.8887080100 10.8875089667 
 10.8900096432 10.8889053257 10.8877027353 
 10.8901400551 10.8890336469 10.8878287907 
 10.8902000676 10.8890926716 10.8878867454 
 10.8901895757 10.8890822582 10.8878764168 
 10.8901085912 10.8890024216 10.8877978227 
 10.8899572437 10.8888533330 10.8876511814 
 10.8897357857 10.8886353265 10.8874369187 
 10.8894446032 10.8883489101 10.8871556800 
 10.8890842324 10.8879947840 10.8868083503 
 10.8886553823 10.8875738651 10.8863960813 
 10.8881589659 10.8870873208 10.8859203279 
 10.8875961401 10.8865366122 10.8853828955 
 10.8869683582 10.8859235507 10.8847860013 
 10.8862774359 10.8852503690 10.8841323499 
 10.8855256347 10.8845198098 10.8834252287 
 10.8847157668 10.8837352365 10.8826686231 
 10.8838513226 10.8829007663 10.8818673546 
 10.8829366258 10.8820214291 10.8810272406 
 10.8819770152 10.8811033488 10.8801552716 
 10.8809790500 10.8801539418 10.8792597942 
 10.8799507284 10.8791821160 10.8783506801 
 10.8789016976 10.8781984430 10.8774394441 
 10.8778434193 10.8772152595 10.8765392619 
 10.8767892346 10.8762466363 10.8756648236 
 10.8757542568 10.8753081452 10.8748319574 
 10.8747550174 10.8744163583 10.8740569801 
 10.8738088117 10.8735880541 10.8733557816 
 10.8729327452 10.8728391733 10.8727427291 
 10.8721425732 10.8721836525 10.8722295500 
 10.8714515051 10.8716323304 10.8718243951 
 10.8708691926 10.8711921311 10.8715312551 
 10.8704010861 10.8708656659 10.8713498234 
 10.8700482519 10.8706512937 10.8712757910 
 10.8698076296 10.8705435738 10.8713014739 
 10.8696726222 10.8705339842 10.8714166289 
 10.8696338758 10.8706117577 10.8716093169 
 10.8696801124 10.8707647125 10.8718667027 
 10.8697989126 10.8709799891 10.8721757255 
 10.8699773874 10.8712446505 10.8725236112 
 10.8702027104 10.8715461322 10.8728982311 
 10.8704625117 10.8718725533 10.8732883275 
 10.8707451473 10.8722129106 10.8736836342 
 10.8710398681 10.8725571832 10.8740749210 
 10.8713369106 10.8728963716 10.8744539876 
 10.8716275329 10.8732224937 10.8748136259 
 10.8719040134 10.8735285547 10.8751475658 
 10.8721596269 10.8738085014 10.8754504155 
 10.8723886090 10.8740571733 10.8757176009 
 10.8725861150 10.8742702517 10.8759453101 
 10.8727481800 10.8744442144 10.8761304440 
 10.8728716826 10.8745762955 10.8762705753 
 10.8729543138 10.8746644529 10.8763639147 
 