10.8846676092 10.8860161315 10.8872838020 
 10.8847344660 10.8860848767 10.8873543125 
 10.8847412593 10.8860917649 10.8873612773 
 10.8846879695 10.8860367808 10.8873046848 
 10.8845748116 10.8859200954 10.8871846665 
 10.8844022408 10.8857420708 10.8870015015 
 10.8841709631 10.8855032715 10.8867556267 
 10.8838819544 10.8852044811 10.8864476531 
 10.8835364854 10.8848467269 10.8860783894 
 10.8831361555 10.8844313115 10.8856488715 
 10.8826829361 10.8839598540 10.8851604019 
 10.8821792231 10.8834343408 10.8846145982 
 10.8816279032 10.8828571886 10.8840134533 
 10.8810324319 10.8822313209 10.8833594094 
 10.8803969276 10.8815602605 10.8826554481 
 10.8797262791 10.8808482375 10.8819051975 
 10.8790262686 10.8801003162 10.8811130595 
 10.8783037028 10.8793225354 10.8802843556 
 10.8775665463 10.8785220590 10.8794254888 
 10.8768240402 10.8777073239 10.8785441122 
 10.8760867820 10.8768881668 10.8776492908 
 10.8753667335 10.8760758964 10.8767516273 
 10.8746771111 10.8752832723 10.8758633154 
 10.8740321101 10.8745243364 10.8749980675 
 10.8734464239 10.8738140472 10.8741708612 
 10.8729345410 10.8731676820 10.8733974538 
 10.8725098509 10.8726000117 10.8726936457 
 10.8721836472 10.8721243085 10.8720743268 
 10.8719641680 10.8717513119 10.8715524064 
 10.8718558384 10.8714883142 10.8711377838 
 10.8718588566 10.8713385307 10.8708365334 
 10.8719692006 10.8713008631 10.8706504479 
 10.8721790468 10.8713700904 10.8705770040 
 10.8724775080 10.8715374268 10.8706097298 
 10.8728515487 10.8717913325 10.8707388805 
 10.8732869271 10.8721184305 10.8709522903 
 10.8737690422 10.8725043984 10.8712362671 
 10.8742836083 10.8729347391 10.8715764215 
 10.8748171340 10.8733953783 10.8719583594 
 10.8753572172 10.8738730810 10.8723682080 
 10.8758926902 10.8743557033 10.8727929768 
 10.8764136552 10.8748323157 10.8732207750 
 10.8769114500 10.8752932313 10.8736409164 
 10.8773785722 10.8757299744 10.8740439440 
 10.8778085859 10.8761352147 10.8744216034 
 10.8781960239 10.8765026846 10.8747667855 
 10.8785362960 10.8768270955 10.8750734566 
 10.8788256064 10.8771040569 10.8753365853 
 10.8790608839 10.8773300057 10.8755520746 
 10.8792397241 10.8775021464 10.8757167021 
 10.8793603450 10.8776184038 10.8758280709 
 10.8794215534 10.8776773868 10.8758845725 
 10.8794227237 10.8776783654 10.8758853618 
 10.8793637868 10.8776212582 10.8758303441 
 10.8792452294 10.8775066325 10.8757201750 
 10.8790681047 10.8773357147 10.8755562716 
 10.8788340526 10.8771104136 10.8753408372 
 10.8785453320 10.8768333543 10.8750768972 
 10.8782048648 10.8765079257 10.8747683477 
 10.8778162921 10.8761383388 10.8744200144 
 10.8773840435 10.8757296977 10.8740377218 
 10.8769134184 10.8752880797 10.8736283670 
 10.8764106789 10.8748206215 10.8731999932 
 10.8758831477 10.8743356045 10.8727618523 
 10.8753393059 10.8738425269 10.8723244413 
 10.8747888746 10.8733521463 10.8718994918 
 10.8742428620 10.8728764660 10.8714998852 
 10.8737135447 10.8724286356 10.8711394610 
 10.8732143477 10.8720227265 10.8708326878 
 10.8727595815 10.8716733508 10.8705941699 
 10.8723639992 10.8713950966 10.8704379857 
 10.8720421548 10.8712017858 10.8703768773 
 10.8718075809 10.8711055936 10.8704213549 
 10.8716718476 10.8711161175 10.8705788161 
 10.8716436192 10.8712395217 10.8708528086 
 10.8717278557 10.8714779021 10.8712425743 
 10.8719253076 10.8718289995 10.8717429792 
 10.8722324108 10.8722863366 10.8723448731 
 10.8726416132 10.8728397676 10.8730358348 
 10.8731420726 10.8734763490 10.8738011753 
 10.8737205968 10.8741813736 10.8746250265 
 10.8743626591 10.8749393990 10.8754913484 
 10.8750533392 10.8757351328 10.8763847352 
 10.8757780858 10.8765540959 10.8772909694 
 10.8765232558 10.8773830467 10.8781973324 
 10.8772764382 10.8782101944 10.8790927173 
 10.8780265986 10.8790252508 10.8799675996 
 10.8787640935 10.8798193737 10.8808139233 
 10.8794806012 10.8805850474 10.8816249421 
 10.8801690063 10.8813159349 10.8823950481 
 10.8808232656 10.8820067236 10.8831196041 
 10.8814382725 10.8826529790 10.8837947909 
 10.8820097290 10.8832510123 10.8844174743 
 10.8825340318 10.8837977657 10.8849850900 
 10.8830081738 10.8842907144 10.8854955488 
 10.8834296600 10.8847277853 10.8859471572 
 10.8837964374 10.8851072888 10.8863385530 
 10.8841068380 10.8854278649 10.8866686526 
 10.8843595320 10.8856884380 10.8869366092 
 10.8845534909 10.8858881825 10.8871417793 
 10.8846879590 10.8860264953 10.8872836973 
 10.8847624323 10.8861029763 10.8873620561 
 10.8847766445 10.8861174145 10.8873766951 
 10.8847305590 10.8860697813 10.8873275925 
 10.8846243675 10.8859602285 10.8872148643 
 10.8844584944 10.8857890927 10.8870387687 
 10.8842336082 10.8855569062 10.8867997153 
 10.8839506386 10.8852644129 10.8864982817 
 10.8836108015 10.8849125926 10.8861352352 
 10.8832156322 10.8845026915 10.8857115627 
 10.8827670265 10.8840362623 10.8852285085 
 10.8822672937 10.8835152143 10.8846876222 
 10.8817192206 10.8829418749 10.8840908172 
 10.8811261486 10.8823190647 10.8834404434 
 10.8804920661 10.8816501881 10.8827393755 
 10.8798217158 10.8809393410 10.8819911188 
 10.8791207165 10.8801914351 10.8811999347 
 10.8783956956 10.8794123393 10.8803709854 
 10.8776544252 10.8786090307 10.8795104954 
 10.8769059460 10.8777897465 10.8786259231 
 10.8761606586 10.8769641179 10.8777261260 
 10.8754303459 10.8761432553 10.8768214973 
 10.8747280861 10.8753397455 10.8759240337 
 10.8740680054 10.8745675091 10.8750472867 
 10.8734648277 10.8738414659 10.8742061373 
 10.8729332015 10.8731769687 10.8734163443 
 10.8724868247 10.8725890052 10.8726938391 
 10.8721374508 10.8720912180 10.8720537923 
 10.8718939084 10.8716948617 10.8715095464 
 10.8717613014 10.8714078575 10.8710715651 
 10.8717405360 10.8712341104 10.8707465761 
 10.8718282627 10.8711732129 10.8705370565 
 10.8720172381 10.8712205737 10.8704411392 
 10.8722970212 10.8713679291 10.8704529272 
 10.8726548703 10.8716041229 10.8705631329 
 10.8730766875 10.8719160153 10.8707599113 
 10.8735478846 10.8722893827 10.8710297536 
 10.8740540862 10.8727097099 10.8713583294 
 10.8745816398 10.8731628154 10.8717312009 
 10.8751179388 10.8736352956 10.8721343751 
 10.8756515904 10.8741148022 10.8725546894 
 10.8761724689 10.8745901847 10.8729800508 
 10.8766716916 10.8750515344 10.8733995582 
 10.8771415505 10.8754901619 10.8738035400 
 10.8775754221 10.8758985374 10.8741835356 
 10.8779676709 10.8762702117 10.8745322436 
 10.8783135576 10.8765997325 10.8748434546 
 10.8786091555 10.8768825643 10.8751119791 
 10.8788512790 10.8771150167 10.8753335800 
 10.8790374252 10.8772941831 10.8755049111 
 10.8791657268 10.8774178922 10.8756234682 
 10.8792349184 10.8774846704 10.8756875498 
 10.8792443128 10.8774937176 10.8756962313 
 10.8791937898 10.8774448937 10.8756493509 
 10.8790837942 10.8773387171 10.8755475078 
 10.8789153450 10.8771763748 10.8753920734 
 10.8786900557 10.8769597440 10.8751852136 
 10.8784101657 10.8766914259 10.8749299248 
 10.8780785828 10.8763747918 10.8746300805 
 10.8776989393 10.8760140408 10.8742904903 
 10.8772756602 10.8756142693 10.8739169668 
 10.8768140435 10.8751815504 10.8735163986 
 10.8763203518 10.8747230186 10.8730968221 
 10.8758019091 10.8742469536 10.8726674825 
 10.8752671964 10.8737628507 10.8722388689 
 10.8747259326 10.8732814617 10.8718227020 
 10.8741891191 10.8728147803 10.8714318487 
 10.8736690205 10.8723759416 10.8710801312 
 10.8731790445 10.8719789990 10.8707819988 
 10.8727334797 10.8716385444 10.8705520398 
 10.8723470557 10.8713691488 10.8704043238 
 10.8720343072 10.8711846251 10.8703515982 
 10.8718087566 10.8710971540 10.8704043983 
 10.8716819789 10.8711163567 10.8705701674 
 10.8716626618 10.8712484405 10.8708525185 
 10.8717558050 10.8714955582 10.8712507687 
 10.8719622095 10.8718555129 10.8717598572 
 10.8722783617 10.8723218819 10.8723706918 
 10.8726967494 10.8728845557 10.8730708823 
 10.8732065515 10.8735306020 10.8738457398 
 10.8737945740 10.8742452984 10.8746793669 
 10.8744462678 10.8750131653 10.8755556722 
 10.8751466745 10.8758188590 10.8764591856 
 10.8758811967 10.8766478430 10.8773756220 
 10.8766361436 10.8774868198 10.8782921994 
 10.8773990607 10.8783239490 10.8791977556 
 10.8781588769 10.8791489020 10.8800827222 
 10.8789059208 10.8799528059 10.8809390101 
 10.8796318510 10.8807281241 10.8817598505 
 10.8803295406 10.8814685068 10.8825396217 
 10.8809929413 10.8821686357 10.8832736800 
 10.8816169460 10.8828240760 10.8839582057 
 10.8821972601 10.8834311423 10.8845900676 
 10.8827302864 10.8839867829 10.8851667076 
 10.8832130248 10.8844884807 10.8856860442 
 10.8836429875 10.8849341705 10.8861463926 
 10.8840181290 10.8853221710 10.8865463993 
 10.8843367873 10.8856511295 10.8868849889 
 10.8845976371 10.8859199765 10.8871613220 
 10.8847996527 10.8861278908 10.8873747609 
 10.8849420788 10.8862742717 10.8875248440 
 10.8850244088 10.8863587190 10.8876112664 
 10.8850463710 10.8863810191 10.8876338669 
 10.8850079200 10.8863411374 10.8875926206 
 10.8849092347 10.8862392166 10.8874876374 
 10.8847507230 10.8860755802 10.8873191657 
 10.8845330316 10.8858507433 10.8870876016 
 10.8842570640 10.8855654281 10.8867935050 
 10.8839240039 10.8852205870 10.8864376206 
 10.8835353480 10.8848174336 10.8860209077 
 10.8830929469 10.8843574812 10.8855445765 
 10.8825990564 10.8838425923 10.8850101359 
 10.8820564008 10.8832750390 10.8844194508 
 10.8814682493 10.8826575773 10.8837748133 
 10.8808385071 10.8819935362 10.8830790305 
 10.8801718213 10.8812869241 10.8823355280 
 10.8794737029 10.8805425523 10.8815484746 
 10.8787506585 10.8797661756 10.8807229257 
 10.8780103282 10.8789646435 10.8798649842 
 10.8772616127 10.8781460542 10.8789819728 
 10.8765147704 10.8773198921 10.8780826021 
 10.8757814502 10.8764971217 10.8771771124 
 10.8750746182 10.8756901960 10.8762773517 
 10.8744083292 10.8749129313 10.8753967416 
 10.8737972977 10.8741801929 10.8745500720 
 10.8732562445 10.8735073523 10.8737530722 
 10.8727990367 10.8729095067 10.8730217277 
 10.8724376963 10.8724005099 10.8723713627 
 10.8721814086 10.8719919255 10.8718155766 
 10.8720356947 10.8716920605 10.8713651797 
 10.8720019006 10.8715052508 10.8710273089 
 10.8720770992 10.8714315227 10.8708048748 
 10.8722544138 10.8714666842 10.8706964281 
 10.8725236899 10.8716028050 10.8706964404 
 10.8728723796 10.8718289779 10.8707959189 
 10.8732864885 10.8721322221 10.8709832290 
 10.8737514523 10.8724983895 10.8712449875 
 10.8742528580 10.8729129693 10.8715669139 
 10.8747769718 10.8733617307 10.8719345580 
 10.8753110790 10.8738311835 10.8723338682 
 10.8758436661 10.8743088706 10.8727515915 
 10.8763644832 10.8747835226 10.8731755263 
 10.8768645266 10.8752451091 10.8735946545 
 10.8773359749 10.8756848234 10.8739991862 
 10.8777721000 10.8760950247 10.8743805464 
 10.8781671718 10.8764691619 10.8747313258 
 10.8785163660 10.8768016899 10.8750452152 
 10.8788156799 10.8770879893 10.8753169339 
 10.8790618602 10.8773242943 10.8755421620 
 10.8792523433 10.8775076308 10.8757174788 
 10.8793852079 10.8776357665 10.8758403120 
 10.8794591394 10.8777071732 10.8759088992 
 10.8794734066 10.8777210009 10.8759222599 
 10.8794278489 10.8776770640 10.8758801814 
 10.8793228734 10.8775758387 10.8757832159 
 10.8791594646 10.8774184727 10.8756326903 
 10.8789392025 10.8772068061 10.8754307288 
 10.8786642944 10.8769434039 10.8751802875 
 10.8783376165 10.8766316019 10.8748852005 
 10.8779627691 10.8762755637 10.8745502375 
 10.8775441443 10.8758803493 10.8741811711 
 10.8770870059 10.8754519940 10.8737848483 
 10.8765975794 10.8749975924 10.8733692623 
 10.8760831494 10.8745253816 10.8729436132 
 10.8755521543 10.8740448124 10.8725183435 
 10.8750142673 10.8735665898 10.8721051269 
 10.8744804418 10.8731026603 10.8717167848 
 10.8739628943 10.8726661139 10.8713670985 
 10.8734749872 10.8722709650 10.8710704864 
 10.8730309715 10.8719317780 10.8708415206 
 10.8726455534 10.8716631145 10.8706942764 
 10.8723332656 10.8714788030 10.8706415350 
 10.8721076565 10.8713910704 10.8706938969 
 10.8719803611 10.8714096177 10.8708589034 
 10.8719601605 10.8715407630 10.8711402931 
 10.8720521775 10.8717867945 10.8715375267 
 10.8722573550 10.8721456617 10.8720456910 
 10.8725723264 10.8726110844 10.8726558287 
 10.8729897152 10.8731730771 10.8733556591 
 10.8734988116 10.8738188005 10.8741305673 
 10.8740865006 10.8745335897 10.8749646927 
 10.8747382767 10.8753019879 10.8758419469 
 10.8754391938 10.8761086442 10.8767468363 
 10.8761746410 10.8769389941 10.8776650353 
 10.8769308974 10.8777796987 10.8785837125 
 10.8776954680 10.8786188707 10.8794916539 
 10.8784572377 10.8794461336 10.8803792413 
 10.8792064912 10.8802525698 10.8812383408 
 10.8799348469 10.8810306026 10.8820621446 
 10.8806351417 10.8817738476 10.8828449983 
 10.8813012961 10.8824769578 10.8835822315 
 10.8819281771 10.8831354744 10.8842700029 
 10.8825114688 10.8837456931 10.8849051647 
 10.8830475564 10.8843045474 10.8854851461 
 10.8835334263 10.8848095086 10.8860078560 
 10.8839665804 10.8852585033 10.8864716032 
 10.8843449652 10.8856498442 10.8868750298 
 10.8846669132 10.8859821749 10.8872170582 
 10.8849310958 10.8862544239 10.8874968483 
 10.8851364856 10.8864657699 10.8877137634 
 10.8852823271 10.8866156132 10.8878673439 
 10.8853681153 10.8867035559 10.8879572883 
 10.8853935807 10.8867293881 10.8879834394 
 10.8853586816 10.8866930795 10.8879457775 
 10.8852636019 10.8865947781 10.8878444183 
 10.8851087548 10.8864348138 10.8876796168 
 10.8848947938 10.8862137084 10.8874517763 
 10.8846226297 10.8859321918 10.8871614643 
 10.8842934541 10.8855912246 10.8868094337 
 10.8839087725 10.8851920289 10.8863966524 
 10.8834704445 10.8847361273 10.8859243396 
 10.8829807358 10.8842253915 10.8853940130 
 10.8824423804 10.8836621033 10.8848075467 
 10.8818586576 10.8830490283 10.8841672421 
 10.8812334823 10.8823895048 10.8834759149 
 10.8805715112 10.8816875502 10.8827369990 
 10.8798782636 10.8809479840 10.8819546708 
 10.8791602535 10.8801765675 10.8811339917 
 10.8784251259 10.8793801553 10.8802810692 
 10.8776817841 10.8785668480 10.8794032279 
 10.8769404849 10.8777461290 10.8785091774 
 10.8762128709 10.8769289575 10.8776091531 
 10.8755118957 10.8761277758 10.8767149933 
 10.8748515942 10.8753563831 10.8758401041 
 10.8742466520 10.8746296202 10.8749992540 
 10.8737117505 10.8739628251 10.8742081431 
 10.8732607067 10.8733710521 10.8734827203 
 10.8729054802 10.8728681023 10.8728382652 
 10.8726551832 10.8724654761 10.8722883241 
 10.8725152547 10.8721714089 10.8718436463 
 10.8724869546 10.8719901580 10.8715113012 
 10.8725672705 10.8719216695 10.8712941277 
 10.8727492496 10.8719616749 10.8711906046 
 10.8730226769 10.8721021772 10.8711951370 
 10.8733749646 10.8723322186 10.8712986760 
 10.8737921015 10.8726387875 10.8714895459 
 10.8742595283 10.8730077263 10.8717543411 
 10.8747628563 10.8734245346 10.8720787773 
 10.8752883898 10.8738750086 10.8724484183 
 10.8758234619 10.8743456973 10.8728492406 
 10.8763566110 10.8748241909 10.8732680300 
 10.8768776401 10.8752992705 10.8736926303 
 10.8773775970 10.8757609570 10.8741120714 
 10.8778487076 10.8762004924 10.8745166117 
 10.8782842865 10.8766102813 10.8748977220 
 10.8786786411 10.8769838128 10.8752480349 
 10.8790269789 10.8773155766 10.8755612783 
 10.8793253235 10.8776009828 10.8758322034 
 10.8795704424 10.8778362889 10.8760565159 
 10.8797597874 10.8780185387 10.8762308154 
 10.8798914473 10.8781455122 10.8763525439 
 10.8799641132 10.8782156880 10.8764199472 
 10.8799770540 10.8782282176 10.8764320476 
 10.8799301045 10.8781829113 10.8763886291 
 10.8798236625 10.8780802363 10.8762902348 
 10.8796586979 10.8779213253 10.8761381770 
 10.8794367714 10.8777079980 10.8759345590 
 10.8791600655 10.8774427939 10.8756823101 
 10.8788314261 10.8771290170 10.8753852317 
 10.8784544181 10.8767707933 10.8750480552 
 10.8780333923 10.8763731398 10.8746765086 
 10.8775735658 10.8759420429 10.8742773896 
 10.8770811120 10.8754845437 10.8738586377 
 10.8765632588 10.8750088217 10.8734293964 
 10.8760283844 10.8745242673 10.8730000506 
 10.8754860999 10.8740415255 10.8725822187 
 10.8749472977 10.8735724857 10.8721886721 
 10.8744241379 10.8731301884 10.8718331521 
 10.8739299359 10.8727286107 10.8715300513 
 10.8734789108 10.8723822975 10.8712939354 
 10.8730857584 10.8721058138 10.8711388960 
 10.8727650272 10.8719130186 10.8710777557 
 10.8725303124 10.8718161980 10.8711211825 
 10.8723933273 10.8718251412 10.8712768092 
 10.8723629615 10.8719462797 10.8715484863 
 10.8724444714 10.8721820348 10.8719358014 
 10.8726389495 10.8725305002 10.8724339750 
 10.8729431856 10.8729855420 10.8730341825 
 10.8733499544 10.8735373119 10.8737242651 
 10.8738486826 10.8741730913 10.8744897120 
 10.8744263679 10.8748783116 10.8753147437 
 10.8750685901 10.8756375852 10.8761833278 
 10.8757604587 10.8764356040 10.8770800028 
 10.8764873916 10.8772578217 10.8779904545 
 10.8772356735 10.8780908985 10.8789018463 
 10.8779927973 10.8789229311 10.8798029470 
 10.8787476232 10.8797435172 10.8806841136 
 10.8794904032 10.8805437072 10.8815371823 
 10.8802127183 10.8813158895 10.8823553136 
 10.8809073666 10.8820536440 10.8831328210 
 10.8815682305 10.8827515887 10.8838650031 
 10.8821901405 10.8834052321 10.8845479894 
 10.8827687470 10.8840108397 10.8851786052 
 10.8833004051 10.8845653177 10.8857542558 
 10.8837820747 10.8850661139 10.8862728290 
 10.8842112353 10.8855111347 10.8867326154 
 10.8845858153 10.8858986765 10.8871322426 
 10.8849041332 10.8862273699 10.8874706215 
 10.8851648510 10.8864961349 10.8877469038 
 10.8853669360 10.8867041452 10.8879604481 
 10.8855096323 10.8868508002 10.8881107938 
 10.8855924390 10.8869357056 10.8881976416 
 10.8856150957 10.8869586588 10.8882208411 
 10.8855775749 10.8869196419 10.8881803828 
 10.8854800796 10.8868188196 10.8880763969 
 10.8853230480 10.8866565437 10.8879091574 
 10.8851071644 10.8864333631 10.8876790914 
 10.8848333762 10.8861500403 10.8873867950 
 10.8845029192 10.8858075747 10.8870330555 
 10.8841173492 10.8854072338 10.8866188807 
 10.8836785849 10.8849505924 10.8861455365 
 10.8831889589 10.8844395826 10.8856145943 
 10.8826512820 10.8838765551 10.8850279899 
 10.8820689200 10.8832643541 10.8843880956 
 10.8814458853 10.8826064067 10.8836978073 
 10.8807869436 10.8819068306 10.8829606508 
 10.8800977343 10.8811705573 10.8821809056 
 10.8793849023 10.8804034722 10.8813637488 
 10.8786562320 10.8796125642 10.8805154161 
 10.8779207698 10.8788060766 10.8796433706 
 10.8771889121 10.8779936377 10.8787564673 
 10.8764724260 10.8771863447 10.8778650872 
 10.8757843585 10.8763967580 10.8769812033 
 10.8751387857 10.8756387558 10.8761183289 
 10.8745503597 10.8749271964 10.8752912917 
 10.8740336311 10.8742773500 10.8745157791 
 10.8736021727 10.8737040978 10.8738076316 
 10.8732675837 10.8732209509 10.8731819087 
 10.8730385120 10.8728390082 10.8726518215 
 10.8729198600 10.8725660129 10.8722276825 
 10.8729123226 10.8724056779 10.8719160522 
 10.8730123449 10.8723573995 10.8717192316 
 10.8732125011 10.8724164010 10.8716351781 
 10.8735022080 10.8725742599 10.8716578339 
 10.8738686326 10.8728197019 10.8717777775 
 10.8742976425 10.8731395176 10.8719830688 
 10.8747746675 10.8735194660 10.8722601491 
 10.8752853954 10.8739450621 10.8725946840 
 10.8758162697 10.8744021942 10.8729722742 
 10.8763548007 10.8748775569 10.8733789989 
 10.8768897227 10.8753589176 10.8738017923 
 10.8774110381 10.8758352498 10.8742286728 
 10.8779099873 10.8762967681 10.8746488570 
 10.8783789762 10.8767349010 10.8750527898 
 10.8788114831 10.8771422270 10.8754321209 
 10.8792019618 10.8775123930 10.8757796497 
 10.8795457483 10.8778400299 10.8760892555 
 10.8798389782 10.8781206716 10.8763558242 
 10.8800785149 10.8783506833 10.8765751802 
 10.8802618916 10.8785272004 10.8767440250 
 10.8803872651 10.8786480800 10.8768598874 
 10.8804533815 10.8787118643 10.8769210852 
 10.8804595541 10.8787177556 10.8769266993 
 10.8804056507 10.8786656037 10.8768765593 
 10.8802920926 10.8785559036 10.8767712418 
 10.8801198636 10.8783898060 10.8766120816 
 10.8798905296 10.8781691389 10.8764011938 
 10.8796062697 10.8778964404 10.8761415097 
 10.8792699188 10.8775750047 10.8758368233 
 10.8788850228 10.8772089402 10.8754918505 
 10.8784559069 10.8768032388 10.8751122963 
 10.8779877562 10.8763638554 10.8747049296 
 10.8774867074 10.8758977948 10.8742776564 
 10.8769599473 10.8754131969 10.8738395848 
 10.8764158116 10.8749194117 10.8734010645 
 10.8758638692 10.8744270455 10.8729736821 
 10.8753149742 10.8739479543 10.8725701835 
 10.8747812553 10.8734951534 10.8722042941 
 10.8742760072 10.8730826067 10.8718904019 
 10.8738134425 10.8727248599 10.8716430803 
 10.8734082662 10.8724364933 10.8714764397 
 10.8730750533 10.8722313952 10.8714033301 
 10.8728274405 10.8721218919 10.8714344520 
 10.8726771951 10.8721178202 10.8715774735 
 10.8726332692 10.8722256645 10.8718362812 
 10.8727009874 10.8724479018 10.8722105015 
 10.8728815146 10.8727826861 10.8726953997 
 10.8731717158 10.8732239485 10.8732822047 
 10.8735644451 10.8737619129 10.8739588217 
 10.8740492099 10.8743839368 10.8747108127 
 10.8746130882 10.8750755296 10.8755224748 
 10.8752417342 10.8758213775 10.8763778500 
 10.8759203226 10.8766062374 10.8772615437 
 10.8766343229 10.8774156155 10.8781592961 
 10.8773700567 10.8782362096 10.8790583110 
 10.8781150384 10.8790561396 10.8799473834 
 10.8788581360 10.8798650129 10.8808168829 
 10.8795895975 10.8806538786 10.8816586477 
 10.8803009911 10.8814151147 10.8824658314 
 10.8809850954 10.8821422845 10.8832327340 
 10.8816357692 10.8828299851 10.8839546365 
 10.8822478170 10.8834737017 10.8846276481 
 10.8828168631 10.8840696760 10.8852485726 
 10.8833392369 10.8846147905 10.8858147937 
 10.8838118747 10.8851064710 10.8863241790 
 10.8842322350 10.8855426037 10.8867750002 
 10.8845982281 10.8859214677 10.8871658683 
 10.8849081588 10.8862416800 10.8874956804 
 10.8851606792 10.8865021500 10.8877635776 
 10.8853547518 10.8867020451 10.8879689112 
 10.8854896203 10.8868407632 10.8881112174 
 10.8855647891 10.8869179126 10.8881901978 
 10.8855800089 10.8869332987 10.8882057071 
 10.8855352690 10.8868869170 10.8881577461 
 10.8854307959 10.8867789516 10.8880464606 
 10.8852670584 10.8866097798 10.8878721454 
 10.8850447788 10.8863799827 10.8876352551 
 10.8847649506 10.8860903627 10.8873364196 
 10.8844288643 10.8857419670 10.8869764675 
 10.8840381409 10.8853361196 10.8865564558 
 10.8835947741 10.8848744619 10.8860777089 
 10.8831011838 10.8843590036 10.8855418666 
 10.8825602810 10.8837921850 10.8849509445 
 10.8819755461 10.8831769533 10.8843074075 
 10.8813511214 10.8825168545 10.8836142586 
 10.8806919193 10.8818161410 10.8828751468 
 10.8800037428 10.8810798968 10.8820944925 
 10.8792934161 10.8803141776 10.8812776324 
 10.8785689163 10.8795261592 10.8804309806 
 10.8778394894 10.8787242844 10.8795621952 
 10.8771157286 10.8779183867 10.8786803385 
 10.8764095786 10.8771197610 10.8777960006 
 10.8757342227 10.8763411392 10.8769213506 
 10.8751038038 10.8755965189 10.8760700619 
 10.8745329399 10.8749007946 10.8752570568 
 10.8740360176 10.8742691577 10.8744980184 
 10.8736262957 10.8737162679 10.8738086531 
 10.8733149078 10.8732552610 10.8732037354 
 10.8731099055 10.8728967145 10.8726960377 
 10.8730155073 10.8726477377 10.8722953023 
 10.8730316971 10.8725113484 10.8720074314 
 10.8731542473 10.8724862500 10.8718340368 
 10.8733751550 10.8725670361 10.8717724177 
 10.8736833963 10.8727447653 10.8718159412 
 10.8740658525 10.8730077851 10.8719547319 
 10.8745082554 10.8733426565 10.8721765343 
 10.8749960303 10.8737350476 10.8724676131 
 10.8755149610 10.8741704989 10.8728135823 
 10.8760516571 10.8746350120 10.8732000928 
 10.8765938366 10.8751154545 10.8736133500 
 10.8771304598 10.8755998014 10.8740404643 
 10.8776517575 10.8760772480 10.8744696591 
 10.8781491896 10.8765382313 10.8748903672 
 10.8786153662 10.8769743928 10.8752932486 
 10.8790439518 10.8773785090 10.8756701588 
 10.8794295664 10.8777444075 10.8760140884 
 10.8797676934 10.8780668806 10.8763190909 
 10.8800545976 10.8783416058 10.8765802092 
 10.8802872549 10.8785650737 10.8767934061 
 10.8804632958 10.8787345295 10.8769555051 
 10.8805809606 10.8788479249 10.8770641411 
 10.8806390669 10.8789038831 10.8771177235 
 10.8806369880 10.8789016753 10.8771154111 
 10.8805746420 10.8788412089 10.8770570996 
 10.8804524915 10.8787230269 10.8769434207 
 10.8802715533 10.8785483186 10.8767757542 
 10.8800334191 10.8783189425 10.8765562515 
 10.8797402872 10.8780374601 10.8762878722 
 10.8793950058 10.8777071826 10.8759744316 
 10.8790011292 10.8773322296 10.8756206613 
 10.8785629870 10.8769176002 10.8752322775 
 10.8780857653 10.8764692530 10.8748160565 
 10.8775756000 10.8759941945 10.8743799105 
 10.8770396767 10.8755005659 10.8739329536 
 10.8764863307 10.8749977199 10.8734855428 
 10.8759251334 10.8744962681 10.8730492748 
 10.8753669457 10.8740080760 10.8726369097 
 10.8748239085 10.8735461735 10.8722621905 
 10.8743093346 10.8731245433 10.8719395246 
 10.8738374595 10.8727577520 10.8716835030 
 10.8734230132 10.8724603991 10.8715082470 
 10.8730805922 10.8722463843 10.8714266046 
 10.8728238466 10.8721280321 10.8714492555 
 10.8726645420 10.8721151596 10.8715838263 
 10.8726116112 10.8722142125 10.8718341436 
 10.8726703424 10.8724276147 10.8721997631 
 10.8728418533 10.8727534617 10.8726758803 
 10.8731229606 10.8731856322 10.8732536687 
 10.8735064793 10.8737143144 10.8739210031 
 10.8739818953 10.8743268543 10.8746634446 
 10.8745362866 10.8750087747 10.8754653178 
 10.8751553278 10.8757447965 10.8763107137 
 10.8758242289 10.8765197254 10.8771842991 
 10.8765285028 10.8773191220 10.8780718789 
 10.8772545160 10.8781297375 10.8789607179 
 10.8779898245 10.8789397391 10.8798396638 
 10.8787233309 10.8797387730 10.8806991286 
 10.8794453097 10.8805179171 10.8815309817 
 10.8801473474 10.8812695692 10.8823283982 
 10.8808222332 10.8819873044 10.8830856908 
 10.8814638305 10.8826657248 10.8837981459 
 10.8820669437 10.8833003154 10.8844618732 
 10.8826271931 10.8838873140 10.8850736728 
 10.8831409024 10.8844235970 10.8856309219 
 10.8836050006 10.8849065823 10.8861314802 
 10.8840169388 10.8853341481 10.8865736110 
 10.8843746207 10.8857045658 10.8869559164 
 10.8846763452 10.8860164450 10.8872772856 
 10.8849207603 10.8862686897 10.8875368529 
 10.8851068264 10.8864604633 10.8877339640 
 10.8852337877 10.8865911620 10.8878681517 
 10.8853011519 10.8866603948 10.8879391161 
 10.8853086761 10.8866679709 10.8879467132 
 10.8852563595 10.8866138926 10.8878909478 
 10.8851444426 10.8864983541 10.8877719729 
 10.8849734124 10.8863217471 10.8875900943 
 10.8847440140 10.8860846715 10.8873457810 
 10.8844572692 10.8857879528 10.8870396823 
 10.8841145025 10.8854326670 10.8866726506 
 10.8837173753 10.8850201730 10.8862457727 
 10.8832679291 10.8845521535 10.8857604085 
 10.8827686396 10.8840306673 10.8852182408 
 10.8822224827 10.8834582124 10.8846213361 
 10.8816330139 10.8828378033 10.8839722192 
 10.8810044620 10.8821730644 10.8832739641 
 10.8803418373 10.8814683383 10.8825303020 
 10.8796510537 10.8807288125 10.8817457490 
 10.8789390582 10.8799606595 10.8809257518 
 10.8782139607 10.8791711845 10.8800768482 
 10.8774851468 10.8783689701 10.8792068339 
 10.8767633484 10.8775639950 10.8783249184 
 10.8760606375 10.8767676959 10.8774418423 
 10.8753902976 10.8759929299 10.8765699176 
 10.8747665264 10.8752537854 10.8757229374 
 10.8742039294 10.8745651924 10.8749158993 
 10.8737167950 10.8739423000 10.8741644952 
 10.8733181860 10.8733996319 10.8734843523 
 10.8730189426 10.8729500864 10.8728900649 
 10.8728267413 10.8726039102 10.8723941248 
 10.8727453751 10.8723678121 10.8720059091 
 10.8727743899 10.8722443759 10.8717309017 
 10.8729091498 10.8722318775 10.8715702820 
 10.8731413071 10.8723245277 10.8715209416 
 10.8734595794 10.8725130754 10.8715758978 
 10.8738506828 10.8727856458 10.8717250034 
 10.8743002728 10.8731286679 10.8719558177 
 10.8747937727 10.8735277583 10.8722545042 
 10.8753170208 10.8739684727 10.8726066481 
 10.8758567188 10.8744368764 10.8729979297 
 10.8764006983 10.8749199327 10.8734146253 
 10.8769380426 10.8754057301 10.8738439435 
 10.8774591057 10.8758835848 10.8742742204 
 10.8779554658 10.8763440539 10.8746950070 
 10.8784198431 10.8767788942 10.8750970805 
 10.8788460021 10.8771809893 10.8754724084 
 10.8792286535 10.8775442648 10.8758140861 
 10.8795633615 10.8778636022 10.8761162632 
 10.8798464630 10.8781347586 10.8763740700 
 10.8800749982 10.8783542965 10.8765835484 
 10.8802466551 10.8785195253 10.8767415933 
 10.8803597253 10.8786284543 10.8768459038 
 10.8804130728 10.8786797589 10.8768949478 
 10.8804061127 10.8786727576 10.8768879370 
 10.8803388017 10.8786074012 10.8768248157 
 10.8802116379 10.8784842725 10.8767062607 
 10.8800256715 10.8783045986 10.8765336937 
 10.8797825260 10.8780702737 10.8763093063 
 10.8794844305 10.8777838937 10.8760360968 
 10.8791342638 10.8774488042 10.8757179188 
 10.8787356112 10.8770691592 10.8753595419 
 10.8782928340 10.8766499930 10.8749667214 
 10.8778111523 10.8761973013 10.8745462742 
 10.8772967379 10.8757181297 10.8741061549 
 10.8767568155 10.8752206612 10.8736555218 
 10.8761997627 10.8747142928 10.8732047780 
 10.8756351965 10.8742096825 10.8727655671 
 10.8750740256 10.8737187432 10.8723506946 
 10.8745284395 10.8732545501 10.8719739443 
 10.8740117968 10.8728311252 10.8716497553 
 10.8735383713 10.8724630635 10.8713927352 
 10.8731229174 10.8721649747 10.8712170002 
 10.8727800349 10.8719507439 10.8711353653 
 10.8725233486 10.8718326502 10.8711584458 
 10.8723645653 10.8718204319 10.8712937712 
 10.8723125254 10.8719204248 10.8715450437 
 10.8723723950 10.8721349189 10.8719116766 
 10.8725451508 10.8724618642 10.8723887195 
 10.8728274637 10.8728949983 10.8729672127 
 10.8732120137 10.8734243867 10.8736349230 
 10.8736881759 10.8740372830 10.8743773384 
 10.8742429495 10.8747191524 10.8751787468 
 10.8748619646 10.8754546928 10.8760232357 
 10.8755304179 10.8762287155 10.8768954941 
 10.8762338340 10.8770268076 10.8777813658 
 10.8769586081 10.8778357601 10.8786681634 
 10.8776923349 10.8786437855 10.8795447847 
 10.8784239596 10.8794405762 10.8804016899 
 10.8791437991 10.8802172539 10.8812307922 
 10.8798434794 10.8809662554 10.8820253047 
 10.8805158252 10.8816811895 10.8827795720 
 10.8811547304 10.8823566870 10.8834889069 
 10.8817550252 10.8829882562 10.8841494401 
 10.8823123511 10.8835721537 10.8847579881 
 10.8828230490 10.8841052707 10.8853119410 
 10.8832840617 10.8845850366 10.8858091677 
 10.8836928509 10.8850093379 10.8862479381 
 10.8840473280 10.8853764521 10.8866268587 
 10.8843457976 10.8856849925 10.8869448211 
 10.8845869113 10.8859338652 10.8872009599 
 10.8847696311 10.8861222339 10.8873946203 
 10.8848932015 10.8862494937 10.8875253328 
 10.8849571289 10.8863152513 10.8875927944 
 10.8849611679 10.8863193124 10.8875968569 
 10.8849053141 10.8862616748 10.8875375200 
 10.8847898032 10.8861425274 10.8874149306 
 10.8846151165 10.8859622555 10.8872293880 
 10.8843819922 10.8857214520 10.8869813540 
 10.8840914450 10.8854209348 10.8866714699 
 10.8837447909 10.8850617715 10.8863005798 
 10.8833436825 10.8846453119 10.8858697617 
 10.8828901518 10.8841732296 10.8853803664 
 10.8823866646 10.8836475735 10.8848340674 
 10.8818361866 10.8830708318 10.8842329216 
 10.8812422629 10.8824460093 10.8835794446 
 10.8806091121 10.8817767202 10.8828767010 
 10.8799417350 10.8810672982 10.8821284136 
 10.8792460365 10.8803229225 10.8813390907 
 10.8785289565 10.8795497582 10.8805141724 
 10.8777985998 10.8787551060 10.8796601921 
 10.8770643499 10.8779475459 10.8787849433 
 10.8763369408 10.8771370580 10.8778976367 
 10.8756284518 10.8763350850 10.8770090183 
 10.8749521809 10.8755544958 10.8761314104 
 10.8743223481 10.8748093979 10.8752786227 
 10.8737535912 10.8741147483 10.8744656764 
 10.8732602422 10.8734857330 10.8737082947 
 10.8728554194 10.8729369230 10.8730221449 
 10.8725500312 10.8724812747 10.8724218704 
 10.8723518332 10.8721291036 10.8719200214 
 10.8722647050 10.8718871960 10.8715260416 
 10.8722882823 10.8717582187 10.8712454879 
 10.8724180141 10.8717405306 10.8710796157 
 10.8726456263 10.8718284188 10.8710253907 
 10.8729598909 10.8720126958 10.8710758968 
 10.8733475563 10.8722815318 10.8712210398 
 10.8737942865 10.8726213789 10.8714484145 
 10.8742854915 10.8730178556 10.8717442002 
 10.8748069789 10.8734564997 10.8720939785 
 10.8753454073 10.8739233435 10.8724834092 
 10.8758885578 10.8744053064 10.8728987346 
 10.8764254602 10.8748904271 10.8733271202 
 10.8769464155 10.8753679695 10.8737568542 
 10.8774429514 10.8758284396 10.8741774379 
 10.8779077418 10.8762635457 10.8745796000 
 10.8783345105 10.8766661276 10.8749552626 
 10.8787179323 10.8770300722 10.8752974801 
 10.8790535416 10.8773502275 10.8756003664 
 10.8793376507 10.8776223233 10.8758590215 
 10.8795672807 10.8778429003 10.8760694631 
 10.8797401056 10.8780092513 10.8762285673 
 10.8798544083 10.8781193751 10.8763340208 
 10.8799090484 10.8781719415 10.8763842841 
 10.8799034421 10.8781662689 10.8763785679 
 10.8798375515 10.8781023129 10.8763168209 
 10.8797118850 10.8779806668 10.8761997298 
 10.8795275080 10.8778025733 10.8760287324 
 10.8792860643 10.8775699475 10.8758060419 
 10.8789898081 10.8772854122 10.8755346841 
 10.8786416491 10.8769523450 10.8752185462 
 10.8782452084 10.8765749381 10.8748624373 
 10.8778048891 10.8761582694 10.8744721576 
 10.8773259581 10.8757083839 10.8740545743 
 10.8768146396 10.8752323813 10.8736176964 
 10.8762782152 10.8747385028 10.8731707394 
 10.8757251228 10.8742362058 10.8727241649 
 10.8751650415 10.8737362088 10.8722896722 
 10.8746089410 10.8732504817 10.8718801174 
 10.8740690668 10.8727921493 10.8715093240 
 10.8735588238 10.8723752704 10.8711917566 
 10.8730925166 10.8720144582 10.8709420276 
 10.8726849088 10.8717243173 10.8707742350 
 10.8723505818 10.8715186997 10.8707011489 
 10.8721031108 10.8714098218 10.8707333132 
 10.8719541208 10.8714073298 10.8708781612 
 10.8719123398 10.8715174413 10.8711392780 
 10.8719827968 10.8717423095 10.8715159458 
 10.8721663155 10.8720797365 10.8720030767 
 10.8724594087 10.8725233117 10.8725915761 
 10.8728546040 10.8730629621 10.8732690881 
 10.8733411406 10.8736858216 10.8740209972 
 10.8739059065 10.8743772606 10.8748315123 
 10.8745344488 10.8751219101 10.8756846673 
 10.8752119112 10.8759045415 10.8765651217 
 10.8759237926 10.8767107264 10.8774587112 
 10.8766564849 10.8775272593 10.8783527558 
 10.8773975970 10.8783423709 10.8792361728 
 10.8781361008 10.8791457814 10.8800994493 
 10.8788623477 10.8799286458 10.8809345299 
 10.8795680019 10.8806834373 10.8817346605 
 10.8802459281 10.8814038014 10.8824942190 
 10.8808900590 10.8820844042 10.8832085499 
 10.8814952616 10.8827207877 10.8838738136 
 10.8820572117 10.8833092391 10.8844868541 
 10.8825722803 10.8838466767 10.8850450855 
 10.8830374366 10.8843305537 10.8855463982 
 10.8834501646 10.8847587768 10.8859890798 
 10.8838083937 10.8851296396 10.8863717515 
 10.8841104420 10.8854417679 10.8866933162 
 10.8843549700 10.8856940760 10.8869529163 
 10.8845409443 10.8858857321 10.8871499012 
 10.8846676092 10.8860161315 10.8872838020 
 